<TICKER>,<PER>,<DATE>,<TIME>,<OPEN>,<HIGH>,<LOW>,<CLOSE>,<VOL>,<OPENINT>
AML,D,20140717,000000,26.163,26.455,25.48,26.313,154204,0
AML,D,20140718,000000,26.35,26.5,26.237,26.5,29417,0
AML,D,20140721,000000,26.455,26.598,26.388,26.463,26377,0
AML,D,20140722,000000,26.537,26.537,26.088,26.088,15316,0
AML,D,20140723,000000,26.163,26.237,26.163,26.237,738,0
AML,D,20140724,000000,26.426,26.426,24.738,25.57,5830,0
AML,D,20140725,000000,25.645,25.788,25.645,25.788,4671,0
AML,D,20140728,000000,26.088,26.388,25.863,26.388,7981,0
AML,D,20140729,000000,26.388,26.388,26.237,26.373,2727,0
AML,D,20140730,000000,26.38,26.38,25.937,26.237,3921,0
AML,D,20140731,000000,26.051,26.276,26.051,26.237,44221,0
AML,D,20140801,000000,26.237,26.237,25.489,25.489,3642,0
AML,D,20140804,000000,25.788,26.237,25.489,25.489,7780,0
AML,D,20140805,000000,25.496,25.818,25.496,25.818,3804,0
AML,D,20140806,000000,25.811,26.223,25.496,26.223,2078,0
AML,D,20140807,000000,25.863,26.237,25.489,25.863,7471,0
AML,D,20140808,000000,25.863,26.088,25.587,26.088,2050,0
AML,D,20140811,000000,25.788,26.088,25.788,26.088,5444,0
AML,D,20140812,000000,26.088,26.124,25.87,26.088,12040,0
AML,D,20140813,000000,25.937,26.088,25.937,26.088,4969,0
AML,D,20140814,000000,25.638,26.088,25.578,26.08,5843,0
AML,D,20140818,000000,26.08,26.088,26.08,26.088,91184,0
AML,D,20140819,000000,26.088,26.088,25.645,26.088,10987,0
AML,D,20140820,000000,26.088,26.14,25.802,26.088,71920,0
AML,D,20140821,000000,26.231,27.228,26.096,27.1,163471,0
AML,D,20140822,000000,27.175,27.55,27.145,27.145,27866,0
AML,D,20140825,000000,27.324,27.324,26.897,26.988,5780,0
AML,D,20140826,000000,26.867,27.512,26.867,27.512,26259,0
AML,D,20140827,000000,27.535,28.337,27.535,28.254,52568,0
AML,D,20140828,000000,28.337,28.854,27.369,27.955,26349,0
AML,D,20140829,000000,27.941,28.711,27.588,28.263,21644,0
AML,D,20140901,000000,28.337,28.78,28.263,28.478,39913,0
AML,D,20140902,000000,28.711,29.611,28.478,29.611,103106,0
AML,D,20140903,000000,29.875,30.735,29.762,30.061,86355,0
AML,D,20140904,000000,30.061,30.061,29.461,29.911,33581,0
AML,D,20140905,000000,29.911,30.698,29.843,30.549,46138,0
AML,D,20140908,000000,30.286,30.533,30.286,30.51,19355,0
AML,D,20140909,000000,30.474,30.474,29.911,29.986,6713,0
AML,D,20140910,000000,29.837,29.837,29.386,29.611,13266,0
AML,D,20140911,000000,29.386,29.678,29.386,29.619,77405,0
AML,D,20140912,000000,29.65,30.474,29.641,30.474,10738,0
AML,D,20140915,000000,30.51,30.51,29.911,30.353,30404,0
AML,D,20140916,000000,30.353,30.353,29.949,30.045,16130,0
AML,D,20140917,000000,30.045,30.286,29.986,30.277,11920,0
AML,D,20140918,000000,30.277,30.361,30.143,30.197,17493,0
AML,D,20140919,000000,30.211,30.549,30.211,30.437,71643,0
AML,D,20140922,000000,30.437,30.735,30.437,30.571,11871,0
AML,D,20140923,000000,30.398,30.398,29.993,30.114,22666,0
AML,D,20140924,000000,30.114,30.114,30.023,30.023,7971,0
AML,D,20140925,000000,30.061,30.361,29.986,30.098,23385,0
AML,D,20140926,000000,30.023,30.061,29.986,30.054,9680,0
AML,D,20140929,000000,29.986,30.136,29.986,30.136,2317,0
AML,D,20140930,000000,29.993,30.51,29.986,30.51,10131,0
AML,D,20141001,000000,30.51,31.486,30.51,31.11,32319,0
AML,D,20141002,000000,31.11,31.298,30.759,31.224,23837,0
AML,D,20141003,000000,31.073,31.073,30.437,30.691,15266,0
AML,D,20141006,000000,30.863,30.863,30.549,30.638,39478,0
AML,D,20141007,000000,30.443,30.623,30.256,30.623,5409,0
AML,D,20141008,000000,30.249,30.51,30.136,30.51,7022,0
AML,D,20141009,000000,30.503,30.503,30.136,30.188,16619,0
AML,D,20141010,000000,30.084,30.437,29.461,30.249,33409,0
AML,D,20141013,000000,30.023,30.361,30.023,30.361,14710,0
AML,D,20141014,000000,30.361,30.437,30.181,30.271,10997,0
AML,D,20141015,000000,30.271,31.486,30.249,30.735,22616,0
AML,D,20141016,000000,30.735,31.335,30.368,31.096,22523,0
AML,D,20141017,000000,31.073,31.372,31.073,31.365,7465,0
AML,D,20141020,000000,31.365,31.861,31.365,31.785,13394,0
AML,D,20141021,000000,31.777,32.063,31.598,32.063,15657,0
AML,D,20141022,000000,32.085,32.61,32.025,32.61,29914,0
AML,D,20141023,000000,32.309,32.872,31.508,32.235,8560,0
AML,D,20141024,000000,32.228,32.49,32.212,32.49,2542,0
AML,D,20141027,000000,32.452,32.46,31.936,32.415,7177,0
AML,D,20141028,000000,32.385,32.385,31.942,32.371,1512,0
AML,D,20141029,000000,32.371,32.371,31.898,32.228,2006,0
AML,D,20141030,000000,32.22,32.355,31.298,32.235,25662,0
AML,D,20141031,000000,32.235,32.603,32.235,32.603,5367,0
AML,D,20141103,000000,32.685,33.06,32.573,32.984,50845,0
AML,D,20141104,000000,33.097,33.209,33.06,33.06,35301,0
AML,D,20141105,000000,33.097,33.135,32.835,32.977,2774,0
AML,D,20141106,000000,32.984,32.984,32.759,32.759,893,0
AML,D,20141107,000000,32.759,32.947,32.685,32.685,3709,0
AML,D,20141110,000000,32.745,32.775,32.685,32.685,467,0
AML,D,20141112,000000,32.797,32.797,32.4,32.61,1581,0
AML,D,20141113,000000,32.617,32.617,31.861,32.146,4882,0
AML,D,20141114,000000,32.138,32.138,31.372,31.56,5158,0
AML,D,20141117,000000,31.372,31.477,30.984,31.103,6345,0
AML,D,20141118,000000,31.065,31.065,30.437,30.735,19903,0
AML,D,20141119,000000,30.781,31.636,30.781,31.486,6342,0
AML,D,20141120,000000,31.861,31.861,31.32,31.486,2824,0
AML,D,20141121,000000,31.777,32.309,31.343,32.16,78582,0
AML,D,20141124,000000,32.235,32.235,31.883,32.153,1222,0
AML,D,20141125,000000,32.138,32.146,31.927,32.146,1461,0
AML,D,20141126,000000,31.936,32.22,31.875,32.22,928,0
AML,D,20141127,000000,32.205,32.205,31.875,32.16,974,0
AML,D,20141128,000000,31.973,31.973,31.785,31.785,557,0
AML,D,20141201,000000,31.658,31.658,30.871,30.886,3446,0
AML,D,20141202,000000,30.894,31.486,30.361,31.486,12263,0
AML,D,20141203,000000,31.56,31.56,31.05,31.56,852,0
AML,D,20141204,000000,31.404,31.41,31.404,31.41,68,0
AML,D,20141205,000000,31.118,32.309,30.759,32.228,13966,0
AML,D,20141208,000000,32.228,32.235,31.486,32.235,3901,0
AML,D,20141210,000000,31.5,32.07,31.486,31.486,2647,0
AML,D,20141211,000000,30.825,32.048,30.735,31.41,7276,0
AML,D,20141212,000000,31.861,31.861,30.818,31.748,818,0
AML,D,20141215,000000,30.751,31.973,30.751,31.861,8698,0
AML,D,20141216,000000,31.118,32.048,31.118,32.048,18104,0
AML,D,20141217,000000,31.41,32.235,31.41,32.235,38881,0
AML,D,20141218,000000,31.936,32.61,31.936,32.61,22140,0
AML,D,20141219,000000,32.048,32.61,32.048,32.61,1425,0
AML,D,20141222,000000,32.603,32.797,32.235,32.685,9049,0
AML,D,20141223,000000,32.46,33.209,32.318,33.209,37493,0
AML,D,20141229,000000,33.33,33.36,32.984,33.36,17446,0
AML,D,20141230,000000,33.209,34.484,33.172,34.109,59449,0
AML,D,20150102,000000,34.469,34.859,33.629,34.049,1007,0
AML,D,20150105,000000,33.584,33.584,32.984,33.322,1884,0
AML,D,20150107,000000,33.652,33.659,33.209,33.209,1175,0
AML,D,20150108,000000,33.209,33.36,33.209,33.322,2273,0
AML,D,20150109,000000,33.322,33.36,32.332,33.127,4240,0
AML,D,20150112,000000,33.068,33.068,32.467,32.977,2080,0
AML,D,20150113,000000,32.467,33.434,32.467,33.36,27348,0
AML,D,20150114,000000,33.659,33.659,33.352,33.352,3718,0
AML,D,20150115,000000,33.36,33.697,32.992,33.697,2526,0
AML,D,20150116,000000,33.285,33.997,32.984,33.734,124716,0
AML,D,20150119,000000,33.292,33.802,33.292,33.36,770,0
AML,D,20150120,000000,33.269,33.36,33.269,33.277,2228,0
AML,D,20150121,000000,33.285,33.502,33.285,33.285,3991,0
AML,D,20150122,000000,33.502,34.334,33.502,34.259,7184,0
AML,D,20150123,000000,34.259,34.702,34.259,34.626,3515,0
AML,D,20150126,000000,34.851,34.859,34.409,34.476,6080,0
AML,D,20150127,000000,34.484,34.484,34.259,34.259,1300,0
AML,D,20150128,000000,34.004,34.859,34.004,34.859,6256,0
AML,D,20150129,000000,35.188,36.134,35.009,35.833,142222,0
AML,D,20150130,000000,35.833,36.118,35.691,35.826,5939,0
AML,D,20150202,000000,35.466,35.833,35.466,35.833,2470,0
AML,D,20150203,000000,35.691,35.863,35.234,35.234,6347,0
AML,D,20150204,000000,35.398,35.684,35.309,35.46,5892,0
AML,D,20150205,000000,35.249,35.833,35.249,35.608,2595,0
AML,D,20150206,000000,35.593,35.684,35.383,35.422,15046,0
AML,D,20150209,000000,35.422,35.422,34.747,34.747,4645,0
AML,D,20150210,000000,34.476,34.476,31.951,33.592,12589,0
AML,D,20150211,000000,33.578,33.578,32.984,33.412,131612,0
AML,D,20150212,000000,33.434,34.064,33.3,34.035,10661,0
AML,D,20150213,000000,34.252,35.046,33.652,34.027,9139,0
AML,D,20150216,000000,34.019,34.019,33.697,33.997,2159,0
AML,D,20150217,000000,33.96,33.96,33.885,33.96,1461,0
AML,D,20150218,000000,33.75,34.109,33.75,34.109,3935,0
AML,D,20150219,000000,34.184,35.211,34.184,35.211,29665,0
AML,D,20150220,000000,35.211,35.211,34.724,34.933,1233,0
AML,D,20150223,000000,35.219,35.976,35.219,35.684,12564,0
AML,D,20150224,000000,35.608,35.961,35.608,35.938,2774,0
AML,D,20150225,000000,35.969,37.101,35.714,36.583,12336,0
AML,D,20150226,000000,37.071,37.071,36.734,36.77,3953,0
AML,D,20150227,000000,37.025,37.445,36.77,36.809,20821,0
AML,D,20150302,000000,36.92,38.217,36.92,38.217,16283,0
AML,D,20150303,000000,38.196,39.207,38.196,38.832,16997,0
AML,D,20150304,000000,39.731,40.706,39.731,40.331,24710,0
AML,D,20150305,000000,40.481,40.481,39.731,39.731,5895,0
AML,D,20150306,000000,40.106,40.106,39.432,39.656,3952,0
AML,D,20150309,000000,39.731,39.731,38.233,39.507,6307,0
AML,D,20150310,000000,39.507,40.481,39.507,40.272,5581,0
AML,D,20150311,000000,39.768,40.444,39.656,39.731,36181,0
AML,D,20150312,000000,40.452,40.452,39.956,40.106,19239,0
AML,D,20150313,000000,40.631,43.481,40.631,42.73,81315,0
AML,D,20150316,000000,43.81,47.378,43.81,44.23,28460,0
AML,D,20150317,000000,44.23,44.694,42.805,43.481,7307,0
AML,D,20150318,000000,44.094,44.094,43.015,43.727,2952,0
AML,D,20150319,000000,44.094,44.425,44.042,44.147,4287,0
AML,D,20150320,000000,44.23,44.89,43.481,44.08,3542,0
AML,D,20150323,000000,44.942,45.428,43.637,45.428,6081,0
AML,D,20150324,000000,45.579,45.579,44.612,44.612,4024,0
AML,D,20150325,000000,44.605,44.605,43.121,43.78,23643,0
AML,D,20150326,000000,43.772,43.772,41.995,42.16,14954,0
AML,D,20150327,000000,42.056,42.948,41.981,42.281,5212,0
AML,D,20150330,000000,42.73,43.78,41.021,41.021,11971,0
AML,D,20150331,000000,41.231,41.981,39.47,40.406,10403,0
AML,D,20150401,000000,40.331,41.606,39.896,40.481,11282,0
AML,D,20150402,000000,40.481,40.489,40.406,40.444,12959,0
AML,D,20150407,000000,40.631,41.224,40.631,40.781,11773,0
AML,D,20150408,000000,41.8,41.8,40.857,41.231,30490,0
AML,D,20150409,000000,41.598,41.981,41.231,41.478,32255,0
AML,D,20150410,000000,41.973,43.225,41.966,43.142,24618,0
AML,D,20150413,000000,43.555,43.705,43.405,43.481,6659,0
AML,D,20150414,000000,43.481,43.668,42.767,43.472,8604,0
AML,D,20150415,000000,43.472,45.107,43.472,44.979,27173,0
AML,D,20150416,000000,45.092,46.471,44.979,45.72,15920,0
AML,D,20150417,000000,46.081,46.081,45.72,45.736,6582,0
AML,D,20150420,000000,45.826,45.879,44.979,45.017,12995,0
AML,D,20150421,000000,46.489,46.643,43.033,44.149,14170,0
AML,D,20150422,000000,44.172,45.574,43.916,43.986,11745,0
AML,D,20150423,000000,44.288,44.94,44.241,44.784,2102,0
AML,D,20150424,000000,44.94,45.404,44.746,44.777,3195,0
AML,D,20150427,000000,45.093,45.327,43.041,43.234,8146,0
AML,D,20150428,000000,44.94,44.94,43.544,43.854,2287,0
AML,D,20150429,000000,43.622,44.164,43.072,43.173,6333,0
AML,D,20150430,000000,44.157,44.157,43.18,43.234,11790,0
AML,D,20150504,000000,43.39,44.637,43.351,44.056,6515,0
AML,D,20150505,000000,44.056,45.155,44.056,44.552,10149,0
AML,D,20150506,000000,43.854,45.11,43.39,45.093,34728,0
AML,D,20150507,000000,45.093,45.42,44.752,45.25,2375,0
AML,D,20150508,000000,45.093,45.714,45.093,45.327,4415,0
AML,D,20150511,000000,45.714,45.714,44.389,44.885,1550,0
AML,D,20150512,000000,42.235,42.925,42.01,42.538,107858,0
AML,D,20150513,000000,42.219,42.219,41.22,41.771,41458,0
AML,D,20150514,000000,41.762,41.762,40.987,41.452,43896,0
AML,D,20150515,000000,41.84,42.614,41.84,42.614,4061,0
AML,D,20150518,000000,42.755,43.351,41.065,41.84,3901,0
AML,D,20150519,000000,41.832,41.832,40.026,40.523,28551,0
AML,D,20150520,000000,40.291,41.01,39.903,40.987,17614,0
AML,D,20150521,000000,39.988,41.452,39.988,41.452,4038,0
AML,D,20150522,000000,41.452,41.452,41.22,41.22,23333,0
AML,D,20150525,000000,40.291,41.065,40.143,40.484,11014,0
AML,D,20150526,000000,40.484,41.057,40.406,40.872,1103,0
AML,D,20150527,000000,41.065,41.452,41.065,41.452,6228,0
AML,D,20150528,000000,41.452,41.452,40.918,40.918,3423,0
AML,D,20150529,000000,40.872,41.065,40.484,40.809,8680,0
AML,D,20150601,000000,40.213,41.762,40.213,41.452,2713,0
AML,D,20150602,000000,41.452,41.452,40.484,40.639,4999,0
AML,D,20150603,000000,40.531,41.693,40.531,41.693,3482,0
AML,D,20150605,000000,41.832,42.599,41.53,41.53,1495,0
AML,D,20150608,000000,42.614,44.164,42.111,44.164,11587,0
AML,D,20150609,000000,43.994,43.994,43.234,43.312,16040,0
AML,D,20150610,000000,44.157,44.157,43.319,43.7,6631,0
AML,D,20150611,000000,43.7,43.971,42.622,42.622,7235,0
AML,D,20150612,000000,42.607,42.607,41.816,41.816,1811,0
AML,D,20150615,000000,41.081,41.771,40.872,41.53,1927,0
AML,D,20150616,000000,41.452,41.662,41.143,41.227,2028,0
AML,D,20150617,000000,41.452,41.452,40.949,40.949,2384,0
AML,D,20150618,000000,40.911,41.065,40.291,41.065,1167,0
AML,D,20150619,000000,41.065,41.065,40.678,41.065,3833,0
AML,D,20150622,000000,40.832,41.065,40.832,41.065,1057,0
AML,D,20150623,000000,41.143,42.885,41.065,42.885,35321,0
AML,D,20150624,000000,43.002,43.351,41.065,41.84,2737,0
AML,D,20150625,000000,41.84,42.305,41.84,42.305,1362,0
AML,D,20150626,000000,42.227,43.351,42.227,42.847,3290,0
AML,D,20150629,000000,40.857,42.614,38.896,42.057,10144,0
AML,D,20150630,000000,41.065,43.39,41.065,43.39,6369,0
AML,D,20150701,000000,42.692,43.072,41.925,42.46,1052,0
AML,D,20150702,000000,43.39,43.815,42.622,43.769,7716,0
AML,D,20150703,000000,44.088,44.629,43.544,44.164,17787,0
AML,D,20150706,000000,44.009,44.009,43.002,43.544,1386,0
AML,D,20150707,000000,43.777,43.777,43.072,43.39,3900,0
AML,D,20150708,000000,44.009,44.009,43.119,43.39,14894,0
AML,D,20150709,000000,43.119,43.173,42.227,42.614,4779,0
AML,D,20150710,000000,42.305,43.544,42.227,42.63,1192,0
AML,D,20150713,000000,42.614,44.164,42.614,44.164,5184,0
AML,D,20150714,000000,44.164,44.552,43.467,44.009,2364,0
AML,D,20150715,000000,44.071,45.288,44.071,44.931,13294,0
AML,D,20150716,000000,45.093,45.093,44.552,45.093,14060,0
AML,D,20150717,000000,45.155,45.155,44.946,45.148,1760,0
AML,D,20150720,000000,44.784,44.784,43.785,44.164,3928,0
AML,D,20150721,000000,44.512,44.784,43.893,44.784,4265,0
AML,D,20150722,000000,44.73,44.784,42.847,42.847,3181,0
AML,D,20150723,000000,43.39,44.319,42.692,44.164,2109,0
AML,D,20150724,000000,44.862,45.032,44.164,44.94,4765,0
AML,D,20150727,000000,45.25,45.25,43.815,44.088,1591,0
AML,D,20150728,000000,43.931,45.093,43.931,45.032,3397,0
AML,D,20150729,000000,45.032,45.032,44.42,44.42,4666,0
AML,D,20150730,000000,44.474,44.474,42.738,43.079,10477,0
AML,D,20150731,000000,44.296,44.296,40.911,41.452,15924,0
AML,D,20150803,000000,41.46,42.142,40.291,40.678,8207,0
AML,D,20150804,000000,40.678,41.84,40.678,41.84,7452,0
AML,D,20150805,000000,41.84,43.931,41.84,43.931,8380,0
AML,D,20150806,000000,43.94,44.164,43.39,44.164,4937,0
AML,D,20150807,000000,43.39,44.436,42.622,44.164,3634,0
AML,D,20150810,000000,44.436,44.436,43.39,43.39,3555,0
AML,D,20150811,000000,44.141,44.349,43.475,44.164,3126,0
AML,D,20150812,000000,44.397,44.397,43.095,43.39,1669,0
AML,D,20150813,000000,43.467,44.381,43.467,43.66,2459,0
AML,D,20150814,000000,43.39,43.777,42.94,43.002,14619,0
AML,D,20150817,000000,42.731,43.854,42.731,43.66,643,0
AML,D,20150818,000000,44.164,44.164,43.39,43.39,28093,0
AML,D,20150819,000000,43.39,43.39,43.002,43.234,611,0
AML,D,20150820,000000,43.925,43.925,41.84,42.033,4146,0
AML,D,20150821,000000,41.995,41.995,40.259,40.259,22652,0
AML,D,20150824,000000,39.981,39.981,35.022,35.874,66981,0
AML,D,20150825,000000,34.479,38.617,34.479,37.966,13835,0
AML,D,20150826,000000,37.191,38.508,37.191,37.191,25041,0
AML,D,20150827,000000,37.268,39.035,37.268,38.439,5330,0
AML,D,20150828,000000,38.624,40.375,38.624,40.291,4760,0
AML,D,20150831,000000,40.291,40.291,39.934,40.057,10339,0
AML,D,20150901,000000,40.081,40.081,39.128,39.771,5595,0
AML,D,20150902,000000,39.67,40.073,38.826,38.88,4835,0
AML,D,20150903,000000,39.67,39.67,39.128,39.623,1073,0
AML,D,20150904,000000,39.515,39.515,37.655,38.23,9107,0
AML,D,20150907,000000,38.23,38.276,37.191,37.904,2756,0
AML,D,20150908,000000,37.362,38.074,36.944,37.222,5049,0
AML,D,20150909,000000,38.23,38.236,37.199,37.812,24300,0
AML,D,20150910,000000,37.812,37.812,37.036,37.036,10403,0
AML,D,20150911,000000,37.578,37.578,36.262,36.803,3362,0
AML,D,20150914,000000,37.191,37.191,36.028,36.028,4176,0
AML,D,20150915,000000,36.028,36.028,34.866,36.028,25523,0
AML,D,20150916,000000,36.416,37.578,36.416,37.539,4559,0
AML,D,20150917,000000,36.959,38.276,36.959,37.95,3649,0
AML,D,20150918,000000,37.95,37.95,36.656,36.849,1661,0
AML,D,20150921,000000,36.849,37.578,36.849,37.578,1201,0
AML,D,20150922,000000,36.959,37.485,36.881,36.881,31953,0
AML,D,20150923,000000,36.849,37.377,36.579,36.959,42824,0
AML,D,20150924,000000,36.416,37.415,36.416,37.339,2258,0
AML,D,20150925,000000,37.339,37.485,37.199,37.199,1778,0
AML,D,20150928,000000,37.888,38.261,36.819,37.191,22160,0
AML,D,20150929,000000,36.455,37.578,36.262,37.578,2435,0
AML,D,20150930,000000,37.572,37.966,37.191,37.966,3031,0
AML,D,20151001,000000,37.578,37.578,37.044,37.572,475,0
AML,D,20151002,000000,37.477,37.501,36.803,37.036,1349,0
AML,D,20151005,000000,37.191,37.339,36.726,36.726,3530,0
AML,D,20151006,000000,36.726,36.766,36.316,36.718,3556,0
AML,D,20151007,000000,37.184,37.184,35.525,35.525,13654,0
AML,D,20151008,000000,35.564,36.378,35.564,35.564,94416,0
AML,D,20151009,000000,35.564,36.338,35.564,35.603,35099,0
AML,D,20151012,000000,35.649,35.757,35.564,35.603,1600,0
AML,D,20151013,000000,35.641,36.246,34.944,36.246,30269,0
AML,D,20151014,000000,36.299,36.572,35.572,36.145,3308,0
AML,D,20151015,000000,36.393,36.508,35.641,36.508,41876,0
AML,D,20151016,000000,36.153,37.191,36.153,36.858,18900,0
AML,D,20151019,000000,37.191,37.191,36.803,36.803,1506,0
AML,D,20151020,000000,36.741,38.199,36.741,37.966,14587,0
AML,D,20151021,000000,38.199,39.485,38.058,39.128,9211,0
AML,D,20151022,000000,39.461,39.81,37.833,38.926,6063,0
AML,D,20151023,000000,38.741,39.035,38.741,39.035,4104,0
AML,D,20151026,000000,39.097,40.213,39.097,40.213,22472,0
AML,D,20151027,000000,40.291,41.026,40.251,41.026,2008,0
AML,D,20151028,000000,41.026,41.026,39.934,40.538,4718,0
AML,D,20151029,000000,40.251,40.291,39.632,39.632,5246,0
AML,D,20151030,000000,38.896,40.6,38.896,40.523,37182,0
AML,D,20151102,000000,41.065,41.065,39.524,40.523,6227,0
AML,D,20151103,000000,41.065,41.406,40.918,41.368,5779,0
AML,D,20151104,000000,41.406,41.708,40.678,40.678,5307,0
AML,D,20151105,000000,41.057,41.918,39.205,39.981,10027,0
AML,D,20151106,000000,40.135,40.911,40.135,40.291,5686,0
AML,D,20151109,000000,40.367,40.523,39.903,40.057,1927,0
AML,D,20151110,000000,40.135,40.291,39.128,39.229,4534,0
AML,D,20151112,000000,39.515,40.291,38.741,39.593,2610,0
AML,D,20151113,000000,40.097,40.097,39.245,39.655,446,0
AML,D,20151116,000000,39.205,39.438,38.857,39.438,824,0
AML,D,20151117,000000,39.399,39.515,38.741,39.438,2060,0
AML,D,20151118,000000,38.817,39.282,38.817,39.282,655,0
AML,D,20151119,000000,39.508,39.663,39.012,39.663,4305,0
AML,D,20151120,000000,39.663,39.663,39.282,39.515,834,0
AML,D,20151123,000000,39.515,39.515,37.578,39.051,3703,0
AML,D,20151124,000000,39.508,39.508,37.617,37.966,7583,0
AML,D,20151125,000000,37.966,39.128,37.966,38.741,1016,0
AML,D,20151126,000000,38.741,39.508,38.353,38.353,1935,0
AML,D,20151127,000000,38.043,38.345,37.625,38.345,2812,0
AML,D,20151130,000000,38.345,39.205,38.345,39.121,3317,0
AML,D,20151201,000000,39.399,39.903,39.051,39.438,6486,0
AML,D,20151202,000000,39.903,39.903,38.012,39.051,5686,0
AML,D,20151203,000000,39.042,39.042,38.199,38.236,3423,0
AML,D,20151204,000000,38.144,38.144,36.416,37.966,28135,0
AML,D,20151207,000000,38.005,38.236,37.191,37.191,2774,0
AML,D,20151208,000000,36.819,37.184,36.262,36.416,18107,0
AML,D,20151209,000000,36.416,36.416,34.866,34.866,5274,0
AML,D,20151210,000000,34.789,36.409,34.17,34.866,6213,0
AML,D,20151211,000000,34.789,35.99,32.589,32.589,9630,0
AML,D,20151214,000000,33.008,33.302,31.465,32.534,27238,0
AML,D,20151215,000000,32.504,35.138,32.504,35.138,5709,0
AML,D,20151216,000000,35.557,36.416,35.557,35.804,9596,0
AML,D,20151217,000000,36.028,36.493,36.028,36.416,3473,0
AML,D,20151218,000000,36.416,36.766,36.416,36.493,2784,0
AML,D,20151221,000000,36.416,36.803,35.804,36.803,4037,0
AML,D,20151222,000000,36.881,36.959,36.299,36.416,5952,0
AML,D,20151223,000000,36.803,37.114,36.803,37.114,9835,0
AML,D,20151228,000000,37.191,37.191,35.641,36.416,22231,0
AML,D,20151229,000000,36.416,38.741,36.416,38.741,13286,0
AML,D,20151230,000000,39.282,39.361,36.416,39.361,67426,0
AML,D,20160104,000000,38.431,38.431,36.896,37.424,8462,0
AML,D,20160105,000000,37.462,37.587,37.191,37.587,732,0
AML,D,20160107,000000,37.347,37.347,35.812,36.16,10481,0
AML,D,20160108,000000,36.185,37.114,36.185,36.338,2847,0
AML,D,20160111,000000,36.153,36.153,35.719,35.719,2845,0
AML,D,20160112,000000,35.874,36.649,35.641,36.649,14439,0
AML,D,20160113,000000,36.641,36.641,35.641,36.028,4892,0
AML,D,20160114,000000,35.564,35.913,35.122,35.641,1788,0
AML,D,20160115,000000,35.277,36.106,35.277,35.874,6929,0
AML,D,20160118,000000,35.641,35.719,35.409,35.641,2651,0
AML,D,20160119,000000,35.641,36.052,35.641,36.052,1718,0
AML,D,20160120,000000,36.052,36.323,36.052,36.262,4420,0
AML,D,20160121,000000,36.416,36.618,36.416,36.416,2370,0
AML,D,20160122,000000,36.649,37.114,36.416,37.114,1225,0
AML,D,20160125,000000,37.695,38.338,37.695,38.323,2051,0
AML,D,20160126,000000,37.888,38.298,37.191,38.298,29826,0
AML,D,20160127,000000,37.447,38.261,37.424,37.966,16670,0
AML,D,20160128,000000,37.424,38.323,37.424,37.587,5610,0
AML,D,20160129,000000,37.587,38.353,37.578,38.353,2270,0
AML,D,20160201,000000,37.587,38.664,37.587,38.664,6138,0
AML,D,20160202,000000,38.655,38.741,37.966,38.469,107506,0
AML,D,20160203,000000,38.353,38.353,37.958,37.958,7930,0
AML,D,20160204,000000,38.199,38.199,37.485,37.578,1795,0
AML,D,20160205,000000,37.578,38.353,37.191,37.424,7994,0
AML,D,20160208,000000,36.974,37.074,36.974,36.974,1160,0
AML,D,20160209,000000,37.044,37.191,36.572,36.572,4131,0
AML,D,20160210,000000,36.803,37.347,36.803,37.191,788,0
AML,D,20160211,000000,37.966,37.966,36.579,36.579,1691,0
AML,D,20160212,000000,37.191,37.347,37.036,37.191,2601,0
AML,D,20160215,000000,37.191,37.222,37.191,37.191,404,0
AML,D,20160216,000000,37.578,37.578,37.191,37.191,394,0
AML,D,20160217,000000,36.416,37.485,36.416,37.191,1004,0
AML,D,20160218,000000,37.044,37.772,37.044,37.578,1803,0
AML,D,20160219,000000,37.92,37.92,37.191,37.563,1770,0
AML,D,20160222,000000,37.578,37.966,37.044,37.966,2112,0
AML,D,20160223,000000,37.966,38.121,37.587,37.966,3532,0
AML,D,20160224,000000,37.23,37.958,37.23,37.578,378,0
AML,D,20160225,000000,37.734,38.702,37.237,38.369,16248,0
AML,D,20160226,000000,38.378,38.508,38.276,38.283,2384,0
AML,D,20160229,000000,38.353,38.664,38.353,38.469,945,0
AML,D,20160301,000000,38.353,38.741,38.353,38.399,4643,0
AML,D,20160302,000000,38.399,38.741,38.353,38.36,1185,0
AML,D,20160303,000000,38.276,39.903,38.276,39.508,15513,0
AML,D,20160304,000000,39.748,40.911,39.515,39.515,42454,0
AML,D,20160307,000000,39.515,39.593,38.043,38.167,145942,0
AML,D,20160308,000000,38.199,38.298,37.966,37.966,3783,0
AML,D,20160309,000000,37.199,37.222,35.874,37.184,213931,0
AML,D,20160310,000000,37.23,37.268,36.803,36.881,1716,0
AML,D,20160311,000000,36.649,37.547,36.649,36.803,2331,0
AML,D,20160314,000000,37.191,37.966,37.191,37.92,4351,0
AML,D,20160315,000000,38.71,39.67,38.71,39.128,18948,0
AML,D,20160316,000000,39.128,39.5,38.934,39.5,36281,0
AML,D,20160317,000000,39.515,39.515,38.942,39.515,18655,0
AML,D,20160318,000000,39.632,40.291,39.632,40.097,7945,0
AML,D,20160321,000000,40.128,40.291,39.903,39.981,1663,0
AML,D,20160322,000000,40.019,40.019,39.748,39.786,2479,0
AML,D,20160323,000000,39.748,40.128,39.71,39.981,5788,0
AML,D,20160324,000000,40.057,40.291,39.524,40.291,2934,0
AML,D,20160329,000000,39.524,40.802,39.524,40.802,11324,0
AML,D,20160330,000000,40.678,41.375,40.678,41.336,5095,0
AML,D,20160331,000000,41.375,41.685,41.375,41.452,9282,0
AML,D,20160401,000000,41.375,41.375,40.291,40.678,2180,0
AML,D,20160404,000000,40.678,41.026,40.678,41.026,1003,0
AML,D,20160405,000000,40.987,40.987,40.298,40.484,3969,0
AML,D,20160406,000000,40.67,40.678,38.144,38.501,68575,0
AML,D,20160407,000000,36.068,38.586,36.068,37.765,36230,0
AML,D,20160408,000000,37.966,37.966,37.036,37.385,73506,0
AML,D,20160411,000000,37.655,38.486,37.578,37.578,11748,0
AML,D,20160412,000000,37.966,38.345,37.524,37.578,9990,0
AML,D,20160413,000000,38.19,38.19,37.578,37.578,15120,0
AML,D,20160414,000000,37.888,38.113,37.625,37.68,9939,0
AML,D,20160415,000000,37.734,37.849,36.819,37.036,70088,0
AML,D,20160418,000000,37.578,38.741,37.455,38.741,19379,0
AML,D,20160419,000000,39.515,39.515,39.051,39.128,11674,0
AML,D,20160420,000000,39.492,39.873,39.438,39.786,14698,0
AML,D,20160421,000000,39.864,39.864,38.741,38.896,13158,0
AML,D,20160422,000000,38.896,39.771,38.896,39.524,4106,0
AML,D,20160425,000000,39.515,39.786,38.896,39.128,6625,0
AML,D,20160426,000000,39.112,39.47,38.911,39.128,34839,0
AML,D,20160427,000000,39.282,39.5,39.282,39.361,80751,0
AML,D,20160428,000000,39.438,39.818,39.438,39.438,5031,0
AML,D,20160429,000000,39.554,39.71,39.476,39.476,6004,0
AML,D,20160502,000000,39.748,39.748,39.515,39.515,2908,0
AML,D,20160504,000000,39.438,39.67,38.904,39.454,7357,0
AML,D,20160505,000000,39.391,39.515,39.128,39.282,35896,0
AML,D,20160506,000000,39.361,39.361,38.926,39.128,9287,0
AML,D,20160509,000000,39.128,39.136,38.787,38.889,12969,0
AML,D,20160510,000000,38.973,38.973,38.121,38.547,5954,0
AML,D,20160511,000000,38.276,38.547,37.888,38.199,7030,0
AML,D,20160512,000000,38.664,38.741,37.927,38.353,3628,0
AML,D,20160513,000000,40.29,41.251,39.942,40.29,68487,0
AML,D,20160516,000000,40.251,41.181,40.197,40.988,82552,0
AML,D,20160517,000000,41.065,41.762,41.065,41.452,28473,0
AML,D,20160518,000000,41.499,41.499,40.383,41.057,23746,0
AML,D,20160519,000000,41.188,42.165,41.18,42.083,9281,0
AML,D,20160520,000000,42.066,42.645,41.571,42.1,7668,0
AML,D,20160523,000000,41.594,42.319,41.594,42.173,9172,0
AML,D,20160524,000000,42.139,43.548,42.139,43.133,45956,0
AML,D,20160525,000000,43.548,45.176,43.548,44.769,25358,0
AML,D,20160527,000000,44.363,44.842,44.159,44.769,7056,0
AML,D,20160530,000000,44.769,44.769,44.363,44.444,2581,0
AML,D,20160531,000000,44.428,44.704,43.548,44.061,8402,0
AML,D,20160601,000000,43.564,43.573,42.742,42.954,24163,0
AML,D,20160602,000000,43.548,44.46,43.548,44.313,79447,0
AML,D,20160603,000000,44.363,44.671,44.363,44.541,1232,0
AML,D,20160606,000000,44.541,45.087,44.541,44.834,64341,0
AML,D,20160607,000000,45.013,45.982,44.997,45.982,11921,0
AML,D,20160608,000000,45.607,45.827,45.094,45.298,10339,0
AML,D,20160609,000000,45.168,45.584,44.85,45.502,7804,0
AML,D,20160610,000000,45.584,45.584,44.867,45.298,6464,0
AML,D,20160613,000000,45.266,45.266,43.955,43.955,6042,0
AML,D,20160614,000000,44.036,44.688,44.036,44.444,24214,0
AML,D,20160615,000000,44.444,45.094,44.444,44.484,1691,0
AML,D,20160616,000000,44.444,44.444,42.938,44.199,66183,0
AML,D,20160617,000000,43.955,44.199,43.264,44.07,2076,0
AML,D,20160620,000000,43.955,44.769,43.385,44.444,6846,0
AML,D,20160621,000000,44.769,45.16,44.728,44.745,3311,0
AML,D,20160622,000000,44.85,45.534,44.85,45.396,3088,0
AML,D,20160623,000000,45.421,45.542,43.963,45.542,3669,0
AML,D,20160624,000000,42.246,45.584,41.513,44.077,15217,0
AML,D,20160627,000000,43.557,43.793,43.345,43.345,4757,0
AML,D,20160628,000000,43.548,44.272,43.14,44.199,4049,0
AML,D,20160629,000000,44.313,44.769,43.955,44.769,2036,0
AML,D,20160630,000000,45.176,45.257,44.036,45.176,19729,0
AML,D,20160701,000000,45.257,47.13,44.785,46.967,252958,0
AML,D,20160704,000000,46.722,46.804,45.176,46.397,9694,0
AML,D,20160705,000000,46.389,46.885,45.591,45.6,2687,0
AML,D,20160706,000000,45.591,46.845,45.46,46.845,1578,0
AML,D,20160707,000000,45.99,46.796,45.99,46.585,2677,0
AML,D,20160708,000000,46.406,46.527,46.397,46.397,450,0
AML,D,20160711,000000,46.397,46.511,45.958,46.112,872,0
AML,D,20160712,000000,46.079,46.112,45.584,45.623,171827,0
AML,D,20160713,000000,45.584,45.584,45.274,45.339,778,0
AML,D,20160714,000000,45.013,45.584,44.85,45.502,88439,0
AML,D,20160715,000000,45.486,45.99,45.217,45.607,2207,0
AML,D,20160718,000000,45.639,46.072,45.584,45.746,2272,0
AML,D,20160719,000000,45.746,45.909,45.176,45.584,1743,0
AML,D,20160720,000000,45.713,45.99,45.584,45.746,6687,0
AML,D,20160721,000000,45.868,45.99,45.665,45.665,2737,0
AML,D,20160722,000000,45.437,47.13,44.931,47.13,20676,0
AML,D,20160725,000000,47.13,48.025,46.601,48.025,8470,0
AML,D,20160726,000000,48.025,49.165,47.781,49.165,12916,0
AML,D,20160727,000000,48.839,50.378,48.839,50.304,8556,0
AML,D,20160728,000000,49.816,50.183,49.816,50.183,4131,0
AML,D,20160729,000000,50.141,50.874,50.141,50.874,48871,0
AML,D,20160801,000000,51.037,52.013,51.037,51.647,30049,0
AML,D,20160802,000000,51.688,52.258,51.688,52.176,7935,0
AML,D,20160803,000000,52.176,52.379,50.467,50.914,7506,0
AML,D,20160804,000000,50.467,50.801,50.06,50.06,3227,0
AML,D,20160805,000000,49.775,51.118,49.775,50.712,28857,0
AML,D,20160808,000000,51.118,52.006,51.044,51.997,3741,0
AML,D,20160809,000000,52.013,52.421,52.013,52.095,3419,0
AML,D,20160810,000000,52.095,52.485,51.444,52.421,9325,0
AML,D,20160811,000000,52.502,52.664,52.176,52.176,6588,0
AML,D,20160812,000000,52.502,53.641,52.502,53.56,6262,0
AML,D,20160816,000000,53.722,53.722,52.542,52.591,4586,0
AML,D,20160817,000000,52.624,53.641,52.502,53.316,6606,0
AML,D,20160818,000000,53.316,53.722,53.316,53.722,4997,0
AML,D,20160819,000000,54.049,54.049,51.444,51.778,15083,0
AML,D,20160822,000000,51.444,51.444,48.106,49.45,19465,0
AML,D,20160823,000000,48.839,51.273,48.839,51.257,12358,0
AML,D,20160824,000000,51.273,52.502,51.037,52.461,8400,0
AML,D,20160825,000000,52.095,52.453,51.46,51.688,9862,0
AML,D,20160826,000000,51.281,52.013,51.281,51.989,3689,0
AML,D,20160829,000000,51.354,51.85,50.63,50.646,2639,0
AML,D,20160830,000000,50.239,51.223,49.677,51.223,4992,0
AML,D,20160831,000000,50.516,51.606,50.516,51.566,3101,0
AML,D,20160901,000000,50.728,51.525,49.913,50.459,2730,0
AML,D,20160902,000000,50.459,51.273,50.459,50.874,10312,0
AML,D,20160905,000000,50.874,50.874,50.459,50.865,2568,0
AML,D,20160906,000000,50.874,50.874,49.498,50.06,14563,0
AML,D,20160907,000000,50.043,50.793,49.295,49.897,8968,0
AML,D,20160908,000000,50.06,50.06,48.505,48.921,11443,0
AML,D,20160909,000000,48.431,49.271,47.26,48.359,27954,0
AML,D,20160912,000000,47.781,50.304,47.781,50.304,9884,0
AML,D,20160913,000000,50.378,50.874,49.084,50.385,2667,0
AML,D,20160914,000000,49.75,50.076,49.75,49.816,1813,0
AML,D,20160915,000000,49.808,51.363,49.165,50.63,7892,0
AML,D,20160916,000000,51.028,51.688,50.955,51.688,12236,0
AML,D,20160919,000000,51.688,52.095,51.281,51.924,9346,0
AML,D,20160920,000000,52.095,52.909,51.533,52.909,12543,0
AML,D,20160921,000000,53.316,53.722,52.169,52.852,26782,0
AML,D,20160922,000000,52.737,52.746,51.769,52.502,18103,0
AML,D,20160923,000000,52.502,53.543,52.095,52.909,21089,0
AML,D,20160926,000000,52.909,52.909,52.298,52.664,11029,0
AML,D,20160927,000000,52.437,53.641,52.095,53.641,15660,0
AML,D,20160928,000000,53.625,53.641,52.917,53.633,9662,0
AML,D,20160929,000000,53.625,53.886,52.966,52.966,43943,0
AML,D,20160930,000000,53.536,54.13,52.933,54.13,8588,0
AML,D,20161003,000000,54.455,54.455,53.796,54.049,11511,0
AML,D,20161004,000000,53.722,53.722,51.932,52.737,16676,0
AML,D,20161005,000000,52.779,52.779,51.46,52.217,10531,0
AML,D,20161006,000000,52.217,52.217,51.281,51.769,6163,0
AML,D,20161007,000000,52.412,52.412,50.467,50.541,13355,0
AML,D,20161010,000000,50.541,51.273,50.141,51.159,8411,0
AML,D,20161011,000000,51.606,51.932,50.955,50.955,4153,0
AML,D,20161012,000000,50.955,51.175,50.467,50.703,3540,0
AML,D,20161013,000000,50.467,51.037,49.979,50.548,11805,0
AML,D,20161014,000000,50.467,51.077,49.979,51.077,4987,0
AML,D,20161017,000000,50.955,50.996,50.467,50.467,5085,0
AML,D,20161018,000000,50.467,50.996,50.304,50.874,4864,0
AML,D,20161019,000000,50.874,50.874,50.076,50.467,10845,0
AML,D,20161020,000000,50.947,50.947,50.304,50.63,3226,0
AML,D,20161021,000000,51.118,51.241,50.32,50.385,14769,0
AML,D,20161024,000000,50.32,50.329,49.531,49.612,12579,0
AML,D,20161025,000000,49.49,49.49,48.009,48.025,21148,0
AML,D,20161026,000000,48.025,48.587,47.391,48.017,5215,0
AML,D,20161027,000000,48.033,48.595,47.455,47.618,16059,0
AML,D,20161028,000000,47.749,48.025,47.455,47.976,14348,0
AML,D,20161031,000000,48.025,49.596,47.618,49.246,29334,0
AML,D,20161102,000000,48.562,50.06,48.513,49.89,8736,0
AML,D,20161103,000000,49.775,50.427,49.237,50.304,7549,0
AML,D,20161104,000000,48.595,49.237,46.275,47.626,205897,0
AML,D,20161107,000000,47.626,47.626,47.48,47.61,12785,0
AML,D,20161108,000000,47.618,47.618,47.3,47.446,16682,0
AML,D,20161109,000000,47.293,47.813,46.397,47.813,6301,0
AML,D,20161110,000000,48.025,50.06,47.659,48.839,14803,0
AML,D,20161114,000000,49.237,49.246,48.571,48.595,1885,0
AML,D,20161115,000000,48.595,49.165,48.326,49.165,3312,0
AML,D,20161116,000000,49.165,49.409,47.391,47.391,5752,0
AML,D,20161117,000000,47.48,48.017,46.967,46.967,4270,0
AML,D,20161118,000000,46.951,47.211,46.397,46.429,3511,0
AML,D,20161121,000000,46.804,47.032,46.479,46.959,991,0
AML,D,20161122,000000,46.959,47.008,45.998,46.845,18800,0
AML,D,20161123,000000,46.487,47.7,45.803,47.7,9556,0
AML,D,20161124,000000,47.211,48.025,47.211,47.7,2690,0
AML,D,20161125,000000,47.707,48.025,47.707,48.025,1293,0
AML,D,20161128,000000,47.838,48.025,46.413,46.413,6321,0
AML,D,20161129,000000,46.397,47.089,46.397,47.048,4888,0
AML,D,20161130,000000,46.804,46.862,46.112,46.397,39771,0
AML,D,20161201,000000,46.234,46.511,46.169,46.397,7601,0
AML,D,20161202,000000,46.202,46.804,46.112,46.804,10425,0
AML,D,20161205,000000,46.658,47.7,46.658,47.455,23543,0
AML,D,20161206,000000,47.756,48.025,47.537,47.863,17069,0
AML,D,20161207,000000,47.267,49.237,47.267,48.106,24215,0
AML,D,20161208,000000,48.587,49.148,48.106,48.725,8425,0
AML,D,20161209,000000,49.1,49.654,47.211,48.798,10489,0
AML,D,20161212,000000,48.798,48.839,47.293,47.293,8069,0
AML,D,20161213,000000,47.333,47.333,47.089,47.211,10989,0
AML,D,20161214,000000,47.211,47.211,46.56,46.706,22836,0
AML,D,20161215,000000,46.706,47.537,46.649,46.764,20148,0
AML,D,20161216,000000,46.722,47.13,46.722,46.804,5998,0
AML,D,20161219,000000,46.722,47.178,44.199,46.381,14704,0
AML,D,20161220,000000,46.299,46.397,45.584,46.397,40483,0
AML,D,20161221,000000,45.705,46.479,45.6,46.397,4024,0
AML,D,20161222,000000,46.186,46.951,46.186,46.951,6495,0
AML,D,20161223,000000,46.438,47.537,46.438,47.455,4806,0
AML,D,20161227,000000,46.967,47.577,46.804,47.561,4456,0
AML,D,20161228,000000,47.618,49.156,47.618,48.766,17791,0
AML,D,20161229,000000,49.116,49.654,48.522,49.327,11189,0
AML,D,20161230,000000,49.327,50.052,49.327,49.979,14813,0
AML,D,20170102,000000,50.264,50.264,47.455,48.057,7925,0
AML,D,20170103,000000,48.685,49.654,48.431,49.531,3649,0
AML,D,20170104,000000,49.71,50.06,48.839,48.839,4198,0
AML,D,20170105,000000,48.879,49.442,48.701,48.855,4352,0
AML,D,20170109,000000,49.409,49.409,48.96,49.084,2121,0
AML,D,20170110,000000,49.344,49.409,49.084,49.084,2840,0
AML,D,20170111,000000,49.556,50.206,49.327,49.979,7605,0
AML,D,20170112,000000,50.141,50.955,49.987,50.712,8980,0
AML,D,20170113,000000,50.719,51.2,50.712,50.874,14968,0
AML,D,20170116,000000,51.118,52.502,50.776,52.103,10884,0
AML,D,20170117,000000,52.379,52.502,51.314,51.314,11961,0
AML,D,20170118,000000,51.965,52.095,51.363,51.484,2191,0
AML,D,20170119,000000,51.688,51.697,50.166,51.484,3285,0
AML,D,20170120,000000,51.484,52.095,50.467,51.281,8316,0
AML,D,20170123,000000,51.363,51.557,50.589,50.785,3099,0
AML,D,20170124,000000,51.281,52.421,50.874,51.403,5922,0
AML,D,20170125,000000,51.411,54.008,51.281,53.08,27511,0
AML,D,20170126,000000,53.08,54.033,52.925,53.722,19278,0
AML,D,20170127,000000,53.641,54.049,53.154,53.764,6969,0
AML,D,20170130,000000,53.764,54.212,53.764,53.927,3739,0
AML,D,20170131,000000,53.927,53.967,53.438,53.804,16670,0
AML,D,20170201,000000,53.722,54.13,53.357,53.967,10700,0
AML,D,20170202,000000,53.967,53.967,52.746,53.154,6232,0
AML,D,20170203,000000,53.154,53.927,52.721,53.072,14844,0
AML,D,20170206,000000,53.154,53.869,53.112,53.316,3487,0
AML,D,20170207,000000,53.479,53.479,49.604,50.451,53205,0
AML,D,20170208,000000,50.467,50.865,50.239,50.678,6293,0
AML,D,20170209,000000,50.728,51.102,50.451,51.077,9327,0
AML,D,20170210,000000,50.874,51.281,50.158,50.304,20616,0
AML,D,20170213,000000,50.304,50.304,49.897,50.304,5970,0
AML,D,20170214,000000,50.304,50.312,49.263,49.962,13553,0
AML,D,20170215,000000,50.215,50.222,49.572,49.979,3334,0
AML,D,20170216,000000,50.158,50.467,50.158,50.183,8756,0
AML,D,20170217,000000,51.037,51.037,49.572,49.654,36993,0
AML,D,20170220,000000,49.654,49.816,49.498,49.654,25091,0
AML,D,20170221,000000,49.654,50.019,49.393,49.808,6868,0
AML,D,20170222,000000,49.922,50.019,49.654,49.816,6422,0
AML,D,20170223,000000,49.979,50.378,49.816,50.353,3519,0
AML,D,20170224,000000,50.427,50.427,48.855,49.816,25964,0
AML,D,20170227,000000,49.816,50.101,49.368,49.368,3945,0
AML,D,20170228,000000,49.734,49.734,48.847,49.205,10767,0
AML,D,20170301,000000,48.896,51.281,48.896,51.223,8640,0
AML,D,20170302,000000,51.241,51.363,50.793,50.882,11804,0
AML,D,20170303,000000,50.882,50.914,50.508,50.525,15020,0
AML,D,20170306,000000,50.467,50.467,49.654,49.654,15318,0
AML,D,20170307,000000,49.654,49.816,49.084,49.173,5550,0
AML,D,20170308,000000,49.165,49.165,48.269,48.269,14891,0
AML,D,20170309,000000,48.35,49.466,48.35,48.921,9993,0
AML,D,20170310,000000,48.758,49.214,48.758,48.758,8157,0
AML,D,20170313,000000,49.042,49.042,48.676,48.701,14283,0
AML,D,20170314,000000,48.431,48.921,48.431,48.79,19949,0
AML,D,20170315,000000,48.839,48.839,48.041,48.424,4750,0
AML,D,20170316,000000,48.424,48.758,48.025,48.758,10290,0
AML,D,20170317,000000,48.758,49.734,48.758,49.572,2416,0
AML,D,20170320,000000,49.572,49.572,48.546,48.928,2108,0
AML,D,20170321,000000,48.921,49.165,48.546,48.546,3477,0
AML,D,20170322,000000,48.546,48.921,48.025,48.669,2351,0
AML,D,20170323,000000,48.497,49.002,48.497,48.839,2985,0
AML,D,20170324,000000,48.269,48.839,48.066,48.831,1275,0
AML,D,20170327,000000,48.082,48.831,48.082,48.676,1979,0
AML,D,20170328,000000,48.669,48.676,48.188,48.571,2331,0
AML,D,20170329,000000,48.595,48.823,48.595,48.823,2540,0
AML,D,20170330,000000,48.815,49.303,48.431,48.839,1555,0
AML,D,20170331,000000,48.839,49.824,48.839,49.654,4976,0
AML,D,20170403,000000,49.645,49.654,48.839,48.839,9034,0
AML,D,20170404,000000,48.595,51.525,48.595,50.638,73496,0
AML,D,20170405,000000,51.159,51.159,50.019,50.019,33253,0
AML,D,20170406,000000,50.019,51.11,50.019,50.467,61719,0
AML,D,20170407,000000,50.874,51.68,50.467,51.647,89734,0
AML,D,20170410,000000,51.769,51.892,51.663,51.68,6230,0
AML,D,20170411,000000,51.688,51.704,51.281,51.314,24351,0
AML,D,20170412,000000,51.525,51.525,51.159,51.2,4807,0
AML,D,20170413,000000,51.241,51.525,50.712,51.077,4210,0
AML,D,20170418,000000,51.525,51.525,51.314,51.436,2089,0
AML,D,20170419,000000,51.403,51.533,51.322,51.452,2057,0
AML,D,20170420,000000,51.484,52.323,51.322,52.25,8192,0
AML,D,20170421,000000,52.25,52.25,51.892,52.176,4036,0
AML,D,20170424,000000,52.298,52.339,52.095,52.144,2509,0
AML,D,20170425,000000,52.013,52.421,52.013,52.339,12426,0
AML,D,20170426,000000,52.502,52.502,50.483,51.281,20413,0
AML,D,20170427,000000,51.541,52.421,51.541,52.095,6499,0
AML,D,20170428,000000,52.315,52.535,52.103,52.535,3903,0
AML,D,20170502,000000,52.535,53.316,52.095,53.316,10402,0
AML,D,20170504,000000,53.316,53.967,53.161,53.967,15651,0
AML,D,20170505,000000,53.96,53.967,53.218,53.967,5779,0
AML,D,20170508,000000,54.016,54.17,53.722,54.162,8398,0
AML,D,20170509,000000,54.13,55.147,54.13,54.814,23644,0
AML,D,20170510,000000,55.099,55.131,53.218,54.049,6475,0
AML,D,20170511,000000,54.049,54.293,53.397,53.722,12732,0
AML,D,20170512,000000,53.886,54.276,53.316,54.203,2685,0
AML,D,20170515,000000,54.203,54.374,53.706,54.374,3580,0
AML,D,20170516,000000,50.712,52.909,49.734,52.542,63865,0
AML,D,20170517,000000,52.428,53.308,52.428,52.502,50711,0
AML,D,20170518,000000,52.185,52.909,52.153,52.909,10123,0
AML,D,20170519,000000,52.421,53.154,52.421,53.072,4807,0
AML,D,20170522,000000,53.154,53.275,52.51,53.275,13723,0
AML,D,20170523,000000,54.008,54.102,53.403,53.965,4338,0
AML,D,20170524,000000,53.744,53.795,53.676,53.727,203460,0
AML,D,20170525,000000,53.727,53.761,53.548,53.548,11115,0
AML,D,20170526,000000,53.548,53.676,53.25,53.548,5465,0
AML,D,20170529,000000,53.506,53.548,53.25,53.352,10338,0
AML,D,20170530,000000,53.352,53.352,52.824,53.335,6213,0
AML,D,20170531,000000,53.335,53.548,52.824,53.548,48635,0
AML,D,20170601,000000,53.548,53.633,53.25,53.548,1872,0
AML,D,20170602,000000,53.59,53.59,53.335,53.42,2231,0
AML,D,20170605,000000,53.42,53.42,52.738,52.824,37806,0
AML,D,20170606,000000,52.824,52.824,52.397,52.602,25840,0
AML,D,20170607,000000,52.397,52.585,51.376,52.21,16337,0
AML,D,20170608,000000,51.751,52.611,51.751,52.568,2982,0
AML,D,20170609,000000,51.98,52.602,51.98,52.568,3213,0
AML,D,20170612,000000,52.568,52.824,52.397,52.824,6982,0
AML,D,20170613,000000,53.573,53.59,52.738,53.582,4208,0
AML,D,20170614,000000,53.582,53.582,52.832,52.832,913,0
AML,D,20170616,000000,52.832,53.335,50.907,50.907,8711,0
AML,D,20170619,000000,50.949,51.801,50.949,51.801,3435,0
AML,D,20170620,000000,51.972,52.483,51.801,51.81,4050,0
AML,D,20170621,000000,51.81,51.81,51.205,51.546,2170,0
AML,D,20170622,000000,51.972,51.972,51.12,51.153,3425,0
AML,D,20170623,000000,51.205,51.972,51.205,51.972,1005,0
AML,D,20170626,000000,51.972,52.389,51.546,52.355,3059,0
AML,D,20170627,000000,52.134,52.134,51.546,51.972,1644,0
AML,D,20170628,000000,51.963,52.824,51.546,52.824,5669,0
AML,D,20170629,000000,52.73,52.824,52.159,52.824,1820,0
AML,D,20170630,000000,52.824,52.824,52.397,52.824,615,0
AML,D,20170703,000000,52.824,52.824,51.972,52.389,2845,0
AML,D,20170704,000000,52.083,52.083,51.214,51.214,3911,0
AML,D,20170705,000000,51.12,51.631,50.949,51.12,19287,0
AML,D,20170706,000000,51.29,51.29,50.864,50.975,3258,0
AML,D,20170707,000000,50.949,50.975,50.694,50.694,1928,0
AML,D,20170710,000000,50.566,51.035,50.566,50.608,23078,0
AML,D,20170711,000000,50.694,50.694,50.48,50.566,36308,0
AML,D,20170712,000000,50.566,50.566,49.859,49.995,37433,0
AML,D,20170713,000000,50.012,50.2,48.99,50.2,7078,0
AML,D,20170714,000000,50.191,50.191,49.526,49.842,1389,0
AML,D,20170717,000000,48.564,48.564,42.379,42.379,345948,0
AML,D,20170718,000000,43.452,43.878,42.284,42.379,125565,0
AML,D,20170719,000000,42.574,42.77,42.105,42.514,13106,0
AML,D,20170720,000000,42.574,42.574,41.16,41.901,14965,0
AML,D,20170721,000000,41.739,41.739,40.043,40.785,39823,0
AML,D,20170724,000000,40.623,40.623,39.601,39.992,63698,0
AML,D,20170725,000000,39.992,40.043,39.729,39.729,93295,0
AML,D,20170726,000000,39.771,40.895,39.771,40.725,37947,0
AML,D,20170727,000000,40.836,40.836,40.043,40.274,5106,0
AML,D,20170728,000000,40.274,40.291,39.618,40.035,11740,0
AML,D,20170731,000000,40.043,40.043,38.34,38.34,19850,0
AML,D,20170801,000000,38.348,39.192,38.348,39.192,20580,0
AML,D,20170802,000000,39.533,39.95,39.533,39.533,6191,0
AML,D,20170803,000000,39.95,41.398,39.78,41.322,25029,0
AML,D,20170804,000000,41.287,41.535,41.108,41.152,3151,0
AML,D,20170807,000000,41.126,41.663,41.126,41.407,10864,0
AML,D,20170808,000000,41.663,42.08,41.663,41.756,4133,0
AML,D,20170809,000000,41.79,41.918,41.126,41.748,21333,0
AML,D,20170810,000000,41.748,42.089,41.586,41.748,2248,0
AML,D,20170811,000000,41.424,41.807,41.407,41.748,2479,0
AML,D,20170814,000000,41.807,42.089,41.807,41.842,2678,0
AML,D,20170816,000000,42.004,42.004,41.807,41.807,1739,0
AML,D,20170817,000000,41.876,41.876,41.748,41.79,8737,0
AML,D,20170818,000000,41.748,41.816,41.526,41.748,1198,0
AML,D,20170821,000000,41.79,41.816,41.697,41.756,19077,0
AML,D,20170822,000000,41.501,42.855,41.501,42.344,36943,0
AML,D,20170823,000000,42.6,42.847,41.748,41.79,12327,0
AML,D,20170824,000000,41.79,41.986,41.756,41.756,5144,0
AML,D,20170825,000000,41.756,41.79,41.628,41.663,12431,0
AML,D,20170828,000000,41.628,42.072,41.628,41.748,1731,0
AML,D,20170829,000000,41.748,41.748,41.493,41.501,3729,0
AML,D,20170830,000000,41.501,41.969,41.493,41.748,645,0
AML,D,20170831,000000,41.748,41.977,41.577,41.603,1037,0
AML,D,20170901,000000,41.663,41.663,40.981,41.066,28480,0
AML,D,20170904,000000,40.895,40.895,40.64,40.683,4601,0
AML,D,20170905,000000,40.266,41.074,40.266,40.904,3116,0
AML,D,20170906,000000,41.074,41.475,40.64,40.895,3758,0
AML,D,20170907,000000,40.895,41.066,40.47,40.895,1142,0
AML,D,20170908,000000,40.895,40.981,40.546,40.895,3270,0
AML,D,20170911,000000,40.853,40.895,40.47,40.47,1595,0
AML,D,20170912,000000,40.47,40.47,40.283,40.47,2281,0
AML,D,20170913,000000,40.555,40.674,40.555,40.674,262,0
AML,D,20170914,000000,40.725,40.802,40.043,40.043,4721,0
AML,D,20170915,000000,40.231,40.453,39.882,39.984,97989,0
AML,D,20170918,000000,40.214,40.895,40.052,40.811,2748,0
AML,D,20170919,000000,40.47,42.736,40.47,42.736,26748,0
AML,D,20170920,000000,42.514,42.6,42.421,42.514,17840,0
AML,D,20170921,000000,42.6,44.218,42.6,43.707,20028,0
AML,D,20170922,000000,43.861,44.278,42.941,43.366,9371,0
AML,D,20170925,000000,43.248,43.248,42.174,42.6,2855,0
AML,D,20170926,000000,42.217,42.421,41.398,41.398,2103,0
AML,D,20170927,000000,41.748,41.748,40.428,41.143,5085,0
AML,D,20170928,000000,41.211,41.305,40.811,41.305,4253,0
AML,D,20170929,000000,41.152,43.452,41.152,43.025,34092,0
AML,D,20171002,000000,43.111,43.452,43.025,43.418,5744,0
AML,D,20171003,000000,43.69,43.69,42.608,42.608,772,0
AML,D,20171004,000000,42.685,43.69,42.259,42.259,5231,0
AML,D,20171005,000000,42.301,42.6,42.089,42.089,4564,0
AML,D,20171006,000000,42.557,42.77,42.242,42.591,4842,0
AML,D,20171009,000000,42.6,43.537,42.583,43.366,2898,0
AML,D,20171010,000000,43.452,44.134,43.452,43.452,7410,0
AML,D,20171011,000000,43.827,44.985,43.827,44.858,32766,0
AML,D,20171012,000000,44.985,45.744,44.423,45.496,26501,0
AML,D,20171013,000000,45.412,45.667,45.412,45.624,16789,0
AML,D,20171016,000000,45.155,45.735,44.73,44.73,9101,0
AML,D,20171017,000000,44.423,45.138,43.452,44.551,1927,0
AML,D,20171018,000000,44.295,44.295,43.265,43.878,2247,0
AML,D,20171019,000000,43.869,43.869,43.162,43.29,894,0
AML,D,20171020,000000,43.29,44.202,42.949,43.562,2416,0
AML,D,20171023,000000,43.869,43.869,42.259,42.813,1132,0
AML,D,20171024,000000,42.77,43.025,42.217,42.217,7250,0
AML,D,20171025,000000,41.918,41.918,41.407,41.611,11463,0
AML,D,20171026,000000,41.415,41.722,41.407,41.569,1691,0
AML,D,20171027,000000,41.577,43.025,41.577,43.025,4790,0
AML,D,20171030,000000,42.983,44.304,42.608,43.989,4118,0
AML,D,20171031,000000,43.886,44.176,43.537,44.176,5189,0
AML,D,20171102,000000,44.125,44.125,43.452,44.006,890,0
AML,D,20171103,000000,44.116,44.134,43.077,43.452,2255,0
AML,D,20171106,000000,43.98,43.98,43.452,43.699,1061,0
AML,D,20171107,000000,43.444,43.444,42.941,43.051,346,0
AML,D,20171108,000000,42.625,42.915,41.807,41.901,1703,0
AML,D,20171109,000000,41.807,42.165,41.493,41.577,19665,0
AML,D,20171110,000000,41.876,41.876,40.725,40.895,7941,0
AML,D,20171113,000000,40.904,40.904,40.095,40.453,9575,0
AML,D,20171114,000000,40.461,40.895,40.274,40.895,7997,0
AML,D,20171115,000000,41.876,41.876,40.529,40.895,1969,0
AML,D,20171116,000000,41.066,41.731,40.529,40.64,1517,0
AML,D,20171117,000000,40.129,44.559,40.061,44.465,136962,0
AML,D,20171120,000000,44.295,46.689,44.295,46.008,58999,0
AML,D,20171121,000000,46.008,46.008,44.747,45.505,34435,0
AML,D,20171122,000000,45.412,45.412,43.928,44.96,39505,0
AML,D,20171123,000000,44.985,44.985,44.474,44.644,18159,0
AML,D,20171124,000000,44.814,44.814,44.474,44.789,16172,0
AML,D,20171127,000000,44.644,44.789,43.963,44.261,5989,0
AML,D,20171128,000000,44.218,44.517,43.963,44.193,6748,0
AML,D,20171129,000000,44.176,44.193,43.972,44.134,5975,0
AML,D,20171130,000000,44.134,44.134,43.307,44.073,3969,0
AML,D,20171201,000000,44.073,44.185,43.452,44.159,7288,0
AML,D,20171204,000000,44.159,45.037,43.878,44.926,2149,0
AML,D,20171205,000000,44.9,44.926,44.304,44.814,6263,0
AML,D,20171206,000000,44.313,44.517,44.313,44.313,287,0
AML,D,20171207,000000,44.313,44.44,43.895,44.304,1335,0
AML,D,20171208,000000,44.389,44.389,43.878,43.886,2046,0
AML,D,20171211,000000,43.878,44.278,43.537,44.269,804,0
AML,D,20171212,000000,44.261,44.269,43.801,43.801,651,0
AML,D,20171213,000000,43.946,44.559,43.835,44.313,33245,0
AML,D,20171214,000000,44.73,44.968,44.159,44.721,8818,0
AML,D,20171215,000000,44.304,44.943,44.304,44.814,2030,0
AML,D,20171218,000000,44.9,45.037,44.73,44.814,2223,0
AML,D,20171219,000000,44.73,45.155,44.721,44.721,7286,0
AML,D,20171220,000000,44.721,45.241,44.474,45.155,10526,0
AML,D,20171221,000000,44.892,45.565,44.644,44.814,4828,0
AML,D,20171222,000000,44.644,45.147,44.492,44.627,17547,0
AML,D,20171227,000000,44.627,44.721,43.886,44.67,5166,0
AML,D,20171228,000000,44.67,45.582,44.431,45.496,11583,0
AML,D,20171229,000000,45.496,45.965,45.25,45.965,9434,0
AML,D,20180103,000000,46.434,47.456,46.008,47.201,13714,0
AML,D,20180104,000000,47.115,47.201,46.178,46.689,4033,0
AML,D,20180105,000000,46.775,47.115,45.412,45.582,4843,0
AML,D,20180108,000000,45.582,45.837,45.155,45.837,6594,0
AML,D,20180109,000000,45.667,45.752,45.412,45.667,266,0
AML,D,20180110,000000,45.667,45.667,45.155,45.326,1757,0
AML,D,20180111,000000,45.667,45.667,45.155,45.582,787,0
AML,D,20180112,000000,45.582,45.667,45.155,45.667,6416,0
AML,D,20180115,000000,45.667,45.667,45.241,45.582,994,0
AML,D,20180116,000000,45.582,46.178,45.412,46.178,1210,0
AML,D,20180117,000000,46.178,46.434,45.923,46.434,2019,0
AML,D,20180118,000000,46.605,46.605,45.837,46.434,1888,0
AML,D,20180119,000000,46.519,46.519,46.178,46.348,1144,0
AML,D,20180122,000000,46.519,47.882,46.093,47.626,36810,0
AML,D,20180123,000000,47.712,48.394,47.712,48.308,22368,0
AML,D,20180124,000000,48.223,48.735,47.797,48.564,9627,0
AML,D,20180125,000000,48.308,48.394,47.371,48.308,3081,0
AML,D,20180126,000000,48.137,48.478,47.541,48.308,2053,0
AML,D,20180129,000000,48.053,48.905,48.053,48.564,5739,0
AML,D,20180130,000000,48.564,48.649,47.712,48.137,3521,0
AML,D,20180131,000000,48.137,48.308,47.967,48.308,3143,0
AML,D,20180201,000000,48.308,48.649,47.626,48.137,59867,0
AML,D,20180202,000000,48.137,48.564,47.285,48.223,10102,0
AML,D,20180205,000000,47.285,47.712,46.945,47.712,1646,0
AML,D,20180206,000000,46.775,47.285,46.178,47.285,53822,0
AML,D,20180207,000000,46.86,47.456,46.86,47.285,41672,0
AML,D,20180208,000000,47.371,47.371,45.241,45.241,3853,0
AML,D,20180209,000000,45.155,45.667,42.301,45.155,49180,0
AML,D,20180212,000000,44.985,47.201,44.9,47.115,3795,0
AML,D,20180213,000000,47.201,48.99,47.115,48.819,9198,0
AML,D,20180214,000000,48.99,49.756,48.735,49.671,28292,0
AML,D,20180215,000000,49.671,49.671,48.735,48.735,4649,0
AML,D,20180216,000000,48.649,49.245,48.308,48.649,2196,0
AML,D,20180219,000000,48.649,48.735,48.053,48.053,475,0
AML,D,20180220,000000,48.053,48.478,45.496,46.775,3237,0
AML,D,20180221,000000,46.689,46.775,44.9,44.985,21653,0
AML,D,20180222,000000,44.985,45.667,44.9,45.412,6012,0
AML,D,20180223,000000,45.155,45.667,44.474,45.241,7935,0
AML,D,20180226,000000,45.155,45.496,44.134,45.071,15505,0
AML,D,20180227,000000,45.071,45.155,44.474,44.559,11771,0
AML,D,20180228,000000,44.9,45.071,44.304,44.304,8325,0
AML,D,20180301,000000,43.963,44.559,43.366,44.304,20374,0
AML,D,20180302,000000,43.793,45.241,43.707,45.241,11704,0
AML,D,20180305,000000,44.9,45.837,44.9,45.582,24840,0
AML,D,20180306,000000,44.73,45.241,44.134,44.73,4769,0
AML,D,20180307,000000,44.218,45.241,44.218,45.241,1953,0
AML,D,20180308,000000,45.155,45.155,44.304,44.814,1069,0
AML,D,20180309,000000,44.218,46.008,44.048,45.752,3850,0
AML,D,20180312,000000,45.326,45.326,44.304,45.155,2357,0
AML,D,20180313,000000,44.389,44.814,44.389,44.559,639,0
AML,D,20180314,000000,44.389,45.326,44.389,45.326,921,0
AML,D,20180315,000000,44.814,44.9,44.814,44.814,570,0
AML,D,20180316,000000,44.814,46.519,44.559,46.348,5111,0
AML,D,20180319,000000,46.093,46.093,46.008,46.093,44,0
AML,D,20180320,000000,45.155,46.008,44.985,45.923,1851,0
AML,D,20180321,000000,45.923,46.178,44.985,46.178,812,0
AML,D,20180322,000000,45.412,45.667,44.73,44.73,1087,0
AML,D,20180323,000000,44.73,45.155,44.73,45.155,1870,0
AML,D,20180326,000000,45.155,45.923,45.071,45.923,3126,0
AML,D,20180327,000000,45.496,46.945,45.496,46.434,4142,0
AML,D,20180328,000000,46.519,46.86,45.582,46.86,4100,0
AML,D,20180329,000000,46.86,47.541,46.264,46.86,11331,0
AML,D,20180403,000000,46.86,46.86,46.093,46.86,5638,0
AML,D,20180404,000000,46.775,46.86,45.667,45.667,4429,0
AML,D,20180405,000000,45.923,46.093,45.582,45.923,2880,0
AML,D,20180406,000000,45.923,46.093,45.923,45.923,1382,0
AML,D,20180409,000000,45.923,47.541,45.923,47.541,4898,0
AML,D,20180410,000000,47.541,48.137,47.03,47.712,12793,0
AML,D,20180411,000000,47.712,47.967,46.689,47.712,18948,0
AML,D,20180412,000000,46.945,47.456,46.86,46.945,2749,0
AML,D,20180413,000000,47.115,47.115,46.008,46.775,1643,0
AML,D,20180416,000000,46.775,47.626,46.178,47.626,1223,0
AML,D,20180417,000000,46.86,47.882,46.775,46.775,6805,0
AML,D,20180418,000000,47.285,47.285,46.86,46.86,1210,0
AML,D,20180419,000000,46.86,47.285,46.008,47.201,864,0
AML,D,20180420,000000,47.285,47.285,46.008,46.775,2949,0
AML,D,20180423,000000,46.775,47.712,46.008,47.712,2913,0
AML,D,20180424,000000,47.541,48.649,46.86,47.797,5386,0
AML,D,20180425,000000,47.371,48.394,47.285,47.285,3334,0
AML,D,20180426,000000,47.371,47.371,46.519,46.519,1244,0
AML,D,20180427,000000,47.541,47.541,46.519,46.519,1842,0
AML,D,20180430,000000,47.115,47.285,45.326,45.752,2156,0
AML,D,20180502,000000,46.008,46.605,45.923,46.605,1286,0
AML,D,20180504,000000,46.605,46.689,46.434,46.689,312,0
AML,D,20180507,000000,46.86,46.86,46.348,46.348,875,0
AML,D,20180508,000000,46.775,46.775,45.582,46.689,665,0
AML,D,20180509,000000,45.837,47.967,45.837,47.712,9828,0
AML,D,20180510,000000,46.945,48.99,46.945,48.564,22104,0
AML,D,20180511,000000,48.564,49.245,47.882,49.245,4882,0
AML,D,20180514,000000,49.331,49.331,48.478,48.478,1298,0
AML,D,20180515,000000,48.478,49.245,47.967,48.99,3445,0
AML,D,20180516,000000,48.99,48.99,48.137,48.819,539,0
AML,D,20180517,000000,48.735,48.819,48.735,48.819,352,0
AML,D,20180518,000000,48.819,48.819,46.945,48.819,6462,0
AML,D,20180521,000000,47.967,48.564,47.967,48.137,4196,0
AML,D,20180522,000000,48.137,48.564,48.137,48.394,6267,0
AML,D,20180523,000000,47.967,47.967,46.86,47.371,71547,0
AML,D,20180524,000000,48.137,48.137,47.371,48.137,88525,0
AML,D,20180525,000000,48.394,48.394,47.201,47.201,5738,0
AML,D,20180528,000000,47.201,47.712,47.201,47.712,13034,0
AML,D,20180529,000000,47.712,47.712,46.605,47.626,3016,0
AML,D,20180530,000000,47.371,47.371,47.285,47.371,625,0
AML,D,20180601,000000,46.86,46.86,46.689,46.689,601,0
AML,D,20180604,000000,46.689,46.945,46.689,46.86,7207,0
AML,D,20180605,000000,46.86,46.86,46.093,46.775,3791,0
AML,D,20180606,000000,47.044,47.764,46.954,46.954,749,0
AML,D,20180607,000000,46.775,48.124,46.775,47.854,3461,0
AML,D,20180608,000000,47.854,47.854,47.134,47.224,2070,0
AML,D,20180611,000000,47.134,47.134,46.775,46.775,358,0
AML,D,20180612,000000,46.954,47.674,44.346,47.674,30987,0
AML,D,20180613,000000,48.124,48.124,46.775,47.584,468,0
AML,D,20180614,000000,47.134,47.134,47.134,47.134,128,0
AML,D,20180615,000000,46.325,46.954,46.325,46.954,47,0
AML,D,20180618,000000,46.055,46.055,44.121,44.886,25445,0
AML,D,20180619,000000,44.706,44.706,41.377,43.536,67222,0
AML,D,20180620,000000,43.536,43.536,41.332,42.727,28128,0
AML,D,20180621,000000,41.557,42.457,41.557,41.827,39284,0
AML,D,20180622,000000,41.917,42.997,41.377,42.997,374,0
AML,D,20180625,000000,41.827,45.425,41.647,45.425,13364,0
AML,D,20180626,000000,43.356,43.716,42.727,43.176,14794,0
AML,D,20180627,000000,42.547,43.986,42.502,43.176,2725,0
AML,D,20180628,000000,42.637,43.042,42.367,42.637,4124,0
AML,D,20180629,000000,42.817,43.176,42.277,42.637,17233,0
AML,D,20180702,000000,42.277,42.277,41.827,41.827,337,0
AML,D,20180703,000000,41.827,42.502,41.827,42.457,1004,0
AML,D,20180704,000000,42.457,42.457,41.827,42.187,9104,0
AML,D,20180705,000000,42.097,42.457,41.827,42.277,6156,0
AML,D,20180706,000000,42.367,42.412,41.827,42.277,18800,0
AML,D,20180709,000000,42.367,42.367,41.737,41.737,1196,0
AML,D,20180710,000000,41.737,41.827,41.512,41.512,754,0
AML,D,20180711,000000,41.512,41.827,40.478,40.568,1670,0
AML,D,20180712,000000,40.658,41.827,40.523,41.827,2937,0
AML,D,20180713,000000,41.018,41.377,40.478,41.377,3682,0
AML,D,20180716,000000,41.377,41.377,40.928,41.377,5879,0
AML,D,20180717,000000,42.727,43.176,42.187,42.277,12003,0
AML,D,20180718,000000,42.772,42.772,42.232,42.277,13092,0
AML,D,20180719,000000,41.962,42.907,41.287,42.907,1961,0
AML,D,20180720,000000,42.997,42.997,42.997,42.997,11,0
AML,D,20180723,000000,42.727,42.727,41.827,42.457,11167,0
AML,D,20180724,000000,41.917,42.727,41.827,42.727,414,0
AML,D,20180725,000000,42.592,42.592,42.277,42.502,624,0
AML,D,20180726,000000,42.277,42.997,42.232,42.277,13981,0
AML,D,20180727,000000,42.277,42.277,42.097,42.097,1036,0
AML,D,20180730,000000,42.727,42.727,42.277,42.322,494,0
AML,D,20180731,000000,42.727,43.626,42.727,43.626,1106,0
AML,D,20180801,000000,43.626,44.436,43.626,43.986,428,0
AML,D,20180802,000000,43.626,44.076,43.176,43.626,3634,0
AML,D,20180803,000000,43.626,43.626,43.536,43.536,282,0
AML,D,20180806,000000,43.626,43.626,43.266,43.626,259,0
AML,D,20180807,000000,42.997,43.626,42.997,43.536,67,0
AML,D,20180808,000000,43.356,43.446,42.817,42.817,301,0
AML,D,20180809,000000,43.626,44.076,43.446,44.076,1011,0
AML,D,20180810,000000,44.076,44.076,43.536,43.536,836,0
AML,D,20180813,000000,43.536,44.391,43.446,44.211,319,0
AML,D,20180814,000000,44.346,44.526,44.346,44.436,318,0
AML,D,20180816,000000,44.436,44.526,43.536,44.436,1660,0
AML,D,20180817,000000,43.536,44.346,41.827,44.076,1794,0
AML,D,20180820,000000,44.301,44.346,43.626,44.346,235,0
AML,D,20180821,000000,43.176,44.526,42.907,44.256,1725,0
AML,D,20180822,000000,45.695,46.325,45.425,45.875,6537,0
AML,D,20180823,000000,45.785,45.875,45.425,45.785,3132,0
AML,D,20180824,000000,45.875,45.875,44.975,45.785,2553,0
AML,D,20180827,000000,45.695,45.695,44.481,44.975,1025,0
AML,D,20180828,000000,45.065,45.065,44.886,44.975,1403,0
AML,D,20180829,000000,44.975,44.975,44.211,44.975,352,0
AML,D,20180830,000000,44.975,44.975,44.526,44.616,836,0
AML,D,20180831,000000,44.616,44.616,44.076,44.526,406,0
AML,D,20180903,000000,44.526,44.526,43.266,43.536,1186,0
AML,D,20180904,000000,43.536,43.536,42.007,42.007,4312,0
AML,D,20180905,000000,41.917,41.917,41.557,41.827,5823,0
AML,D,20180906,000000,42.907,42.907,38.679,41.198,10952,0
AML,D,20180907,000000,39.578,40.928,39.399,40.388,29424,0
AML,D,20180910,000000,40.388,40.388,39.578,39.578,3817,0
AML,D,20180911,000000,40.298,40.298,39.129,39.129,2339,0
AML,D,20180912,000000,39.399,39.848,39.219,39.578,3059,0
AML,D,20180913,000000,39.848,41.557,39.578,39.758,2499,0
AML,D,20180914,000000,39.668,40.838,39.129,39.488,12119,0
AML,D,20180917,000000,39.578,40.208,39.354,39.578,5221,0
AML,D,20180918,000000,39.668,40.028,39.668,39.803,570,0
AML,D,20180919,000000,39.938,41.287,39.578,39.578,2942,0
AML,D,20180920,000000,39.893,40.748,39.758,39.758,1393,0
AML,D,20180921,000000,40.298,42.097,40.298,42.097,3085,0
AML,D,20180924,000000,41.917,41.917,39.983,40.118,3184,0
AML,D,20180925,000000,39.758,40.433,39.758,39.758,648,0
AML,D,20180926,000000,39.983,40.433,39.758,40.433,2330,0
AML,D,20180927,000000,40.433,40.748,39.803,40.748,628,0
AML,D,20180928,000000,40.433,41.153,39.893,39.893,1360,0
AML,D,20181001,000000,40.613,40.748,40.118,40.163,1151,0
AML,D,20181002,000000,40.163,40.208,40.163,40.163,1384,0
AML,D,20181003,000000,39.938,40.478,39.578,39.578,4918,0
AML,D,20181004,000000,40.298,40.298,39.129,39.354,6086,0
AML,D,20181005,000000,39.444,39.578,39.219,39.399,1429,0
AML,D,20181008,000000,39.578,39.578,39.578,39.578,101,0
AML,D,20181009,000000,39.578,40.478,39.578,40.478,1441,0
AML,D,20181010,000000,40.478,40.478,39.399,39.399,4160,0
AML,D,20181011,000000,39.399,39.983,39.309,39.938,1180,0
AML,D,20181012,000000,40.208,40.208,37.869,38.499,4794,0
AML,D,20181015,000000,38.859,39.399,38.859,39.174,127,0
AML,D,20181016,000000,39.803,40.208,39.174,39.399,1374,0
AML,D,20181017,000000,40.028,40.028,39.893,39.893,76,0
AML,D,20181018,000000,39.893,40.118,39.623,39.848,650,0
AML,D,20181019,000000,39.578,39.578,39.084,39.129,2859,0
AML,D,20181022,000000,39.129,39.668,39.129,39.668,13,0
AML,D,20181023,000000,38.859,40.208,38.679,40.208,3133,0
AML,D,20181024,000000,40.208,40.433,38.949,40.433,4392,0
AML,D,20181025,000000,38.949,40.208,38.949,40.208,3334,0
AML,D,20181026,000000,39.578,40.388,39.219,39.578,6501,0
AML,D,20181029,000000,40.343,40.343,38.949,39.758,6781,0
AML,D,20181030,000000,39.668,39.668,39.129,39.578,71,0
AML,D,20181031,000000,39.803,39.803,38.769,38.859,10172,0
AML,D,20181102,000000,39.129,40.028,39.129,40.028,3590,0
AML,D,20181105,000000,40.388,40.478,40.028,40.028,158,0
AML,D,20181106,000000,40.478,40.478,38.679,39.129,7032,0
AML,D,20181107,000000,38.679,38.769,38.229,38.229,3103,0
AML,D,20181108,000000,38.094,38.094,37.06,37.42,10480,0
AML,D,20181109,000000,38.139,38.229,37.06,37.51,13364,0
AML,D,20181113,000000,36.88,37.33,36.88,37.33,4903,0
AML,D,20181114,000000,39.129,39.129,36.88,37.779,9859,0
AML,D,20181115,000000,37.824,38.184,37.779,37.779,1104,0
AML,D,20181116,000000,38.139,38.139,37.42,38.049,561,0
AML,D,20181119,000000,37.779,38.049,37.779,37.779,227,0
AML,D,20181120,000000,37.779,38.634,37.779,38.094,324,0
AML,D,20181121,000000,37.42,39.084,37.42,38.229,730,0
AML,D,20181122,000000,38.229,39.219,38.229,38.679,4631,0
AML,D,20181123,000000,38.229,39.758,38.229,39.758,4138,0
AML,D,20181126,000000,39.758,39.758,38.319,39.488,4190,0
AML,D,20181127,000000,39.578,40.028,39.219,40.028,4666,0
AML,D,20181128,000000,39.668,40.388,39.668,40.388,7791,0
AML,D,20181129,000000,40.478,41.108,40.388,41.018,573,0
AML,D,20181130,000000,41.108,41.153,40.118,40.478,11122,0
AML,D,20181203,000000,40.523,40.523,39.578,39.668,1152,0
AML,D,20181204,000000,39.668,39.668,38.319,39.399,2736,0
AML,D,20181205,000000,39.039,39.084,38.499,38.769,1280,0
AML,D,20181206,000000,38.229,38.589,37.42,38.589,9849,0
AML,D,20181207,000000,38.544,38.769,38.274,38.634,1954,0
AML,D,20181210,000000,37.779,38.229,37.779,38.139,494,0
AML,D,20181211,000000,37.779,37.779,37.689,37.779,855,0
AML,D,20181212,000000,37.779,39.533,37.779,39.533,2342,0
AML,D,20181213,000000,39.129,40.658,39.129,40.478,6011,0
AML,D,20181214,000000,39.758,40.658,39.578,39.578,1204,0
AML,D,20181217,000000,39.668,39.668,38.814,39.399,167,0
AML,D,20181218,000000,38.319,39.084,38.229,38.679,1973,0
AML,D,20181219,000000,39.399,39.399,38.049,38.679,854,0
AML,D,20181220,000000,38.049,39.084,37.779,38.184,3410,0
AML,D,20181221,000000,37.869,37.869,37.33,37.644,9325,0
AML,D,20181227,000000,36.88,37.779,36.16,37.51,11052,0
AML,D,20181228,000000,37.779,38.499,37.689,38.364,2063,0
AML,D,20190102,000000,38.589,38.589,36.925,37.42,9283,0
AML,D,20190103,000000,38.454,38.454,36.43,36.835,8551,0
AML,D,20190104,000000,37.734,37.734,35.98,35.98,11057,0
AML,D,20190107,000000,35.98,36.205,35.081,35.531,9023,0
AML,D,20190108,000000,35.89,35.935,35.261,35.531,9633,0
AML,D,20190109,000000,35.8,35.89,35.081,35.396,6992,0
AML,D,20190110,000000,35.396,35.441,35.036,35.036,10022,0
AML,D,20190111,000000,35.081,35.441,34.991,35.036,6844,0
AML,D,20190114,000000,35.081,35.126,35.036,35.081,2032,0
AML,D,20190115,000000,35.171,35.351,34.451,34.541,14695,0
AML,D,20190116,000000,35.081,36.16,34.901,36.025,39879,0
AML,D,20190117,000000,36.16,36.79,35.126,35.845,27937,0
AML,D,20190118,000000,35.845,35.845,35.081,35.261,49601,0
AML,D,20190121,000000,35.216,35.216,34.721,34.991,3214,0
AML,D,20190122,000000,34.901,35.171,34.901,35.081,1154,0
AML,D,20190123,000000,35.081,35.396,35.081,35.171,24109,0
AML,D,20190124,000000,35.756,35.756,34.991,35.081,7066,0
AML,D,20190125,000000,35.711,35.711,34.991,34.991,1340,0
AML,D,20190128,000000,35.396,35.621,35.171,35.531,15291,0
AML,D,20190129,000000,35.486,35.621,35.081,35.531,3484,0
AML,D,20190130,000000,35.621,35.621,35.351,35.396,11920,0
AML,D,20190131,000000,35.441,36.43,35.306,36.25,5424,0
AML,D,20190201,000000,36.43,37.959,35.98,37.959,28656,0
AML,D,20190204,000000,37.959,39.129,37.779,38.499,22798,0
AML,D,20190205,000000,39.129,39.758,39.039,39.578,2786,0
AML,D,20190206,000000,39.578,39.758,38.679,39.533,5959,0
AML,D,20190207,000000,39.264,39.488,38.274,38.274,1035,0
AML,D,20190208,000000,38.229,38.229,37.779,38.139,853,0
AML,D,20190211,000000,38.499,39.578,37.779,39.309,35359,0
AML,D,20190212,000000,39.354,39.713,38.589,38.589,6640,0
AML,D,20190213,000000,39.129,39.623,37.33,37.779,5582,0
AML,D,20190214,000000,37.779,38.229,37.6,38.184,4174,0
AML,D,20190215,000000,38.184,38.319,37.6,38.274,587,0
AML,D,20190218,000000,38.274,38.319,37.6,37.6,1034,0
AML,D,20190219,000000,37.465,37.555,37.06,37.24,2542,0
AML,D,20190220,000000,37.15,38.679,37.15,37.779,4313,0
AML,D,20190221,000000,37.869,37.869,36.88,37.42,48704,0
AML,D,20190222,000000,37.689,39.354,37.689,37.779,14518,0
AML,D,20190225,000000,37.824,38.679,37.689,38.229,46207,0
AML,D,20190226,000000,38.229,38.229,37.959,37.959,145,0
AML,D,20190227,000000,38.229,38.679,38.004,38.679,1961,0
AML,D,20190228,000000,38.679,39.129,38.634,38.859,2336,0
AML,D,20190301,000000,38.769,39.533,38.409,39.219,3223,0
AML,D,20190304,000000,39.219,39.219,38.679,38.859,9735,0
AML,D,20190305,000000,38.859,39.488,38.679,38.679,2410,0
AML,D,20190306,000000,38.769,39.264,38.769,39.264,792,0
AML,D,20190307,000000,39.039,39.039,38.679,38.679,1830,0
AML,D,20190308,000000,38.679,39.399,38.409,39.039,22477,0
AML,D,20190311,000000,38.859,39.219,38.859,39.219,1296,0
AML,D,20190312,000000,39.129,39.129,38.949,39.039,2253,0
AML,D,20190313,000000,39.084,41.063,39.039,40.478,5117,0
AML,D,20190314,000000,40.478,41.153,40.073,40.388,4902,0
AML,D,20190315,000000,40.478,40.478,40.208,40.208,1267,0
AML,D,20190318,000000,40.208,40.478,40.028,40.028,3119,0
AML,D,20190319,000000,39.983,40.478,39.983,40.118,2608,0
AML,D,20190320,000000,40.928,40.928,40.208,40.658,1624,0
AML,D,20190321,000000,40.658,41.198,40.568,41.198,6014,0
AML,D,20190322,000000,42.097,43.446,40.028,40.478,25812,0
AML,D,20190325,000000,40.388,40.388,39.578,40.298,6713,0
AML,D,20190326,000000,40.298,41.332,40.028,40.478,7235,0
AML,D,20190327,000000,41.018,41.287,40.028,40.478,3357,0
AML,D,20190328,000000,40.478,41.018,40.028,40.208,16342,0
AML,D,20190329,000000,40.163,40.433,39.578,40.163,6326,0
AML,D,20190401,000000,40.748,40.928,39.848,40.118,3639,0
AML,D,20190402,000000,40.298,40.298,39.668,39.938,7270,0
AML,D,20190403,000000,39.488,40.298,39.399,40.298,2809,0
AML,D,20190404,000000,40.298,40.388,39.488,40.208,3644,0
AML,D,20190405,000000,40.118,40.118,39.758,39.938,1150,0
AML,D,20190408,000000,39.758,40.298,39.668,40.298,1596,0
AML,D,20190409,000000,40.118,40.478,40.028,40.388,1592,0
AML,D,20190410,000000,40.478,40.928,40.028,40.658,2500,0
AML,D,20190411,000000,40.748,41.108,40.298,40.838,3006,0
AML,D,20190412,000000,41.198,41.917,41.018,41.377,8320,0
AML,D,20190415,000000,41.377,41.647,40.838,41.377,12214,0
AML,D,20190416,000000,41.737,41.737,41.018,41.377,3088,0
AML,D,20190417,000000,41.377,42.277,41.377,42.007,6492,0
AML,D,20190418,000000,41.827,41.827,41.377,41.737,6199,0
AML,D,20190423,000000,41.827,41.827,41.287,41.737,5149,0
AML,D,20190424,000000,41.737,41.737,41.377,41.557,609,0
AML,D,20190425,000000,41.737,41.737,41.287,41.287,1363,0
AML,D,20190426,000000,41.287,41.287,40.838,40.838,4565,0
AML,D,20190429,000000,40.838,41.647,40.838,41.557,875,0
AML,D,20190430,000000,41.557,41.557,40.928,40.928,2959,0
AML,D,20190502,000000,41.377,41.377,41.377,41.377,827,0
AML,D,20190506,000000,41.377,41.377,40.118,40.298,2862,0
AML,D,20190507,000000,40.478,40.478,39.578,39.578,6873,0
AML,D,20190508,000000,39.578,39.578,37.779,38.499,8780,0
AML,D,20190509,000000,37.959,38.499,37.779,37.779,3980,0
AML,D,20190510,000000,37.779,38.679,37.779,38.049,3447,0
AML,D,20190513,000000,38.049,39.488,38.049,38.679,3401,0
AML,D,20190514,000000,38.319,38.859,38.319,38.319,3211,0
AML,D,20190515,000000,38.409,38.589,37.779,37.959,5766,0
AML,D,20190516,000000,37.779,38.049,37.06,37.42,7184,0
AML,D,20190517,000000,36.97,36.97,34.901,35.081,29775,0
AML,D,20190520,000000,35.531,35.531,34.001,34.181,14013,0
AML,D,20190521,000000,34.181,34.631,34.091,34.181,7015,0
AML,D,20190522,000000,34.901,34.901,34.091,34.181,9444,0
AML,D,20190523,000000,34.631,35.531,34.271,35.171,11850,0
AML,D,20190524,000000,35.081,37.42,35.081,37.42,10903,0
AML,D,20190527,000000,37.33,38.229,36.88,37.779,5495,0
AML,D,20190528,000000,37.959,41.737,37.959,38.229,22190,0
AML,D,20190529,000000,38.409,38.499,37.06,37.51,8750,0
AML,D,20190530,000000,37.51,37.779,37.33,37.33,5446,0
AML,D,20190531,000000,37.51,37.51,36.43,36.79,9601,0
AML,D,20190603,000000,37.06,37.51,36.7,37.15,10238,0
AML,D,20190604,000000,37.6,37.689,36.79,37.06,18955,0
AML,D,20190605,000000,37.06,37.24,36.52,36.7,11145,0
AML,D,20190606,000000,38.2,38.3,37,38.3,5841,0
AML,D,20190607,000000,38.3,38.4,37.6,37.6,2768,0
AML,D,20190610,000000,37.6,37.6,35.7,36.2,10743,0
AML,D,20190611,000000,36.2,36.4,35.6,36.2,2797,0
AML,D,20190612,000000,36.6,36.7,36.5,36.6,4424,0
AML,D,20190613,000000,37,37.4,36.4,36.9,31455,0
AML,D,20190614,000000,37.1,37.7,37,37.4,1114,0
AML,D,20190617,000000,37.7,37.7,37.2,37.7,982,0
AML,D,20190618,000000,37.5,37.5,37.1,37.5,595,0
AML,D,20190619,000000,37.2,37.5,37,37.3,653,0
AML,D,20190621,000000,37.3,37.3,36.8,37,821,0
AML,D,20190624,000000,37,37.3,36.8,37.3,1208,0
AML,D,20190625,000000,37,37.2,36.7,37.1,603,0
AML,D,20190626,000000,37.1,37.1,36.5,36.5,3337,0
AML,D,20190627,000000,36.7,37.2,36.5,37.2,829,0
AML,D,20190628,000000,37.50,37.50,36.60,37.00,1876,0
AML,D,20190701,000000,37.1,37.6,36.8,37,7095,0
AML,D,20190702,000000,37.3,37.4,37,37,1467,0
AML,D,20190703,000000,37.4,37.4,36.8,37,2309,0
AML,D,20190704,000000,37,37,35.8,36,8820,0
AML,D,20190705,000000,36,36.3,35.6,35.8,3902,0
AML,D,20190708,000000,35.9,35.9,35,35.5,3831,0
AML,D,20190709,000000,35.5,35.5,35,35.5,2277,0
AML,D,20190710,000000,35.5,36.3,35.5,36.3,1597,0
AML,D,20190711,000000,36.4,36.8,36.1,36.8,4222,0
AML,D,20190712,000000,36.7,37.3,36.4,37,3763,0
AML,D,20190715,000000,37.1,37.1,36.3,36.3,1242,0
AML,D,20190716,000000,36.3,36.8,36.3,36.7,3021,0
AML,D,20190717,000000,36.5,37,36,37,7739,0
AML,D,20190718,000000,36.3,37.1,36.3,37.1,1665,0
AML,D,20190719,000000,37.1,37.1,37,37.1,539,0
AML,D,20190722,000000,37.1,37.2,37,37.2,95,0
AML,D,20190723,000000,37.2,37.2,37,37.2,271,0
AML,D,20190724,000000,37.2,37.7,37,37.5,2339,0
AML,D,20190725,000000,37.4,38.1,37.4,38,1900,0
AML,D,20190726,000000,38.3,38.3,37,38,895,0
AML,D,20190729,000000,38,38,37.2,37.5,371,0
AML,D,20190730,000000,37.3,37.3,37,37.3,675,0
AML,D,20190731,000000,37.1,38,37,37.8,24435,0
AML,D,20190801,000000,37.8,37.8,37.1,37.8,384,0
AML,D,20190802,000000,37.1,37.5,36.7,37.2,668,0
AML,D,20190805,000000,37.2,37.7,36.4,36.8,593,0
AML,D,20190806,000000,36,36.6,35.6,36.4,970,0
AML,D,20190807,000000,36,36.4,35.7,36.4,1082,0
AML,D,20190808,000000,36.4,36.4,35.8,35.9,294,0
AML,D,20190809,000000,36.1,36.1,35.7,36.1,858,0
AML,D,20190812,000000,35.8,35.9,35.5,35.9,750,0
AML,D,20190813,000000,35.8,35.8,35,35.8,870,0
AML,D,20190814,000000,35.6,35.7,35,35.5,811,0
AML,D,20190816,000000,35.3,35.8,34.7,35.8,557,0
AML,D,20190819,000000,35.8,35.8,35.2,35.5,839,0
AML,D,20190820,000000,35.6,35.8,35,35.2,2291,0
AML,D,20190821,000000,35.2,35.8,35.2,35.3,475,0
AML,D,20190822,000000,35.3,35.8,35.2,35.6,297,0
AML,D,20190823,000000,35.5,35.5,35,35.5,191,0
AML,D,20190826,000000,35.4,35.4,34.8,35.4,244,0
AML,D,20190827,000000,35.5,35.5,35,35.5,89,0
AML,D,20190828,000000,35.4,35.4,34.8,35.2,1014,0
AML,D,20190829,000000,34.8,35.2,34,34.5,10104,0
AML,D,20190830,000000,35.2,35.2,34,34.6,1550,0
AML,D,20190902,000000,34.7,35.4,34.7,35.4,199,0
AML,D,20190903,000000,35.4,35.5,34.9,35,3857,0
AML,D,20190904,000000,35.5,35.5,34.5,34.9,4789,0
AML,D,20190905,000000,35,35.4,34.6,35.4,687,0
AML,D,20190906,000000,35,35,34.6,34.8,12168,0
AML,D,20190909,000000,35.2,35.2,34.7,34.8,11162,0
AML,D,20190910,000000,35.2,35.8,35.2,35.6,1709,0
AML,D,20190911,000000,35.6,36.2,35.6,36.2,1345,0
AML,D,20190912,000000,36.2,36.2,35.2,35.4,1233,0
AML,D,20190913,000000,35.6,35.6,34.8,35,4252,0
AML,D,20190916,000000,35,35,34.5,34.8,8730,0
AML,D,20190917,000000,35.4,35.4,34.5,35,2318,0
AML,D,20190918,000000,35,35,34.2,34.5,4563,0
AML,D,20190919,000000,34.5,34.5,34.1,34.5,8386,0
AML,D,20190920,000000,34.5,34.6,34.2,34.5,779,0
AML,D,20190923,000000,34.5,34.6,34,34.6,10508,0
AML,D,20190924,000000,34.6,34.9,34.4,34.9,877,0
AML,D,20190925,000000,34.9,34.9,34.2,34.5,927,0
AML,D,20190926,000000,34.7,34.8,34.1,34.8,655,0
AML,D,20190927,000000,34.9,34.9,34.2,34.9,63,0
AML,D,20190930,000000,34.9,34.9,34.2,34.2,363,0
AML,D,20191001,000000,34.4,34.4,33.5,34,6017,0
AML,D,20191002,000000,33.5,34.5,32.8,34.5,16134,0
AML,D,20191003,000000,33.8,35.3,33.8,35.1,3365,0
AML,D,20191004,000000,35.3,35.4,35,35.4,373,0
AML,D,20191007,000000,35.2,35.3,34.7,35.3,1014,0
AML,D,20191008,000000,35.1,35.1,34.7,35,307,0
AML,D,20191009,000000,34.9,35,34.7,35,193,0
AML,D,20191010,000000,35,35,35,35,34,0
AML,D,20191011,000000,35,35,34.5,35,294,0
AML,D,20191014,000000,34.8,35,34.7,35,154,0
AML,D,20191015,000000,35,35,34.5,35,125,0
AML,D,20191016,000000,35,35,35,35,1,0
AML,D,20191017,000000,35,35.4,34.5,35.4,3019,0
AML,D,20191018,000000,35.4,35.4,34.7,35,10247,0
AML,D,20191021,000000,35,35,34.5,34.7,1171,0
AML,D,20191022,000000,35,35.2,34.7,35.2,227,0
AML,D,20191023,000000,35.2,35.2,34.8,35,22167,0
AML,D,20191024,000000,35,35,34.5,34.9,26620,0
AML,D,20191025,000000,35,35,34.3,35,1031,0
AML,D,20191028,000000,35,35.2,34.7,34.8,21411,0
AML,D,20191029,000000,35,35,34.7,34.8,1227,0
AML,D,20191030,000000,34.8,34.8,34.7,34.8,272,0
AML,D,20191031,000000,34.8,34.8,34.6,34.8,685,0
AML,D,20191104,000000,34.6,36.5,34.6,35.8,8470,0
AML,D,20191105,000000,36.2,36.5,35,36.5,17127,0
AML,D,20191106,000000,36.6,37.4,36.6,37.4,879,0
AML,D,20191107,000000,37.4,37.6,36.7,37.4,1735,0
AML,D,20191108,000000,37.4,37.6,36.8,37.4,345,0
AML,D,20191112,000000,37.6,37.6,37.2,37.2,177,0
AML,D,20191113,000000,37.4,37.4,35.4,36.7,1393,0
AML,D,20191114,000000,36.7,36.7,35.6,36.2,1967,0
AML,D,20191115,000000,36.4,36.4,36.2,36.3,456,0
AML,D,20191118,000000,36.3,37,35.9,36,972,0
AML,D,20191119,000000,35.6,36.9,35.6,36.7,117537,0
AML,D,20191120,000000,36.9,37.7,36.9,37.5,6047,0
AML,D,20191121,000000,37.6,37.9,37.1,37.3,2132,0
AML,D,20191122,000000,37.9,38.4,37.2,37.4,43585,0
AML,D,20191125,000000,38,38,37.4,37.9,735,0
AML,D,20191126,000000,38.2,38.2,37.5,37.5,342,0
AML,D,20191127,000000,37.5,37.9,37.5,37.6,399,0
AML,D,20191128,000000,37.9,38.2,37.9,38.1,3005,0
AML,D,20191129,000000,38.2,40.4,38.1,40,13124,0
AML,D,20191202,000000,40.4,41.1,40,40.2,6374,0
AML,D,20191203,000000,40.8,40.8,40,40.1,877,0
AML,D,20191204,000000,40.1,40.1,38.2,39.3,16362,0
AML,D,20191205,000000,39.3,40.2,39.3,40,930,0
AML,D,20191206,000000,39.6,40.3,39.6,40.3,861,0
AML,D,20191209,000000,40.7,40.7,38.2,39.7,206,0
AML,D,20191210,000000,39.7,39.7,39.7,39.7,410,0
AML,D,20191211,000000,39.9,39.9,39,39.4,1416,0
AML,D,20191212,000000,39.2,40.3,39.2,39.6,1211,0
AML,D,20191213,000000,40.2,40.4,40,40.2,1504,0
AML,D,20191216,000000,40.1,40.3,39.4,40,1337,0
AML,D,20191217,000000,39.8,40,39.2,40,585,0
AML,D,20191218,000000,39,40,39,39.5,198,0
AML,D,20191219,000000,39.3,39.5,39.2,39.5,590,0
AML,D,20191220,000000,39.4,39.5,39.1,39.2,4850,0
AML,D,20191223,000000,39,39.3,39,39.1,8729,0
AML,D,20191227,000000,39.1,39.7,39.1,39.1,1348,0
AML,D,20191230,000000,39.1,40.2,39.1,40.2,880,0
AML,D,20200102,000000,40.3,41.7,40,41.7,3293,0
AML,D,20200103,000000,41.7,43.6,41.1,43.5,12150,0
AML,D,20200107,000000,43.4,43.4,42.5,43,7260,0
AML,D,20200108,000000,43,43.4,43,43,1445,0
AML,D,20200109,000000,43.2,43.4,43,43.2,2005,0
AML,D,20200110,000000,43,43.6,43,43.5,25025,0
AML,D,20200113,000000,43.5,43.8,43.5,43.8,7498,0
AML,D,20200114,000000,43.9,45.1,43.5,45.1,6890,0
AML,D,20200115,000000,44.1,45.1,44.1,44.5,2564,0
AML,D,20200116,000000,44.5,45.1,44.5,45.1,8887,0
AML,D,20200117,000000,45.2,45.2,44.4,45,794,0
AML,D,20200120,000000,44.6,44.6,42.5,43.2,1146,0
AML,D,20200121,000000,43.5,44.6,43,44.6,1263,0
AML,D,20200122,000000,44.6,44.6,43.5,44.3,518,0
AML,D,20200123,000000,44.4,44.4,42.2,42.2,1486,0
AML,D,20200124,000000,42.5,43,41.6,43,2094,0
AML,D,20200127,000000,43,43.2,42.3,42.5,1084,0
AML,D,20200128,000000,42.1,42.7,42.1,42.7,2448,0
AML,D,20200129,000000,42.7,42.8,42.5,42.8,4209,0
AML,D,20200130,000000,42.9,43,42,42.9,1836,0
AML,D,20200131,000000,42.9,44,42.9,44,6235,0
AML,D,20200203,000000,44.4,44.6,44.1,44.5,6286,0
AML,D,20200204,000000,44.9,45.3,44.1,45.2,8605,0
AML,D,20200205,000000,45.3,45.6,45.1,45.4,3877,0
AML,D,20200206,000000,45.7,45.8,45.3,45.4,1292,0
AML,D,20200207,000000,45.3,45.8,45,45.1,8394,0
AML,D,20200210,000000,45.1,45.1,44.5,44.7,2319,0
AML,D,20200211,000000,44.5,45.4,44.5,45.4,18935,0
AML,D,20200212,000000,45.4,45.4,43.2,43.8,2982,0
AML,D,20200213,000000,44.4,44.4,43.8,43.8,1616,0
AML,D,20200214,000000,44.8,44.8,44.2,44.2,1531,0
AML,D,20200217,000000,44.2,46.3,44,46.3,9101,0
AML,D,20200218,000000,46.5,46.5,45.7,45.9,3530,0
AML,D,20200219,000000,46.1,46.9,46.1,46.3,5735,0
AML,D,20200220,000000,46.4,46.9,46,46.6,75820,0
AML,D,20200221,000000,46.5,46.8,45.8,46,37331,0
AML,D,20200224,000000,45.9,45.9,41.9,43,13088,0
AML,D,20200225,000000,43.2,44.8,42.3,43.5,35558,0
AML,D,20200226,000000,43.5,43.7,42.3,43.5,76732,0
AML,D,20200227,000000,43.5,43.5,40,40.1,9570,0
AML,D,20200228,000000,39.4,40,36.5,39,16501,0
AML,D,20200302,000000,37.3,40.6,37.3,38.2,11048,0
AML,D,20200303,000000,38.5,40,38.5,40,9238,0
AML,D,20200304,000000,39.8,40,39,39.7,3069,0
AML,D,20200305,000000,41,41,39,39.7,2013,0
AML,D,20200306,000000,40,40,38.2,38.5,3778,0
AML,D,20200309,000000,37.4,37.4,36.1,37.2,7446,0
AML,D,20200310,000000,36.5,38,36.5,37.7,16608,0
AML,D,20200311,000000,37,37.5,34.5,35,53761,0
AML,D,20200312,000000,33.6,33.6,32,32.8,17101,0
AML,D,20200313,000000,31,34.8,31,34.8,5459,0
AML,D,20200316,000000,31,32.3,28.2,31,31722,0
AML,D,20200317,000000,30.9,31.9,30.9,31.2,15673,0
AML,D,20200318,000000,30.8,31,29,29.5,9641,0
AML,D,20200319,000000,29.6,31,29.6,30.3,30685,0
AML,D,20200320,000000,30.7,32,30,30,10237,0
AML,D,20200323,000000,32.9,32.9,30,30,33859,0
AML,D,20200324,000000,30,32.4,30,32.3,6232,0
AML,D,20200325,000000,33,33.5,32.5,33,9649,0
AML,D,20200326,000000,32.5,33.9,32.5,33.9,9494,0
AML,D,20200327,000000,34,34.3,33.6,34.3,7615,0
AML,D,20200330,000000,34.3,34.3,33,33.9,13009,0
AML,D,20200331,000000,34.1,34.8,34.1,34.6,1509,0
AML,D,20200401,000000,34,34.6,33.6,34,1048,0
AML,D,20200402,000000,34,34.2,33.8,33.9,5614,0
AML,D,20200403,000000,33.9,33.9,33.1,33.1,7007,0
AML,D,20200406,000000,33.6,34.6,33.6,34.3,7108,0
AML,D,20200407,000000,34.5,36,34.5,35.1,2199,0
AML,D,20200408,000000,35.1,36.2,35.1,35.1,1244,0
AML,D,20200409,000000,35.5,36.9,35.3,36.5,1774,0
AML,D,20200414,000000,37.5,39,36.4,37,6534,0
AML,D,20200415,000000,37,37.9,35.1,36,904,0
AML,D,20200416,000000,36.1,36.1,34.8,35.7,719,0
AML,D,20200417,000000,35.5,37,35.5,37,1155,0
AML,D,20200420,000000,37,37.7,36.9,36.9,697,0
AML,D,20200421,000000,36.9,37,35.5,35.6,1027,0
AML,D,20200422,000000,35.5,37,35.5,36.9,261,0
AML,D,20200423,000000,35.5,37,35.1,37,487,0
AML,D,20200424,000000,36.3,36.9,36,36.1,100,0
AML,D,20200427,000000,36.1,36.9,36.1,36.1,1310,0
AML,D,20200428,000000,36.2,36.8,36.2,36.8,338,0
AML,D,20200429,000000,36.8,39.9,36.8,38,2300,0
AML,D,20200430,000000,40,40,38.9,39.1,5068,0
AML,D,20200504,000000,39.9,39.9,38.1,38.1,1845,0
AML,D,20200505,000000,39,39,37.5,37.8,3075,0
AML,D,20200506,000000,37.8,38.1,37.5,38.1,409,0
AML,D,20200507,000000,38.1,39.8,37.5,39.1,2786,0
AML,D,20200508,000000,39.1,39.1,39,39.1,126,0
AML,D,20200511,000000,38.7,39.1,38.7,39.1,114,0
AML,D,20200512,000000,39.1,39.1,38.5,39,196,0
AML,D,20200513,000000,39,39.1,38.2,38.2,482,0
AML,D,20200514,000000,38.2,38.2,37.5,38,790,0
AML,D,20200515,000000,37.5,37.5,33.8,35.2,13749,0
AML,D,20200518,000000,35.6,37,35.6,37,30795,0
AML,D,20200519,000000,37,37.4,36.8,37,1086,0
AML,D,20200520,000000,37,37,36.6,37,5095,0
AML,D,20200521,000000,36,37.5,36,37,276,0
AML,D,20200522,000000,37,38.8,37,38.3,1022,0
AML,D,20200525,000000,37.9,37.9,37,37.8,1018,0
AML,D,20200526,000000,37.7,38,37.7,38,506,0
AML,D,20200527,000000,38.1,38.1,37.5,38,1116,0
AML,D,20200528,000000,37.5,38,37.5,37.5,603,0
AML,D,20200529,000000,37.5,38.5,37.3,38.5,7137,0
AML,D,20200601,000000,38.4,38.7,37.8,38.3,8556,0
AML,D,20200602,000000,38.3,39.6,38.3,39.1,4051,0
AML,D,20200603,000000,39.2,41.7,39.2,40.4,54729,0
AML,D,20200604,000000,40.7,40.7,40,40.4,50797,0
AML,D,20200605,000000,40.1,41,40,40.4,3932,0
AML,D,20200608,000000,39.9,40.1,39.3,40,6538,0
AML,D,20200609,000000,39.9,40.6,39.8,40.1,5741,0
AML,D,20200610,000000,39.8,40.3,39.8,39.9,1686,0
AML,D,20200612,000000,39.1,39.9,38.7,39.7,654,0
AML,D,20200615,000000,39.4,39.4,39,39,19407,0
AML,D,20200616,000000,39.1,39.8,39.1,39.6,261,0
AML,D,20200617,000000,39.5,40.5,39.5,40.4,3840,0
AML,D,20200618,000000,40.5,40.5,39.8,40.3,364,0
AML,D,20200619,000000,39.8,40.5,39.8,40,313,0
AML,D,20200622,000000,40.6,40.6,39.6,39.8,584,0
AML,D,20200623,000000,39.9,40.5,39.6,40.5,3995,0
AML,D,20200624,000000,40.6,40.6,39.8,40.5,1694,0
AML,D,20200625,000000,39.9,40,39.5,40,5140,0
AML,D,20200626,000000,40.3,40.4,40.1,40.1,106,0
AML,D,20200629,000000,39.5,39.9,38.3,39.5,788,0
AML,D,20200630,000000,39,39,38.3,39,912,0
AML,D,20200701,000000,38.9,39,38,39,248,0
AML,D,20200702,000000,38.1,38.7,38.1,38.3,436,0
AML,D,20200703,000000,38.3,38.8,38.2,38.3,4521,0
AML,D,20200706,000000,38.4,39.9,38.4,39.9,1567,0
AML,D,20200707,000000,40,40.5,38.8,39,3178,0
AML,D,20200708,000000,39,39.4,38.4,38.4,2405,0
AML,D,20200709,000000,38.5,38.8,38.5,38.8,10022,0
AML,D,20200710,000000,39.5,39.5,38.6,38.6,451,0
