<TICKER>,<PER>,<DATE>,<TIME>,<OPEN>,<HIGH>,<LOW>,<CLOSE>,<VOL>,<OPENINT>
CDL,D,20141028,000000,12.805,12.972,12.47,12.755,57741,0
CDL,D,20141029,000000,12.762,12.881,12.721,12.871,13548,0
CDL,D,20141030,000000,12.871,13.475,12.871,13.475,21315,0
CDL,D,20141031,000000,13.592,14.06,13.592,14.052,22652,0
CDL,D,20141103,000000,14.119,14.638,14.06,14.22,20159,0
CDL,D,20141104,000000,14.462,14.462,13.743,13.743,9087,0
CDL,D,20141105,000000,13.743,14.018,13.743,13.959,2035,0
CDL,D,20141106,000000,13.935,13.935,13.726,13.935,2972,0
CDL,D,20141107,000000,13.893,14.227,13.491,14.227,15054,0
CDL,D,20141110,000000,14.186,14.588,13.86,14.479,2531,0
CDL,D,20141112,000000,14.387,14.771,14.387,14.771,3563,0
CDL,D,20141113,000000,14.881,15.475,14.881,15.399,2985,0
CDL,D,20141114,000000,15.617,15.902,15.324,15.818,7079,0
CDL,D,20141117,000000,15.985,16.738,15.985,16.32,11769,0
CDL,D,20141118,000000,16.487,16.487,16.154,16.344,2185,0
CDL,D,20141119,000000,15.909,16.01,15.566,15.902,4532,0
CDL,D,20141120,000000,15.902,15.902,15.734,15.902,3459,0
CDL,D,20141121,000000,15.742,15.902,15.742,15.902,3056,0
CDL,D,20141124,000000,15.902,16.236,15.483,16.069,6607,0
CDL,D,20141125,000000,15.893,15.893,15.483,15.734,2025,0
CDL,D,20141126,000000,15.893,15.902,15.734,15.734,2762,0
CDL,D,20141127,000000,16.32,16.32,16.069,16.228,275,0
CDL,D,20141128,000000,16.069,16.32,16.06,16.06,82,0
CDL,D,20141201,000000,15.902,15.902,15.902,15.902,597,0
CDL,D,20141202,000000,15.902,15.985,15.902,15.985,268,0
CDL,D,20141203,000000,15.483,15.902,15.399,15.885,2136,0
CDL,D,20141204,000000,15.893,15.893,15.734,15.734,640,0
CDL,D,20141205,000000,15.734,15.818,14.52,14.939,5150,0
CDL,D,20141208,000000,14.981,15.483,14.981,15.315,1112,0
CDL,D,20141209,000000,15.358,15.566,15.065,15.566,920,0
CDL,D,20141210,000000,15.566,15.566,15.065,15.399,1545,0
CDL,D,20141211,000000,15.399,15.399,14.645,15.114,2737,0
CDL,D,20141212,000000,15.065,15.065,14.645,15.04,1791,0
CDL,D,20141215,000000,15.223,15.223,15.223,15.223,5,0
CDL,D,20141216,000000,14.814,14.814,14.403,14.814,5137,0
CDL,D,20141217,000000,14.805,14.805,13.75,14.645,5916,0
CDL,D,20141218,000000,14.763,14.763,13.808,13.808,1990,0
CDL,D,20141219,000000,13.825,15.39,13.825,15.39,4108,0
CDL,D,20141222,000000,15.308,15.308,14.645,15.223,325,0
CDL,D,20141223,000000,15.181,15.181,14.645,15.048,280,0
CDL,D,20141229,000000,15.048,15.048,14.645,14.897,137,0
CDL,D,20141230,000000,14.889,14.889,14.889,14.889,25,0
CDL,D,20150102,000000,15.065,15.065,15.065,15.065,35,0
CDL,D,20150105,000000,15.056,15.308,14.645,14.971,209,0
CDL,D,20150107,000000,15.065,15.065,15.065,15.065,5,0
CDL,D,20150108,000000,15.048,15.274,14.981,15.065,1361,0
CDL,D,20150109,000000,15.065,15.308,14.563,14.563,1889,0
CDL,D,20150112,000000,14.563,14.897,14.52,14.897,1981,0
CDL,D,20150113,000000,15.056,15.065,14.981,15.056,437,0
CDL,D,20150114,000000,14.931,14.931,14.645,14.645,58,0
CDL,D,20150115,000000,14.269,14.939,13.808,14.763,1656,0
CDL,D,20150116,000000,14.763,14.889,14.763,14.889,186,0
CDL,D,20150119,000000,14.981,14.981,14.939,14.939,78,0
CDL,D,20150120,000000,14.881,14.897,14.881,14.897,10,0
CDL,D,20150121,000000,14.805,14.805,14.395,14.771,8408,0
CDL,D,20150122,000000,14.73,14.73,14.227,14.227,288,0
CDL,D,20150123,000000,14.227,14.227,13.517,13.641,10409,0
CDL,D,20150126,000000,13.935,13.935,13.223,13.626,12547,0
CDL,D,20150127,000000,13.768,13.768,13.557,13.557,155,0
CDL,D,20150128,000000,13.684,13.808,13.517,13.792,3740,0
CDL,D,20150129,000000,13.684,13.808,13.684,13.808,412,0
CDL,D,20150130,000000,13.85,14.06,13.641,13.893,4036,0
CDL,D,20150202,000000,14.044,14.044,13.18,13.85,1098,0
CDL,D,20150203,000000,13.867,13.867,13.39,13.733,448,0
CDL,D,20150204,000000,13.776,13.776,13.331,13.331,1487,0
CDL,D,20150205,000000,13.39,13.641,13.256,13.256,6685,0
CDL,D,20150206,000000,13.256,14.387,13.223,13.893,7510,0
CDL,D,20150209,000000,14.73,14.73,13.567,14.06,3444,0
CDL,D,20150210,000000,13.825,14.102,13.39,13.709,6900,0
CDL,D,20150211,000000,13.4,13.55,13.265,13.265,5523,0
CDL,D,20150212,000000,13.475,13.475,12.712,12.847,3735,0
CDL,D,20150213,000000,12.972,13.223,12.972,13.223,1459,0
CDL,D,20150216,000000,13.249,13.249,12.889,13.223,571,0
CDL,D,20150217,000000,13.223,13.223,12.822,12.822,1413,0
CDL,D,20150218,000000,12.972,13.223,12.972,13.223,2038,0
CDL,D,20150219,000000,13.249,14.086,13.249,13.808,2090,0
CDL,D,20150220,000000,13.808,14.145,13.808,13.808,2211,0
CDL,D,20150223,000000,13.407,13.776,13.4,13.768,1069,0
CDL,D,20150224,000000,13.768,13.768,13.39,13.39,4469,0
CDL,D,20150225,000000,13.475,13.475,13.223,13.232,3150,0
CDL,D,20150226,000000,13.475,13.475,13.265,13.475,1185,0
CDL,D,20150227,000000,13.475,14.06,13.223,13.223,15550,0
CDL,D,20150302,000000,13.223,13.641,13.056,13.6,5373,0
CDL,D,20150303,000000,13.39,13.641,13.39,13.39,3147,0
CDL,D,20150304,000000,13.239,13.39,13.056,13.256,2925,0
CDL,D,20150305,000000,13.39,13.55,13.39,13.55,3976,0
CDL,D,20150306,000000,13.776,13.776,13.557,13.675,3368,0
CDL,D,20150309,000000,13.733,13.776,13.39,13.39,3343,0
CDL,D,20150311,000000,13.557,13.557,13.39,13.39,606,0
CDL,D,20150312,000000,13.013,13.39,13.013,13.39,95,0
CDL,D,20150313,000000,13.139,13.149,13.139,13.139,6875,0
CDL,D,20150316,000000,13.475,13.475,13.149,13.149,19,0
CDL,D,20150317,000000,13.39,13.39,13.39,13.39,30,0
CDL,D,20150318,000000,13.517,13.808,13.517,13.808,776,0
CDL,D,20150319,000000,13.768,14.361,13.768,14.361,4340,0
CDL,D,20150320,000000,14.361,16.236,14.361,15.859,44647,0
CDL,D,20150323,000000,15.902,15.902,15.089,15.859,9198,0
CDL,D,20150324,000000,15.859,15.859,15.19,15.308,5299,0
CDL,D,20150325,000000,15.274,15.399,15.274,15.315,1093,0
CDL,D,20150326,000000,15.232,15.483,14.981,15.299,6879,0
CDL,D,20150327,000000,15.315,15.491,15.107,15.19,14473,0
CDL,D,20150330,000000,15.19,15.466,15.19,15.466,1104,0
CDL,D,20150331,000000,15.475,15.475,15.065,15.065,6326,0
CDL,D,20150401,000000,15.223,15.223,14.645,14.889,4436,0
CDL,D,20150402,000000,14.872,14.872,13.976,14.344,6494,0
CDL,D,20150407,000000,14.42,14.805,14.42,14.638,8851,0
CDL,D,20150408,000000,14.638,15.056,14.638,14.755,13390,0
CDL,D,20150409,000000,14.965,14.965,14.579,14.579,5415,0
CDL,D,20150410,000000,14.579,14.805,14.494,14.797,1332,0
CDL,D,20150413,000000,14.52,14.688,14.504,14.588,1625,0
CDL,D,20150414,000000,14.588,14.596,14.57,14.57,388,0
CDL,D,20150415,000000,14.553,14.553,14.236,14.52,2848,0
CDL,D,20150416,000000,14.479,14.479,14.353,14.353,3454,0
CDL,D,20150417,000000,14.353,14.814,14.353,14.814,1070,0
CDL,D,20150420,000000,14.805,14.805,14.487,14.73,4123,0
CDL,D,20150421,000000,15.04,15.04,14.462,14.889,1407,0
CDL,D,20150422,000000,14.889,14.889,14.504,14.721,1310,0
CDL,D,20150423,000000,14.797,14.797,14.789,14.789,429,0
CDL,D,20150424,000000,14.739,14.739,14.645,14.713,980,0
CDL,D,20150427,000000,14.755,14.755,14.227,14.563,5177,0
CDL,D,20150428,000000,14.688,14.688,14.227,14.412,1711,0
CDL,D,20150429,000000,14.57,14.57,14.227,14.227,2266,0
CDL,D,20150430,000000,14.227,14.47,14.086,14.47,2378,0
CDL,D,20150504,000000,14.563,14.563,14.377,14.377,304,0
CDL,D,20150505,000000,14.377,14.504,14.377,14.479,1842,0
CDL,D,20150506,000000,14.553,15.023,14.479,15.023,9001,0
CDL,D,20150507,000000,15.324,15.441,15.065,15.181,4994,0
CDL,D,20150508,000000,15.39,15.39,15.065,15.173,2464,0
CDL,D,20150511,000000,14.897,15.181,14.897,15.181,658,0
CDL,D,20150512,000000,15.065,15.065,14.688,15.056,3295,0
CDL,D,20150513,000000,15.048,15.048,14.494,14.897,2885,0
CDL,D,20150514,000000,14.897,14.897,14.286,14.645,6045,0
CDL,D,20150515,000000,14.06,14.093,12.972,13.667,25438,0
CDL,D,20150518,000000,13.667,14.638,13.641,14.638,11901,0
CDL,D,20150519,000000,14.52,14.645,14.353,14.395,1070,0
CDL,D,20150520,000000,14.604,14.604,13.808,13.9,6155,0
CDL,D,20150521,000000,14.337,14.337,13.935,14.261,1115,0
CDL,D,20150522,000000,14.261,14.436,13.9,14.312,3940,0
CDL,D,20150525,000000,14.355,14.573,14.224,14.224,303,0
CDL,D,20150526,000000,14.101,14.425,14.101,14.425,412,0
CDL,D,20150527,000000,14.407,14.417,14.179,14.179,1832,0
CDL,D,20150528,000000,14.179,14.179,14.179,14.179,914,0
CDL,D,20150529,000000,14.101,14.258,14.004,14.258,1224,0
CDL,D,20150601,000000,14.023,14.023,13.13,13.479,7591,0
CDL,D,20150602,000000,13.568,13.699,13.568,13.568,1230,0
CDL,D,20150603,000000,13.83,13.83,13.479,13.479,1430,0
CDL,D,20150605,000000,13.304,13.304,13.174,13.174,1054,0
CDL,D,20150608,000000,13.181,14.163,13.174,13.899,3025,0
CDL,D,20150609,000000,13.261,13.655,13.217,13.217,2136,0
CDL,D,20150610,000000,13.786,13.804,13.217,13.743,638,0
CDL,D,20150611,000000,13.717,13.786,13.279,13.786,4067,0
CDL,D,20150612,000000,13.812,13.812,13.445,13.523,354,0
CDL,D,20150615,000000,13.821,13.821,13.821,13.821,58,0
CDL,D,20150616,000000,13.568,13.568,13.401,13.568,685,0
CDL,D,20150617,000000,13.568,13.743,13.568,13.568,494,0
CDL,D,20150618,000000,13.568,13.568,13.401,13.401,155,0
CDL,D,20150619,000000,13.401,13.436,13.401,13.436,58,0
CDL,D,20150622,000000,13.786,13.786,13.786,13.786,5,0
CDL,D,20150623,000000,13.436,13.69,13.436,13.69,605,0
CDL,D,20150624,000000,13.699,13.699,13.479,13.479,1226,0
CDL,D,20150625,000000,13.646,13.646,13.304,13.62,105,0
CDL,D,20150626,000000,13.628,13.628,13.174,13.261,2006,0
CDL,D,20150629,000000,13.174,13.174,12.386,13.086,2927,0
CDL,D,20150630,000000,12.404,13.086,12.404,13.086,186,0
CDL,D,20150701,000000,12.78,13.349,12.692,13.349,2068,0
CDL,D,20150702,000000,13.349,13.909,13.349,13.909,4292,0
CDL,D,20150703,000000,13.918,13.918,13.584,13.584,674,0
CDL,D,20150706,000000,13.821,13.821,13.217,13.217,100,0
CDL,D,20150707,000000,13.217,13.261,13.217,13.243,75,0
CDL,D,20150708,000000,13.743,13.743,13.226,13.743,1005,0
CDL,D,20150709,000000,13.786,13.795,13.786,13.795,222,0
CDL,D,20150710,000000,13.987,13.987,13.987,13.987,125,0
CDL,D,20150713,000000,13.997,13.997,13.568,13.568,582,0
CDL,D,20150714,000000,13.743,13.743,13.304,13.568,19,0
CDL,D,20150715,000000,13.83,13.83,13.313,13.776,354,0
CDL,D,20150716,000000,13.821,13.821,13.322,13.743,1286,0
CDL,D,20150717,000000,13.961,13.961,13.261,13.786,121,0
CDL,D,20150720,000000,13.261,13.471,12.499,12.963,1932,0
CDL,D,20150721,000000,13.349,13.349,12.692,12.735,1210,0
CDL,D,20150722,000000,12.692,12.692,12.692,12.692,432,0
CDL,D,20150723,000000,13.383,13.383,13.13,13.13,82,0
CDL,D,20150724,000000,13.479,13.479,13.13,13.217,112,0
CDL,D,20150727,000000,13.217,13.62,13.217,13.62,157,0
CDL,D,20150728,000000,13.568,13.568,13.568,13.568,349,0
CDL,D,20150729,000000,13.568,13.568,13.568,13.568,54,0
CDL,D,20150730,000000,13.568,13.865,13.568,13.865,356,0
CDL,D,20150731,000000,13.637,13.637,12.701,13.383,1300,0
CDL,D,20150803,000000,13.392,13.392,13.217,13.392,914,0
CDL,D,20150804,000000,13.226,13.226,13.217,13.217,1009,0
CDL,D,20150806,000000,13.217,13.217,12.999,13.13,432,0
CDL,D,20150807,000000,13.383,13.558,13.383,13.558,1168,0
CDL,D,20150810,000000,13.558,13.69,13.436,13.69,3190,0
CDL,D,20150811,000000,13.743,13.743,13.699,13.699,425,0
CDL,D,20150812,000000,13.743,13.743,13.584,13.69,53,0
CDL,D,20150813,000000,13.164,13.69,13.164,13.69,4,0
CDL,D,20150814,000000,13.568,13.568,13.523,13.568,78,0
CDL,D,20150817,000000,13.899,14.434,13.899,14.329,52821,0
CDL,D,20150818,000000,14.39,14.39,14.04,14.224,2655,0
CDL,D,20150819,000000,14.302,14.302,13.987,13.987,59155,0
CDL,D,20150820,000000,14.004,14.031,13.594,13.918,824,0
CDL,D,20150821,000000,14.179,14.179,14.179,14.179,3,0
CDL,D,20150824,000000,13.961,13.961,13.007,13.27,8314,0
CDL,D,20150825,000000,13.462,13.462,13.13,13.34,2143,0
CDL,D,20150826,000000,13.409,13.506,13.077,13.506,1644,0
CDL,D,20150827,000000,13.506,13.83,13.392,13.83,19424,0
CDL,D,20150828,000000,13.83,14.004,13.83,14.004,1227,0
CDL,D,20150831,000000,13.997,13.997,13.453,13.918,1290,0
CDL,D,20150901,000000,13.918,13.918,13.226,13.83,3660,0
CDL,D,20150902,000000,13.83,13.83,13.479,13.479,344,0
CDL,D,20150903,000000,13.479,14.031,13.479,14.004,4488,0
CDL,D,20150904,000000,14.004,14.329,14.004,14.092,7723,0
CDL,D,20150907,000000,13.97,14.092,13.97,14.092,1975,0
CDL,D,20150908,000000,14.25,14.25,14.004,14.004,1384,0
CDL,D,20150909,000000,14.004,14.329,14.004,14.329,570,0
CDL,D,20150910,000000,14.345,14.345,14.014,14.014,184,0
CDL,D,20150911,000000,14.014,14.329,14.004,14.004,800,0
CDL,D,20150914,000000,14.004,14.338,14.004,14.014,1943,0
CDL,D,20150915,000000,14.004,14.048,14.004,14.004,2674,0
CDL,D,20150916,000000,14.004,14.004,14.004,14.004,3544,0
CDL,D,20150917,000000,14.004,14.004,14.004,14.004,898,0
CDL,D,20150918,000000,13.672,14.004,13.672,14.004,130,0
CDL,D,20150921,000000,14.179,14.179,14.004,14.004,913,0
CDL,D,20150922,000000,14.163,14.163,14.004,14.092,5826,0
CDL,D,20150923,000000,14.092,14.338,14.092,14.338,698,0
CDL,D,20150924,000000,14.345,14.345,14.345,14.345,12,0
CDL,D,20150925,000000,14.345,14.486,14.345,14.443,2372,0
CDL,D,20150928,000000,14.443,14.443,14.092,14.355,722,0
CDL,D,20150929,000000,14.443,14.443,14.092,14.268,405,0
CDL,D,20150930,000000,14.355,14.355,14.355,14.355,2,0
CDL,D,20151001,000000,14.443,14.994,14.355,14.994,6696,0
CDL,D,20151002,000000,14.994,14.994,14.566,14.898,1200,0
CDL,D,20151005,000000,15.09,15.536,14.915,15.317,1709,0
CDL,D,20151006,000000,15.317,15.659,15.187,15.624,2830,0
CDL,D,20151007,000000,15.633,15.756,15.633,15.747,2646,0
CDL,D,20151008,000000,15.747,15.747,15.44,15.747,385,0
CDL,D,20151009,000000,15.756,16.237,15.756,16.106,5399,0
CDL,D,20151012,000000,16.106,16.727,16.106,16.709,8624,0
CDL,D,20151013,000000,16.709,16.709,16.368,16.455,8092,0
CDL,D,20151014,000000,16.455,16.455,16.106,16.455,1019,0
CDL,D,20151015,000000,16.447,16.455,16.447,16.455,5426,0
CDL,D,20151016,000000,16.455,16.455,16.202,16.28,20898,0
CDL,D,20151019,000000,16.429,16.455,16.429,16.455,4743,0
CDL,D,20151020,000000,16.368,16.368,16.359,16.359,91,0
CDL,D,20151021,000000,16.359,16.544,15.931,16.544,14310,0
CDL,D,20151022,000000,16.631,16.85,16.631,16.631,1599,0
CDL,D,20151023,000000,16.85,16.85,16.674,16.674,129,0
CDL,D,20151026,000000,16.841,16.841,16.841,16.841,29,0
CDL,D,20151027,000000,16.806,16.841,16.544,16.841,3344,0
CDL,D,20151028,000000,16.841,16.841,16.631,16.806,374,0
CDL,D,20151029,000000,16.631,16.841,16.553,16.841,476,0
CDL,D,20151030,000000,16.806,16.806,16.762,16.762,21,0
CDL,D,20151102,000000,16.762,16.762,16.631,16.762,671,0
CDL,D,20151103,000000,16.762,16.762,16.631,16.631,271,0
CDL,D,20151104,000000,16.762,16.806,16.762,16.806,2,0
CDL,D,20151105,000000,16.841,16.981,16.719,16.719,2796,0
CDL,D,20151106,000000,16.719,16.788,16.631,16.788,1240,0
CDL,D,20151109,000000,16.788,16.894,16.788,16.806,693,0
CDL,D,20151110,000000,16.937,16.937,16.719,16.806,988,0
CDL,D,20151112,000000,16.814,18.241,16.719,17.944,15354,0
CDL,D,20151113,000000,18.206,18.206,17.165,17.165,6835,0
CDL,D,20151116,000000,16.954,16.981,16.902,16.981,4504,0
CDL,D,20151117,000000,16.946,17.314,16.719,16.745,14521,0
CDL,D,20151118,000000,16.754,17.103,16.754,17.068,4001,0
CDL,D,20151119,000000,17.068,17.323,17.06,17.323,8062,0
CDL,D,20151120,000000,17.436,18.478,17.436,18.478,14029,0
CDL,D,20151123,000000,18.6,18.749,18.6,18.687,1962,0
CDL,D,20151124,000000,18.732,18.732,18.381,18.627,727,0
CDL,D,20151125,000000,18.627,20.289,18.627,19.913,6713,0
CDL,D,20151126,000000,19.781,19.781,18.627,19.256,2083,0
CDL,D,20151127,000000,19.082,19.082,18.697,18.82,330,0
CDL,D,20151130,000000,18.827,19.781,18.827,19.781,6619,0
CDL,D,20151201,000000,19.781,19.781,19.256,19.266,1372,0
CDL,D,20151202,000000,19.266,19.694,18.697,18.759,4799,0
CDL,D,20151203,000000,18.759,19.606,18.74,18.959,1409,0
CDL,D,20151204,000000,19.082,20.114,19.082,20.114,3838,0
CDL,D,20151207,000000,20.124,20.124,19.694,19.694,1934,0
CDL,D,20151208,000000,19.694,19.694,19.344,19.344,7996,0
CDL,D,20151209,000000,19.344,19.344,18.846,19.256,391,0
CDL,D,20151210,000000,19.344,19.344,19.222,19.222,222,0
CDL,D,20151211,000000,19.344,19.344,18.19,18.381,6320,0
CDL,D,20151214,000000,18.381,18.381,16.823,17.095,5461,0
CDL,D,20151215,000000,17.148,17.717,17.129,17.717,8631,0
CDL,D,20151216,000000,18.145,18.145,17.506,17.602,2017,0
CDL,D,20151217,000000,17.602,18.285,17.602,17.944,943,0
CDL,D,20151218,000000,18.285,18.6,17.944,18.285,201,0
CDL,D,20151221,000000,18.468,18.468,18.426,18.461,159,0
CDL,D,20151222,000000,18.461,18.461,18.39,18.39,23,0
CDL,D,20151223,000000,18.468,19.483,18.468,19.344,1204,0
CDL,D,20151228,000000,19.344,19.686,19.256,19.686,16256,0
CDL,D,20151229,000000,19.686,20.132,19.678,20.132,1129,0
CDL,D,20151230,000000,20.175,20.815,20.175,20.482,4529,0
CDL,D,20160104,000000,20.482,20.482,20.482,20.482,114,0
CDL,D,20160105,000000,20.482,20.482,19.791,19.949,4352,0
CDL,D,20160107,000000,20.132,20.132,19.256,19.256,492,0
CDL,D,20160108,000000,19.256,19.256,17.682,18.801,1016,0
CDL,D,20160111,000000,18.82,18.82,18.206,18.381,475,0
CDL,D,20160112,000000,18.381,18.653,18.381,18.653,147,0
CDL,D,20160113,000000,18.976,18.976,18.381,18.381,623,0
CDL,D,20160114,000000,18.478,18.478,17.847,18.118,193,0
CDL,D,20160115,000000,17.594,17.944,17.427,17.427,4557,0
CDL,D,20160118,000000,17.323,17.323,16.018,16.018,4161,0
CDL,D,20160119,000000,14.968,16.045,14.968,15.756,19525,0
CDL,D,20160120,000000,15.931,17.235,15.773,17.235,3456,0
CDL,D,20160121,000000,16.709,17.497,15.843,17.497,41398,0
CDL,D,20160122,000000,17.463,17.479,17.463,17.479,13,0
CDL,D,20160125,000000,17.41,17.41,16.92,17.401,121,0
CDL,D,20160126,000000,17.243,17.243,16.631,17.155,4614,0
CDL,D,20160127,000000,17.2,17.2,16.631,17.068,3857,0
CDL,D,20160128,000000,17.016,17.016,16.631,16.631,836,0
CDL,D,20160129,000000,16.64,16.762,16.429,16.762,620,0
CDL,D,20160201,000000,16.762,16.806,16.762,16.806,351,0
CDL,D,20160202,000000,16.806,17.2,16.806,17.2,65,0
CDL,D,20160203,000000,17.2,17.323,17.2,17.323,350,0
CDL,D,20160204,000000,17.323,18.293,16.894,18.293,887,0
CDL,D,20160205,000000,18.241,18.39,18.206,18.373,797,0
CDL,D,20160208,000000,18.293,18.364,17.857,18.364,1604,0
CDL,D,20160209,000000,18.381,18.381,17.987,17.987,141,0
CDL,D,20160210,000000,17.987,19.256,17.987,18.82,3467,0
CDL,D,20160211,000000,18.82,18.82,18.293,18.81,307,0
CDL,D,20160212,000000,18.81,19.256,18.732,19.256,1215,0
CDL,D,20160215,000000,19.256,19.606,18.82,19.256,1811,0
CDL,D,20160216,000000,19.256,19.483,19.002,19.483,219,0
CDL,D,20160217,000000,19.519,19.519,18.908,18.908,756,0
CDL,D,20160218,000000,18.995,19.519,18.862,19.256,298,0
CDL,D,20160219,000000,19.519,19.519,18.74,18.827,4531,0
CDL,D,20160222,000000,18.827,19.179,18.827,19.179,323,0
CDL,D,20160223,000000,19.179,19.509,19.179,19.256,3220,0
CDL,D,20160224,000000,19.519,19.519,19.389,19.389,212,0
CDL,D,20160225,000000,19.519,19.651,19.256,19.256,1458,0
CDL,D,20160226,000000,19.606,19.651,19.256,19.292,652,0
CDL,D,20160229,000000,19.519,19.519,18.74,18.74,343,0
CDL,D,20160301,000000,18.74,19.256,18.74,19.212,236,0
CDL,D,20160302,000000,19.606,19.606,19.519,19.519,18,0
CDL,D,20160303,000000,19.519,19.519,18.749,19.389,371,0
CDL,D,20160304,000000,19.519,19.519,19.431,19.519,1582,0
CDL,D,20160307,000000,19.519,19.519,18.908,19.519,4048,0
CDL,D,20160308,000000,19.519,19.519,19.169,19.431,757,0
CDL,D,20160309,000000,19.519,19.519,19.389,19.503,240,0
CDL,D,20160310,000000,19.503,19.606,19.503,19.606,1292,0
CDL,D,20160311,000000,19.606,19.606,19.519,19.606,104,0
CDL,D,20160314,000000,19.606,19.606,19.431,19.606,763,0
CDL,D,20160315,000000,19.606,19.694,19.606,19.694,777,0
CDL,D,20160316,000000,19.694,19.694,19.694,19.694,49,0
CDL,D,20160317,000000,19.694,20.114,19.59,20.114,1041,0
CDL,D,20160318,000000,19.694,20.132,19.694,20.132,9902,0
CDL,D,20160321,000000,20.324,21.007,20.14,21.007,6699,0
CDL,D,20160322,000000,21.007,21.007,20.657,20.744,3784,0
CDL,D,20160323,000000,20.744,20.744,20.674,20.744,742,0
CDL,D,20160324,000000,20.744,20.744,20.744,20.744,289,0
CDL,D,20160329,000000,20.919,21.007,20.832,21.007,696,0
CDL,D,20160330,000000,21.007,21.007,20.667,21.007,445,0
CDL,D,20160331,000000,21.007,21.007,20.667,20.815,2383,0
CDL,D,20160401,000000,20.728,20.919,19.957,20.124,3619,0
CDL,D,20160404,000000,20.132,20.132,19.877,19.887,2167,0
CDL,D,20160405,000000,19.651,19.651,18.934,19.477,5622,0
CDL,D,20160406,000000,19.869,20.667,19.869,20.657,22579,0
CDL,D,20160407,000000,20.701,22.705,20.701,22.661,11350,0
CDL,D,20160408,000000,22.661,22.933,22.154,22.846,3796,0
CDL,D,20160411,000000,22.758,24.228,22.758,24.071,4785,0
CDL,D,20160412,000000,24.071,24.946,24.071,24.946,34345,0
CDL,D,20160413,000000,25.209,27.38,25.191,27.31,109844,0
CDL,D,20160414,000000,27.3,28.447,26.785,26.785,5764,0
CDL,D,20160415,000000,26.785,28.01,26.785,27.923,11656,0
CDL,D,20160418,000000,27.923,28.01,27.143,27.835,2879,0
CDL,D,20160419,000000,27.747,27.747,25.664,26.478,2549,0
CDL,D,20160420,000000,26.434,26.434,25.349,25.349,2540,0
CDL,D,20160421,000000,25.288,25.647,24.43,24.937,1687,0
CDL,D,20160422,000000,24.937,27.135,24.219,26.96,1090,0
CDL,D,20160425,000000,26.96,26.96,26.259,26.268,30556,0
CDL,D,20160426,000000,26.268,26.268,25.997,26.268,3960,0
CDL,D,20160427,000000,26.268,26.924,26.268,26.924,1526,0
CDL,D,20160428,000000,26.924,26.924,26.014,26.391,849,0
CDL,D,20160429,000000,26.995,27.843,26.995,27.571,2530,0
CDL,D,20160502,000000,27.571,27.571,26.434,27.571,657,0
CDL,D,20160504,000000,27.571,27.571,26.609,26.828,2443,0
CDL,D,20160505,000000,26.696,26.828,26.696,26.828,260,0
CDL,D,20160506,000000,27.135,27.135,26.696,26.696,433,0
CDL,D,20160509,000000,26.696,26.696,25.603,25.603,260,0
CDL,D,20160510,000000,26.259,26.259,26.216,26.216,60,0
CDL,D,20160511,000000,27.135,27.135,25.558,25.558,3675,0
CDL,D,20160512,000000,25.558,25.558,24.982,25.34,333,0
CDL,D,20160513,000000,25.209,25.883,24.089,25.883,4476,0
CDL,D,20160516,000000,26.119,26.119,25.428,26.067,1687,0
CDL,D,20160517,000000,25.471,26.127,25.471,26.127,1290,0
CDL,D,20160518,000000,26.172,26.172,25.822,26.172,1050,0
CDL,D,20160519,000000,26.172,26.172,26.172,26.172,2523,0
CDL,D,20160520,000000,26.216,26.303,25.296,26.303,238,0
CDL,D,20160523,000000,25.305,25.822,25.305,25.822,424,0
CDL,D,20160524,000000,25.961,26.084,25.383,26.084,5905,0
CDL,D,20160525,000000,26.084,26.172,25.392,26.172,5935,0
CDL,D,20160527,000000,26.172,26.172,26.172,26.172,2400,0
CDL,D,20160530,000000,26.224,26.224,26.084,26.084,6,0
CDL,D,20160531,000000,26.084,26.434,26.084,26.434,4515,0
CDL,D,20160601,000000,27.135,29.401,26.705,28.01,27593,0
CDL,D,20160602,000000,28.001,28.001,26.609,27.747,1233,0
CDL,D,20160603,000000,27.923,28.797,27.564,28.78,2913,0
CDL,D,20160606,000000,28.456,28.797,28.456,28.797,4108,0
CDL,D,20160607,000000,28.797,28.797,28.01,28.789,14193,0
CDL,D,20160608,000000,28.789,28.789,27.905,28.789,1233,0
CDL,D,20160609,000000,28.789,28.789,28.404,28.404,31,0
CDL,D,20160610,000000,28.404,28.404,26.785,28.001,909,0
CDL,D,20160613,000000,28.01,28.01,26.828,28.001,5328,0
CDL,D,20160614,000000,28.789,28.789,27.222,27.923,120,0
CDL,D,20160615,000000,28.526,28.526,27.047,27.135,733,0
CDL,D,20160616,000000,27.135,27.135,25.909,27.038,270,0
CDL,D,20160617,000000,27.029,27.135,27.029,27.135,258,0
CDL,D,20160620,000000,27.125,27.135,26.96,26.96,352,0
CDL,D,20160621,000000,26.872,26.872,26.521,26.521,1180,0
CDL,D,20160622,000000,26.811,26.811,26.172,26.811,59,0
CDL,D,20160623,000000,26.811,26.811,25.857,26.811,229,0
CDL,D,20160624,000000,25.383,26.163,23.896,25.822,2851,0
CDL,D,20160627,000000,25.822,25.83,25.376,25.376,525,0
CDL,D,20160628,000000,25.654,26.512,25.654,26.061,342,0
CDL,D,20160629,000000,26.061,26.782,25.43,25.7,2431,0
CDL,D,20160630,000000,25.339,26.061,24.933,26.061,3638,0
CDL,D,20160701,000000,26.502,26.502,25.249,26.422,347,0
CDL,D,20160704,000000,26.422,26.953,25.7,26.953,532,0
CDL,D,20160705,000000,26.963,28.224,26.963,26.98,527,0
CDL,D,20160706,000000,27.954,28.126,26.998,28.126,585,0
CDL,D,20160707,000000,28.126,28.126,28.126,28.126,2,0
CDL,D,20160708,000000,28.089,28.657,27.512,28.657,446,0
CDL,D,20160711,000000,28.667,29.667,28.667,29.667,929,0
CDL,D,20160712,000000,29.577,29.577,28.405,28.855,601,0
CDL,D,20160713,000000,28.855,28.855,27.954,28.405,477,0
CDL,D,20160714,000000,28.405,28.405,27.323,27.945,5,0
CDL,D,20160715,000000,27.945,27.945,27.864,27.864,2,0
CDL,D,20160718,000000,28.855,28.855,27.053,27.233,767,0
CDL,D,20160719,000000,27.268,29.442,27.268,29.442,1049,0
CDL,D,20160720,000000,29.442,29.442,28.134,28.855,437,0
CDL,D,20160721,000000,29.298,29.415,28.18,29.126,3821,0
CDL,D,20160722,000000,29.262,29.397,29.189,29.388,389,0
CDL,D,20160725,000000,29.306,29.667,28.405,28.855,16174,0
CDL,D,20160726,000000,29.667,29.667,29.397,29.622,1315,0
CDL,D,20160727,000000,29.847,31.002,29.659,29.667,4367,0
CDL,D,20160728,000000,29.983,29.983,29.938,29.938,6,0
CDL,D,20160729,000000,29.938,30.01,29.938,29.938,872,0
CDL,D,20160801,000000,30.92,30.92,30.659,30.659,1081,0
CDL,D,20160802,000000,29.667,30.65,29.496,30.641,300,0
CDL,D,20160803,000000,30.984,30.984,29.757,30.65,231,0
CDL,D,20160804,000000,30.659,30.659,29.397,30.659,7487,0
CDL,D,20160805,000000,30.659,30.659,29.757,29.757,390,0
CDL,D,20160808,000000,29.757,30.046,29.306,30.046,6406,0
CDL,D,20160809,000000,30.055,30.29,28.91,29.757,792,0
CDL,D,20160810,000000,30.641,30.641,28.955,30.29,324,0
CDL,D,20160811,000000,30.641,30.641,29.135,30.298,255,0
CDL,D,20160812,000000,30.2,30.2,27.323,28.811,7899,0
CDL,D,20160816,000000,28.802,28.811,27.963,28.405,449,0
CDL,D,20160817,000000,28.314,28.314,25.745,26.466,6668,0
CDL,D,20160818,000000,26.466,27.945,26.466,27.945,346,0
CDL,D,20160819,000000,27.882,28.044,26.52,27.053,3372,0
CDL,D,20160822,000000,27.053,27.414,26.62,27.395,234,0
CDL,D,20160823,000000,27.395,27.395,27.359,27.359,18,0
CDL,D,20160824,000000,27.35,27.35,26.196,27.241,717,0
CDL,D,20160825,000000,27.241,27.241,26.249,27.053,715,0
CDL,D,20160826,000000,27.142,27.142,26.196,27.043,1794,0
CDL,D,20160829,000000,26.602,26.755,26.15,26.745,664,0
CDL,D,20160830,000000,26.745,26.745,25.79,26.602,1314,0
CDL,D,20160831,000000,26.602,26.602,26.15,26.331,1168,0
CDL,D,20160901,000000,26.593,26.602,25.52,26.512,15545,0
CDL,D,20160902,000000,26.782,26.782,26.15,26.602,11605,0
CDL,D,20160905,000000,27.043,28.134,26.791,28.134,4648,0
CDL,D,20160906,000000,28.297,28.946,28.297,28.855,3147,0
CDL,D,20160907,000000,28.946,28.946,28.45,28.901,754,0
CDL,D,20160908,000000,28.946,28.946,28.495,28.855,1230,0
CDL,D,20160909,000000,29.153,29.153,28.495,28.838,174,0
CDL,D,20160912,000000,27.954,28.765,27.954,28.757,1391,0
CDL,D,20160913,000000,28.828,28.855,28.765,28.855,299,0
CDL,D,20160914,000000,28.855,29.153,27.954,29.153,3603,0
CDL,D,20160915,000000,29.153,29.153,27.954,29.108,1051,0
CDL,D,20160916,000000,29.108,29.108,28.847,28.865,708,0
CDL,D,20160919,000000,29.108,29.108,28.855,28.855,89,0
CDL,D,20160920,000000,28.855,28.855,27.602,28.855,286,0
CDL,D,20160921,000000,28.855,28.901,27.972,28.901,1373,0
CDL,D,20160922,000000,28.855,28.855,27.954,28.675,264,0
CDL,D,20160923,000000,28.855,28.855,28.847,28.847,40,0
CDL,D,20160926,000000,28.847,28.847,28.405,28.405,556,0
CDL,D,20160927,000000,28.847,28.847,27.828,28.314,168,0
CDL,D,20160928,000000,28.847,28.847,27.233,28.314,2381,0
CDL,D,20160929,000000,28.387,28.387,28.314,28.387,501,0
CDL,D,20160930,000000,28.314,28.847,27.954,28.405,881,0
CDL,D,20161003,000000,28.405,28.748,28.405,28.748,1828,0
CDL,D,20161004,000000,28.748,29.306,28.567,29.306,600,0
CDL,D,20161005,000000,29.306,29.847,28.675,28.675,627,0
CDL,D,20161006,000000,28.765,29.216,28.224,29.216,3257,0
CDL,D,20161007,000000,29.126,29.126,28.765,28.765,10,0
CDL,D,20161010,000000,28.855,28.855,27.972,27.972,429,0
CDL,D,20161011,000000,28.405,28.405,28.405,28.405,177,0
CDL,D,20161012,000000,28.855,28.855,28.405,28.405,143,0
CDL,D,20161013,000000,28.134,28.405,28.134,28.405,11739,0
CDL,D,20161014,000000,28.405,28.405,27.882,27.909,124,0
CDL,D,20161017,000000,27.909,27.954,27.612,27.954,3068,0
CDL,D,20161018,000000,28.405,28.405,27.323,27.323,2514,0
CDL,D,20161019,000000,27.323,27.323,26.963,27.142,474,0
CDL,D,20161020,000000,28.414,28.414,27.151,28.405,241,0
CDL,D,20161021,000000,28.423,28.423,27.458,28.423,169,0
CDL,D,20161024,000000,28.765,28.765,27.684,27.684,615,0
CDL,D,20161025,000000,28.765,28.765,28.224,28.224,2,0
CDL,D,20161026,000000,28.224,28.224,28.224,28.224,245,0
CDL,D,20161027,000000,28.224,28.224,27.053,27.504,42,0
CDL,D,20161028,000000,28.224,28.224,28.224,28.224,2,0
CDL,D,20161031,000000,28.855,28.855,27.954,28.855,58,0
CDL,D,20161102,000000,28.855,28.855,27.053,28.802,563,0
CDL,D,20161103,000000,28.802,28.802,28.314,28.314,2,0
CDL,D,20161104,000000,28.792,28.792,27.142,28.224,262,0
CDL,D,20161107,000000,28.802,28.802,28.18,28.18,222,0
CDL,D,20161108,000000,28.757,28.757,27.935,27.935,47,0
CDL,D,20161109,000000,28.757,28.757,28.224,28.224,445,0
CDL,D,20161110,000000,28.523,28.523,26.998,27.504,1098,0
CDL,D,20161114,000000,27.675,27.675,26.15,26.331,1912,0
CDL,D,20161115,000000,26.593,26.593,25.835,25.988,4483,0
CDL,D,20161116,000000,25.971,25.971,23.4,25.231,4355,0
CDL,D,20161117,000000,25.222,25.222,24.438,25.113,1100,0
CDL,D,20161118,000000,24.842,24.842,23.581,24.338,11666,0
CDL,D,20161121,000000,24.257,24.257,23.671,24.257,756,0
CDL,D,20161122,000000,24.247,24.338,23.716,24.338,1096,0
CDL,D,20161123,000000,24.338,24.338,24.338,24.338,254,0
CDL,D,20161124,000000,24.338,24.338,23.174,23.652,5005,0
CDL,D,20161125,000000,22.679,23.536,22.544,23.446,2260,0
CDL,D,20161128,000000,23.617,23.617,22.633,23.617,109,0
CDL,D,20161129,000000,23.617,23.617,22.354,23.419,20,0
CDL,D,20161130,000000,23.409,23.409,22.354,22.354,261,0
CDL,D,20161201,000000,23.4,23.4,22.336,22.544,99,0
CDL,D,20161202,000000,23.4,23.4,22.995,22.995,2,0
CDL,D,20161205,000000,22.995,22.995,22.724,22.724,370,0
CDL,D,20161206,000000,22.544,24.798,22.544,24.347,1417,0
CDL,D,20161207,000000,24.842,25.681,24.617,25.249,7216,0
CDL,D,20161208,000000,25.988,25.988,23.454,25.249,11246,0
CDL,D,20161209,000000,25.988,25.988,24.446,24.798,2429,0
CDL,D,20161212,000000,24.788,24.788,24.338,24.338,450,0
CDL,D,20161213,000000,24.518,24.518,23.446,23.625,3403,0
CDL,D,20161214,000000,24.247,24.247,22.724,22.95,1588,0
CDL,D,20161215,000000,22.95,23.446,22.931,22.931,2651,0
CDL,D,20161216,000000,22.633,22.633,22.192,22.345,1663,0
CDL,D,20161219,000000,22.345,22.616,22.192,22.616,247,0
CDL,D,20161220,000000,22.616,22.616,22.264,22.534,1233,0
CDL,D,20161221,000000,22.616,22.616,22.454,22.454,2,0
CDL,D,20161222,000000,22.616,22.616,22.273,22.273,1168,0
CDL,D,20161223,000000,22.616,23.806,22.598,23.806,9066,0
CDL,D,20161227,000000,24.24,24.24,24.14,24.14,2,0
CDL,D,20161228,000000,24.158,24.158,23.084,24.076,1119,0
CDL,D,20161229,000000,24.131,24.131,24.121,24.121,2,0
CDL,D,20161230,000000,24.24,24.24,23.446,23.581,1675,0
CDL,D,20170102,000000,24.121,24.121,22.743,23.536,1253,0
CDL,D,20170103,000000,23.536,23.536,23.526,23.526,2,0
CDL,D,20170104,000000,23.536,23.536,23.355,23.536,158,0
CDL,D,20170105,000000,22.724,23.166,22.544,23.166,4003,0
CDL,D,20170109,000000,23.166,23.166,22.454,22.454,244,0
CDL,D,20170110,000000,23.166,23.166,22.454,22.724,1819,0
CDL,D,20170111,000000,22.724,22.724,22.318,22.363,685,0
CDL,D,20170112,000000,22.363,22.363,22.363,22.363,1449,0
CDL,D,20170113,000000,23.075,23.075,22.363,22.886,1210,0
CDL,D,20170116,000000,22.904,22.904,22.363,22.886,1492,0
CDL,D,20170117,000000,22.886,22.886,22.363,22.886,52,0
CDL,D,20170118,000000,22.886,23.255,22.363,22.67,3121,0
CDL,D,20170119,000000,23.409,23.409,23.193,23.193,2,0
CDL,D,20170120,000000,23.193,23.193,22.544,22.544,65,0
CDL,D,20170123,000000,22.472,22.472,22.472,22.472,62,0
CDL,D,20170124,000000,22.472,22.472,22.048,22.048,366,0
CDL,D,20170125,000000,21.732,21.912,20.966,21.912,1280,0
CDL,D,20170126,000000,21.912,21.912,21.904,21.904,22,0
CDL,D,20170127,000000,21.912,22.923,21.912,22.923,520,0
CDL,D,20170130,000000,23.193,23.193,23.111,23.193,76,0
CDL,D,20170131,000000,23.193,23.193,22.985,22.985,230,0
CDL,D,20170201,000000,22.985,22.985,22.363,22.544,435,0
CDL,D,20170202,000000,22.714,22.714,22.363,22.363,2,0
CDL,D,20170203,000000,22.363,22.363,21.19,22.264,12319,0
CDL,D,20170206,000000,22.256,22.256,21.056,21.408,4745,0
CDL,D,20170207,000000,21.19,21.408,20.649,21.408,2224,0
CDL,D,20170208,000000,21.371,21.371,21.19,21.371,540,0
CDL,D,20170209,000000,21.371,21.371,20.515,20.524,17838,0
CDL,D,20170210,000000,20.695,20.767,20.027,20.424,16969,0
CDL,D,20170213,000000,20.424,20.559,19.929,20.551,874,0
CDL,D,20170214,000000,19.793,20.019,19.568,19.974,6868,0
CDL,D,20170215,000000,20.136,20.551,20.136,20.551,1794,0
CDL,D,20170216,000000,20.551,22.444,20.289,22.092,4582,0
CDL,D,20170217,000000,22.092,22.092,21.634,22.048,3681,0
CDL,D,20170220,000000,21.822,22.408,21.641,22.408,1628,0
CDL,D,20170221,000000,22.408,22.408,22.408,22.408,172,0
CDL,D,20170222,000000,22.363,22.814,21.976,22.814,5435,0
CDL,D,20170223,000000,23.075,23.716,23.075,23.716,3014,0
CDL,D,20170224,000000,23.762,25.069,23.4,25.069,6715,0
CDL,D,20170227,000000,24.959,24.979,23.545,24.528,524,0
CDL,D,20170228,000000,24.528,24.528,22.102,22.995,5491,0
CDL,D,20170301,000000,23.436,24.33,23.436,24.33,1508,0
CDL,D,20170302,000000,24.33,24.438,23.355,24.438,506,0
CDL,D,20170303,000000,24.518,24.617,23.896,24.617,1535,0
CDL,D,20170306,000000,24.617,24.617,22.77,24.438,2234,0
CDL,D,20170307,000000,24.708,24.708,23.896,23.896,372,0
CDL,D,20170308,000000,24.662,24.662,24.617,24.617,11,0
CDL,D,20170309,000000,22.995,24.076,22.995,24.076,403,0
CDL,D,20170310,000000,24.347,24.347,23.987,24.338,289,0
CDL,D,20170313,000000,24.338,24.338,22.579,22.995,1430,0
CDL,D,20170314,000000,22.417,23.896,22.417,23.896,280,0
CDL,D,20170315,000000,23.851,23.851,23.265,23.265,5,0
CDL,D,20170316,000000,24.338,24.338,22.777,23.806,1118,0
CDL,D,20170317,000000,23.806,23.806,23.319,23.806,4711,0
CDL,D,20170320,000000,22.814,23.914,22.814,23.914,735,0
CDL,D,20170321,000000,24.338,26.132,24.338,24.861,16327,0
CDL,D,20170322,000000,24.87,24.888,24.798,24.798,3317,0
CDL,D,20170323,000000,25.33,25.33,24.798,24.798,478,0
CDL,D,20170324,000000,24.347,25.069,24.347,24.979,190,0
CDL,D,20170327,000000,24.627,24.726,23.941,23.95,8664,0
CDL,D,20170328,000000,24.518,24.528,23.716,24.176,16262,0
CDL,D,20170329,000000,24.347,25.249,24.347,25.249,656,0
CDL,D,20170330,000000,25.691,26.034,25.249,26.034,6856,0
CDL,D,20170331,000000,26.15,26.15,26.025,26.034,1188,0
CDL,D,20170403,000000,26.034,26.331,26.034,26.142,1844,0
CDL,D,20170404,000000,26.331,26.331,25.628,26.034,1271,0
CDL,D,20170405,000000,26.159,28.675,26.034,27.494,6094,0
CDL,D,20170406,000000,27.504,27.585,27.504,27.504,850,0
CDL,D,20170407,000000,27.585,28.585,26.782,28.585,2646,0
CDL,D,20170410,000000,28.495,28.495,27.684,28.495,1398,0
CDL,D,20170411,000000,28.495,28.495,27.305,27.819,569,0
CDL,D,20170412,000000,27.819,27.819,27.305,27.323,449,0
CDL,D,20170413,000000,27.954,28.405,27.151,28.405,211,0
CDL,D,20170418,000000,28.405,28.405,27.053,28.314,227,0
CDL,D,20170419,000000,28.36,28.36,27.07,27.954,224,0
CDL,D,20170420,000000,28.314,28.36,28.314,28.314,445,0
CDL,D,20170421,000000,28.314,28.314,28.314,28.314,730,0
CDL,D,20170424,000000,28.36,28.36,28.36,28.36,57,0
CDL,D,20170425,000000,28.36,28.36,27.332,28.36,833,0
CDL,D,20170426,000000,28.36,28.36,27.323,28.36,22,0
CDL,D,20170427,000000,28.36,28.396,28.332,28.378,1814,0
CDL,D,20170428,000000,28.396,28.396,27.954,28.396,583,0
CDL,D,20170502,000000,28.63,28.63,27.638,28.585,241,0
CDL,D,20170504,000000,28.585,28.585,28.387,28.396,47,0
CDL,D,20170505,000000,28.396,28.396,27.774,27.774,11,0
CDL,D,20170508,000000,28.405,28.405,28.396,28.405,372,0
CDL,D,20170509,000000,28.405,28.765,27.638,28.765,3788,0
CDL,D,20170510,000000,28.765,30.379,28.765,30.371,2292,0
CDL,D,20170511,000000,30.344,30.344,30.29,30.29,283,0
CDL,D,20170512,000000,30.2,30.208,30.028,30.2,870,0
CDL,D,20170515,000000,30.298,30.298,29.307,29.757,673,0
CDL,D,20170516,000000,30.366,30.366,29.299,30.366,31,0
CDL,D,20170517,000000,31.488,31.488,29.299,29.477,212,0
CDL,D,20170518,000000,28.878,29.477,27.539,28.354,1139,0
CDL,D,20170519,000000,28.354,28.41,27.652,27.671,1034,0
CDL,D,20170522,000000,28.373,29.477,28.082,29.009,769,0
CDL,D,20170523,000000,29.477,29.477,28.869,29.467,366,0
CDL,D,20170524,000000,29.467,29.467,29.439,29.439,59,0
CDL,D,20170525,000000,29.439,29.935,29.439,29.935,1269,0
CDL,D,20170526,000000,30.038,30.038,29.477,30.038,354,0
CDL,D,20170529,000000,30.038,30.038,29.945,29.945,62,0
CDL,D,20170530,000000,29.477,30.038,29.477,30.038,33,0
CDL,D,20170531,000000,30.038,30.881,29.477,30.881,1265,0
CDL,D,20170601,000000,29.477,30.412,29.196,30.3,91,0
CDL,D,20170602,000000,30.412,30.412,30.31,30.31,5,0
CDL,D,20170605,000000,30.412,30.412,30.375,30.375,108,0
CDL,D,20170606,000000,29.945,30.384,29.935,30.384,608,0
CDL,D,20170607,000000,30.384,30.384,30.366,30.366,34,0
CDL,D,20170608,000000,30.375,30.375,29.009,30.319,227,0
CDL,D,20170609,000000,30.226,30.226,30.226,30.226,76,0
CDL,D,20170612,000000,30.226,30.226,28.915,30.216,631,0
CDL,D,20170613,000000,30.216,30.216,30.17,30.17,2,0
CDL,D,20170614,000000,30.384,30.384,30.132,30.132,2,0
CDL,D,20170616,000000,30.384,30.384,30.16,30.16,20,0
CDL,D,20170619,000000,30.16,30.16,29.851,29.851,6,0
CDL,D,20170620,000000,29.935,29.935,29.524,29.524,2,0
CDL,D,20170621,000000,29.477,29.945,28.793,29.945,2706,0
CDL,D,20170622,000000,29.945,29.945,29.945,29.945,2,0
CDL,D,20170623,000000,29.945,29.945,28.747,29.945,109,0
CDL,D,20170626,000000,29.945,29.945,29.571,29.945,195,0
CDL,D,20170627,000000,29.945,29.945,29.945,29.945,2,0
CDL,D,20170628,000000,29.945,29.945,29.477,29.945,39,0
CDL,D,20170629,000000,29.945,29.945,29.945,29.945,2,0
CDL,D,20170630,000000,29.945,29.945,29.945,29.945,2,0
CDL,D,20170703,000000,29.945,29.945,29.486,29.486,19,0
CDL,D,20170704,000000,29.486,29.935,29.477,29.898,294,0
CDL,D,20170705,000000,29.898,29.945,28.513,29.935,780,0
CDL,D,20170706,000000,29.945,29.945,29.196,29.196,65,0
CDL,D,20170707,000000,29.907,29.907,27.138,28.531,742,0
CDL,D,20170710,000000,28.531,28.531,28.531,28.531,175,0
CDL,D,20170711,000000,28.531,28.531,28.074,28.074,3,0
CDL,D,20170712,000000,28.531,28.531,27.184,27.98,354,0
CDL,D,20170713,000000,27.97,27.97,27.231,27.97,47,0
CDL,D,20170714,000000,27.97,27.98,27.97,27.98,121,0
CDL,D,20170717,000000,27.98,27.98,27.98,27.98,195,0
CDL,D,20170718,000000,27.98,27.98,27.886,27.886,76,0
CDL,D,20170719,000000,27.184,27.184,26.202,27.184,655,0
CDL,D,20170720,000000,27.605,27.605,26.248,27.605,1306,0
CDL,D,20170721,000000,27.605,27.605,25.93,26.202,154,0
CDL,D,20170724,000000,27.605,27.605,26.202,26.483,1554,0
CDL,D,20170725,000000,26.483,26.483,26.202,26.202,185,0
CDL,D,20170726,000000,25.93,26.202,25.93,26.202,266,0
CDL,D,20170727,000000,26.202,26.202,25.921,25.921,466,0
CDL,D,20170728,000000,25.921,26.519,25.275,26.519,440,0
CDL,D,20170731,000000,26.192,26.519,26.192,26.519,290,0
CDL,D,20170801,000000,26.529,26.529,26.379,26.379,259,0
CDL,D,20170802,000000,26.342,26.342,26.155,26.155,376,0
CDL,D,20170803,000000,26.155,26.155,25.734,25.734,502,0
CDL,D,20170804,000000,25.519,25.724,24.798,25.079,1221,0
CDL,D,20170807,000000,25.079,25.715,25.079,25.715,474,0
CDL,D,20170808,000000,25.715,25.715,24.798,25.687,964,0
CDL,D,20170809,000000,24.798,25.715,24.798,25.715,107,0
CDL,D,20170810,000000,25.715,25.715,25.715,25.715,1,0
CDL,D,20170811,000000,25.715,27.006,24.517,26.754,1903,0
CDL,D,20170814,000000,26.202,26.417,24.695,26.417,1305,0
CDL,D,20170816,000000,26.389,26.389,25.724,26.146,628,0
CDL,D,20170817,000000,26.146,26.146,26.014,26.014,71,0
CDL,D,20170818,000000,26.014,26.014,25.734,26.014,546,0
CDL,D,20170821,000000,26.014,28.064,24.892,27.877,1642,0
CDL,D,20170822,000000,27.699,28.401,26.669,27.802,1613,0
CDL,D,20170823,000000,27.793,27.802,27.175,27.175,1060,0
CDL,D,20170824,000000,27.175,28.054,27.175,28.045,997,0
CDL,D,20170825,000000,28.26,28.26,27.886,27.886,61,0
CDL,D,20170828,000000,27.886,27.886,27.839,27.839,2,0
CDL,D,20170829,000000,27.839,27.839,27.231,27.231,108,0
CDL,D,20170830,000000,27.231,27.231,26.529,27.138,114,0
CDL,D,20170831,000000,26.669,26.669,26.669,26.669,19,0
CDL,D,20170901,000000,27.138,27.138,25.407,25.828,55,0
CDL,D,20170904,000000,27.138,27.231,26.669,27.138,611,0
CDL,D,20170905,000000,27.839,27.839,27.222,27.839,443,0
CDL,D,20170906,000000,27.839,27.839,26.202,26.202,1529,0
CDL,D,20170907,000000,25.968,25.968,25.687,25.968,2641,0
CDL,D,20170908,000000,25.958,25.958,25.435,25.435,169,0
CDL,D,20170911,000000,25.453,25.453,24.331,24.788,1080,0
CDL,D,20170912,000000,24.788,24.798,24.331,24.601,1703,0
CDL,D,20170913,000000,24.611,24.611,24.592,24.592,739,0
CDL,D,20170914,000000,24.601,25.425,24.331,25.425,2659,0
CDL,D,20170915,000000,25.435,25.435,24.331,25.407,324,0
CDL,D,20170918,000000,24.265,25.397,24.265,24.265,187,0
CDL,D,20170919,000000,25.229,25.229,23.684,24.218,1189,0
CDL,D,20170920,000000,24.143,24.143,22.936,23.395,1876,0
CDL,D,20170921,000000,23.862,23.862,22.459,23.385,2187,0
CDL,D,20170922,000000,23.385,23.385,22.468,23.253,2145,0
CDL,D,20170925,000000,23.245,23.245,22.459,23.02,2388,0
CDL,D,20170926,000000,23.263,23.488,22.459,23.395,2967,0
CDL,D,20170927,000000,25.724,25.724,23.432,24.331,2113,0
CDL,D,20170928,000000,24.788,25.079,24.331,25.079,1157,0
CDL,D,20170929,000000,25.471,27.09,24.377,25.313,4169,0
CDL,D,20171002,000000,26.108,26.632,25.407,26.632,809,0
CDL,D,20171003,000000,26.66,26.66,24.161,25.359,657,0
CDL,D,20171004,000000,25.453,25.463,25.453,25.463,2,0
CDL,D,20171005,000000,26.669,28.813,24.798,27.708,971,0
CDL,D,20171006,000000,28.541,29.009,27.605,27.793,6365,0
CDL,D,20171009,000000,28.541,28.541,28.074,28.074,222,0
CDL,D,20171010,000000,28.074,28.074,27.98,27.98,6,0
CDL,D,20171011,000000,27.98,27.98,27.98,27.98,2,0
CDL,D,20171012,000000,27.1,27.98,27.1,27.1,144,0
CDL,D,20171013,000000,27.98,27.98,26.295,26.407,195,0
CDL,D,20171016,000000,26.407,27.24,26.407,27.24,64,0
CDL,D,20171017,000000,27.98,27.98,27.98,27.98,1,0
CDL,D,20171018,000000,27.886,27.886,27.511,27.511,3,0
CDL,D,20171019,000000,27.511,27.886,27.511,27.886,3,0
CDL,D,20171020,000000,27.511,27.511,26.389,27.11,189,0
CDL,D,20171023,000000,27.128,27.511,27.128,27.511,31,0
CDL,D,20171024,000000,26.407,27.128,26.014,26.295,554,0
CDL,D,20171025,000000,25.266,26.192,25.079,26.192,669,0
CDL,D,20171026,000000,27.128,27.128,26.183,27.026,430,0
CDL,D,20171027,000000,27.026,27.026,27.026,27.026,2,0
CDL,D,20171030,000000,27.026,27.026,27.026,27.026,111,0
CDL,D,20171031,000000,27.016,27.016,26.22,26.96,302,0
CDL,D,20171102,000000,27.016,27.026,27.016,27.026,107,0
CDL,D,20171103,000000,26.248,26.95,26.248,26.295,388,0
CDL,D,20171106,000000,26.295,26.295,26.192,26.192,266,0
CDL,D,20171107,000000,26.857,26.857,26.857,26.857,6,0
CDL,D,20171108,000000,26.857,26.857,26.211,26.295,799,0
CDL,D,20171109,000000,26.202,26.202,25.78,25.78,302,0
CDL,D,20171110,000000,25.359,25.359,25.266,25.266,332,0
CDL,D,20171113,000000,25.266,25.266,24.564,25.172,241,0
CDL,D,20171114,000000,25.266,25.266,23.862,25.079,5953,0
CDL,D,20171115,000000,25.079,25.079,23.591,24.321,1486,0
CDL,D,20171116,000000,24.611,24.611,23.395,23.395,222,0
CDL,D,20171117,000000,23.862,23.862,23.395,23.862,1328,0
CDL,D,20171120,000000,24.227,24.227,23.347,23.862,633,0
CDL,D,20171121,000000,24.209,24.209,23.347,24.133,364,0
CDL,D,20171122,000000,24.124,24.133,24.049,24.105,92,0
CDL,D,20171123,000000,24.133,24.133,23.395,23.395,1827,0
CDL,D,20171124,000000,23.862,23.862,22.786,23.076,1605,0
CDL,D,20171127,000000,23.113,23.273,23.113,23.273,198,0
CDL,D,20171128,000000,23.675,24.133,23.395,24.133,294,0
CDL,D,20171129,000000,24.948,24.948,23.862,24.704,625,0
CDL,D,20171130,000000,24.938,24.938,23.768,24.78,157,0
CDL,D,20171201,000000,24.78,24.78,24.19,24.19,93,0
CDL,D,20171204,000000,23.872,24.788,23.872,24.78,158,0
CDL,D,20171205,000000,24.78,24.78,24.704,24.704,69,0
CDL,D,20171206,000000,24.704,24.704,23.403,23.993,789,0
CDL,D,20171207,000000,23.993,23.993,23.993,23.993,1,0
CDL,D,20171208,000000,23.974,24.049,23.834,23.862,324,0
CDL,D,20171211,000000,24.387,24.387,23.834,24.302,302,0
CDL,D,20171212,000000,23.816,23.862,23.395,23.862,1228,0
CDL,D,20171213,000000,23.862,24.237,23.862,24.237,1234,0
CDL,D,20171214,000000,24.218,24.265,24.218,24.265,52,0
CDL,D,20171215,000000,24.265,24.265,23.395,23.816,849,0
CDL,D,20171218,000000,23.834,23.834,23.628,23.628,2,0
CDL,D,20171219,000000,23.628,23.628,22.926,22.936,2548,0
CDL,D,20171220,000000,22.936,22.936,22.748,22.833,118,0
CDL,D,20171221,000000,22.936,22.936,22.365,22.74,1705,0
CDL,D,20171222,000000,22.74,22.74,22.009,22.599,4165,0
CDL,D,20171227,000000,22.599,22.599,21.878,22.028,2550,0
CDL,D,20171228,000000,22.028,22.459,21.991,22.459,1775,0
CDL,D,20171229,000000,22.936,23.113,22.085,23.113,4510,0
CDL,D,20180103,000000,23.113,23.113,22.177,22.926,556,0
CDL,D,20180104,000000,22.926,22.926,22.459,22.459,314,0
CDL,D,20180105,000000,22.926,24.423,22.926,24.237,3132,0
CDL,D,20180108,000000,24.331,26.202,24.237,24.798,7689,0
CDL,D,20180109,000000,24.892,25.734,24.423,25.172,1816,0
CDL,D,20180110,000000,24.704,25.266,24.704,25.266,629,0
CDL,D,20180111,000000,25.547,25.64,24.892,24.892,1547,0
CDL,D,20180112,000000,25.266,25.266,24.704,24.704,1654,0
CDL,D,20180115,000000,24.985,24.985,24.517,24.798,497,0
CDL,D,20180116,000000,24.798,24.798,23.956,23.956,2492,0
CDL,D,20180117,000000,23.956,24.143,23.675,23.862,2166,0
CDL,D,20180118,000000,23.956,24.331,23.02,24.331,2829,0
CDL,D,20180119,000000,24.331,24.798,24.331,24.798,807,0
CDL,D,20180122,000000,24.798,25.079,24.331,25.079,324,0
CDL,D,20180123,000000,25.079,25.266,25.079,25.266,974,0
CDL,D,20180124,000000,25.547,28.074,25.266,27.511,10540,0
CDL,D,20180125,000000,27.511,28.822,26.389,28.635,7913,0
CDL,D,20180126,000000,28.635,28.635,28.166,28.26,2276,0
CDL,D,20180129,000000,28.354,28.447,28.074,28.354,656,0
CDL,D,20180130,000000,28.074,28.074,26.389,26.95,575,0
CDL,D,20180131,000000,26.669,27.98,26.669,27.98,1330,0
CDL,D,20180201,000000,27.98,27.98,26.669,27.793,698,0
CDL,D,20180202,000000,26.669,27.605,26.669,27.605,177,0
CDL,D,20180205,000000,27.605,27.605,26.669,27.325,52,0
CDL,D,20180206,000000,24.892,27.044,24.892,26.857,2308,0
CDL,D,20180207,000000,26.669,27.793,25.734,27.605,1690,0
CDL,D,20180208,000000,27.605,27.793,26.669,27.699,1797,0
CDL,D,20180209,000000,27.605,27.605,26.763,27.325,106,0
CDL,D,20180212,000000,27.138,27.511,26.576,27.511,377,0
CDL,D,20180213,000000,27.605,28.074,27.511,27.98,3430,0
CDL,D,20180214,000000,28.074,28.541,27.418,28.541,2101,0
CDL,D,20180215,000000,28.541,30.693,28.541,30.319,6638,0
CDL,D,20180216,000000,30.412,31.255,30.412,30.787,19046,0
CDL,D,20180219,000000,30.132,30.881,29.009,30.881,1793,0
CDL,D,20180220,000000,30.412,30.881,28.729,30.881,833,0
CDL,D,20180221,000000,30.881,30.881,30.6,30.6,366,0
CDL,D,20180222,000000,30.693,30.693,30.693,30.693,1,0
CDL,D,20180223,000000,30.881,30.881,29.664,30.787,2699,0
CDL,D,20180226,000000,30.881,30.881,29.851,30.787,575,0
CDL,D,20180227,000000,30.881,30.881,29.851,30.412,93,0
CDL,D,20180228,000000,30.412,30.412,29.009,30.412,337,0
CDL,D,20180301,000000,30.412,30.412,30.412,30.412,1,0
CDL,D,20180302,000000,29.945,29.945,28.541,28.541,1218,0
CDL,D,20180305,000000,29.009,29.009,27.138,29.009,1555,0
CDL,D,20180306,000000,29.851,29.851,29.851,29.851,1,0
CDL,D,20180307,000000,29.383,29.851,27.231,27.98,1336,0
CDL,D,20180308,000000,28.915,28.915,28.074,28.729,533,0
CDL,D,20180309,000000,28.915,28.915,28.166,28.915,312,0
CDL,D,20180312,000000,29.945,29.945,28.915,29.945,935,0
CDL,D,20180313,000000,30.787,30.787,28.074,28.635,885,0
CDL,D,20180314,000000,29.945,29.945,28.074,29.009,1485,0
CDL,D,20180315,000000,29.851,29.851,28.354,28.635,336,0
CDL,D,20180316,000000,29.757,29.945,28.729,29.945,905,0
CDL,D,20180319,000000,30.038,30.038,28.822,29.851,225,0
CDL,D,20180320,000000,29.757,29.945,29.009,29.757,3323,0
CDL,D,20180321,000000,29.477,29.477,28.635,29.29,388,0
CDL,D,20180322,000000,29.29,29.29,28.074,28.074,1140,0
CDL,D,20180323,000000,27.699,28.822,27.699,28.074,301,0
CDL,D,20180326,000000,28.822,28.822,28.074,28.074,2572,0
CDL,D,20180327,000000,28.822,28.822,27.699,28.074,81,0
CDL,D,20180328,000000,28.822,28.822,28.074,28.729,1365,0
CDL,D,20180329,000000,28.822,28.822,28.822,28.822,2,0
CDL,D,20180403,000000,28.822,28.822,28.729,28.822,3847,0
CDL,D,20180404,000000,28.822,28.822,28.822,28.822,1,0
CDL,D,20180405,000000,28.822,28.822,27.605,28.822,1819,0
CDL,D,20180406,000000,29.477,29.757,29.009,29.757,951,0
CDL,D,20180409,000000,29.009,29.664,28.541,29.664,440,0
CDL,D,20180410,000000,29.571,29.571,29.196,29.383,216,0
CDL,D,20180411,000000,29.571,29.571,29.477,29.477,516,0
CDL,D,20180412,000000,29.945,29.945,29.477,29.571,1582,0
CDL,D,20180413,000000,29.851,29.851,29.477,29.477,3,0
CDL,D,20180416,000000,29.945,29.945,29.009,29.851,838,0
CDL,D,20180417,000000,29.571,29.571,29.196,29.571,498,0
CDL,D,20180418,000000,29.851,29.851,29.477,29.851,692,0
CDL,D,20180419,000000,29.571,29.851,29.29,29.851,866,0
CDL,D,20180420,000000,29.851,29.945,29.477,29.945,352,0
CDL,D,20180423,000000,29.945,31.536,29.664,30.226,4923,0
CDL,D,20180424,000000,30.132,30.226,29.477,29.477,2590,0
CDL,D,20180425,000000,30.038,30.038,29.477,29.851,3283,0
CDL,D,20180426,000000,29.477,29.571,29.477,29.571,714,0
CDL,D,20180427,000000,29.851,30.038,29.571,30.038,3262,0
CDL,D,20180430,000000,30.6,30.6,29.571,29.571,322,0
CDL,D,20180502,000000,30.6,30.6,29.757,30.132,619,0
CDL,D,20180504,000000,30.6,30.6,29.571,30.506,156,0
CDL,D,20180507,000000,30.6,30.6,29.757,29.757,1194,0
CDL,D,20180508,000000,29.757,30.132,29.757,30.132,399,0
CDL,D,20180509,000000,30.132,30.132,29.383,29.383,202,0
CDL,D,20180510,000000,29.945,30.132,29.945,30.132,464,0
CDL,D,20180511,000000,30.132,30.132,29.477,29.945,1083,0
CDL,D,20180514,000000,30.412,30.412,29.477,29.945,1921,0
CDL,D,20180515,000000,30.138,30.428,29.945,30.428,497,0
CDL,D,20180516,000000,29.269,29.269,26.564,26.854,5381,0
CDL,D,20180517,000000,26.854,28.109,26.854,28.013,1942,0
CDL,D,20180518,000000,27.626,28.689,27.626,28.689,170,0
CDL,D,20180521,000000,28.689,28.689,27.626,28.689,122,0
CDL,D,20180522,000000,28.689,28.689,28.689,28.689,208,0
CDL,D,20180523,000000,28.979,28.979,27.626,28.979,235,0
CDL,D,20180524,000000,28.979,28.979,27.337,27.82,1619,0
CDL,D,20180525,000000,27.433,27.433,24.729,26.081,1976,0
CDL,D,20180528,000000,26.081,26.081,23.763,23.763,6498,0
CDL,D,20180529,000000,23.763,24.632,22.024,22.507,7149,0
CDL,D,20180530,000000,23.183,23.183,20.865,21.251,10962,0
CDL,D,20180601,000000,21.251,22.217,19.802,21.541,20194,0
CDL,D,20180604,000000,21.637,23.183,21.251,23.183,27682,0
CDL,D,20180605,000000,23.183,24.439,23.183,23.376,1802,0
CDL,D,20180606,000000,24.052,24.632,24.052,24.149,1729,0
CDL,D,20180607,000000,24.535,24.535,23.666,24.535,362,0
CDL,D,20180608,000000,25.115,25.308,24.149,25.211,2353,0
CDL,D,20180611,000000,24.149,24.825,24.149,24.825,429,0
CDL,D,20180612,000000,24.825,25.115,24.149,25.115,675,0
CDL,D,20180613,000000,25.115,25.115,24.632,25.115,587,0
CDL,D,20180614,000000,25.115,25.115,23.763,24.922,51,0
CDL,D,20180615,000000,24.922,24.922,24.149,24.149,342,0
CDL,D,20180618,000000,24.632,24.632,23.956,24.149,476,0
CDL,D,20180619,000000,24.149,24.149,23.859,24.149,2016,0
CDL,D,20180620,000000,24.149,24.149,23.763,24.149,1214,0
CDL,D,20180621,000000,23.183,24.052,23.183,24.052,77,0
CDL,D,20180622,000000,24.342,24.632,24.342,24.632,157,0
CDL,D,20180625,000000,24.632,24.632,23.859,24.632,423,0
CDL,D,20180626,000000,24.632,24.632,24.632,24.632,1,0
CDL,D,20180627,000000,24.632,24.632,23.473,23.473,515,0
CDL,D,20180628,000000,24.149,24.149,23.376,24.052,525,0
CDL,D,20180629,000000,24.052,24.052,23.569,24.052,90,0
CDL,D,20180702,000000,24.052,24.052,24.052,24.052,43,0
CDL,D,20180703,000000,23.086,23.183,23.086,23.183,393,0
CDL,D,20180704,000000,23.183,23.666,23.183,23.666,174,0
CDL,D,20180705,000000,23.666,24.052,23.086,24.052,36,0
CDL,D,20180706,000000,24.052,24.052,23.086,23.28,239,0
CDL,D,20180709,000000,24.052,24.052,24.052,24.052,1,0
CDL,D,20180710,000000,24.052,24.052,23.183,23.183,2,0
CDL,D,20180711,000000,23.376,23.376,22.314,23.28,261,0
CDL,D,20180712,000000,24.052,24.052,23.183,23.376,499,0
CDL,D,20180713,000000,24.052,24.052,23.666,23.666,28,0
CDL,D,20180716,000000,24.052,24.052,24.052,24.052,2,0
CDL,D,20180717,000000,24.052,24.052,22.893,23.473,1384,0
CDL,D,20180718,000000,23.473,23.473,22.603,23.28,275,0
CDL,D,20180719,000000,22.603,23.473,22.603,23.473,291,0
CDL,D,20180720,000000,23.473,23.473,23.473,23.473,2,0
CDL,D,20180723,000000,23.473,23.473,23.183,23.183,125,0
CDL,D,20180724,000000,23.183,24.149,23.086,24.149,682,0
CDL,D,20180725,000000,24.052,24.342,24.052,24.149,520,0
CDL,D,20180726,000000,24.149,24.246,23.28,24.246,2534,0
CDL,D,20180727,000000,24.246,24.246,22.41,22.41,3375,0
CDL,D,20180730,000000,22.99,22.99,22.507,22.797,2384,0
CDL,D,20180731,000000,23.473,23.473,22.41,22.797,979,0
CDL,D,20180801,000000,23.473,23.473,22.024,22.603,1903,0
CDL,D,20180802,000000,22.603,22.7,22.41,22.41,784,0
CDL,D,20180803,000000,22.41,22.41,22.12,22.41,2368,0
CDL,D,20180806,000000,23.086,23.086,21.927,22.41,1529,0
CDL,D,20180807,000000,23.086,23.086,21.734,22.314,1187,0
CDL,D,20180808,000000,23.086,23.086,21.637,22.217,1210,0
CDL,D,20180809,000000,22.507,22.603,21.251,22.12,10628,0
CDL,D,20180810,000000,22.217,22.603,22.024,22.603,1715,0
CDL,D,20180813,000000,23.183,23.956,23.086,23.956,4174,0
CDL,D,20180814,000000,23.859,23.859,22.99,23.666,1818,0
CDL,D,20180816,000000,23.859,24.052,23.763,24.052,371,0
CDL,D,20180817,000000,24.052,24.632,24.052,24.632,1126,0
CDL,D,20180820,000000,24.246,24.632,24.149,24.632,521,0
CDL,D,20180821,000000,24.632,24.632,24.149,24.246,3,0
CDL,D,20180822,000000,24.246,24.535,23.666,24.149,3601,0
CDL,D,20180823,000000,24.535,24.535,23.086,23.376,813,0
CDL,D,20180824,000000,23.763,23.763,23.763,23.763,2,0
CDL,D,20180827,000000,23.763,24.052,23.086,24.052,186,0
CDL,D,20180828,000000,24.052,24.052,24.052,24.052,66,0
CDL,D,20180829,000000,24.052,24.052,23.183,23.763,252,0
CDL,D,20180830,000000,23.763,23.763,23.569,23.569,65,0
CDL,D,20180831,000000,23.569,23.569,22.7,23.183,509,0
CDL,D,20180903,000000,23.763,23.763,23.183,23.183,128,0
CDL,D,20180904,000000,23.666,23.666,23.183,23.183,2,0
CDL,D,20180905,000000,23.183,23.183,22.217,22.603,449,0
CDL,D,20180906,000000,22.217,22.217,21.251,21.831,445,0
CDL,D,20180907,000000,21.831,21.831,21.348,21.348,392,0
CDL,D,20180910,000000,21.831,21.831,19.706,19.802,6294,0
CDL,D,20180911,000000,19.512,19.995,18.643,19.995,14125,0
CDL,D,20180912,000000,21.251,21.251,19.416,19.512,6256,0
CDL,D,20180913,000000,20.285,20.285,19.126,19.512,9921,0
CDL,D,20180914,000000,19.706,20.575,19.706,20.575,230,0
CDL,D,20180917,000000,20.865,20.865,20.865,20.865,300,0
CDL,D,20180918,000000,21.251,21.251,20.865,21.251,92,0
CDL,D,20180919,000000,21.251,21.251,21.251,21.251,1,0
CDL,D,20180920,000000,21.154,21.154,20.382,20.768,167,0
CDL,D,20180921,000000,20.865,20.865,19.899,20.768,467,0
CDL,D,20180924,000000,20.865,20.865,19.319,19.802,9106,0
CDL,D,20180925,000000,20.478,20.478,19.512,20.285,722,0
CDL,D,20180926,000000,20.478,20.478,19.899,20.285,121,0
CDL,D,20180927,000000,20.478,20.478,19.416,20.189,811,0
CDL,D,20180928,000000,20.189,20.189,19.899,19.899,261,0
CDL,D,20181001,000000,20.189,20.189,19.416,20.189,4174,0
CDL,D,20181002,000000,19.416,20.092,19.416,20.092,1170,0
CDL,D,20181003,000000,20.092,20.865,19.899,20.865,480,0
CDL,D,20181004,000000,20.865,20.865,20.478,20.768,1251,0
CDL,D,20181005,000000,21.154,21.154,20.382,20.865,1502,0
CDL,D,20181008,000000,21.058,21.154,21.058,21.154,1653,0
CDL,D,20181009,000000,21.154,21.154,20.575,21.154,54,0
CDL,D,20181010,000000,21.154,21.734,20.575,21.734,829,0
CDL,D,20181011,000000,21.734,21.734,21.734,21.734,1,0
CDL,D,20181012,000000,21.734,21.734,20.961,21.637,361,0
CDL,D,20181015,000000,21.637,21.637,20.961,21.154,181,0
CDL,D,20181016,000000,21.154,23.183,21.154,23.183,989,0
CDL,D,20181017,000000,23.666,23.666,21.734,22.893,3160,0
CDL,D,20181018,000000,23.666,23.666,21.734,22.7,1216,0
CDL,D,20181019,000000,22.507,22.7,21.927,22.7,928,0
CDL,D,20181022,000000,22.7,22.7,22.024,22.7,114,0
CDL,D,20181023,000000,23.183,23.183,20.865,21.637,1375,0
CDL,D,20181024,000000,21.444,21.734,21.444,21.734,2738,0
CDL,D,20181025,000000,21.927,21.927,21.831,21.831,27,0
CDL,D,20181026,000000,22.024,22.024,21.734,21.734,54,0
CDL,D,20181029,000000,21.734,21.927,21.058,21.927,1246,0
CDL,D,20181030,000000,21.927,21.927,20.961,20.961,470,0
CDL,D,20181031,000000,21.831,21.831,20.189,21.831,470,0
CDL,D,20181102,000000,21.831,21.831,21.831,21.831,2,0
CDL,D,20181105,000000,21.831,22.024,21.831,22.024,12,0
CDL,D,20181106,000000,22.024,22.024,21.831,21.927,49,0
CDL,D,20181107,000000,21.927,22.217,21.927,22.217,153,0
CDL,D,20181108,000000,22.217,22.314,22.024,22.024,2421,0
CDL,D,20181109,000000,22.603,22.603,22.217,22.603,395,0
CDL,D,20181113,000000,22.603,23.183,22.314,22.314,1259,0
CDL,D,20181114,000000,23.183,23.183,22.507,22.507,106,0
CDL,D,20181115,000000,23.183,23.183,22.507,22.7,254,0
CDL,D,20181116,000000,23.183,23.183,22.893,22.99,177,0
CDL,D,20181119,000000,23.086,23.086,22.217,22.99,160,0
CDL,D,20181120,000000,22.99,22.99,22.314,22.99,721,0
CDL,D,20181121,000000,23.086,23.086,21.348,22.217,885,0
CDL,D,20181122,000000,22.603,22.603,21.637,22.603,416,0
CDL,D,20181123,000000,22.603,23.569,22.314,23.473,2871,0
CDL,D,20181126,000000,23.473,23.473,22.797,23.376,47,0
CDL,D,20181127,000000,23.376,24.825,23.376,24.632,2355,0
CDL,D,20181128,000000,25.018,25.115,24.342,25.115,4195,0
CDL,D,20181129,000000,25.308,26.177,25.308,26.081,3763,0
CDL,D,20181130,000000,26.081,26.081,25.211,25.984,745,0
CDL,D,20181203,000000,25.984,25.984,25.115,25.598,480,0
CDL,D,20181204,000000,25.115,25.501,25.115,25.501,622,0
CDL,D,20181205,000000,25.984,25.984,25.598,25.598,3009,0
CDL,D,20181206,000000,25.694,25.984,25.694,25.984,2051,0
CDL,D,20181207,000000,25.888,25.888,25.888,25.888,2,0
CDL,D,20181210,000000,25.888,25.888,25.888,25.888,1,0
CDL,D,20181211,000000,25.598,25.598,25.308,25.308,1063,0
CDL,D,20181212,000000,25.115,25.115,25.115,25.115,2,0
CDL,D,20181213,000000,25.501,25.501,25.405,25.405,3,0
CDL,D,20181214,000000,25.405,25.405,25.405,25.405,1,0
CDL,D,20181217,000000,25.405,25.405,25.308,25.308,727,0
CDL,D,20181218,000000,25.308,25.308,24.825,24.825,3211,0
CDL,D,20181219,000000,25.115,25.115,24.439,24.439,106,0
CDL,D,20181220,000000,24.632,24.632,22.797,24.149,2940,0
CDL,D,20181221,000000,23.859,23.956,23.376,23.859,1277,0
CDL,D,20181227,000000,24.342,24.342,22.99,22.99,2771,0
CDL,D,20181228,000000,23.859,23.859,22.314,22.507,10583,0
CDL,D,20190102,000000,23.183,23.183,22.99,23.086,115,0
CDL,D,20190103,000000,23.086,23.086,22.99,22.99,48,0
CDL,D,20190104,000000,23.086,23.086,23.086,23.086,1,0
CDL,D,20190107,000000,23.086,23.086,22.99,22.99,43,0
CDL,D,20190108,000000,23.376,24.052,22.99,23.763,1023,0
CDL,D,20190109,000000,23.763,24.535,23.183,24.535,1455,0
CDL,D,20190110,000000,24.246,24.246,23.569,23.956,1656,0
CDL,D,20190111,000000,23.956,23.956,23.763,23.956,443,0
CDL,D,20190114,000000,24.149,24.149,23.763,23.956,957,0
CDL,D,20190115,000000,23.956,25.115,23.859,24.149,6214,0
CDL,D,20190116,000000,24.825,25.018,23.666,24.149,5630,0
CDL,D,20190117,000000,24.342,24.535,24.246,24.439,1117,0
CDL,D,20190118,000000,24.535,24.535,24.149,24.535,1310,0
CDL,D,20190121,000000,24.535,24.729,24.535,24.535,993,0
CDL,D,20190122,000000,24.632,24.825,24.632,24.825,2109,0
CDL,D,20190123,000000,25.115,25.405,25.115,25.405,3760,0
CDL,D,20190124,000000,25.405,25.888,25.405,25.888,1352,0
CDL,D,20190125,000000,25.984,25.984,25.501,25.888,270,0
CDL,D,20190128,000000,25.888,27.916,25.694,26.66,3594,0
CDL,D,20190129,000000,26.95,27.24,26.66,27.24,1382,0
CDL,D,20190130,000000,27.24,27.337,26.854,27.337,2530,0
CDL,D,20190131,000000,27.337,27.337,27.24,27.337,51,0
CDL,D,20190201,000000,27.337,27.337,26.854,27.24,315,0
CDL,D,20190204,000000,26.854,27.24,26.854,27.047,451,0
CDL,D,20190205,000000,27.143,27.143,26.66,27.047,1909,0
CDL,D,20190206,000000,27.24,27.24,26.66,26.854,446,0
CDL,D,20190207,000000,26.854,26.854,25.115,26.274,757,0
CDL,D,20190208,000000,26.274,26.274,25.211,25.984,551,0
CDL,D,20190211,000000,25.984,26.371,25.308,26.371,230,0
CDL,D,20190212,000000,26.274,26.95,25.984,26.95,329,0
CDL,D,20190213,000000,26.95,27.047,26.66,26.95,227,0
CDL,D,20190214,000000,27.047,27.047,26.95,26.95,3,0
CDL,D,20190215,000000,26.95,26.95,26.081,26.564,339,0
CDL,D,20190218,000000,26.564,26.564,26.274,26.274,169,0
CDL,D,20190219,000000,26.564,26.564,26.467,26.564,314,0
CDL,D,20190220,000000,26.467,26.467,25.405,25.598,1389,0
CDL,D,20190221,000000,25.791,25.791,25.405,25.405,340,0
CDL,D,20190222,000000,26.467,26.467,26.274,26.274,36,0
CDL,D,20190225,000000,26.274,26.274,26.274,26.274,820,0
CDL,D,20190226,000000,26.371,26.371,25.984,25.984,229,0
CDL,D,20190227,000000,26.371,26.371,26.081,26.081,406,0
CDL,D,20190228,000000,26.564,26.564,26.274,26.274,88,0
CDL,D,20190301,000000,26.371,26.371,26.371,26.371,55,0
CDL,D,20190304,000000,26.081,26.081,25.211,25.984,302,0
CDL,D,20190305,000000,26.371,26.371,25.984,25.984,773,0
CDL,D,20190306,000000,25.984,26.95,25.984,26.081,3532,0
CDL,D,20190307,000000,26.95,26.95,26.66,26.66,33,0
CDL,D,20190308,000000,26.564,27.047,26.564,27.047,2617,0
CDL,D,20190311,000000,27.337,28.013,27.24,27.916,1123,0
CDL,D,20190312,000000,27.916,27.916,27.047,27.047,415,0
CDL,D,20190313,000000,27.047,27.047,27.047,27.047,922,0
CDL,D,20190314,000000,27.433,27.433,26.95,26.95,276,0
CDL,D,20190315,000000,27.82,27.82,27.82,27.82,5,0
CDL,D,20190318,000000,27.916,27.916,27.047,27.143,556,0
CDL,D,20190319,000000,27.143,27.433,27.143,27.143,91,0
CDL,D,20190320,000000,27.916,27.916,27.143,27.143,58,0
CDL,D,20190321,000000,27.723,27.723,27.143,27.143,575,0
CDL,D,20190322,000000,27.723,27.82,27.723,27.82,734,0
CDL,D,20190325,000000,27.82,27.82,27.82,27.82,653,0
CDL,D,20190326,000000,27.916,28.496,27.916,28.496,435,0
CDL,D,20190327,000000,28.496,28.496,28.496,28.496,8,0
CDL,D,20190328,000000,28.496,28.496,27.82,27.82,140,0
CDL,D,20190329,000000,28.496,28.496,28.399,28.399,106,0
CDL,D,20190401,000000,27.82,28.013,27.337,28.013,249,0
CDL,D,20190402,000000,28.496,28.496,28.013,28.013,475,0
CDL,D,20190403,000000,28.303,28.399,27.82,27.82,443,0
CDL,D,20190404,000000,28.109,29.365,28.109,28.303,4556,0
CDL,D,20190405,000000,28.206,28.979,28.109,28.979,1974,0
CDL,D,20190408,000000,30.234,31.2,28.979,29.365,6914,0
CDL,D,20190409,000000,29.365,29.945,29.365,29.945,3463,0
CDL,D,20190410,000000,29.945,29.945,28.979,29.075,2902,0
CDL,D,20190411,000000,28.979,28.979,27.626,28.109,14139,0
CDL,D,20190412,000000,28.882,28.882,28.013,28.689,81,0
CDL,D,20190415,000000,28.013,28.013,27.53,27.723,1281,0
CDL,D,20190416,000000,27.723,28.206,27.723,28.206,239,0
CDL,D,20190417,000000,28.303,28.303,28.206,28.206,123,0
CDL,D,20190418,000000,28.206,28.206,27.723,28.013,123,0
CDL,D,20190423,000000,27.916,29.365,27.916,28.206,3409,0
CDL,D,20190424,000000,28.206,28.206,27.047,27.53,33074,0
CDL,D,20190425,000000,28.013,28.013,27.626,27.626,230,0
CDL,D,20190426,000000,27.047,27.047,26.081,26.854,2058,0
CDL,D,20190429,000000,26.854,27.82,26.274,27.433,9946,0
CDL,D,20190430,000000,27.047,27.047,25.598,25.984,3057,0
CDL,D,20190506,000000,26.274,26.95,26.177,26.177,2088,0
CDL,D,20190507,000000,26.854,26.854,25.888,25.888,410,0
CDL,D,20190508,000000,26.564,26.564,25.888,25.888,166,0
CDL,D,20190509,000000,25.888,26.564,25.888,26.564,634,0
CDL,D,20190510,000000,27.047,27.047,26.854,26.95,146,0
CDL,D,20190513,000000,27.047,27.047,26.177,26.274,1258,0
CDL,D,20190514,000000,26.564,26.564,26.177,26.177,482,0
CDL,D,20190515,000000,26.177,26.274,25.984,25.984,1357,0
CDL,D,20190516,000000,25.888,26.081,25.888,26.081,265,0
CDL,D,20190517,000000,27.047,27.047,25.984,25.984,3,0
CDL,D,20190520,000000,27.047,27.047,25.598,25.598,168,0
CDL,D,20190521,000000,26.081,26.081,26.081,26.081,9,0
CDL,D,20190522,000000,26.467,26.467,26.081,26.081,1010,0
CDL,D,20190523,000000,26.081,26.081,26.081,26.081,1,0
CDL,D,20190524,000000,26.081,26.081,25.598,25.598,634,0
CDL,D,20190527,000000,25.598,25.598,25.211,25.308,890,0
CDL,D,20190528,000000,25.501,25.501,24.149,25.115,3389,0
CDL,D,20190529,000000,25.211,25.211,24.246,24.535,1760,0
CDL,D,20190530,000000,22.603,23.569,22.217,23.376,10026,0
CDL,D,20190531,000000,23.183,23.376,22.41,23.183,2237,0
CDL,D,20190603,000000,23.183,23.183,23.086,23.086,1076,0
CDL,D,20190604,000000,22.893,22.99,22.507,22.507,557,0
CDL,D,20190605,000000,23.183,23.183,22.99,23.183,848,0
CDL,D,20190606,000000,22.507,23.183,22.507,23.183,709,0
CDL,D,20190607,000000,22.7,23.183,22.314,22.893,3909,0
CDL,D,20190610,000000,22.7,22.797,22.603,22.797,791,0
CDL,D,20190611,000000,23.183,23.569,22.603,23.569,743,0
CDL,D,20190612,000000,23.183,23.183,22.99,23.183,287,0
CDL,D,20190613,000000,23.183,23.183,22.7,22.7,921,0
CDL,D,20190614,000000,23.5,23.5,23.5,23.5,30,0
CDL,D,20190617,000000,23.5,24,23.5,24,214,0
CDL,D,20190618,000000,24,24,23.6,23.6,598,0
CDL,D,20190619,000000,24,24.1,24,24.1,733,0
CDL,D,20190621,000000,24,24,23.3,24,505,0
CDL,D,20190624,000000,24,24.2,24,24.2,680,0
CDL,D,20190625,000000,24.4,24.4,24,24.3,984,0
CDL,D,20190626,000000,24.3,24.3,24,24,1551,0
CDL,D,20190627,000000,24.3,24.3,24,24.3,666,0
CDL,D,20190628,000000,24.30,24.90,24.30,24.90,943,0
CDL,D,20190701,000000,25.6,25.6,24.5,24.5,334,0
CDL,D,20190702,000000,25.1,26,25,25,1185,0
CDL,D,20190703,000000,26,26,24.5,24.5,2885,0
CDL,D,20190704,000000,25.2,25.3,25,25,612,0
CDL,D,20190705,000000,25.5,25.5,25.5,25.5,2,0
CDL,D,20190708,000000,25.3,25.3,24.7,25,325,0
CDL,D,20190709,000000,24.9,24.9,24.9,24.9,1,0
CDL,D,20190710,000000,25.1,25.1,24.1,24.1,530,0
CDL,D,20190711,000000,24.8,24.8,23.8,23.8,1668,0
CDL,D,20190712,000000,23.9,24,23.9,23.9,316,0
CDL,D,20190715,000000,23.9,23.9,22.7,22.7,3176,0
CDL,D,20190716,000000,23.3,23.3,22.2,23.1,2435,0
CDL,D,20190717,000000,23.2,23.8,23.2,23.8,1258,0
CDL,D,20190718,000000,24.1,24.1,23.3,23.8,1540,0
CDL,D,20190719,000000,24.8,24.8,24.8,24.8,6,0
CDL,D,20190722,000000,24,24.1,23.2,23.2,851,0
CDL,D,20190723,000000,23.2,23.8,23.1,23.8,994,0
CDL,D,20190724,000000,23.8,23.8,23.8,23.8,186,0
CDL,D,20190725,000000,23.8,23.8,22.9,22.9,295,0
CDL,D,20190726,000000,23.4,23.4,22.9,23,406,0
CDL,D,20190729,000000,23.4,23.4,23.3,23.3,170,0
CDL,D,20190730,000000,23.4,23.4,22.1,22.3,1752,0
CDL,D,20190731,000000,23.4,23.4,22.4,23,70,0
CDL,D,20190801,000000,23.4,23.4,22.2,22.2,9,0
CDL,D,20190802,000000,23.4,23.4,22,22,883,0
CDL,D,20190805,000000,23.4,23.4,22,22.2,89,0
CDL,D,20190806,000000,23,23,22,22.5,617,0
CDL,D,20190807,000000,22.9,22.9,22,22,54,0
CDL,D,20190808,000000,22.9,22.9,22,22.9,569,0
CDL,D,20190809,000000,22.9,22.9,22.6,22.6,34,0
CDL,D,20190812,000000,22.9,22.9,21.8,21.8,784,0
CDL,D,20190813,000000,22.1,22.3,22,22,1890,0
CDL,D,20190814,000000,22,22,22,22,69,0
CDL,D,20190816,000000,22,22,22,22,6,0
CDL,D,20190819,000000,22,22,22,22,22,0
CDL,D,20190820,000000,22,22,21,21,2538,0
CDL,D,20190821,000000,21.2,21.2,20.6,20.6,1384,0
CDL,D,20190822,000000,21,21,20.5,20.5,81,0
CDL,D,20190823,000000,21,21,20.2,20.5,2703,0
CDL,D,20190826,000000,20.7,20.7,19.7,20.1,1814,0
CDL,D,20190827,000000,20.7,20.7,19.8,19.8,77,0
CDL,D,20190828,000000,20,20,19.7,19.7,709,0
CDL,D,20190829,000000,20.6,20.6,20.1,20.4,586,0
CDL,D,20190830,000000,19.6,19.65,19.2,19.3,6134,0
CDL,D,20190902,000000,20.8,20.8,19.4,19.95,475,0
CDL,D,20190903,000000,20,20,19.5,19.6,1486,0
CDL,D,20190904,000000,19.6,19.6,19.4,19.6,7043,0
CDL,D,20190905,000000,19.7,19.7,19,19.2,1319,0
CDL,D,20190906,000000,19.6,19.6,19,19,35,0
CDL,D,20190909,000000,19.6,19.6,18.85,19.55,770,0
CDL,D,20190910,000000,19.6,20,19.5,19.7,4481,0
CDL,D,20190911,000000,19.9,19.9,19.5,19.5,746,0
CDL,D,20190912,000000,19.9,19.9,19,19,4001,0
CDL,D,20190913,000000,19.45,19.45,19.1,19.1,2268,0
CDL,D,20190916,000000,19.15,19.15,19,19,392,0
CDL,D,20190917,000000,19.1,20.6,18.9,20.6,1577,0
CDL,D,20190918,000000,20.7,20.7,20,20.3,3535,0
CDL,D,20190919,000000,20.5,20.5,19.9,19.9,3688,0
CDL,D,20190920,000000,20,20,19.3,19.75,1940,0
CDL,D,20190923,000000,19.6,19.6,19.5,19.5,137,0
CDL,D,20190924,000000,19.5,19.85,18.85,18.85,3395,0
CDL,D,20190925,000000,18.85,19.05,18.85,19,890,0
CDL,D,20190926,000000,19.3,19.3,19,19.05,2750,0
CDL,D,20190927,000000,19,19,19,19,525,0
CDL,D,20190930,000000,19,19,18.15,18.9,2022,0
CDL,D,20191001,000000,18.9,18.95,18.3,18.95,104,0
CDL,D,20191002,000000,18.95,18.95,18.3,18.95,136,0
CDL,D,20191003,000000,18.95,19.05,18.5,19.05,202,0
CDL,D,20191004,000000,19.3,19.35,19.1,19.1,251,0
CDL,D,20191007,000000,19.1,19.1,18.9,18.9,385,0
CDL,D,20191008,000000,18.9,18.9,18.6,18.6,719,0
CDL,D,20191009,000000,19,19,18.2,18.2,1140,0
CDL,D,20191010,000000,18.6,18.8,18.5,18.8,292,0
CDL,D,20191011,000000,19,19.75,19,19.7,3585,0
CDL,D,20191014,000000,20.2,20.2,19.6,19.6,2169,0
CDL,D,20191015,000000,20,20,19.6,19.75,1194,0
CDL,D,20191016,000000,19.9,20.5,19.7,19.8,3529,0
CDL,D,20191017,000000,20.2,20.2,19.6,19.6,1527,0
CDL,D,20191018,000000,19.5,20.2,19.45,20.2,788,0
CDL,D,20191021,000000,20.5,20.5,20,20,2099,0
CDL,D,20191022,000000,20,20,20,20,17,0
CDL,D,20191023,000000,20.4,20.4,19.8,19.8,534,0
CDL,D,20191024,000000,19.7,20,19.5,19.5,1373,0
CDL,D,20191025,000000,20.3,20.3,19.25,19.9,359,0
CDL,D,20191028,000000,19.9,19.9,19.05,19.05,434,0
CDL,D,20191029,000000,19.1,19.9,19.1,19.9,733,0
CDL,D,20191030,000000,20,20,19.9,19.95,430,0
CDL,D,20191031,000000,20.5,20.5,19.4,20.2,123,0
CDL,D,20191104,000000,20.1,20.6,20.1,20.6,588,0
CDL,D,20191105,000000,20.6,20.6,20.3,20.3,1315,0
CDL,D,20191106,000000,20.6,20.7,20.3,20.3,1162,0
CDL,D,20191107,000000,20.6,20.6,20,20,1882,0
CDL,D,20191108,000000,20.3,20.3,19.8,19.8,1585,0
CDL,D,20191112,000000,19.8,20.3,19.6,20.3,326,0
CDL,D,20191113,000000,20.2,20.2,20,20,535,0
CDL,D,20191114,000000,20,20.3,20,20,1001,0
CDL,D,20191115,000000,19.8,20.2,19.8,20.2,706,0
CDL,D,20191118,000000,20.5,20.5,19.85,20.2,1455,0
CDL,D,20191119,000000,20.4,20.4,20,20.2,628,0
CDL,D,20191120,000000,20.3,20.3,20,20,83,0
CDL,D,20191121,000000,20,20,19.85,19.85,1403,0
CDL,D,20191122,000000,20.2,20.2,19.75,20.1,717,0
CDL,D,20191125,000000,20.2,20.2,19.8,19.8,438,0
CDL,D,20191126,000000,20.2,20.2,19.7,19.7,191,0
CDL,D,20191127,000000,19.7,19.7,19.5,19.5,678,0
CDL,D,20191128,000000,20,20,19.45,19.5,1095,0
CDL,D,20191129,000000,19.65,19.95,19,19,6688,0
CDL,D,20191202,000000,19.3,19.3,19,19.2,1073,0
CDL,D,20191203,000000,19.2,19.2,18.8,18.8,990,0
CDL,D,20191204,000000,19,19.2,18.8,18.8,4466,0
CDL,D,20191205,000000,18.8,18.8,18.8,18.8,102,0
CDL,D,20191206,000000,18.8,19.2,18.8,19,784,0
CDL,D,20191209,000000,19.3,19.3,18.55,18.9,2297,0
CDL,D,20191210,000000,18.95,19,18.95,19,767,0
CDL,D,20191211,000000,18.75,18.75,18.75,18.75,50,0
CDL,D,20191212,000000,19,19,18.5,19,5402,0
CDL,D,20191213,000000,19.1,19.1,18.5,18.8,3124,0
CDL,D,20191216,000000,18.8,19.45,18.65,19.45,8188,0
CDL,D,20191217,000000,19.9,20.2,19.6,20.2,2458,0
CDL,D,20191218,000000,20.2,21.8,19.8,21.8,5458,0
CDL,D,20191219,000000,21.8,22,21.2,22,5508,0
CDL,D,20191220,000000,21.9,21.9,21.3,21.3,1925,0
CDL,D,20191223,000000,21.9,21.9,21.4,21.8,1022,0
CDL,D,20191227,000000,21.5,22.3,21.1,22.3,2271,0
CDL,D,20191230,000000,22.3,24.5,22.3,23.5,3637,0
CDL,D,20200102,000000,23.7,23.7,22.7,23.3,2294,0
CDL,D,20200103,000000,23.3,23.3,22.3,23,2920,0
CDL,D,20200107,000000,23,23.1,22.9,23,1573,0
CDL,D,20200108,000000,23.1,23.1,21.2,22.3,5996,0
CDL,D,20200109,000000,21.6,22.4,21.6,22.2,810,0
CDL,D,20200110,000000,22,22.6,21.6,22.6,3180,0
CDL,D,20200113,000000,22.8,22.8,22,22.4,4701,0
CDL,D,20200114,000000,22.6,22.6,22.2,22.5,3380,0
CDL,D,20200115,000000,22.8,22.9,22.4,22.5,1412,0
CDL,D,20200116,000000,22.8,22.8,21.9,22.3,4649,0
CDL,D,20200117,000000,22.5,22.5,21.7,21.9,2782,0
CDL,D,20200120,000000,22.2,22.2,20.5,21,5509,0
CDL,D,20200121,000000,21.2,21.2,20.6,20.8,1922,0
CDL,D,20200122,000000,21,21,20.6,21,1214,0
CDL,D,20200123,000000,21,21,20.6,21,1119,0
CDL,D,20200124,000000,21.1,21.3,21,21,582,0
CDL,D,20200127,000000,20.6,21,20.2,20.2,2245,0
CDL,D,20200128,000000,20.4,20.4,20.2,20.4,9318,0
CDL,D,20200129,000000,20.9,21,20.3,20.4,2864,0
CDL,D,20200130,000000,20.8,20.8,20.3,20.3,492,0
CDL,D,20200131,000000,20.5,20.6,20.1,20.1,2514,0
CDL,D,20200203,000000,20.1,20.1,18.85,18.85,4733,0
CDL,D,20200204,000000,19.05,19.75,18.8,18.85,6444,0
CDL,D,20200205,000000,19.2,19.45,18.65,18.7,3204,0
CDL,D,20200206,000000,19,19.7,19,19,2735,0
CDL,D,20200207,000000,19.2,21.1,19.2,20.5,6635,0
CDL,D,20200210,000000,20.5,20.6,19.65,19.65,4100,0
CDL,D,20200211,000000,19.6,20.2,19.6,19.6,2890,0
CDL,D,20200212,000000,19.8,19.8,19.6,19.6,441,0
CDL,D,20200213,000000,19.7,19.7,19.3,19.5,859,0
CDL,D,20200214,000000,19.5,19.5,18.9,19.4,2622,0
CDL,D,20200217,000000,19.95,19.95,19,19.3,1336,0
CDL,D,20200218,000000,19.6,19.6,18.8,19,614,0
CDL,D,20200219,000000,19,19.45,19,19,14851,0
CDL,D,20200220,000000,19.3,19.45,19,19,625,0
CDL,D,20200221,000000,19,19,19,19,11517,0
CDL,D,20200224,000000,19.4,19.4,17.65,18.35,3182,0
CDL,D,20200225,000000,17.55,18,17.55,18,3181,0
CDL,D,20200226,000000,17.9,17.9,16.2,17,13389,0
CDL,D,20200227,000000,17.4,17.9,16.9,16.9,13148,0
CDL,D,20200228,000000,16.8,16.8,14.7,16.15,6780,0
CDL,D,20200302,000000,15.5,16,14.8,16,9813,0
CDL,D,20200303,000000,16.2,17.45,16.2,16.8,5392,0
CDL,D,20200304,000000,17.4,17.4,16,16.8,577,0
CDL,D,20200305,000000,16.8,16.8,16,16.45,5976,0
CDL,D,20200306,000000,16.45,16.45,16,16,11207,0
CDL,D,20200309,000000,15.8,15.8,14.25,14.4,16493,0
CDL,D,20200310,000000,14,15.3,13.9,14.9,4684,0
CDL,D,20200311,000000,15.35,15.35,13.2,13.5,3492,0
CDL,D,20200312,000000,10.05,13,9.9,11.3,9364,0
CDL,D,20200313,000000,11.35,12.45,11.3,11.6,10630,0
CDL,D,20200316,000000,11.6,11.95,9.52,9.98,30629,0
CDL,D,20200317,000000,10,10.6,9.84,10,1953,0
CDL,D,20200318,000000,10.3,11,10.15,11,7016,0
CDL,D,20200319,000000,10.6,11.65,10,10.4,20035,0
CDL,D,20200320,000000,10.4,11,10.4,11,2239,0
CDL,D,20200323,000000,10.9,10.9,10,10.35,2277,0
CDL,D,20200324,000000,10.8,10.8,10.2,10.6,4831,0
CDL,D,20200325,000000,10.9,11,10.3,11,1722,0
CDL,D,20200326,000000,11.05,12.2,11,12.2,4105,0
CDL,D,20200327,000000,12.5,12.5,11,11.45,6431,0
CDL,D,20200330,000000,11.45,11.45,10.8,10.95,5548,0
CDL,D,20200331,000000,11.1,12,10.8,12,4705,0
CDL,D,20200401,000000,12,12.25,11.8,12.2,1556,0
CDL,D,20200402,000000,12.1,12.1,10.95,10.95,1198,0
CDL,D,20200403,000000,11.4,11.4,10.7,10.8,630,0
CDL,D,20200406,000000,10.7,11.55,10.7,11.3,3485,0
CDL,D,20200407,000000,11.55,12.15,11.4,12.15,4089,0
CDL,D,20200408,000000,12.3,12.5,11.75,12.5,1680,0
CDL,D,20200409,000000,12.5,13,12.4,12.95,3025,0
CDL,D,20200414,000000,12.95,14.15,12.95,13.95,8247,0
CDL,D,20200415,000000,14.65,14.8,13.65,14,5428,0
CDL,D,20200416,000000,13.95,14,13.3,13.55,1701,0
CDL,D,20200417,000000,13.9,13.9,13,13.25,2850,0
CDL,D,20200420,000000,13.2,13.2,12.45,12.7,3119,0
CDL,D,20200421,000000,12.9,13.15,12.2,12.2,2666,0
CDL,D,20200422,000000,12.2,12.95,12.2,12.95,4949,0
CDL,D,20200423,000000,12.95,13.9,12.95,13.8,4140,0
CDL,D,20200424,000000,13.85,13.85,13.7,13.8,1755,0
CDL,D,20200427,000000,13.85,13.85,13.25,13.5,1562,0
CDL,D,20200428,000000,13.5,13.7,13.3,13.5,1447,0
CDL,D,20200429,000000,13.5,15.5,13.5,15.05,11297,0
CDL,D,20200430,000000,16,16,14.55,14.7,9276,0
CDL,D,20200504,000000,14.7,14.7,13.9,13.9,3304,0
CDL,D,20200505,000000,13.85,13.9,13.8,13.85,1770,0
CDL,D,20200506,000000,14.35,14.35,13.85,13.9,1704,0
CDL,D,20200507,000000,14.2,14.2,13.85,13.85,891,0
CDL,D,20200508,000000,13.8,14,13.8,14,90,0
CDL,D,20200511,000000,14.15,14.15,13.95,13.95,342,0
CDL,D,20200512,000000,14.3,14.3,14.3,14.3,43,0
CDL,D,20200513,000000,14.3,14.3,13.95,14,266,0
CDL,D,20200514,000000,14.3,14.3,13.5,13.5,1158,0
CDL,D,20200515,000000,14.05,14.05,13.2,13.7,1748,0
CDL,D,20200518,000000,13.8,13.8,12.7,12.95,1836,0
CDL,D,20200519,000000,12.95,13.2,12.9,13.2,2706,0
CDL,D,20200520,000000,13.2,13.45,13,13.45,833,0
CDL,D,20200521,000000,13.45,13.45,12.95,12.95,742,0
CDL,D,20200522,000000,12.9,12.9,12.9,12.9,2,0
CDL,D,20200525,000000,12.8,13.1,12.75,12.75,682,0
CDL,D,20200526,000000,13,13,12.7,12.8,507,0
CDL,D,20200527,000000,12.9,13.2,12.8,13.2,2744,0
CDL,D,20200528,000000,13.3,14.15,13.3,14.15,2019,0
CDL,D,20200529,000000,14.15,14.65,14.15,14.65,1562,0
CDL,D,20200601,000000,14.65,14.65,14,14,1510,0
CDL,D,20200602,000000,15.3,15.6,14.6,14.6,1407,0
CDL,D,20200603,000000,14.6,15.3,14.6,14.6,2115,0
CDL,D,20200604,000000,15.05,15.05,14.55,14.55,2457,0
CDL,D,20200605,000000,14.9,15.1,14.7,15,1610,0
CDL,D,20200608,000000,14.95,14.95,13.9,14.5,1537,0
CDL,D,20200609,000000,14.6,14.6,14.3,14.6,2134,0
CDL,D,20200610,000000,14.55,14.6,14.5,14.5,1880,0
CDL,D,20200612,000000,14.3,14.5,14.3,14.5,885,0
CDL,D,20200615,000000,14.5,14.5,14.3,14.3,185,0
CDL,D,20200616,000000,14.3,14.5,14.3,14.4,549,0
CDL,D,20200617,000000,14.6,15.95,14.3,14.75,1696,0
CDL,D,20200618,000000,14.75,14.75,14,14.1,2507,0
CDL,D,20200619,000000,14.65,14.65,14,14,983,0
CDL,D,20200622,000000,14.05,14.05,14,14,679,0
CDL,D,20200623,000000,14.7,14.7,13.25,13.4,7103,0
CDL,D,20200624,000000,13.4,13.4,13.3,13.35,2610,0
CDL,D,20200625,000000,13.4,13.8,13.1,13.1,1254,0
CDL,D,20200626,000000,13.2,13.2,13.1,13.1,1080,0
CDL,D,20200629,000000,13.4,13.4,13,13.35,2621,0
CDL,D,20200630,000000,13.2,13.35,13.2,13.35,5535,0
CDL,D,20200701,000000,12.95,13.4,12.95,13.4,379,0
CDL,D,20200702,000000,13.75,13.75,13.75,13.75,5,0
CDL,D,20200703,000000,13.55,13.55,13.45,13.5,50,0
CDL,D,20200706,000000,13.3,13.5,13,13.5,1971,0
CDL,D,20200707,000000,13.5,13.5,13,13,975,0
CDL,D,20200708,000000,13,13,12.7,12.7,2741,0
CDL,D,20200709,000000,12.7,12.95,12.7,12.75,1120,0
CDL,D,20200710,000000,12.65,12.75,12.55,12.55,727,0
