<TICKER>,<PER>,<DATE>,<TIME>,<OPEN>,<HIGH>,<LOW>,<CLOSE>,<VOL>,<OPENINT>
CLN,D,20161017,000000,18.916,20.358,18.171,19.073,1815147,0
CLN,D,20161018,000000,19.024,19.102,18.299,18.642,228288,0
CLN,D,20161019,000000,18.642,18.681,18.249,18.583,357503,0
CLN,D,20161020,000000,18.543,18.867,18.357,18.749,820084,0
CLN,D,20161021,000000,18.789,19.347,18.789,19.132,158652,0
CLN,D,20161024,000000,19.28,19.917,19.181,19.427,303614,0
CLN,D,20161025,000000,19.82,19.82,19.122,19.201,57273,0
CLN,D,20161026,000000,19.201,19.23,18.986,18.986,28162,0
CLN,D,20161027,000000,19.033,19.23,18.986,18.986,28056,0
CLN,D,20161028,000000,19.043,19.112,18.613,18.739,30061,0
CLN,D,20161031,000000,18.739,18.966,18.593,18.739,32172,0
CLN,D,20161102,000000,18.739,18.739,18.005,18.013,66448,0
CLN,D,20161103,000000,18.141,18.396,17.218,17.366,149418,0
CLN,D,20161104,000000,17.161,18.632,16.915,17.906,108681,0
CLN,D,20161107,000000,18.141,18.622,18.141,18.465,30638,0
CLN,D,20161108,000000,18.465,18.583,17.985,17.985,21944,0
CLN,D,20161109,000000,17.955,18.445,17.671,18.328,70826,0
CLN,D,20161110,000000,18.415,19.063,18.347,18.543,40795,0
CLN,D,20161114,000000,18.289,18.495,17.985,18.445,13015,0
CLN,D,20161115,000000,18.112,18.445,18.112,18.396,3897,0
CLN,D,20161116,000000,18.396,18.936,18.347,18.347,14562,0
CLN,D,20161117,000000,18.289,18.789,18.18,18.445,211049,0
CLN,D,20161118,000000,18.299,18.837,18.072,18.828,191993,0
CLN,D,20161121,000000,18.642,20.358,18.593,19.427,121466,0
CLN,D,20161122,000000,19.564,20.103,19.436,19.995,211324,0
CLN,D,20161123,000000,20.015,20.251,19.77,20.073,89753,0
CLN,D,20161124,000000,20.073,20.457,19.917,20.408,73866,0
CLN,D,20161125,000000,20.476,22.046,20.318,21.506,167273,0
CLN,D,20161128,000000,21.506,22.066,21.506,21.977,120840,0
CLN,D,20161129,000000,22.076,22.37,20.615,20.615,102003,0
CLN,D,20161130,000000,21.134,21.586,20.545,21.094,169347,0
CLN,D,20161201,000000,21.879,21.958,21.242,21.86,14820,0
CLN,D,20161202,000000,21.879,21.929,21.682,21.87,16123,0
CLN,D,20161205,000000,21.879,22.37,21.879,22.31,94224,0
CLN,D,20161206,000000,22.439,23.449,22.38,23.067,53737,0
CLN,D,20161207,000000,23.4,24.724,23.4,24.185,84594,0
CLN,D,20161208,000000,24.529,24.529,23.842,24.136,60123,0
CLN,D,20161209,000000,24.49,24.49,23.548,24.126,43511,0
CLN,D,20161212,000000,24.234,24.49,23.449,23.499,22966,0
CLN,D,20161213,000000,23.891,23.939,23.499,23.842,29163,0
CLN,D,20161214,000000,23.939,24.038,23.566,23.744,15862,0
CLN,D,20161215,000000,23.596,24.234,23.586,24.088,36067,0
CLN,D,20161216,000000,24.098,24.411,23.939,24.224,26850,0
CLN,D,20161219,000000,24.155,24.234,23.754,23.948,22991,0
CLN,D,20161220,000000,23.958,24.038,23.91,23.948,16574,0
CLN,D,20161221,000000,23.988,24.529,23.792,24.283,67326,0
CLN,D,20161222,000000,24.332,24.332,23.645,24.116,39128,0
CLN,D,20161223,000000,24.116,24.529,24.116,24.421,21619,0
CLN,D,20161227,000000,24.43,24.51,24.332,24.48,35862,0
CLN,D,20161228,000000,24.5,24.5,24.145,24.293,34006,0
CLN,D,20161229,000000,24.401,24.421,24.165,24.332,26022,0
CLN,D,20161230,000000,24.332,24.332,24.048,24.048,35242,0
CLN,D,20170102,000000,24.519,25.99,24.008,24.008,19073,0
CLN,D,20170103,000000,24.234,25.108,24.234,25.098,173310,0
CLN,D,20170104,000000,25.088,25.098,24.686,24.939,53647,0
CLN,D,20170105,000000,25.019,25.412,25.019,25.382,27885,0
CLN,D,20170109,000000,25.382,25.412,25.205,25.412,23726,0
CLN,D,20170110,000000,25.313,25.412,25.205,25.215,38551,0
CLN,D,20170111,000000,25.412,25.412,25.264,25.392,18105,0
CLN,D,20170112,000000,25.392,25.392,25.029,25.176,38650,0
CLN,D,20170113,000000,25.039,25.392,24.676,24.959,15381,0
CLN,D,20170116,000000,24.823,24.823,23.822,24.724,62700,0
CLN,D,20170117,000000,24.716,24.716,24.361,24.716,13926,0
CLN,D,20170118,000000,24.706,25.412,24.676,25.304,38066,0
CLN,D,20170119,000000,25.294,26.922,25.069,26.54,50426,0
CLN,D,20170120,000000,26.863,28.356,26.383,27.579,140594,0
CLN,D,20170123,000000,27.717,28.845,27.579,28.442,149904,0
CLN,D,20170124,000000,28.934,31.396,28.649,31.347,225313,0
CLN,D,20170125,000000,31.102,32.024,30.592,30.955,138512,0
CLN,D,20170126,000000,31.376,31.376,29.542,30.415,51374,0
CLN,D,20170127,000000,30.318,30.808,29.257,30.808,32769,0
CLN,D,20170130,000000,30.808,33.261,30.808,32.76,112631,0
CLN,D,20170131,000000,32.868,33.064,32.427,33.064,27737,0
CLN,D,20170201,000000,33.152,33.261,32.377,32.671,37531,0
CLN,D,20170202,000000,32.967,32.995,31.887,32.25,265774,0
CLN,D,20170203,000000,32.181,32.357,30.022,30.268,147600,0
CLN,D,20170206,000000,29.925,30.218,28.748,29.925,89494,0
CLN,D,20170207,000000,29.925,30.218,29.433,29.807,39108,0
CLN,D,20170208,000000,30.022,31.543,30.022,30.856,50584,0
CLN,D,20170209,000000,31.376,31.642,30.081,30.17,52130,0
CLN,D,20170210,000000,30.415,30.415,29.433,29.836,30973,0
CLN,D,20170213,000000,29.836,30.013,28.944,29.63,90529,0
CLN,D,20170214,000000,29.915,30.395,28.964,29.915,21084,0
CLN,D,20170215,000000,29.915,30.896,29.915,30.758,25121,0
CLN,D,20170216,000000,30.896,31.739,30.896,31.671,65290,0
CLN,D,20170217,000000,31.671,31.671,30.415,30.985,22230,0
CLN,D,20170220,000000,31.376,31.475,30.366,30.661,10308,0
CLN,D,20170221,000000,30.661,31.299,29.552,29.915,41169,0
CLN,D,20170222,000000,30.288,30.318,29.542,29.895,31166,0
CLN,D,20170223,000000,29.895,31.19,29.63,31.092,46419,0
CLN,D,20170224,000000,31.062,31.102,30.298,30.415,28071,0
CLN,D,20170227,000000,30.513,31.573,30.513,31.102,29968,0
CLN,D,20170228,000000,31.2,31.593,30.846,31.024,71551,0
CLN,D,20170301,000000,31.396,32.476,30.719,32.476,117306,0
CLN,D,20170302,000000,32.819,33.29,32.72,33.162,48984,0
CLN,D,20170303,000000,33.261,33.261,32.377,33.113,27195,0
CLN,D,20170306,000000,33.162,33.751,32.78,33.652,43605,0
CLN,D,20170307,000000,33.751,33.751,31.69,33.348,59827,0
CLN,D,20170308,000000,32.476,33.348,32.337,33.348,16726,0
CLN,D,20170309,000000,33.162,33.358,32.377,33.113,12593,0
CLN,D,20170310,000000,32.868,33.338,32.397,33.252,20124,0
CLN,D,20170313,000000,33.31,34.242,33.212,34.094,41482,0
CLN,D,20170314,000000,34.183,34.242,33.928,34.242,17059,0
CLN,D,20170315,000000,34.242,35.174,33.635,33.751,67769,0
CLN,D,20170316,000000,34.133,34.762,33.849,33.898,31762,0
CLN,D,20170317,000000,34.173,34.419,33.751,34.143,24280,0
CLN,D,20170320,000000,34.183,35.664,33.751,35.577,105911,0
CLN,D,20170321,000000,35.577,37.165,35.577,35.911,102831,0
CLN,D,20170322,000000,35.763,35.811,34.624,35.605,41148,0
CLN,D,20170323,000000,35.39,37.969,35.32,37.283,62368,0
CLN,D,20170324,000000,37.94,38.107,36.988,37.381,36052,0
CLN,D,20170327,000000,37.283,37.283,35.881,36.968,22575,0
CLN,D,20170328,000000,37.185,38.911,36.891,38.657,45768,0
CLN,D,20170329,000000,39.148,40.129,38.558,38.587,54529,0
CLN,D,20170330,000000,38.755,38.755,37.205,37.586,31340,0
CLN,D,20170331,000000,37.773,38.362,37.283,37.969,14432,0
CLN,D,20170403,000000,38.362,39.03,37.823,38.264,18684,0
CLN,D,20170404,000000,38.647,38.755,37.773,38.254,34638,0
CLN,D,20170405,000000,38.755,38.843,37.48,38.461,27094,0
CLN,D,20170406,000000,38.215,38.353,37.43,38.069,7650,0
CLN,D,20170407,000000,38.019,38.019,37.44,37.538,14545,0
CLN,D,20170410,000000,37.538,38.147,37.381,37.567,6644,0
CLN,D,20170411,000000,37.577,37.666,36.087,36.155,53577,0
CLN,D,20170412,000000,35.811,36.135,34.85,35.124,48673,0
CLN,D,20170413,000000,35.026,35.124,33.408,33.408,110082,0
CLN,D,20170418,000000,33.505,34.732,33.505,33.839,38657,0
CLN,D,20170419,000000,33.849,35.644,33.839,34.633,43252,0
CLN,D,20170420,000000,34.339,36.106,34.193,36.057,32969,0
CLN,D,20170421,000000,36.204,36.891,34.596,34.782,48583,0
CLN,D,20170424,000000,34.389,34.683,31.495,33.261,74936,0
CLN,D,20170425,000000,32.868,33.252,30.808,31.495,109809,0
CLN,D,20170426,000000,31.249,31.504,28.129,31.504,272812,0
CLN,D,20170427,000000,32.377,33.025,30.513,32.367,61510,0
CLN,D,20170428,000000,32.574,33.81,32.083,32.367,24141,0
CLN,D,20170502,000000,32.967,32.967,31.642,32.27,8058,0
CLN,D,20170504,000000,31.887,31.946,30.906,31.062,46808,0
CLN,D,20170505,000000,31.269,31.877,29.964,31.593,32451,0
CLN,D,20170508,000000,31.593,31.789,30.523,31.299,4500,0
CLN,D,20170509,000000,30.671,31.112,30.415,30.661,45804,0
CLN,D,20170510,000000,30.424,31.102,29.68,30.278,21877,0
CLN,D,20170511,000000,30.318,30.856,30.218,30.228,14393,0
CLN,D,20170512,000000,30.121,30.121,28.551,29.297,64017,0
CLN,D,20170515,000000,29.385,32.231,29.14,31.709,57323,0
CLN,D,20170516,000000,32.221,33.457,31.877,31.877,88478,0
CLN,D,20170517,000000,31.877,31.887,30.513,30.778,12755,0
CLN,D,20170518,000000,31.005,31.005,29.826,30.778,24326,0
CLN,D,20170519,000000,30.856,33.475,30.151,33.475,28622,0
CLN,D,20170522,000000,33.849,34.143,32.671,33.064,31142,0
CLN,D,20170523,000000,33.358,33.358,32.28,32.544,28786,0
CLN,D,20170524,000000,32.544,32.544,30.533,31.887,13598,0
CLN,D,20170525,000000,32.534,32.534,31.897,32.28,5970,0
CLN,D,20170526,000000,32.377,33.348,32.181,33.328,23869,0
CLN,D,20170529,000000,33.064,33.948,32.624,33.358,39495,0
CLN,D,20170530,000000,33.261,33.457,32.347,32.967,11416,0
CLN,D,20170531,000000,33.41,33.528,32.148,33.528,18907,0
CLN,D,20170601,000000,33.478,34.12,33.153,33.488,17155,0
CLN,D,20170602,000000,33.478,35.352,33.478,34.711,21361,0
CLN,D,20170605,000000,35.392,35.796,34.514,35.255,218101,0
CLN,D,20170606,000000,35.491,36.832,35.255,36.782,235644,0
CLN,D,20170607,000000,36.585,36.782,35.993,36.487,78336,0
CLN,D,20170608,000000,36.674,36.674,36.368,36.388,12699,0
CLN,D,20170609,000000,36.487,37.177,36.043,36.437,97950,0
CLN,D,20170612,000000,36.437,36.979,34.12,35.007,91140,0
CLN,D,20170613,000000,34.524,35.993,34.524,35.481,9466,0
CLN,D,20170614,000000,35.481,36.191,35.481,36.191,113573,0
CLN,D,20170616,000000,36.141,36.141,35.165,35.501,4569,0
CLN,D,20170619,000000,35.501,35.747,34.909,35.747,36604,0
CLN,D,20170620,000000,35.796,35.983,35.302,35.796,75483,0
CLN,D,20170621,000000,35.896,35.993,34.938,35.688,9398,0
CLN,D,20170622,000000,35.688,36.161,35.688,35.993,9312,0
CLN,D,20170623,000000,36.003,36.782,35.993,36.634,41097,0
CLN,D,20170626,000000,36.684,36.979,36.289,36.979,20877,0
CLN,D,20170627,000000,36.979,37.423,36.694,37.177,136328,0
CLN,D,20170628,000000,36.969,36.969,36.151,36.428,5277,0
CLN,D,20170629,000000,36.161,36.882,36.151,36.585,8924,0
CLN,D,20170630,000000,36.487,37.315,36.348,37.177,112526,0
CLN,D,20170703,000000,36.842,37.207,36.398,36.398,7411,0
CLN,D,20170704,000000,36.398,36.487,35.322,35.599,27210,0
CLN,D,20170705,000000,35.599,35.599,34.219,34.514,27805,0
CLN,D,20170706,000000,34.89,36.487,34.514,36.211,22797,0
CLN,D,20170707,000000,35.747,36.487,35.747,36.103,64970,0
CLN,D,20170710,000000,36.093,36.733,36.093,36.684,23943,0
CLN,D,20170711,000000,36.684,36.733,34.967,35.658,30378,0
CLN,D,20170712,000000,36.358,36.358,35.017,35.993,5386,0
CLN,D,20170713,000000,36.319,36.487,35.302,36.487,67423,0
CLN,D,20170714,000000,36.743,36.921,35.993,36.832,8779,0
CLN,D,20170717,000000,36.121,36.979,35.698,36.882,16704,0
CLN,D,20170718,000000,36.882,37.749,36.782,36.782,40602,0
CLN,D,20170719,000000,36.782,36.782,36.141,36.782,28770,0
CLN,D,20170720,000000,36.979,37.67,36.979,37.335,112815,0
CLN,D,20170721,000000,37.275,37.275,36.289,36.585,7162,0
CLN,D,20170724,000000,36.181,36.949,35.993,36.378,2052,0
CLN,D,20170725,000000,36.378,36.378,34.564,34.948,28886,0
CLN,D,20170726,000000,34.948,36.073,34.662,35.618,16146,0
CLN,D,20170727,000000,35.51,36.418,35.51,36.191,3202,0
CLN,D,20170728,000000,35.501,36.388,35.302,35.993,5261,0
CLN,D,20170731,000000,35.886,35.993,35.302,35.993,6995,0
CLN,D,20170801,000000,35.599,36.289,35.007,35.993,58447,0
CLN,D,20170802,000000,36.289,36.289,32.739,34.494,61086,0
CLN,D,20170803,000000,34.475,34.475,33.233,34.021,74110,0
CLN,D,20170804,000000,33.923,35.283,33.538,35.245,24561,0
CLN,D,20170807,000000,35.245,35.302,34.761,35.195,2254,0
CLN,D,20170808,000000,34.632,35.007,34.051,34.86,4963,0
CLN,D,20170809,000000,34.8,34.909,33.33,34.021,11815,0
CLN,D,20170810,000000,33.943,35.106,33.578,35.106,103692,0
CLN,D,20170811,000000,35.116,35.302,34.021,34.366,46653,0
CLN,D,20170814,000000,34.031,34.366,33.134,34.189,25765,0
CLN,D,20170816,000000,33.923,34.456,33.528,34.416,10283,0
CLN,D,20170817,000000,34.446,34.691,33.775,34.604,4869,0
CLN,D,20170818,000000,34.504,34.584,33.923,34.564,6890,0
CLN,D,20170821,000000,34.642,35.886,34.642,35.806,92483,0
CLN,D,20170822,000000,35.846,37.473,35.816,37.473,135988,0
CLN,D,20170823,000000,37.453,37.67,36.743,37.374,88829,0
CLN,D,20170824,000000,37.275,37.74,37.256,37.364,18550,0
CLN,D,20170825,000000,37.364,37.66,37.265,37.62,40343,0
CLN,D,20170828,000000,37.67,37.965,37.265,37.374,7519,0
CLN,D,20170829,000000,37.374,37.473,35.501,37.167,12529,0
CLN,D,20170830,000000,37.167,37.473,37.167,37.197,3571,0
CLN,D,20170831,000000,37.374,37.374,36.487,37.137,3314,0
CLN,D,20170901,000000,37.177,37.177,36.112,36.487,14109,0
CLN,D,20170904,000000,36.929,36.929,35.826,35.826,3039,0
CLN,D,20170905,000000,35.717,35.747,35.135,35.312,20546,0
CLN,D,20170906,000000,35.312,36.487,35.312,36.043,8030,0
CLN,D,20170907,000000,36.684,36.684,35.55,35.56,2159,0
CLN,D,20170908,000000,36.388,36.604,35.599,36.487,117516,0
CLN,D,20170911,000000,36.802,36.802,35.993,36.782,1940,0
CLN,D,20170912,000000,36.802,36.802,35.55,35.983,4337,0
CLN,D,20170913,000000,35.983,35.983,35.55,35.55,43074,0
CLN,D,20170914,000000,36.073,36.585,35.609,35.708,29115,0
CLN,D,20170915,000000,35.993,35.993,35.057,35.057,8982,0
CLN,D,20170918,000000,35.057,35.293,34.948,34.987,51226,0
CLN,D,20170919,000000,34.909,35.491,34.909,35.491,909,0
CLN,D,20170920,000000,35.973,36.083,35.235,35.896,6719,0
CLN,D,20170921,000000,34.613,35.392,34.613,35.332,40722,0
CLN,D,20170922,000000,35.442,35.58,35.302,35.51,47971,0
CLN,D,20170925,000000,35.55,36.487,35.55,36.487,72740,0
CLN,D,20170926,000000,36.289,36.378,35.777,36.378,576,0
CLN,D,20170927,000000,36.378,36.378,35.767,36.181,617,0
CLN,D,20170928,000000,36.181,36.181,33.675,34.761,63198,0
CLN,D,20170929,000000,34.416,36.191,34.219,36.191,81447,0
CLN,D,20171002,000000,36.181,36.181,34.239,34.396,25183,0
CLN,D,20171003,000000,34.306,34.524,34.219,34.336,7914,0
CLN,D,20171004,000000,34.179,34.396,33.685,33.685,48290,0
CLN,D,20171005,000000,33.548,33.548,32.098,33.33,21657,0
CLN,D,20171006,000000,33.33,33.33,32.789,33.035,20971,0
CLN,D,20171009,000000,32.809,33.528,31.359,31.408,33250,0
CLN,D,20171010,000000,31.398,32.838,30.975,31.851,53550,0
CLN,D,20171011,000000,32.237,32.247,31.616,32.048,5639,0
CLN,D,20171012,000000,32.374,33.36,32.364,33.36,6567,0
CLN,D,20171013,000000,33.134,33.134,32.048,32.247,6256,0
CLN,D,20171016,000000,32.542,33.233,31.693,32.424,3905,0
CLN,D,20171017,000000,32.256,32.434,31.851,32.404,1580,0
CLN,D,20171018,000000,31.961,32.434,31.556,31.941,3047,0
CLN,D,20171019,000000,32.424,32.424,30.669,30.915,56798,0
CLN,D,20171020,000000,30.915,31.062,30.324,30.807,5983,0
CLN,D,20171023,000000,30.6,32.838,30.6,32.048,88335,0
CLN,D,20171024,000000,32.247,32.809,31.211,32.542,73857,0
CLN,D,20171025,000000,32.344,34.642,32.344,34.416,72533,0
CLN,D,20171026,000000,34.465,34.514,33.035,33.035,4614,0
CLN,D,20171027,000000,33.005,33.628,33.005,33.528,978,0
CLN,D,20171030,000000,33.528,34.306,32.344,32.344,9104,0
CLN,D,20171031,000000,32.542,33.41,31.803,33.41,39889,0
CLN,D,20171102,000000,33.32,33.32,32.552,33.233,370,0
CLN,D,20171103,000000,33.282,33.33,31.961,33.134,4828,0
CLN,D,20171106,000000,33.134,33.311,32.335,32.335,2285,0
CLN,D,20171107,000000,32.532,32.542,31.783,32.029,41991,0
CLN,D,20171108,000000,31.981,31.981,30.797,31.3,56244,0
CLN,D,20171109,000000,30.965,31.516,30.865,31.062,1383,0
CLN,D,20171110,000000,30.836,31.437,29.544,30.471,106647,0
CLN,D,20171113,000000,30.471,30.55,29.1,30.076,6764,0
CLN,D,20171114,000000,29.643,30.066,29.19,29.584,37292,0
CLN,D,20171115,000000,29.979,29.979,29.338,29.683,4328,0
CLN,D,20171116,000000,29.081,29.584,27.493,28.4,62191,0
CLN,D,20171117,000000,28.597,29.09,28.529,29.051,4697,0
CLN,D,20171120,000000,29.288,30.57,29.288,30.57,23998,0
CLN,D,20171121,000000,30.57,31.014,30.076,30.076,8546,0
CLN,D,20171122,000000,30.294,30.294,29.387,29.485,25713,0
CLN,D,20171123,000000,29.505,29.929,29.387,29.387,60956,0
CLN,D,20171124,000000,29.397,29.771,29.19,29.574,1798,0
CLN,D,20171127,000000,29.564,29.564,28.794,29.19,4223,0
CLN,D,20171128,000000,29.19,30.865,28.993,30.56,23349,0
CLN,D,20171129,000000,30.274,31.546,30.274,31.062,8265,0
CLN,D,20171130,000000,31.24,31.359,29.19,29.584,22711,0
CLN,D,20171201,000000,30.511,30.511,30.076,30.076,15035,0
CLN,D,20171204,000000,30.412,30.412,28.4,28.597,42696,0
CLN,D,20171205,000000,28.627,29.979,27.73,29.584,57091,0
CLN,D,20171206,000000,29.574,29.584,28.105,28.252,49819,0
CLN,D,20171207,000000,28.479,29.425,28.479,29.09,12390,0
CLN,D,20171208,000000,28.706,29.859,28.706,29.859,15901,0
CLN,D,20171211,000000,29.859,30.176,29.495,30.096,12733,0
CLN,D,20171212,000000,30.076,30.224,29.929,30.224,7557,0
CLN,D,20171213,000000,30.294,30.905,30.274,30.865,12762,0
CLN,D,20171214,000000,31.447,32.167,31.359,31.626,33282,0
CLN,D,20171215,000000,31.941,33.47,31.931,32.542,61528,0
CLN,D,20171218,000000,32.414,33.005,31.546,31.546,21095,0
CLN,D,20171219,000000,32.138,33.44,31.803,33.084,37388,0
CLN,D,20171220,000000,33.44,33.913,33.33,33.874,63329,0
CLN,D,20171221,000000,33.874,34.909,32.689,32.689,89248,0
CLN,D,20171222,000000,32.739,34.613,32.739,34.219,85069,0
CLN,D,20171227,000000,34.219,35.097,32.542,32.542,83065,0
CLN,D,20171228,000000,34.416,35.382,33.144,34.514,300518,0
CLN,D,20171229,000000,33.035,35.302,32.907,35.302,312938,0
CLN,D,20180103,000000,34.564,35.302,34.416,34.416,15435,0
CLN,D,20180104,000000,35.302,35.302,33.725,33.725,15660,0
CLN,D,20180105,000000,34.761,34.761,33.725,33.725,16164,0
CLN,D,20180108,000000,33.528,34.269,33.134,33.134,7481,0
CLN,D,20180109,000000,33.134,33.923,32.689,33.528,12640,0
CLN,D,20180110,000000,33.528,34.021,33.282,33.528,1493,0
CLN,D,20180111,000000,33.923,33.971,32.739,33.183,4249,0
CLN,D,20180112,000000,33.233,34.711,33.233,34.416,11846,0
CLN,D,20180115,000000,34.662,35.352,34.662,35.352,9845,0
CLN,D,20180116,000000,35.352,35.352,34.514,34.909,11692,0
CLN,D,20180117,000000,34.909,34.909,34.021,34.12,3202,0
CLN,D,20180118,000000,34.416,34.514,33.33,33.43,8069,0
CLN,D,20180119,000000,33.528,34.514,33.528,34.219,2911,0
CLN,D,20180122,000000,34.169,34.169,32.887,33.33,9785,0
CLN,D,20180123,000000,33.233,33.923,31.606,33.33,37746,0
CLN,D,20180124,000000,33.33,33.874,33.33,33.628,2162,0
CLN,D,20180125,000000,33.725,33.775,32.642,33.775,3336,0
CLN,D,20180126,000000,33.725,33.775,33.084,33.084,1113,0
CLN,D,20180129,000000,33.628,33.628,33.233,33.528,2651,0
CLN,D,20180130,000000,33.628,34.021,32.642,32.642,10329,0
CLN,D,20180131,000000,32.642,32.937,32.344,32.344,7161,0
CLN,D,20180201,000000,32.542,32.542,31.753,32.148,5617,0
CLN,D,20180202,000000,31.703,32.492,31.062,31.359,18806,0
CLN,D,20180205,000000,31.062,32.937,29.633,32.048,14137,0
CLN,D,20180206,000000,29.584,31.359,29.584,31.31,29545,0
CLN,D,20180207,000000,31.753,33.035,31.556,32.642,16804,0
CLN,D,20180208,000000,32.838,32.838,31.062,31.556,20193,0
CLN,D,20180209,000000,30.865,31.062,30.076,30.57,12892,0
CLN,D,20180212,000000,30.669,31.556,30.421,30.421,8568,0
CLN,D,20180213,000000,30.57,31.359,30.57,31.062,23842,0
CLN,D,20180214,000000,31.31,32.148,30.717,31.506,24170,0
CLN,D,20180215,000000,32.048,32.048,31.162,31.556,1958,0
CLN,D,20180216,000000,31.556,32.048,31.556,31.951,27482,0
CLN,D,20180219,000000,32.197,32.197,31.457,32.148,9881,0
CLN,D,20180220,000000,32.148,33.528,31.951,32.838,10960,0
CLN,D,20180221,000000,33.282,33.43,33.035,33.084,5279,0
CLN,D,20180222,000000,33.035,33.035,32.344,32.642,2625,0
CLN,D,20180223,000000,32.642,33.233,32.642,32.642,8150,0
CLN,D,20180226,000000,33.134,33.33,31.703,31.703,9028,0
CLN,D,20180227,000000,31.951,32.344,31.606,31.753,14109,0
CLN,D,20180228,000000,31.703,31.703,29.781,30.865,63898,0
CLN,D,20180301,000000,30.767,31.062,29.288,30.126,37600,0
CLN,D,20180302,000000,30.126,30.421,29.387,29.979,11282,0
CLN,D,20180305,000000,29.979,30.324,28.647,29.83,40477,0
CLN,D,20180306,000000,30.076,31.062,29.979,30.817,15198,0
CLN,D,20180307,000000,30.767,32.542,29.387,31.359,72632,0
CLN,D,20180308,000000,31.951,31.951,31.062,31.162,2256,0
CLN,D,20180309,000000,30.669,31.162,30.176,30.817,7058,0
CLN,D,20180312,000000,30.57,31.062,29.781,30.076,8709,0
CLN,D,20180313,000000,30.027,30.471,29.781,30.471,4334,0
CLN,D,20180314,000000,29.879,30.817,29.879,30.669,13257,0
CLN,D,20180315,000000,30.669,30.817,30.076,30.57,2018,0
CLN,D,20180316,000000,30.62,30.767,29.584,30.57,6316,0
CLN,D,20180319,000000,30.274,30.52,29.732,29.781,4240,0
CLN,D,20180320,000000,30.076,30.52,29.584,30.224,8689,0
CLN,D,20180321,000000,30.224,30.471,29.584,29.83,14112,0
CLN,D,20180322,000000,29.879,30.817,29.435,30.076,9826,0
CLN,D,20180323,000000,30.373,30.373,29.485,29.732,19273,0
CLN,D,20180326,000000,29.584,29.979,28.993,29.19,16912,0
CLN,D,20180327,000000,29.584,30.373,29.435,29.879,38168,0
CLN,D,20180328,000000,29.584,29.584,27.907,28.697,43183,0
CLN,D,20180329,000000,28.597,29.387,28.4,29.19,14836,0
CLN,D,20180403,000000,29.288,29.584,28.597,28.597,7079,0
CLN,D,20180404,000000,28.597,29.09,28.352,28.844,18833,0
CLN,D,20180405,000000,28.597,29.387,28.597,29.238,2737,0
CLN,D,20180406,000000,29.19,29.288,28.893,28.993,2003,0
CLN,D,20180409,000000,29.09,29.584,28.993,29.435,8848,0
CLN,D,20180410,000000,29.534,30.076,29.387,30.027,7747,0
CLN,D,20180411,000000,30.027,30.57,29.683,30.57,3268,0
CLN,D,20180412,000000,30.027,30.57,30.027,30.027,5465,0
CLN,D,20180413,000000,30.373,30.373,29.732,29.879,6278,0
CLN,D,20180416,000000,29.781,30.027,29.633,29.879,8839,0
CLN,D,20180417,000000,29.584,29.83,29.09,29.485,18369,0
CLN,D,20180418,000000,29.584,29.584,29.288,29.435,9252,0
CLN,D,20180419,000000,29.435,30.027,29.288,29.781,7171,0
CLN,D,20180420,000000,29.435,29.879,29.338,29.584,7583,0
CLN,D,20180423,000000,29.485,29.879,29.387,29.781,6192,0
CLN,D,20180424,000000,29.584,29.83,29.435,29.584,9554,0
CLN,D,20180425,000000,29.584,30.126,28.597,29.584,34980,0
CLN,D,20180426,000000,29.584,30.126,28.993,29.584,28853,0
CLN,D,20180427,000000,29.584,30.126,29.387,30.126,7733,0
CLN,D,20180430,000000,30.126,30.274,29.584,30.274,12636,0
CLN,D,20180502,000000,30.274,30.274,29.485,30.027,3188,0
CLN,D,20180504,000000,30.176,30.224,29.584,29.781,2227,0
CLN,D,20180507,000000,29.584,29.584,28.794,29.435,6025,0
CLN,D,20180508,000000,29.09,29.387,28.499,29.387,12015,0
CLN,D,20180509,000000,29.288,29.338,28.597,29.09,6359,0
CLN,D,20180510,000000,29.14,29.19,28.548,28.893,2526,0
CLN,D,20180511,000000,29.09,29.09,28.105,28.499,9160,0
CLN,D,20180514,000000,28.449,28.844,27.711,28.794,21205,0
CLN,D,20180515,000000,28.794,28.943,28.449,28.597,2346,0
CLN,D,20180516,000000,28.893,29.683,28.548,29.14,14959,0
CLN,D,20180517,000000,29.485,29.485,28.647,29.14,5817,0
CLN,D,20180518,000000,29.485,29.534,28.499,29.19,4479,0
CLN,D,20180521,000000,29.288,29.288,27.858,28.597,18628,0
CLN,D,20180522,000000,28.105,29.387,28.055,28.597,10653,0
CLN,D,20180523,000000,28.203,29.041,28.105,28.597,12216,0
CLN,D,20180524,000000,29.19,30.421,29.09,30.076,46669,0
CLN,D,20180525,000000,30.373,31.457,30.373,30.915,19143,0
CLN,D,20180528,000000,30.915,30.915,29.534,30.817,27789,0
CLN,D,20180529,000000,30.669,31.31,29.534,31.062,14682,0
CLN,D,20180530,000000,30.57,30.817,30.126,30.57,16881,0
CLN,D,20180601,000000,30.373,30.373,29.387,29.387,9817,0
CLN,D,20180604,000000,29.435,29.732,29.19,29.19,6655,0
CLN,D,20180605,000000,29.19,29.979,28.844,29.929,12183,0
CLN,D,20180606,000000,30.421,30.421,29.584,29.929,1796,0
CLN,D,20180607,000000,29.781,30.076,29.387,29.387,2976,0
CLN,D,20180608,000000,29.387,30.57,29.288,30.52,17119,0
CLN,D,20180611,000000,31.165,31.214,30.421,30.62,2698,0
CLN,D,20180612,000000,30.818,30.818,29.777,30.174,1527,0
CLN,D,20180613,000000,29.777,30.62,29.629,30.223,22358,0
CLN,D,20180614,000000,29.827,31.214,29.827,30.718,15594,0
CLN,D,20180615,000000,30.52,31.214,30.421,31.214,7723,0
CLN,D,20180618,000000,31.016,31.214,30.421,31.214,5772,0
CLN,D,20180619,000000,31.214,31.214,30.421,31.214,2757,0
CLN,D,20180620,000000,31.214,32.353,30.52,31.611,14922,0
CLN,D,20180621,000000,31.611,31.611,30.818,31.462,1705,0
CLN,D,20180622,000000,30.917,31.611,30.57,31.214,2000,0
CLN,D,20180625,000000,30.818,31.462,30.223,30.223,6935,0
CLN,D,20180626,000000,30.718,30.718,28.935,29.084,17099,0
CLN,D,20180627,000000,29.084,29.728,28.935,29.232,27022,0
CLN,D,20180628,000000,29.629,31.661,29.579,31.165,13928,0
CLN,D,20180629,000000,31.165,32.453,30.57,32.453,36541,0
CLN,D,20180702,000000,32.353,32.353,31.661,31.661,6170,0
CLN,D,20180703,000000,31.709,32.75,31.709,32.7,13190,0
CLN,D,20180704,000000,32.7,33.691,32.453,33.344,14409,0
CLN,D,20180705,000000,33.394,34.187,32.949,33.097,8016,0
CLN,D,20180706,000000,33.097,33.593,31.016,31.412,23704,0
CLN,D,20180709,000000,31.611,32.205,30.52,31.362,10287,0
CLN,D,20180710,000000,30.867,31.908,30.867,31.709,5647,0
CLN,D,20180711,000000,31.661,31.759,31.016,31.709,1818,0
CLN,D,20180712,000000,31.412,31.561,30.818,31.214,750,0
CLN,D,20180713,000000,31.214,31.314,30.52,30.917,1529,0
CLN,D,20180716,000000,31.165,31.561,30.52,31.065,2543,0
CLN,D,20180717,000000,31.412,34.385,31.412,33.89,24367,0
CLN,D,20180718,000000,33.89,33.89,32.75,32.997,2678,0
CLN,D,20180719,000000,32.7,33.196,32.255,32.7,9276,0
CLN,D,20180720,000000,33.097,33.196,32.7,33.097,7200,0
CLN,D,20180723,000000,33.196,33.196,32.7,32.949,2907,0
CLN,D,20180724,000000,32.949,32.949,32.353,32.403,1211,0
CLN,D,20180725,000000,32.8,32.8,32.106,32.652,893,0
CLN,D,20180726,000000,32.353,32.353,31.809,31.958,1356,0
CLN,D,20180727,000000,31.958,33.196,31.412,33.196,7505,0
CLN,D,20180730,000000,33.146,33.146,32.403,32.602,4437,0
CLN,D,20180731,000000,32.7,32.8,31.908,32.652,19636,0
CLN,D,20180801,000000,32.7,32.8,32.403,32.7,878,0
CLN,D,20180802,000000,32.403,32.7,31.908,32.652,1462,0
CLN,D,20180803,000000,32.652,32.899,32.255,32.403,19902,0
CLN,D,20180806,000000,32.403,33.593,32.305,33.196,23126,0
CLN,D,20180807,000000,33.593,35.525,33.196,35.029,58780,0
CLN,D,20180808,000000,35.228,35.475,34.385,34.782,44797,0
CLN,D,20180809,000000,34.782,35.426,34.484,34.584,14387,0
CLN,D,20180810,000000,34.385,34.385,33.988,34.038,4915,0
CLN,D,20180813,000000,34.137,34.237,32.997,33.097,14811,0
CLN,D,20180814,000000,33.097,33.691,32.453,32.7,19689,0
CLN,D,20180816,000000,32.7,33.691,32.7,32.7,11555,0
CLN,D,20180817,000000,32.8,32.8,30.025,31.115,35436,0
CLN,D,20180820,000000,32.205,32.305,30.917,32.205,44484,0
CLN,D,20180821,000000,32.453,33.593,31.362,31.709,47961,0
CLN,D,20180822,000000,31.214,33.89,30.917,33.691,38312,0
CLN,D,20180823,000000,32.7,33.493,32.7,32.7,5512,0
CLN,D,20180824,000000,32.403,32.403,31.661,31.661,27668,0
CLN,D,20180827,000000,31.511,32.007,31.214,31.362,3197,0
CLN,D,20180828,000000,31.214,33.593,31.214,33.493,19479,0
CLN,D,20180829,000000,33.196,33.84,32.602,33.593,6605,0
CLN,D,20180830,000000,34.038,34.038,32.997,33.296,2313,0
CLN,D,20180831,000000,33.047,35.079,32.056,34.682,66307,0
CLN,D,20180903,000000,34.682,35.079,32.7,32.849,16515,0
CLN,D,20180904,000000,33.691,34.187,32.899,32.997,3067,0
CLN,D,20180905,000000,33.444,33.988,32.997,33.296,2079,0
CLN,D,20180906,000000,32.949,33.246,32.8,32.849,4802,0
CLN,D,20180907,000000,32.849,33.444,32.7,33.146,2602,0
CLN,D,20180910,000000,32.8,33.146,32.502,32.7,2131,0
CLN,D,20180911,000000,32.997,33.146,32.205,32.8,59020,0
CLN,D,20180912,000000,33.047,33.047,32.403,32.899,381,0
CLN,D,20180913,000000,33.543,33.543,32.8,33.444,1978,0
CLN,D,20180914,000000,33.593,34.385,33.493,33.691,4819,0
CLN,D,20180917,000000,34.137,34.137,33.296,33.296,4175,0
CLN,D,20180918,000000,33.296,33.691,33.196,33.691,469,0
CLN,D,20180919,000000,33.691,33.691,33.196,33.246,2947,0
CLN,D,20180920,000000,33.196,33.641,32.899,33.196,3676,0
CLN,D,20180921,000000,33.196,33.641,32.7,33.344,936,0
CLN,D,20180924,000000,33.444,33.444,32.353,32.552,3705,0
CLN,D,20180925,000000,33.097,33.641,32.75,33.493,1218,0
CLN,D,20180926,000000,33.593,33.593,32.602,33.394,2126,0
CLN,D,20180927,000000,32.8,33.641,32.552,32.602,629,0
CLN,D,20180928,000000,33.493,33.641,33.047,33.296,8572,0
CLN,D,20181001,000000,33.593,33.593,32.602,33.593,23367,0
CLN,D,20181002,000000,33.593,33.84,33.543,33.593,2461,0
CLN,D,20181003,000000,33.691,33.691,33.543,33.593,1064,0
CLN,D,20181004,000000,33.593,33.593,33.097,33.593,2853,0
CLN,D,20181005,000000,33.196,33.344,32.849,33.344,519,0
CLN,D,20181008,000000,33.344,33.344,32.305,33.196,2295,0
CLN,D,20181009,000000,33.196,33.196,32.403,32.7,2490,0
CLN,D,20181010,000000,32.75,32.899,31.709,31.709,5877,0
CLN,D,20181011,000000,31.264,32.156,29.926,30.967,46362,0
CLN,D,20181012,000000,30.223,31.016,30.223,30.52,26270,0
CLN,D,20181015,000000,30.52,31.511,30.421,31.511,7242,0
CLN,D,20181016,000000,30.967,31.511,30.967,31.511,491,0
CLN,D,20181017,000000,31.264,31.511,30.967,31.065,2010,0
CLN,D,20181018,000000,31.412,31.412,30.768,31.016,1530,0
CLN,D,20181019,000000,30.025,30.967,29.629,30.223,26252,0
CLN,D,20181022,000000,30.074,30.223,29.679,29.827,5443,0
CLN,D,20181023,000000,29.728,30.718,29.43,29.728,7086,0
CLN,D,20181024,000000,29.728,30.421,29.332,29.827,2912,0
CLN,D,20181025,000000,29.133,29.232,28.241,28.786,32823,0
CLN,D,20181026,000000,28.985,29.629,28.638,29.084,6625,0
CLN,D,20181029,000000,29.133,29.579,28.638,28.985,8113,0
CLN,D,20181030,000000,29.133,29.232,28.688,28.985,14026,0
CLN,D,20181031,000000,29.183,29.332,28.836,29.332,887,0
CLN,D,20181102,000000,29.629,31.065,29.48,30.223,8100,0
CLN,D,20181105,000000,30.174,30.174,29.579,29.579,1687,0
CLN,D,20181106,000000,29.529,29.579,29.133,29.183,9763,0
CLN,D,20181107,000000,29.084,29.728,29.084,29.728,9584,0
CLN,D,20181108,000000,30.223,30.67,29.43,29.679,1581,0
CLN,D,20181109,000000,29.629,29.926,29.232,29.728,7359,0
CLN,D,20181113,000000,29.232,29.529,28.341,29.529,5363,0
CLN,D,20181114,000000,29.529,29.926,29.133,29.728,307,0
CLN,D,20181115,000000,30.718,30.917,29.777,29.777,4489,0
CLN,D,20181116,000000,30.471,30.471,28.786,29.679,3971,0
CLN,D,20181119,000000,29.579,29.679,27.994,28.439,18378,0
CLN,D,20181120,000000,28.737,29.579,28.39,29.232,12678,0
CLN,D,20181121,000000,28.737,29.529,28.737,29.529,4113,0
CLN,D,20181122,000000,29.48,30.471,29.43,29.777,8107,0
CLN,D,20181123,000000,30.174,30.323,30.174,30.273,3124,0
CLN,D,20181126,000000,30.52,30.718,29.728,30.471,2025,0
CLN,D,20181127,000000,30.62,31.214,30.62,30.917,5557,0
CLN,D,20181128,000000,31.115,31.165,30.074,31.016,8205,0
CLN,D,20181129,000000,31.016,31.214,30.62,31.214,3509,0
CLN,D,20181130,000000,31.214,31.561,31.214,31.214,7551,0
CLN,D,20181203,000000,31.314,31.611,31.314,31.611,3477,0
CLN,D,20181204,000000,31.115,32.403,31.065,32.403,12018,0
CLN,D,20181205,000000,32.502,32.7,31.709,31.908,2361,0
CLN,D,20181206,000000,32.007,32.7,31.016,32.205,7270,0
CLN,D,20181207,000000,32.205,32.502,31.809,32.453,3342,0
CLN,D,20181210,000000,31.511,32.156,30.174,32.056,6695,0
CLN,D,20181211,000000,32.056,32.106,31.016,32.106,5375,0
CLN,D,20181212,000000,32.056,32.205,31.264,32.205,6976,0
CLN,D,20181213,000000,32.205,32.502,31.809,31.908,1400,0
CLN,D,20181214,000000,31.908,32.255,31.314,31.709,37544,0
CLN,D,20181217,000000,31.661,32.205,31.561,31.908,5290,0
CLN,D,20181218,000000,31.611,32.007,31.165,31.462,57227,0
CLN,D,20181219,000000,31.511,31.561,30.718,31.115,7354,0
CLN,D,20181220,000000,30.917,31.115,30.323,30.62,8228,0
CLN,D,20181221,000000,30.62,30.917,30.025,30.818,8066,0
CLN,D,20181227,000000,30.917,31.709,30.323,31.611,3153,0
CLN,D,20181228,000000,30.867,31.214,30.867,30.967,10723,0
CLN,D,20190102,000000,30.718,30.917,29.876,30.818,593,0
CLN,D,20190103,000000,30.52,30.718,30.421,30.718,1931,0
CLN,D,20190104,000000,30.421,30.718,30.223,30.67,1625,0
CLN,D,20190107,000000,30.67,30.67,29.43,30.174,2988,0
CLN,D,20190108,000000,29.629,31.065,29.579,29.679,4893,0
CLN,D,20190109,000000,29.926,29.926,29.679,29.926,4200,0
CLN,D,20190110,000000,30.273,30.323,29.728,30.273,903,0
CLN,D,20190111,000000,29.876,30.174,29.728,30.025,3477,0
CLN,D,20190114,000000,30.223,30.471,30.223,30.323,782,0
CLN,D,20190115,000000,31.264,31.362,30.421,31.214,3866,0
CLN,D,20190116,000000,31.214,31.314,31.214,31.214,1015,0
CLN,D,20190117,000000,30.917,31.115,30.223,30.768,6208,0
CLN,D,20190118,000000,31.115,31.115,30.421,30.768,2040,0
CLN,D,20190121,000000,30.768,30.768,30.52,30.718,1600,0
CLN,D,20190122,000000,31.362,31.362,30.62,30.818,6342,0
CLN,D,20190123,000000,31.115,32.205,31.065,31.511,6279,0
CLN,D,20190124,000000,31.709,32.056,31.314,31.709,3905,0
CLN,D,20190125,000000,31.362,31.511,31.214,31.412,482,0
CLN,D,20190128,000000,32.7,33.444,32.7,33.097,20831,0
CLN,D,20190129,000000,33.196,34.435,33.196,34.187,12516,0
CLN,D,20190130,000000,34.385,35.029,34.137,34.782,13145,0
CLN,D,20190131,000000,35.079,35.079,34.187,34.287,5190,0
CLN,D,20190201,000000,34.584,34.682,33.741,34.682,4457,0
CLN,D,20190204,000000,34.682,34.979,34.187,34.682,12079,0
CLN,D,20190205,000000,34.682,34.979,34.682,34.682,7796,0
CLN,D,20190206,000000,34.782,34.782,33.89,34.187,2606,0
CLN,D,20190207,000000,34.287,34.682,32.75,34.287,7378,0
CLN,D,20190208,000000,34.385,34.782,34.385,34.682,9842,0
CLN,D,20190211,000000,34.782,34.782,34.088,34.782,2777,0
CLN,D,20190212,000000,34.682,34.782,34.534,34.782,2397,0
CLN,D,20190213,000000,34.782,34.979,34.584,34.979,2101,0
CLN,D,20190214,000000,34.979,37.556,34.979,37.457,265692,0
CLN,D,20190215,000000,37.854,40.628,37.854,38.249,170225,0
CLN,D,20190218,000000,38.646,39.142,36.863,38.448,31667,0
CLN,D,20190219,000000,38.646,38.795,38.002,38.399,4067,0
CLN,D,20190220,000000,37.854,38.151,37.408,37.655,5302,0
CLN,D,20190221,000000,37.457,37.655,37.16,37.457,3408,0
CLN,D,20190222,000000,37.16,37.903,36.961,37.605,6220,0
CLN,D,20190225,000000,37.804,38.696,37.655,38.101,5536,0
CLN,D,20190226,000000,38.101,38.101,36.863,38.101,5888,0
CLN,D,20190227,000000,38.101,38.101,36.961,37.655,3293,0
CLN,D,20190228,000000,37.655,37.655,37.11,37.556,1113,0
CLN,D,20190301,000000,37.308,38.052,37.21,38.052,1440,0
CLN,D,20190304,000000,38.448,39.092,38.448,39.043,7297,0
CLN,D,20190305,000000,39.191,40.331,39.191,40.231,15624,0
CLN,D,20190306,000000,40.231,43.799,39.687,43.007,35151,0
CLN,D,20190307,000000,42.709,44.69,41.718,44.69,29011,0
CLN,D,20190308,000000,45.384,47.763,44.295,47.168,161615,0
CLN,D,20190311,000000,47.515,47.614,43.799,45.236,87554,0
CLN,D,20190312,000000,44.889,46.128,43.304,43.304,14345,0
CLN,D,20190313,000000,43.304,44.889,41.619,44.195,17502,0
CLN,D,20190314,000000,44.443,44.79,43.601,44.542,3943,0
CLN,D,20190315,000000,44.592,44.79,44.195,44.592,1534,0
CLN,D,20190318,000000,44.592,47.168,44.592,45.583,17309,0
CLN,D,20190319,000000,46.277,47.366,45.286,46.474,9105,0
CLN,D,20190320,000000,46.375,46.375,44.592,45.583,4702,0
CLN,D,20190321,000000,45.93,46.078,44.839,45.434,8954,0
CLN,D,20190322,000000,45.979,46.375,45.384,45.583,4622,0
CLN,D,20190325,000000,45.583,46.524,45.583,45.681,2872,0
CLN,D,20190326,000000,45.633,46.425,45.633,45.979,53223,0
CLN,D,20190327,000000,46.177,47.316,43.749,44.493,13432,0
CLN,D,20190328,000000,45.483,45.483,42.114,42.61,23266,0
CLN,D,20190329,000000,41.718,43.304,41.123,41.619,34791,0
CLN,D,20190401,000000,42.412,45.583,42.412,45.583,39672,0
CLN,D,20190402,000000,46.078,50.636,45.335,50.537,123451,0
CLN,D,20190403,000000,50.141,50.141,47.168,47.565,52506,0
CLN,D,20190404,000000,48.06,48.506,47.168,47.565,6623,0
CLN,D,20190405,000000,47.515,48.06,44.096,45.186,42381,0
CLN,D,20190408,000000,45.186,46.177,44.939,45.186,23693,0
CLN,D,20190409,000000,45.681,47.465,45.483,45.731,3291,0
CLN,D,20190410,000000,46.177,46.474,45.186,45.781,20808,0
CLN,D,20190411,000000,45.681,46.227,45.286,45.681,2141,0
CLN,D,20190412,000000,45.731,46.277,45.087,45.186,5043,0
CLN,D,20190415,000000,45.137,45.88,44.642,45.037,6347,0
CLN,D,20190416,000000,45.979,45.979,43.998,44.195,6975,0
CLN,D,20190417,000000,44.69,45.583,44.295,44.69,880,0
CLN,D,20190418,000000,44.146,45.533,43.105,43.601,5949,0
CLN,D,20190423,000000,45.533,45.533,44.096,44.393,6167,0
CLN,D,20190424,000000,44.393,44.393,43.304,43.898,155502,0
CLN,D,20190425,000000,43.898,44.344,43.402,43.7,54172,0
CLN,D,20190426,000000,39.637,42.213,36.764,41.123,103323,0
CLN,D,20190429,000000,41.323,41.771,40.475,41.771,5398,0
CLN,D,20190430,000000,41.771,43.566,41.771,42.37,5597,0
CLN,D,20190502,000000,42.968,43.566,42.519,42.868,3029,0
CLN,D,20190506,000000,42.569,43.167,41.871,42.021,26147,0
CLN,D,20190507,000000,42.021,42.37,41.522,41.871,2227,0
CLN,D,20190508,000000,41.871,42.768,41.622,41.672,2634,0
CLN,D,20190509,000000,41.522,41.871,40.226,40.226,7734,0
CLN,D,20190510,000000,40.326,41.871,39.279,39.379,11177,0
CLN,D,20190513,000000,40.376,40.376,38.382,39.179,10020,0
CLN,D,20190514,000000,37.186,38.88,37.136,37.883,23597,0
CLN,D,20190515,000000,38.781,38.781,37.235,38.631,26386,0
CLN,D,20190516,000000,38.232,39.678,38.232,39.678,13817,0
CLN,D,20190517,000000,39.778,40.874,38.731,40.675,4459,0
CLN,D,20190520,000000,40.874,40.874,39.778,40.077,2881,0
CLN,D,20190521,000000,38.98,40.176,38.98,39.778,1260,0
CLN,D,20190522,000000,39.03,40.176,38.93,39.379,15742,0
CLN,D,20190523,000000,39.827,40.176,39.479,39.479,2188,0
CLN,D,20190524,000000,39.479,40.176,39.479,40.127,1923,0
CLN,D,20190527,000000,40.176,42.27,40.176,41.871,4918,0
CLN,D,20190528,000000,42.27,42.768,42.021,42.719,4267,0
CLN,D,20190529,000000,42.669,42.669,40.874,40.924,4635,0
CLN,D,20190530,000000,40.874,42.071,40.675,40.874,4385,0
CLN,D,20190531,000000,41.423,42.071,40.775,41.871,1044,0
CLN,D,20190603,000000,40.924,42.17,40.924,41.921,2640,0
CLN,D,20190604,000000,41.572,41.572,40.675,40.974,1982,0
CLN,D,20190605,000000,40.725,40.725,39.977,40.077,1851,0
CLN,D,20190606,000000,39.877,40.027,39.08,40.027,4988,0
CLN,D,20190607,000000,40.027,41.722,40.027,41.074,1414,0
CLN,D,20190610,000000,41.572,41.871,40.127,41.323,1452,0
CLN,D,20190611,000000,41.323,41.871,41.323,41.373,1269,0
CLN,D,20190612,000000,41.074,42.469,41.074,42.469,5466,0
CLN,D,20190613,000000,42.469,44.264,42.469,43.865,7797,0
CLN,D,20190614,000000,43.765,44.762,43.765,44.712,3551,0
CLN,D,20190617,000000,44.762,46.607,44.762,45.61,4511,0
CLN,D,20190618,000000,45.61,45.61,44.363,44.762,2823,0
CLN,D,20190619,000000,45.36,45.36,43.516,43.865,49430,0
CLN,D,20190621,000000,43.965,45.36,43.865,45.111,3164,0
CLN,D,20190624,000000,45.211,45.66,43.765,44.962,3152,0
CLN,D,20190625,000000,45.061,45.161,44.064,45.161,1730,0
CLN,D,20190626,000000,45.51,45.51,43.466,44.862,1622,0
CLN,D,20190627,000000,44.862,45.111,43.167,43.516,4580,0
CLN,D,20190628,000000,44.314,44.314,43.666,43.666,1245,0
CLN,D,20190701,000000,43.666,44.862,43.666,44.363,1230,0
CLN,D,20190702,000000,44.762,44.762,43.416,44.663,1463,0
CLN,D,20190703,000000,44.613,44.613,43.865,44.563,2755,0
CLN,D,20190704,000000,44.563,47.255,44.015,46.656,14043,0
CLN,D,20190705,000000,46.856,47.255,46.357,46.457,7862,0
CLN,D,20190708,000000,46.557,46.557,45.061,45.66,6084,0
CLN,D,20190709,000000,45.66,46.706,45.161,45.261,2207,0
CLN,D,20190710,000000,46.258,46.357,45.061,46.008,51050,0
CLN,D,20190711,000000,46.008,46.357,45.261,46.008,3325,0
CLN,D,20190712,000000,46.158,48.6,45.859,48.401,11106,0
CLN,D,20190715,000000,48.401,49.248,46.407,46.457,16422,0
CLN,D,20190716,000000,47.105,48.351,46.557,46.806,5094,0
CLN,D,20190717,000000,47.155,47.853,46.507,47.354,5426,0
CLN,D,20190718,000000,47.354,47.803,45.909,46.158,8253,0
CLN,D,20190719,000000,46.856,47.952,46.208,47.853,31263,0
CLN,D,20190722,000000,47.952,49.149,47.255,47.255,7291,0
CLN,D,20190723,000000,47.753,48.152,47.454,47.554,4745,0
CLN,D,20190724,000000,47.853,48.052,47.853,48.052,3157,0
CLN,D,20190725,000000,48.351,48.351,47.554,47.703,1275,0
CLN,D,20190726,000000,48.252,48.252,47.155,47.653,1940,0
CLN,D,20190729,000000,47.653,47.653,46.656,46.656,2516,0
CLN,D,20190730,000000,46.208,46.457,43.915,45.859,43619,0
CLN,D,20190731,000000,45.161,45.959,44.413,45.759,13929,0
CLN,D,20190801,000000,45.859,45.859,44.712,44.862,6552,0
CLN,D,20190802,000000,44.463,45.111,43.965,43.965,6446,0
CLN,D,20190805,000000,43.815,43.815,41.622,42.868,14451,0
CLN,D,20190806,000000,41.423,43.217,41.273,42.569,4177,0
CLN,D,20190807,000000,42.27,42.868,40.525,40.874,7367,0
CLN,D,20190808,000000,40.725,42.669,40.725,41.971,3234,0
CLN,D,20190809,000000,42.669,42.669,40.874,40.874,10864,0
CLN,D,20190812,000000,41.173,42.32,39.827,41.173,13282,0
CLN,D,20190813,000000,41.123,42.021,40.575,40.874,11745,0
CLN,D,20190814,000000,40.625,41.722,40.625,40.874,8162,0
CLN,D,20190816,000000,41.373,42.569,40.625,40.874,4510,0
CLN,D,20190819,000000,41.572,41.771,40.874,41.373,5315,0
CLN,D,20190820,000000,41.373,42.569,40.924,41.373,2413,0
CLN,D,20190821,000000,41.373,41.373,40.974,41.173,1775,0
CLN,D,20190822,000000,41.373,41.871,40.675,40.874,3396,0
CLN,D,20190823,000000,40.874,41.771,40.475,40.675,1988,0
CLN,D,20190826,000000,40.376,40.675,39.728,40.376,13292,0
CLN,D,20190827,000000,40.276,40.276,39.728,39.877,11339,0
CLN,D,20190828,000000,40.276,40.675,39.528,39.877,12825,0
CLN,D,20190829,000000,39.678,40.475,39.678,40.475,1847,0
CLN,D,20190830,000000,40.625,42.868,39.678,40.326,16138,0
CLN,D,20190902,000000,40.276,42.32,40.276,41.123,7444,0
CLN,D,20190903,000000,41.871,41.871,40.525,40.874,2311,0
CLN,D,20190904,000000,40.824,41.722,40.077,41.074,3851,0
CLN,D,20190905,000000,41.024,41.672,40.625,41.323,1095,0
CLN,D,20190906,000000,40.974,41.672,40.376,40.376,4182,0
CLN,D,20190909,000000,41.223,41.423,39.678,40.027,12178,0
CLN,D,20190910,000000,40.625,40.625,38.282,38.382,19815,0
CLN,D,20190911,000000,38.482,40.525,37.834,39.877,13177,0
CLN,D,20190912,000000,40.575,40.575,39.479,40.027,10271,0
CLN,D,20190913,000000,40.027,41.173,39.778,40.376,10705,0
CLN,D,20190916,000000,41.123,41.821,40.376,40.575,10329,0
CLN,D,20190917,000000,41.273,41.622,39.977,40.525,5368,0
CLN,D,20190918,000000,41.273,42.071,40.376,41.074,7461,0
CLN,D,20190919,000000,41.672,41.821,40.874,41.173,8466,0
CLN,D,20190920,000000,41.672,41.771,41.123,41.123,5974,0
CLN,D,20190923,000000,41.771,44.314,40.874,43.317,20303,0
CLN,D,20190924,000000,44.214,46.108,44.064,44.962,19556,0
CLN,D,20190925,000000,45.061,45.56,43.865,43.865,11276,0
CLN,D,20190926,000000,43.367,44.762,42.968,42.968,6961,0
CLN,D,20190927,000000,43.018,44.663,42.17,42.17,8527,0
CLN,D,20190930,000000,41.373,41.672,39.977,41.672,48939,0
CLN,D,20191001,000000,41.871,44.264,41.024,43.317,9038,0
CLN,D,20191002,000000,44.114,44.114,41.771,41.771,5483,0
CLN,D,20191003,000000,41.672,42.22,41.672,42.22,3958,0
CLN,D,20191004,000000,42.22,42.868,41.423,42.868,19072,0
CLN,D,20191007,000000,42.918,43.666,42.918,43.367,30016,0
CLN,D,20191008,000000,44.363,45.311,42.868,44.663,32757,0
CLN,D,20191009,000000,44.862,45.859,44.663,45.41,24271,0
CLN,D,20191010,000000,45.859,46.357,44.563,45.36,5710,0
CLN,D,20191011,000000,46.258,46.258,43.965,44.513,8345,0
CLN,D,20191014,000000,44.563,44.862,43.067,43.167,8317,0
CLN,D,20191015,000000,43.167,43.815,43.067,43.167,41323,0
CLN,D,20191016,000000,43.117,43.815,43.067,43.367,3000,0
CLN,D,20191017,000000,43.367,44.264,43.267,44.064,6762,0
CLN,D,20191018,000000,44.114,44.513,43.018,43.117,4437,0
CLN,D,20191021,000000,43.367,43.815,42.918,43.317,4784,0
CLN,D,20191022,000000,43.516,43.516,42.12,42.12,8261,0
CLN,D,20191023,000000,41.971,42.719,40.675,41.971,21528,0
CLN,D,20191024,000000,42.17,42.27,41.572,41.771,4100,0
CLN,D,20191025,000000,41.472,42.669,40.675,40.924,11901,0
CLN,D,20191028,000000,40.874,42.569,40.874,41.971,3406,0
CLN,D,20191029,000000,42.37,42.818,42.17,42.37,2275,0
CLN,D,20191030,000000,42.768,42.768,41.871,42.569,3647,0
CLN,D,20191031,000000,42.569,42.569,42.071,42.37,2683,0
CLN,D,20191104,000000,42.27,43.965,41.771,43.715,9506,0
CLN,D,20191105,000000,43.715,43.865,43.367,43.865,19911,0
CLN,D,20191106,000000,43.865,44.264,43.317,43.865,3950,0
CLN,D,20191107,000000,43.416,43.815,42.968,43.367,4729,0
CLN,D,20191108,000000,44.064,44.363,43.067,44.314,7330,0
CLN,D,20191112,000000,43.067,43.865,43.067,43.865,5137,0
CLN,D,20191113,000000,43.865,45.111,43.715,43.715,5782,0
CLN,D,20191114,000000,43.815,44.413,43.117,43.666,4069,0
CLN,D,20191115,000000,43.416,44.762,43.416,44.164,3985,0
CLN,D,20191118,000000,44.264,44.663,44.264,44.413,7712,0
CLN,D,20191119,000000,44.762,45.261,44.513,45.161,8402,0
CLN,D,20191120,000000,45.56,46.806,44.663,45.211,17791,0
CLN,D,20191121,000000,45.061,45.061,43.865,44.214,6356,0
CLN,D,20191122,000000,44.264,44.264,42.968,43.167,9770,0
CLN,D,20191125,000000,42.669,43.865,41.871,43.765,19110,0
CLN,D,20191126,000000,43.765,44.862,43.765,44.712,1537,0
CLN,D,20191127,000000,44.712,44.862,43.666,44.114,1083,0
CLN,D,20191128,000000,43.815,44.363,43.666,44.363,1093,0
CLN,D,20191129,000000,44.363,44.613,43.965,44.613,2708,0
CLN,D,20191202,000000,44.862,45.56,44.363,44.613,3202,0
CLN,D,20191203,000000,44.712,45.261,44.064,44.862,12146,0
CLN,D,20191204,000000,45.261,45.56,44.812,45.311,5974,0
CLN,D,20191205,000000,45.311,45.311,43.715,43.865,5620,0
CLN,D,20191206,000000,43.865,43.865,43.267,43.367,7980,0
CLN,D,20191209,000000,43.865,43.865,42.519,43.267,13336,0
CLN,D,20191210,000000,43.267,43.267,42.37,42.868,8013,0
CLN,D,20191211,000000,42.37,42.619,41.323,41.323,11516,0
CLN,D,20191212,000000,41.323,43.416,38.581,40.475,57676,0
CLN,D,20191213,000000,40.376,42.071,39.927,40.077,9976,0
CLN,D,20191216,000000,40.077,40.775,39.578,40.775,11931,0
CLN,D,20191217,000000,41.323,41.572,40.376,40.874,6862,0
CLN,D,20191218,000000,40.725,40.725,40.176,40.276,3617,0
CLN,D,20191219,000000,39.877,40.376,39.429,39.778,18126,0
CLN,D,20191220,000000,39.778,39.778,38.88,38.88,22412,0
CLN,D,20191223,000000,38.88,41.173,38.88,40.824,17039,0
CLN,D,20191227,000000,40.974,40.974,40.376,40.376,8338,0
CLN,D,20191230,000000,40.176,41.771,39.578,39.578,12322,0
CLN,D,20200102,000000,39.628,41.871,39.628,41.871,10614,0
CLN,D,20200103,000000,42.469,43.367,41.871,43.367,12416,0
CLN,D,20200107,000000,44.064,44.363,43.367,43.616,9972,0
CLN,D,20200108,000000,43.666,43.666,42.519,43.516,7180,0
CLN,D,20200109,000000,43.815,45.161,43.815,44.862,17394,0
CLN,D,20200110,000000,45.261,45.859,44.862,45.859,20881,0
CLN,D,20200113,000000,48.75,49.049,46.457,48.152,59211,0
CLN,D,20200114,000000,48.65,50.245,48.65,49.597,49699,0
CLN,D,20200115,000000,49.747,49.747,47.853,47.853,28310,0
CLN,D,20200116,000000,48.202,48.85,47.454,47.653,10903,0
CLN,D,20200117,000000,47.653,48.85,47.653,48.7,8536,0
CLN,D,20200120,000000,48.85,50.245,48.85,49.946,18238,0
CLN,D,20200121,000000,50.245,50.245,49.747,49.847,10361,0
CLN,D,20200122,000000,49.847,49.847,48.202,49.448,11566,0
CLN,D,20200123,000000,49.348,49.348,47.205,47.354,14427,0
CLN,D,20200124,000000,46.956,47.952,44.762,46.357,33763,0
CLN,D,20200127,000000,46.357,47.454,44.363,44.862,23651,0
CLN,D,20200128,000000,46.058,46.656,44.962,45.859,18817,0
CLN,D,20200129,000000,46.357,46.457,45.261,45.859,3286,0
CLN,D,20200130,000000,46.457,46.457,44.712,44.762,12101,0
CLN,D,20200131,000000,44.912,45.809,43.865,43.865,13024,0
CLN,D,20200203,000000,43.666,45.46,42.071,43.765,13519,0
CLN,D,20200204,000000,43.765,43.765,41.273,42.17,22265,0
CLN,D,20200205,000000,42.17,43.367,42.17,43.367,46653,0
CLN,D,20200206,000000,43.616,44.363,43.466,43.466,9177,0
CLN,D,20200207,000000,43.865,43.865,42.17,42.469,14224,0
CLN,D,20200210,000000,42.469,42.469,40.874,41.522,21434,0
CLN,D,20200211,000000,41.522,41.572,41.074,41.472,38733,0
CLN,D,20200212,000000,42.27,44.513,41.871,44.463,22219,0
CLN,D,20200213,000000,44.862,45.36,43.865,44.064,9108,0
CLN,D,20200214,000000,43.865,43.865,43.367,43.765,5307,0
CLN,D,20200217,000000,43.865,44.862,43.117,44.663,17324,0
CLN,D,20200218,000000,44.762,44.812,43.416,44.015,9649,0
CLN,D,20200219,000000,45.859,47.853,44.015,44.015,37000,0
CLN,D,20200220,000000,44.264,45.36,42.968,43.117,15913,0
CLN,D,20200221,000000,44.413,44.413,43.167,43.516,7406,0
CLN,D,20200224,000000,43.516,43.516,41.323,41.373,25991,0
CLN,D,20200225,000000,41.074,42.868,39.977,42.719,34399,0
CLN,D,20200226,000000,42.719,43.865,40.924,41.572,19685,0
CLN,D,20200227,000000,41.472,41.472,37.485,39.728,37068,0
CLN,D,20200228,000000,38.282,39.479,35.69,37.285,48637,0
CLN,D,20200302,000000,38.88,40.376,37.086,38.781,29914,0
CLN,D,20200303,000000,39.827,40.775,38.93,39.877,24256,0
CLN,D,20200304,000000,39.08,40.376,38.482,39.728,10578,0
CLN,D,20200305,000000,40.974,42.37,39.08,39.08,34922,0
CLN,D,20200306,000000,39.229,39.778,37.485,37.883,18669,0
CLN,D,20200309,000000,34.893,35.541,32.5,32.749,70669,0
CLN,D,20200310,000000,33.896,34.294,30.706,31.902,46762,0
CLN,D,20200311,000000,32.4,33.098,28.512,29.908,155519,0
CLN,D,20200312,000000,26.867,26.867,24.225,24.425,71305,0
CLN,D,20200313,000000,25.123,32.899,22.979,28.163,111568,0
CLN,D,20200316,000000,28.712,31.902,25.92,31.902,84968,0
CLN,D,20200317,000000,31.902,37.883,30.905,34.893,113581,0
CLN,D,20200318,000000,36.288,36.288,32.4,32.899,49370,0
CLN,D,20200319,000000,32.151,34.743,31.752,31.902,25641,0
CLN,D,20200320,000000,32.899,33.796,29.659,29.908,61555,0
CLN,D,20200323,000000,29.908,32.4,27.416,29.908,43791,0
CLN,D,20200324,000000,31.154,31.802,30.506,30.656,16892,0
CLN,D,20200325,000000,31.204,32.5,29.41,31.254,41637,0
CLN,D,20200326,000000,31.752,32.201,31.054,32.101,8467,0
CLN,D,20200327,000000,32.799,32.998,31.952,31.952,10932,0
CLN,D,20200330,000000,32.002,33.995,30.905,33.597,24198,0
CLN,D,20200331,000000,33.397,35.89,33.148,34.594,63768,0
CLN,D,20200401,000000,34.893,35.391,33.347,33.696,16470,0
CLN,D,20200402,000000,33.646,34.544,33.497,34.294,13155,0
CLN,D,20200403,000000,34.394,36.787,33.547,35.89,38171,0
CLN,D,20200406,000000,36.388,39.877,36.388,38.432,76097,0
CLN,D,20200407,000000,39.678,40.824,36.488,36.837,45035,0
CLN,D,20200408,000000,37.385,37.385,34.494,35.79,38126,0
CLN,D,20200409,000000,35.989,36.488,33.995,34.394,35718,0
CLN,D,20200414,000000,34.294,34.394,33.497,33.896,49279,0
CLN,D,20200415,000000,33.896,33.995,32.201,32.45,55954,0
CLN,D,20200416,000000,32.45,34.294,32.45,33.298,20491,0
CLN,D,20200417,000000,34.743,34.893,33.846,34.095,12288,0
CLN,D,20200420,000000,34.394,34.394,33.298,33.896,24086,0
CLN,D,20200421,000000,34.394,35.092,31.104,31.902,40848,0
CLN,D,20200422,000000,32.002,32.4,31.453,31.702,24584,0
CLN,D,20200423,000000,31.902,32.849,30.905,32.251,16991,0
CLN,D,20200424,000000,31.503,31.902,30.905,31.802,15447,0
CLN,D,20200427,000000,31.802,31.802,30.157,30.207,51887,0
CLN,D,20200428,000000,30.506,30.506,28.961,29.509,39918,0
CLN,D,20200429,000000,29.509,33.497,29.21,33.148,69506,0
CLN,D,20200430,000000,33.896,33.995,31.902,32.151,23453,0
CLN,D,20200504,000000,32.151,33.397,31.005,32.899,37307,0
CLN,D,20200505,000000,32.6,33.447,32.6,32.998,15178,0
CLN,D,20200506,000000,33.497,33.497,31.852,32.201,16622,0
CLN,D,20200507,000000,32.201,32.301,31.304,31.802,13554,0
CLN,D,20200508,000000,31.702,31.852,31.503,31.802,11338,0
CLN,D,20200511,000000,33.696,34.544,32.4,32.899,34537,0
CLN,D,20200512,000000,33.397,33.497,32.201,33.298,29997,0
CLN,D,20200513,000000,33.248,34.245,32.899,34.145,14797,0
CLN,D,20200514,000000,34.145,34.145,32.55,33.098,29316,0
CLN,D,20200515,000000,33.298,33.597,32.899,33.048,20086,0
CLN,D,20200518,000000,33.995,33.995,32.002,32.151,59816,0
CLN,D,20200519,000000,32.151,33.048,32.101,32.55,16764,0
CLN,D,20200520,000000,32.899,32.998,32.5,32.55,18208,0
CLN,D,20200521,000000,32.55,32.799,32.4,32.699,5262,0
CLN,D,20200522,000000,32.6,32.899,32.6,32.749,12472,0
CLN,D,20200525,000000,32.55,32.65,31.752,32.201,15058,0
CLN,D,20200526,000000,32.201,32.799,32.101,32.55,26553,0
CLN,D,20200527,000000,32.4,32.749,32.101,32.6,38434,0
CLN,D,20200528,000000,32.699,32.699,31.902,32.45,15120,0
CLN,D,20200529,000000,32.35,32.5,31.952,32.5,3115,0
CLN,D,20200601,000000,32.7,32.7,31.8,32.2,7773,0
CLN,D,20200602,000000,32.5,32.5,31.85,32.45,12621,0
CLN,D,20200603,000000,32.65,34.8,32.6,34.6,70581,0
CLN,D,20200604,000000,35.1,35.6,34.7,35.15,21108,0
CLN,D,20200605,000000,35.5,36.75,35.3,36.65,58805,0
CLN,D,20200608,000000,37.7,37.7,36.5,37.7,44897,0
CLN,D,20200609,000000,38,38.3,36.55,37.7,38513,0
CLN,D,20200610,000000,38,38.95,37.7,38.9,50713,0
CLN,D,20200612,000000,37.1,38.45,35.55,38.4,31531,0
CLN,D,20200615,000000,38,40,36.5,38.95,52968,0
CLN,D,20200616,000000,40,41.55,39.55,41.55,36433,0
CLN,D,20200617,000000,42.45,42.45,40.45,40.45,23373,0
CLN,D,20200618,000000,40.5,41.1,39.5,41,77315,0
CLN,D,20200619,000000,41.4,41.8,40.65,41.5,16436,0
CLN,D,20200622,000000,41.7,41.7,40.55,41,9790,0
CLN,D,20200623,000000,41,43.3,40.8,43.3,55881,0
CLN,D,20200624,000000,43.7,44,42.3,43,18075,0
CLN,D,20200625,000000,42.9,43.45,42.1,42.95,35087,0
CLN,D,20200626,000000,43,43.1,40.2,41,22023,0
CLN,D,20200629,000000,41.2,41.5,38.8,39,58831,0
CLN,D,20200630,000000,39.1,39.9,38.1,38.1,19591,0
CLN,D,20200701,000000,39.1,39.7,38.25,39.5,12362,0
CLN,D,20200702,000000,39.5,40.95,38.8,40.95,15242,0
CLN,D,20200703,000000,40.7,41.55,40.4,40.5,11709,0
CLN,D,20200706,000000,40.95,41,39.7,40.6,12562,0
CLN,D,20200707,000000,40.9,42.5,40.5,42.5,20787,0
CLN,D,20200708,000000,42.8,43.75,42,43.5,30172,0
CLN,D,20200709,000000,43.8,44.4,43.1,44.1,18303,0
CLN,D,20200710,000000,44.5,44.5,41.3,43.3,28468,0
