<TICKER>,<PER>,<DATE>,<TIME>,<OPEN>,<HIGH>,<LOW>,<CLOSE>,<VOL>,<OPENINT>
ITM,D,20110810,000000,5.51,5.69,4.83,5,99956,0
ITM,D,20110811,000000,5.03,5.5,4.4,5.5,28304,0
ITM,D,20110812,000000,5.5,6.5,5.5,6.35,39754,0
ITM,D,20110816,000000,6.03,6.6,5.75,6.6,5953,0
ITM,D,20110817,000000,6.25,6.55,6.21,6.5,13027,0
ITM,D,20110818,000000,6.5,7,6.5,7,3228,0
ITM,D,20110819,000000,6.51,7,6.2,7,16735,0
ITM,D,20110822,000000,6.61,7.2,6.5,7.03,8493,0
ITM,D,20110823,000000,7.1,7.63,7,7.63,47698,0
ITM,D,20110824,000000,7.1,7.8,7.1,7.7,3953,0
ITM,D,20110825,000000,7.8,7.8,7.5,7.7,140,0
ITM,D,20110826,000000,7.7,7.8,7.13,7.7,3894,0
ITM,D,20110829,000000,7.7,7.7,7.11,7.7,4080,0
ITM,D,20110830,000000,7.6,7.6,7.3,7.6,615,0
ITM,D,20110831,000000,7.3,7.8,7.1,7.8,5095,0
ITM,D,20110901,000000,7.45,7.79,7.15,7.79,1044,0
ITM,D,20110902,000000,7.39,7.95,7.2,7.95,1361,0
ITM,D,20110905,000000,7.9,7.9,7.9,7.9,5,0
ITM,D,20110906,000000,7.9,7.9,7.5,7.87,265,0
ITM,D,20110907,000000,7.8,7.9,7.66,7.9,870,0
ITM,D,20110908,000000,7.9,7.9,7.9,7.9,10,0
ITM,D,20110909,000000,7.9,7.9,7.58,7.58,347,0
ITM,D,20110912,000000,7.5,7.82,7.5,7.82,1078,0
ITM,D,20110913,000000,7.51,7.59,7.23,7.59,518,0
ITM,D,20110914,000000,7.6,7.6,7.6,7.6,10,0
ITM,D,20110915,000000,7.6,7.6,7.6,7.6,3,0
ITM,D,20110916,000000,7.6,7.6,7.23,7.55,360,0
ITM,D,20110919,000000,7.6,7.6,7.25,7.6,370,0
ITM,D,20110920,000000,7.6,7.6,7.6,7.6,5,0
ITM,D,20110921,000000,7,7.6,6.4,7.6,21986,0
ITM,D,20110922,000000,7.14,7.8,7.14,7.8,356,0
ITM,D,20110923,000000,7,7.8,7,7.8,499,0
ITM,D,20110926,000000,7.75,7.75,7.4,7.4,1426,0
ITM,D,20110927,000000,7.55,7.56,7.55,7.56,42,0
ITM,D,20110928,000000,7.7,7.7,7.7,7.7,50,0
ITM,D,20110929,000000,7.8,7.8,7.4,7.7,365,0
ITM,D,20110930,000000,7.65,7.65,7.65,7.65,5,0
ITM,D,20111003,000000,7.5,7.5,7.5,7.5,5,0
ITM,D,20111004,000000,7.5,7.5,7.5,7.5,5,0
ITM,D,20111006,000000,7.5,7.5,7.48,7.48,346,0
ITM,D,20111007,000000,7.14,7.49,7.14,7.49,221,0
ITM,D,20111010,000000,7.5,7.5,7.5,7.5,10,0
ITM,D,20111011,000000,7.5,7.5,7.5,7.5,5,0
ITM,D,20111012,000000,7.5,7.5,7.5,7.5,3,0
ITM,D,20111013,000000,7.5,7.5,7.5,7.5,5,0
ITM,D,20111014,000000,7.5,7.7,7.48,7.7,505,0
ITM,D,20111017,000000,7.7,7.7,7.7,7.7,5,0
ITM,D,20111018,000000,7.7,7.7,7.01,7.7,1261,0
ITM,D,20111020,000000,7.7,7.7,7.7,7.7,5,0
ITM,D,20111021,000000,7.6,7.6,7.6,7.6,10,0
ITM,D,20111024,000000,7.3,7.6,6.96,7.57,1295,0
ITM,D,20111025,000000,7.57,7.57,7.57,7.57,5,0
ITM,D,20111026,000000,7.57,7.57,7.57,7.57,10,0
ITM,D,20111027,000000,7.57,7.57,7.57,7.57,10,0
ITM,D,20111028,000000,7.57,7.57,7.57,7.57,3,0
ITM,D,20111102,000000,7.57,7.57,7.57,7.57,5,0
ITM,D,20111103,000000,7.57,7.57,7.57,7.57,5,0
ITM,D,20111104,000000,7.57,7.57,7.57,7.57,5,0
ITM,D,20111107,000000,7.57,7.57,7.57,7.57,5,0
ITM,D,20111108,000000,7.57,7.57,7.57,7.57,5,0
ITM,D,20111109,000000,7.6,7.6,7.6,7.6,5,0
ITM,D,20111110,000000,7.6,7.6,7.6,7.6,5,0
ITM,D,20111114,000000,7.6,7.6,7.39,7.55,730,0
ITM,D,20111115,000000,7.58,7.58,7.5,7.57,2495,0
ITM,D,20111116,000000,7.5,7.6,7.49,7.6,1070,0
ITM,D,20111117,000000,7.6,7.6,7.6,7.6,5,0
ITM,D,20111118,000000,7.4,7.6,7.4,7.6,1072,0
ITM,D,20111121,000000,7.6,7.6,7.6,7.6,3,0
ITM,D,20111122,000000,7.6,7.7,7.4,7.7,2325,0
ITM,D,20111123,000000,7.52,7.55,7.22,7.5,2815,0
ITM,D,20111124,000000,7.7,7.7,7.5,7.5,715,0
ITM,D,20111125,000000,7.7,7.7,7.7,7.7,5,0
ITM,D,20111128,000000,7.54,8.7,7.54,8.7,6214,0
ITM,D,20111129,000000,8.97,10.5,8.97,10.5,2937,0
ITM,D,20111130,000000,10.76,10.76,10,10,760,0
ITM,D,20111201,000000,9.7,9.7,9.7,9.7,619,0
ITM,D,20111202,000000,9.81,9.81,9.81,9.81,21,0
ITM,D,20111205,000000,10,10,9.15,9.6,58,0
ITM,D,20111206,000000,9.6,9.6,9.6,9.6,3,0
ITM,D,20111207,000000,9.57,10.76,8.97,9.24,2936,0
ITM,D,20111208,000000,8.8,9.5,7.8,9.48,7447,0
ITM,D,20111209,000000,9.42,9.42,9.42,9.42,271,0
ITM,D,20111212,000000,9.5,10,9.5,10,110,0
ITM,D,20111213,000000,10,10,9.5,10,986,0
ITM,D,20111214,000000,9.97,10.76,9,9.84,1923,0
ITM,D,20111216,000000,9.77,10.49,9.77,10.49,278,0
ITM,D,20111219,000000,10.5,10.5,9.8,9.8,1106,0
ITM,D,20111221,000000,10.75,10.75,10.75,10.75,272,0
ITM,D,20111222,000000,9.97,10.76,9.51,10.76,488,0
ITM,D,20111223,000000,10.97,10.97,10.2,10.97,763,0
ITM,D,20111227,000000,10.45,10.6,10.05,10.59,1580,0
ITM,D,20111228,000000,10.12,10.58,10.12,10.4,774,0
ITM,D,20111229,000000,10.4,10.4,10.4,10.4,5,0
ITM,D,20111230,000000,10.4,10.9,10.4,10.9,2150,0
ITM,D,20120102,000000,10.92,13,10.92,13,565,0
ITM,D,20120103,000000,12.96,15.6,12,13.9,4979,0
ITM,D,20120104,000000,13.9,15,12,14.5,11500,0
ITM,D,20120105,000000,14.5,14.5,14.5,14.5,240,0
ITM,D,20120109,000000,13.82,14.2,13.3,14.2,430,0
ITM,D,20120110,000000,13.59,14,12,13.4,1439,0
ITM,D,20120111,000000,12.78,13.5,12,13.5,1714,0
ITM,D,20120112,000000,13.5,13.5,11.6,13.5,605,0
ITM,D,20120113,000000,12.78,13.39,12.18,13.2,2013,0
ITM,D,20120116,000000,13.02,13.02,12.4,13.02,961,0
ITM,D,20120117,000000,12.4,13,12.4,13,165,0
ITM,D,20120118,000000,13,13,13,13,5,0
ITM,D,20120120,000000,13,13,12.35,12.96,512,0
ITM,D,20120123,000000,13,13,13,13,5,0
ITM,D,20120124,000000,13,13,12.35,12.55,214,0
ITM,D,20120125,000000,12.7,12.7,12.7,12.7,5,0
ITM,D,20120126,000000,12.7,13,12.5,13,875,0
ITM,D,20120127,000000,12.35,13.25,12.35,13.25,1327,0
ITM,D,20120130,000000,12.59,13.2,12.5,13.2,615,0
ITM,D,20120131,000000,13.15,13.15,13.15,13.15,10,0
ITM,D,20120201,000000,12.5,13.06,12.45,13.06,690,0
ITM,D,20120202,000000,12.35,14.1,12.35,13.9,1135,0
ITM,D,20120203,000000,12.83,14.8,12.83,14.8,1079,0
ITM,D,20120206,000000,13.87,15.5,13.87,15.5,635,0
ITM,D,20120207,000000,14.54,14.54,13,13.4,1335,0
ITM,D,20120208,000000,13.4,13.4,12.71,13.3,190,0
ITM,D,20120209,000000,12.64,13,12.13,12.13,414,0
ITM,D,20120210,000000,13,13,11,11,237,0
ITM,D,20120214,000000,11.7,11.7,11.7,11.7,25,0
ITM,D,20120221,000000,11,11,11,11,769,0
ITM,D,20120229,000000,11,11,11,11,540,0
ITM,D,20120301,000000,11.02,12,11.02,12,230,0
ITM,D,20120302,000000,11.91,13,11.91,13,221,0
ITM,D,20120305,000000,13,13.5,13,13.5,50,0
ITM,D,20120315,000000,12.16,12.16,12.16,12.16,10,0
ITM,D,20120316,000000,12.07,13,12.07,13,210,0
ITM,D,20120320,000000,12.16,13.5,12,13.5,1071,0
ITM,D,20120326,000000,13,13,12.91,13,117,0
ITM,D,20120327,000000,13,13,13,13,10,0
ITM,D,20120328,000000,13,13,12.96,13,80,0
ITM,D,20120329,000000,13,13,12.5,13,910,0
ITM,D,20120330,000000,13,13,13,13,5,0
ITM,D,20120402,000000,13,13,12.5,13,1887,0
ITM,D,20120403,000000,13,13,13,13,310,0
ITM,D,20120404,000000,13,13,12.5,13,1228,0
ITM,D,20120405,000000,13,13,12.4,13,405,0
ITM,D,20120410,000000,12.6,13,12.2,12.95,1760,0
ITM,D,20120411,000000,13,13,13,13,3,0
ITM,D,20120412,000000,13,13,13,13,2,0
ITM,D,20120413,000000,13,13,12.38,12.38,206,0
ITM,D,20120416,000000,11.75,11.9,11.75,11.9,130,0
ITM,D,20120417,000000,12,12,12,12,20,0
ITM,D,20120418,000000,12,12,12,12,2,0
ITM,D,20120419,000000,11.4,11.9,10,11.9,53120,0
ITM,D,20120420,000000,11.84,11.85,11.84,11.85,83,0
ITM,D,20120423,000000,12.07,13,11.01,12.89,2305,0
ITM,D,20120424,000000,11.49,14,11.49,13.9,10010,0
ITM,D,20120425,000000,13.9,13.9,13.9,13.9,10,0
ITM,D,20120426,000000,13.65,14.9,13.65,14.9,1073,0
ITM,D,20120430,000000,14,16,14,16,3146,0
ITM,D,20120502,000000,15,15,12.8,15,250,0
ITM,D,20120508,000000,15.5,16.5,15,15,175,0
ITM,D,20120511,000000,15.5,15.5,15,15,50038,0
ITM,D,20120515,000000,14.99,14.99,14.99,14.99,40000,0
ITM,D,20120516,000000,14.99,14.99,14.99,14.99,10000,0
ITM,D,20120517,000000,14,15,14,15,190,0
ITM,D,20120525,000000,14.99,14.99,14.99,14.99,15000,0
ITM,D,20120528,000000,14.85,14.99,14,14.84,15305,0
ITM,D,20120529,000000,14,14.66,14,14.66,102,0
ITM,D,20120611,000000,14,14.9,14,14.9,182,0
ITM,D,20120627,000000,14,14.95,14,14.95,2140,0
ITM,D,20120628,000000,14,14.49,14,14.05,315,0
ITM,D,20120629,000000,14,14.56,14,14.56,2915,0
ITM,D,20120705,000000,15,15,15,15,25,0
ITM,D,20120706,000000,14.5,14.5,14.5,14.5,5,0
ITM,D,20120709,000000,13.5,13.5,13.5,13.5,110,0
ITM,D,20120710,000000,14,14,14,14,10,0
ITM,D,20120712,000000,14,16,14,15,125,0
ITM,D,20120720,000000,14.1,14.9,14.1,14.9,111,0
ITM,D,20120723,000000,14.9,14.9,14.9,14.9,100,0
ITM,D,20120726,000000,14.9,14.9,14.9,14.9,10,0
ITM,D,20120802,000000,14.95,14.95,14.95,14.95,2,0
ITM,D,20120814,000000,13.87,14.5,13.87,14.4,220,0
ITM,D,20120816,000000,14.8,14.8,14.8,14.8,5,0
ITM,D,20120828,000000,14.3,14.8,13.55,14.1,198362,0
ITM,D,20120831,000000,14.67,14.67,14.67,14.67,5,0
ITM,D,20121003,000000,14.39,14.39,14.39,14.39,34,0
ITM,D,20121012,000000,13.85,13.85,13.85,13.85,112,0
ITM,D,20121015,000000,13.03,13.88,13.03,13.88,129,0
ITM,D,20121016,000000,13.3,14.4,13.3,13.5,445,0
ITM,D,20121017,000000,13.5,14.2,13.5,14.19,125,0
ITM,D,20121018,000000,13.27,14.25,13.27,14.25,118,0
ITM,D,20121106,000000,13.25,13.25,13.25,13.25,18,0
ITM,D,20121107,000000,12.34,13.3,12.34,13.3,182,0
ITM,D,20121121,000000,13.79,13.79,13.79,13.79,25,0
ITM,D,20121128,000000,13.7,13.7,13.7,13.7,100,0
ITM,D,20121214,000000,13.7,14.25,13.7,14.25,1501,0
ITM,D,20121217,000000,14.49,14.49,14.49,14.49,3,0
ITM,D,20121218,000000,14.24,14.4,13.27,14.4,339788,0
ITM,D,20121220,000000,14,14.49,14,14.49,7002,0
ITM,D,20121221,000000,13.27,14.1,13.27,14.1,679,0
ITM,D,20121227,000000,13.27,14.38,11.9,14.29,5729,0
ITM,D,20121228,000000,14.69,14.69,13,14.4,4301,0
ITM,D,20130102,000000,14.5,17,14.5,17,210,0
ITM,D,20130103,000000,18,21,18,21,29,0
ITM,D,20130104,000000,23,23,20.95,20.95,126,0
ITM,D,20130107,000000,20.94,20.94,20.94,20.94,10,0
ITM,D,20130111,000000,20.44,20.44,18.15,18.85,274,0
ITM,D,20130114,000000,17.5,18.75,17.5,18.75,162,0
ITM,D,20130115,000000,18.2,20,18.2,20,88,0
ITM,D,20130116,000000,18.2,19.3,18,19.3,610,0
ITM,D,20130117,000000,18,18.15,17.8,18.1,296,0
ITM,D,20130118,000000,17.9,17.9,17.9,17.9,200,0
ITM,D,20130123,000000,18,18,18,18,5,0
ITM,D,20130125,000000,18,18,18,18,1,0
ITM,D,20130131,000000,18,18,18,18,10,0
ITM,D,20130201,000000,18,18,18,18,5,0
ITM,D,20130208,000000,18,18,18,18,3,0
ITM,D,20130214,000000,16.86,18,16.86,17,672,0
ITM,D,20130215,000000,17,17,17,17,1,0
ITM,D,20130219,000000,15.73,16.9,15.73,16.9,181,0
ITM,D,20130228,000000,17.4,17.4,17.4,17.4,3,0
ITM,D,20130308,000000,17.35,17.35,17.35,17.35,5,0
ITM,D,20130311,000000,17.35,17.35,17.35,17.35,3,0
ITM,D,20130313,000000,17.3,17.3,17.3,17.3,3,0
ITM,D,20130315,000000,16.7,17.3,16.7,17.3,92,0
ITM,D,20130318,000000,17,17,17,17,2,0
ITM,D,20130405,000000,14.43,15.2,14.43,15.2,305,0
ITM,D,20130408,000000,15.2,15.2,15.2,15.2,3,0
ITM,D,20130409,000000,15.3,15.3,15.3,15.3,2,0
ITM,D,20130411,000000,14.2,14.2,14.2,14.2,107,0
ITM,D,20130415,000000,14.5,14.5,13.5,14.5,114,0
ITM,D,20130430,000000,13.6,15.5,13.6,15.5,450,0
ITM,D,20130510,000000,15.5,15.5,15.5,15.5,2,0
ITM,D,20130514,000000,15,16.98,15,16.98,290,0
ITM,D,20130515,000000,15.99,17.97,14.9,17.97,500,0
ITM,D,20130520,000000,15.64,16.79,15,16.79,297,0
ITM,D,20130521,000000,17.5,17.5,17.5,17.5,2,0
ITM,D,20130527,000000,14.9,17.88,14.9,17.88,302,0
ITM,D,20130528,000000,15.83,17.88,15.83,17.88,230,0
ITM,D,20130529,000000,15.83,16.5,15.36,16.5,205,0
ITM,D,20130604,000000,14.9,15.5,14.9,15.5,104,0
ITM,D,20130610,000000,15.4,15.4,15.4,15.4,5,0
ITM,D,20130612,000000,14.48,16.8,14.48,16.8,620,0
ITM,D,20130613,000000,14.71,15.6,14.71,15.6,108,0
ITM,D,20130614,000000,14.95,14.95,14.95,14.95,102,0
ITM,D,20130617,000000,15.6,15.6,15.6,15.6,3,0
ITM,D,20130618,000000,15.6,15.6,15.6,15.6,2,0
ITM,D,20130619,000000,15.6,15.6,15.6,15.6,2,0
ITM,D,20130620,000000,15.6,15.6,15.6,15.6,2,0
ITM,D,20130621,000000,15.6,15.6,15.6,15.6,2,0
ITM,D,20130625,000000,15.6,15.6,15.6,15.6,2,0
ITM,D,20130628,000000,14.43,16,14.43,16,532,0
ITM,D,20130715,000000,16,16,16,16,2,0
ITM,D,20130716,000000,16,16,16,16,2,0
ITM,D,20130717,000000,15.5,16,15.5,16,1000,0
ITM,D,20130718,000000,16,16,14.77,15.49,214,0
ITM,D,20130719,000000,14.77,15.6,12.5,15,1125,0
ITM,D,20130722,000000,15,15,15,15,2,0
ITM,D,20130723,000000,13.5,15,11,15,950,0
ITM,D,20130724,000000,15.5,15.5,13.97,15.5,239,0
ITM,D,20130725,000000,15.1,15.1,13.97,15,231,0
ITM,D,20130726,000000,15.1,15.1,13.99,14.5,328,0
ITM,D,20130729,000000,13.58,14.45,11.1,14,285,0
ITM,D,20130730,000000,14.2,15.4,13.97,14.98,509,0
ITM,D,20130731,000000,14.99,14.99,12,14.97,1091,0
ITM,D,20130801,000000,14.55,14.55,14.06,14.35,171,0
ITM,D,20130802,000000,14.35,14.35,14.35,14.35,2,0
ITM,D,20130805,000000,14.35,14.35,13.37,13.37,115,0
ITM,D,20130807,000000,14.35,14.35,14.35,14.35,2,0
ITM,D,20130808,000000,14.35,14.35,14.35,14.35,2,0
ITM,D,20130814,000000,13.87,15.4,13.87,15.4,850,0
ITM,D,20130816,000000,14.24,15.25,14.24,15.25,109,0
ITM,D,20130819,000000,14.24,15.09,14.24,15.09,112,0
ITM,D,20130821,000000,14.85,14.85,13.83,14.85,903,0
ITM,D,20130822,000000,14.85,14.85,14.85,14.85,1,0
ITM,D,20130823,000000,13.83,13.83,13.83,13.83,110,0
ITM,D,20130826,000000,14.4,14.4,14.4,14.4,10,0
ITM,D,20130827,000000,13.5,15.99,13.5,15.75,1545,0
ITM,D,20130828,000000,13.5,16.9,13.5,16.9,2123,0
ITM,D,20130829,000000,16.9,18.5,16.9,16.9,680,0
ITM,D,20130830,000000,17.5,17.5,17.5,17.5,20,0
ITM,D,20130902,000000,15.73,15.73,14.9,15.3,200,0
ITM,D,20130903,000000,14.25,15.9,14.24,15.9,1109,0
ITM,D,20130904,000000,15.9,15.9,15.9,15.9,2,0
ITM,D,20130905,000000,14.74,15.98,14.74,15.98,306,0
ITM,D,20130906,000000,14.74,17.5,14.74,15.3,473,0
ITM,D,20130909,000000,16.1,16.1,16.1,16.1,5,0
ITM,D,20130911,000000,14.9,15,12.5,15,222,0
ITM,D,20130912,000000,14.7,15.69,14.43,14.83,207,0
ITM,D,20130916,000000,15.1,15.1,15.1,15.1,1,0
ITM,D,20130917,000000,15.1,16,15.1,16,131,0
ITM,D,20130918,000000,14.9,15.35,14.9,15.35,112,0
ITM,D,20130919,000000,15.35,15.35,15.35,15.35,2,0
ITM,D,20130924,000000,14.43,14.43,14.43,14.43,105,0
ITM,D,20130925,000000,14.83,15.6,12,15,555,0
ITM,D,20130930,000000,15.6,15.6,15.6,15.6,2,0
ITM,D,20131002,000000,14.24,14.84,13.82,14.65,619,0
ITM,D,20131015,000000,14.25,15.2,14.25,15.2,107,0
ITM,D,20131021,000000,13.97,15,13.97,15,119,0
ITM,D,20131022,000000,14.3,15.2,13.35,14.69,591,0
ITM,D,20131023,000000,14.99,14.99,14.99,14.99,2,0
ITM,D,20131024,000000,14.99,14.99,13.35,14.85,348,0
ITM,D,20131025,000000,14.01,15.05,14.01,15.05,368,0
ITM,D,20131104,000000,14.01,15.05,14.01,15.05,218,0
ITM,D,20131105,000000,13.92,14.95,13.92,14.39,655,0
ITM,D,20131106,000000,13.31,14.3,13.31,14.3,334,0
ITM,D,20131108,000000,13.5,13.5,13.5,13.5,112,0
ITM,D,20131112,000000,12.56,13.65,12.56,13.56,2076,0
ITM,D,20131113,000000,12.57,13.2,12,13.2,1368,0
ITM,D,20131114,000000,13.5,15,11.1,12.3,2305,0
ITM,D,20131115,000000,13,15.39,13,15.39,287,0
ITM,D,20131120,000000,14.75,16,14.75,16,240,0
ITM,D,20131125,000000,14.6,17.52,14.6,17.52,405,0
ITM,D,20131126,000000,17.5,17.5,16,17.5,140,0
ITM,D,20131127,000000,17.3,17.3,17.3,17.3,2,0
ITM,D,20131128,000000,17.3,19.2,17.3,19.2,132,0
ITM,D,20131129,000000,19,19,17.69,18.5,255,0
ITM,D,20131202,000000,18.5,19.99,18,19.49,589,0
ITM,D,20131203,000000,19.49,19.49,17.55,18.85,666,0
ITM,D,20131204,000000,18.83,18.83,17.54,18.04,93,0
ITM,D,20131205,000000,18.08,18.08,16.83,17.25,110,0
ITM,D,20131206,000000,16.04,16.54,16.04,16.54,96,0
ITM,D,20131209,000000,16.54,18.8,16.54,18.8,99,0
ITM,D,20131210,000000,17.8,18.3,17.8,18.3,30,0
ITM,D,20131213,000000,18,18.9,16.1,18.9,497,0
ITM,D,20131216,000000,17.55,18.55,17.55,18.55,97,0
ITM,D,20131217,000000,17.13,18,17.13,18,96,0
ITM,D,20131218,000000,16.57,18.2,16.57,18.2,18339,0
ITM,D,20131219,000000,18,18,18,18,5,0
ITM,D,20131230,000000,18.5,18.5,15.1,17.22,529,0
ITM,D,20140102,000000,17.22,17.22,17.22,17.22,12,0
ITM,D,20140103,000000,17.22,20.66,17.1,18.79,260,0
ITM,D,20140107,000000,18.27,18.27,15.1,15.1,377,0
ITM,D,20140108,000000,16.79,16.79,15,15,107,0
ITM,D,20140109,000000,14.75,14.75,14.75,14.75,103,0
ITM,D,20140110,000000,14.95,15.82,14.95,15.49,932,0
ITM,D,20140115,000000,15.3,16.49,14.9,16.45,432,0
ITM,D,20140117,000000,14.76,15.83,14.76,15.83,220,0
ITM,D,20140120,000000,15.5,15.83,14.43,15,306,0
ITM,D,20140122,000000,15,15,14.99,14.99,122,0
ITM,D,20140127,000000,15.82,15.82,15.82,15.82,116,0
ITM,D,20140128,000000,15.82,15.82,13,14.95,757,0
ITM,D,20140129,000000,14.95,14.95,12,12.3,3312,0
ITM,D,20140130,000000,12.85,15.42,12.85,13.09,235,0
ITM,D,20140131,000000,15.7,15.7,15.59,15.59,305,0
ITM,D,20140203,000000,15.6,15.6,15.6,15.6,3,0
ITM,D,20140204,000000,13.38,15.6,13.38,15.6,123,0
ITM,D,20140205,000000,13.31,15.5,13,13,465,0
ITM,D,20140206,000000,14.02,15.06,14.02,15.06,115,0
ITM,D,20140207,000000,14.42,15,14.42,15,6,0
ITM,D,20140211,000000,14.42,15,14.42,15,2,0
ITM,D,20140212,000000,15,15,13.92,15,5,0
ITM,D,20140213,000000,14.95,14.99,13.97,14.99,104,0
ITM,D,20140214,000000,13.97,14.99,11.4,14.8,32060,0
ITM,D,20140217,000000,14.8,14.8,13,14.8,229,0
ITM,D,20140218,000000,14,14,13,13,298,0
ITM,D,20140219,000000,11.5,13,11.5,13,1050,0
ITM,D,20140221,000000,13,13,13,13,2,0
ITM,D,20140225,000000,12,12,12,12,651,0
ITM,D,20140226,000000,12,12,12,12,5,0
ITM,D,20140227,000000,12,12,11.99,12,105,0
ITM,D,20140303,000000,12,14.4,12,14.4,185,0
ITM,D,20140304,000000,12.35,13,11.5,11.5,1534,0
ITM,D,20140305,000000,12,12.95,10,12.95,175,0
ITM,D,20140306,000000,11.96,12.77,11.96,11.96,494,0
ITM,D,20140307,000000,11.9,11.9,11.1,11.84,2902,0
ITM,D,20140310,000000,12.5,12.6,12.5,12.6,25,0
ITM,D,20140311,000000,11.13,12.7,11.13,12.7,205,0
ITM,D,20140312,000000,11.64,12,11.64,12,135,0
ITM,D,20140313,000000,12,12,10,10,4,0
ITM,D,20140314,000000,12,12,12,12,10,0
ITM,D,20140317,000000,12,12.95,12,12.5,15,0
ITM,D,20140318,000000,11.64,11.64,11.63,11.63,155,0
ITM,D,20140319,000000,11.64,13,11.64,12,2135,0
ITM,D,20140320,000000,12.52,12.52,12,12,180,0
ITM,D,20140321,000000,12,12,11,11.95,167,0
ITM,D,20140324,000000,12,12,12,12,180,0
ITM,D,20140325,000000,11.3,12.5,11.27,12,1810,0
ITM,D,20140326,000000,12,12,12,12,2,0
ITM,D,20140327,000000,12,12,12,12,2,0
ITM,D,20140328,000000,12.5,12.5,12.5,12.5,2,0
ITM,D,20140404,000000,11.6,11.6,11.59,11.59,461,0
ITM,D,20140407,000000,12.5,12.5,11.59,11.59,833,0
ITM,D,20140408,000000,12.49,12.49,12.49,12.49,800,0
ITM,D,20140409,000000,11.45,11.45,11.45,11.45,2005,0
ITM,D,20140410,000000,11.45,11.59,11,11.59,3020,0
ITM,D,20140411,000000,12.09,12.09,12.09,12.09,260,0
ITM,D,20140414,000000,12.1,12.1,12.1,12.1,2,0
ITM,D,20140425,000000,12,12.1,12,12.1,1000,0
ITM,D,20140428,000000,12.1,12.95,12,12.48,1909,0
ITM,D,20140429,000000,12.48,12.95,12.48,12.5,247,0
ITM,D,20140430,000000,12.5,12.5,12.45,12.5,302,0
ITM,D,20140502,000000,12.5,12.5,12.5,12.5,97,0
ITM,D,20140505,000000,12.8,12.8,12.5,12.5,92,0
ITM,D,20140506,000000,12.59,12.59,12,12.49,190,0
ITM,D,20140508,000000,12,12.47,12,12.47,348,0
ITM,D,20140509,000000,11.63,12.48,11.5,12.29,1157,0
ITM,D,20140512,000000,11.95,12.4,11.95,12.4,275,0
ITM,D,20140514,000000,12.44,12.44,12.29,12.29,422,0
ITM,D,20140515,000000,12.44,12.44,11.54,12.39,1567,0
ITM,D,20140516,000000,12.44,12.44,12.44,12.44,5,0
ITM,D,20140520,000000,11.08,12.44,10.46,11.9,3057,0
ITM,D,20140522,000000,12.35,12.35,11.6,11.99,2252,0
ITM,D,20140523,000000,12.2,12.2,11.6,11.98,560,0
ITM,D,20140526,000000,11.98,12.39,11.7,11.7,583,0
ITM,D,20140527,000000,11.7,11.99,11.7,11.99,1401,0
ITM,D,20140528,000000,11.97,13.1,11.97,13.1,474,0
ITM,D,20140529,000000,13.1,13.99,13.1,13.35,1648,0
ITM,D,20140530,000000,12.5,13.45,12.49,13.39,2655,0
ITM,D,20140602,000000,14.2,14.2,12.8,12.8,1750,0
ITM,D,20140603,000000,13.45,13.45,12.79,12.79,2614,0
ITM,D,20140604,000000,12.55,12.55,12.5,12.5,556,0
ITM,D,20140605,000000,12.5,12.5,12.5,12.5,120,0
ITM,D,20140610,000000,12.2,12.5,12.2,12.5,400,0
ITM,D,20140611,000000,13.05,13.05,12.95,12.95,91,0
ITM,D,20140616,000000,12.5,13,12.5,13,365,0
ITM,D,20140620,000000,12.1,12.8,12.1,12.8,250,0
ITM,D,20140623,000000,12.99,12.99,12.99,12.99,125,0
ITM,D,20140626,000000,12,12.5,11,12.45,38615,0
ITM,D,20140627,000000,12.45,12.45,12.45,12.45,10,0
ITM,D,20140630,000000,12.5,12.5,12.5,12.5,405,0
ITM,D,20140701,000000,13,13,12,13,1432,0
ITM,D,20140702,000000,12,12.8,12,12.8,127,0
ITM,D,20140703,000000,11.55,12.65,11.5,12.65,1210,0
ITM,D,20140704,000000,12.79,12.79,12.79,12.79,350,0
ITM,D,20140708,000000,12.79,12.79,12.79,12.79,140,0
ITM,D,20140716,000000,11.6,11.6,11.5,11.5,760,0
ITM,D,20140718,000000,11.5,12.5,11.5,12.5,195,0
ITM,D,20140722,000000,12.38,12.38,12.38,12.38,10,0
ITM,D,20140725,000000,12.2,12.2,11,11,132,0
ITM,D,20140728,000000,11.99,11.99,11.99,11.99,10,0
ITM,D,20140729,000000,11.97,11.97,11.97,11.97,20,0
ITM,D,20140804,000000,11.2,11.95,10.11,11.95,1128,0
ITM,D,20140806,000000,12.5,12.5,12.44,12.44,501,0
ITM,D,20140807,000000,12.41,12.41,12.15,12.15,39,0
ITM,D,20140811,000000,11.89,11.89,11.89,11.89,16,0
ITM,D,20140813,000000,10.71,11.76,10.71,11.76,358,0
ITM,D,20140819,000000,10.59,11.7,10.59,11.7,121,0
ITM,D,20140822,000000,10.55,11.7,10.55,11.7,258,0
ITM,D,20140826,000000,11.64,12.49,11.64,12.49,1020,0
ITM,D,20140829,000000,12.4,12.4,12.4,12.4,200,0
ITM,D,20140904,000000,12,12,12,12,39500,0
ITM,D,20140905,000000,12,12.5,12,12.5,1800,0
ITM,D,20140908,000000,12.66,13.5,12.66,13.5,145,0
ITM,D,20140910,000000,12.15,13.1,12.15,13.09,1089,0
ITM,D,20140912,000000,12.95,12.95,12.95,12.95,65,0
ITM,D,20140916,000000,12.05,13.17,12.05,13.09,2083,0
ITM,D,20140917,000000,12.1,12.1,11.5,11.5,350,0
ITM,D,20140918,000000,13.17,13.18,11.9,12,21235,0
ITM,D,20140919,000000,12.55,12.55,12.55,12.55,5,0
ITM,D,20140922,000000,12.95,12.95,12.95,12.95,5,0
ITM,D,20140930,000000,12.7,12.8,12.7,12.8,50,0
ITM,D,20141008,000000,11.99,11.99,11.99,11.99,695,0
ITM,D,20141020,000000,12.45,12.45,12.45,12.45,10,0
ITM,D,20141021,000000,12.45,12.45,12.45,12.45,26,0
ITM,D,20141022,000000,12.45,12.45,12.45,12.45,194,0
ITM,D,20141023,000000,12.4,12.4,12.4,12.4,18,0
ITM,D,20141024,000000,12.69,12.69,12,12.69,60,0
ITM,D,20141027,000000,12.69,13.9,12.69,13.9,3360,0
ITM,D,20141028,000000,13.9,14.9,13,14.8,17173,0
ITM,D,20141029,000000,14.9,14.95,13.51,13.99,3091,0
ITM,D,20141030,000000,14.5,14.5,13.3,13.95,1435,0
ITM,D,20141031,000000,13.95,13.95,13.95,13.95,10,0
ITM,D,20141103,000000,14.15,14.15,13.5,13.65,8154,0
ITM,D,20141104,000000,13.95,13.95,12.58,12.98,9111,0
ITM,D,20141105,000000,12.89,12.89,12.1,12.24,4664,0
ITM,D,20141106,000000,12.24,12.65,12,12.38,1746,0
ITM,D,20141107,000000,12.44,12.62,12,12.51,204,0
ITM,D,20141110,000000,12.6,12.65,12.4,12.4,1841,0
ITM,D,20141112,000000,12.66,12.66,12.64,12.64,59,0
ITM,D,20141113,000000,12.58,12.58,12.05,12.54,861,0
ITM,D,20141114,000000,12,12.52,11.91,12.46,5229,0
ITM,D,20141117,000000,12.4,12.4,12.05,12.37,765,0
ITM,D,20141118,000000,12.45,12.45,12,12,1328,0
ITM,D,20141119,000000,11.94,12.43,11.9,11.9,3180,0
ITM,D,20141120,000000,12.29,12.29,11.8,12.15,1285,0
ITM,D,20141121,000000,12.27,12.27,11.8,12.1,3259,0
ITM,D,20141124,000000,12.09,12.09,11.6,12.07,1384,0
ITM,D,20141125,000000,11.94,11.94,11.7,11.93,377,0
ITM,D,20141126,000000,11.93,11.93,11.76,11.9,278,0
ITM,D,20141127,000000,11.93,11.93,11.8,11.8,54518,0
ITM,D,20141128,000000,11.8,11.93,11.7,11.93,3202,0
ITM,D,20141201,000000,12.07,12.07,11,11.92,2935,0
ITM,D,20141202,000000,11.9,11.9,11.41,11.6,1223,0
ITM,D,20141203,000000,11.74,11.74,11,11.65,13749,0
ITM,D,20141204,000000,11.5,11.89,11.45,11.8,22677,0
ITM,D,20141205,000000,11.89,11.89,11.41,11.7,7772,0
ITM,D,20141208,000000,11.75,11.75,11.65,11.7,429,0
ITM,D,20141209,000000,11.73,11.89,11.31,11.8,5067,0
ITM,D,20141210,000000,11.8,12.98,11.35,11.73,42614,0
ITM,D,20141211,000000,11.94,11.94,11,11.42,2800,0
ITM,D,20141212,000000,11.35,11.35,11.05,11.05,319,0
ITM,D,20141215,000000,11.29,11.97,11.2,11.21,29359,0
ITM,D,20141216,000000,11.7,11.97,11.21,11.94,40391,0
ITM,D,20141217,000000,11.94,12.89,11.88,11.88,5574,0
ITM,D,20141218,000000,12.38,12.38,11.8,11.8,34534,0
ITM,D,20141219,000000,12.38,12.4,11.9,12.4,2521,0
ITM,D,20141222,000000,12.4,12.45,11.8,11.8,10128,0
ITM,D,20141223,000000,12.27,12.27,11.88,12.12,824,0
ITM,D,20141229,000000,12.13,12.13,12.1,12.11,150251,0
ITM,D,20141230,000000,12.3,12.3,12.2,12.2,12,0
ITM,D,20150102,000000,12.3,13.4,12.3,13.4,7901,0
ITM,D,20150105,000000,13.4,13.9,13.01,13.9,16101,0
ITM,D,20150107,000000,13.9,14.8,13.15,14.79,29699,0
ITM,D,20150108,000000,14.75,16.2,14.53,15.2,33448,0
ITM,D,20150109,000000,15.47,16.2,15.2,15.48,10458,0
ITM,D,20150112,000000,15.9,15.9,15.3,15.67,740,0
ITM,D,20150113,000000,15.88,15.88,15.05,15.49,2930,0
ITM,D,20150114,000000,15.49,15.49,15,15.3,3543,0
ITM,D,20150115,000000,15.3,15.3,14.86,15.22,5822,0
ITM,D,20150116,000000,15.2,15.89,15.2,15.5,262,0
ITM,D,20150119,000000,15.8,15.8,15.5,15.5,12,0
ITM,D,20150120,000000,15.49,15.49,15.49,15.49,114,0
ITM,D,20150121,000000,15.79,15.79,15.25,15.25,78,0
ITM,D,20150122,000000,15.25,16.31,15.25,15.9,99846,0
ITM,D,20150123,000000,15.89,16.98,15.6,16.9,15722,0
ITM,D,20150126,000000,16.98,16.98,16.59,16.6,12309,0
ITM,D,20150127,000000,16.98,16.98,16.5,16.9,9111,0
ITM,D,20150128,000000,16.08,16.98,16.08,16.9,10470,0
ITM,D,20150129,000000,16.9,16.98,16.8,16.9,7525,0
ITM,D,20150130,000000,16.98,16.98,16.66,16.88,3133,0
ITM,D,20150202,000000,18,18,16.75,16.9,10950,0
ITM,D,20150203,000000,16.9,16.9,16.55,16.8,5944,0
ITM,D,20150204,000000,16.99,16.99,16.8,16.8,1927,0
ITM,D,20150205,000000,16.88,17.35,16.7,17.15,2833,0
ITM,D,20150206,000000,17.03,17.3,16.85,16.99,4126,0
ITM,D,20150209,000000,17.05,17.05,16.99,17.05,812,0
ITM,D,20150210,000000,17.05,17.5,17.04,17.5,199,0
ITM,D,20150211,000000,17.77,17.77,17.49,17.49,1517,0
ITM,D,20150212,000000,17.55,17.55,17.34,17.34,60,0
ITM,D,20150213,000000,16.9,17.47,16.8,17.25,2643,0
ITM,D,20150216,000000,17.47,17.47,16.99,17.47,1595,0
ITM,D,20150217,000000,17.41,17.41,17.01,17.04,2140,0
ITM,D,20150218,000000,16.99,16.99,16.6,16.6,3401,0
ITM,D,20150219,000000,16.85,16.85,15.86,16.49,4664,0
ITM,D,20150220,000000,16.68,16.68,16.4,16.5,5060,0
ITM,D,20150223,000000,16.4,16.6,16.35,16.6,2340,0
ITM,D,20150224,000000,16.6,16.79,16.01,16.79,1915,0
ITM,D,20150225,000000,16.79,16.79,16.31,16.69,2568,0
ITM,D,20150226,000000,16.79,16.79,16.25,16.78,2473,0
ITM,D,20150227,000000,16.79,17.4,16.7,16.99,6968,0
ITM,D,20150302,000000,16.99,17.5,16.65,17.44,17129,0
ITM,D,20150303,000000,17.75,17.9,16.8,17.8,17877,0
ITM,D,20150304,000000,17.89,17.89,17.03,17.78,9680,0
ITM,D,20150305,000000,17.78,17.9,17.54,17.54,7200,0
ITM,D,20150306,000000,17.9,17.9,17.57,17.88,1363,0
ITM,D,20150309,000000,17.8,17.8,17.21,17.5,5116,0
ITM,D,20150310,000000,17.9,17.9,17.36,17.9,1188,0
ITM,D,20150311,000000,17.9,17.9,17.85,17.9,2456,0
ITM,D,20150312,000000,17.45,17.9,17.45,17.79,3121,0
ITM,D,20150313,000000,17.89,17.89,17.13,17.5,5154,0
ITM,D,20150316,000000,17.9,17.9,17.7,17.7,209,0
ITM,D,20150317,000000,17.88,17.9,17.7,17.9,2588,0
ITM,D,20150318,000000,17.9,17.9,17.7,17.9,1670,0
ITM,D,20150319,000000,17.95,19.18,17.86,18.2,4943,0
ITM,D,20150320,000000,19.3,21.23,18.7,18.84,11138,0
ITM,D,20150323,000000,19.5,21,19.12,19.5,18827,0
ITM,D,20150324,000000,19.5,19.5,19.22,19.49,5020,0
ITM,D,20150325,000000,19.49,19.75,19.26,19.3,4383,0
ITM,D,20150326,000000,20.2,20.39,19.11,19.5,14287,0
ITM,D,20150327,000000,19.5,19.5,19,19.05,2565,0
ITM,D,20150330,000000,19.49,19.49,18.71,18.9,294,0
ITM,D,20150331,000000,19.49,19.49,18.9,19,3586,0
ITM,D,20150401,000000,19,19,18.62,19,750,0
ITM,D,20150402,000000,19.88,19.88,18.8,18.9,4727,0
ITM,D,20150407,000000,19,19.63,18.9,19.2,1227,0
ITM,D,20150408,000000,19.15,19.15,18.51,19,917,0
ITM,D,20150409,000000,19,19,18,18.18,9900,0
ITM,D,20150410,000000,18.2,18.9,17.65,18.12,2495,0
ITM,D,20150413,000000,18.15,18.85,18.15,18.85,1511,0
ITM,D,20150414,000000,19,19,18.99,18.99,11,0
ITM,D,20150415,000000,18.85,18.85,18.85,18.85,128,0
ITM,D,20150416,000000,18.99,19,18.99,18.99,779,0
ITM,D,20150417,000000,18.99,19.04,18.99,19.04,11,0
ITM,D,20150420,000000,19.04,19.64,19,19.5,3116,0
ITM,D,20150421,000000,19.6,19.6,19.2,19.6,2487,0
ITM,D,20150422,000000,19.5,20.7,19.21,20.7,1041,0
ITM,D,20150423,000000,20.2,20.7,20.2,20.68,1549,0
ITM,D,20150424,000000,20.5,20.5,20.48,20.48,31,0
ITM,D,20150427,000000,20.48,20.67,20.4,20.4,1129,0
ITM,D,20150428,000000,20.68,20.68,20.5,20.5,532,0
ITM,D,20150429,000000,20.41,20.5,20,20.1,1473,0
ITM,D,20150430,000000,20.1,20.4,20,20.1,1208,0
ITM,D,20150504,000000,20.2,20.65,20.2,20.65,768,0
ITM,D,20150505,000000,20.7,21,20.7,20.82,3877,0
ITM,D,20150506,000000,22,22.22,20.36,20.5,3336,0
ITM,D,20150507,000000,20.4,21.7,20.12,20.3,679,0
ITM,D,20150508,000000,21.38,21.38,20.37,20.37,679,0
ITM,D,20150511,000000,20.98,21.7,20.65,20.86,4808,0
ITM,D,20150512,000000,21.35,21.7,21,21.5,6085,0
ITM,D,20150513,000000,21.5,21.5,20.75,20.75,3199,0
ITM,D,20150514,000000,21.47,21.49,20.76,21.03,2264,0
ITM,D,20150515,000000,21.55,22.8,21.55,22.8,62551,0
ITM,D,20150518,000000,23.19,24.4,23,23.99,25793,0
ITM,D,20150519,000000,24.3,24.99,23.6,23.99,6789,0
ITM,D,20150520,000000,24.5,24.5,23.61,24.28,9154,0
ITM,D,20150521,000000,24.3,25,24,24.28,7567,0
ITM,D,20150522,000000,24.28,24.28,24.01,24.19,702,0
ITM,D,20150525,000000,24.19,24.19,23,24,2056,0
ITM,D,20150526,000000,24,24,23.2,23.98,2392,0
ITM,D,20150527,000000,23.33,23.95,23.33,23.95,2194,0
ITM,D,20150528,000000,23.95,23.95,23.6,23.66,2195,0
ITM,D,20150529,000000,23.89,24.38,23.55,24.38,4961,0
ITM,D,20150601,000000,24.85,24.99,24.31,24.79,8281,0
ITM,D,20150602,000000,24.98,24.98,24.35,24.4,2799,0
ITM,D,20150603,000000,24.9,24.9,23.3,24.49,3410,0
ITM,D,20150605,000000,24.84,24.9,24.6,24.9,1024,0
ITM,D,20150608,000000,24.26,24.81,23.35,23.65,4716,0
ITM,D,20150609,000000,24.4,24.4,22,22,74141,0
ITM,D,20150610,000000,22,22.85,22,22.85,3731,0
ITM,D,20150611,000000,22.98,22.98,22.46,22.98,2882,0
ITM,D,20150612,000000,22.99,23.22,22.67,23,3316,0
ITM,D,20150615,000000,23,23.19,22.3,23.18,299,0
ITM,D,20150616,000000,23.18,23.18,22.22,23,1349,0
ITM,D,20150617,000000,23,23,22.5,23,583,0
ITM,D,20150618,000000,23,23,19,20.98,11341,0
ITM,D,20150619,000000,20.98,21.33,19.9,19.9,6025,0
ITM,D,20150622,000000,19.9,20.95,19.01,20.93,5715,0
ITM,D,20150623,000000,20.93,20.93,19.79,20.85,3975,0
ITM,D,20150624,000000,20.01,20.3,19.5,20,21791,0
ITM,D,20150625,000000,20.75,20.75,20.1,20.64,6458,0
ITM,D,20150626,000000,20.64,20.64,19.85,20.59,1393,0
ITM,D,20150629,000000,19.75,19.96,19.4,19.4,2996,0
ITM,D,20150630,000000,19,19,17.82,17.83,86283,0
ITM,D,20150701,000000,17.55,18.31,17.02,18,8030,0
ITM,D,20150702,000000,17.5,18.88,17.5,18,3118,0
ITM,D,20150703,000000,17.91,18.35,17.71,18.35,3159,0
ITM,D,20150706,000000,17.54,18.63,17.5,18.63,2189,0
ITM,D,20150707,000000,18.63,19.8,18.63,19.3,2705,0
ITM,D,20150708,000000,19.75,19.75,19.1,19.1,632,0
ITM,D,20150709,000000,19.1,19.48,18.85,19.48,6821,0
ITM,D,20150710,000000,19.55,20.57,19.55,20.48,4652,0
ITM,D,20150713,000000,20.49,20.59,19.5,19.5,2713,0
ITM,D,20150714,000000,19.5,19.69,19.5,19.5,216,0
ITM,D,20150715,000000,19.49,19.8,19.17,19.17,11168,0
ITM,D,20150716,000000,20.09,20.09,19.45,19.45,2082,0
ITM,D,20150717,000000,20.28,20.3,19.5,19.64,2749,0
ITM,D,20150720,000000,20.3,20.3,18.68,19.1,13360,0
ITM,D,20150721,000000,19.4,19.99,19.15,19.15,3722,0
ITM,D,20150722,000000,20.38,20.38,18.85,18.85,2819,0
ITM,D,20150723,000000,20,20,18.66,18.66,2216,0
ITM,D,20150724,000000,19.79,19.79,18.12,19.75,1644,0
ITM,D,20150727,000000,19.78,19.78,18.75,19,1704,0
ITM,D,20150728,000000,19.75,19.75,19.5,19.5,361,0
ITM,D,20150729,000000,20,20.3,20,20,4258,0
ITM,D,20150730,000000,20.38,20.38,19.46,19.46,427,0
ITM,D,20150731,000000,20.29,20.29,19.9,19.9,11,0
ITM,D,20150803,000000,19.89,19.89,19.72,19.72,616,0
ITM,D,20150804,000000,19.31,20.25,19.31,20.25,881,0
ITM,D,20150805,000000,20.25,20.25,19.21,20.19,547,0
ITM,D,20150806,000000,20.19,20.19,19.55,20.05,1709,0
ITM,D,20150807,000000,20.07,20.07,19.55,19.65,668,0
ITM,D,20150810,000000,19.65,20.5,19.03,20.24,718,0
ITM,D,20150811,000000,20.24,20.24,16.4,16.4,11399,0
ITM,D,20150812,000000,15,15.01,11.98,11.98,179168,0
ITM,D,20150813,000000,11,14.64,10.4,14.57,213570,0
ITM,D,20150814,000000,15.17,16.49,14,15,76515,0
ITM,D,20150817,000000,15,16,15,15.31,23665,0
ITM,D,20150818,000000,15,15.7,14.4,15.7,13909,0
ITM,D,20150819,000000,15.5,16.3,15.5,15.7,26250,0
ITM,D,20150820,000000,15.8,15.99,15.51,15.51,5439,0
ITM,D,20150821,000000,15.5,15.89,15.5,15.7,7862,0
ITM,D,20150824,000000,15.69,15.69,15.15,15.5,34344,0
ITM,D,20150825,000000,15,15.84,15,15.08,7929,0
ITM,D,20150826,000000,14.96,15.28,14.71,15.01,2032,0
ITM,D,20150827,000000,15.28,16.1,15.12,16,8845,0
ITM,D,20150828,000000,16.08,16.08,15.52,15.9,8139,0
ITM,D,20150831,000000,17,17.48,16.76,16.99,13091,0
ITM,D,20150901,000000,16.99,17,15.62,17,10577,0
ITM,D,20150902,000000,17.29,17.29,16.1,16.3,11592,0
ITM,D,20150903,000000,16.98,16.98,15.9,16.47,12203,0
ITM,D,20150904,000000,15.66,16.89,15.66,16.49,7449,0
ITM,D,20150907,000000,16.75,16.75,16.02,16.5,1984,0
ITM,D,20150908,000000,15.63,17.15,15.63,17.15,18656,0
ITM,D,20150909,000000,16.61,17.37,16.61,16.98,4159,0
ITM,D,20150910,000000,16.99,16.99,16.5,16.5,1388,0
ITM,D,20150911,000000,16.48,16.48,15.62,15.9,5033,0
ITM,D,20150914,000000,15.89,15.89,14.35,15.89,9061,0
ITM,D,20150915,000000,15.99,15.99,14.88,15.8,6301,0
ITM,D,20150916,000000,16.1,16.1,15.91,16.1,2994,0
ITM,D,20150917,000000,16.43,16.46,15.4,16,7775,0
ITM,D,20150918,000000,16.2,16.2,15.32,16.19,1036,0
ITM,D,20150921,000000,16.19,16.19,15.61,15.62,2633,0
ITM,D,20150922,000000,16,16,15.39,15.45,404,0
ITM,D,20150923,000000,15.68,15.68,14.81,15.31,4950,0
ITM,D,20150924,000000,15.31,15.31,15,15.3,1503,0
ITM,D,20150925,000000,15.3,15.3,15.02,15.3,876,0
ITM,D,20150928,000000,15.2,15.2,14.78,15,1614,0
ITM,D,20150929,000000,15,15.4,15,15,2690,0
ITM,D,20150930,000000,14.78,15,14.78,14.99,11,0
ITM,D,20151001,000000,14.99,14.99,14.06,14.3,5010,0
ITM,D,20151002,000000,14.75,14.75,14.11,14.16,2898,0
ITM,D,20151005,000000,14.79,14.79,13.6,14.18,1304,0
ITM,D,20151006,000000,14.7,14.7,13.97,13.97,811,0
ITM,D,20151007,000000,14.7,14.7,13.96,13.97,2256,0
ITM,D,20151008,000000,14.69,14.69,14.15,14.15,331,0
ITM,D,20151009,000000,14.5,14.5,13.61,13.9,554,0
ITM,D,20151012,000000,14.5,14.5,13.1,13.1,1868,0
ITM,D,20151013,000000,13.25,13.99,12.8,13.19,2628,0
ITM,D,20151014,000000,13.87,13.87,13.1,13.58,500,0
ITM,D,20151015,000000,13.67,13.98,13.1,13.2,2569,0
ITM,D,20151016,000000,13.88,13.88,12.5,12.9,6014,0
ITM,D,20151019,000000,13.25,13.75,12.9,13.75,735,0
ITM,D,20151020,000000,13.45,13.8,13.01,13.77,580,0
ITM,D,20151021,000000,13.79,13.8,13.76,13.8,1652,0
ITM,D,20151022,000000,13.89,13.89,13.8,13.89,943,0
ITM,D,20151023,000000,13.8,13.89,13.8,13.8,3314,0
ITM,D,20151026,000000,13.89,13.89,13.15,13.6,5474,0
ITM,D,20151027,000000,13.85,13.85,13.11,13.2,2291,0
ITM,D,20151028,000000,13.77,13.77,13.2,13.25,179,0
ITM,D,20151029,000000,13.4,14.74,13.2,13.31,12828,0
ITM,D,20151030,000000,13.97,13.99,12.6,13.4,11850,0
ITM,D,20151102,000000,13.4,13.48,13.4,13.48,285,0
ITM,D,20151103,000000,13.3,13.48,12.9,13.48,1083,0
ITM,D,20151104,000000,13.49,13.72,13.3,13.72,232,0
ITM,D,20151105,000000,13.85,13.9,13.53,13.9,723,0
ITM,D,20151106,000000,13.9,13.9,13.3,13.89,292,0
ITM,D,20151109,000000,13.89,13.89,13.41,13.5,439,0
ITM,D,20151110,000000,13.51,13.8,13,13.72,7703,0
ITM,D,20151112,000000,13.72,14.4,13.35,14.4,2768,0
ITM,D,20151113,000000,14.74,14.74,14,14.1,5161,0
ITM,D,20151116,000000,14.46,15.51,14.05,15.2,2601,0
ITM,D,20151117,000000,14.99,15.15,14.3,14.8,6799,0
ITM,D,20151118,000000,14.7,15,14.2,14.5,1078,0
ITM,D,20151119,000000,14.5,14.5,13.86,14,2063,0
ITM,D,20151120,000000,13.8,14,13.6,14,2223,0
ITM,D,20151123,000000,14.49,15.9,14.48,15.79,32751,0
ITM,D,20151124,000000,16.35,17.48,16.35,16.8,27284,0
ITM,D,20151125,000000,16.8,17.32,15.55,16.07,7521,0
ITM,D,20151126,000000,16.5,16.5,16,16.35,3074,0
ITM,D,20151127,000000,16.35,16.4,16.3,16.4,1337,0
ITM,D,20151130,000000,16.48,16.48,16,16.38,4940,0
ITM,D,20151201,000000,16.4,16.48,16.35,16.4,7071,0
ITM,D,20151202,000000,16.4,16.4,15.51,15.99,3452,0
ITM,D,20151203,000000,15.9,16.35,15.2,15.4,3645,0
ITM,D,20151204,000000,15.55,15.98,15.41,15.41,3318,0
ITM,D,20151207,000000,15.97,16.35,15.97,16.3,4078,0
ITM,D,20151208,000000,16.29,16.29,16,16,124,0
ITM,D,20151209,000000,16.27,16.27,15.7,15.7,1191,0
ITM,D,20151210,000000,15.9,16.25,15.9,16,1085,0
ITM,D,20151211,000000,16.25,16.25,15.2,15.3,7556,0
ITM,D,20151214,000000,15.9,15.9,15.1,15.1,2113,0
ITM,D,20151215,000000,15.86,15.98,15.5,15.97,2142,0
ITM,D,20151216,000000,15.98,15.98,15.63,15.64,951,0
ITM,D,20151217,000000,15.3,15.88,15.14,15.78,2408,0
ITM,D,20151218,000000,15.5,15.87,15.3,15.87,1143,0
ITM,D,20151221,000000,15.5,15.88,15.2,15.2,2525,0
ITM,D,20151222,000000,15.65,15.65,15,15,2187,0
ITM,D,20151223,000000,14.81,15.44,14.81,15.05,450,0
ITM,D,20151228,000000,15.39,15.39,15,15.29,1305,0
ITM,D,20151229,000000,15.29,15.29,14.99,15.22,581,0
ITM,D,20151230,000000,15,15.22,15,15.2,1276,0
ITM,D,20160104,000000,15.4,15.4,15,15,567,0
ITM,D,20160105,000000,15,15,15,15,705,0
ITM,D,20160107,000000,14.95,15,14.5,15,1713,0
ITM,D,20160108,000000,15,15,14.5,14.98,889,0
ITM,D,20160111,000000,15,15,14.1,14.25,1185,0
ITM,D,20160112,000000,14.94,14.95,14.94,14.95,46,0
ITM,D,20160113,000000,14.9,14.9,14.89,14.89,18,0
ITM,D,20160114,000000,14.79,14.79,14.15,14.79,799,0
ITM,D,20160115,000000,14.79,14.79,14.75,14.75,10,0
ITM,D,20160118,000000,14.5,14.74,13.5,13.84,7718,0
ITM,D,20160119,000000,13.86,14,13.78,13.8,1789,0
ITM,D,20160120,000000,13.9,13.9,13.6,13.6,2519,0
ITM,D,20160121,000000,13.57,13.57,12.78,12.78,1263,0
ITM,D,20160122,000000,12.78,13.67,12.78,13.67,1008,0
ITM,D,20160125,000000,13.2,13.68,13.2,13.64,1257,0
ITM,D,20160126,000000,13.63,13.63,12.8,13.46,1105,0
ITM,D,20160127,000000,13.46,13.5,13.46,13.5,227,0
ITM,D,20160128,000000,13.5,13.5,13.35,13.35,227,0
ITM,D,20160129,000000,13.5,13.72,13.45,13.45,2745,0
ITM,D,20160201,000000,13.97,13.97,13.5,13.84,587,0
ITM,D,20160202,000000,13.84,13.84,13.5,13.57,1193,0
ITM,D,20160203,000000,13.8,13.8,13.6,13.6,346,0
ITM,D,20160204,000000,13.6,13.6,13.6,13.6,257,0
ITM,D,20160205,000000,13.7,13.7,13.6,13.6,945,0
ITM,D,20160208,000000,13.96,13.96,12.99,13.5,1338,0
ITM,D,20160209,000000,13.05,13.47,12.95,13.05,2634,0
ITM,D,20160210,000000,13.37,13.5,13.36,13.37,700,0
ITM,D,20160211,000000,13.59,13.76,13.01,13.5,1267,0
ITM,D,20160212,000000,13.59,13.59,13,13,5180,0
ITM,D,20160215,000000,13.47,13.47,12.95,13,3751,0
ITM,D,20160216,000000,13.47,13.47,12.85,13,1103,0
ITM,D,20160217,000000,13.45,13.45,12.92,13.36,4296,0
ITM,D,20160218,000000,13.42,13.49,13.26,13.26,3046,0
ITM,D,20160219,000000,13.39,13.39,12.95,13.22,3993,0
ITM,D,20160222,000000,13.23,13.3,13,13,1204,0
ITM,D,20160223,000000,13.29,13.29,13.01,13.26,344,0
ITM,D,20160224,000000,13.26,13.26,12.86,13.24,1061,0
ITM,D,20160225,000000,13.24,13.26,13.23,13.26,392,0
ITM,D,20160226,000000,13.27,13.48,13.26,13.48,453,0
ITM,D,20160229,000000,13.47,13.47,13.13,13.4,831,0
ITM,D,20160301,000000,13.47,13.47,13.28,13.28,583,0
ITM,D,20160302,000000,13.47,13.47,13.47,13.47,689,0
ITM,D,20160303,000000,13.47,13.49,12.86,13.39,1876,0
ITM,D,20160304,000000,13.39,13.39,13.1,13.35,83,0
ITM,D,20160307,000000,13.38,13.39,13.38,13.39,173,0
ITM,D,20160308,000000,13.39,13.39,13.13,13.29,1138,0
ITM,D,20160309,000000,13.29,13.29,12.9,13.22,1191,0
ITM,D,20160310,000000,13.2,13.2,13,13,1526,0
ITM,D,20160311,000000,13.1,14,13.1,13.61,12955,0
ITM,D,20160314,000000,13.7,13.8,13.4,13.7,16769,0
ITM,D,20160315,000000,14,14.5,14,14.4,15821,0
ITM,D,20160316,000000,14.4,14.6,13.75,14,8723,0
ITM,D,20160317,000000,14.15,14.56,14,14.45,10332,0
ITM,D,20160318,000000,14.5,16.15,14.5,15.39,12550,0
ITM,D,20160321,000000,15,15.65,14.6,14.7,12110,0
ITM,D,20160322,000000,14.7,14.7,14.01,14.5,7982,0
ITM,D,20160323,000000,14.4,14.5,14,14.01,4430,0
ITM,D,20160324,000000,14.19,14.19,13.8,13.82,5667,0
ITM,D,20160329,000000,13.89,14.56,13.89,14.49,4077,0
ITM,D,20160330,000000,14.49,14.5,14,14.48,6447,0
ITM,D,20160331,000000,14.49,14.6,13.95,14.6,13669,0
ITM,D,20160401,000000,14.5,14.69,14,14.38,11201,0
ITM,D,20160404,000000,14.45,14.97,14.45,14.93,4289,0
ITM,D,20160405,000000,14.94,15.5,14.91,15.5,8857,0
ITM,D,20160406,000000,15.39,15.5,15.05,15.45,2072,0
ITM,D,20160407,000000,15.45,16.19,15.45,16,5833,0
ITM,D,20160408,000000,15.98,15.98,15.7,15.7,10987,0
ITM,D,20160411,000000,15.83,17,15.5,17,41487,0
ITM,D,20160412,000000,17.09,18.5,17,17.1,17159,0
ITM,D,20160413,000000,17.25,17.67,16.9,16.95,11171,0
ITM,D,20160414,000000,17.4,17.4,16.95,16.95,6603,0
ITM,D,20160415,000000,17.25,17.7,17.25,17.69,13440,0
ITM,D,20160418,000000,17.9,18.65,17.83,18.32,16331,0
ITM,D,20160419,000000,18.5,18.5,17.05,17.58,14114,0
ITM,D,20160420,000000,17.88,17.88,16.98,17.58,7123,0
ITM,D,20160421,000000,17.57,17.57,17.21,17.42,1715,0
ITM,D,20160422,000000,17.56,17.56,17.2,17.56,675,0
ITM,D,20160425,000000,17.5,17.5,17.01,17.41,2086,0
ITM,D,20160426,000000,17.38,17.38,16.25,16.7,7842,0
ITM,D,20160427,000000,16.25,16.68,16.25,16.45,3128,0
ITM,D,20160428,000000,16.45,16.45,15.61,15.8,10823,0
ITM,D,20160429,000000,15.61,16.2,15.56,16.18,1820,0
ITM,D,20160502,000000,17.3,17.5,16.1,16.54,14978,0
ITM,D,20160504,000000,16.6,16.6,16.22,16.45,2458,0
ITM,D,20160505,000000,16.55,16.55,16.06,16.21,3212,0
ITM,D,20160506,000000,16.49,16.49,16.01,16.2,4887,0
ITM,D,20160509,000000,16.29,16.29,16,16,4718,0
ITM,D,20160510,000000,16.28,16.4,16.25,16.4,3260,0
ITM,D,20160511,000000,16.39,16.39,16.01,16.34,1385,0
ITM,D,20160512,000000,16.36,16.36,16,16.19,3953,0
ITM,D,20160513,000000,16.7,19.38,16.6,19.19,60350,0
ITM,D,20160516,000000,19.9,20.43,19,20,36010,0
ITM,D,20160517,000000,20.17,20.17,19.21,19.72,15814,0
ITM,D,20160518,000000,19.59,19.65,19,19.1,12134,0
ITM,D,20160519,000000,19.06,19.5,18.55,18.72,4538,0
ITM,D,20160520,000000,18.93,19.2,18.11,18.48,7437,0
ITM,D,20160523,000000,18.57,19.2,17.72,17.98,16309,0
ITM,D,20160524,000000,18.01,18.21,17.86,18.21,10306,0
ITM,D,20160525,000000,18.48,19.79,18.48,19.5,10927,0
ITM,D,20160527,000000,19.9,20.39,19.5,20.2,26936,0
ITM,D,20160530,000000,20.47,21.19,20.3,20.3,15935,0
ITM,D,20160531,000000,20.5,20.5,19.75,19.9,5630,0
ITM,D,20160601,000000,20.14,20.14,18.8,18.86,12091,0
ITM,D,20160602,000000,18.86,19.24,18.86,19.2,3355,0
ITM,D,20160603,000000,19.25,19.3,18.95,19.2,5536,0
ITM,D,20160606,000000,19.79,19.79,18.96,19,4706,0
ITM,D,20160607,000000,19,19.39,18.65,18.8,9691,0
ITM,D,20160608,000000,18.98,19.26,18.81,19,4533,0
ITM,D,20160609,000000,18.79,18.98,18.65,18.65,3059,0
ITM,D,20160610,000000,18.9,18.9,18.25,18.83,4639,0
ITM,D,20160613,000000,18.5,18.74,18.11,18.2,4345,0
ITM,D,20160614,000000,18.13,18.19,17.85,17.85,6366,0
ITM,D,20160615,000000,17.85,17.85,17.21,17.8,3656,0
ITM,D,20160616,000000,17.8,17.99,16.9,17,3734,0
ITM,D,20160617,000000,16.81,18.19,16.81,17.51,2922,0
ITM,D,20160620,000000,17.3,17.75,17.26,17.55,2943,0
ITM,D,20160621,000000,17.51,17.7,17.51,17.51,2554,0
ITM,D,20160622,000000,17.55,17.6,17.31,17.31,3988,0
ITM,D,20160623,000000,17.35,17.64,17.35,17.59,2483,0
ITM,D,20160624,000000,15.42,17.5,15.3,17.5,14176,0
ITM,D,20160627,000000,17.5,17.5,17,17.03,3171,0
ITM,D,20160628,000000,16.8,16.9,16.51,16.72,2442,0
ITM,D,20160629,000000,17,17,16.72,16.8,5111,0
ITM,D,20160630,000000,16.81,17.1,16.75,17.1,7693,0
ITM,D,20160701,000000,17.4,17.55,16.9,17.1,11895,0
ITM,D,20160704,000000,17.08,17.08,16.41,16.45,8085,0
ITM,D,20160705,000000,16.52,17,16.52,16.53,1919,0
ITM,D,20160706,000000,16.89,16.89,16.73,16.8,341,0
ITM,D,20160707,000000,16.8,17,16.51,16.65,1024,0
ITM,D,20160708,000000,16.65,17.1,16.6,17.1,2076,0
ITM,D,20160711,000000,17.3,17.49,17.01,17.3,2706,0
ITM,D,20160712,000000,17.95,18.2,17.5,18.2,6864,0
ITM,D,20160713,000000,18.36,18.5,18.1,18.2,1138,0
ITM,D,20160714,000000,18.21,18.35,18.2,18.29,1836,0
ITM,D,20160715,000000,17.93,18.29,17.93,18.01,1323,0
ITM,D,20160718,000000,18.55,19.16,18.55,18.55,4691,0
ITM,D,20160719,000000,18.7,19,18.7,19,2399,0
ITM,D,20160720,000000,19.07,19.1,18.61,18.7,3959,0
ITM,D,20160721,000000,18.8,18.8,18,18,2653,0
ITM,D,20160722,000000,18.1,18.35,17.5,18.3,8014,0
ITM,D,20160725,000000,18.3,18.65,18.29,18.29,5153,0
ITM,D,20160726,000000,18.55,18.64,18.29,18.37,2903,0
ITM,D,20160727,000000,18.62,18.62,18.27,18.35,2817,0
ITM,D,20160728,000000,18.61,18.61,18.2,18.2,2823,0
ITM,D,20160729,000000,18.61,18.61,18.29,18.35,1954,0
ITM,D,20160801,000000,18.35,18.5,18.01,18.1,1249,0
ITM,D,20160802,000000,18.39,18.39,18.03,18.04,2506,0
ITM,D,20160803,000000,18.02,18.3,17.56,18,2309,0
ITM,D,20160804,000000,18,18.05,18,18.03,1683,0
ITM,D,20160805,000000,17.8,17.86,17.62,17.85,2746,0
ITM,D,20160808,000000,18,18,17.65,17.78,2937,0
ITM,D,20160809,000000,17.91,18,17.62,18,1195,0
ITM,D,20160810,000000,17.8,18,17.66,17.99,2328,0
ITM,D,20160811,000000,18,18,17.8,17.9,2777,0
ITM,D,20160812,000000,18.33,18.33,17.8,17.9,3651,0
ITM,D,20160816,000000,18,18,17.25,17.67,7361,0
ITM,D,20160817,000000,17.65,18,17.65,17.82,14832,0
ITM,D,20160818,000000,17.81,17.93,17.81,17.89,6687,0
ITM,D,20160819,000000,17.91,17.99,17.7,17.98,3945,0
ITM,D,20160822,000000,17.99,18.15,17.83,18.15,2209,0
ITM,D,20160823,000000,18.14,18.59,18.14,18.45,3997,0
ITM,D,20160824,000000,18.54,18.62,18.45,18.62,2850,0
ITM,D,20160825,000000,18.5,19.3,18,19.3,7197,0
ITM,D,20160826,000000,19.99,20.97,19.6,20.1,64814,0
ITM,D,20160829,000000,20.35,20.4,19.65,19.95,15014,0
ITM,D,20160830,000000,19.94,20.75,19.8,19.99,10901,0
ITM,D,20160831,000000,20.3,20.3,19.01,19.5,32840,0
ITM,D,20160901,000000,19.8,19.8,19.27,19.3,7917,0
ITM,D,20160902,000000,19.3,20.2,19.02,19.35,34439,0
ITM,D,20160905,000000,19.75,19.78,19.4,19.59,12130,0
ITM,D,20160906,000000,19.92,19.92,19.4,19.59,19438,0
ITM,D,20160907,000000,19.77,19.77,19.42,19.7,2516,0
ITM,D,20160908,000000,19.4,19.73,19.27,19.6,7315,0
ITM,D,20160909,000000,19.85,19.85,19.36,19.4,4738,0
ITM,D,20160912,000000,19.45,19.45,18.65,19.3,11755,0
ITM,D,20160913,000000,19.34,19.57,19.21,19.3,17933,0
ITM,D,20160914,000000,19.69,19.69,19.22,19.63,1163,0
ITM,D,20160915,000000,19.5,19.78,19.45,19.75,3573,0
ITM,D,20160916,000000,19.69,19.74,19.56,19.71,1585,0
ITM,D,20160919,000000,19.71,19.76,19.44,19.75,4838,0
ITM,D,20160920,000000,19.71,19.8,19.06,19.7,5178,0
ITM,D,20160921,000000,19.7,19.7,19.39,19.65,973,0
ITM,D,20160922,000000,19.68,19.74,19.42,19.6,3540,0
ITM,D,20160923,000000,19.6,19.6,19.25,19.58,2078,0
ITM,D,20160926,000000,19.57,19.65,19.2,19.49,3278,0
ITM,D,20160927,000000,19.55,19.55,19.2,19.38,1792,0
ITM,D,20160928,000000,19.52,19.53,19.2,19.43,2684,0
ITM,D,20160929,000000,19.48,19.7,19.28,19.66,3422,0
ITM,D,20160930,000000,19.66,19.66,19.2,19.25,3334,0
ITM,D,20161003,000000,19.35,20.64,19.35,20,13329,0
ITM,D,20161004,000000,20,20.49,19.7,19.77,6059,0
ITM,D,20161005,000000,19.9,19.9,19.32,19.4,7926,0
ITM,D,20161006,000000,19.65,19.65,19.4,19.64,1253,0
ITM,D,20161007,000000,19.69,19.75,19.41,19.75,2437,0
ITM,D,20161010,000000,20.13,21,20.13,20.31,32297,0
ITM,D,20161011,000000,20.46,20.47,20.12,20.2,15387,0
ITM,D,20161012,000000,20.1,20.41,19.81,19.86,9555,0
ITM,D,20161013,000000,20,20.15,19.86,19.91,2355,0
ITM,D,20161014,000000,20.15,20.15,19.56,19.87,8550,0
ITM,D,20161017,000000,19.68,20.14,19.67,19.76,7599,0
ITM,D,20161018,000000,20,20,19.71,19.71,1630,0
ITM,D,20161019,000000,20.01,20.01,19.68,19.9,2214,0
ITM,D,20161020,000000,19.97,19.97,19.63,19.71,6692,0
ITM,D,20161021,000000,19.9,19.9,19.41,19.49,5064,0
ITM,D,20161024,000000,19.5,19.7,19.49,19.7,3513,0
ITM,D,20161025,000000,19.7,20.15,19.7,19.8,9874,0
ITM,D,20161026,000000,20,20,19.62,19.99,4530,0
ITM,D,20161027,000000,19.85,20.47,19.7,20.33,10239,0
ITM,D,20161028,000000,20.33,22,20.3,21.89,25682,0
ITM,D,20161031,000000,21.89,22.85,21.56,22,19350,0
ITM,D,20161102,000000,21.97,22.28,20.56,20.74,22545,0
ITM,D,20161103,000000,21.1,22.35,21.1,22.33,21900,0
ITM,D,20161104,000000,22.11,25.28,22.11,24.78,55102,0
ITM,D,20161107,000000,24.31,25.94,24,25.93,27074,0
ITM,D,20161108,000000,25.83,26.29,25.22,25.23,9287,0
ITM,D,20161109,000000,24.97,25.89,24.51,25.89,13276,0
ITM,D,20161110,000000,25.99,27.49,25.99,26.37,33682,0
ITM,D,20161114,000000,26.56,26.8,26.37,26.49,19009,0
ITM,D,20161115,000000,26.49,26.85,26.2,26.4,15909,0
ITM,D,20161116,000000,26.4,26.4,25.2,25.2,20110,0
ITM,D,20161117,000000,25.85,27.39,25.85,27.39,8620,0
ITM,D,20161118,000000,27.49,27.9,26.8,27.7,13992,0
ITM,D,20161121,000000,27.69,28,27.3,27.88,5921,0
ITM,D,20161122,000000,27.8,27.98,26.81,27.49,8410,0
ITM,D,20161123,000000,27.29,27.3,26.72,26.95,5231,0
ITM,D,20161124,000000,27.3,27.3,26.5,26.72,18203,0
ITM,D,20161125,000000,27,27,26.5,26.55,4850,0
ITM,D,20161128,000000,27.5,27.58,26.51,26.55,7243,0
ITM,D,20161129,000000,26.6,27,26.54,26.8,3017,0
ITM,D,20161130,000000,26.89,26.89,26.5,26.5,4281,0
ITM,D,20161201,000000,27,27,26.5,26.5,897,0
ITM,D,20161202,000000,26.99,27,26.5,26.61,4464,0
ITM,D,20161205,000000,26.61,27.73,26.37,27.73,16443,0
ITM,D,20161206,000000,27.9,29.71,27.9,29.68,24917,0
ITM,D,20161207,000000,29.69,31.94,29.61,31,18801,0
ITM,D,20161208,000000,31.19,31.48,29.1,30.49,12176,0
ITM,D,20161209,000000,30.5,30.5,28.5,30,14882,0
ITM,D,20161212,000000,30,31.55,30,31,7907,0
ITM,D,20161213,000000,30.88,31.49,30.5,31.49,20254,0
ITM,D,20161214,000000,31.49,31.49,31,31.3,4132,0
ITM,D,20161215,000000,31,31.3,29.99,31.2,7711,0
ITM,D,20161216,000000,31.4,31.49,31.2,31.3,3500,0
ITM,D,20161219,000000,31,31,30.3,30.98,7322,0
ITM,D,20161220,000000,31.3,31.7,30.98,31.29,18579,0
ITM,D,20161221,000000,31.63,31.63,31.2,31.3,2641,0
ITM,D,20161222,000000,31.15,31.15,30.5,31,3674,0
ITM,D,20161223,000000,30.61,31,30.52,30.96,1024,0
ITM,D,20161227,000000,30.55,30.96,30.26,30.8,4050,0
ITM,D,20161228,000000,30.85,31,30.5,31,4749,0
ITM,D,20161229,000000,30.81,31.15,30.61,31.15,1326,0
ITM,D,20161230,000000,31.49,31.49,31.19,31.45,1132,0
ITM,D,20170102,000000,32.09,33.25,32.09,32.68,10379,0
ITM,D,20170103,000000,32.68,32.71,31.75,32,9858,0
ITM,D,20170104,000000,32.3,32.5,31.92,32.41,4048,0
ITM,D,20170105,000000,31.99,32.44,31.99,32.05,5706,0
ITM,D,20170109,000000,32.49,32.6,32.06,32.6,7368,0
ITM,D,20170110,000000,32.5,32.6,32.45,32.5,1890,0
ITM,D,20170111,000000,32.5,33.18,32,33.18,5935,0
ITM,D,20170112,000000,33.18,35.65,33.18,34.5,11848,0
ITM,D,20170113,000000,34.5,35.2,33.65,34.5,4131,0
ITM,D,20170116,000000,34.7,36.39,34.7,36,3894,0
ITM,D,20170117,000000,35.98,35.98,35.5,35.75,4049,0
ITM,D,20170118,000000,35.95,35.95,35.1,35.43,2276,0
ITM,D,20170119,000000,35.43,35.65,34.72,35.59,7114,0
ITM,D,20170120,000000,35.2,35.2,34.72,34.72,12126,0
ITM,D,20170123,000000,34.5,34.5,31.66,34.12,22835,0
ITM,D,20170124,000000,34.12,34.4,32.65,32.8,18089,0
ITM,D,20170125,000000,32.8,32.8,31.2,31.59,30341,0
ITM,D,20170126,000000,31.4,32,30.8,31.87,28542,0
ITM,D,20170127,000000,32,32,31.38,31.55,5907,0
ITM,D,20170130,000000,32,33.4,31.99,32.85,6527,0
ITM,D,20170131,000000,33,33,29.9,32,14283,0
ITM,D,20170201,000000,32,32.5,31.22,31.22,8588,0
ITM,D,20170202,000000,31.23,32.2,31.23,31.5,3473,0
ITM,D,20170203,000000,31.49,32,31,31.8,2169,0
ITM,D,20170206,000000,32,32.05,31.5,31.6,8762,0
ITM,D,20170207,000000,31,31,28.19,28.64,102959,0
ITM,D,20170208,000000,28.82,30.5,28.82,29.01,34935,0
ITM,D,20170209,000000,29.2,29.49,27.25,29.29,23648,0
ITM,D,20170210,000000,29.39,29.55,28.72,28.91,9117,0
ITM,D,20170213,000000,28.88,28.88,28,28.07,18724,0
ITM,D,20170214,000000,28.58,29.15,27.81,29.15,9277,0
ITM,D,20170215,000000,28.52,29.2,28.3,28.32,13585,0
ITM,D,20170216,000000,28.1,28.25,27.33,28.25,16981,0
ITM,D,20170217,000000,28.3,29.15,28.3,28.32,35995,0
ITM,D,20170220,000000,28.83,29.1,27.85,28.4,24639,0
ITM,D,20170221,000000,28.76,28.76,27.9,28.01,47145,0
ITM,D,20170222,000000,28,28.4,27.61,27.95,22410,0
ITM,D,20170223,000000,28,28.3,27.8,28,32322,0
ITM,D,20170224,000000,28.39,30.63,28,30.55,82467,0
ITM,D,20170227,000000,31,31.5,30.2,30.5,35620,0
ITM,D,20170228,000000,30.75,30.75,28.9,29.85,17410,0
ITM,D,20170301,000000,29.78,30,28.64,29.24,17247,0
ITM,D,20170302,000000,29.65,30.5,28.9,29,20741,0
ITM,D,20170303,000000,29,29,28.4,28.79,13548,0
ITM,D,20170306,000000,28.6,28.6,27.53,27.55,28339,0
ITM,D,20170307,000000,25,26.5,23.83,23.91,135158,0
ITM,D,20170308,000000,17.99,17.99,14.5,14.5,479651,0
ITM,D,20170309,000000,12.94,13.43,9.3,9.3,1313166,0
ITM,D,20170310,000000,11.35,12.23,9.6,12.1,1012427,0
ITM,D,20170313,000000,13.51,14.42,12.3,14,798282,0
ITM,D,20170314,000000,8.99,10,7.98,9.49,1454005,0
ITM,D,20170315,000000,9.55,10.98,9.5,9.85,516553,0
ITM,D,20170316,000000,9.85,10.8,9.8,10.16,345908,0
ITM,D,20170317,000000,10.35,10.39,9.8,10.18,128449,0
ITM,D,20170320,000000,10.18,10.18,9.8,9.82,79992,0
ITM,D,20170321,000000,9.15,9.5,8.54,9,199956,0
ITM,D,20170322,000000,8.68,8.87,8.11,8.25,197513,0
ITM,D,20170323,000000,8.06,9,7.51,9,352001,0
ITM,D,20170324,000000,9.19,9.35,8.57,8.73,98451,0
ITM,D,20170327,000000,8.73,9.19,8.27,9.02,72447,0
ITM,D,20170328,000000,8.96,9.2,8.65,8.8,73529,0
ITM,D,20170329,000000,8.8,8.93,8.45,8.67,40902,0
ITM,D,20170330,000000,8.67,8.67,8.28,8.6,28851,0
ITM,D,20170331,000000,8.72,9.53,8.72,9.08,188311,0
ITM,D,20170403,000000,9.3,9.34,8.7,8.75,57944,0
ITM,D,20170404,000000,8.75,8.98,8.72,8.83,22367,0
ITM,D,20170405,000000,8.8,8.91,8.51,8.88,26118,0
ITM,D,20170406,000000,8.88,8.88,8.5,8.51,24638,0
ITM,D,20170407,000000,8.63,8.96,8.51,8.89,24178,0
ITM,D,20170410,000000,8.8,8.88,8.62,8.68,15230,0
ITM,D,20170411,000000,8.7,10.5,8.52,9.6,207435,0
ITM,D,20170412,000000,9.63,9.95,9.4,9.6,67006,0
ITM,D,20170413,000000,9.7,9.75,9.08,9.16,35734,0
ITM,D,20170418,000000,9.16,9.18,8.7,8.75,47237,0
ITM,D,20170419,000000,8.87,8.92,8.5,8.5,50678,0
ITM,D,20170420,000000,8.57,8.57,8.3,8.4,24802,0
ITM,D,20170421,000000,8.39,8.4,8.15,8.38,25190,0
ITM,D,20170424,000000,8.55,8.75,8.3,8.36,20456,0
ITM,D,20170425,000000,8.36,8.5,8.34,8.34,12385,0
ITM,D,20170426,000000,8.35,8.49,8.1,8.29,24266,0
ITM,D,20170427,000000,8.18,8.28,8.08,8.12,27969,0
ITM,D,20170428,000000,8.05,8.45,8,8.23,23185,0
ITM,D,20170502,000000,8.43,8.48,8.15,8.3,9292,0
ITM,D,20170504,000000,8.32,8.32,7.92,8.05,28549,0
ITM,D,20170505,000000,8.08,8.35,7.95,8.29,19910,0
ITM,D,20170508,000000,8.35,8.4,8.08,8.14,12129,0
ITM,D,20170509,000000,8.28,8.28,8.05,8.19,8611,0
ITM,D,20170510,000000,8.19,8.19,8.03,8.18,7280,0
ITM,D,20170511,000000,8.08,8.17,8.05,8.17,7660,0
ITM,D,20170512,000000,8.07,8.25,8.07,8.25,7077,0
ITM,D,20170515,000000,8.25,8.25,8.05,8.2,13970,0
ITM,D,20170516,000000,8.21,8.25,8.09,8.2,12368,0
ITM,D,20170517,000000,8.1,8.2,8.08,8.08,15445,0
ITM,D,20170518,000000,8.08,8.19,8.05,8.05,7211,0
ITM,D,20170519,000000,8.05,8.14,7.41,7.72,34517,0
ITM,D,20170522,000000,7.9,7.9,7.16,7.21,41844,0
ITM,D,20170523,000000,7.54,8.2,7.45,7.71,46756,0
ITM,D,20170524,000000,7.75,9.08,7.7,8.99,112891,0
ITM,D,20170525,000000,9,9.15,8.4,8.4,70012,0
ITM,D,20170526,000000,8.59,8.82,8.4,8.5,14077,0
ITM,D,20170529,000000,8.3,8.58,8.28,8.45,12914,0
ITM,D,20170530,000000,8.55,8.55,8.01,8.17,17093,0
ITM,D,20170531,000000,8.17,8.2,7.95,8.15,12108,0
ITM,D,20170601,000000,8.15,8.38,7.9,8,13737,0
ITM,D,20170602,000000,8.07,8.15,7.9,8.15,14308,0
ITM,D,20170605,000000,8.1,8.1,7.95,8.1,3527,0
ITM,D,20170606,000000,8.09,8.13,8,8.13,2313,0
ITM,D,20170607,000000,8.14,8.19,8.04,8.06,16301,0
ITM,D,20170608,000000,8.25,8.25,8.11,8.19,2129,0
ITM,D,20170609,000000,8.19,8.23,8.1,8.23,8102,0
ITM,D,20170612,000000,8.23,8.78,8.23,8.65,24094,0
ITM,D,20170613,000000,8.7,8.77,8.36,8.75,11409,0
ITM,D,20170614,000000,8.75,8.85,8.45,8.72,10801,0
ITM,D,20170616,000000,8.71,8.71,8.55,8.7,1710,0
ITM,D,20170619,000000,8.7,8.7,8.06,8.08,19449,0
ITM,D,20170620,000000,8.09,8.1,7.85,7.98,16194,0
ITM,D,20170621,000000,7.98,8.19,7.78,7.99,6429,0
ITM,D,20170622,000000,8.05,8.05,7.8,7.93,5207,0
ITM,D,20170623,000000,8,8.04,7.8,7.9,4759,0
ITM,D,20170626,000000,7.89,7.96,7.73,7.92,14652,0
ITM,D,20170627,000000,8,8.05,7.81,7.99,7423,0
ITM,D,20170628,000000,8,8.03,7.87,7.99,4097,0
ITM,D,20170629,000000,7.95,7.95,7.8,7.89,9044,0
ITM,D,20170630,000000,7.9,7.9,7.65,7.79,12472,0
ITM,D,20170703,000000,7.8,7.98,7.74,7.85,9794,0
ITM,D,20170704,000000,7.85,7.96,7.85,7.86,8018,0
ITM,D,20170705,000000,7.9,7.9,7.8,7.86,9360,0
ITM,D,20170706,000000,7.9,7.94,7.7,7.7,120061,0
ITM,D,20170707,000000,7.69,7.97,7.69,7.84,7860,0
ITM,D,20170710,000000,7.8,7.8,7.57,7.7,6396,0
ITM,D,20170711,000000,7.61,7.9,7.61,7.61,3646,0
ITM,D,20170712,000000,7.9,7.9,7.55,7.6,13538,0
ITM,D,20170713,000000,7.69,7.79,7.57,7.65,4449,0
ITM,D,20170714,000000,7.79,7.79,7.5,7.64,19706,0
ITM,D,20170717,000000,7.79,7.79,7.6,7.7,709,0
ITM,D,20170718,000000,7.79,7.79,7.6,7.7,9262,0
ITM,D,20170719,000000,7.7,7.95,7.61,7.85,3517,0
ITM,D,20170720,000000,7.85,7.85,7.67,7.8,6063,0
ITM,D,20170721,000000,7.84,7.84,7.35,7.55,35551,0
ITM,D,20170724,000000,7.46,7.6,7.29,7.44,13449,0
ITM,D,20170725,000000,7.44,7.49,7.23,7.23,8801,0
ITM,D,20170726,000000,7.47,7.47,7.2,7.29,9394,0
ITM,D,20170727,000000,7.29,7.5,7.23,7.5,9554,0
ITM,D,20170728,000000,7.49,7.5,7.35,7.35,3091,0
ITM,D,20170731,000000,7.49,7.49,7.3,7.35,2137,0
ITM,D,20170801,000000,7.35,7.48,7.34,7.48,4607,0
ITM,D,20170802,000000,7.45,7.48,7.41,7.44,4130,0
ITM,D,20170803,000000,7.47,7.47,7.39,7.46,2185,0
ITM,D,20170804,000000,7.48,7.48,7.37,7.44,9281,0
ITM,D,20170807,000000,7.44,7.52,7.34,7.52,20034,0
ITM,D,20170808,000000,7.52,7.52,7.3,7.3,31469,0
ITM,D,20170809,000000,7.3,7.4,7.3,7.3,5767,0
ITM,D,20170810,000000,7.31,7.65,7.31,7.5,16303,0
ITM,D,20170811,000000,7.5,7.61,7.46,7.54,4518,0
ITM,D,20170814,000000,7.6,7.6,7.36,7.58,2278,0
ITM,D,20170816,000000,7.54,7.54,7.4,7.53,6195,0
ITM,D,20170817,000000,7.58,7.58,7.41,7.56,611,0
ITM,D,20170818,000000,7.59,7.59,7.43,7.57,3272,0
ITM,D,20170821,000000,7.55,7.55,7.4,7.5,8439,0
ITM,D,20170822,000000,7.45,7.5,7.37,7.47,15185,0
ITM,D,20170823,000000,7.41,7.48,7.41,7.48,2400,0
ITM,D,20170824,000000,7.44,7.5,7.35,7.4,12242,0
ITM,D,20170825,000000,7.4,7.47,7.34,7.4,22334,0
ITM,D,20170828,000000,7.38,7.42,7.15,7.22,21131,0
ITM,D,20170829,000000,7.2,7.39,7.2,7.25,5699,0
ITM,D,20170830,000000,7.16,7.4,7.05,7.12,15040,0
ITM,D,20170831,000000,7.04,7.23,6.84,6.98,19394,0
ITM,D,20170901,000000,7,7,6.78,6.8,23737,0
ITM,D,20170904,000000,6.8,6.9,6.75,6.82,9040,0
ITM,D,20170905,000000,7,7,6.75,6.9,23644,0
ITM,D,20170906,000000,7.03,7.03,6.85,6.95,2378,0
ITM,D,20170907,000000,6.97,6.97,6.75,6.75,9803,0
ITM,D,20170908,000000,6.76,6.95,6.76,6.84,2092,0
ITM,D,20170911,000000,6.81,6.95,6.8,6.8,6029,0
ITM,D,20170912,000000,6.81,6.94,6.75,6.89,7048,0
ITM,D,20170913,000000,6.89,6.94,6.78,6.94,2828,0
ITM,D,20170914,000000,6.94,6.94,6.8,6.81,5840,0
ITM,D,20170915,000000,6.9,6.9,6.78,6.78,7742,0
ITM,D,20170918,000000,6.8,6.85,6.72,6.72,6847,0
ITM,D,20170919,000000,6.73,6.85,6.7,6.7,5859,0
ITM,D,20170920,000000,6.7,6.82,6.7,6.82,4890,0
ITM,D,20170921,000000,6.8,6.81,6.8,6.8,24503,0
ITM,D,20170922,000000,6.8,6.81,6.76,6.76,6870,0
ITM,D,20170925,000000,6.8,6.8,6.68,6.7,6318,0
ITM,D,20170926,000000,6.79,6.79,6.62,6.79,6967,0
ITM,D,20170927,000000,6.75,6.81,6.68,6.68,4729,0
ITM,D,20170928,000000,6.74,6.74,6.5,6.54,5450,0
ITM,D,20170929,000000,6.55,6.55,6.34,6.5,13050,0
ITM,D,20171002,000000,6.55,6.57,6.45,6.45,2755,0
ITM,D,20171003,000000,6.45,6.5,6.12,6.13,9688,0
ITM,D,20171004,000000,6.2,6.35,6.11,6.2,5912,0
ITM,D,20171005,000000,6.23,6.3,6.08,6.08,5964,0
ITM,D,20171006,000000,6.04,6.19,5.83,5.92,16954,0
ITM,D,20171009,000000,5.92,5.99,5.8,5.8,11632,0
ITM,D,20171010,000000,5.7,5.7,5.26,5.46,89196,0
ITM,D,20171011,000000,5.55,6.32,5.48,6.09,31011,0
ITM,D,20171012,000000,6.01,6.1,5.85,5.99,20305,0
ITM,D,20171013,000000,6.04,6.04,5.76,5.89,5164,0
ITM,D,20171016,000000,5.99,6.05,5.99,6.02,510,0
ITM,D,20171017,000000,6.02,6.02,5.91,5.95,1055,0
ITM,D,20171018,000000,6.02,6.02,5.85,5.98,8470,0
ITM,D,20171019,000000,5.96,5.96,5.67,5.9,1876,0
ITM,D,20171020,000000,5.9,5.9,5.65,5.89,3712,0
ITM,D,20171023,000000,5.8,5.89,5.58,5.65,1363,0
ITM,D,20171024,000000,5.57,5.57,5.4,5.54,5337,0
ITM,D,20171025,000000,5.75,5.75,5.27,5.47,3241,0
ITM,D,20171026,000000,5.31,5.6,5.31,5.55,2547,0
ITM,D,20171027,000000,5.55,5.55,5.3,5.31,22810,0
ITM,D,20171030,000000,5.45,5.45,5.38,5.4,8713,0
ITM,D,20171031,000000,5.48,5.48,5.35,5.4,3997,0
ITM,D,20171102,000000,5.4,5.4,5.27,5.27,7146,0
ITM,D,20171103,000000,5.39,5.39,5.26,5.39,8242,0
ITM,D,20171107,000000,5.49,5.49,5.39,5.39,2031,0
ITM,D,20171108,000000,5.48,5.5,5.41,5.49,7003,0
ITM,D,20171109,000000,5.5,5.5,5.41,5.49,1120,0
ITM,D,20171110,000000,5.49,5.49,5.35,5.49,40132,0
ITM,D,20171113,000000,5.49,5.49,5.31,5.32,1416,0
ITM,D,20171114,000000,5.49,5.49,5.21,5.24,7987,0
ITM,D,20171115,000000,5.25,5.25,5.15,5.2,13118,0
ITM,D,20171116,000000,5.44,5.44,5.1,5.18,9955,0
ITM,D,20171117,000000,5.1,5.1,4.73,4.94,19336,0
ITM,D,20171120,000000,4.89,4.89,4.6,4.62,23887,0
ITM,D,20171121,000000,4.53,4.74,3.72,4.74,70006,0
ITM,D,20171122,000000,4.78,4.98,4.57,4.7,7386,0
ITM,D,20171123,000000,4.9,4.95,4.72,4.85,8390,0
ITM,D,20171124,000000,4.85,4.85,4.79,4.83,12215,0
ITM,D,20171127,000000,4.77,4.84,4.46,4.5,9213,0
ITM,D,20171128,000000,4.5,4.5,4.2,4.5,8061,0
ITM,D,20171129,000000,4.31,4.48,4.31,4.32,27622,0
ITM,D,20171130,000000,4.35,4.4,4.3,4.37,2079,0
ITM,D,20171201,000000,4.37,4.37,4.15,4.25,6255,0
ITM,D,20171204,000000,4.25,4.35,4.13,4.21,17275,0
ITM,D,20171205,000000,4.34,4.34,4.19,4.29,1484,0
ITM,D,20171206,000000,4.3,4.3,4.23,4.29,3756,0
ITM,D,20171207,000000,4.28,4.3,4.19,4.3,5977,0
ITM,D,20171208,000000,4.3,4.35,4.2,4.35,13290,0
ITM,D,20171211,000000,4.35,4.35,4.25,4.35,14869,0
ITM,D,20171212,000000,4.3,4.33,4.21,4.21,5568,0
ITM,D,20171213,000000,4.23,4.23,3.91,4.08,22239,0
ITM,D,20171214,000000,3.72,3.89,3,3,182923,0
ITM,D,20171215,000000,2.8,3.08,2.55,3.08,195846,0
ITM,D,20171218,000000,3.08,3.19,2.9,3.12,62018,0
ITM,D,20171219,000000,3.08,3.13,2.96,3.05,63259,0
ITM,D,20171220,000000,3.05,3.05,3,3.01,63593,0
ITM,D,20171221,000000,3.01,3.01,2.91,2.98,185179,0
ITM,D,20171222,000000,2.98,2.98,2.86,2.94,26085,0
ITM,D,20171227,000000,2.83,2.92,2.66,2.73,81403,0
ITM,D,20171228,000000,2.74,2.9,2.67,2.9,22484,0
ITM,D,20171229,000000,2.9,3.26,2.9,3.26,54219,0
ITM,D,20180103,000000,3.3,4.15,3.25,4.15,81846,0
ITM,D,20180104,000000,4.25,4.25,3.85,3.99,77541,0
ITM,D,20180105,000000,3.99,3.99,3.73,3.91,32727,0
ITM,D,20180108,000000,3.92,3.92,3.75,3.89,49010,0
ITM,D,20180109,000000,3.89,3.93,3.89,3.89,4047,0
ITM,D,20180110,000000,3.83,3.93,3.75,3.92,8810,0
ITM,D,20180111,000000,3.92,3.92,3.78,3.87,2999,0
ITM,D,20180112,000000,3.92,3.93,3.8,3.9,7871,0
ITM,D,20180115,000000,3.9,3.91,3.81,3.81,5460,0
ITM,D,20180116,000000,3.92,3.92,3.83,3.83,5995,0
ITM,D,20180117,000000,3.8,3.86,3.8,3.86,2006,0
ITM,D,20180118,000000,3.89,3.89,3.88,3.88,2642,0
ITM,D,20180119,000000,3.88,3.88,3.5,3.7,32704,0
ITM,D,20180122,000000,3.7,3.8,3.6,3.6,10616,0
ITM,D,20180123,000000,3.59,3.69,3.59,3.69,3939,0
ITM,D,20180124,000000,3.72,3.72,3.5,3.64,5014,0
ITM,D,20180125,000000,3.52,3.52,3.3,3.4,14754,0
ITM,D,20180126,000000,3.4,3.42,3.34,3.42,6843,0
ITM,D,20180129,000000,3.43,3.46,3.3,3.44,7350,0
ITM,D,20180130,000000,3.53,3.53,3.3,3.39,3625,0
ITM,D,20180131,000000,3.39,3.39,3.2,3.29,5782,0
ITM,D,20180201,000000,3.29,3.29,3.23,3.24,9869,0
ITM,D,20180202,000000,3.35,3.35,3.25,3.33,1640,0
ITM,D,20180205,000000,3.33,3.38,3.25,3.36,5713,0
ITM,D,20180206,000000,3.25,3.3,3,3.27,18656,0
ITM,D,20180207,000000,3.06,3.35,3.06,3.35,3332,0
ITM,D,20180208,000000,3.35,3.36,3.14,3.14,9834,0
ITM,D,20180209,000000,3.09,3.2,3.05,3.2,4690,0
ITM,D,20180212,000000,3.2,3.2,3.11,3.13,10651,0
ITM,D,20180213,000000,3.15,3.15,3.03,3.1,2018,0
ITM,D,20180214,000000,3.08,3.18,3.03,3.13,10821,0
ITM,D,20180215,000000,3.13,3.17,3.08,3.08,1434,0
ITM,D,20180216,000000,3.12,3.15,3.08,3.09,2244,0
ITM,D,20180219,000000,3.1,3.17,3.1,3.17,4371,0
ITM,D,20180220,000000,3.17,3.34,3.17,3.24,12147,0
ITM,D,20180221,000000,3.24,3.25,3.11,3.25,1748,0
ITM,D,20180222,000000,3.12,3.2,3.04,3.2,9577,0
ITM,D,20180223,000000,3.03,3.04,2.94,3.04,18725,0
ITM,D,20180226,000000,3.04,3.04,2.94,2.94,6065,0
ITM,D,20180227,000000,2.97,2.97,2.9,2.96,7413,0
ITM,D,20180228,000000,2.99,2.99,2.7,2.89,12928,0
ITM,D,20180301,000000,2.87,2.87,2.81,2.87,2218,0
ITM,D,20180302,000000,2.83,2.89,2.83,2.88,1323,0
ITM,D,20180305,000000,2.84,2.88,2.72,2.73,2403,0
ITM,D,20180306,000000,2.75,2.89,2.75,2.88,3180,0
ITM,D,20180307,000000,2.89,2.89,2.75,2.86,4427,0
ITM,D,20180308,000000,2.83,2.87,2.74,2.87,1133,0
ITM,D,20180309,000000,2.87,2.94,2.76,2.8,4422,0
ITM,D,20180312,000000,2.8,3.07,2.8,3.01,9149,0
ITM,D,20180313,000000,3.01,3.08,2.87,3.08,4932,0
ITM,D,20180314,000000,3.01,3.17,3.01,3.17,9462,0
ITM,D,20180315,000000,3.14,3.24,3.1,3.15,10723,0
ITM,D,20180316,000000,3.23,3.23,3.17,3.23,5811,0
ITM,D,20180319,000000,3.18,3.4,3.18,3.29,9609,0
ITM,D,20180320,000000,3.36,3.4,3.3,3.4,6943,0
ITM,D,20180321,000000,3.4,3.43,3.4,3.42,1520,0
ITM,D,20180322,000000,3.42,3.42,3.21,3.33,4943,0
ITM,D,20180323,000000,3.18,3.33,3.18,3.18,2743,0
ITM,D,20180326,000000,3.3,3.3,3.18,3.28,112,0
ITM,D,20180327,000000,3.28,3.28,3.18,3.28,64,0
ITM,D,20180328,000000,3.18,3.26,3.18,3.18,2182,0
ITM,D,20180329,000000,3.28,3.28,3.18,3.28,3314,0
ITM,D,20180403,000000,3.28,3.28,3.18,3.27,3810,0
ITM,D,20180404,000000,3.28,3.28,3.12,3.12,9926,0
ITM,D,20180405,000000,3.01,3.2,3.01,3.2,406,0
ITM,D,20180406,000000,3.2,3.2,3.19,3.19,393,0
ITM,D,20180409,000000,3.19,3.3,3.05,3.25,25958,0
ITM,D,20180410,000000,3.22,3.22,3.06,3.15,2403,0
ITM,D,20180411,000000,3.15,3.19,3.02,3.15,3655,0
ITM,D,20180412,000000,3.15,3.15,2.96,2.96,13,0
ITM,D,20180413,000000,3.13,3.13,2.87,2.87,11125,0
ITM,D,20180416,000000,2.96,2.96,2.76,2.87,3542,0
ITM,D,20180417,000000,2.89,2.93,2.85,2.89,780,0
ITM,D,20180418,000000,2.94,2.94,2.76,2.9,4068,0
ITM,D,20180419,000000,2.94,2.94,2.85,2.85,1337,0
ITM,D,20180420,000000,2.94,2.94,2.86,2.86,1255,0
ITM,D,20180423,000000,2.94,2.94,2.81,2.9,3754,0
ITM,D,20180424,000000,2.9,3.05,2.9,3.05,3426,0
ITM,D,20180425,000000,3.03,3.03,2.94,2.94,1009,0
ITM,D,20180426,000000,2.93,2.93,2.81,2.81,2203,0
ITM,D,20180427,000000,2.93,2.93,2.8,2.84,5262,0
ITM,D,20180430,000000,2.91,2.91,2.8,2.89,363,0
ITM,D,20180502,000000,2.89,2.89,2.85,2.85,252,0
ITM,D,20180504,000000,2.87,2.9,2.83,2.83,2146,0
ITM,D,20180507,000000,2.9,3.03,2.9,2.9,15120,0
ITM,D,20180508,000000,2.99,2.99,2.7,2.89,8156,0
ITM,D,20180509,000000,2.89,2.89,2.83,2.83,757,0
ITM,D,20180510,000000,2.83,2.97,2.83,2.97,3761,0
ITM,D,20180511,000000,2.95,2.95,2.86,2.9,712,0
ITM,D,20180514,000000,2.9,2.96,2.85,2.85,5449,0
ITM,D,20180515,000000,2.85,2.96,2.84,2.9,10046,0
ITM,D,20180516,000000,2.87,2.87,2.68,2.73,9861,0
ITM,D,20180517,000000,2.78,2.95,2.78,2.85,6791,0
ITM,D,20180518,000000,2.84,2.84,2.8,2.8,11272,0
ITM,D,20180521,000000,2.91,2.94,2.82,2.94,4033,0
ITM,D,20180522,000000,2.88,2.94,2.88,2.94,5601,0
ITM,D,20180523,000000,2.94,2.94,2.8,2.9,4516,0
ITM,D,20180524,000000,2.93,2.93,2.77,2.91,13103,0
ITM,D,20180525,000000,2.86,2.88,2.6,2.6,16924,0
ITM,D,20180528,000000,2.56,2.56,2.3,2.4,40679,0
ITM,D,20180529,000000,2.37,2.4,2.08,2.1,38520,0
ITM,D,20180530,000000,2.1,2.29,1.95,1.99,37682,0
ITM,D,20180601,000000,2.15,2.15,1.99,2.14,15097,0
ITM,D,20180604,000000,2.15,2.19,2.12,2.19,3334,0
ITM,D,20180605,000000,2.19,2.23,2.19,2.22,408,0
ITM,D,20180606,000000,2.21,2.35,2.2,2.35,8377,0
ITM,D,20180607,000000,2.35,2.53,2.35,2.44,24296,0
ITM,D,20180608,000000,2.5,2.53,2.5,2.53,12697,0
ITM,D,20180611,000000,2.53,2.59,2.32,2.51,3598,0
ITM,D,20180612,000000,2.51,2.51,2.42,2.45,847,0
ITM,D,20180613,000000,2.31,2.37,2.3,2.37,2613,0
ITM,D,20180614,000000,2.29,2.37,2.26,2.37,3872,0
ITM,D,20180615,000000,2.37,2.45,2.24,2.45,2318,0
ITM,D,20180618,000000,2.44,2.44,2.37,2.4,2638,0
ITM,D,20180619,000000,2.4,2.4,2.37,2.37,2315,0
ITM,D,20180620,000000,2.37,2.39,2.37,2.39,5181,0
ITM,D,20180621,000000,2.4,2.51,2.31,2.51,1745,0
ITM,D,20180622,000000,2.51,2.73,2.47,2.5,15716,0
ITM,D,20180625,000000,2.67,2.67,2.5,2.62,3233,0
ITM,D,20180626,000000,2.62,2.62,2.47,2.47,1034,0
ITM,D,20180627,000000,2.6,2.61,2.43,2.61,4203,0
ITM,D,20180628,000000,2.63,2.67,2.54,2.54,6584,0
ITM,D,20180629,000000,2.64,2.64,2.54,2.63,2917,0
ITM,D,20180702,000000,2.63,2.63,2.54,2.63,240,0
ITM,D,20180703,000000,2.63,2.67,2.6,2.67,1705,0
ITM,D,20180704,000000,2.68,2.73,2.65,2.73,19180,0
ITM,D,20180705,000000,2.73,2.73,2.72,2.72,10,0
ITM,D,20180706,000000,2.72,2.72,2.57,2.69,1784,0
ITM,D,20180709,000000,2.69,2.69,2.43,2.43,14403,0
ITM,D,20180710,000000,2.33,2.39,2.31,2.39,7586,0
ITM,D,20180711,000000,2.39,2.39,2.36,2.39,35,0
ITM,D,20180712,000000,2.4,2.4,2.37,2.37,397,0
ITM,D,20180713,000000,2.42,2.48,2.4,2.48,2883,0
ITM,D,20180716,000000,2.47,2.47,2.41,2.43,5135,0
ITM,D,20180717,000000,2.47,2.47,2.35,2.35,2626,0
ITM,D,20180718,000000,2.44,2.44,2.32,2.4,1725,0
ITM,D,20180719,000000,2.4,2.44,2.31,2.43,3821,0
ITM,D,20180720,000000,2.42,2.42,2.42,2.42,24,0
ITM,D,20180723,000000,2.42,2.42,2.32,2.42,54,0
ITM,D,20180724,000000,2.42,2.44,2.42,2.42,1630,0
ITM,D,20180725,000000,2.42,2.42,2.4,2.4,558,0
ITM,D,20180726,000000,2.39,2.4,2.3,2.36,1379,0
ITM,D,20180727,000000,2.36,2.36,2.3,2.35,4733,0
ITM,D,20180730,000000,2.4,2.4,2.21,2.35,5002,0
ITM,D,20180731,000000,2.35,2.38,2.18,2.38,1899,0
ITM,D,20180801,000000,2.38,2.4,2.21,2.4,4609,0
ITM,D,20180802,000000,2.4,2.4,2.3,2.37,7361,0
ITM,D,20180803,000000,2.37,2.37,2.31,2.31,5009,0
ITM,D,20180806,000000,2.3,2.31,2.18,2.25,15922,0
ITM,D,20180807,000000,2.25,2.25,2.16,2.19,3488,0
ITM,D,20180808,000000,2.18,2.25,2.14,2.23,2964,0
ITM,D,20180809,000000,2.23,2.23,2.15,2.23,1952,0
ITM,D,20180810,000000,2.15,2.23,2.09,2.23,7500,0
ITM,D,20180814,000000,2.23,2.23,2.06,2.23,832,0
ITM,D,20180816,000000,2.11,2.2,2.11,2.18,4103,0
ITM,D,20180817,000000,2.18,2.19,2.18,2.19,220,0
ITM,D,20180820,000000,2.19,2.19,2.1,2.19,477,0
ITM,D,20180821,000000,2.15,2.15,2.15,2.15,810,0
ITM,D,20180823,000000,2.19,2.19,2.18,2.18,334,0
ITM,D,20180827,000000,2.18,2.18,2.06,2.18,2060,0
ITM,D,20180829,000000,2.05,2.14,2.05,2.1,549,0
ITM,D,20180830,000000,2.05,2.09,2.05,2.09,371,0
ITM,D,20180831,000000,2.08,2.14,2.08,2.14,1200,0
ITM,D,20180904,000000,2.09,2.14,2.09,2.14,1601,0
ITM,D,20180907,000000,2.05,2.13,2.04,2.13,1091,0
ITM,D,20180910,000000,2.03,2.13,1.96,1.96,7646,0
ITM,D,20180911,000000,1.95,2,1.83,1.92,8446,0
ITM,D,20180912,000000,1.95,1.95,1.95,1.95,500,0
ITM,D,20180913,000000,1.98,1.98,1.86,1.95,371,0
ITM,D,20180914,000000,1.86,1.92,1.8,1.92,6565,0
ITM,D,20180917,000000,1.82,1.92,1.81,1.92,1636,0
ITM,D,20180918,000000,1.81,1.9,1.66,1.81,14526,0
ITM,D,20180919,000000,1.66,1.66,1.31,1.43,36124,0
ITM,D,20180920,000000,1.43,1.43,1.29,1.35,13739,0
ITM,D,20180921,000000,1.36,1.4,1.2,1.3,63773,0
ITM,D,20180924,000000,1.27,1.28,1.19,1.23,21654,0
ITM,D,20180925,000000,1.17,1.25,1.17,1.22,6385,0
ITM,D,20180926,000000,1.19,1.24,1.17,1.24,18824,0
ITM,D,20180927,000000,1.24,1.29,1.16,1.2,4303,0
ITM,D,20180928,000000,1.2,1.24,1.15,1.24,12666,0
ITM,D,20181001,000000,1.2,1.21,1.16,1.2,1794,0
ITM,D,20181002,000000,1.21,1.21,1.18,1.2,328,0
ITM,D,20181003,000000,1.21,1.21,1.18,1.2,1055,0
ITM,D,20181004,000000,1.2,1.2,1.13,1.2,32969,0
ITM,D,20181005,000000,1.19,1.2,1.12,1.13,4958,0
ITM,D,20181008,000000,1.13,1.2,1.13,1.14,752,0
ITM,D,20181009,000000,1.13,1.19,1.13,1.14,127,0
ITM,D,20181010,000000,1.2,1.24,1.2,1.2,37277,0
ITM,D,20181011,000000,1.2,1.2,1.16,1.2,1865,0
ITM,D,20181012,000000,1.2,1.2,1.2,1.2,3066,0
ITM,D,20181015,000000,1.22,1.24,1.22,1.24,1200,0
ITM,D,20181016,000000,1.23,1.23,1.2,1.2,152,0
ITM,D,20181017,000000,1.23,1.24,1.17,1.23,343,0
ITM,D,20181018,000000,1.17,1.24,1.17,1.23,652,0
ITM,D,20181019,000000,1.23,1.23,1.18,1.23,749,0
ITM,D,20181022,000000,1.24,1.24,1.23,1.24,101,0
ITM,D,20181023,000000,1.22,1.24,1.22,1.24,980,0
ITM,D,20181024,000000,1.22,1.22,1.22,1.22,1165,0
ITM,D,20181025,000000,1.19,1.19,1.16,1.16,4488,0
ITM,D,20181026,000000,1.16,1.16,1.1,1.14,6867,0
ITM,D,20181029,000000,1.13,1.14,1.1,1.14,2490,0
ITM,D,20181030,000000,1.14,1.14,1.12,1.14,310,0
ITM,D,20181102,000000,1.13,1.13,1.1,1.13,3018,0
ITM,D,20181105,000000,1.12,1.13,1.12,1.12,5070,0
ITM,D,20181106,000000,1.12,1.13,1.08,1.12,1563,0
ITM,D,20181107,000000,1.11,1.11,1.1,1.11,2534,0
ITM,D,20181108,000000,1.09,1.12,1.09,1.12,3779,0
ITM,D,20181109,000000,1.09,1.11,1.08,1.11,2101,0
ITM,D,20181113,000000,1.11,1.15,1.11,1.15,6149,0
ITM,D,20181114,000000,1.15,1.15,1.14,1.14,252,0
ITM,D,20181115,000000,1.1,1.14,1.1,1.14,1818,0
ITM,D,20181116,000000,1.13,1.13,1.13,1.13,769,0
ITM,D,20181119,000000,1.1,1.12,1.09,1.12,2607,0
ITM,D,20181120,000000,1.09,1.11,1.09,1.09,1251,0
ITM,D,20181121,000000,1.09,1.12,1.08,1.12,1281,0
ITM,D,20181122,000000,1.1,1.12,1.06,1.06,7783,0
ITM,D,20181123,000000,1.12,1.12,1.07,1.1,6840,0
ITM,D,20181126,000000,1.07,1.12,1.05,1.12,7448,0
ITM,D,20181127,000000,1.12,1.12,1.09,1.09,7416,0
ITM,D,20181128,000000,1.12,1.12,1.05,1.08,7635,0
ITM,D,20181129,000000,1.08,1.12,1.08,1.12,13993,0
ITM,D,20181130,000000,1.08,1.14,1.08,1.13,14454,0
ITM,D,20181203,000000,1.12,1.13,1.09,1.1,6433,0
ITM,D,20181204,000000,1.1,1.14,1.1,1.14,7349,0
ITM,D,20181205,000000,1.13,1.13,1.1,1.1,1725,0
ITM,D,20181206,000000,1.1,1.1,1.1,1.1,2426,0
ITM,D,20181207,000000,1.13,1.13,1.1,1.11,1106,0
ITM,D,20181210,000000,1.13,1.13,1.05,1.05,15892,0
ITM,D,20181211,000000,1.03,1.09,0.93,1.07,73683,0
ITM,D,20181212,000000,1.07,1.07,1.04,1.05,5222,0
ITM,D,20181213,000000,1.02,1.05,1.01,1.04,9117,0
ITM,D,20181214,000000,1.01,1.04,0.96,1.04,9909,0
ITM,D,20181217,000000,1.04,1.04,1,1.03,1711,0
ITM,D,20181218,000000,1,1.09,1,1.07,27286,0
ITM,D,20181219,000000,1.06,1.11,1.04,1.07,24776,0
ITM,D,20181220,000000,1.07,1.33,1.07,1.33,87727,0
ITM,D,20181221,000000,1.4,1.7,1.4,1.7,97809,0
ITM,D,20181227,000000,1.86,2.24,1.8,2.2,44446,0
ITM,D,20181228,000000,2.41,2.82,2.41,2.82,59208,0
ITM,D,20190102,000000,3.04,3.67,3.04,3.61,187315,0
ITM,D,20190103,000000,3.65,3.77,2.97,3.25,143334,0
ITM,D,20190104,000000,3.11,3.52,3.07,3.1,61340,0
ITM,D,20190107,000000,3.1,3.61,3.1,3.3,201643,0
ITM,D,20190108,000000,3.29,3.42,3.06,3.06,98916,0
ITM,D,20190109,000000,3.11,3.11,2.74,2.75,47036,0
ITM,D,20190110,000000,2.7,2.73,2.36,2.51,93156,0
ITM,D,20190111,000000,2.57,2.57,2.38,2.44,20858,0
ITM,D,20190114,000000,2.42,2.56,2.32,2.5,15709,0
ITM,D,20190115,000000,2.45,3,2.44,2.99,55042,0
ITM,D,20190116,000000,3.2,3.2,2.88,2.93,28896,0
ITM,D,20190117,000000,2.98,2.98,2.75,2.86,16654,0
ITM,D,20190118,000000,2.86,3,2.79,2.95,10604,0
ITM,D,20190121,000000,3.03,3.03,2.82,2.9,8522,0
ITM,D,20190122,000000,2.7,2.87,2.65,2.66,19681,0
ITM,D,20190123,000000,2.75,2.75,2.6,2.7,3886,0
ITM,D,20190124,000000,2.73,2.73,2.68,2.72,5600,0
ITM,D,20190125,000000,2.68,2.7,2.5,2.68,7323,0
ITM,D,20190128,000000,2.7,2.84,2.62,2.62,5610,0
ITM,D,20190129,000000,2.8,2.8,2.53,2.7,4880,0
ITM,D,20190130,000000,2.7,2.78,2.7,2.78,477,0
ITM,D,20190131,000000,2.8,2.8,2.69,2.72,1527,0
ITM,D,20190201,000000,2.57,2.67,2.5,2.64,1888,0
ITM,D,20190204,000000,2.57,2.57,2.56,2.57,1747,0
ITM,D,20190205,000000,2.52,2.77,2.52,2.75,2560,0
ITM,D,20190206,000000,2.64,2.69,2.54,2.64,498,0
ITM,D,20190207,000000,2.64,2.64,2.46,2.59,7627,0
ITM,D,20190208,000000,2.42,2.53,2.31,2.4,8405,0
ITM,D,20190211,000000,2.46,2.53,2.05,2.18,36805,0
ITM,D,20190212,000000,2.19,2.29,2.13,2.2,14477,0
ITM,D,20190213,000000,2.34,2.34,2.16,2.2,9573,0
ITM,D,20190214,000000,2.24,2.24,2.1,2.23,6095,0
ITM,D,20190215,000000,2.2,2.2,2.1,2.2,3368,0
ITM,D,20190218,000000,2.13,2.23,2.13,2.23,7745,0
ITM,D,20190219,000000,2.22,2.24,2.11,2.2,8569,0
ITM,D,20190220,000000,2.3,2.34,2.15,2.2,36984,0
ITM,D,20190221,000000,2.2,2.25,2.15,2.2,2669,0
ITM,D,20190222,000000,2.22,2.22,2.19,2.19,2151,0
ITM,D,20190225,000000,2.13,2.18,2.13,2.18,52,0
ITM,D,20190226,000000,2.12,2.25,2.11,2.25,6386,0
ITM,D,20190227,000000,2.23,2.28,2.13,2.13,9523,0
ITM,D,20190228,000000,2.13,2.19,2.1,2.15,996,0
ITM,D,20190301,000000,2.18,2.39,2.16,2.35,15368,0
ITM,D,20190304,000000,2.5,3.025,2.5,2.96,70922,0
ITM,D,20190305,000000,2.96,3.25,2.71,2.71,53666,0
ITM,D,20190306,000000,2.71,3.3,2.6,3,82613,0
ITM,D,20190307,000000,3.15,3.15,2.84,3.055,13047,0
ITM,D,20190308,000000,2.905,3.05,2.86,3.02,3112,0
ITM,D,20190311,000000,3,3.15,2.91,3,7162,0
ITM,D,20190312,000000,2.94,2.99,2.7,2.945,14610,0
ITM,D,20190313,000000,2.72,2.9,2.72,2.8,1933,0
ITM,D,20190314,000000,2.74,3.38,2.74,3.33,102020,0
ITM,D,20190315,000000,3.39,3.6,3.06,3.29,113989,0
ITM,D,20190318,000000,3.29,3.3,3.04,3.1,32707,0
ITM,D,20190319,000000,3.15,3.24,3.07,3.19,16316,0
ITM,D,20190320,000000,3.19,3.26,3.17,3.26,25687,0
ITM,D,20190321,000000,3.3,3.3,3.12,3.18,16622,0
ITM,D,20190322,000000,3.13,3.22,3.11,3.13,8448,0
ITM,D,20190325,000000,3.13,3.18,3.01,3.01,7994,0
ITM,D,20190326,000000,3.01,3.01,2.825,2.94,26383,0
ITM,D,20190327,000000,2.825,2.94,2.7,2.8,6654,0
ITM,D,20190328,000000,2.88,2.88,2.65,2.8,1151,0
ITM,D,20190329,000000,2.72,2.85,2.69,2.8,8633,0
ITM,D,20190401,000000,2.7,2.9,2.7,2.9,510,0
ITM,D,20190402,000000,2.89,3.1,2.89,3.04,3021,0
ITM,D,20190403,000000,3,3.08,2.81,2.93,5068,0
ITM,D,20190404,000000,2.85,2.99,2.85,2.99,6600,0
ITM,D,20190405,000000,2.96,2.97,2.6,2.87,34239,0
ITM,D,20190408,000000,2.69,2.8,2.69,2.8,1931,0
ITM,D,20190409,000000,2.82,2.83,2.82,2.83,1001,0
ITM,D,20190410,000000,2.8,2.8,2.62,2.62,8212,0
ITM,D,20190411,000000,2.69,2.9,2.5,2.73,30361,0
ITM,D,20190412,000000,2.7,2.78,2.6,2.78,4413,0
ITM,D,20190415,000000,2.75,2.78,2.75,2.78,1794,0
ITM,D,20190416,000000,2.77,2.77,2.55,2.76,1101,0
ITM,D,20190417,000000,2.77,2.96,2.67,2.85,8119,0
ITM,D,20190418,000000,2.95,3.08,2.86,3.05,9822,0
ITM,D,20190423,000000,3.04,3.04,2.78,2.98,4198,0
ITM,D,20190424,000000,3.03,3.03,2.75,2.75,6904,0
ITM,D,20190425,000000,2.95,2.95,2.65,2.66,3523,0
ITM,D,20190426,000000,2.9,2.9,2.61,2.87,432,0
ITM,D,20190429,000000,2.87,2.87,2.66,2.74,1692,0
ITM,D,20190430,000000,2.65,2.77,2.65,2.77,1201,0
ITM,D,20190502,000000,2.79,2.79,2.7,2.7,594,0
ITM,D,20190506,000000,2.62,2.62,2.39,2.62,4773,0
ITM,D,20190507,000000,2.44,2.45,2.3,2.38,10168,0
ITM,D,20190508,000000,2.22,2.35,2.1,2.12,4457,0
ITM,D,20190509,000000,2.12,2.2,2.1,2.2,2178,0
ITM,D,20190510,000000,2.2,2.39,1.995,2.09,15423,0
ITM,D,20190513,000000,2.05,2.05,2,2.05,2484,0
ITM,D,20190514,000000,2.1,2.3,2.1,2.29,3135,0
ITM,D,20190515,000000,2.28,2.28,2.06,2.2,2082,0
ITM,D,20190516,000000,2.02,2.13,2.02,2.03,3382,0
ITM,D,20190517,000000,2.09,2.14,2.01,2.14,4817,0
ITM,D,20190520,000000,2.02,2.14,2.02,2.08,4575,0
ITM,D,20190521,000000,2.08,2.13,2.02,2.02,2899,0
ITM,D,20190522,000000,2.01,2.08,2,2.04,3341,0
ITM,D,20190523,000000,2.02,2.44,1.82,2.44,64320,0
ITM,D,20190524,000000,2.95,3.1,2.66,2.92,64483,0
ITM,D,20190527,000000,2.83,2.83,2.71,2.81,1844,0
ITM,D,20190528,000000,2.79,2.93,2.75,2.82,2789,0
ITM,D,20190529,000000,2.76,2.79,2.5,2.59,6176,0
ITM,D,20190530,000000,2.6,2.79,2.6,2.79,1007,0
ITM,D,20190531,000000,2.76,2.77,2.5,2.55,6403,0
ITM,D,20190603,000000,2.55,2.6,2.55,2.6,274,0
ITM,D,20190604,000000,2.58,2.62,2.45,2.54,432,0
ITM,D,20190605,000000,2.54,2.64,2.54,2.64,510,0
ITM,D,20190606,000000,2.67,2.67,2.5,2.63,1238,0
ITM,D,20190607,000000,2.64,2.66,2.49,2.66,5760,0
ITM,D,20190610,000000,2.64,2.7,2.47,2.5,2546,0
ITM,D,20190611,000000,2.66,2.66,2.5,2.6,597,0
ITM,D,20190612,000000,2.68,2.68,2.49,2.66,510,0
ITM,D,20190613,000000,2.5,2.59,2.47,2.59,5262,0
ITM,D,20190614,000000,2.63,2.63,2.41,2.5,2334,0
ITM,D,20190617,000000,2.42,2.53,2.28,2.46,2470,0
ITM,D,20190618,000000,2.44,2.49,2.36,2.48,2226,0
ITM,D,20190619,000000,2.47,2.64,2.46,2.6,3237,0
ITM,D,20190625,000000,2.4,2.64,2.4,2.64,1510,0
ITM,D,20190627,000000,2.42,2.5,2.42,2.5,371,0
ITM,D,20190628,000000,2.49,2.59,2.44,2.59,1321,0
ITM,D,20190701,000000,2.59,2.59,2.42,2.57,4293,0
ITM,D,20190702,000000,2.57,2.57,2.57,2.57,150,0
ITM,D,20190703,000000,2.57,2.57,2.57,2.57,50,0
ITM,D,20190705,000000,2.57,2.59,2.57,2.58,850,0
ITM,D,20190708,000000,2.5,2.5,2.5,2.5,160,0
ITM,D,20190710,000000,2.43,2.45,2.42,2.45,450,0
ITM,D,20190712,000000,2.42,2.57,2.31,2.57,5728,0
ITM,D,20190715,000000,2.56,2.57,2.56,2.57,800,0
ITM,D,20190716,000000,2.54,2.54,2.54,2.54,155,0
ITM,D,20190718,000000,2.38,2.54,2.36,2.4,2536,0
ITM,D,20190719,000000,2.4,2.56,2.4,2.4,4309,0
ITM,D,20190722,000000,2.52,2.52,2.46,2.47,1301,0
ITM,D,20190723,000000,2.4,2.5,2.4,2.5,520,0
ITM,D,20190724,000000,2.5,2.59,2.5,2.59,1350,0
ITM,D,20190726,000000,2.59,2.62,2.59,2.62,560,0
ITM,D,20190729,000000,2.5,2.6,2.5,2.6,900,0
ITM,D,20190730,000000,2.6,2.6,2.6,2.6,500,0
ITM,D,20190731,000000,2.59,2.59,2.4,2.59,1302,0
ITM,D,20190802,000000,2.4,2.57,2.4,2.57,280,0
ITM,D,20190806,000000,2.39,2.4,2.39,2.4,406,0
ITM,D,20190807,000000,2.23,2.4,2.22,2.4,1019,0
ITM,D,20190808,000000,2.4,2.55,2.4,2.55,20,0
ITM,D,20190812,000000,2.17,2.49,2.17,2.49,294,0
ITM,D,20190819,000000,2.49,2.55,2.49,2.55,590,0
ITM,D,20190821,000000,2.3,2.53,2.3,2.53,47,0
ITM,D,20190822,000000,2.31,2.34,2.31,2.34,239,0
ITM,D,20190823,000000,2.32,2.52,2.32,2.52,377,0
ITM,D,20190826,000000,2.4,2.5,2.4,2.5,1000,0
ITM,D,20190827,000000,2.41,2.5,2.4,2.5,419,0
ITM,D,20190828,000000,2.32,2.5,2.32,2.5,2973,0
ITM,D,20190829,000000,2.48,2.48,2.48,2.48,250,0
ITM,D,20190830,000000,2.36,2.46,2.13,2.22,12429,0
ITM,D,20190902,000000,2.39,2.43,2.35,2.43,1921,0
ITM,D,20190906,000000,2.22,2.38,2.22,2.38,29,0
ITM,D,20190909,000000,2.22,2.43,2.22,2.4,4669,0
ITM,D,20190910,000000,2.22,2.39,2.07,2.29,8410,0
ITM,D,20190911,000000,2.31,2.32,2.31,2.31,3001,0
ITM,D,20190912,000000,2.2,2.31,2.2,2.31,634,0
ITM,D,20190913,000000,2.29,2.31,2.29,2.3,510,0
ITM,D,20190916,000000,2.3,2.31,2.13,2.31,976,0
ITM,D,20190917,000000,2.32,2.33,2.32,2.33,410,0
ITM,D,20190918,000000,2.33,2.33,2.3,2.3,1036,0
ITM,D,20190920,000000,2.33,2.38,2.33,2.38,2001,0
ITM,D,20190923,000000,2.36,2.37,2.2,2.37,793,0
ITM,D,20190924,000000,2.3,2.34,2.13,2.32,1278,0
ITM,D,20190925,000000,2.29,2.29,2.07,2.29,12904,0
ITM,D,20191001,000000,2.2,2.2,2.2,2.2,10,0
ITM,D,20191002,000000,2.19,2.19,2.19,2.19,20,0
ITM,D,20191003,000000,2.1,2.1,2.1,2.1,346,0
ITM,D,20191004,000000,2.02,2.08,2.02,2.08,2595,0
ITM,D,20191007,000000,2.02,2.02,2.02,2.02,120,0
ITM,D,20191008,000000,2.07,2.07,2.07,2.07,100,0
ITM,D,20191009,000000,2.03,2.03,2.02,2.02,2208,0
ITM,D,20191010,000000,2.03,2.03,2,2,4819,0
ITM,D,20191011,000000,2.16,2.16,2.02,2.02,3141,0
ITM,D,20191014,000000,2,2,2,2,2099,0
ITM,D,20191015,000000,2.14,2.14,1.995,1.995,1955,0
ITM,D,20191016,000000,2,2,1.995,1.995,2159,0
ITM,D,20191017,000000,1.995,1.995,1.995,1.995,12,0
ITM,D,20191018,000000,1.995,1.995,1.995,1.995,342,0
ITM,D,20191021,000000,2,2,1.99,1.99,1065,0
ITM,D,20191022,000000,2,2,2,2,10,0
ITM,D,20191023,000000,2,2,2,2,302,0
ITM,D,20191024,000000,2,2,2,2,700,0
ITM,D,20191028,000000,2,2,1.98,1.98,2145,0
ITM,D,20191029,000000,1.98,1.98,1.96,1.96,1276,0
ITM,D,20191104,000000,1.95,1.95,1.95,1.95,500,0
ITM,D,20191105,000000,1.84,1.84,1.84,1.84,500,0
ITM,D,20191106,000000,1.8,1.835,1.8,1.835,700,0
ITM,D,20191107,000000,1.85,1.85,1.85,1.85,326,0
ITM,D,20191108,000000,1.81,1.85,1.81,1.85,667,0
ITM,D,20191112,000000,1.7,1.72,1.7,1.72,4396,0
ITM,D,20191113,000000,1.87,1.935,1.87,1.935,4000,0
ITM,D,20191114,000000,1.9,1.9,1.9,1.9,100,0
ITM,D,20191118,000000,1.75,1.79,1.75,1.79,1573,0
ITM,D,20191119,000000,1.79,1.79,1.7,1.7,5000,0
ITM,D,20191120,000000,1.78,1.78,1.78,1.78,1,0
ITM,D,20191121,000000,1.78,1.78,1.77,1.77,2100,0
ITM,D,20191122,000000,1.7,1.7,1.7,1.7,1320,0
ITM,D,20191125,000000,1.65,1.65,1.65,1.65,2820,0
ITM,D,20191126,000000,1.72,1.72,1.72,1.72,150,0
ITM,D,20191127,000000,1.72,1.72,1.72,1.72,1,0
ITM,D,20191128,000000,1.74,1.74,1.605,1.605,1100,0
ITM,D,20191129,000000,1.77,1.77,1.74,1.74,1655,0
ITM,D,20191202,000000,1.74,1.74,1.74,1.74,1875,0
ITM,D,20191203,000000,1.78,1.78,1.78,1.78,5295,0
ITM,D,20191204,000000,1.78,1.78,1.78,1.78,227,0
ITM,D,20191205,000000,1.9,1.9,1.9,1.9,1432,0
ITM,D,20191209,000000,1.63,1.63,1.63,1.63,2940,0
ITM,D,20191210,000000,1.64,1.64,1.64,1.64,93,0
ITM,D,20191211,000000,1.64,1.64,1.64,1.64,1299,0
ITM,D,20191213,000000,1.68,1.68,1.68,1.68,69,0
ITM,D,20191216,000000,1.6,1.79,1.6,1.79,864,0
ITM,D,20191217,000000,1.61,1.61,1.61,1.61,1048,0
ITM,D,20191218,000000,1.61,1.61,1.61,1.61,3091,0
ITM,D,20191219,000000,1.61,1.61,1.61,1.61,8511,0
ITM,D,20191220,000000,1.7,1.775,1.7,1.775,2074,0
ITM,D,20191223,000000,1.775,1.775,1.775,1.775,1720,0
ITM,D,20191227,000000,1.7,1.7,1.7,1.7,2720,0
ITM,D,20191230,000000,1.7,1.75,1.7,1.75,1194,0
ITM,D,20200102,000000,1.75,1.75,1.75,1.75,707,0
ITM,D,20200103,000000,1.76,1.85,1.76,1.85,405,0
ITM,D,20200107,000000,1.85,1.85,1.85,1.85,2225,0
ITM,D,20200108,000000,1.85,2.02,1.85,2.02,5564,0
ITM,D,20200109,000000,2.02,2.02,2.02,2.02,844,0
ITM,D,20200110,000000,1.87,2.02,1.87,2.02,940,0
ITM,D,20200113,000000,2.02,2.02,2.02,2.02,389,0
ITM,D,20200114,000000,2.02,2.02,2.02,2.02,1050,0
ITM,D,20200115,000000,1.87,1.87,1.87,1.87,55,0
ITM,D,20200116,000000,2.02,2.02,2.01,2.01,1587,0
ITM,D,20200117,000000,2.01,2.02,2.01,2.02,5526,0
ITM,D,20200120,000000,2.1,2.1,2.1,2.1,6415,0
ITM,D,20200121,000000,2.2,2.2,1.91,1.91,2085,0
ITM,D,20200122,000000,1.9,1.9,1.9,1.9,3482,0
ITM,D,20200123,000000,1.87,1.88,1.87,1.88,2850,0
ITM,D,20200124,000000,1.87,1.87,1.87,1.87,385,0
ITM,D,20200127,000000,1.66,1.66,1.66,1.66,550,0
ITM,D,20200128,000000,2,2,2,2,1280,0
ITM,D,20200129,000000,2,2,2,2,10,0
ITM,D,20200130,000000,1.99,1.99,1.99,1.99,300,0
ITM,D,20200131,000000,1.9,1.9,1.9,1.9,310,0
ITM,D,20200203,000000,1.9,1.9,1.9,1.9,2,0
ITM,D,20200204,000000,1.9,1.9,1.71,1.71,1610,0
ITM,D,20200205,000000,1.69,1.69,1.69,1.69,3651,0
ITM,D,20200206,000000,1.65,1.65,1.65,1.65,10140,0
ITM,D,20200207,000000,1.55,1.55,1.51,1.51,11914,0
ITM,D,20200210,000000,1.5,1.5,1.465,1.465,11665,0
ITM,D,20200211,000000,1.61,1.61,1.455,1.455,2572,0
ITM,D,20200212,000000,1.4,1.4,1.36,1.36,18713,0
ITM,D,20200213,000000,1.3,1.3,1.19,1.19,49852,0
ITM,D,20200214,000000,1.22,1.34,1.22,1.34,2757,0
ITM,D,20200217,000000,1.305,1.305,1.27,1.27,7900,0
ITM,D,20200218,000000,1.235,1.235,1.21,1.21,8369,0
ITM,D,20200219,000000,1.21,1.21,1.21,1.21,24809,0
ITM,D,20200220,000000,1.25,1.28,1.25,1.28,3415,0
ITM,D,20200221,000000,1.28,1.435,1.28,1.435,702,0
ITM,D,20200224,000000,1.435,1.435,1.435,1.435,3425,0
ITM,D,20200225,000000,1.35,1.35,1.35,1.35,602,0
ITM,D,20200226,000000,1.35,1.35,1.34,1.34,725,0
ITM,D,20200227,000000,1.21,1.21,1.21,1.21,3262,0
ITM,D,20200228,000000,1.21,1.21,1.2,1.2,2844,0
ITM,D,20200302,000000,1.2,1.21,1.2,1.21,2232,0
ITM,D,20200303,000000,1.21,1.21,1.21,1.21,80,0
ITM,D,20200304,000000,1.175,1.175,1.12,1.12,2495,0
ITM,D,20200305,000000,1.03,1.03,1,1,14782,0
ITM,D,20200306,000000,0.976,0.976,0.95,0.95,10521,0
ITM,D,20200309,000000,0.9,0.9,0.85,0.85,5173,0
ITM,D,20200310,000000,0.85,0.9,0.85,0.9,7416,0
ITM,D,20200311,000000,0.99,0.99,0.85,0.85,2190,0
ITM,D,20200313,000000,0.65,0.86,0.65,0.86,7281,0
ITM,D,20200316,000000,0.798,0.798,0.798,0.798,2123,0
ITM,D,20200317,000000,0.72,0.77,0.72,0.77,79289,0
ITM,D,20200318,000000,0.76,0.836,0.76,0.836,3163,0
ITM,D,20200319,000000,0.918,0.918,0.91,0.91,32738,0
ITM,D,20200320,000000,0.91,0.93,0.91,0.93,48367,0
ITM,D,20200323,000000,1.1,1.1,1.09,1.09,1737,0
ITM,D,20200324,000000,1.05,1.05,0.982,0.982,1716,0
ITM,D,20200325,000000,1.03,1.04,1.03,1.04,1301,0
ITM,D,20200326,000000,0.98,1.03,0.98,1.03,1061,0
ITM,D,20200327,000000,1.02,1.03,1.02,1.03,260,0
ITM,D,20200406,000000,1.02,1.02,0.828,0.828,12569,0
ITM,D,20200407,000000,0.826,0.828,0.69,0.746,102318,0
ITM,D,20200408,000000,0.746,0.748,0.56,0.64,99267,0
ITM,D,20200409,000000,0.648,0.648,0.584,0.62,97127,0
ITM,D,20200414,000000,0.644,0.68,0.586,0.62,134756,0
ITM,D,20200415,000000,0.63,0.646,0.592,0.644,60400,0
ITM,D,20200416,000000,0.646,0.69,0.61,0.67,11539,0
ITM,D,20200417,000000,0.68,0.692,0.634,0.692,33284,0
ITM,D,20200420,000000,0.68,0.708,0.65,0.664,26251,0
ITM,D,20200421,000000,0.654,0.688,0.652,0.688,6010,0
ITM,D,20200422,000000,0.688,0.69,0.65,0.69,4624,0
ITM,D,20200423,000000,0.686,0.686,0.29,0.29,832124,0
ITM,D,20200424,000000,0.3,0.315,0.26,0.26,352090,0
ITM,D,20200427,000000,0.268,0.268,0.23,0.23,183033,0
ITM,D,20200428,000000,0.218,0.25,0.201,0.218,146366,0
ITM,D,20200429,000000,0.19,0.239,0.19,0.228,193167,0
ITM,D,20200430,000000,0.22,0.269,0.202,0.269,148323,0
ITM,D,20200504,000000,0.28,0.346,0.258,0.258,724284,0
ITM,D,20200505,000000,0.281,0.298,0.23,0.298,118435,0
ITM,D,20200506,000000,0.296,0.297,0.27,0.279,32123,0
ITM,D,20200507,000000,0.271,0.286,0.254,0.272,49103,0
ITM,D,20200508,000000,0.272,0.29,0.26,0.29,41657,0
ITM,D,20200511,000000,0.275,0.297,0.275,0.29,16440,0
ITM,D,20200512,000000,0.278,0.288,0.278,0.288,9466,0
ITM,D,20200513,000000,0.289,0.296,0.28,0.28,32331,0
ITM,D,20200514,000000,0.285,0.296,0.285,0.285,47081,0
ITM,D,20200515,000000,0.294,0.294,0.29,0.29,8922,0
ITM,D,20200518,000000,0.29,0.29,0.274,0.274,29500,0
ITM,D,20200519,000000,0.271,0.28,0.271,0.28,17679,0
ITM,D,20200520,000000,0.27,0.28,0.27,0.28,3800,0
ITM,D,20200521,000000,0.27,0.27,0.27,0.27,5000,0
ITM,D,20200522,000000,0.28,0.28,0.262,0.28,16374,0
ITM,D,20200525,000000,0.28,0.28,0.262,0.28,11277,0
ITM,D,20200526,000000,0.264,0.278,0.264,0.278,10301,0
ITM,D,20200527,000000,0.276,0.277,0.261,0.276,34216,0
ITM,D,20200528,000000,0.263,0.275,0.263,0.27,2703,0
ITM,D,20200529,000000,0.263,0.276,0.263,0.276,6622,0
ITM,D,20200601,000000,0.275,0.275,0.264,0.275,30687,0
ITM,D,20200602,000000,0.27,0.27,0.264,0.27,13500,0
ITM,D,20200603,000000,0.27,0.28,0.266,0.28,64910,0
ITM,D,20200604,000000,0.28,0.286,0.27,0.286,40065,0
ITM,D,20200605,000000,0.286,0.299,0.276,0.282,85085,0
ITM,D,20200608,000000,0.28,0.284,0.269,0.269,18744,0
ITM,D,20200609,000000,0.282,0.284,0.27,0.271,38554,0
ITM,D,20200610,000000,0.271,0.284,0.271,0.28,31979,0
ITM,D,20200612,000000,0.27,0.275,0.27,0.271,32345,0
ITM,D,20200615,000000,0.281,0.29,0.281,0.289,24183,0
ITM,D,20200616,000000,0.29,0.295,0.276,0.294,47304,0
ITM,D,20200617,000000,0.295,0.295,0.281,0.293,7647,0
ITM,D,20200618,000000,0.294,0.294,0.281,0.281,8825,0
ITM,D,20200619,000000,0.281,0.294,0.281,0.293,2500,0
ITM,D,20200622,000000,0.29,0.29,0.29,0.29,200,0
ITM,D,20200623,000000,0.29,0.293,0.282,0.293,50722,0
ITM,D,20200624,000000,0.293,0.293,0.282,0.292,17053,0
ITM,D,20200625,000000,0.288,0.293,0.282,0.293,52387,0
ITM,D,20200626,000000,0.292,0.293,0.292,0.293,6580,0
ITM,D,20200629,000000,0.276,0.292,0.273,0.28,38645,0
ITM,D,20200630,000000,0.29,0.29,0.275,0.289,25236,0
ITM,D,20200701,000000,0.27,0.27,0.252,0.252,91587,0
ITM,D,20200702,000000,0.136,0.185,0.136,0.185,363500,0
ITM,D,20200703,000000,0.187,0.187,0.17,0.1795,84619,0
ITM,D,20200706,000000,0.182,0.182,0.16,0.166,119550,0
ITM,D,20200707,000000,0.17,0.17,0.151,0.164,62719,0
ITM,D,20200708,000000,0.153,0.17,0.153,0.154,88679,0
ITM,D,20200709,000000,0.152,0.167,0.152,0.152,38748,0
ITM,D,20200710,000000,0.15,0.158,0.147,0.147,27272,0
