<TICKER>,<PER>,<DATE>,<TIME>,<OPEN>,<HIGH>,<LOW>,<CLOSE>,<VOL>,<OPENINT>
OVO,D,20110629,000000,58.362,59.51,47.838,59.51,80200,0
OVO,D,20110630,000000,59.223,59.319,56.257,59.319,13113,0
OVO,D,20110701,000000,59.271,59.271,59.223,59.223,14,0
OVO,D,20110704,000000,59.223,59.223,56.736,57.405,940,0
OVO,D,20110705,000000,55.492,57.358,55.014,55.157,645,0
OVO,D,20110706,000000,54.918,54.918,50.708,51.856,8271,0
OVO,D,20110707,000000,51.665,53.339,49.656,53.339,9823,0
OVO,D,20110708,000000,53.339,54.631,53.339,54.631,105,0
OVO,D,20110711,000000,54.679,54.679,54.679,54.679,1,0
OVO,D,20110712,000000,53.578,53.578,51.952,52.622,2660,0
OVO,D,20110713,000000,54.2,54.2,53.578,53.578,2,0
OVO,D,20110714,000000,54.2,54.2,53.578,53.578,2,0
OVO,D,20110715,000000,53.578,53.578,52.382,52.382,115,0
OVO,D,20110718,000000,52.622,52.622,51.665,52.239,17,0
OVO,D,20110719,000000,51.474,53.435,51.474,53.435,905,0
OVO,D,20110720,000000,52.622,52.622,52,52.574,83,0
OVO,D,20110721,000000,51.665,52.095,51.091,52.095,1315,0
OVO,D,20110722,000000,52.622,52.622,51.617,52.622,1448,0
OVO,D,20110725,000000,52.909,56.449,52.909,56.353,1076,0
OVO,D,20110726,000000,56.305,56.305,55.014,55.014,118,0
OVO,D,20110727,000000,55.014,56.449,55.014,55.014,15357,0
OVO,D,20110728,000000,55.492,55.492,54.009,55.492,1059,0
OVO,D,20110729,000000,55.875,55.875,55.875,55.875,2,0
OVO,D,20110801,000000,55.875,55.875,54.248,55.683,294,0
OVO,D,20110802,000000,54.535,54.535,53.578,54.535,226,0
OVO,D,20110803,000000,54.535,54.535,50.134,52.048,294,0
OVO,D,20110804,000000,52.095,54.535,49.656,49.656,854,0
OVO,D,20110805,000000,44.69,48.795,44.011,48.316,3580,0
OVO,D,20110808,000000,46.116,48.412,46.116,46.307,5318,0
OVO,D,20110809,000000,48.268,48.268,43.446,43.724,38634,0
OVO,D,20110810,000000,43.724,43.724,43.724,43.724,1,0
OVO,D,20110811,000000,41.619,43.054,40.184,41.141,22179,0
OVO,D,20110812,000000,43.054,43.054,42.097,42.097,344,0
OVO,D,20110816,000000,42.097,45.159,42.097,45.159,21716,0
OVO,D,20110817,000000,47.742,47.742,44.011,45.446,1816,0
OVO,D,20110818,000000,45.819,45.819,43.532,43.724,137758,0
OVO,D,20110819,000000,43.054,43.054,43.054,43.054,1228,0
OVO,D,20110822,000000,43.044,46.403,43.044,46.403,1210,0
OVO,D,20110823,000000,46.403,47.168,46.403,47.072,72883,0
OVO,D,20110824,000000,45.924,48.89,45.924,47.455,16339,0
OVO,D,20110825,000000,46.881,49.656,46.881,49.656,473,0
OVO,D,20110826,000000,49.991,55.779,49.991,54.535,13159,0
OVO,D,20110829,000000,55.731,59.128,55.731,57.405,12467,0
OVO,D,20110830,000000,58.936,58.936,53.674,58.793,13377,0
OVO,D,20110831,000000,58.697,58.841,56.927,58.841,49674,0
OVO,D,20110901,000000,58.793,58.793,53.578,56.927,1433,0
OVO,D,20110902,000000,54.535,56.544,54.535,55.922,11241,0
OVO,D,20110905,000000,54.487,55.875,53.77,55.396,6243,0
OVO,D,20110906,000000,55.827,55.827,53.865,55.396,5375,0
OVO,D,20110907,000000,55.492,57.214,55.492,57.214,2991,0
OVO,D,20110908,000000,57.74,57.884,56.449,57.884,2601,0
OVO,D,20110909,000000,57.884,57.884,55.014,55.014,19418,0
OVO,D,20110912,000000,55.061,55.061,53.865,55.014,831,0
OVO,D,20110913,000000,55.014,57.214,55.014,57.214,2996,0
OVO,D,20110914,000000,57.214,58.458,57.214,57.405,7862,0
OVO,D,20110915,000000,58.075,59.032,55.97,58.266,17131,0
OVO,D,20110916,000000,58.219,59.606,56.449,57.405,16136,0
OVO,D,20110919,000000,57.405,58.362,57.405,58.362,78,0
OVO,D,20110920,000000,58.362,58.362,58.362,58.362,1,0
OVO,D,20110921,000000,58.314,58.314,56.162,57.884,32,0
OVO,D,20110922,000000,57.884,57.884,56.162,57.884,69,0
OVO,D,20110923,000000,57.405,57.405,55.014,57.405,1334,0
OVO,D,20110926,000000,57.405,57.405,55.492,57.214,422,0
OVO,D,20110927,000000,57.262,57.262,56.449,56.927,15680,0
OVO,D,20110928,000000,56.927,57.31,53.578,56.353,5282,0
OVO,D,20110929,000000,57.31,57.31,57.31,57.31,1,0
OVO,D,20110930,000000,56.975,57.31,55.205,57.31,3186,0
OVO,D,20111003,000000,56.927,56.927,56.449,56.449,11,0
OVO,D,20111004,000000,56.927,56.927,53.674,54.822,465,0
OVO,D,20111005,000000,54.87,56.736,54.87,56.736,1158,0
OVO,D,20111006,000000,56.927,56.927,55.492,56.209,1216,0
OVO,D,20111007,000000,56.162,56.162,56.066,56.066,2,0
OVO,D,20111010,000000,55.97,55.97,55.014,55.492,44,0
OVO,D,20111011,000000,56.592,56.592,56.449,56.449,2,0
OVO,D,20111012,000000,56.736,56.736,55.97,55.97,977,0
OVO,D,20111013,000000,56.449,56.449,55.97,55.97,2,0
OVO,D,20111014,000000,55.922,56.736,54.248,56.736,800,0
OVO,D,20111017,000000,56.736,57.788,56.449,56.927,2375,0
OVO,D,20111018,000000,57.405,57.405,57.023,57.023,30,0
OVO,D,20111019,000000,57.405,57.405,57.405,57.405,1,0
OVO,D,20111020,000000,57.405,57.405,57.405,57.405,1,0
OVO,D,20111021,000000,57.405,57.405,57.405,57.405,2,0
OVO,D,20111024,000000,56.449,58.362,53.818,57.358,28374,0
OVO,D,20111025,000000,57.31,57.358,56.449,57.358,522,0
OVO,D,20111026,000000,58.362,58.362,56.449,56.449,182,0
OVO,D,20111027,000000,56.449,58.266,56.449,58.266,801,0
OVO,D,20111028,000000,58.075,59.319,57.405,57.405,2751,0
OVO,D,20111031,000000,57.405,59.223,56.449,59.223,1008,0
OVO,D,20111102,000000,57.405,58.362,57.405,58.362,202,0
OVO,D,20111103,000000,58.362,58.362,58.362,58.362,2,0
OVO,D,20111104,000000,58.362,58.362,58.362,58.362,1,0
OVO,D,20111107,000000,58.362,58.362,58.362,58.362,2,0
OVO,D,20111108,000000,58.362,58.362,58.362,58.362,1,0
OVO,D,20111109,000000,59.175,59.175,59.175,59.175,1,0
OVO,D,20111110,000000,58.841,58.841,58.841,58.841,1,0
OVO,D,20111114,000000,59.08,59.08,56.688,59.08,452,0
OVO,D,20111115,000000,59.08,59.08,59.08,59.08,1,0
OVO,D,20111116,000000,58.362,58.362,58.362,58.362,1,0
OVO,D,20111117,000000,58.171,58.171,58.171,58.171,2,0
OVO,D,20111118,000000,58.171,58.171,56.353,57.405,1305,0
OVO,D,20111121,000000,58.171,58.171,56.353,57.405,1581,0
OVO,D,20111122,000000,56.736,57.31,56.736,57.31,315,0
OVO,D,20111123,000000,57.405,57.405,55.157,56.449,250,0
OVO,D,20111124,000000,57.405,58.362,57.405,57.405,59083,0
OVO,D,20111125,000000,57.405,57.405,56.449,57.405,561,0
OVO,D,20111128,000000,58.362,58.362,58.362,58.362,2,0
OVO,D,20111129,000000,58.362,58.362,58.362,58.362,2,0
OVO,D,20111130,000000,56.496,59.319,56.449,59.271,4217,0
OVO,D,20111201,000000,59.271,59.271,57.405,59.271,440,0
OVO,D,20111202,000000,59.319,59.319,57.501,58.075,1994,0
OVO,D,20111205,000000,59.271,59.271,57.405,58.841,62,0
OVO,D,20111206,000000,59.319,59.319,59.319,59.319,1,0
OVO,D,20111207,000000,58.362,58.362,57.358,58.362,4838,0
OVO,D,20111208,000000,58.362,59.319,58.362,59.319,71,0
OVO,D,20111209,000000,59.319,59.319,59.319,59.319,1,0
OVO,D,20111212,000000,59.319,59.319,59.319,59.319,1,0
OVO,D,20111213,000000,59.319,59.319,59.319,59.319,1,0
OVO,D,20111214,000000,60.276,64.103,59.893,61.137,37597,0
OVO,D,20111215,000000,61.232,63.098,61.232,62.189,24276,0
OVO,D,20111216,000000,62.189,62.189,61.232,61.615,897,0
OVO,D,20111219,000000,61.711,62.189,59.749,62.094,1873,0
OVO,D,20111220,000000,62.094,63.576,62.046,63.529,13192,0
OVO,D,20111221,000000,63.576,65.346,63.576,65.059,6794,0
OVO,D,20111222,000000,65.299,67.93,65.299,67.834,2907,0
OVO,D,20111223,000000,67.834,67.93,67.834,67.93,800,0
OVO,D,20111227,000000,67.93,70.513,67.834,70.13,2401,0
OVO,D,20111228,000000,70.8,70.8,69.939,69.939,1329,0
OVO,D,20111229,000000,69.939,69.939,64.294,66.064,39834,0
OVO,D,20111230,000000,66.542,68.886,64.103,64.103,9851,0
OVO,D,20120102,000000,66.016,67.451,65.059,66.973,8847,0
OVO,D,20120103,000000,67.93,70.8,67.93,70.8,2635,0
OVO,D,20120104,000000,70.8,72.714,69.652,70.8,1531,0
OVO,D,20120105,000000,69.843,71.757,69.843,70.8,675,0
OVO,D,20120109,000000,71.757,72.714,71.757,72.714,1567,0
OVO,D,20120110,000000,72.714,76.445,72.235,76.445,1159,0
OVO,D,20120111,000000,76.445,76.445,74.388,74.436,133,0
OVO,D,20120112,000000,74.244,77.115,74.244,77.115,30889,0
OVO,D,20120113,000000,77.497,80.272,76.923,77.497,11138,0
OVO,D,20120116,000000,77.21,80.607,77.21,79.602,4496,0
OVO,D,20120117,000000,80.368,84.195,80.368,83.238,870,0
OVO,D,20120118,000000,84.195,84.195,78.932,82.52,1202,0
OVO,D,20120119,000000,82.712,82.712,78.789,82.281,2250,0
OVO,D,20120120,000000,83.286,83.286,81.324,82.759,110,0
OVO,D,20120123,000000,82.759,84.195,82.759,82.759,1727,0
OVO,D,20120124,000000,83.716,84.195,81.324,84.195,684,0
OVO,D,20120125,000000,84.195,86.108,81.659,86.108,1003,0
OVO,D,20120126,000000,87.065,87.878,86.969,86.969,2005,0
OVO,D,20120127,000000,87.065,91.179,86.108,90.701,4119,0
OVO,D,20120130,000000,90.126,90.892,88.548,90.892,1089,0
OVO,D,20120131,000000,89.935,91.083,89.935,90.414,3459,0
OVO,D,20120201,000000,91.083,91.083,88.978,90.844,1647,0
OVO,D,20120202,000000,90.892,90.892,88.691,89.935,1044,0
OVO,D,20120203,000000,90.126,90.126,88.835,88.978,1458,0
OVO,D,20120206,000000,88.978,88.978,81.324,85.056,6205,0
OVO,D,20120207,000000,86.012,88.978,85.151,88.978,16175,0
OVO,D,20120208,000000,90.701,90.701,88.117,89.648,7596,0
OVO,D,20120209,000000,90.701,90.701,86.108,87.065,1293,0
OVO,D,20120210,000000,87.065,87.543,86.108,87.543,499,0
OVO,D,20120213,000000,87.543,87.543,86.204,86.969,122,0
OVO,D,20120214,000000,86.969,87.065,86.108,86.921,6076,0
OVO,D,20120215,000000,86.921,88.309,86.06,88.309,966,0
OVO,D,20120216,000000,88.5,88.978,88.261,88.978,414,0
OVO,D,20120217,000000,89.457,91.179,89.313,90.892,1920,0
OVO,D,20120220,000000,91.179,91.179,90.892,91.179,823,0
OVO,D,20120221,000000,91.179,91.179,89.505,91.179,371,0
OVO,D,20120222,000000,91.179,91.179,82.281,90.701,1218,0
OVO,D,20120223,000000,91.657,91.657,89.457,91.322,109,0
OVO,D,20120224,000000,91.609,91.609,88.978,89.744,1775,0
OVO,D,20120227,000000,89.744,89.744,89.744,89.744,10,0
OVO,D,20120228,000000,89.744,89.744,87.543,89.457,1423,0
OVO,D,20120229,000000,89.457,94.145,88.978,93.762,2473,0
OVO,D,20120301,000000,93.762,95.676,93.284,95.676,362,0
OVO,D,20120302,000000,98.45,101.89,98.45,100.08,2323,0
OVO,D,20120305,000000,101.42,101.42,98.068,100.94,175,0
OVO,D,20120306,000000,100.94,100.94,95.676,95.676,1181,0
OVO,D,20120307,000000,96.728,98.642,96.728,98.546,306,0
OVO,D,20120308,000000,98.546,100.94,95.676,97.685,348,0
OVO,D,20120309,000000,98.355,99.98,95.771,98.45,1118,0
OVO,D,20120312,000000,99.407,100.94,96.441,100.46,1573,0
OVO,D,20120313,000000,100.46,110.03,100.46,104.29,5124,0
OVO,D,20120314,000000,113.76,113.76,106.2,108.11,3332,0
OVO,D,20120315,000000,112.23,112.23,108.11,108.21,1212,0
OVO,D,20120316,000000,111.46,111.46,105.24,108.11,774,0
OVO,D,20120319,000000,107.16,108.11,105.34,107.73,1242,0
OVO,D,20120320,000000,108.59,114.81,107.64,112.9,3986,0
OVO,D,20120321,000000,112.9,123.42,112.9,119.59,2224,0
OVO,D,20120322,000000,120.55,121.99,117.68,119.5,1643,0
OVO,D,20120323,000000,123.23,124.38,120.55,124.38,1005,0
OVO,D,20120326,000000,126.77,126.77,118.73,119.69,4478,0
OVO,D,20120327,000000,119.59,121.41,113.47,114.81,10855,0
OVO,D,20120328,000000,116.72,116.72,103.33,107.06,9371,0
OVO,D,20120329,000000,107.16,108.78,105.91,108.11,7099,0
OVO,D,20120330,000000,110.03,112.61,110.03,110.03,10807,0
OVO,D,20120402,000000,111.94,111.94,104.29,111.84,1288,0
OVO,D,20120403,000000,109.07,109.07,106.77,108.78,700,0
OVO,D,20120404,000000,104.29,108.5,101.51,108.02,1903,0
OVO,D,20120405,000000,108.69,108.69,106.49,107.44,1087,0
OVO,D,20120410,000000,107.64,107.92,103.81,106.68,1308,0
OVO,D,20120411,000000,107.06,107.06,100.27,100.27,7633,0
OVO,D,20120412,000000,96.632,98.45,94.336,98.45,5587,0
OVO,D,20120413,000000,95.293,97.589,94.336,95.867,4487,0
OVO,D,20120416,000000,91.37,98.45,91.37,98.355,1078,0
OVO,D,20120417,000000,98.45,98.45,94.958,97.494,615,0
OVO,D,20120418,000000,97.494,97.494,90.031,91.227,3363,0
OVO,D,20120419,000000,93.475,94.719,90.94,94.719,908,0
OVO,D,20120420,000000,94.719,94.719,90.653,93.666,522,0
OVO,D,20120423,000000,94.528,94.528,87.543,91.609,1082,0
OVO,D,20120424,000000,91.609,91.609,88.022,91.179,537,0
OVO,D,20120425,000000,91.179,91.179,90.892,90.892,32,0
OVO,D,20120426,000000,90.892,90.892,87.256,89.839,644,0
OVO,D,20120427,000000,89.409,94.719,87.352,94.719,13327,0
OVO,D,20120430,000000,97.685,99.98,97.111,99.98,1135,0
OVO,D,20120502,000000,100.46,101.32,99.024,99.024,707,0
OVO,D,20120504,000000,98.546,102.37,98.546,98.642,395,0
OVO,D,20120507,000000,98.642,98.642,96.728,97.589,163,0
OVO,D,20120508,000000,97.589,97.589,93.666,93.666,784,0
OVO,D,20120509,000000,97.494,97.494,93.81,95.58,1646,0
OVO,D,20120510,000000,94.958,95.58,93.762,95.58,387,0
OVO,D,20120511,000000,102.37,102.37,92.805,94.719,411,0
OVO,D,20120514,000000,95.676,95.676,89.457,94.719,1371,0
OVO,D,20120515,000000,94.623,94.623,91.849,93.284,458,0
OVO,D,20120516,000000,93.858,93.858,86.586,92.423,973,0
OVO,D,20120517,000000,92.327,92.327,89.313,90.892,610,0
OVO,D,20120518,000000,88.309,89.648,87.065,89.074,420,0
OVO,D,20120521,000000,88.5,88.978,81.42,86.108,727,0
OVO,D,20120522,000000,88.022,88.022,85.151,87.065,397,0
OVO,D,20120523,000000,85.151,87.065,73.718,77.497,18694,0
OVO,D,20120524,000000,81.324,81.324,77.497,77.641,3204,0
OVO,D,20120525,000000,80.081,87.543,80.081,87.065,5095,0
OVO,D,20120528,000000,87.065,87.065,84.195,85.151,40953,0
OVO,D,20120529,000000,85.151,86.108,85.151,86.108,2,0
OVO,D,20120530,000000,86.969,86.969,85.151,86.012,26,0
OVO,D,20120531,000000,87.065,87.065,87.065,87.065,1,0
OVO,D,20120601,000000,86.539,86.539,84.195,85.104,1016,0
OVO,D,20120604,000000,85.104,85.104,84.195,85.104,691,0
OVO,D,20120605,000000,85.104,85.917,83.238,85.917,18,0
OVO,D,20120606,000000,85.917,85.917,83.238,85.725,131,0
OVO,D,20120608,000000,85.151,85.151,85.151,85.151,141,0
OVO,D,20120611,000000,85.63,86.108,85.151,86.108,87,0
OVO,D,20120612,000000,86.491,86.491,86.491,86.491,53,0
OVO,D,20120613,000000,88.5,88.5,86.491,88.356,37,0
OVO,D,20120614,000000,88.644,88.644,86.299,88.5,59,0
OVO,D,20120615,000000,89.696,89.696,85.199,89.505,792,0
OVO,D,20120618,000000,89.505,89.505,88.978,88.978,2329,0
OVO,D,20120619,000000,89.505,90.414,89.265,90.414,112,0
OVO,D,20120620,000000,90.892,90.892,90.414,90.653,154,0
OVO,D,20120621,000000,90.414,90.414,88.261,90.414,47,0
OVO,D,20120622,000000,90.414,90.414,87.878,88.022,23,0
OVO,D,20120625,000000,87.878,88.022,87.83,88.022,85,0
OVO,D,20120626,000000,87.208,87.208,85.199,87.113,1433,0
OVO,D,20120627,000000,87.065,87.065,85.151,87.065,578,0
OVO,D,20120628,000000,87.065,87.065,87.065,87.065,11,0
OVO,D,20120629,000000,86.586,86.586,86.108,86.108,1956,0
OVO,D,20120702,000000,87.065,87.065,87.065,87.065,2,0
OVO,D,20120703,000000,87.065,87.065,84.673,87.065,44356,0
OVO,D,20120704,000000,87.065,87.065,84.29,84.673,35045,0
OVO,D,20120705,000000,84.673,84.673,84.386,84.386,283,0
OVO,D,20120706,000000,84.386,84.386,83.86,83.86,27,0
OVO,D,20120709,000000,86.108,86.108,86.06,86.06,5,0
OVO,D,20120710,000000,86.108,86.108,83.238,85.965,48048,0
OVO,D,20120711,000000,86.108,86.108,85.151,85.151,36,0
OVO,D,20120712,000000,86.108,86.108,82.329,85.151,511,0
OVO,D,20120713,000000,85.151,85.582,82.807,85.056,138,0
OVO,D,20120716,000000,85.056,85.056,83.238,85.056,73,0
OVO,D,20120717,000000,85.056,85.056,83.381,84.912,36,0
OVO,D,20120718,000000,84.96,88.978,83.764,88.978,26532,0
OVO,D,20120719,000000,89.935,90.222,88.022,88.022,210,0
OVO,D,20120720,000000,88.022,88.022,84.338,88.022,565,0
OVO,D,20120723,000000,88.022,88.022,86.108,86.108,42,0
OVO,D,20120724,000000,85.151,86.108,83.238,86.108,248,0
OVO,D,20120725,000000,86.108,86.108,83.238,86.06,149,0
OVO,D,20120726,000000,86.108,86.108,84.195,86.108,10,0
OVO,D,20120727,000000,86.108,86.108,83.334,85.63,116,0
OVO,D,20120730,000000,86.108,86.108,86.108,86.108,1,0
OVO,D,20120731,000000,86.06,86.06,86.06,86.06,1,0
OVO,D,20120801,000000,86.06,86.06,86.06,86.06,1,0
OVO,D,20120802,000000,85.151,85.151,83.238,85.151,303,0
OVO,D,20120803,000000,85.151,85.151,85.151,85.151,2,0
OVO,D,20120806,000000,86.06,86.06,86.06,86.06,1,0
OVO,D,20120807,000000,86.06,86.06,86.06,86.06,2,0
OVO,D,20120808,000000,86.06,86.06,86.06,86.06,1,0
OVO,D,20120809,000000,86.06,86.06,85.151,85.151,4,0
OVO,D,20120810,000000,85.151,86.06,85.151,86.06,210,0
OVO,D,20120813,000000,86.06,86.06,85.151,85.151,26,0
OVO,D,20120814,000000,86.06,86.06,84.195,84.195,105,0
OVO,D,20120816,000000,84.242,86.539,84.242,86.491,1147,0
OVO,D,20120817,000000,87.065,89.935,87.065,88.978,627,0
OVO,D,20120820,000000,88.978,89.935,88.978,89.744,248,0
OVO,D,20120821,000000,90.892,90.892,90.414,90.414,28,0
OVO,D,20120822,000000,90.414,90.414,88.165,89.935,136,0
OVO,D,20120823,000000,90.892,90.892,88.5,89.935,21,0
OVO,D,20120824,000000,89.935,90.653,88.548,90.653,112,0
OVO,D,20120827,000000,90.701,90.701,88.069,89.935,171,0
OVO,D,20120828,000000,90.653,90.653,88.022,90.366,88,0
OVO,D,20120829,000000,90.366,90.366,88.5,88.5,6,0
OVO,D,20120830,000000,89.935,89.935,89.935,89.935,1,0
OVO,D,20120831,000000,89.935,89.935,87.065,88.5,718,0
OVO,D,20120903,000000,88.883,88.883,88.883,88.883,1,0
OVO,D,20120904,000000,88.022,88.022,86.108,88.022,274,0
OVO,D,20120905,000000,88.404,88.404,85.438,87.352,169,0
OVO,D,20120906,000000,88.978,88.978,86.108,88.978,566,0
OVO,D,20120907,000000,88.022,88.978,88.022,88.978,8,0
OVO,D,20120910,000000,88.739,88.978,87.065,88.022,703,0
OVO,D,20120911,000000,88.978,88.978,86.108,88.5,96,0
OVO,D,20120912,000000,88.5,89.17,88.5,89.17,331,0
OVO,D,20120913,000000,88.978,92.805,88.978,92.805,1125,0
OVO,D,20120914,000000,92.805,94.241,92.805,92.805,320,0
OVO,D,20120917,000000,94.241,97.589,93.954,97.589,4302,0
OVO,D,20120918,000000,98.546,104.29,98.546,102.37,1463,0
OVO,D,20120919,000000,103.23,103.23,95.676,100.36,108,0
OVO,D,20120920,000000,95.676,96.824,95.293,96.824,660,0
OVO,D,20120921,000000,96.824,96.824,93.762,96.632,323,0
OVO,D,20120924,000000,96.632,96.632,96.632,96.632,53,0
OVO,D,20120925,000000,96.632,98.068,95.197,96.632,360,0
OVO,D,20120926,000000,96.728,96.728,94.815,94.958,78,0
OVO,D,20120927,000000,95.676,96.058,94.528,94.528,1699,0
OVO,D,20120928,000000,96.058,96.058,96.058,96.058,1,0
OVO,D,20121001,000000,96.632,96.632,96.632,96.632,2,0
OVO,D,20121002,000000,96.728,96.728,96.25,96.25,4,0
OVO,D,20121003,000000,96.824,96.824,96.824,96.824,1,0
OVO,D,20121004,000000,96.537,96.537,96.537,96.537,1,0
OVO,D,20121005,000000,96.154,96.537,93.81,96.537,200,0
OVO,D,20121008,000000,96.537,96.537,95.676,96.345,7,0
OVO,D,20121009,000000,96.345,96.345,95.676,95.676,32,0
OVO,D,20121010,000000,95.676,95.676,93.619,95.676,165,0
OVO,D,20121011,000000,95.676,95.676,93.762,95.484,546,0
OVO,D,20121012,000000,95.676,95.676,93.762,93.762,103,0
OVO,D,20121015,000000,95.676,95.676,95.676,95.676,2,0
OVO,D,20121016,000000,95.676,95.676,93.858,95.676,114,0
OVO,D,20121017,000000,94.719,95.676,94.719,95.676,11,0
OVO,D,20121018,000000,95.58,95.58,93.762,95.484,254,0
OVO,D,20121019,000000,95.58,95.58,95.58,95.58,2,0
OVO,D,20121022,000000,91.035,93.762,90.892,92.662,1331,0
OVO,D,20121023,000000,92.662,92.662,92.662,92.662,1,0
OVO,D,20121024,000000,92.662,92.662,90.892,91.849,110,0
OVO,D,20121025,000000,91.849,92.327,91.849,92.327,51,0
OVO,D,20121026,000000,92.231,92.231,92.231,92.231,2,0
OVO,D,20121029,000000,91.37,92.231,91.37,92.231,27,0
OVO,D,20121030,000000,92.614,92.614,92.614,92.614,1,0
OVO,D,20121031,000000,92.518,92.518,89.935,91.849,2655,0
OVO,D,20121102,000000,91.849,91.849,91.849,91.849,2,0
OVO,D,20121105,000000,91.849,91.849,91.849,91.849,2,0
OVO,D,20121106,000000,91.849,91.849,91.849,91.849,1,0
OVO,D,20121107,000000,91.609,91.609,91.609,91.609,1,0
OVO,D,20121108,000000,91.609,91.609,91.609,91.609,1,0
OVO,D,20121109,000000,91.849,91.849,89.122,91.322,25,0
OVO,D,20121112,000000,91.657,91.657,91.562,91.609,192,0
OVO,D,20121113,000000,90.796,91.37,90.748,91.275,136,0
OVO,D,20121114,000000,91.275,91.275,89.935,89.935,17,0
OVO,D,20121115,000000,91.275,91.275,82.568,83.238,554,0
OVO,D,20121116,000000,83.238,83.238,74.149,74.149,605,0
OVO,D,20121119,000000,74.053,74.627,72.714,74.627,1175,0
OVO,D,20121120,000000,74.579,74.627,74.579,74.627,123,0
OVO,D,20121121,000000,74.053,74.627,74.053,74.627,162,0
OVO,D,20121122,000000,74.627,74.627,74.627,74.627,1,0
OVO,D,20121123,000000,76.445,76.445,74.627,74.627,22,0
OVO,D,20121126,000000,75.584,75.584,74.627,75.584,17545,0
OVO,D,20121127,000000,77.497,81.324,77.497,80.607,553,0
OVO,D,20121128,000000,80.607,84.242,80.607,80.702,133,0
OVO,D,20121129,000000,81.324,82.472,81.324,81.324,120,0
OVO,D,20121130,000000,81.324,82.233,79.554,79.554,504,0
OVO,D,20121203,000000,82.233,82.281,81.324,81.324,500,0
OVO,D,20121204,000000,82.281,82.281,82.281,82.281,85,0
OVO,D,20121205,000000,82.759,84.29,82.759,84.29,16,0
OVO,D,20121206,000000,87.065,90.318,87.065,89.935,657,0
OVO,D,20121207,000000,90.844,90.892,89.792,89.792,209,0
OVO,D,20121210,000000,89.935,89.935,86.108,86.108,92527,0
OVO,D,20121211,000000,87.543,87.543,87.543,87.543,10,0
OVO,D,20121212,000000,88.978,88.978,88.978,88.978,1,0
OVO,D,20121213,000000,88.978,88.978,87.543,87.543,111,0
OVO,D,20121214,000000,87.543,87.543,87.543,87.543,17,0
OVO,D,20121217,000000,87.065,87.065,87.065,87.065,11,0
OVO,D,20121218,000000,87.065,87.543,87.065,87.065,33,0
OVO,D,20121219,000000,87.065,87.065,85.151,87.065,331,0
OVO,D,20121220,000000,87.065,87.065,82.951,85.63,176,0
OVO,D,20121221,000000,86.108,86.108,85.63,85.63,141,0
OVO,D,20121227,000000,85.63,85.63,85.151,85.151,146,0
OVO,D,20121228,000000,82.951,85.151,82.951,85.151,76,0
OVO,D,20130102,000000,86.108,86.108,85.151,86.108,93,0
OVO,D,20130103,000000,86.108,86.108,86.108,86.108,5,0
OVO,D,20130104,000000,86.108,86.108,83.238,84.195,157,0
OVO,D,20130107,000000,84.673,84.673,83.429,83.429,133,0
OVO,D,20130108,000000,83.046,83.046,82.281,82.281,246,0
OVO,D,20130109,000000,82.281,82.281,82.281,82.281,1,0
OVO,D,20130110,000000,83.238,84.29,83.238,84.195,79,0
OVO,D,20130111,000000,84.673,84.673,81.803,84.195,42,0
OVO,D,20130114,000000,84.195,84.195,81.898,84.195,131,0
OVO,D,20130115,000000,84.195,84.195,81.946,84.147,181,0
OVO,D,20130116,000000,84.099,84.099,82.329,84.099,44,0
OVO,D,20130117,000000,84.099,84.099,82.042,84.003,129,0
OVO,D,20130118,000000,84.099,86.108,84.003,86.108,1502,0
OVO,D,20130121,000000,86.299,88.022,86.108,88.022,1783,0
OVO,D,20130122,000000,86.586,90.031,86.586,90.031,505,0
OVO,D,20130123,000000,91.562,93.762,91.562,92.04,656,0
OVO,D,20130124,000000,92.04,98.163,91.275,98.163,2867,0
OVO,D,20130125,000000,99.311,102.37,95.676,98.546,11440,0
OVO,D,20130128,000000,99.98,101.89,97.589,98.546,10798,0
OVO,D,20130129,000000,94.528,95.676,93.762,93.762,589,0
OVO,D,20130130,000000,93.762,93.762,93.762,93.762,1,0
OVO,D,20130131,000000,94.241,94.241,94.241,94.241,1,0
OVO,D,20130201,000000,94.241,95.676,94.241,95.676,19,0
OVO,D,20130204,000000,95.628,95.628,94.719,94.719,22,0
OVO,D,20130205,000000,96.154,96.154,95.676,95.676,11,0
OVO,D,20130206,000000,95.676,96.824,92.805,93.619,656,0
OVO,D,20130207,000000,93.284,95.676,91.944,95.676,231,0
OVO,D,20130208,000000,95.676,95.676,95.676,95.676,1,0
OVO,D,20130211,000000,95.676,95.676,92.423,94.623,110,0
OVO,D,20130212,000000,94.623,94.623,92.375,92.805,51,0
OVO,D,20130213,000000,93.762,94.719,93.762,94.719,59,0
OVO,D,20130214,000000,94.719,95.58,92.327,92.327,67,0
OVO,D,20130215,000000,92.327,92.423,92.327,92.423,32,0
OVO,D,20130218,000000,92.423,92.423,91.849,91.849,31,0
OVO,D,20130219,000000,92.327,92.327,88.978,89.935,227,0
OVO,D,20130220,000000,90.892,90.988,88.978,88.978,300,0
OVO,D,20130221,000000,88.978,88.978,88.978,88.978,1,0
OVO,D,20130222,000000,90.414,90.414,88.022,89.935,148,0
OVO,D,20130225,000000,89.935,89.935,89.935,89.935,1,0
OVO,D,20130226,000000,89.935,89.935,89.935,89.935,1,0
OVO,D,20130227,000000,90.892,92.327,90.892,92.327,290,0
OVO,D,20130228,000000,91.849,92.805,91.849,92.805,24,0
OVO,D,20130301,000000,92.805,92.805,92.805,92.805,43,0
OVO,D,20130304,000000,93.236,93.236,92.71,92.71,36,0
OVO,D,20130305,000000,93.284,93.284,93.284,93.284,1,0
OVO,D,20130306,000000,93.284,93.284,90.94,90.988,6,0
OVO,D,20130307,000000,90.94,93.284,90.94,93.284,42,0
OVO,D,20130308,000000,93.284,93.284,93.284,93.284,404,0
OVO,D,20130311,000000,94.91,100.46,94.815,95.676,710,0
OVO,D,20130312,000000,97.589,99.024,96.632,97.589,1051,0
OVO,D,20130313,000000,99.407,99.407,96.632,96.632,381,0
OVO,D,20130314,000000,97.589,97.589,95.676,95.676,440,0
OVO,D,20130315,000000,95.676,97.589,94.575,96.154,292,0
OVO,D,20130318,000000,96.154,96.154,94.384,94.623,254,0
OVO,D,20130319,000000,95.484,95.484,94.719,95.484,144,0
OVO,D,20130320,000000,95.484,95.484,92.805,92.901,59,0
OVO,D,20130321,000000,92.949,92.949,92.805,92.805,27,0
OVO,D,20130322,000000,94.671,94.671,92.805,92.805,3,0
OVO,D,20130325,000000,91.227,91.227,91.131,91.131,72,0
OVO,D,20130326,000000,92.805,92.805,92.805,92.805,1,0
OVO,D,20130327,000000,92.71,92.71,90.94,90.94,68,0
OVO,D,20130328,000000,90.94,90.94,90.94,90.94,8,0
OVO,D,20130402,000000,93.045,93.045,93.045,93.045,119,0
OVO,D,20130403,000000,93.045,93.045,91.849,92.327,188,0
OVO,D,20130404,000000,92.997,92.997,91.227,91.227,53,0
OVO,D,20130405,000000,92.901,92.901,88.5,89.457,223,0
OVO,D,20130408,000000,90.892,90.892,90.892,90.892,1,0
OVO,D,20130409,000000,90.748,90.748,90.748,90.748,1,0
OVO,D,20130410,000000,90.748,90.844,88.117,90.844,53,0
OVO,D,20130411,000000,90.892,90.892,90.414,90.892,10,0
OVO,D,20130412,000000,90.892,90.892,90.892,90.892,1,0
OVO,D,20130415,000000,90.892,90.892,86.108,87.735,230,0
OVO,D,20130417,000000,87.735,87.735,86.108,86.108,2,0
OVO,D,20130418,000000,86.108,86.108,79.411,81.324,591,0
OVO,D,20130419,000000,81.803,81.803,74.627,76.541,379,0
OVO,D,20130422,000000,77.009,77.009,77.009,77.009,10,0
OVO,D,20130423,000000,77.268,78.454,77.268,78.454,100,0
OVO,D,20130424,000000,78.454,79.411,78.454,79.411,2,0
OVO,D,20130425,000000,79.42,79.42,78.693,78.693,1046,0
OVO,D,20130426,000000,78.703,81.803,78.703,81.803,176,0
OVO,D,20130429,000000,81.324,81.324,81.324,81.324,13,0
OVO,D,20130430,000000,81.803,83.707,81.803,83.707,19,0
OVO,D,20130502,000000,84.195,84.195,84.195,84.195,2,0
OVO,D,20130506,000000,84.195,84.195,84.195,84.195,2,0
OVO,D,20130507,000000,84.195,88.978,84.195,88.978,22,0
OVO,D,20130508,000000,88.978,88.978,87.065,88.022,203,0
OVO,D,20130509,000000,88.022,88.022,84.195,84.195,169,0
OVO,D,20130510,000000,84.195,84.195,84.195,84.195,1,0
OVO,D,20130513,000000,84.195,84.195,84.195,84.195,2,0
OVO,D,20130514,000000,84.195,85.151,82.281,82.281,586,0
OVO,D,20130516,000000,83.228,83.228,82.281,82.281,94,0
OVO,D,20130517,000000,82.281,82.281,81.803,81.803,66,0
OVO,D,20130520,000000,81.803,81.803,81.803,81.803,26,0
OVO,D,20130521,000000,81.803,81.803,81.803,81.803,2,0
OVO,D,20130523,000000,81.803,83.142,81.803,83.142,5,0
OVO,D,20130524,000000,82.759,83.238,82.759,82.759,288,0
OVO,D,20130527,000000,82.281,82.281,80.894,81.229,56,0
OVO,D,20130528,000000,81.229,82.185,81.229,82.185,8,0
OVO,D,20130529,000000,83.238,83.238,81.229,81.229,24,0
OVO,D,20130531,000000,81.324,81.324,81.324,81.324,1,0
OVO,D,20130603,000000,81.468,82.855,81.468,82.855,2,0
OVO,D,20130604,000000,82.769,82.769,82.769,82.769,10,0
OVO,D,20130605,000000,83.238,83.238,83.238,83.238,2,0
OVO,D,20130606,000000,81.324,81.611,81.324,81.564,13,0
OVO,D,20130607,000000,83.19,83.19,81.659,83.19,59,0
OVO,D,20130610,000000,83.238,83.238,82.329,82.329,507,0
OVO,D,20130611,000000,82.329,84.147,81.324,81.324,824,0
OVO,D,20130612,000000,81.324,83.238,80.272,83.238,503,0
OVO,D,20130613,000000,81.037,81.324,80.368,81.324,157,0
OVO,D,20130614,000000,82.281,82.281,81.324,81.324,2,0
OVO,D,20130617,000000,82.281,82.281,81.324,82.281,74,0
OVO,D,20130618,000000,83.238,83.238,81.324,81.324,301,0
OVO,D,20130619,000000,82.281,82.281,82.281,82.281,1,0
OVO,D,20130620,000000,82.281,82.281,76.636,76.636,594,0
OVO,D,20130621,000000,76.684,76.684,76.684,76.684,21,0
OVO,D,20130624,000000,76.541,76.541,73.288,73.288,230,0
OVO,D,20130625,000000,73.288,75.584,73.288,75.584,92,0
OVO,D,20130626,000000,75.584,75.584,71.852,72.953,160,0
OVO,D,20130627,000000,73.67,73.67,70.8,72.953,19,0
OVO,D,20130628,000000,72.905,72.905,72.235,72.905,129,0
OVO,D,20130701,000000,72.714,72.714,72.704,72.714,57,0
OVO,D,20130702,000000,72.714,72.714,72.714,72.714,524,0
OVO,D,20130703,000000,72.714,72.714,70.417,72.714,267,0
OVO,D,20130704,000000,72.714,72.714,72.714,72.714,1,0
OVO,D,20130705,000000,72.905,72.953,70.561,72.953,337,0
OVO,D,20130708,000000,72.953,72.953,72.953,72.953,100,0
OVO,D,20130709,000000,72.714,72.714,72.714,72.714,1,0
OVO,D,20130710,000000,72.714,72.714,72.235,72.714,651,0
OVO,D,20130711,000000,72.235,72.235,69.365,69.795,588,0
OVO,D,20130712,000000,69.843,69.843,69.843,69.843,1,0
OVO,D,20130715,000000,67.958,70.322,67.958,70.322,350,0
OVO,D,20130716,000000,70.322,70.81,68.886,70.322,917,0
OVO,D,20130717,000000,70.322,70.322,68.714,68.714,126,0
OVO,D,20130718,000000,69.365,69.365,68.886,68.886,65,0
OVO,D,20130719,000000,68.886,69.365,67.93,67.93,509,0
OVO,D,20130722,000000,67.93,67.93,67.93,67.93,507,0
OVO,D,20130723,000000,67.93,67.93,64.916,64.916,751,0
OVO,D,20130724,000000,66.925,68.303,66.925,68.303,5167,0
OVO,D,20130725,000000,68.312,75.105,68.312,71.757,1453,0
OVO,D,20130726,000000,73.575,75.105,73.575,74.531,770,0
OVO,D,20130729,000000,72.714,72.714,72.235,72.714,341,0
OVO,D,20130730,000000,71.766,73.67,71.766,73.67,1173,0
OVO,D,20130731,000000,73.67,73.67,73.192,73.192,440,0
OVO,D,20130801,000000,73.192,73.288,73.192,73.288,74,0
OVO,D,20130802,000000,73.288,74.627,73.288,74.627,234,0
OVO,D,20130805,000000,74.627,74.627,74.053,74.053,152,0
OVO,D,20130806,000000,74.531,74.962,74.531,74.962,387,0
OVO,D,20130807,000000,74.943,74.943,74.943,74.943,7,0
OVO,D,20130808,000000,74.943,74.943,72.714,74.531,320,0
OVO,D,20130812,000000,75.584,75.584,74.579,74.627,78,0
OVO,D,20130813,000000,74.627,77.497,74.627,76.541,118316,0
OVO,D,20130814,000000,76.541,81.324,76.541,81.324,564,0
OVO,D,20130816,000000,82.759,82.759,82.759,82.759,32,0
OVO,D,20130819,000000,83.238,83.238,80.368,81.324,373,0
OVO,D,20130820,000000,83.238,83.238,80.368,81.324,31491,0
OVO,D,20130821,000000,81.516,82.855,81.516,82.281,3669,0
OVO,D,20130822,000000,82.281,82.281,82.281,82.281,227,0
OVO,D,20130823,000000,83.238,83.238,81.803,82.922,2468,0
OVO,D,20130826,000000,84.721,84.721,83.238,83.238,11,0
OVO,D,20130827,000000,83.429,83.429,81.324,81.324,3562,0
OVO,D,20130828,000000,81.324,81.324,81.324,81.324,52,0
OVO,D,20130829,000000,82.759,82.759,81.688,81.688,210,0
OVO,D,20130830,000000,81.803,81.803,78.932,80.368,101,0
OVO,D,20130902,000000,81.276,81.276,78.454,78.741,201,0
OVO,D,20130903,000000,78.789,81.133,78.789,81.133,20,0
OVO,D,20130904,000000,80.368,80.368,76.895,76.895,471,0
OVO,D,20130905,000000,76.904,76.904,74.818,74.818,246,0
OVO,D,20130906,000000,74.627,77.507,74.627,77.497,31524,0
OVO,D,20130909,000000,77.497,77.497,77.497,77.497,1,0
OVO,D,20130910,000000,77.497,79.411,77.497,79.411,524,0
OVO,D,20130911,000000,80.272,80.272,80.272,80.272,1,0
OVO,D,20130912,000000,80.176,84.003,78.932,84.003,76319,0
OVO,D,20130913,000000,84.195,84.195,83.716,84.195,1689,0
OVO,D,20130916,000000,84.195,89.457,84.195,86.108,1182,0
OVO,D,20130917,000000,89.447,89.447,86.108,88.978,938,0
OVO,D,20130918,000000,88.978,92.786,88.978,92.738,51920,0
OVO,D,20130919,000000,92.71,94.671,90.892,90.892,6916,0
OVO,D,20130920,000000,91.37,91.37,88.835,88.835,372,0
OVO,D,20130923,000000,88.835,89.457,88.012,88.978,72646,0
OVO,D,20130924,000000,88.978,94.69,88.978,93.762,4451,0
OVO,D,20130925,000000,94.719,97.398,94.623,97.398,928,0
OVO,D,20130926,000000,97.302,97.302,95.676,97.111,311,0
OVO,D,20130927,000000,97.302,97.302,97.302,97.302,1,0
OVO,D,20130930,000000,97.206,97.206,91.858,91.877,455,0
OVO,D,20131001,000000,97.206,97.206,93.762,94.719,31283,0
OVO,D,20131002,000000,95.676,98.546,95.676,98.546,1535,0
OVO,D,20131003,000000,96.824,97.302,96.632,97.111,2202,0
OVO,D,20131004,000000,97.589,97.589,94.049,94.049,1321,0
OVO,D,20131007,000000,95.676,95.676,94.049,94.719,160,0
OVO,D,20131008,000000,94.728,94.728,94.241,94.241,301,0
OVO,D,20131009,000000,94.241,94.241,91.849,91.849,399,0
OVO,D,20131010,000000,91.849,95.819,91.849,95.676,1724,0
OVO,D,20131011,000000,97.589,97.589,94.441,94.441,339,0
OVO,D,20131014,000000,96.632,97.589,94.728,96.919,460,0
OVO,D,20131015,000000,98.498,98.498,95.724,96.345,124,0
OVO,D,20131016,000000,97.111,97.111,94.001,94.001,333,0
OVO,D,20131017,000000,94.001,95.628,94.001,95.398,316,0
OVO,D,20131018,000000,95.676,95.676,95.58,95.676,386,0
OVO,D,20131021,000000,95.676,95.676,94.48,94.48,498,0
OVO,D,20131022,000000,94.728,95.102,94.575,94.719,111,0
OVO,D,20131023,000000,95.676,95.676,93.906,93.906,90,0
OVO,D,20131024,000000,94.049,94.241,94.049,94.241,561,0
OVO,D,20131025,000000,94.049,94.728,94.049,94.049,1384,0
OVO,D,20131028,000000,94.049,96.632,93.762,96.632,1641,0
OVO,D,20131029,000000,96.632,96.632,94.719,94.719,252,0
OVO,D,20131030,000000,94.728,95.676,93.666,95.676,759,0
OVO,D,20131031,000000,95.676,96.154,95.58,96.058,159,0
OVO,D,20131104,000000,98.546,98.546,95.676,97.589,886,0
OVO,D,20131105,000000,97.589,98.546,96.011,96.632,628,0
OVO,D,20131106,000000,97.589,97.589,95.771,96.632,404,0
OVO,D,20131107,000000,97.589,97.589,94.767,95.676,1066,0
OVO,D,20131108,000000,95.676,95.676,93.772,95.676,55,0
OVO,D,20131112,000000,95.676,95.676,94.241,95.676,115,0
OVO,D,20131113,000000,95.676,95.771,94.107,94.145,23,0
OVO,D,20131114,000000,94.719,94.719,93.284,93.571,38,0
OVO,D,20131115,000000,94.719,94.719,90.921,91.849,447,0
OVO,D,20131118,000000,92.805,92.805,89.935,89.935,245,0
OVO,D,20131119,000000,89.371,90.126,88.022,90.126,1659,0
OVO,D,20131120,000000,90.414,90.414,88.51,90.414,132,0
OVO,D,20131121,000000,90.414,90.414,90.222,90.222,17,0
OVO,D,20131122,000000,90.414,90.414,90.414,90.414,2,0
OVO,D,20131125,000000,90.414,91.37,90.414,91.37,1694,0
OVO,D,20131126,000000,91.37,91.37,90.414,90.892,49,0
OVO,D,20131127,000000,91.37,91.37,88.988,90.882,202,0
OVO,D,20131128,000000,90.892,91.37,90.643,90.643,281,0
OVO,D,20131129,000000,91.849,91.849,91.849,91.849,419,0
OVO,D,20131202,000000,91.82,91.82,88.51,88.596,460,0
OVO,D,20131203,000000,87.543,87.543,83.238,85.151,755,0
OVO,D,20131204,000000,87.055,87.055,83.228,83.228,216,0
OVO,D,20131205,000000,83.228,83.238,81.343,83.238,143,0
OVO,D,20131206,000000,84.003,84.003,81.353,83.238,4,0
OVO,D,20131209,000000,84.195,84.195,75.775,75.775,1486,0
OVO,D,20131210,000000,75.584,81.334,75.105,79.2,871,0
OVO,D,20131211,000000,79.21,81.305,79.21,81.305,111,0
OVO,D,20131212,000000,80.368,80.368,78.932,80.368,64,0
OVO,D,20131213,000000,80.846,80.846,77.086,77.497,429,0
OVO,D,20131216,000000,77.507,77.507,77.507,77.507,106,0
OVO,D,20131217,000000,77.516,79.411,77.497,79.411,737,0
OVO,D,20131218,000000,79.411,81.324,79.411,81.324,11124,0
OVO,D,20131219,000000,82.281,85.142,82.281,85.142,336,0
OVO,D,20131220,000000,85.142,85.63,82.951,85.151,426,0
OVO,D,20131223,000000,86.108,88.978,86.108,88.978,990,0
OVO,D,20131227,000000,90.318,93.762,88.022,93.762,10818,0
OVO,D,20131230,000000,93.762,95.676,93.762,95.676,41973,0
OVO,D,20140102,000000,95.676,95.676,92.805,92.805,5986,0
OVO,D,20140103,000000,91.849,92.805,91.849,91.858,2350,0
OVO,D,20140107,000000,90.901,90.901,90.318,90.854,5621,0
OVO,D,20140108,000000,90.854,90.854,88.978,90.834,39,0
OVO,D,20140109,000000,90.701,90.701,89.935,90.681,61,0
OVO,D,20140110,000000,89.935,90.892,88.022,90.892,18,0
OVO,D,20140113,000000,90.892,90.892,88.022,88.022,71,0
OVO,D,20140114,000000,88.022,88.022,87.065,88.022,1095,0
OVO,D,20140115,000000,88.022,88.031,88.012,88.022,1623,0
OVO,D,20140116,000000,88.969,88.969,88.022,88.022,11,0
OVO,D,20140117,000000,88.031,88.031,88.031,88.031,1,0
OVO,D,20140120,000000,87.065,88.883,87.065,88.883,44,0
OVO,D,20140121,000000,88.883,88.883,88.883,88.883,1,0
OVO,D,20140122,000000,88.883,88.883,84.864,84.864,1207,0
OVO,D,20140123,000000,84.874,87.007,80.176,80.176,325,0
OVO,D,20140124,000000,80.176,80.176,80.176,80.176,5,0
OVO,D,20140127,000000,80.176,80.205,80.081,80.081,56,0
OVO,D,20140128,000000,80.09,80.09,77.689,78.339,350,0
OVO,D,20140129,000000,77.019,79.411,76.885,76.885,1459,0
OVO,D,20140130,000000,76.895,76.895,76.541,76.541,24,0
OVO,D,20140131,000000,76.55,77.736,76.541,77.736,39,0
OVO,D,20140203,000000,78.454,78.693,77.976,77.976,876,0
OVO,D,20140204,000000,77.976,78.167,77.976,78.167,2,0
OVO,D,20140205,000000,78.693,78.98,76.541,76.541,1806,0
OVO,D,20140206,000000,76.541,76.541,71.862,75.058,1358,0
OVO,D,20140207,000000,73.24,73.67,72.139,72.139,721,0
OVO,D,20140210,000000,73.163,73.163,72.675,72.675,188,0
OVO,D,20140211,000000,72.714,73.862,70.991,71.269,1378,0
OVO,D,20140212,000000,71.747,71.757,71.269,71.278,198,0
OVO,D,20140213,000000,71.278,71.757,71.278,71.757,83,0
OVO,D,20140214,000000,71.757,71.757,69.843,69.843,154,0
OVO,D,20140217,000000,71.747,71.757,70.082,71.757,882,0
OVO,D,20140218,000000,71.757,71.757,71.183,71.183,3505,0
OVO,D,20140219,000000,70.178,70.178,67.93,68.379,689,0
OVO,D,20140220,000000,69.805,69.805,57.453,62.189,2211,0
OVO,D,20140221,000000,62.199,68.408,62.199,65.155,7903,0
OVO,D,20140224,000000,69.795,72.426,67.834,70.848,6162,0
OVO,D,20140225,000000,76.435,79.411,70.848,71.757,6464,0
OVO,D,20140226,000000,72.714,72.714,65.442,66.026,1784,0
OVO,D,20140227,000000,64.964,69.824,64.409,68.121,790,0
OVO,D,20140228,000000,68.217,68.217,65.059,67.93,707,0
OVO,D,20140303,000000,61.806,62.189,55.97,56.831,12426,0
OVO,D,20140304,000000,58.362,63.146,58.362,63.146,1143,0
OVO,D,20140305,000000,63.864,63.911,60.276,62.907,795,0
OVO,D,20140306,000000,63.624,65.059,63.624,65.059,334,0
OVO,D,20140307,000000,65.538,68.886,63.634,65.059,1886,0
OVO,D,20140310,000000,62.199,66.016,62.199,66.016,13835,0
OVO,D,20140311,000000,66.973,67.212,64.103,67.212,566,0
OVO,D,20140312,000000,67.222,67.222,60.515,64.763,1821,0
OVO,D,20140313,000000,64.772,66.016,61.328,66.016,599,0
OVO,D,20140314,000000,66.016,66.016,62.189,66.016,65,0
OVO,D,20140317,000000,66.016,66.016,66.016,66.016,121,0
OVO,D,20140318,000000,66.973,66.973,64.103,64.103,445,0
OVO,D,20140319,000000,64.103,66.495,62.581,62.581,1614,0
OVO,D,20140320,000000,62.591,64.103,62.591,64.103,893,0
OVO,D,20140321,000000,61.232,64.093,61.232,64.093,28,0
OVO,D,20140324,000000,61.28,62.859,60.276,62.859,379,0
OVO,D,20140325,000000,64.294,65.059,64.294,65.059,340,0
OVO,D,20140326,000000,65.05,65.05,65.04,65.04,48,0
OVO,D,20140328,000000,64.772,66.973,63.864,65.921,11339,0
OVO,D,20140331,000000,65.921,66.973,62.199,66.973,1523,0
OVO,D,20140401,000000,67.834,71.738,67.451,71.738,1297,0
OVO,D,20140402,000000,71.757,73.469,71.757,73.422,1121,0
OVO,D,20140403,000000,73.355,73.355,68.599,68.695,82,0
OVO,D,20140404,000000,70.8,72.714,70.8,70.8,627,0
OVO,D,20140407,000000,70.8,70.8,66.064,68.886,420,0
OVO,D,20140408,000000,67.834,67.834,67.834,67.834,5,0
OVO,D,20140410,000000,69.843,69.843,66.973,66.973,338,0
OVO,D,20140411,000000,66.016,68.886,66.016,66.016,75,0
OVO,D,20140414,000000,65.059,66.016,65.059,66.016,71,0
OVO,D,20140415,000000,66.016,66.016,66.016,66.016,57,0
OVO,D,20140422,000000,65.538,66.973,65.538,66.973,167,0
OVO,D,20140423,000000,66.963,66.963,66.963,66.963,3,0
OVO,D,20140424,000000,64.103,66.016,64.103,66.016,169,0
OVO,D,20140425,000000,64.103,66.016,64.103,66.016,152,0
OVO,D,20140429,000000,63.146,66.016,63.146,66.016,76,0
OVO,D,20140430,000000,66.963,66.963,66.495,66.963,337,0
OVO,D,20140502,000000,66.973,66.973,66.963,66.963,42,0
OVO,D,20140505,000000,63.146,63.146,63.146,63.146,303,0
OVO,D,20140506,000000,63.136,64.103,63.136,64.103,434,0
OVO,D,20140507,000000,61.328,66.925,61.232,66.925,436,0
OVO,D,20140508,000000,66.007,66.016,66.007,66.016,2,0
OVO,D,20140509,000000,62.189,62.189,62.189,62.189,236,0
OVO,D,20140512,000000,61.232,62.189,61.232,61.232,257,0
OVO,D,20140513,000000,63.146,63.146,63.146,63.146,1,0
OVO,D,20140514,000000,60.276,64.103,60.276,63.146,125,0
OVO,D,20140515,000000,62.189,64.103,62.189,64.103,2,0
OVO,D,20140516,000000,64.103,65.059,62.381,62.381,502,0
OVO,D,20140519,000000,62.859,65.538,62.859,65.538,334,0
OVO,D,20140520,000000,65.538,65.538,65.538,65.538,2,0
OVO,D,20140521,000000,63.146,65.059,63.146,65.059,71,0
OVO,D,20140522,000000,63.146,63.146,63.146,63.146,251,0
OVO,D,20140523,000000,65.059,65.059,62.189,65.059,11519,0
OVO,D,20140526,000000,65.968,66.007,64.868,65.059,1158,0
OVO,D,20140527,000000,65.49,65.49,60.572,65.059,62,0
OVO,D,20140528,000000,65.012,65.012,61.232,63.146,298,0
OVO,D,20140529,000000,63.146,64.055,62.189,64.055,331,0
OVO,D,20140530,000000,64.581,65.059,64.581,65.059,1138,0
OVO,D,20140602,000000,61.73,65.05,61.73,65.05,79,0
OVO,D,20140603,000000,62.668,65.012,62.668,65.012,75,0
OVO,D,20140604,000000,63.337,63.337,63.337,63.337,105,0
OVO,D,20140605,000000,62.668,65.968,62.668,65.921,887,0
OVO,D,20140606,000000,65.997,70.781,64.103,69.843,1970,0
OVO,D,20140609,000000,68.025,69.843,68.025,69.843,391,0
OVO,D,20140610,000000,70.79,70.8,69.834,69.843,5312,0
OVO,D,20140611,000000,70.79,71.518,69.843,69.843,1268,0
OVO,D,20140612,000000,69.843,69.843,68.284,68.284,39,0
OVO,D,20140613,000000,68.284,68.284,67.451,67.93,283,0
OVO,D,20140616,000000,66.973,66.973,65.059,65.059,375,0
OVO,D,20140617,000000,66.973,69.843,66.973,68.886,4877,0
OVO,D,20140618,000000,68.886,68.886,68.886,68.886,1045,0
OVO,D,20140620,000000,68.791,68.791,68.791,68.791,418,0
OVO,D,20140623,000000,65.059,70.79,65.059,70.79,453,0
OVO,D,20140624,000000,69.834,69.834,69.834,69.834,10,0
OVO,D,20140625,000000,66.973,69.843,66.973,69.843,1955,0
OVO,D,20140626,000000,69.365,69.834,67.93,69.824,193,0
OVO,D,20140630,000000,67.069,69.843,67.069,69.843,172,0
OVO,D,20140701,000000,66.992,69.795,66.973,67.93,1084,0
OVO,D,20140702,000000,67.93,69.365,66.925,69.355,5001,0
OVO,D,20140703,000000,67.174,68.867,66.782,66.973,4417,0
OVO,D,20140704,000000,68.867,68.867,66.973,68.839,643,0
OVO,D,20140707,000000,66.973,68.886,66.303,68.886,13293,0
OVO,D,20140708,000000,67.183,67.183,65.538,65.538,910,0
OVO,D,20140709,000000,65.26,66.944,65.26,66.916,162,0
OVO,D,20140710,000000,67.911,67.911,64.103,64.103,317,0
OVO,D,20140711,000000,65.05,68.217,61.232,66.954,1495,0
OVO,D,20140714,000000,64.198,65.251,63.146,65.251,1820,0
OVO,D,20140715,000000,66.016,66.016,63.242,66.016,2371,0
OVO,D,20140716,000000,66.016,66.026,66.016,66.016,381,0
OVO,D,20140717,000000,65.059,67.891,65.059,66.973,11058,0
OVO,D,20140718,000000,63.634,66.016,63.624,66.016,319,0
OVO,D,20140721,000000,65.921,66.954,64.218,66.925,432,0
OVO,D,20140722,000000,66.925,66.925,66.016,66.916,533,0
OVO,D,20140723,000000,66.026,66.035,66.016,66.016,3654,0
OVO,D,20140724,000000,64.198,64.476,64.198,64.246,276,0
OVO,D,20140725,000000,66.475,66.973,66.466,66.973,3900,0
OVO,D,20140728,000000,65.107,65.107,65.107,65.107,1,0
OVO,D,20140729,000000,66.973,66.973,66.973,66.973,7,0
OVO,D,20140730,000000,67.442,67.442,67.442,67.442,94,0
OVO,D,20140801,000000,66.963,66.963,66.963,66.963,52,0
OVO,D,20140804,000000,66.973,66.973,66.973,66.973,15,0
OVO,D,20140805,000000,66.973,66.973,64.218,64.218,889,0
OVO,D,20140806,000000,66.782,66.782,63.146,65.04,383,0
OVO,D,20140807,000000,65.059,65.059,59.797,65.059,1722,0
OVO,D,20140808,000000,64.103,66.963,64.103,66.963,1790,0
OVO,D,20140811,000000,66.973,66.973,66.973,66.973,26,0
OVO,D,20140812,000000,66.495,66.495,66.495,66.495,209,0
OVO,D,20140814,000000,66.495,66.495,66.495,66.495,7,0
OVO,D,20140818,000000,66.973,66.973,66.016,66.963,20949,0
OVO,D,20140819,000000,66.877,66.877,66.877,66.877,209,0
OVO,D,20140821,000000,66.782,66.782,66.782,66.782,523,0
OVO,D,20140822,000000,66.877,66.973,66.877,66.963,9572,0
OVO,D,20140825,000000,66.973,66.973,66.418,66.418,172,0
OVO,D,20140826,000000,67.93,67.93,67.93,67.93,2,0
OVO,D,20140827,000000,67.93,67.93,67.93,67.93,42,0
OVO,D,20140828,000000,68.877,68.877,64.581,65.155,2576,0
OVO,D,20140829,000000,64.667,66.954,64.667,66.772,295,0
OVO,D,20140901,000000,64.667,64.667,64.667,64.667,82,0
OVO,D,20140902,000000,66.447,66.447,64.667,64.667,368,0
OVO,D,20140903,000000,66.399,71.661,65.538,66.963,1358,0
OVO,D,20140904,000000,66.963,69.843,66.963,67.451,545,0
OVO,D,20140908,000000,66.973,69.365,66.973,67.834,10204,0
OVO,D,20140909,000000,67.451,67.451,66.016,67.451,28,0
OVO,D,20140910,000000,66.973,66.973,66.973,66.973,105,0
OVO,D,20140911,000000,66.973,66.973,66.973,66.973,239,0
OVO,D,20140915,000000,66.973,66.973,66.973,66.973,157,0
OVO,D,20140918,000000,66.208,66.208,66.208,66.208,74,0
OVO,D,20140919,000000,65.538,66.973,65.538,66.973,19,0
OVO,D,20140922,000000,67.92,67.92,65.538,66.973,143,0
OVO,D,20140923,000000,65.547,66.973,65.538,66.963,234,0
OVO,D,20140924,000000,66.495,66.495,66.495,66.495,14016,0
OVO,D,20140929,000000,66.963,66.963,66.963,66.963,10,0
OVO,D,20140930,000000,67.442,67.442,64.581,66.963,51,0
OVO,D,20141002,000000,64.61,64.61,64.476,64.476,282,0
OVO,D,20141003,000000,67.432,67.432,65.777,66.016,267,0
OVO,D,20141007,000000,64.581,64.581,64.103,64.103,290,0
OVO,D,20141008,000000,65.49,65.49,65.49,65.49,10,0
OVO,D,20141009,000000,65.49,65.49,65.49,65.49,10,0
OVO,D,20141010,000000,65.538,65.538,63.615,64.246,262,0
OVO,D,20141013,000000,64.103,64.103,64.103,64.103,71,0
OVO,D,20141014,000000,63.806,65.538,63.806,65.538,74,0
OVO,D,20141015,000000,65.059,65.059,65.059,65.059,209,0
OVO,D,20141016,000000,63.806,64.103,63.146,64.103,423,0
OVO,D,20141021,000000,65.538,68.886,65.538,67.93,941,0
OVO,D,20141023,000000,66.59,66.973,63.672,66.007,766,0
OVO,D,20141024,000000,65.528,65.528,65.528,65.528,22,0
OVO,D,20141027,000000,65.911,65.911,65.882,65.882,74,0
OVO,D,20141028,000000,66.963,67.93,66.59,67.93,966,0
OVO,D,20141029,000000,68.886,69.078,68.886,68.886,3136,0
OVO,D,20141030,000000,68.982,70.322,68.982,70.322,5297,0
OVO,D,20141031,000000,70.8,71.652,68.886,71.632,204,0
OVO,D,20141104,000000,68.886,70.8,68.886,70.8,10931,0
OVO,D,20141105,000000,68.886,68.886,66.992,67.078,21040,0
OVO,D,20141106,000000,69.547,69.547,69.547,69.547,1,0
OVO,D,20141107,000000,67.088,68.877,66.973,68.877,158,0
OVO,D,20141110,000000,66.973,69.355,66.973,69.355,43,0
OVO,D,20141117,000000,66.016,68.408,66.016,67.93,1661,0
OVO,D,20141119,000000,67.451,67.451,67.451,67.451,209,0
OVO,D,20141120,000000,67.92,67.92,67.92,67.92,15,0
OVO,D,20141121,000000,65.921,68.886,65.921,68.886,2258,0
OVO,D,20141124,000000,68.886,68.886,66.973,66.973,106,0
OVO,D,20141125,000000,66.016,68.886,66.016,68.886,2111,0
OVO,D,20141126,000000,68.867,68.877,68.867,68.877,73,0
OVO,D,20141128,000000,68.886,68.886,66.973,66.973,219,0
OVO,D,20141203,000000,66.016,68.886,66.016,68.886,1040,0
OVO,D,20141204,000000,69.843,69.843,69.843,69.843,131,0
OVO,D,20141205,000000,68.886,68.886,68.877,68.886,3117,0
OVO,D,20141208,000000,67.203,68.886,67.203,68.886,7316,0
OVO,D,20141209,000000,68.886,68.886,68.886,68.886,2090,0
OVO,D,20141210,000000,68.877,68.886,68.877,68.886,2090,0
OVO,D,20141212,000000,68.877,68.886,68.877,68.886,228,0
OVO,D,20141215,000000,66.016,68.886,66.016,67.069,452,0
OVO,D,20141216,000000,66.016,68.695,63.72,68.695,2541,0
OVO,D,20141217,000000,68.695,68.886,67.93,68.886,776,0
OVO,D,20141218,000000,67.451,68.886,67.451,68.886,627,0
OVO,D,20141219,000000,68.886,68.886,67.069,68.886,304,0
OVO,D,20141222,000000,68.886,68.886,68.82,68.82,573,0
OVO,D,20141223,000000,68.408,68.791,67.633,68.791,523,0
OVO,D,20141229,000000,67.93,67.93,66.973,67.691,7695,0
OVO,D,20141230,000000,67.93,68.886,67.93,68.886,10452,0
OVO,D,20150102,000000,66.973,68.886,66.973,68.886,42,0
OVO,D,20150105,000000,68.121,68.886,68.121,68.886,120,0
OVO,D,20150107,000000,70.8,70.8,70.8,70.8,68,0
OVO,D,20150108,000000,70.8,70.8,70.609,70.609,44,0
OVO,D,20150109,000000,69.365,69.843,69.365,69.843,239,0
OVO,D,20150112,000000,67.461,68.886,67.461,68.886,2,0
OVO,D,20150113,000000,68.886,68.886,67.93,67.93,8524,0
OVO,D,20150114,000000,68.886,68.886,68.886,68.886,105,0
OVO,D,20150115,000000,68.886,68.886,67.93,68.886,176,0
OVO,D,20150116,000000,68.886,68.886,67.93,67.93,145,0
OVO,D,20150119,000000,68.934,68.934,68.886,68.886,217,0
OVO,D,20150120,000000,69.843,70.8,68.886,69.365,394,0
OVO,D,20150121,000000,70.322,70.322,70.322,70.322,314,0
OVO,D,20150122,000000,69.843,69.843,69.843,69.843,16,0
OVO,D,20150123,000000,70.322,70.322,70.322,70.322,31,0
OVO,D,20150126,000000,69.843,69.843,69.843,69.843,329,0
OVO,D,20150127,000000,70.8,70.8,70.8,70.8,209,0
OVO,D,20150128,000000,70.8,70.8,69.843,69.843,115,0
OVO,D,20150129,000000,69.843,69.843,69.843,69.843,157,0
OVO,D,20150130,000000,69.843,69.843,67.93,69.843,201,0
OVO,D,20150202,000000,71.278,73.201,70.8,70.8,737,0
OVO,D,20150203,000000,70.322,70.322,67.93,67.93,65505,0
OVO,D,20150204,000000,70.685,70.685,70.322,70.322,106,0
OVO,D,20150205,000000,67.93,67.93,67.451,67.451,2566,0
OVO,D,20150206,000000,68.446,68.446,68.446,68.446,61,0
OVO,D,20150209,000000,68.446,68.446,66.973,67.069,1337,0
OVO,D,20150210,000000,67.404,67.404,67.404,67.404,209,0
OVO,D,20150211,000000,67.346,67.346,67.26,67.26,287,0
OVO,D,20150212,000000,66.016,68.36,66.016,67.93,360,0
OVO,D,20150213,000000,67.93,67.93,66.208,67.93,34,0
OVO,D,20150216,000000,67.729,67.729,67.729,67.729,33,0
OVO,D,20150217,000000,67.451,67.451,65.538,66.782,367,0
OVO,D,20150218,000000,66.495,67.729,66.495,67.729,210,0
OVO,D,20150219,000000,67.729,68.399,65.48,67.911,76,0
OVO,D,20150220,000000,68.312,68.312,67.509,67.509,227,0
OVO,D,20150223,000000,67.93,67.93,67.901,67.901,67,0
OVO,D,20150224,000000,65.28,67.796,65.28,67.796,85,0
OVO,D,20150225,000000,67.691,67.691,67.691,67.691,209,0
OVO,D,20150226,000000,65.586,65.595,65.586,65.586,237,0
OVO,D,20150227,000000,65.28,66.973,65.059,66.973,44,0
OVO,D,20150302,000000,66.016,66.963,64.323,65.059,196,0
OVO,D,20150303,000000,66.877,66.877,66.877,66.877,209,0
OVO,D,20150304,000000,66.877,66.877,66.877,66.877,16,0
OVO,D,20150305,000000,64.323,66.973,64.103,66.973,1180,0
OVO,D,20150306,000000,67.882,67.882,67.882,67.882,209,0
OVO,D,20150309,000000,65.251,66.208,65.107,65.729,188,0
OVO,D,20150310,000000,65.059,65.059,65.059,65.059,31,0
OVO,D,20150311,000000,66.016,66.954,66.016,66.954,210,0
OVO,D,20150312,000000,66.016,66.016,66.016,66.016,105,0
OVO,D,20150313,000000,66.016,66.954,66.016,66.954,119,0
OVO,D,20150316,000000,66.954,66.954,66.954,66.954,2,0
OVO,D,20150317,000000,66.542,66.542,66.542,66.542,157,0
OVO,D,20150318,000000,66.016,66.495,66.016,66.495,17,0
OVO,D,20150320,000000,64.581,66.495,64.581,66.495,41,0
OVO,D,20150325,000000,64.103,66.38,64.103,66.38,6,0
OVO,D,20150326,000000,66.38,66.399,66.38,66.399,223,0
OVO,D,20150327,000000,66.495,66.495,66.495,66.495,105,0
OVO,D,20150330,000000,66.973,67.93,66.973,67.93,24,0
OVO,D,20150401,000000,67.92,67.92,67.92,67.92,20,0
OVO,D,20150402,000000,66.016,66.016,64.198,66.016,116,0
OVO,D,20150407,000000,66.963,66.963,66.963,66.963,1,0
OVO,D,20150408,000000,66.303,66.963,66.303,66.963,57,0
OVO,D,20150409,000000,67.451,67.451,66.016,66.016,62713,0
OVO,D,20150410,000000,66.973,66.973,66.973,66.973,102,0
OVO,D,20150413,000000,66.973,66.973,66.973,66.973,21,0
OVO,D,20150414,000000,66.973,67.451,66.973,66.973,172,0
OVO,D,20150415,000000,66.973,66.973,66.973,66.973,157,0
OVO,D,20150416,000000,66.973,66.973,66.973,66.973,2441,0
OVO,D,20150417,000000,66.973,69.834,66.973,69.834,1576,0
OVO,D,20150420,000000,69.355,69.843,69.355,69.843,4288,0
OVO,D,20150421,000000,68.886,68.886,68.408,68.408,233,0
OVO,D,20150422,000000,69.843,71.948,69.843,71.757,93037,0
OVO,D,20150423,000000,71.757,71.757,71.757,71.757,42,0
OVO,D,20150424,000000,71.757,72.474,70.8,71.757,74019,0
OVO,D,20150427,000000,71.757,72.235,71.757,72.235,69,0
OVO,D,20150428,000000,71.757,71.757,71.757,71.757,1,0
OVO,D,20150429,000000,71.039,72.714,71.039,72.714,238,0
OVO,D,20150430,000000,71.278,71.278,71.278,71.278,75,0
OVO,D,20150505,000000,71.518,71.518,71.278,71.278,225,0
OVO,D,20150506,000000,71.518,71.518,71.278,71.278,589,0
OVO,D,20150507,000000,71.757,72.235,71.757,72.235,54,0
OVO,D,20150508,000000,72.235,72.235,71.757,71.757,20925,0
OVO,D,20150511,000000,71.757,73.67,71.278,73.431,31810,0
OVO,D,20150512,000000,72.714,72.714,72.714,72.714,28,0
OVO,D,20150513,000000,72.474,73.192,72.474,73.192,1534,0
OVO,D,20150514,000000,73.431,73.431,73.431,73.431,14,0
OVO,D,20150515,000000,76.445,79.411,76.445,79.411,76,0
OVO,D,20150518,000000,78.454,78.454,73.89,73.89,59,0
OVO,D,20150519,000000,76.541,76.541,76.541,76.541,31879,0
OVO,D,20150520,000000,75.584,76.541,75.584,75.584,13833,0
OVO,D,20150521,000000,75.584,75.584,75.584,75.584,30,0
OVO,D,20150522,000000,78.932,78.932,78.932,78.932,16,0
OVO,D,20150527,000000,77.019,77.019,77.019,77.019,10452,0
OVO,D,20150529,000000,76.541,76.541,72.264,76.541,31,0
OVO,D,20150602,000000,76.541,76.541,76.541,76.541,45,0
OVO,D,20150603,000000,77.497,77.497,77.497,77.497,2090,0
OVO,D,20150605,000000,76.541,76.541,76.541,76.541,140,0
OVO,D,20150608,000000,78.263,78.263,78.263,78.263,31,0
OVO,D,20150609,000000,77.497,77.497,76.541,76.541,223,0
OVO,D,20150610,000000,76.541,76.541,76.541,76.541,52,0
OVO,D,20150611,000000,76.541,76.541,76.541,76.541,74,0
OVO,D,20150612,000000,76.541,76.541,73.67,76.541,33912,0
OVO,D,20150615,000000,76.541,76.541,75.584,75.584,3080,0
OVO,D,20150616,000000,76.541,76.541,76.541,76.541,18,0
OVO,D,20150617,000000,75.593,75.593,75.584,75.584,97,0
OVO,D,20150618,000000,70.685,76.541,70.685,74.627,341,0
OVO,D,20150619,000000,74.627,74.627,74.627,74.627,91,0
OVO,D,20150624,000000,78.358,78.358,75.584,75.584,1595,0
OVO,D,20150626,000000,75.584,75.584,74.627,75.584,308,0
OVO,D,20150629,000000,74.627,76.445,74.627,75.105,88,0
OVO,D,20150630,000000,75.105,75.105,75.105,75.105,2,0
OVO,D,20150701,000000,75.105,75.105,75.105,75.105,45,0
OVO,D,20150703,000000,75.105,75.105,75.105,75.105,136,0
OVO,D,20150708,000000,74.627,74.627,74.627,74.627,234,0
OVO,D,20150709,000000,74.627,75.584,74.627,75.584,99,0
OVO,D,20150713,000000,75.584,75.584,75.584,75.584,63,0
OVO,D,20150714,000000,76.541,76.541,76.541,76.541,2090,0
OVO,D,20150715,000000,78.358,79.411,78.358,79.411,1359,0
OVO,D,20150716,000000,79.411,79.411,76.541,77.928,1281,0
OVO,D,20150717,000000,79.172,79.172,77.497,77.497,2368,0
OVO,D,20150720,000000,76.541,76.541,76.541,76.541,209,0
OVO,D,20150721,000000,76.541,76.541,76.541,76.541,105,0
OVO,D,20150722,000000,76.541,80.368,76.541,79.411,2055,0
OVO,D,20150727,000000,77.028,77.028,77.028,77.028,21,0
OVO,D,20150728,000000,79.401,79.401,79.401,79.401,21,0
OVO,D,20150729,000000,79.219,79.219,79.219,79.219,19,0
OVO,D,20150731,000000,79.411,79.411,79.411,79.411,209,0
OVO,D,20150803,000000,77.497,77.497,77.115,77.115,47,0
OVO,D,20150804,000000,77.019,77.019,77.019,77.019,52,0
OVO,D,20150813,000000,76.541,76.541,76.541,76.541,26,0
OVO,D,20150814,000000,76.541,76.541,76.541,76.541,46,0
OVO,D,20150817,000000,78.435,78.435,78.435,78.435,22,0
OVO,D,20150818,000000,78.215,78.215,78.215,78.215,314,0
OVO,D,20150819,000000,77.497,77.497,77.497,77.497,132,0
OVO,D,20150820,000000,76.55,76.55,76.541,76.541,37,0
OVO,D,20150821,000000,75.584,76.541,75.584,76.541,33,0
OVO,D,20150824,000000,73.67,73.67,69.987,73.661,327,0
OVO,D,20150826,000000,71.757,71.757,71.757,71.757,126,0
OVO,D,20150827,000000,73.67,74.627,73.67,74.627,2820,0
OVO,D,20150828,000000,76.531,78.454,74.637,78.454,2226,0
OVO,D,20150901,000000,76.694,78.55,76.655,78.55,390,0
OVO,D,20150902,000000,77.019,78.693,76.541,78.693,3842,0
OVO,D,20150903,000000,78.98,78.98,78.98,78.98,82,0
OVO,D,20150904,000000,78.98,78.98,78.98,78.98,32,0
OVO,D,20150907,000000,78.98,78.98,78.454,78.454,1397,0
OVO,D,20150908,000000,78.932,80.846,78.932,80.846,2770,0
OVO,D,20150909,000000,79.411,79.411,79.411,79.411,627,0
OVO,D,20150910,000000,80.846,80.846,80.846,80.846,16,0
OVO,D,20150914,000000,79.411,80.989,78.932,80.989,25547,0
OVO,D,20150915,000000,80.989,82.759,80.989,82.759,783,0
OVO,D,20150916,000000,83.094,84.195,83.094,84.195,39,0
OVO,D,20150917,000000,84.195,84.195,84.195,84.195,34,0
OVO,D,20150921,000000,84.214,84.214,84.214,84.214,14,0
OVO,D,20150922,000000,83.247,83.247,82.281,82.281,308,0
OVO,D,20150924,000000,82.281,85.151,82.281,85.151,53,0
OVO,D,20150925,000000,85.151,85.151,85.142,85.151,1281,0
OVO,D,20150929,000000,82.291,82.291,82.281,82.281,216,0
OVO,D,20150930,000000,85.065,87.821,85.065,85.151,77,0
OVO,D,20151002,000000,81.803,81.803,81.439,81.439,61,0
OVO,D,20151005,000000,84.185,84.185,81.535,83.238,66,0
OVO,D,20151006,000000,83.238,83.238,83.238,83.238,37,0
OVO,D,20151007,000000,84.396,84.396,80.894,83.621,182,0
OVO,D,20151008,000000,84.501,85.142,81.822,81.822,106,0
OVO,D,20151009,000000,81.621,81.688,81.621,81.688,85,0
OVO,D,20151012,000000,85.161,86.099,81.573,81.946,178,0
OVO,D,20151013,000000,84.204,84.204,81.889,81.889,69,0
OVO,D,20151014,000000,85.257,85.257,81.86,81.975,84,0
OVO,D,20151016,000000,84.195,84.3,82.31,82.415,202,0
OVO,D,20151019,000000,85.257,85.257,85.257,85.257,49,0
OVO,D,20151020,000000,85.151,85.151,85.037,85.037,45,0
OVO,D,20151021,000000,82.807,82.893,82.807,82.893,50,0
OVO,D,20151022,000000,85.142,87.065,83.238,83.238,316,0
OVO,D,20151023,000000,84.195,84.195,84.195,84.195,418,0
OVO,D,20151026,000000,85.151,85.639,85.151,85.639,142,0
OVO,D,20151027,000000,85.257,85.257,83.439,83.525,170,0
OVO,D,20151028,000000,85.142,85.142,83.467,83.554,175,0
OVO,D,20151030,000000,84.673,87.074,83.764,83.831,233,0
OVO,D,20151102,000000,86.099,86.099,83.448,83.448,82,0
OVO,D,20151103,000000,83.716,83.716,83.448,83.534,102,0
OVO,D,20151104,000000,86.596,86.596,83.726,83.735,116,0
OVO,D,20151105,000000,83.247,83.247,83.247,83.247,3,0
OVO,D,20151110,000000,83.764,83.783,83.764,83.764,440,0
OVO,D,20151112,000000,83.764,83.764,83.764,83.764,48,0
OVO,D,20151116,000000,82.291,82.291,82.281,82.281,167,0
OVO,D,20151117,000000,83.908,83.908,83.908,83.908,27,0
OVO,D,20151118,000000,84.491,84.491,84.491,84.491,23,0
OVO,D,20151119,000000,82.281,82.281,82.281,82.281,314,0
OVO,D,20151120,000000,82.281,82.281,82.281,82.281,1045,0
OVO,D,20151123,000000,83.104,83.238,83.104,83.238,177,0
OVO,D,20151124,000000,83.238,83.238,83.238,83.238,28,0
OVO,D,20151127,000000,82.769,83.238,82.759,83.238,444,0
OVO,D,20151130,000000,83.238,83.238,83.238,83.238,608,0
OVO,D,20151202,000000,84.673,85.151,84.673,85.151,62824,0
OVO,D,20151210,000000,85.151,85.151,85.151,85.151,73,0
OVO,D,20151218,000000,84.29,84.29,83.448,83.448,101,0
OVO,D,20151221,000000,82.434,83.448,82.434,83.448,131,0
OVO,D,20151222,000000,82.329,82.329,82.329,82.329,89,0
OVO,D,20151223,000000,83.238,83.716,83.238,83.716,230,0
OVO,D,20151228,000000,83.238,83.238,83.238,83.238,114,0
OVO,D,20151229,000000,85.63,85.63,85.63,85.63,110,0
OVO,D,20151230,000000,86.586,86.586,86.586,86.586,32,0
OVO,D,20160104,000000,86.108,86.108,86.108,86.108,314,0
OVO,D,20160105,000000,86.108,88.978,86.108,88.978,22,0
OVO,D,20160107,000000,83.247,83.247,83.247,83.247,1,0
OVO,D,20160108,000000,83.247,83.247,83.247,83.247,15,0
OVO,D,20160112,000000,86.108,86.108,86.108,86.108,314,0
OVO,D,20160118,000000,83.238,83.238,83.238,83.238,17,0
OVO,D,20160119,000000,83.238,83.238,83.238,83.238,146,0
OVO,D,20160120,000000,83.238,83.238,83.238,83.238,26,0
OVO,D,20160121,000000,85.151,85.151,85.151,85.151,246,0
OVO,D,20160125,000000,86.099,86.108,86.099,86.108,41,0
OVO,D,20160126,000000,86.108,86.108,86.108,86.108,105,0
OVO,D,20160127,000000,88.978,88.978,88.978,88.978,314,0
OVO,D,20160128,000000,88.022,88.978,88.022,88.978,303,0
OVO,D,20160201,000000,88.978,88.978,88.978,88.978,115,0
OVO,D,20160203,000000,87.065,88.969,85.151,88.969,2729,0
OVO,D,20160204,000000,88.041,88.041,88.041,88.041,183,0
OVO,D,20160205,000000,87.342,87.342,87.342,87.342,183,0
OVO,D,20160208,000000,88.883,88.883,87.543,87.543,172,0
OVO,D,20160210,000000,88.022,88.022,87.323,87.323,185,0
OVO,D,20160211,000000,89.926,89.926,88.022,88.117,121,0
OVO,D,20160215,000000,88.605,88.605,88.605,88.605,177,0
OVO,D,20160216,000000,87.065,87.065,86.376,86.376,215,0
OVO,D,20160217,000000,86.108,88.022,86.108,88.022,242,0
OVO,D,20160218,000000,88.892,88.892,86.376,86.376,394,0
OVO,D,20160219,000000,87.065,87.065,87.065,87.065,1,0
OVO,D,20160222,000000,87.161,87.84,86.586,86.586,555,0
OVO,D,20160223,000000,88.978,89.935,88.978,89.935,686,0
OVO,D,20160226,000000,88.978,88.978,88.978,88.978,19,0
OVO,D,20160229,000000,88.05,88.05,88.031,88.031,16,0
OVO,D,20160301,000000,88.5,88.5,88.022,88.022,349,0
OVO,D,20160302,000000,88.022,88.022,88.022,88.022,209,0
OVO,D,20160303,000000,88.022,88.022,88.022,88.022,10661,0
OVO,D,20160304,000000,88.022,88.022,88.022,88.022,354,0
OVO,D,20160308,000000,88.022,88.022,88.022,88.022,1620,0
OVO,D,20160309,000000,88.022,89.887,88.022,89.887,194,0
OVO,D,20160310,000000,88.031,89.926,86.108,88.022,1661,0
OVO,D,20160311,000000,87.553,87.553,87.543,87.543,3356,0
OVO,D,20160314,000000,87.543,87.543,87.543,87.543,1150,0
OVO,D,20160315,000000,88.395,88.978,87.074,88.481,151,0
OVO,D,20160316,000000,89.457,89.457,89.457,89.457,10,0
OVO,D,20160317,000000,88.978,89.457,88.978,89.457,277,0
OVO,D,20160318,000000,87.304,87.304,87.304,87.304,59,0
OVO,D,20160321,000000,87.074,88.978,86.108,88.978,3397,0
OVO,D,20160324,000000,87.065,88.978,81.43,88.978,23,0
OVO,D,20160329,000000,84.195,88.969,84.195,87.065,159,0
OVO,D,20160331,000000,88.978,88.978,88.978,88.978,105,0
OVO,D,20160401,000000,89.409,93.427,89.409,90.892,764,0
OVO,D,20160404,000000,90.892,90.892,89.935,89.935,1077,0
OVO,D,20160405,000000,90.892,91.37,90.892,91.37,336,0
OVO,D,20160406,000000,87.639,89.935,87.639,89.935,38,0
OVO,D,20160412,000000,90.892,90.892,89.945,89.945,84,0
OVO,D,20160413,000000,90.892,90.892,90.892,90.892,209,0
OVO,D,20160414,000000,90.892,90.892,90.892,90.892,63,0
OVO,D,20160415,000000,90.796,90.796,90.796,90.796,26,0
OVO,D,20160421,000000,89.935,90.318,89.935,89.935,50,0
OVO,D,20160422,000000,90.04,92.327,90.031,90.031,72,0
OVO,D,20160427,000000,90.414,90.414,90.414,90.414,14,0
OVO,D,20160428,000000,90.892,91.131,90.892,91.131,52,0
OVO,D,20160502,000000,90.892,90.892,90.892,90.892,14,0
OVO,D,20160506,000000,90.892,90.892,90.892,90.892,117,0
OVO,D,20160510,000000,90.892,91.849,90.892,91.849,1045,0
OVO,D,20160511,000000,92.805,93.762,92.805,93.762,523,0
OVO,D,20160512,000000,93.284,93.284,93.284,93.284,1092,0
OVO,D,20160513,000000,93.236,93.236,92.04,92.04,136,0
OVO,D,20160518,000000,93.762,94.241,93.762,94.241,1045,0
OVO,D,20160524,000000,92.327,93.762,91.849,93.762,1212,0
OVO,D,20160525,000000,93.762,93.762,93.762,93.762,209,0
OVO,D,20160530,000000,93.762,93.762,93.762,93.762,23,0
OVO,D,20160531,000000,92.901,92.901,92.901,92.901,52,0
OVO,D,20160601,000000,92.949,92.949,92.04,92.04,75,0
OVO,D,20160609,000000,91.37,92.327,91.37,91.849,272,0
OVO,D,20160615,000000,90.911,90.911,90.911,90.911,5,0
OVO,D,20160620,000000,92.805,92.805,92.805,92.805,314,0
OVO,D,20160624,000000,92.758,92.758,92.758,92.758,6,0
OVO,D,20160707,000000,91.849,91.849,91.849,91.849,202,0
OVO,D,20160711,000000,91.849,91.849,91.849,91.849,9,0
OVO,D,20160712,000000,91.849,91.849,88.978,88.978,3351,0
OVO,D,20160713,000000,88.596,88.596,88.596,88.596,5,0
OVO,D,20160714,000000,90.882,90.882,90.882,90.882,50,0
OVO,D,20160719,000000,88.978,88.978,88.978,88.978,540,0
OVO,D,20160722,000000,87.065,89.935,87.065,89.935,329,0
OVO,D,20160727,000000,89.935,89.935,89.935,89.935,10452,0
OVO,D,20160728,000000,89.926,89.935,87.065,87.065,21071,0
OVO,D,20160801,000000,87.161,87.161,87.065,87.065,110,0
OVO,D,20160803,000000,87.161,87.161,87.065,87.065,21,0
OVO,D,20160804,000000,88.309,88.309,87.065,87.065,44444,0
OVO,D,20160811,000000,88.022,88.969,88.022,88.969,10514,0
OVO,D,20160816,000000,87.065,87.065,87.065,87.065,128,0
OVO,D,20160818,000000,87.065,88.739,87.065,88.739,506,0
OVO,D,20160819,000000,87.065,87.065,87.065,87.065,16,0
OVO,D,20160822,000000,87.065,87.065,87.065,87.065,153,0
OVO,D,20160823,000000,87.065,87.065,87.065,87.065,10452,0
OVO,D,20160824,000000,86.127,86.127,86.108,86.108,167,0
OVO,D,20160825,000000,87.065,88.978,86.108,86.108,326,0
OVO,D,20160826,000000,88.978,88.978,88.978,88.978,314,0
OVO,D,20160830,000000,88.022,88.022,88.022,88.022,42,0
OVO,D,20160831,000000,88.022,88.022,88.022,88.022,523,0
OVO,D,20160913,000000,88.022,88.978,88.022,88.978,334,0
OVO,D,20160915,000000,88.022,88.978,88.022,88.978,240,0
OVO,D,20160921,000000,88.978,88.978,88.978,88.978,8,0
OVO,D,20160926,000000,88.5,88.835,88.5,88.835,199,0
OVO,D,20160929,000000,87.543,87.543,87.543,87.543,20904,0
OVO,D,20160930,000000,88.022,88.739,88.022,88.739,439,0
OVO,D,20161003,000000,88.012,88.022,88.012,88.022,24,0
OVO,D,20161007,000000,88.022,88.022,88.022,88.022,45,0
OVO,D,20161010,000000,88.978,88.978,88.978,88.978,48,0
OVO,D,20161014,000000,86.118,86.118,86.118,86.118,25,0
OVO,D,20161018,000000,87.304,87.304,87.304,87.304,15678,0
OVO,D,20161019,000000,87.543,87.543,87.543,87.543,314,0
OVO,D,20161020,000000,87.065,87.065,87.065,87.065,10452,0
OVO,D,20161027,000000,87.065,87.065,87.065,87.065,314,0
OVO,D,20161031,000000,86.921,86.921,86.921,86.921,366,0
OVO,D,20161102,000000,87.065,87.065,87.065,87.065,105,0
OVO,D,20161103,000000,87.065,87.065,87.065,87.065,9302,0
OVO,D,20161108,000000,86.108,86.108,86.108,86.108,125,0
OVO,D,20161115,000000,85.151,85.151,84.673,84.673,219,0
OVO,D,20161118,000000,84.673,84.673,84.673,84.673,16,0
OVO,D,20161121,000000,84.692,85.821,84.673,85.821,126,0
OVO,D,20161125,000000,86.108,86.108,86.108,86.108,314,0
OVO,D,20161130,000000,84.683,84.683,84.673,84.673,306,0
OVO,D,20161201,000000,83.716,83.716,83.716,83.716,105,0
OVO,D,20161202,000000,83.716,83.716,83.716,83.716,4,0
OVO,D,20161205,000000,85.142,85.142,85.142,85.142,21,0
OVO,D,20161206,000000,83.716,83.716,83.716,83.716,68,0
OVO,D,20161207,000000,83.707,83.707,83.238,83.238,47,0
OVO,D,20161208,000000,81.324,84.195,81.324,84.051,73,0
OVO,D,20161212,000000,82.338,83.238,82.338,83.238,22,0
OVO,D,20161214,000000,81.343,81.343,81.133,81.324,248,0
OVO,D,20161215,000000,81.133,81.324,81.133,81.324,587,0
OVO,D,20161216,000000,80.368,80.368,80.368,80.368,375,0
OVO,D,20161220,000000,83.142,83.142,82.09,82.09,68,0
OVO,D,20161221,000000,83.094,83.094,83.094,83.094,21,0
OVO,D,20161222,000000,80.368,80.368,80.368,80.368,4,0
OVO,D,20161223,000000,80.368,80.368,80.368,80.368,2,0
OVO,D,20161227,000000,81.793,81.793,81.793,81.793,1,0
OVO,D,20161228,000000,83.094,83.094,80.368,81.324,80,0
OVO,D,20161230,000000,84.051,84.051,82.281,82.759,109,0
OVO,D,20170103,000000,82.281,82.281,82.281,82.281,1,0
OVO,D,20170104,000000,81.324,81.324,81.324,81.324,36,0
OVO,D,20170109,000000,81.324,81.324,81.324,81.324,71,0
OVO,D,20170111,000000,81.324,81.324,81.324,81.324,41,0
OVO,D,20170113,000000,81.324,81.324,81.324,81.324,366,0
OVO,D,20170117,000000,80.846,80.846,80.846,80.846,21,0
OVO,D,20170118,000000,80.846,83.238,79.411,83.238,661,0
OVO,D,20170119,000000,83.238,83.238,83.238,83.238,24,0
OVO,D,20170120,000000,81.803,83.046,81.803,83.046,397,0
OVO,D,20170124,000000,83.228,83.228,83.228,83.228,47,0
OVO,D,20170126,000000,83.19,83.19,83.19,83.19,10,0
OVO,D,20170127,000000,83.707,86.108,83.707,85.151,1487,0
OVO,D,20170130,000000,86.079,90.701,85.151,88.978,1051,0
OVO,D,20170131,000000,88.5,88.5,88.309,88.5,3136,0
OVO,D,20170201,000000,89.265,90.222,89.265,90.222,421,0
OVO,D,20170203,000000,87.361,89.447,86.586,86.586,3147,0
OVO,D,20170206,000000,88.978,88.978,86.213,88.002,66,0
OVO,D,20170207,000000,88.002,88.002,86.108,87.543,477,0
OVO,D,20170208,000000,86.108,86.586,86.108,86.586,22,0
OVO,D,20170209,000000,85.63,86.577,85.151,86.539,2436,0
OVO,D,20170210,000000,87.534,87.543,87.534,87.543,1585,0
OVO,D,20170216,000000,88.022,88.022,88.022,88.022,10,0
OVO,D,20170220,000000,85.17,85.17,85.151,85.151,1415,0
OVO,D,20170221,000000,85.151,86.567,84.673,86.108,316,0
OVO,D,20170222,000000,84.673,85.917,84.195,84.195,2227,0
OVO,D,20170223,000000,85.907,85.907,84.195,84.195,804,0
OVO,D,20170224,000000,85.046,87.065,85.046,87.065,259,0
OVO,D,20170227,000000,88.012,89.887,88.012,89.887,332,0
OVO,D,20170228,000000,89.839,89.935,89.839,89.839,31496,0
OVO,D,20170303,000000,88.022,89.696,88.022,89.696,569,0
OVO,D,20170306,000000,88.022,88.022,88.022,88.022,21,0
OVO,D,20170307,000000,88.883,88.883,88.883,88.883,154,0
OVO,D,20170316,000000,88.978,88.978,88.978,88.978,13,0
OVO,D,20170317,000000,88.5,88.5,88.261,88.261,987,0
OVO,D,20170323,000000,87.304,87.304,87.065,87.065,8362,0
OVO,D,20170324,000000,88.5,88.978,88.5,88.978,166,0
OVO,D,20170329,000000,88.031,88.031,87.782,87.782,1500,0
OVO,D,20170330,000000,88.022,90.758,88.022,90.758,55,0
OVO,D,20170331,000000,90.748,90.758,90.748,90.758,209,0
OVO,D,20170413,000000,90.414,90.414,89.935,90.404,1223,0
OVO,D,20170418,000000,90.404,90.404,90.404,90.404,2069,0
OVO,D,20170428,000000,90.366,90.366,90.366,90.366,1045,0
OVO,D,20170505,000000,88.596,88.596,88.5,88.5,84,0
OVO,D,20170511,000000,86.108,86.108,86.108,86.108,28,0
OVO,D,20170512,000000,87.792,88.022,87.792,88.022,1295,0
OVO,D,20170522,000000,89.935,89.935,89.935,89.935,209,0
OVO,D,20170523,000000,90.844,90.892,89.935,89.935,478,0
OVO,D,20170524,000000,90.414,91.839,90.414,91.839,1996,0
OVO,D,20170525,000000,91.849,93.762,91.849,92.805,633,0
OVO,D,20170530,000000,92.796,92.805,92.796,92.805,119,0
OVO,D,20170531,000000,92.805,93.753,92.805,93.753,27,0
OVO,D,20170601,000000,94.719,94.719,94.719,94.719,21,0
OVO,D,20170602,000000,94.719,94.719,94.719,94.719,15,0
OVO,D,20170605,000000,94.241,95.676,94.241,94.719,487,0
OVO,D,20170607,000000,96.632,96.632,96.632,96.632,80,0
OVO,D,20170608,000000,97.589,97.589,97.015,97.015,22,0
OVO,D,20170609,000000,98.45,100.46,98.45,100.46,42297,0
OVO,D,20170612,000000,100.46,100.46,100.46,100.46,10703,0
OVO,D,20170613,000000,101.32,101.89,100.94,101.89,227,0
OVO,D,20170614,000000,102.33,102.37,102.33,102.37,49,0
OVO,D,20170616,000000,103.81,103.81,103.81,103.81,10,0
OVO,D,20170619,000000,103.81,105.24,102.76,105.24,351,0
OVO,D,20170620,000000,105.24,105.24,105.24,105.24,153,0
OVO,D,20170621,000000,109.45,109.45,108.11,108.11,61,0
OVO,D,20170622,000000,108.21,113.85,108.21,113.85,347,0
OVO,D,20170623,000000,113.85,117.2,113.85,117.2,108,0
OVO,D,20170626,000000,117.2,125.34,117.2,122.46,178,0
OVO,D,20170627,000000,122.51,124.86,122.51,122.51,188,0
OVO,D,20170628,000000,124.38,124.38,114.81,116.63,1324,0
OVO,D,20170629,000000,117.68,117.68,110.03,110.98,9351,0
OVO,D,20170630,000000,110.98,110.98,102.66,102.66,12145,0
OVO,D,20170703,000000,102.47,109.45,102.47,109.45,502,0
OVO,D,20170705,000000,109.45,109.45,109.45,109.45,10,0
OVO,D,20170707,000000,108.11,108.11,108.11,108.11,41,0
OVO,D,20170710,000000,108.11,108.11,108.11,108.11,28,0
OVO,D,20170711,000000,109.45,109.45,109.45,109.45,1,0
OVO,D,20170712,000000,104.86,109.5,104.86,109.5,43,0
OVO,D,20170713,000000,116.92,116.92,116.92,116.92,1,0
OVO,D,20170714,000000,107.16,112.42,107.16,112.42,11,0
OVO,D,20170717,000000,107.16,109.07,107.16,109.07,71,0
OVO,D,20170720,000000,106.2,109.07,106.2,109.07,17,0
OVO,D,20170724,000000,106.2,106.2,102.85,104.96,485,0
OVO,D,20170726,000000,102.95,102.95,102.9,102.9,15,0
OVO,D,20170728,000000,107.44,107.44,107.44,107.44,1,0
OVO,D,20170807,000000,103.33,103.33,102.9,102.9,209,0
OVO,D,20170816,000000,103.33,103.33,102.95,102.95,136,0
OVO,D,20170817,000000,106.2,106.2,106.2,106.2,1,0
OVO,D,20170818,000000,102.95,102.95,102.37,102.37,61,0
OVO,D,20170822,000000,102.37,105.24,102.37,105.24,33,0
OVO,D,20170831,000000,102.85,102.85,102.85,102.85,49,0
OVO,D,20170901,000000,106.39,106.39,106.39,106.39,1,0
OVO,D,20170906,000000,101.89,106.97,101.89,106.97,10,0
OVO,D,20170915,000000,106.68,106.68,106.68,106.68,80,0
OVO,D,20170925,000000,102.37,105.15,102.37,105.15,106,0
OVO,D,20170927,000000,105.15,105.15,105.15,105.15,72,0
OVO,D,20171006,000000,101.51,101.51,100.46,100.46,29,0
OVO,D,20171018,000000,101.42,101.42,101.42,101.42,157,0
OVO,D,20171019,000000,99.6,99.6,99.6,99.6,40,0
OVO,D,20171025,000000,100.65,100.65,100.65,100.65,10,0
OVO,D,20171026,000000,104.24,104.53,100.65,104.53,236,0
OVO,D,20171027,000000,104.43,104.43,104.43,104.43,27,0
OVO,D,20171030,000000,104.96,106.2,104.96,105.24,769,0
OVO,D,20171031,000000,107.16,107.16,107.16,107.16,19,0
OVO,D,20171102,000000,109.07,109.07,109.07,109.07,9,0
OVO,D,20171103,000000,110.03,110.03,110.03,110.03,105,0
OVO,D,20171106,000000,112.13,112.42,110.03,111.94,83,0
OVO,D,20171108,000000,108.21,109.07,105.24,109.07,399,0
OVO,D,20171113,000000,107.16,107.16,104.76,104.76,105,0
OVO,D,20171116,000000,104.81,104.81,104.81,104.81,105,0
OVO,D,20171117,000000,104.96,104.96,104.81,104.81,105,0
OVO,D,20171121,000000,106.2,106.2,106.2,106.2,42,0
OVO,D,20171127,000000,105.53,105.53,105.24,105.24,46,0
OVO,D,20171201,000000,104.76,109.07,104.29,109.07,490,0
OVO,D,20171208,000000,102.13,109.07,99.6,100.46,6744,0
OVO,D,20171211,000000,101.42,101.89,100.46,100.46,371,0
OVO,D,20171212,000000,100.46,100.46,100.46,100.46,171,0
OVO,D,20171213,000000,98.594,98.642,97.111,97.111,6886,0
OVO,D,20171214,000000,97.111,98.115,93.858,93.858,5755,0
OVO,D,20171215,000000,92.805,94.719,90.892,90.94,5276,0
OVO,D,20171218,000000,90.892,90.892,90.748,90.892,293,0
OVO,D,20171220,000000,88.5,90.892,88.5,88.5,8541,0
OVO,D,20171221,000000,90.892,90.892,85.151,87.543,10669,0
OVO,D,20171222,000000,87.065,88.969,85.151,85.151,21468,0
OVO,D,20171227,000000,85.151,85.151,84.195,84.195,179,0
OVO,D,20171228,000000,88.012,88.012,84.195,84.96,201,0
OVO,D,20171229,000000,84.195,84.96,84.195,84.195,1602,0
OVO,D,20180104,000000,87.543,88.5,87.543,88.022,117,0
OVO,D,20180105,000000,87.543,88.022,87.543,88.022,73,0
OVO,D,20180108,000000,88.022,88.5,88.022,88.5,34,0
OVO,D,20180115,000000,88.978,89.457,88.5,88.5,3859,0
OVO,D,20180117,000000,89.935,89.935,89.935,89.935,42,0
OVO,D,20180122,000000,92.327,92.327,90.892,92.327,2355,0
OVO,D,20180125,000000,93.762,93.762,93.762,93.762,3,0
OVO,D,20180126,000000,93.762,94.719,93.762,94.719,89,0
OVO,D,20180130,000000,94.719,94.719,94.719,94.719,8,0
OVO,D,20180131,000000,95.676,95.676,94.719,94.719,1939,0
OVO,D,20180202,000000,91.849,91.849,91.849,91.849,533,0
OVO,D,20180205,000000,91.37,91.37,91.37,91.37,418,0
OVO,D,20180213,000000,89.935,89.935,89.935,89.935,314,0
OVO,D,20180215,000000,89.935,89.935,89.935,89.935,523,0
OVO,D,20180222,000000,90.892,92.327,90.892,92.327,47,0
OVO,D,20180223,000000,92.327,92.327,92.327,92.327,68,0
OVO,D,20180226,000000,89.457,89.457,89.457,89.457,6,0
OVO,D,20180227,000000,89.935,89.935,89.935,89.935,840,0
OVO,D,20180307,000000,89.935,89.935,89.935,89.935,31,0
OVO,D,20180308,000000,89.935,89.935,89.935,89.935,329,0
OVO,D,20180314,000000,89.935,89.935,89.935,89.935,10,0
OVO,D,20180315,000000,89.935,89.935,89.935,89.935,408351,0
OVO,D,20180327,000000,89.935,89.935,88.978,88.978,10453,0
OVO,D,20180409,000000,89.935,89.935,89.935,89.935,10,0
OVO,D,20180425,000000,90.892,90.892,90.892,90.892,160,0
OVO,D,20180502,000000,90.892,90.892,90.892,90.892,5,0
OVO,D,20180504,000000,90.892,90.892,90.892,90.892,26,0
OVO,D,20180515,000000,91.849,93.762,91.849,93.762,157,0
OVO,D,20180518,000000,92.327,94.241,92.327,94.241,234,0
OVO,D,20180522,000000,94.719,94.719,94.719,94.719,627,0
OVO,D,20180525,000000,92.805,92.805,92.805,92.805,134,0
OVO,D,20180607,000000,92.327,92.327,92.327,92.327,5,0
OVO,D,20180626,000000,92.327,92.327,91.37,91.37,10,0
OVO,D,20180629,000000,93.762,93.762,93.762,93.762,21,0
OVO,D,20180709,000000,93.284,93.284,93.284,93.284,10,0
OVO,D,20180716,000000,91.849,91.849,91.849,91.849,21,0
OVO,D,20180725,000000,93.762,93.762,93.762,93.762,2153,0
OVO,D,20180730,000000,94.719,95.676,94.719,95.676,564,0
OVO,D,20180731,000000,93.762,93.762,93.762,93.762,5,0
OVO,D,20180802,000000,93.762,93.762,93.762,93.762,64,0
OVO,D,20180810,000000,93.762,93.762,93.762,93.762,105,0
OVO,D,20180821,000000,93.284,93.284,93.284,93.284,11,0
OVO,D,20180827,000000,92.805,92.805,92.805,92.805,1,0
OVO,D,20180830,000000,93.762,93.762,93.762,93.762,29,0
OVO,D,20180912,000000,96.632,96.632,96.632,96.632,22,0
OVO,D,20180913,000000,96.632,97.589,96.632,97.589,1058,0
OVO,D,20180918,000000,99.5,99.5,95.676,96.632,1616,0
OVO,D,20180919,000000,96.632,96.632,96.632,96.632,41,0
OVO,D,20180926,000000,97.589,97.589,97.589,97.589,9,0
OVO,D,20180927,000000,97.589,97.589,97.589,97.589,7,0
OVO,D,20180928,000000,97.589,97.589,97.589,97.589,85,0
OVO,D,20181003,000000,98.546,98.546,98.546,98.546,5226,0
OVO,D,20181005,000000,99.5,99.5,99.5,99.5,8,0
OVO,D,20181012,000000,103.33,103.33,103.33,103.33,261,0
OVO,D,20181015,000000,103.33,103.33,103.33,103.33,16,0
OVO,D,20181022,000000,98.546,104.29,98.546,104.29,160,0
OVO,D,20181024,000000,104.29,104.29,104.29,104.29,1158,0
OVO,D,20181030,000000,105.24,105.24,105.24,105.24,76,0
OVO,D,20181102,000000,108.11,108.11,108.11,108.11,13,0
OVO,D,20181105,000000,108.11,108.11,108.11,108.11,14,0
OVO,D,20181107,000000,107.16,107.16,107.16,107.16,596,0
OVO,D,20181115,000000,109.07,109.07,107.16,109.07,28,0
OVO,D,20181116,000000,109.07,109.07,109.07,109.07,22116,0
OVO,D,20181121,000000,109.07,109.07,109.07,109.07,31,0
OVO,D,20181126,000000,107.16,107.16,105.24,105.24,256,0
OVO,D,20181130,000000,108.11,108.11,108.11,108.11,11,0
OVO,D,20181205,000000,109.07,109.07,109.07,109.07,993,0
OVO,D,20181210,000000,105.24,105.24,105.24,105.24,71,0
OVO,D,20181213,000000,108.11,108.11,108.11,108.11,627,0
OVO,D,20181217,000000,105.24,105.24,105.24,105.24,193,0
OVO,D,20181218,000000,105.24,105.24,105.24,105.24,10,0
OVO,D,20181227,000000,105.24,108.11,105.24,108.11,74,0
OVO,D,20181228,000000,108.11,108.11,108.11,108.11,10,0
OVO,D,20190103,000000,104.29,104.29,104.29,104.29,157,0
OVO,D,20190108,000000,105.24,105.24,103.33,103.33,576,0
OVO,D,20190114,000000,102.37,102.37,100.46,102.37,18,0
OVO,D,20190115,000000,102.37,103.33,102.37,103.33,470,0
OVO,D,20190116,000000,103.33,103.33,103.33,103.33,31,0
OVO,D,20190121,000000,102.37,103.33,102.37,103.33,57,0
OVO,D,20190123,000000,102.37,105.24,102.37,105.24,54,0
OVO,D,20190124,000000,107.16,107.16,104.29,104.29,96,0
OVO,D,20190125,000000,105.24,106.2,105.24,106.2,146,0
OVO,D,20190201,000000,106.2,106.2,106.2,106.2,16,0
OVO,D,20190204,000000,107.16,107.16,107.16,107.16,9,0
OVO,D,20190205,000000,107.16,107.16,107.16,107.16,4,0
OVO,D,20190206,000000,107.16,107.16,107.16,107.16,6,0
OVO,D,20190207,000000,107.16,107.16,104.29,105.24,39,0
OVO,D,20190208,000000,105.24,105.24,103.33,103.33,31,0
OVO,D,20190211,000000,103.33,103.33,101.42,101.42,17,0
OVO,D,20190212,000000,101.42,101.42,101.42,101.42,36,0
OVO,D,20190214,000000,102.37,102.37,102.37,102.37,1,0
OVO,D,20190215,000000,102.37,106.2,102.37,106.2,159,0
OVO,D,20190218,000000,106.2,106.2,102.37,102.37,126,0
OVO,D,20190219,000000,104.29,104.29,104.29,104.29,1,0
OVO,D,20190220,000000,104.29,104.29,104.29,104.29,1,0
OVO,D,20190221,000000,104.29,104.29,104.29,104.29,1,0
OVO,D,20190222,000000,104.29,104.29,104.29,104.29,1,0
OVO,D,20190225,000000,104.29,104.29,104.29,104.29,1,0
OVO,D,20190226,000000,105.24,105.24,105.24,105.24,1,0
OVO,D,20190227,000000,105.24,105.24,103.33,103.33,553,0
OVO,D,20190228,000000,103.33,103.33,103.33,103.33,5,0
OVO,D,20190301,000000,104.29,104.29,104.29,104.29,1,0
OVO,D,20190304,000000,104.29,104.29,104.29,104.29,1,0
OVO,D,20190305,000000,104.29,104.29,104.29,104.29,1,0
OVO,D,20190306,000000,104.29,104.29,104.29,104.29,1,0
OVO,D,20190307,000000,104.29,104.29,104.29,104.29,1,0
OVO,D,20190308,000000,104.29,104.29,104.29,104.29,1,0
OVO,D,20190311,000000,104.29,104.29,104.29,104.29,1,0
OVO,D,20190312,000000,104.29,104.29,104.29,104.29,1,0
OVO,D,20190313,000000,104.29,104.29,104.29,104.29,1,0
OVO,D,20190314,000000,104.29,104.29,104.29,104.29,1,0
OVO,D,20190315,000000,104.29,104.29,104.29,104.29,1,0
OVO,D,20190318,000000,104.29,104.29,104.29,104.29,10,0
OVO,D,20190319,000000,104.29,104.29,101.42,101.42,3,0
OVO,D,20190320,000000,104.29,104.29,104.29,104.29,1,0
OVO,D,20190321,000000,104.29,104.29,101.42,101.42,10,0
OVO,D,20190322,000000,104.29,104.29,104.29,104.29,1,0
OVO,D,20190325,000000,104.29,104.29,100.46,100.46,32,0
OVO,D,20190326,000000,102.37,102.37,102.37,102.37,1,0
OVO,D,20190327,000000,102.37,102.37,102.37,102.37,1,0
OVO,D,20190328,000000,102.37,102.37,102.37,102.37,1,0
OVO,D,20190329,000000,102.37,103.33,100.46,103.33,57,0
OVO,D,20190401,000000,102.37,102.37,102.37,102.37,3,0
OVO,D,20190402,000000,102.37,102.37,102.37,102.37,1,0
OVO,D,20190403,000000,102.37,102.37,102.37,102.37,1,0
OVO,D,20190404,000000,102.37,102.37,102.37,102.37,1,0
OVO,D,20190405,000000,102.37,102.37,100.46,100.46,18,0
OVO,D,20190408,000000,102.37,102.37,102.37,102.37,1,0
OVO,D,20190409,000000,102.37,102.37,102.37,102.37,1,0
OVO,D,20190410,000000,102.37,102.37,102.37,102.37,1,0
OVO,D,20190411,000000,102.37,102.37,102.37,102.37,1,0
OVO,D,20190412,000000,102.37,102.37,102.37,102.37,1,0
OVO,D,20190415,000000,102.37,102.37,102.37,102.37,1,0
OVO,D,20190416,000000,102.37,102.37,102.37,102.37,1,0
OVO,D,20190417,000000,102.37,102.37,102.37,102.37,1,0
OVO,D,20190418,000000,102.37,102.37,102.37,102.37,1,0
OVO,D,20190423,000000,102.37,102.37,100.46,100.46,41,0
OVO,D,20190424,000000,100.46,100.46,99.5,99.5,13,0
OVO,D,20190425,000000,100.46,100.46,100.46,100.46,1,0
OVO,D,20190426,000000,100.46,100.46,98.546,98.546,74,0
OVO,D,20190429,000000,102.37,102.37,98.546,98.546,11,0
OVO,D,20190430,000000,102.37,102.37,102.37,102.37,1,0
OVO,D,20190502,000000,102.37,102.37,102.37,102.37,1,0
OVO,D,20190506,000000,100.46,100.46,98.546,98.546,11,0
OVO,D,20190507,000000,100.46,100.46,100.46,100.46,1,0
OVO,D,20190508,000000,99.5,99.5,99.5,99.5,10,0
OVO,D,20190509,000000,100.46,100.46,100.46,100.46,1,0
OVO,D,20190510,000000,98.546,98.546,98.546,98.546,46,0
OVO,D,20190513,000000,98.546,98.546,98.546,98.546,1,0
OVO,D,20190514,000000,98.546,98.546,98.546,98.546,1,0
OVO,D,20190515,000000,98.546,98.546,98.546,98.546,1,0
OVO,D,20190516,000000,96.632,96.632,96.632,96.632,33,0
OVO,D,20190517,000000,97.589,97.589,97.589,97.589,1,0
OVO,D,20190520,000000,97.589,97.589,97.589,97.589,1,0
OVO,D,20190521,000000,97.589,97.589,97.589,97.589,1,0
OVO,D,20190522,000000,96.632,96.632,96.632,96.632,2,0
OVO,D,20190523,000000,95.676,95.676,95.676,95.676,2,0
OVO,D,20190524,000000,95.676,95.676,95.676,95.676,2,0
OVO,D,20190527,000000,96.632,96.632,96.632,96.632,1,0
OVO,D,20190528,000000,95.676,95.676,95.676,95.676,2,0
OVO,D,20190529,000000,96.632,96.632,96.632,96.632,1,0
OVO,D,20190530,000000,96.632,96.632,96.632,96.632,2,0
OVO,D,20190531,000000,96.632,96.632,96.632,96.632,1,0
OVO,D,20190603,000000,96.632,96.632,96.632,96.632,1,0
OVO,D,20190604,000000,96.632,96.632,96.632,96.632,1,0
OVO,D,20190605,000000,96.632,96.632,96.632,96.632,1,0
OVO,D,20190606,000000,96.632,96.632,96.632,96.632,1,0
OVO,D,20190607,000000,96.632,96.632,96.632,96.632,1,0
OVO,D,20190610,000000,97.589,97.589,97.589,97.589,1,0
OVO,D,20190611,000000,97.589,97.589,97.589,97.589,1,0
OVO,D,20190612,000000,97.589,97.589,97.589,97.589,24,0
OVO,D,20190613,000000,96.632,96.632,96.632,96.632,1,0
OVO,D,20190614,000000,95.676,95.676,95.676,95.676,1,0
OVO,D,20190617,000000,95.676,95.676,95.676,95.676,1,0
OVO,D,20190618,000000,95.197,95.197,92.327,92.327,53,0
OVO,D,20190619,000000,92.805,92.805,92.805,92.805,1,0
OVO,D,20190621,000000,88.022,92.805,88.022,92.805,65,0
OVO,D,20190624,000000,90.414,90.414,90.414,90.414,1,0
OVO,D,20190625,000000,86.586,88.022,86.586,88.022,16,0
OVO,D,20190626,000000,87.543,88.022,78.932,80.846,2384,0
OVO,D,20190627,000000,83.716,83.716,83.716,83.716,10,0
OVO,D,20190628,000000,83.716,86.108,81.324,83.716,264,0
OVO,D,20190701,000000,90.414,90.414,90.414,90.414,1,0
OVO,D,20190702,000000,88.022,88.022,88.022,88.022,1,0
OVO,D,20190703,000000,86.586,86.586,86.586,86.586,1,0
OVO,D,20190704,000000,86.586,86.586,82.281,86.586,219,0
OVO,D,20190705,000000,88.978,88.978,88.5,88.5,40,0
OVO,D,20190708,000000,89.935,89.935,88.5,88.5,120,0
OVO,D,20190709,000000,90.5,90.5,90,90,3,0
OVO,D,20190710,000000,90.5,90.5,90.5,90.5,13,0
OVO,D,20190711,000000,91.5,91.5,91,91,3,0
OVO,D,20190712,000000,92.5,92.5,92.5,92.5,1,0
OVO,D,20190715,000000,91.5,91.5,88,91,11,0
OVO,D,20190716,000000,91.5,91.5,84,84,131,0
OVO,D,20190717,000000,84.5,84.5,84.5,84.5,1,0
OVO,D,20190718,000000,84.5,84.5,84.5,84.5,1,0
OVO,D,20190719,000000,84.5,84.5,84.5,84.5,1,0
OVO,D,20190722,000000,84.5,84.5,84,84,10,0
OVO,D,20190723,000000,84,84,84,84,626,0
OVO,D,20190724,000000,84,84,84,84,14,0
OVO,D,20190725,000000,84,84,84,84,1,0
OVO,D,20190726,000000,84,84,84,84,1,0
OVO,D,20190729,000000,84,84,84,84,1,0
OVO,D,20190730,000000,84,84,83,83,4001,0
OVO,D,20190731,000000,84,84,80.5,82,7,0
OVO,D,20190801,000000,84,84,84,84,1,0
OVO,D,20190802,000000,83,83,83,83,1,0
OVO,D,20190805,000000,83,83,83,83,1,0
OVO,D,20190806,000000,83,83,83,83,1,0
OVO,D,20190807,000000,83,83,83,83,1,0
OVO,D,20190808,000000,83,83,83,83,1,0
OVO,D,20190809,000000,83,83,83,83,2,0
OVO,D,20190812,000000,82.5,82.5,82.5,82.5,1,0
OVO,D,20190813,000000,82.5,82.5,82.5,82.5,1,0
OVO,D,20190814,000000,82.5,82.5,82.5,82.5,1,0
OVO,D,20190816,000000,81.5,81.5,81.5,81.5,1,0
OVO,D,20190819,000000,81.5,81.5,81.5,81.5,1,0
OVO,D,20190820,000000,81.5,81.5,81.5,81.5,1,0
OVO,D,20190821,000000,81.5,81.5,81.5,81.5,1,0
OVO,D,20190822,000000,81.5,81.5,81.5,81.5,1,0
OVO,D,20190823,000000,81.5,81.5,81.5,81.5,1,0
OVO,D,20190826,000000,81.5,81.5,80.5,80.5,96,0
OVO,D,20190827,000000,81.5,81.5,74,78,193,0
OVO,D,20190828,000000,81.5,81.5,81.5,81.5,1,0
OVO,D,20190829,000000,81.5,81.5,81.5,81.5,1,0
OVO,D,20190830,000000,83,83,77.5,79.5,244,0
OVO,D,20190902,000000,82,82,80,80,19,0
OVO,D,20190903,000000,81.5,81.5,81.5,81.5,1,0
OVO,D,20190904,000000,81.5,81.5,79,79,41,0
OVO,D,20190905,000000,80,80,80,80,1,0
OVO,D,20190906,000000,80,80,80,80,1,0
OVO,D,20190909,000000,80,80,80,80,1,0
OVO,D,20190910,000000,80,80,79.5,79.5,32,0
OVO,D,20190911,000000,80,80,76,80,137,0
OVO,D,20190912,000000,79,79,79,79,1,0
OVO,D,20190913,000000,79,79,75,75,51,0
OVO,D,20190916,000000,78,80,77,78,274,0
OVO,D,20190917,000000,78.5,78.5,78,78,400,0
OVO,D,20190918,000000,78.5,78.5,78.5,78.5,1,0
OVO,D,20190919,000000,78.5,78.5,75.5,75.5,22,0
OVO,D,20190920,000000,75.5,78.5,74.5,74.5,130,0
OVO,D,20190923,000000,78.5,78.5,74.5,74.5,14,0
OVO,D,20190924,000000,76.5,76.5,72,72,617,0
OVO,D,20190925,000000,71,71.5,69,70,145,0
OVO,D,20190926,000000,70,70,70,70,30,0
OVO,D,20190927,000000,70,70,70,70,1,0
OVO,D,20190930,000000,70,70,70,70,3,0
OVO,D,20191001,000000,75,75,75,75,1,0
OVO,D,20191003,000000,75,75,70,75,60433,0
OVO,D,20191004,000000,75,75,75,75,1,0
OVO,D,20191007,000000,75,75,75,75,1,0
OVO,D,20191008,000000,75,77,74,74,75,0
OVO,D,20191009,000000,75,79.5,75,79.5,25,0
OVO,D,20191010,000000,78.5,78.5,78.5,78.5,1,0
OVO,D,20191011,000000,78,78,78,78,1,0
OVO,D,20191014,000000,78.5,78.5,78.5,78.5,1,0
OVO,D,20191015,000000,76.5,76.5,76.5,76.5,1,0
OVO,D,20191016,000000,74.5,74.5,74.5,74.5,1,0
OVO,D,20191017,000000,74.5,79,74.5,75,1015,0
OVO,D,20191018,000000,78,78,78,78,1,0
OVO,D,20191021,000000,77,77,77,77,1,0
OVO,D,20191022,000000,76.5,76.5,76.5,76.5,1,0
OVO,D,20191023,000000,76.5,76.5,76.5,76.5,1,0
OVO,D,20191024,000000,76.5,76.5,76.5,76.5,1,0
OVO,D,20191025,000000,76.5,76.5,76.5,76.5,1,0
OVO,D,20191028,000000,76.5,76.5,76.5,76.5,1,0
OVO,D,20191029,000000,76.5,76.5,76.5,76.5,1,0
OVO,D,20191030,000000,76.5,76.5,76.5,76.5,1,0
OVO,D,20191031,000000,76.5,76.5,76.5,76.5,1,0
OVO,D,20191104,000000,76.5,76.5,74,74,302,0
OVO,D,20191105,000000,75.5,75.5,75.5,75.5,24,0
OVO,D,20191106,000000,76.5,79,76,79,118,0
OVO,D,20191107,000000,78,78,78,78,1,0
OVO,D,20191108,000000,78,78,78,78,1,0
OVO,D,20191112,000000,78,78.5,78,78.5,118,0
OVO,D,20191113,000000,79,80,79,80,401,0
OVO,D,20191114,000000,80,81,80,81,54,0
OVO,D,20191115,000000,80,80,74.5,78.5,479,0
OVO,D,20191118,000000,79,80,79,79.5,1004,0
OVO,D,20191119,000000,82,82,78,80,410,0
OVO,D,20191120,000000,80,80,76.5,76.5,106,0
OVO,D,20191121,000000,78.5,78.5,77,77,9,0
OVO,D,20191122,000000,82,82,82,82,1,0
OVO,D,20191125,000000,82,82,82,82,1,0
OVO,D,20191126,000000,82,82,79.5,81,1388,0
OVO,D,20191127,000000,81,81,81,81,1,0
OVO,D,20191128,000000,80,81.5,78,81,1018,0
OVO,D,20191129,000000,82,83,82,82,777,0
OVO,D,20191202,000000,84,84,79,79.5,1559,0
OVO,D,20191203,000000,79,81,78,78.5,2179,0
OVO,D,20191204,000000,77,79,77,77,3666,0
OVO,D,20191205,000000,77,80,77,79,4140,0
OVO,D,20191206,000000,79,81,78,79.5,6699,0
OVO,D,20191209,000000,78,79.5,77,79.5,6246,0
OVO,D,20191210,000000,77,80,75,77,3994,0
OVO,D,20191211,000000,76,76,73.5,76,355,0
OVO,D,20191212,000000,79,79,74.5,74.5,201,0
OVO,D,20191213,000000,77,77,77,77,9,0
OVO,D,20191216,000000,75,75,74.5,74.5,23,0
OVO,D,20191217,000000,78.5,78.5,74.5,74.5,14,0
OVO,D,20191218,000000,74.5,74.5,74.5,74.5,2,0
OVO,D,20191219,000000,74.5,74.5,74,74.5,24,0
OVO,D,20191220,000000,74.5,74.5,74,74.5,11,0
OVO,D,20191223,000000,74,74.5,74,74.5,71,0
OVO,D,20191230,000000,74.5,74.5,73.5,74.5,501,0
OVO,D,20200102,000000,72,74.5,72,74.5,2,0
OVO,D,20200103,000000,74.5,74.5,74,74.5,12,0
OVO,D,20200107,000000,74.5,74.5,74.5,74.5,11,0
OVO,D,20200108,000000,74.5,76.5,74.5,76.5,27,0
OVO,D,20200109,000000,76,76,76,76,1,0
OVO,D,20200110,000000,76,76,76,76,6,0
OVO,D,20200113,000000,75,75,75,75,1,0
OVO,D,20200114,000000,75,75,75,75,8,0
OVO,D,20200115,000000,75,76.5,72,76.5,430,0
OVO,D,20200116,000000,76.5,76.5,76.5,76.5,1,0
OVO,D,20200117,000000,76.5,77,76.5,77,8,0
OVO,D,20200120,000000,77,77,74.5,74.5,18,0
OVO,D,20200121,000000,77,77,77,77,1,0
OVO,D,20200122,000000,77,77,74.5,77,16,0
OVO,D,20200123,000000,77,77,77,77,1,0
OVO,D,20200124,000000,76,77,75.5,77,1081,0
OVO,D,20200127,000000,77,77,75,75,35,0
OVO,D,20200128,000000,73,77.5,73,77.5,582,0
OVO,D,20200129,000000,78,80,77.5,80,679,0
OVO,D,20200130,000000,79.5,80,78,80,1181,0
OVO,D,20200131,000000,80,83,80,83,311,0
OVO,D,20200203,000000,86,90,83,83,240,0
OVO,D,20200204,000000,87,87,87,87,1,0
OVO,D,20200205,000000,82.5,86.5,79,86.5,281,0
OVO,D,20200206,000000,86,88,82,88,736,0
OVO,D,20200207,000000,88,88,88,88,2,0
OVO,D,20200210,000000,89,89,89,89,1,0
OVO,D,20200211,000000,90,90,85,87.5,52,0
OVO,D,20200212,000000,87.5,87.5,87.5,87.5,2,0
OVO,D,20200213,000000,87.5,87.5,85,87.5,132,0
OVO,D,20200214,000000,83,86,83,86,945,0
OVO,D,20200217,000000,86,86,86,86,2,0
OVO,D,20200218,000000,87,87,83,87,77,0
OVO,D,20200219,000000,86,86,86,86,1,0
OVO,D,20200220,000000,86,86,86,86,3,0
OVO,D,20200221,000000,87,87,87,87,1,0
OVO,D,20200224,000000,87,87,87,87,1,0
OVO,D,20200225,000000,87,87,87,87,1,0
OVO,D,20200226,000000,86,86,86,86,1,0
OVO,D,20200227,000000,86,86,86,86,1,0
OVO,D,20200303,000000,85.5,85.5,85.5,85.5,1,0
OVO,D,20200304,000000,85.5,85.5,85.5,85.5,2,0
OVO,D,20200305,000000,85,85,85,85,1,0
OVO,D,20200306,000000,84.5,84.5,81.5,82,652,0
OVO,D,20200309,000000,82,82,82,82,4,0
OVO,D,20200310,000000,82,82,78.5,82,71,0
OVO,D,20200311,000000,82,82,82,82,1,0
OVO,D,20200313,000000,76,82,76,82,88,0
OVO,D,20200323,000000,74.5,74.5,74.5,74.5,100,0
OVO,D,20200324,000000,79,79,79,79,1,0
OVO,D,20200325,000000,79,79,73,76.5,112,0
OVO,D,20200326,000000,78,78,73.5,78,5,0
OVO,D,20200327,000000,79,79,74.5,74.5,21,0
OVO,D,20200330,000000,79,79,71.5,79,51,0
OVO,D,20200401,000000,79,79,79,79,1,0
OVO,D,20200402,000000,79,79,72,72,81,0
OVO,D,20200403,000000,80,80,80,80,1,0
OVO,D,20200406,000000,79.5,80,76,80,8,0
OVO,D,20200407,000000,80,80,72.5,80,3,0
OVO,D,20200408,000000,80,80,80,80,1,0
OVO,D,20200409,000000,80,80,80,80,1,0
OVO,D,20200414,000000,80,80,80,80,1,0
OVO,D,20200415,000000,72.5,75,72.5,75,7,0
OVO,D,20200416,000000,75,75,75,75,35,0
OVO,D,20200417,000000,75,75,75,75,110,0
OVO,D,20200420,000000,79.5,79.5,79.5,79.5,1,0
OVO,D,20200421,000000,79.5,79.5,79.5,79.5,56,0
OVO,D,20200424,000000,79.5,79.5,79.5,79.5,1,0
OVO,D,20200427,000000,79.5,79.5,74.5,74.5,87,0
OVO,D,20200429,000000,71.5,74,71.5,74,141,0
OVO,D,20200430,000000,79.5,79.5,74.5,74.5,21,0
OVO,D,20200504,000000,74,74,74,74,6,0
OVO,D,20200505,000000,79,79,74.5,74.5,7,0
OVO,D,20200506,000000,79,79,74.5,74.5,11,0
OVO,D,20200512,000000,71.5,74,71,73.5,36,0
OVO,D,20200513,000000,70,79,70,79,37,0
OVO,D,20200515,000000,79,79,79,79,1,0
OVO,D,20200518,000000,79,79,79,79,1,0
OVO,D,20200519,000000,75,79,75,79,3,0
OVO,D,20200520,000000,79,79,79,79,1,0
OVO,D,20200521,000000,77,77,77,77,1,0
OVO,D,20200522,000000,71,77,71,77,7,0
OVO,D,20200525,000000,77,77,77,77,1,0
OVO,D,20200526,000000,77,77,63,77,250,0
OVO,D,20200527,000000,77,77,77,77,1,0
OVO,D,20200528,000000,77,77,77,77,1,0
OVO,D,20200529,000000,77,77,77,77,1,0
OVO,D,20200601,000000,77,78,73,78,9,0
OVO,D,20200602,000000,78,78,73.5,73.5,16,0
OVO,D,20200603,000000,78,78,71,78,34,0
OVO,D,20200604,000000,74.5,76,74.5,76,25,0
OVO,D,20200605,000000,76,76,68.5,76,9,0
OVO,D,20200608,000000,74,76,74,76,15,0
OVO,D,20200609,000000,76,76,76,76,1,0
OVO,D,20200610,000000,76,76,74.5,74.5,19,0
OVO,D,20200612,000000,71.5,71.5,71,71,38,0
OVO,D,20200615,000000,71,71,71,71,107,0
OVO,D,20200616,000000,70,70,70,70,14,0
OVO,D,20200617,000000,70.5,74,70,74,45,0
OVO,D,20200622,000000,74,74,74,74,1,0
OVO,D,20200623,000000,73.5,73.5,73.5,73.5,8,0
OVO,D,20200624,000000,74,74,74,74,1,0
OVO,D,20200625,000000,73,73,70.5,70.5,14,0
OVO,D,20200626,000000,73,73,70.5,70.5,2,0
OVO,D,20200629,000000,74,74,69.5,69.5,3,0
OVO,D,20200630,000000,73,73,73,73,1,0
OVO,D,20200701,000000,73,73,73,73,5,0
OVO,D,20200703,000000,73,73,73,73,1,0
OVO,D,20200706,000000,73,73,73,73,1,0
OVO,D,20200708,000000,70.5,70.5,70.5,70.5,55,0
OVO,D,20200709,000000,69.5,72,69.5,72,12,0
OVO,D,20200710,000000,72,72,67.5,67.5,16,0
