<TICKER>,<PER>,<DATE>,<TIME>,<OPEN>,<HIGH>,<LOW>,<CLOSE>,<VOL>,<OPENINT>
PBX,D,20150708,000000,9.2591,9.2591,9.2591,9.2591,584,0
PBX,D,20150709,000000,9.2591,9.2591,9.2145,9.2145,14511,0
PBX,D,20150710,000000,9.4828,9.538,9.352,9.352,5491,0
PBX,D,20150713,000000,9.352,9.584,9.352,9.584,15356,0
PBX,D,20150714,000000,9.723,9.816,9.584,9.769,11770,0
PBX,D,20150715,000000,9.816,9.816,9.816,9.816,22462,0
PBX,D,20150716,000000,9.881,9.982,9.881,9.982,28373,0
PBX,D,20150717,000000,10.019,10.093,10,10,7831,0
PBX,D,20150720,000000,10.047,10.187,10.047,10.187,3263,0
PBX,D,20150721,000000,10.187,10.187,9.926,10.084,2525,0
PBX,D,20150722,000000,9.816,9.816,9.816,9.816,3023,0
PBX,D,20150723,000000,9.908,9.918,9.908,9.918,162,0
PBX,D,20150724,000000,9.713,9.713,9.713,9.713,64,0
PBX,D,20150728,000000,9.908,9.908,9.779,9.779,105,0
PBX,D,20150729,000000,9.779,10,9.556,9.908,613,0
PBX,D,20150730,000000,9.908,9.908,9.908,9.908,16225,0
PBX,D,20150731,000000,9.982,9.982,9.556,9.556,5426,0
PBX,D,20150803,000000,9.723,9.723,9.723,9.723,22891,0
PBX,D,20150804,000000,9.908,9.908,9.908,9.908,21653,0
PBX,D,20150805,000000,9.676,9.723,9.676,9.723,14728,0
PBX,D,20150806,000000,9.733,9.733,9.733,9.733,10,0
PBX,D,20150807,000000,9.806,9.908,9.806,9.908,2430,0
PBX,D,20150810,000000,9.954,9.954,9.908,9.908,405,0
PBX,D,20150811,000000,9.834,9.834,9.834,9.834,51,0
PBX,D,20150812,000000,9.816,9.816,9.723,9.723,7451,0
PBX,D,20150813,000000,9.834,9.954,9.834,9.954,154,0
PBX,D,20150818,000000,9.898,9.898,9.898,9.898,540,0
PBX,D,20150819,000000,9.815,10.104,9.805,9.805,372,0
PBX,D,20150820,000000,9.805,9.843,9.805,9.833,2007,0
PBX,D,20150824,000000,9.3482,9.796,9.3201,9.703,23440,0
PBX,D,20150825,000000,9.703,9.703,9.655,9.703,20382,0
PBX,D,20150828,000000,9.703,9.796,9.703,9.796,11191,0
PBX,D,20150831,000000,9.843,9.936,9.796,9.936,8351,0
PBX,D,20150901,000000,9.936,9.936,9.796,9.898,4345,0
PBX,D,20150902,000000,9.926,9.926,9.918,9.918,6908,0
PBX,D,20150903,000000,9.89,9.936,9.89,9.936,19326,0
PBX,D,20150904,000000,9.796,9.796,9.796,9.796,8563,0
PBX,D,20150907,000000,9.516,9.908,9.4227,9.852,1747,0
PBX,D,20150908,000000,9.703,9.778,9.4702,9.778,75833,0
PBX,D,20150910,000000,9.703,9.703,9.703,9.703,311,0
PBX,D,20150911,000000,9.703,9.898,9.703,9.871,12636,0
PBX,D,20150914,000000,9.871,9.871,9.61,9.796,6980,0
PBX,D,20150915,000000,9.852,9.852,9.796,9.833,1980,0
PBX,D,20150916,000000,9.833,9.833,9.759,9.759,1369,0
PBX,D,20150917,000000,9.787,9.787,9.722,9.722,6554,0
PBX,D,20150918,000000,9.703,9.703,9.703,9.703,743,0
PBX,D,20150921,000000,9.703,9.703,9.655,9.655,599,0
PBX,D,20150922,000000,9.655,9.703,9.655,9.703,3347,0
PBX,D,20150923,000000,9.703,9.703,9.703,9.703,662,0
PBX,D,20150924,000000,9.768,9.89,9.646,9.89,43946,0
PBX,D,20150925,000000,9.655,9.732,9.655,9.732,853,0
PBX,D,20150928,000000,9.796,9.796,9.749,9.749,1740,0
PBX,D,20150929,000000,9.796,9.796,9.796,9.796,10,0
PBX,D,20150930,000000,9.787,9.796,9.787,9.796,21,0
PBX,D,20151001,000000,9.787,9.871,9.712,9.796,31891,0
PBX,D,20151002,000000,9.881,9.881,9.796,9.796,64170,0
PBX,D,20151005,000000,9.796,9.881,9.759,9.796,3349,0
PBX,D,20151006,000000,9.796,10.066,9.675,10.03,41757,0
PBX,D,20151007,000000,10.03,10.03,9.936,10.011,3498,0
PBX,D,20151008,000000,10.011,10.03,9.796,9.982,1297,0
PBX,D,20151009,000000,10.03,10.03,9.898,10.03,2399,0
PBX,D,20151012,000000,10.03,10.216,10.02,10.206,2333,0
PBX,D,20151013,000000,10.169,10.683,10.169,10.683,20360,0
PBX,D,20151015,000000,10.534,10.543,10.355,10.543,771,0
PBX,D,20151016,000000,10.355,10.683,10.075,10.663,7729,0
PBX,D,20151019,000000,10.739,11.149,10.739,11.103,30998,0
PBX,D,20151020,000000,11.103,11.103,10.683,10.683,9008,0
PBX,D,20151021,000000,10.683,10.683,10.411,10.636,8004,0
PBX,D,20151022,000000,10.543,10.729,10.543,10.729,27334,0
PBX,D,20151023,000000,10.729,10.841,10.729,10.841,2079,0
PBX,D,20151026,000000,10.355,10.841,10.355,10.841,92,0
PBX,D,20151027,000000,10.822,11.103,10.636,11.055,4193,0
PBX,D,20151028,000000,10.543,11.009,10.543,11.009,5394,0
PBX,D,20151029,000000,10.991,11.009,10.822,10.991,6242,0
PBX,D,20151030,000000,10.991,11.009,10.766,11.009,1814,0
PBX,D,20151102,000000,10.963,11.064,10.963,11.064,6847,0
PBX,D,20151103,000000,11.009,11.009,10.543,11.009,1042,0
PBX,D,20151104,000000,10.991,10.991,10.552,10.991,242,0
PBX,D,20151105,000000,10.963,10.991,10.57,10.991,1100,0
PBX,D,20151106,000000,10.59,10.963,10.58,10.963,1174,0
PBX,D,20151109,000000,10.953,10.953,10.953,10.953,107,0
PBX,D,20151110,000000,10.58,10.953,10.562,10.953,5090,0
PBX,D,20151113,000000,10.729,10.915,10.543,10.915,8587,0
PBX,D,20151116,000000,10.683,10.86,9.629,10.86,8403,0
PBX,D,20151117,000000,10.683,10.915,10.683,10.915,6380,0
PBX,D,20151118,000000,10.822,10.915,10.822,10.915,4299,0
PBX,D,20151119,000000,10.905,11,10.897,11,73221,0
PBX,D,20151120,000000,10.991,10.991,10.991,10.991,82,0
PBX,D,20151124,000000,10.552,10.87,10.543,10.87,4021,0
PBX,D,20151125,000000,10.915,10.915,10.915,10.915,1,0
PBX,D,20151126,000000,10.729,10.991,10.543,10.915,3242,0
PBX,D,20151127,000000,10.486,10.636,9.703,10.636,2178,0
PBX,D,20151130,000000,10.87,10.87,10.449,10.87,3660,0
PBX,D,20151201,000000,10.963,10.963,10.543,10.87,956,0
PBX,D,20151203,000000,10.31,10.729,10.31,10.729,129,0
PBX,D,20151204,000000,10.496,10.776,10.449,10.776,7756,0
PBX,D,20151207,000000,10.87,10.87,10.365,10.87,1811,0
PBX,D,20151208,000000,10.915,10.915,10.915,10.915,1,0
PBX,D,20151209,000000,10.729,10.915,10.075,10.915,6868,0
PBX,D,20151210,000000,10.963,10.963,10.459,10.729,4660,0
PBX,D,20151211,000000,10.944,10.944,10.365,10.729,3033,0
PBX,D,20151214,000000,10.756,10.756,10.31,10.59,15413,0
PBX,D,20151215,000000,10.739,10.756,9.992,10.683,49601,0
PBX,D,20151216,000000,10.739,10.822,10.739,10.804,3218,0
PBX,D,20151217,000000,10.804,10.812,10.804,10.812,2,0
PBX,D,20151218,000000,10.365,10.543,10.048,10.543,16164,0
PBX,D,20151221,000000,10.729,10.729,10.262,10.262,6583,0
PBX,D,20151222,000000,10.626,10.626,10.142,10.262,5167,0
PBX,D,20151223,000000,10.562,10.562,10.142,10.486,6073,0
PBX,D,20151228,000000,10.486,10.59,10.262,10.59,14256,0
PBX,D,20151229,000000,10.543,10.543,10.534,10.543,13588,0
PBX,D,20151230,000000,10.636,10.636,9.982,10.449,78942,0
PBX,D,20160104,000000,10.822,10.822,10.31,10.534,995,0
PBX,D,20160105,000000,10.075,10.486,10.075,10.449,2034,0
PBX,D,20160111,000000,10.104,10.104,9.1433,9.796,13234,0
PBX,D,20160112,000000,10.253,10.253,9.6,9.6,1127,0
PBX,D,20160113,000000,9.992,9.992,9.3763,9.61,12949,0
PBX,D,20160114,000000,9.4227,9.4227,9.4227,9.4227,1073,0
PBX,D,20160115,000000,9.516,9.936,9.3298,9.908,13437,0
PBX,D,20160118,000000,9.852,9.852,9.516,9.787,2544,0
PBX,D,20160119,000000,9.749,9.749,9.3298,9.749,476,0
PBX,D,20160120,000000,9.749,9.749,9.749,9.749,221,0
PBX,D,20160121,000000,9.3298,9.61,9.3298,9.61,968,0
PBX,D,20160122,000000,9.749,9.749,9.2833,9.2833,2397,0
PBX,D,20160125,000000,9.749,9.749,9.3763,9.722,713,0
PBX,D,20160126,000000,9.703,9.703,8.9569,9.4034,3971,0
PBX,D,20160127,000000,8.9569,9.4702,8.9569,9.4227,4066,0
PBX,D,20160128,000000,9.4227,9.4227,8.8632,9.3201,565,0
PBX,D,20160129,000000,8.8632,9.4227,8.8632,9.3114,123,0
PBX,D,20160201,000000,8.8632,9.2281,8.4061,8.5834,1197,0
PBX,D,20160202,000000,8.5834,9.1433,8.4901,9.1338,41393,0
PBX,D,20160203,000000,9.2281,9.2281,8.4901,9.0872,87195,0
PBX,D,20160204,000000,8.4061,9.0968,8.4061,9.0872,265,0
PBX,D,20160205,000000,9.0502,9.0968,8.7232,9.0968,29295,0
PBX,D,20160208,000000,9.0968,9.0968,8.5366,9.0502,25,0
PBX,D,20160209,000000,9.0502,9.0872,8.8632,8.9099,736,0
PBX,D,20160210,000000,8.9099,9.0502,8.9099,9.0502,4857,0
PBX,D,20160211,000000,8.9569,9.0968,8.7698,9.0968,3393,0
PBX,D,20160212,000000,8.7698,9.1433,8.7698,9.1433,24814,0
PBX,D,20160215,000000,9.1433,9.6,9.1433,9.4973,1849,0
PBX,D,20160216,000000,9.3298,9.4973,8.6859,9.3201,1246,0
PBX,D,20160217,000000,9.1433,9.3201,9.0502,9.1433,1250,0
PBX,D,20160218,000000,9.3675,9.4227,9.3201,9.3298,15856,0
PBX,D,20160219,000000,9.3298,9.4227,9.3298,9.4227,33158,0
PBX,D,20160222,000000,9.591,9.591,9.3298,9.4227,324,0
PBX,D,20160223,000000,9.4227,9.4227,8.9748,9.4227,23,0
PBX,D,20160224,000000,9.4227,9.4227,9.1053,9.4131,3611,0
PBX,D,20160225,000000,9.0692,9.3201,9.0217,9.3201,708,0
PBX,D,20160226,000000,9.2368,9.4131,9.2368,9.4131,335,0
PBX,D,20160229,000000,9.4227,9.4227,9.0312,9.2368,13179,0
PBX,D,20160301,000000,9.4702,9.516,9.3298,9.507,5160,0
PBX,D,20160302,000000,9.507,9.61,9.0029,9.6,3166,0
PBX,D,20160303,000000,9.563,9.563,9.3298,9.516,961,0
PBX,D,20160304,000000,9.516,9.516,9.1898,9.4227,1967,0
PBX,D,20160307,000000,9.563,9.563,9.3298,9.535,1671,0
PBX,D,20160308,000000,9.525,9.535,9.3675,9.535,449,0
PBX,D,20160309,000000,9.3763,9.535,9.3675,9.516,1414,0
PBX,D,20160310,000000,9.535,9.89,9.4324,9.89,8094,0
PBX,D,20160311,000000,9.908,10.197,9.908,10.189,2593,0
PBX,D,20160314,000000,10.179,10.253,10.075,10.075,2403,0
PBX,D,20160315,000000,10.075,10.365,9.936,10.365,5539,0
PBX,D,20160316,000000,10.355,10.534,10.272,10.319,22233,0
PBX,D,20160317,000000,10.402,10.636,10.402,10.636,29860,0
PBX,D,20160318,000000,10.355,10.636,10.355,10.59,64902,0
PBX,D,20160321,000000,10.59,10.636,10.59,10.636,267,0
PBX,D,20160322,000000,10.636,10.636,9.619,10.496,19561,0
PBX,D,20160323,000000,10.636,10.636,10.496,10.496,1748,0
PBX,D,20160324,000000,10.449,10.543,10.449,10.543,5896,0
PBX,D,20160329,000000,10.543,10.683,10.272,10.683,4495,0
PBX,D,20160330,000000,10.683,10.905,10.673,10.905,23058,0
PBX,D,20160331,000000,10.915,10.991,10.626,10.905,38895,0
PBX,D,20160401,000000,10.822,11.214,10.822,11.214,17338,0
PBX,D,20160404,000000,11.196,11.214,11.196,11.196,1018,0
PBX,D,20160405,000000,11.009,11.009,11.009,11.009,54,0
PBX,D,20160406,000000,10.449,10.729,10.449,10.729,161,0
PBX,D,20160407,000000,10.729,11.009,10.729,10.841,11535,0
PBX,D,20160408,000000,10.915,10.915,10.851,10.851,1158,0
PBX,D,20160411,000000,10.851,10.851,10.729,10.729,1131,0
PBX,D,20160412,000000,10.729,11.475,10.636,11.196,11359,0
PBX,D,20160414,000000,11.103,11.383,11.103,11.383,1260,0
PBX,D,20160415,000000,11.383,11.383,11.196,11.196,495,0
PBX,D,20160418,000000,11.355,11.756,11.186,11.196,4580,0
PBX,D,20160419,000000,11.196,11.373,11.009,11.009,3029,0
PBX,D,20160420,000000,11,11.055,11,11.055,1211,0
PBX,D,20160421,000000,11.149,11.196,11.149,11.196,5156,0
PBX,D,20160422,000000,11.373,11.383,11.196,11.383,6030,0
PBX,D,20160425,000000,11.428,11.428,11.42,11.42,32,0
PBX,D,20160426,000000,11.41,11.475,11.41,11.475,4018,0
PBX,D,20160427,000000,11.141,11.839,11.141,11.475,8996,0
PBX,D,20160429,000000,11.475,11.475,11.475,11.475,5207,0
PBX,D,20160502,000000,11.475,11.475,11.475,11.475,1136,0
PBX,D,20160504,000000,11.756,11.756,11.335,11.373,2670,0
PBX,D,20160505,000000,10.355,10.355,10.355,10.355,21,0
PBX,D,20160506,000000,10.375,11.373,10.375,10.822,820,0
PBX,D,20160509,000000,11.074,11.074,11.074,11.074,1203,0
PBX,D,20160511,000000,10.449,10.915,10.449,10.915,444,0
PBX,D,20160512,000000,10.729,10.729,10.31,10.459,2570,0
PBX,D,20160513,000000,9.982,10.729,9.982,10.729,815,0
PBX,D,20160517,000000,10.729,10.963,10.729,10.729,25299,0
PBX,D,20160518,000000,10.963,10.963,10.663,10.963,10680,0
PBX,D,20160519,000000,11.009,11.009,10.822,10.822,7073,0
PBX,D,20160520,000000,11.103,11.42,10.636,11.103,9006,0
PBX,D,20160523,000000,11.103,11.41,10.915,11.363,3508,0
PBX,D,20160524,000000,10.915,11.428,10.915,11.428,6453,0
PBX,D,20160525,000000,11.196,11.289,11.196,11.289,2250,0
PBX,D,20160527,000000,10.915,10.915,10.915,10.915,1,0
PBX,D,20160530,000000,11.383,11.383,11.383,11.383,214,0
PBX,D,20160531,000000,11.335,11.635,11.289,11.635,12093,0
PBX,D,20160601,000000,11.196,11.383,11.009,11.383,10750,0
PBX,D,20160602,000000,11.103,11.289,10.822,11.289,5628,0
PBX,D,20160603,000000,11.383,11.383,11.383,11.383,2809,0
PBX,D,20160607,000000,11.196,11.475,11.018,11.018,10151,0
PBX,D,20160608,000000,11.018,11.018,11.018,11.018,216,0
PBX,D,20160609,000000,10.991,10.991,10.822,10.822,4927,0
PBX,D,20160614,000000,10.729,10.953,10.449,10.953,2250,0
PBX,D,20160615,000000,11.428,11.428,11.428,11.428,16106,0
PBX,D,20160616,000000,11.196,11.233,10.756,11.196,8467,0
PBX,D,20160617,000000,11.196,11.196,11.196,11.196,1768,0
PBX,D,20160621,000000,10.841,11.157,10.645,10.822,15160,0
PBX,D,20160622,000000,10.756,11.009,10.756,11.009,2894,0
PBX,D,20160623,000000,10.756,10.963,10.72,10.963,29237,0
PBX,D,20160624,000000,10.262,11.27,10.262,11.009,16585,0
PBX,D,20160627,000000,10.756,10.785,10.262,10.785,13835,0
PBX,D,20160628,000000,10.468,10.468,10.355,10.449,18232,0
PBX,D,20160629,000000,10.804,11.27,10.3,11.009,14511,0
PBX,D,20160630,000000,11.103,11.196,11.103,11.196,4353,0
PBX,D,20160701,000000,10.915,11.383,10.915,11.383,1074,0
PBX,D,20160704,000000,10.934,11.475,10.934,11.475,1032,0
PBX,D,20160706,000000,11.018,11.428,11.018,11.428,236,0
PBX,D,20160707,000000,11.018,11.522,11.018,11.522,4453,0
PBX,D,20160708,000000,11.568,11.568,11.568,11.568,1,0
PBX,D,20160712,000000,11.568,11.662,11.568,11.662,2346,0
PBX,D,20160713,000000,11.196,11.756,11.196,11.756,11263,0
PBX,D,20160718,000000,11.392,11.849,11.392,11.849,1553,0
PBX,D,20160721,000000,11.401,12.129,11.401,12.129,5903,0
PBX,D,20160722,000000,12.129,12.129,12.129,12.129,266,0
PBX,D,20160725,000000,12.036,12.314,12.036,12.129,5249,0
PBX,D,20160726,000000,12.221,12.334,12.129,12.334,6517,0
PBX,D,20160727,000000,11.83,12.314,11.83,12.314,3651,0
PBX,D,20160729,000000,12.129,12.129,12.129,12.129,874,0
PBX,D,20160801,000000,12.036,12.036,12.036,12.036,14,0
PBX,D,20160808,000000,11.821,12.036,11.756,12.036,20222,0
PBX,D,20160809,000000,12.129,12.129,11.998,12.129,5359,0
PBX,D,20160810,000000,12.314,12.314,12.314,12.314,6860,0
PBX,D,20160812,000000,12.4,13.151,12.353,12.4,5134,0
PBX,D,20160816,000000,12.4,12.4,12.4,12.4,19,0
PBX,D,20160818,000000,12.4,12.4,12.4,12.4,359,0
PBX,D,20160822,000000,11.94,12.212,11.94,12.212,2618,0
PBX,D,20160825,000000,12.212,12.212,12.212,12.212,21,0
PBX,D,20160829,000000,12.221,12.221,12.212,12.212,1596,0
PBX,D,20160830,000000,12.024,12.07,12.024,12.024,41843,0
PBX,D,20160831,000000,12.024,12.024,12.024,12.024,157312,0
PBX,D,20160906,000000,12.024,12.024,11.836,11.883,77895,0
PBX,D,20160907,000000,11.883,12.212,11.883,12.212,46264,0
PBX,D,20160909,000000,12.221,12.221,12.212,12.212,6068,0
PBX,D,20160912,000000,11.742,12.118,11.366,12.118,8308,0
PBX,D,20160915,000000,12.306,12.306,12.306,12.306,746,0
PBX,D,20160919,000000,12.306,12.306,12.306,12.306,160,0
PBX,D,20160921,000000,12.306,12.306,12.306,12.306,1123,0
PBX,D,20160923,000000,12.024,12.212,12.024,12.212,373,0
PBX,D,20160927,000000,12.212,12.212,12.212,12.212,924,0
PBX,D,20160928,000000,12.306,12.4,12.306,12.4,543,0
PBX,D,20161003,000000,12.212,12.212,12.212,12.212,1011,0
PBX,D,20161005,000000,12.212,12.212,12.136,12.212,2662,0
PBX,D,20161006,000000,12.128,12.128,11.79,11.79,895,0
PBX,D,20161012,000000,11.742,11.742,11.742,11.742,17,0
PBX,D,20161013,000000,11.742,11.742,11.742,11.742,1,0
PBX,D,20161017,000000,12.118,12.118,12.118,12.118,2662,0
PBX,D,20161020,000000,12.118,12.118,12.118,12.118,106,0
PBX,D,20161021,000000,12.118,12.118,12.118,12.118,5322,0
PBX,D,20161024,000000,12.118,12.118,11.366,11.93,2240,0
PBX,D,20161025,000000,11.817,11.92,11.366,11.638,2218,0
PBX,D,20161026,000000,11.638,11.638,11.272,11.452,11408,0
PBX,D,20161027,000000,11.742,11.742,11.272,11.742,5322,0
PBX,D,20161028,000000,11.732,12.118,11.732,12.118,21290,0
PBX,D,20161031,000000,12.118,12.118,12.08,12.09,12987,0
PBX,D,20161102,000000,11.817,12.099,11.817,12.099,6442,0
PBX,D,20161103,000000,12.118,12.118,12.118,12.118,1,0
PBX,D,20161107,000000,12.118,12.118,12.118,12.118,106,0
PBX,D,20161108,000000,11.817,11.93,11.056,11.93,1331,0
PBX,D,20161110,000000,11.546,11.546,11.085,11.442,10486,0
PBX,D,20161114,000000,11.442,11.442,11.442,11.442,482,0
PBX,D,20161115,000000,11.366,11.366,11.085,11.272,3520,0
PBX,D,20161116,000000,11,11.225,10.811,11.225,722,0
PBX,D,20161117,000000,10.811,10.841,9.769,10.146,163826,0
PBX,D,20161118,000000,11.085,11.085,10.333,10.794,4964,0
PBX,D,20161121,000000,10.803,10.803,10.427,10.794,54106,0
PBX,D,20161122,000000,10.333,10.333,9.967,10.333,3540,0
PBX,D,20161123,000000,10.897,10.897,10.897,10.897,26,0
PBX,D,20161124,000000,11.085,11.085,11.085,11.085,2,0
PBX,D,20161125,000000,11.085,11.085,11.085,11.085,74,0
PBX,D,20161129,000000,11.085,11.085,10.239,10.333,1961,0
PBX,D,20161130,000000,10.117,10.333,10.013,10.013,3055,0
PBX,D,20161201,000000,10.004,10.004,10.004,10.004,3758,0
PBX,D,20161205,000000,10.23,10.23,10.004,10.004,640,0
PBX,D,20161207,000000,10.531,10.531,9.582,9.863,11325,0
PBX,D,20161209,000000,9.863,10.136,9.863,9.863,655,0
PBX,D,20161212,000000,9.863,9.863,9.816,9.816,636,0
PBX,D,20161213,000000,9.816,9.863,9.816,9.816,2401,0
PBX,D,20161214,000000,10.004,10.004,9.816,9.816,18,0
PBX,D,20161215,000000,10.333,10.333,10.333,10.333,4,0
PBX,D,20161216,000000,9.769,9.769,9.769,9.769,60,0
PBX,D,20161219,000000,9.769,9.769,9.769,9.769,333,0
PBX,D,20161221,000000,10.333,10.333,9.3937,10.193,4292,0
PBX,D,20161222,000000,10.193,10.193,10.127,10.127,1596,0
PBX,D,20161227,000000,10.427,10.427,10.427,10.427,3,0
PBX,D,20161228,000000,10.417,10.417,9.863,10.323,31940,0
PBX,D,20161229,000000,10.323,10.323,10.314,10.314,21503,0
PBX,D,20170104,000000,9.863,10.314,9.863,10.314,12186,0
PBX,D,20170105,000000,9.863,10.136,9.863,10.136,1296,0
PBX,D,20170109,000000,10.098,10.098,10.098,10.098,106,0
PBX,D,20170110,000000,10.089,10.089,10.089,10.089,393,0
PBX,D,20170111,000000,9.769,10.173,9.769,10.107,1055,0
PBX,D,20170112,000000,9.675,9.675,9.675,9.675,1436,0
PBX,D,20170113,000000,10.23,10.23,9.863,10.146,9926,0
PBX,D,20170116,000000,9.4499,10.146,9.4499,10.146,9,0
PBX,D,20170118,000000,10.098,10.314,9.91,10.314,2160,0
PBX,D,20170119,000000,10.314,10.314,10.314,10.314,191,0
PBX,D,20170120,000000,10.314,10.333,10.314,10.333,2222,0
PBX,D,20170123,000000,10.427,10.577,10.427,10.474,665,0
PBX,D,20170124,000000,10.474,10.652,10.474,10.615,1193,0
PBX,D,20170125,000000,10.615,10.727,10.521,10.521,50913,0
PBX,D,20170126,000000,10.361,10.888,9.892,10.333,22038,0
PBX,D,20170127,000000,10.333,10.841,10.239,10.727,30417,0
PBX,D,20170130,000000,10.351,10.85,10.351,10.577,357,0
PBX,D,20170131,000000,10.577,10.784,10.521,10.521,12329,0
PBX,D,20170201,000000,10.567,10.567,10.333,10.559,2025,0
PBX,D,20170202,000000,10.559,10.737,10.333,10.737,309,0
PBX,D,20170203,000000,9.977,10.521,9.977,10.521,683,0
PBX,D,20170207,000000,10.323,10.521,10.323,10.521,746,0
PBX,D,20170208,000000,10.333,10.455,10.333,10.455,481,0
PBX,D,20170209,000000,10.381,10.381,10.381,10.381,5,0
PBX,D,20170210,000000,10.333,10.333,10.333,10.333,10671,0
PBX,D,20170213,000000,10.323,10.323,10.314,10.314,213,0
PBX,D,20170214,000000,10.305,10.314,10.239,10.314,343,0
PBX,D,20170216,000000,10.323,10.323,10.305,10.323,330,0
PBX,D,20170217,000000,10.305,10.305,10.239,10.239,129,0
PBX,D,20170220,000000,10.146,10.146,10.146,10.146,105,0
PBX,D,20170221,000000,10.323,10.323,9.883,10.051,5669,0
PBX,D,20170222,000000,10.051,10.051,9.0739,9.863,21847,0
PBX,D,20170223,000000,9.863,9.863,9.544,9.675,38790,0
PBX,D,20170224,000000,9.675,9.723,9.675,9.675,614,0
PBX,D,20170227,000000,10.23,10.23,10.23,10.23,1,0
PBX,D,20170228,000000,10.333,10.333,10.333,10.333,1152,0
PBX,D,20170301,000000,10.333,10.521,10.333,10.521,1064,0
PBX,D,20170302,000000,10.474,10.474,10.146,10.146,538,0
PBX,D,20170306,000000,9.863,10.333,9.863,10.333,10609,0
PBX,D,20170308,000000,10.333,10.333,10.287,10.287,969,0
PBX,D,20170309,000000,10.239,10.567,9.863,10.567,756,0
PBX,D,20170310,000000,9.957,10.521,9.957,10.521,557,0
PBX,D,20170313,000000,9.863,10.511,9.863,10.511,19,0
PBX,D,20170315,000000,9.883,10.193,9.863,9.939,7011,0
PBX,D,20170316,000000,10.511,10.511,10.511,10.511,1,0
PBX,D,20170320,000000,9.92,10.146,9.92,10.146,73,0
PBX,D,20170321,000000,10.146,10.146,9.629,9.629,6057,0
PBX,D,20170322,000000,9.629,9.629,9.629,9.629,4930,0
PBX,D,20170324,000000,10.23,10.23,10.23,10.23,2,0
PBX,D,20170329,000000,10.051,10.277,10.051,10.277,637,0
PBX,D,20170330,000000,9.3937,10.033,9.3937,9.639,66,0
PBX,D,20170331,000000,9.629,9.629,9.2997,9.582,3712,0
PBX,D,20170403,000000,10.043,10.043,10.043,10.043,2,0
PBX,D,20170404,000000,10.239,10.239,9.2252,9.3937,1418,0
PBX,D,20170405,000000,10.004,10.051,10.004,10.051,54,0
PBX,D,20170406,000000,10.23,10.23,9.91,10.043,342,0
PBX,D,20170407,000000,10.023,10.221,10.023,10.164,317,0
PBX,D,20170411,000000,10.164,10.164,10.164,10.164,15,0
PBX,D,20170412,000000,10.23,10.23,10.201,10.23,12,0
PBX,D,20170419,000000,10.221,10.221,10.221,10.221,2,0
PBX,D,20170420,000000,9.3094,10.051,9.3094,10.051,81,0
PBX,D,20170425,000000,9.816,10.004,9.816,10.004,36,0
PBX,D,20170426,000000,10.277,10.277,10.277,10.277,1,0
PBX,D,20170428,000000,10.287,10.287,9.863,10.043,609,0
PBX,D,20170502,000000,10.333,10.465,10.23,10.23,4085,0
PBX,D,20170504,000000,9.957,10.333,9.675,10.333,4447,0
PBX,D,20170505,000000,10.446,10.446,10.287,10.287,268,0
PBX,D,20170508,000000,10.277,10.277,10.127,10.127,5751,0
PBX,D,20170509,000000,9.4121,10.136,9.4121,10.127,569,0
PBX,D,20170510,000000,10.239,10.239,10.201,10.201,2147,0
PBX,D,20170512,000000,10.146,10.146,9.779,10.136,2205,0
PBX,D,20170515,000000,9.807,10.089,9.807,10.089,365,0
PBX,D,20170518,000000,9.723,9.769,9.675,9.675,1111,0
PBX,D,20170519,000000,9.4121,9.4121,9.3937,9.3937,13009,0
PBX,D,20170522,000000,10.098,10.098,9.1499,9.3937,1663,0
PBX,D,20170523,000000,9.789,9.789,9.187,9.3937,6077,0
PBX,D,20170524,000000,8.9335,9.789,8.9335,9.789,99,0
PBX,D,20170525,000000,9.2058,9.798,9.2058,9.798,3306,0
PBX,D,20170526,000000,9.3937,9.3937,9.2997,9.3937,7872,0
PBX,D,20170530,000000,9.863,9.863,9.863,9.863,2,0
PBX,D,20170531,000000,9.3937,9.3937,9.3937,9.3937,17831,0
PBX,D,20170601,000000,9.4024,9.4024,9.4024,9.4024,127,0
PBX,D,20170602,000000,9.939,9.939,9.3937,9.3937,3625,0
PBX,D,20170606,000000,9.3094,9.3094,9.2997,9.2997,3660,0
PBX,D,20170608,000000,9.3937,9.3937,9.2997,9.3937,6430,0
PBX,D,20170609,000000,9.3937,9.939,9.3937,9.939,835,0
PBX,D,20170612,000000,9.3937,9.3937,9.3937,9.3937,2129,0
PBX,D,20170613,000000,9.2997,9.2997,9.2997,9.2997,287,0
PBX,D,20170614,000000,9.2997,9.2997,9.2997,9.2997,213,0
PBX,D,20170616,000000,9.2997,9.2997,9.2997,9.2997,106,0
PBX,D,20170619,000000,9.2997,9.2997,9.2997,9.2997,106,0
PBX,D,20170620,000000,9.3937,9.798,9.3937,9.3937,1173,0
PBX,D,20170621,000000,9.385,9.385,9.385,9.385,141,0
PBX,D,20170623,000000,9.2997,9.2997,9.2997,9.2997,90,0
PBX,D,20170626,000000,9.2155,9.2155,9.2155,9.2155,304,0
PBX,D,20170628,000000,9.2523,9.2523,9.112,9.112,4709,0
PBX,D,20170629,000000,9.262,9.2997,9.2058,9.2058,2140,0
PBX,D,20170630,000000,9.112,9.112,9.112,9.112,1171,0
PBX,D,20170703,000000,9.112,9.112,9.112,9.112,101,0
PBX,D,20170704,000000,9.1215,9.1215,9.1215,9.1215,538,0
PBX,D,20170705,000000,8.9979,9.3782,8.9979,9.3782,394,0
PBX,D,20170706,000000,9.2165,9.2165,9.2068,9.2068,2420,0
PBX,D,20170710,000000,9.4063,9.501,9.4063,9.501,1074,0
PBX,D,20170711,000000,9.4925,9.4925,9.0834,9.3491,258,0
PBX,D,20170712,000000,9.1499,9.3879,9.0265,9.3879,4323,0
PBX,D,20170714,000000,9.3491,9.3491,9.0265,9.3114,4097,0
PBX,D,20170718,000000,9.3114,9.3114,9.3114,9.3114,163,0
PBX,D,20170719,000000,8.9979,8.9979,8.9789,8.9789,11394,0
PBX,D,20170720,000000,8.9789,8.9789,8.9789,8.9789,105,0
PBX,D,20170721,000000,9.1879,9.1879,9.1784,9.1784,1284,0
PBX,D,20170724,000000,8.9219,8.9219,8.9219,8.9219,1052,0
PBX,D,20170725,000000,8.8934,8.8934,8.7319,8.7319,7636,0
PBX,D,20170726,000000,8.8364,8.8364,8.8364,8.8364,947,0
PBX,D,20170728,000000,9.1784,9.1784,9.1784,9.1784,53,0
PBX,D,20170731,000000,9.2068,9.2068,8.7794,8.7794,1242,0
PBX,D,20170801,000000,9.0265,9.0265,8.6939,9.0265,5729,0
PBX,D,20170802,000000,9.0359,9.0739,8.7889,9.0739,52628,0
PBX,D,20170803,000000,9.0644,9.0644,9.0644,9.0644,211,0
PBX,D,20170804,000000,8.6653,9.0644,8.6653,9.0549,1235,0
PBX,D,20170807,000000,9.0265,9.0265,9.0265,9.0265,3258,0
PBX,D,20170809,000000,9.0454,9.0454,8.6653,8.6653,2912,0
PBX,D,20170810,000000,9.0265,9.0359,9.0265,9.0359,2616,0
PBX,D,20170814,000000,8.7889,8.7889,8.6653,8.6653,2243,0
PBX,D,20170816,000000,8.6653,8.6653,8.4563,8.5514,6727,0
PBX,D,20170817,000000,8.5038,8.5038,8.5038,8.5038,9069,0
PBX,D,20170818,000000,8.9789,8.9789,8.1238,8.5419,3809,0
PBX,D,20170821,000000,8.8839,8.8839,8.2662,8.8839,14,0
PBX,D,20170823,000000,8.8839,8.8839,8.8839,8.8839,169,0
PBX,D,20170828,000000,8.7414,8.9314,8.7414,8.9314,110,0
PBX,D,20170831,000000,8.9314,8.9789,8.9314,8.9789,58,0
PBX,D,20170908,000000,8.9124,8.9124,8.9124,8.9124,2,0
PBX,D,20170914,000000,8.8839,8.9124,8.8839,8.9124,284,0
PBX,D,20170915,000000,8.6558,8.6558,8.6464,8.6464,936,0
PBX,D,20170918,000000,8.9124,8.9124,8.9124,8.9124,168,0
PBX,D,20170920,000000,8.8744,8.8839,8.8744,8.8839,358,0
PBX,D,20170922,000000,8.8839,8.8839,8.3708,8.8839,316,0
PBX,D,20170926,000000,8.8839,8.8839,8.8649,8.8649,2,0
PBX,D,20171002,000000,8.3708,8.9124,8.3708,8.9124,140,0
PBX,D,20171003,000000,8.3708,8.3708,8.3708,8.3708,722,0
PBX,D,20171004,000000,8.5514,8.5514,8.5514,8.5514,2,0
PBX,D,20171009,000000,8.5038,8.6464,8.5038,8.6464,1531,0
PBX,D,20171011,000000,8.6464,8.6464,8.5514,8.5514,240,0
PBX,D,20171016,000000,8.5324,8.5324,8.5324,8.5324,4631,0
PBX,D,20171018,000000,8.3708,8.5514,8.3708,8.5514,1614,0
PBX,D,20171023,000000,8.5988,8.5988,8.5514,8.5514,421,0
PBX,D,20171024,000000,8.5514,8.5514,8.5514,8.5514,1579,0
PBX,D,20171026,000000,8.3708,8.5038,8.3613,8.4563,1865,0
PBX,D,20171027,000000,8.3613,8.5514,8.1712,8.5514,64121,0
PBX,D,20171030,000000,8.0762,8.5514,8.0762,8.5514,1128,0
PBX,D,20171106,000000,8.6464,8.6464,8.6464,8.6464,32,0
PBX,D,20171107,000000,8.6464,8.8269,8.5514,8.8269,854,0
PBX,D,20171108,000000,8.8364,8.8364,8.8364,8.8364,105,0
PBX,D,20171113,000000,8.8079,8.8364,8.8079,8.8364,66,0
PBX,D,20171116,000000,8.8269,8.8269,8.8269,8.8269,105,0
PBX,D,20171120,000000,8.8744,9.3685,8.5514,9.1215,14584,0
PBX,D,20171121,000000,9.4063,9.4063,9.1404,9.4063,21166,0
PBX,D,20171123,000000,9.4731,10.252,9.4731,9.977,10524,0
PBX,D,20171124,000000,9.834,10.224,9.834,10.224,51462,0
PBX,D,20171127,000000,10.214,10.214,9.872,9.882,117301,0
PBX,D,20171128,000000,9.558,9.967,9.1689,9.2261,129909,0
PBX,D,20171129,000000,9.967,9.967,9.501,9.501,31791,0
PBX,D,20171130,000000,9.501,9.501,9.3404,9.3404,251,0
PBX,D,20171204,000000,9.416,9.777,9.416,9.777,1791,0
PBX,D,20171205,000000,9.501,9.501,9.501,9.501,105,0
PBX,D,20171207,000000,9.4256,9.882,9.3114,9.787,40774,0
PBX,D,20171208,000000,9.4256,9.4256,9.4063,9.4063,2103,0
PBX,D,20171212,000000,9.0739,9.501,9.0739,9.501,235,0
PBX,D,20171214,000000,9.4828,9.501,9.4828,9.501,528,0
PBX,D,20171218,000000,9.1689,9.1689,9.1689,9.1689,61,0
PBX,D,20171219,000000,9.1689,9.1689,9.1689,9.1689,858,0
PBX,D,20171220,000000,9.0644,9.2165,8.9314,9.2165,1749,0
PBX,D,20171221,000000,8.9314,9.2833,8.9314,9.2833,1009,0
PBX,D,20171222,000000,9.2261,9.2261,9.2261,9.2261,105,0
PBX,D,20171227,000000,9.0739,9.0739,9.0739,9.0739,369,0
PBX,D,20171228,000000,9.2833,9.2833,9.2165,9.2165,389,0
PBX,D,20171229,000000,9.3114,9.501,9.2165,9.501,1305,0
PBX,D,20180103,000000,9.501,9.692,9.501,9.596,39744,0
PBX,D,20180104,000000,9.692,9.692,9.692,9.692,209541,0
PBX,D,20180105,000000,9.692,9.692,9.692,9.692,158,0
PBX,D,20180108,000000,9.692,9.692,9.692,9.692,15597,0
PBX,D,20180109,000000,9.692,9.787,9.501,9.787,209921,0
PBX,D,20180110,000000,9.596,9.787,9.596,9.787,11001,0
PBX,D,20180112,000000,9.787,9.787,9.787,9.787,21960,0
PBX,D,20180115,000000,9.787,9.787,9.501,9.501,22407,0
PBX,D,20180116,000000,9.501,9.596,9.501,9.596,18052,0
PBX,D,20180117,000000,9.787,9.787,9.787,9.787,8503,0
PBX,D,20180118,000000,9.787,9.787,9.692,9.787,105257,0
PBX,D,20180119,000000,9.692,9.787,9.692,9.787,16941,0
PBX,D,20180122,000000,9.787,9.787,9.692,9.787,1841,0
PBX,D,20180123,000000,9.501,9.501,9.501,9.501,25896,0
PBX,D,20180125,000000,9.501,9.501,9.3114,9.3114,61325,0
PBX,D,20180129,000000,9.596,9.787,9.596,9.596,65437,0
PBX,D,20180130,000000,9.596,9.692,9.3588,9.692,937,0
PBX,D,20180131,000000,9.692,9.692,9.692,9.692,42,0
PBX,D,20180201,000000,9.596,9.596,9.596,9.596,93,0
PBX,D,20180202,000000,9.596,9.692,9.501,9.596,42343,0
PBX,D,20180206,000000,9.3588,9.4063,9.3114,9.4063,2519,0
PBX,D,20180207,000000,9.4063,9.4063,9.4063,9.4063,1579,0
PBX,D,20180208,000000,9.4063,9.4063,9.1689,9.4063,41152,0
PBX,D,20180209,000000,9.3114,9.3114,9.3114,9.3114,267,0
PBX,D,20180212,000000,9.501,9.596,9.501,9.596,4,0
PBX,D,20180213,000000,9.596,9.596,9.3114,9.501,21278,0
PBX,D,20180214,000000,9.596,9.596,9.596,9.596,136,0
PBX,D,20180215,000000,9.692,9.692,9.692,9.692,131,0
PBX,D,20180216,000000,9.692,9.692,9.692,9.692,6488,0
PBX,D,20180221,000000,9.692,9.692,9.692,9.692,1873,0
PBX,D,20180222,000000,9.692,9.692,9.692,9.692,1052,0
PBX,D,20180223,000000,9.692,9.692,9.692,9.692,1810,0
PBX,D,20180226,000000,9.692,9.977,9.692,9.977,2831,0
PBX,D,20180302,000000,9.596,9.692,9.596,9.692,93,0
PBX,D,20180305,000000,9.882,9.882,9.4063,9.4063,1869,0
PBX,D,20180306,000000,9.2165,9.692,9.2165,9.692,169,0
PBX,D,20180308,000000,9.3114,9.977,9.3114,9.977,6886,0
PBX,D,20180309,000000,9.977,9.977,9.977,9.977,118,0
PBX,D,20180312,000000,9.692,9.977,9.692,9.977,528,0
PBX,D,20180314,000000,9.977,10.166,9.977,10.166,3771,0
PBX,D,20180315,000000,10.166,10.261,10.166,10.166,3419,0
PBX,D,20180319,000000,10.166,10.166,10.166,10.166,3444,0
PBX,D,20180320,000000,10.166,11.117,10.166,11.117,2736,0
PBX,D,20180321,000000,10.642,10.832,10.451,10.832,243,0
PBX,D,20180322,000000,10.451,11.022,9.882,11.022,4421,0
PBX,D,20180323,000000,10.072,10.261,10.072,10.261,6877,0
PBX,D,20180326,000000,10.927,10.927,9.692,9.692,9147,0
PBX,D,20180327,000000,9.692,9.692,9.692,9.692,1563,0
PBX,D,20180328,000000,9.882,10.261,9.882,10.261,17073,0
PBX,D,20180329,000000,10.261,10.261,10.261,10.261,1205,0
PBX,D,20180403,000000,10.261,10.261,10.166,10.166,11661,0
PBX,D,20180404,000000,10.261,10.261,10.166,10.261,15050,0
PBX,D,20180406,000000,10.261,10.261,9.787,10.261,12946,0
PBX,D,20180409,000000,10.261,10.356,10.261,10.356,358,0
PBX,D,20180416,000000,10.261,10.261,10.261,10.261,9,0
PBX,D,20180417,000000,9.692,9.787,9.692,9.692,29951,0
PBX,D,20180418,000000,9.882,9.882,9.882,9.882,158,0
PBX,D,20180419,000000,10.072,10.072,10.072,10.072,158,0
PBX,D,20180420,000000,10.072,10.072,9.501,9.977,1975,0
PBX,D,20180423,000000,9.787,10.072,9.787,10.072,13082,0
PBX,D,20180426,000000,9.882,10.072,9.501,9.977,1894,0
PBX,D,20180427,000000,9.501,9.882,9.4063,9.882,2689,0
PBX,D,20180430,000000,9.977,10.261,9.977,10.261,13072,0
PBX,D,20180502,000000,9.692,9.882,9.596,9.882,337,0
PBX,D,20180504,000000,10.261,10.261,10.261,10.261,1,0
PBX,D,20180507,000000,10.166,10.166,10.166,10.166,53,0
PBX,D,20180508,000000,9.692,10.166,9.692,10.166,1285,0
PBX,D,20180510,000000,9.501,10.356,9.501,10.261,8104,0
PBX,D,20180511,000000,10.261,10.261,10.261,10.261,7492,0
PBX,D,20180517,000000,10.261,10.547,10.261,10.451,15833,0
PBX,D,20180518,000000,10.832,10.832,10.547,10.547,337,0
PBX,D,20180521,000000,10.642,10.642,10.356,10.642,815,0
PBX,D,20180522,000000,10.166,10.451,10.166,10.451,21628,0
PBX,D,20180524,000000,10.072,10.166,9.692,9.787,5262,0
PBX,D,20180525,000000,9.787,9.787,9.787,9.787,326,0
PBX,D,20180528,000000,10.356,10.642,10.356,10.642,96560,0
PBX,D,20180529,000000,10.642,10.642,10.166,10.166,25147,0
PBX,D,20180530,000000,10.451,10.642,10.451,10.642,35876,0
PBX,D,20180601,000000,10.451,10.451,10.451,10.451,67358,0
PBX,D,20180604,000000,10.451,10.642,10.451,10.451,27936,0
PBX,D,20180606,000000,10.642,10.642,10.642,10.642,1579,0
PBX,D,20180607,000000,10.642,10.642,10.166,10.642,322,0
PBX,D,20180611,000000,10.451,10.642,10.166,10.642,168,0
PBX,D,20180612,000000,10.642,10.642,10.642,10.642,562,0
PBX,D,20180613,000000,10.642,10.642,10.642,10.642,423,0
PBX,D,20180614,000000,10.642,10.642,10.642,10.642,499,0
PBX,D,20180615,000000,10.642,10.642,10.642,10.642,2349,0
PBX,D,20180619,000000,10.451,10.451,10.451,10.451,17892,0
PBX,D,20180620,000000,10.737,10.737,10.737,10.737,1,0
PBX,D,20180621,000000,10.832,10.832,10.737,10.737,1315,0
PBX,D,20180622,000000,10.832,10.832,10.451,10.451,2921,0
PBX,D,20180626,000000,10.261,10.356,10.166,10.166,735,0
PBX,D,20180627,000000,10.261,10.261,10.072,10.072,1558,0
PBX,D,20180628,000000,10.072,10.072,9.787,10.072,141,0
PBX,D,20180629,000000,9.1689,10.072,9.1689,10.072,24974,0
PBX,D,20180706,000000,9.692,9.977,9.692,9.977,1166,0
PBX,D,20180710,000000,9.977,9.977,9.977,9.977,549,0
PBX,D,20180711,000000,9.977,9.977,9.977,9.977,4328,0
PBX,D,20180713,000000,9.882,9.882,9.882,9.882,211,0
PBX,D,20180716,000000,9.787,9.787,9.787,9.787,53,0
PBX,D,20180717,000000,9.787,9.882,9.787,9.882,528353,0
PBX,D,20180718,000000,9.787,10.072,9.692,10.072,21748,0
PBX,D,20180719,000000,10.556,10.556,10.556,10.556,1683,0
PBX,D,20180724,000000,10.265,10.265,10.265,10.265,21,0
PBX,D,20180727,000000,10.072,10.265,10.072,10.265,579,0
PBX,D,20180730,000000,9.975,10.265,9.975,10.265,204,0
PBX,D,20180731,000000,10.265,10.265,10.265,10.265,147,0
PBX,D,20180801,000000,9.975,10.265,9.975,10.265,392,0
PBX,D,20180802,000000,10.265,10.265,10.265,10.265,8,0
PBX,D,20180807,000000,10.072,10.072,9.975,9.975,684,0
PBX,D,20180808,000000,9.975,9.975,9.975,9.975,2279,0
PBX,D,20180809,000000,9.975,9.975,9.975,9.975,1033,0
PBX,D,20180810,000000,9.878,9.878,9.781,9.878,16686,0
PBX,D,20180813,000000,10.265,10.265,10.265,10.265,1,0
PBX,D,20180816,000000,9.878,9.878,9.878,9.878,21,0
PBX,D,20180817,000000,9.878,9.878,9.878,9.878,22201,0
PBX,D,20180820,000000,10.265,10.265,10.265,10.265,5,0
PBX,D,20180821,000000,9.975,9.975,9.975,9.975,207,0
PBX,D,20180822,000000,9.975,9.975,9.587,9.878,24527,0
PBX,D,20180824,000000,9.975,9.975,9.975,9.975,5,0
PBX,D,20180827,000000,9.975,9.975,9.975,9.975,27,0
PBX,D,20180828,000000,9.781,9.781,9.4905,9.4905,20397,0
PBX,D,20180829,000000,9.781,9.878,9.781,9.878,4,0
PBX,D,20180831,000000,9.781,9.781,9.2968,9.2968,25779,0
PBX,D,20180903,000000,9.2484,9.2484,9.2484,9.2484,238,0
PBX,D,20180904,000000,9.2968,9.2968,9.2968,9.2968,1239,0
PBX,D,20180905,000000,9.2968,9.2968,9.2,9.2,11937,0
PBX,D,20180906,000000,9.2,9.2,9.2,9.2,5163,0
PBX,D,20180907,000000,9.2,9.2,9.2,9.2,20652,0
PBX,D,20180910,000000,9.539,9.781,9.4905,9.4905,57956,0
PBX,D,20180911,000000,9.4905,9.684,9.4905,9.4905,13147,0
PBX,D,20180912,000000,9.4905,9.4905,9.4421,9.4421,1910,0
PBX,D,20180913,000000,9.4421,9.4421,9.2968,9.2968,32294,0
PBX,D,20180914,000000,9.4905,9.4905,9.4905,9.4905,3098,0
PBX,D,20180917,000000,9.975,9.975,9.3453,9.4905,6197,0
PBX,D,20180918,000000,9.4905,9.684,9.4905,9.684,8,0
PBX,D,20180920,000000,9.4905,9.4905,9.4905,9.4905,66466,0
PBX,D,20180921,000000,9.684,9.684,9.587,9.587,10182,0
PBX,D,20180925,000000,9.878,9.878,9.878,9.878,201,0
PBX,D,20180927,000000,9.684,9.684,9.684,9.684,2065,0
PBX,D,20180928,000000,9.636,9.636,9.587,9.587,774,0
PBX,D,20181001,000000,9.878,9.878,9.4905,9.684,2354,0
PBX,D,20181002,000000,9.4905,9.4905,9.4905,9.4905,5679,0
PBX,D,20181003,000000,9.4905,9.975,9.4905,9.975,28168,0
PBX,D,20181004,000000,9.975,10.653,9.975,10.459,123926,0
PBX,D,20181005,000000,10.265,10.653,10.265,10.653,2752,0
PBX,D,20181008,000000,10.653,10.653,10.653,10.653,1413,0
PBX,D,20181009,000000,10.653,10.653,10.653,10.653,72,0
PBX,D,20181010,000000,10.749,10.846,10.556,10.846,23443,0
PBX,D,20181011,000000,10.556,10.943,10.556,10.943,33405,0
PBX,D,20181012,000000,11.04,11.234,10.846,11.04,17986,0
PBX,D,20181015,000000,11.234,11.234,10.846,11.234,18012,0
PBX,D,20181016,000000,11.427,11.718,11.427,11.718,2905,0
PBX,D,20181017,000000,11.912,11.912,11.621,11.621,3469,0
PBX,D,20181018,000000,11.621,11.815,11.621,11.815,202,0
PBX,D,20181019,000000,11.524,12.008,11.524,11.621,43364,0
PBX,D,20181022,000000,12.008,12.008,11.524,11.621,14436,0
PBX,D,20181023,000000,11.524,11.621,11.331,11.621,24855,0
PBX,D,20181024,000000,11.621,11.621,11.621,11.621,215,0
PBX,D,20181025,000000,11.137,11.427,10.943,11.427,26785,0
PBX,D,20181026,000000,11.331,11.427,10.749,11.427,1415,0
PBX,D,20181029,000000,11.331,11.427,11.331,11.427,217,0
PBX,D,20181030,000000,11.137,11.137,11.137,11.137,20859,0
PBX,D,20181031,000000,10.846,11.137,10.653,11.137,24096,0
PBX,D,20181102,000000,11.427,11.524,11.137,11.524,8181,0
PBX,D,20181105,000000,11.524,11.524,11.137,11.137,2230,0
PBX,D,20181107,000000,11.137,11.137,11.137,11.137,1652,0
PBX,D,20181108,000000,11.137,11.137,11.137,11.137,5473,0
PBX,D,20181113,000000,11.137,11.137,11.137,11.137,6431,0
PBX,D,20181114,000000,10.846,10.846,10.846,10.846,1157,0
PBX,D,20181116,000000,10.653,10.846,10.653,10.846,5212,0
PBX,D,20181120,000000,10.943,10.943,10.943,10.943,1196,0
PBX,D,20181121,000000,10.846,10.846,10.653,10.653,2168,0
PBX,D,20181122,000000,10.556,10.943,10.556,10.943,2717,0
PBX,D,20181123,000000,11.04,11.04,11.04,11.04,1033,0
PBX,D,20181126,000000,11.137,11.524,11.137,11.234,126098,0
PBX,D,20181127,000000,11.331,12.202,11.137,12.008,76194,0
PBX,D,20181128,000000,12.299,12.589,12.202,12.299,42231,0
PBX,D,20181129,000000,12.493,12.88,12.202,12.202,28733,0
PBX,D,20181130,000000,12.299,12.493,12.105,12.396,6872,0
PBX,D,20181203,000000,12.493,12.977,12.396,12.977,33258,0
PBX,D,20181204,000000,13.171,13.171,12.589,12.977,16431,0
PBX,D,20181205,000000,12.88,12.88,12.589,12.783,1610,0
PBX,D,20181206,000000,12.589,12.686,12.299,12.589,2407,0
PBX,D,20181207,000000,12.493,12.493,12.105,12.493,3149,0
PBX,D,20181210,000000,12.493,12.493,12.396,12.396,313,0
PBX,D,20181211,000000,12.396,12.396,12.105,12.299,3578,0
PBX,D,20181212,000000,12.105,12.686,12.105,12.686,30221,0
PBX,D,20181213,000000,12.88,13.074,12.493,12.493,21919,0
PBX,D,20181214,000000,12.493,12.88,12.493,12.783,1626,0
PBX,D,20181217,000000,12.783,12.783,12.493,12.493,1551,0
PBX,D,20181218,000000,12.493,12.686,12.396,12.686,6045,0
PBX,D,20181220,000000,12.396,12.493,12.008,12.008,9189,0
PBX,D,20181221,000000,12.202,12.202,11.912,11.912,2575,0
PBX,D,20181227,000000,12.008,12.299,12.008,12.299,2158,0
PBX,D,20181228,000000,12.396,12.493,12.105,12.493,9063,0
PBX,D,20190102,000000,12.686,12.88,12.299,12.686,532,0
PBX,D,20190103,000000,12.686,12.686,12.105,12.396,3248,0
PBX,D,20190104,000000,12.396,12.493,12.396,12.396,1598,0
PBX,D,20190107,000000,12.396,12.783,12.396,12.686,2262,0
PBX,D,20190108,000000,12.299,12.299,11.815,12.008,12061,0
PBX,D,20190109,000000,11.912,12.202,11.621,11.815,3389,0
PBX,D,20190110,000000,12.396,12.396,11.815,11.815,1194,0
PBX,D,20190111,000000,12.008,12.202,11.815,12.105,13814,0
PBX,D,20190114,000000,12.105,12.105,11.912,11.912,981,0
PBX,D,20190115,000000,12.105,12.202,11.815,12.105,5877,0
PBX,D,20190116,000000,12.008,12.105,12.008,12.105,1881,0
PBX,D,20190117,000000,12.105,12.202,12.008,12.202,5809,0
PBX,D,20190118,000000,12.202,12.202,11.815,11.815,3376,0
PBX,D,20190121,000000,11.815,11.815,11.137,11.137,12676,0
PBX,D,20190122,000000,11.234,11.331,10.846,11.137,8700,0
PBX,D,20190123,000000,11.137,11.331,10.653,10.846,13829,0
PBX,D,20190124,000000,11.234,11.234,11.04,11.137,281,0
PBX,D,20190125,000000,10.943,11.331,10.846,11.331,2009,0
PBX,D,20190128,000000,11.331,11.427,10.943,11.427,2000,0
PBX,D,20190129,000000,11.331,11.427,11.137,11.427,1353,0
PBX,D,20190130,000000,11.331,11.331,11.04,11.234,2112,0
PBX,D,20190131,000000,11.427,11.427,11.04,11.427,130,0
PBX,D,20190201,000000,11.427,11.621,11.234,11.524,4760,0
PBX,D,20190204,000000,11.427,11.427,11.137,11.427,271,0
PBX,D,20190205,000000,11.427,11.524,11.137,11.524,7165,0
PBX,D,20190206,000000,11.137,11.331,11.137,11.331,1190,0
PBX,D,20190207,000000,11.331,11.331,11.137,11.137,2921,0
PBX,D,20190208,000000,11.04,11.331,11.04,11.331,99,0
PBX,D,20190211,000000,11.331,11.331,10.362,11.04,8028,0
PBX,D,20190212,000000,11.234,11.234,11.234,11.234,2,0
PBX,D,20190213,000000,11.234,11.234,10.943,11.234,1284,0
PBX,D,20190214,000000,11.234,11.234,11.234,11.234,442,0
PBX,D,20190215,000000,11.234,11.331,10.943,10.943,1336,0
PBX,D,20190218,000000,11.137,11.137,11.137,11.137,1321,0
PBX,D,20190219,000000,11.234,11.427,11.234,11.427,1951,0
PBX,D,20190220,000000,11.234,11.427,11.234,11.427,1578,0
PBX,D,20190221,000000,11.331,11.331,11.331,11.331,490,0
PBX,D,20190222,000000,11.331,11.331,11.137,11.137,4148,0
PBX,D,20190225,000000,11.137,11.137,11.04,11.04,1394,0
PBX,D,20190226,000000,11.331,11.427,11.331,11.427,1277,0
PBX,D,20190227,000000,11.427,11.815,11.427,11.815,6531,0
PBX,D,20190228,000000,11.718,11.912,11.524,11.912,30703,0
PBX,D,20190301,000000,11.912,12.105,11.912,12.105,3780,0
PBX,D,20190304,000000,12.105,12.202,12.105,12.202,2447,0
PBX,D,20190305,000000,11.912,12.202,11.912,12.008,30767,0
PBX,D,20190306,000000,11.912,11.912,11.912,11.912,2186,0
PBX,D,20190307,000000,11.912,11.912,11.815,11.815,12877,0
PBX,D,20190308,000000,11.718,11.718,11.427,11.718,23167,0
PBX,D,20190311,000000,11.815,11.815,11.427,11.718,3934,0
PBX,D,20190312,000000,11.621,11.815,11.524,11.621,16826,0
PBX,D,20190313,000000,11.621,11.621,11.621,11.621,129,0
PBX,D,20190315,000000,11.621,11.621,11.621,11.621,103,0
PBX,D,20190318,000000,11.621,11.621,11.621,11.621,46,0
PBX,D,20190319,000000,11.427,11.621,11.331,11.331,55373,0
PBX,D,20190321,000000,11.331,11.331,11.137,11.331,23367,0
PBX,D,20190322,000000,11.331,11.331,11.04,11.04,2199,0
PBX,D,20190325,000000,11.04,11.137,10.943,10.943,53685,0
PBX,D,20190326,000000,10.943,11.04,10.653,10.653,6165,0
PBX,D,20190327,000000,10.943,10.943,10.653,10.653,3955,0
PBX,D,20190328,000000,10.556,11.137,10.556,11.137,2828,0
PBX,D,20190329,000000,10.846,11.427,10.846,11.427,228434,0
PBX,D,20190401,000000,11.427,11.427,11.331,11.331,160,0
PBX,D,20190402,000000,11.331,11.331,10.653,11.234,352847,0
PBX,D,20190403,000000,11.331,11.331,10.653,11.137,1997,0
PBX,D,20190404,000000,11.137,11.137,11.137,11.137,309,0
PBX,D,20190405,000000,11.137,11.137,11.137,11.137,26022,0
PBX,D,20190408,000000,11.234,11.524,11.137,11.234,7951,0
PBX,D,20190409,000000,11.234,11.234,11.234,11.234,465,0
PBX,D,20190410,000000,11.04,11.04,11.04,11.04,3176,0
PBX,D,20190411,000000,11.427,11.427,11.04,11.04,15566,0
PBX,D,20190412,000000,11.04,11.04,10.846,10.943,1695,0
PBX,D,20190415,000000,10.749,10.846,10.749,10.846,626,0
PBX,D,20190416,000000,10.846,10.943,10.556,10.943,3715,0
PBX,D,20190417,000000,10.943,10.943,10.653,10.846,1291,0
PBX,D,20190418,000000,10.846,11.04,9.684,9.684,52321,0
PBX,D,20190423,000000,9.975,10.072,9.781,9.878,3033,0
PBX,D,20190424,000000,9.781,9.878,9.587,9.636,26105,0
PBX,D,20190425,000000,9.684,9.684,9.587,9.684,6454,0
PBX,D,20190426,000000,9.684,9.684,9.636,9.684,16817,0
PBX,D,20190429,000000,9.975,10.072,9.684,9.684,15713,0
PBX,D,20190430,000000,9.684,9.684,9.636,9.684,1370,0
PBX,D,20190502,000000,9.684,9.975,9.684,9.684,1138,0
PBX,D,20190506,000000,9.684,9.878,9.636,9.636,3194,0
PBX,D,20190507,000000,9.587,9.587,9.587,9.587,2323,0
PBX,D,20190508,000000,9.587,9.587,9.3937,9.587,3988,0
PBX,D,20190509,000000,9.539,9.636,9.539,9.587,3500,0
PBX,D,20190510,000000,9.636,9.636,9.3937,9.636,3193,0
PBX,D,20190513,000000,9.3937,9.3937,9.3937,9.3937,10120,0
PBX,D,20190514,000000,9.4421,9.4421,9.3453,9.3453,3124,0
PBX,D,20190515,000000,9.2968,9.2968,9.0063,9.1516,4869,0
PBX,D,20190516,000000,9.1032,9.1032,8.9579,8.9579,3290,0
PBX,D,20190517,000000,9.0547,9.0547,9.0063,9.0547,3604,0
PBX,D,20190520,000000,9.1032,9.2484,9.1032,9.2,5111,0
PBX,D,20190521,000000,9.1032,9.1032,9.0063,9.0063,7164,0
PBX,D,20190522,000000,9.0063,9.0063,8.9579,9.0063,23131,0
PBX,D,20190523,000000,9.0063,9.0063,9.0063,9.0063,4853,0
PBX,D,20190524,000000,9.0063,9.1032,8.9579,9.0063,23719,0
PBX,D,20190527,000000,9.3937,9.3937,9.0063,9.0063,850,0
PBX,D,20190528,000000,8.9579,9.0547,8.9579,9.0547,1080,0
PBX,D,20190529,000000,8.9579,9.1032,8.9095,9.1032,2499,0
PBX,D,20190530,000000,9.1032,9.1032,9.0063,9.0063,7387,0
PBX,D,20190531,000000,9.1032,9.1032,9.0063,9.0063,3779,0
PBX,D,20190603,000000,9.1032,9.1032,9.0063,9.0063,1833,0
PBX,D,20190605,000000,9.1032,9.4905,9.1032,9.4905,4745,0
PBX,D,20190606,000000,9.636,9.878,9.636,9.878,2516,0
PBX,D,20190607,000000,9.781,9.975,9.781,9.975,310,0
PBX,D,20190610,000000,9.781,9.781,9.781,9.781,516,0
PBX,D,20190611,000000,9.684,9.684,9.4905,9.636,837,0
PBX,D,20190612,000000,9.3937,9.587,9.3453,9.587,1692,0
PBX,D,20190613,000000,9.636,9.781,9.636,9.781,5568,0
PBX,D,20190614,000000,9.781,9.781,9.781,9.781,1062,0
PBX,D,20190617,000000,9.781,9.781,9.781,9.781,1487,0
PBX,D,20190618,000000,9.684,9.684,9.684,9.684,276,0
PBX,D,20190619,000000,9.684,9.878,9.684,9.878,1030,0
PBX,D,20190621,000000,9.684,9.684,9.684,9.684,258,0
PBX,D,20190624,000000,9.684,9.684,9.684,9.684,413,0
PBX,D,20190625,000000,9.539,9.636,9.539,9.636,454,0
PBX,D,20190626,000000,9.4905,9.4905,9.2484,9.2968,1769,0
PBX,D,20190627,000000,9.2968,9.2968,9.1032,9.2,2184,0
PBX,D,20190628,000000,9.35,9.95,9.35,9.95,9298,0
PBX,D,20190701,000000,9.7,10,9.7,9.85,3504,0
PBX,D,20190702,000000,9.95,10.3,9.95,10.1,2680,0
PBX,D,20190703,000000,10,10.1,9.95,10.1,1176,0
PBX,D,20190704,000000,10.1,10.3,10.1,10.3,523,0
PBX,D,20190705,000000,10.2,10.3,10.1,10.3,2325,0
PBX,D,20190708,000000,10.3,10.5,10.3,10.4,1425,0
PBX,D,20190709,000000,10.3,10.3,10.3,10.3,1000,0
PBX,D,20190710,000000,10.4,10.4,10.2,10.2,365,0
PBX,D,20190711,000000,10.2,10.2,10.2,10.2,736,0
PBX,D,20190712,000000,10.2,10.2,10,10,1013,0
PBX,D,20190715,000000,10,10,9.4,9.45,7299,0
PBX,D,20190716,000000,9.85,9.9,9.85,9.9,730,0
PBX,D,20190717,000000,9.6,9.6,9.2,9.5,11510,0
PBX,D,20190718,000000,9.5,9.75,9.5,9.75,1605,0
PBX,D,20190722,000000,9.7,9.7,9.45,9.6,1205,0
PBX,D,20190724,000000,9.5,9.5,9.4,9.4,200,0
PBX,D,20190726,000000,9.6,9.85,9.6,9.85,1149,0
PBX,D,20190729,000000,9.65,9.7,9.65,9.7,1752,0
PBX,D,20190730,000000,9.6,9.7,9.5,9.7,3611,0
PBX,D,20190731,000000,9.75,9.85,9.7,9.85,1572,0
PBX,D,20190801,000000,9.9,9.9,9.9,9.9,10,0
PBX,D,20190805,000000,9.85,10,9.85,9.9,6552,0
PBX,D,20190806,000000,9.65,9.65,9.65,9.65,150,0
PBX,D,20190807,000000,9.55,9.55,9.55,9.55,31000,0
PBX,D,20190808,000000,9.85,9.85,9.85,9.85,150,0
PBX,D,20190809,000000,9.85,9.85,9.85,9.85,2,0
PBX,D,20190812,000000,9.6,9.6,9.55,9.55,210,0
PBX,D,20190814,000000,9.55,9.65,9.55,9.6,308,0
PBX,D,20190819,000000,9.75,9.85,9.55,9.55,2987,0
PBX,D,20190820,000000,9.7,9.7,9.3,9.3,5938,0
PBX,D,20190821,000000,9.4,9.4,8.85,8.85,54503,0
PBX,D,20190822,000000,8.85,8.85,8.4,8.5,20079,0
PBX,D,20190823,000000,8.45,8.5,8.2,8.5,9016,0
PBX,D,20190826,000000,8.25,8.25,8.25,8.25,3567,0
PBX,D,20190827,000000,8.25,8.25,7.9,7.95,10696,0
PBX,D,20190828,000000,7.75,8.25,7.7,8.25,6327,0
PBX,D,20190829,000000,8.35,8.35,8.1,8.1,5961,0
PBX,D,20190830,000000,8.35,8.4,7.85,8.2,2430,0
PBX,D,20190902,000000,8.3,8.3,8.1,8.1,4103,0
PBX,D,20190903,000000,8.1,8.1,7.8,8,9229,0
PBX,D,20190904,000000,8,8,8,8,3528,0
PBX,D,20190905,000000,8.05,8.1,8,8,13219,0
PBX,D,20190906,000000,7.75,8.4,7.7,8.4,4583,0
PBX,D,20190909,000000,8.4,8.4,7.95,7.95,19470,0
PBX,D,20190910,000000,8,8,7.7,7.75,45680,0
PBX,D,20190911,000000,7.75,8.1,7.75,7.9,24283,0
PBX,D,20190912,000000,7.75,7.9,7.65,7.7,4381,0
PBX,D,20190913,000000,7.85,7.85,7.55,7.7,9621,0
PBX,D,20190916,000000,7.65,7.7,7.6,7.65,7923,0
PBX,D,20190917,000000,7.65,7.65,7.5,7.55,9699,0
PBX,D,20190918,000000,7.55,7.55,7.5,7.5,3000,0
PBX,D,20190919,000000,7.55,7.55,7.35,7.4,6973,0
PBX,D,20190920,000000,7.6,7.6,7.35,7.55,18099,0
PBX,D,20190923,000000,7.5,7.6,7.4,7.55,18528,0
PBX,D,20190925,000000,7.55,7.55,7.4,7.55,612,0
PBX,D,20190926,000000,7.6,7.75,7.6,7.75,76097,0
PBX,D,20190927,000000,7.85,7.85,7.5,7.5,4279,0
PBX,D,20190930,000000,7.85,7.85,7.45,7.5,7895,0
PBX,D,20191001,000000,7.7,7.8,7.7,7.7,1280,0
PBX,D,20191002,000000,7.8,7.85,7.8,7.85,515,0
PBX,D,20191003,000000,7.85,7.85,7.85,7.85,80,0
PBX,D,20191004,000000,7.95,8.35,7.85,8.35,2045,0
PBX,D,20191007,000000,8.35,8.35,7.9,8.25,1407,0
PBX,D,20191009,000000,8.2,8.2,8.2,8.2,355,0
PBX,D,20191010,000000,8.25,8.25,8,8,1923,0
PBX,D,20191011,000000,8.2,8.25,8.1,8.1,2226,0
PBX,D,20191014,000000,8.2,8.2,8.1,8.2,1943,0
PBX,D,20191015,000000,8.3,8.3,8.1,8.1,96,0
PBX,D,20191016,000000,8.15,8.15,8.15,8.15,111,0
PBX,D,20191017,000000,8.1,8.3,8.1,8.3,435,0
PBX,D,20191018,000000,8.25,8.25,8.25,8.25,429,0
PBX,D,20191021,000000,8.15,8.15,8.1,8.1,315,0
PBX,D,20191024,000000,8.3,8.3,8.15,8.15,700,0
PBX,D,20191025,000000,8.25,8.25,8.05,8.2,1389,0
PBX,D,20191028,000000,8.3,8.3,8.3,8.3,1,0
PBX,D,20191029,000000,8.05,8.05,8.05,8.05,145,0
PBX,D,20191030,000000,8.1,8.2,8.1,8.2,100302,0
PBX,D,20191031,000000,8.2,8.25,8,8,1385,0
PBX,D,20191104,000000,8.1,8.2,7.9,8.15,40542,0
PBX,D,20191105,000000,8.25,8.3,8.2,8.2,2725,0
PBX,D,20191106,000000,8.2,8.2,8.2,8.2,167,0
PBX,D,20191107,000000,8.2,8.2,7.9,8.15,2339,0
PBX,D,20191108,000000,8.15,8.15,8.05,8.05,7660,0
PBX,D,20191112,000000,8,8,7.9,7.9,5907,0
PBX,D,20191113,000000,7.85,8,7.8,8,41829,0
PBX,D,20191114,000000,8.1,8.15,8.1,8.15,13618,0
PBX,D,20191115,000000,8.15,8.2,8.05,8.15,1390,0
PBX,D,20191118,000000,8.15,8.25,8.15,8.25,11495,0
PBX,D,20191119,000000,8.25,8.55,8.25,8.4,6825,0
PBX,D,20191120,000000,8.5,8.55,8.45,8.5,11823,0
PBX,D,20191121,000000,8.55,8.55,8.2,8.2,7795,0
PBX,D,20191122,000000,8.7,8.9,8.35,8.8,66552,0
PBX,D,20191125,000000,8.9,8.9,8.55,8.7,3569,0
PBX,D,20191126,000000,8.7,8.8,8.7,8.8,1780,0
PBX,D,20191127,000000,8.6,8.7,8.6,8.7,200,0
PBX,D,20191128,000000,8.7,8.8,8.6,8.8,901,0
PBX,D,20191129,000000,8.7,8.9,8.7,8.9,4533,0
PBX,D,20191202,000000,8.95,8.95,8.85,8.85,5296,0
PBX,D,20191203,000000,8.9,9.1,8.85,9,3380,0
PBX,D,20191204,000000,9,9.2,9,9.2,6054,0
PBX,D,20191205,000000,9.3,9.3,9.3,9.3,242,0
PBX,D,20191206,000000,9.1,9.15,9,9,20474,0
PBX,D,20191209,000000,9.2,9.25,9,9.25,2328,0
PBX,D,20191210,000000,9,9,9,9,2601,0
PBX,D,20191211,000000,9,9,9,9,186,0
PBX,D,20191212,000000,8.95,9,8.95,9,30000,0
PBX,D,20191213,000000,9.1,9.3,9.05,9.3,90152,0
PBX,D,20191216,000000,9.1,9.25,9.1,9.25,277,0
PBX,D,20191217,000000,9.25,9.4,9.1,9.4,4492,0
PBX,D,20191218,000000,9.4,9.6,9.1,9.25,9544,0
PBX,D,20191219,000000,9.25,9.5,9.15,9.25,25986,0
PBX,D,20191220,000000,9.2,9.45,9.1,9.25,5744,0
PBX,D,20191223,000000,9.25,9.25,9,9,7024,0
PBX,D,20191227,000000,9.1,9.1,9.1,9.1,2,0
PBX,D,20191230,000000,9.1,9.35,9.1,9.25,6488,0
PBX,D,20200102,000000,9.5,9.85,9.5,9.85,4694,0
PBX,D,20200103,000000,9.75,9.75,9.2,9.5,5451,0
PBX,D,20200107,000000,9.5,9.85,9.45,9.7,5710,0
PBX,D,20200108,000000,9.7,9.7,9.4,9.5,4197,0
PBX,D,20200109,000000,9.5,9.7,9.4,9.7,8729,0
PBX,D,20200110,000000,9.6,9.65,9.5,9.5,8901,0
PBX,D,20200113,000000,9.55,10,9.5,9.6,11513,0
PBX,D,20200114,000000,9.75,10,9.75,10,4446,0
PBX,D,20200115,000000,10,10.3,10,10.3,6004,0
PBX,D,20200116,000000,10.3,10.7,10.2,10.2,14171,0
PBX,D,20200117,000000,10.4,11.2,10.4,11.2,37433,0
PBX,D,20200120,000000,11.3,11.5,11.2,11.3,3633,0
PBX,D,20200121,000000,11.2,11.3,11.2,11.3,740,0
PBX,D,20200122,000000,11.2,11.2,10.8,11.2,1533,0
PBX,D,20200123,000000,11.2,11.2,11.1,11.1,7169,0
PBX,D,20200124,000000,11.1,12,11.1,11.7,33770,0
PBX,D,20200127,000000,11.5,11.5,11,11.2,7184,0
PBX,D,20200128,000000,11.5,11.8,11.5,11.8,4205,0
PBX,D,20200129,000000,11.8,11.9,11.4,11.8,1140,0
PBX,D,20200130,000000,11.5,11.8,11.5,11.7,231,0
PBX,D,20200131,000000,11.5,11.7,11.4,11.6,621,0
PBX,D,20200203,000000,11.7,11.8,11.6,11.8,2581,0
PBX,D,20200204,000000,11.7,11.8,11.5,11.6,3847,0
PBX,D,20200205,000000,11.7,11.9,11.5,11.8,9250,0
PBX,D,20200206,000000,11.6,11.7,11.3,11.7,1381,0
PBX,D,20200207,000000,11.6,12,11.6,11.8,6376,0
PBX,D,20200210,000000,11.7,11.9,11.3,11.4,10459,0
PBX,D,20200211,000000,11.3,11.3,10.8,11.3,17279,0
PBX,D,20200212,000000,11,11.4,11,11.4,1454,0
PBX,D,20200213,000000,11.2,11.7,11.2,11.7,205,0
PBX,D,20200214,000000,11.4,11.5,11.2,11.5,3969,0
PBX,D,20200217,000000,11.5,11.5,11.1,11.1,1322,0
PBX,D,20200218,000000,11.3,11.3,11,11.2,104,0
PBX,D,20200219,000000,11.3,11.5,10.8,10.9,3346,0
PBX,D,20200220,000000,11.3,11.3,10.9,11.1,7137,0
PBX,D,20200221,000000,11,11.1,11,11.1,1024,0
PBX,D,20200224,000000,10.8,10.8,9.75,10.6,5294,0
PBX,D,20200225,000000,10.6,11,10.4,10.6,4587,0
PBX,D,20200226,000000,10.2,10.9,9.75,10.8,9631,0
PBX,D,20200227,000000,10.1,10.6,9.75,9.75,4657,0
PBX,D,20200228,000000,9.7,9.9,9.25,9.9,15061,0
PBX,D,20200302,000000,9.9,10,9,9.8,26653,0
PBX,D,20200303,000000,9.6,10,9.6,10,3832,0
PBX,D,20200304,000000,9.6,10,9.6,10,4769,0
PBX,D,20200305,000000,9.8,9.8,9.8,9.8,783,0
PBX,D,20200306,000000,9.35,10,9.35,10,5429,0
PBX,D,20200309,000000,9.1,9.5,8.7,9.3,9571,0
PBX,D,20200310,000000,9.4,9.7,9.4,9.7,1538,0
PBX,D,20200311,000000,9.3,9.45,9,9.1,4242,0
PBX,D,20200312,000000,8.1,8.45,7.5,8.4,2478,0
PBX,D,20200313,000000,7.9,8.65,7.9,8.4,7494,0
PBX,D,20200316,000000,7.45,8.15,7.45,8.05,19556,0
PBX,D,20200317,000000,8,8.4,7.8,8.35,12387,0
PBX,D,20200318,000000,8.3,8.4,8,8,1289,0
PBX,D,20200319,000000,8.15,8.35,7.5,7.55,13679,0
PBX,D,20200320,000000,7.95,8,7,7,34234,0
PBX,D,20200323,000000,7.2,7.2,6.5,7,4668,0
PBX,D,20200324,000000,7.5,7.5,6.95,7.2,4347,0
PBX,D,20200325,000000,7.45,7.45,6.8,6.8,1084,0
PBX,D,20200326,000000,7.2,7.5,6.95,7.5,9376,0
PBX,D,20200327,000000,7.4,7.4,7,7.15,12562,0
PBX,D,20200330,000000,7.25,7.25,6.8,7.05,9669,0
PBX,D,20200331,000000,7.2,7.35,7.05,7.35,3894,0
PBX,D,20200401,000000,7.2,7.2,7,7,2094,0
PBX,D,20200402,000000,7,7.14,7,7,2130,0
PBX,D,20200403,000000,7.02,7.14,6.8,6.98,23532,0
PBX,D,20200406,000000,7,7.2,6.9,6.98,11617,0
PBX,D,20200407,000000,7,7.64,7,7.28,20658,0
PBX,D,20200408,000000,7.48,7.48,7.08,7.26,6231,0
PBX,D,20200409,000000,7.48,7.58,7.3,7.48,4228,0
PBX,D,20200414,000000,7.5,8.14,7.5,7.9,15129,0
PBX,D,20200415,000000,8.04,8.04,7.7,7.88,10513,0
PBX,D,20200416,000000,7.92,8.38,7.92,8.38,4781,0
PBX,D,20200417,000000,8.06,8.4,8.06,8.36,8220,0
PBX,D,20200420,000000,8.4,8.7,8.4,8.64,3906,0
PBX,D,20200421,000000,8.84,8.84,7.96,8.36,3759,0
PBX,D,20200422,000000,8.2,8.46,8,8.46,1320,0
PBX,D,20200423,000000,8.16,8.5,8,8.4,9556,0
PBX,D,20200424,000000,8.4,10.1,8.4,9.4,31311,0
PBX,D,20200427,000000,9.58,9.96,9.04,9.94,38046,0
PBX,D,20200428,000000,9.7,9.8,9.32,9.46,3842,0
PBX,D,20200429,000000,9.46,9.52,9.1,9.24,14334,0
PBX,D,20200430,000000,9.24,9.5,9.14,9.5,6124,0
PBX,D,20200504,000000,9.78,9.78,9.48,9.5,7923,0
PBX,D,20200505,000000,9.5,9.6,9.4,9.44,327,0
PBX,D,20200506,000000,9.58,9.6,9.2,9.4,2467,0
PBX,D,20200507,000000,9.1,10,9.04,9.8,24592,0
PBX,D,20200508,000000,9.8,9.8,9.44,9.44,8430,0
PBX,D,20200511,000000,9.7,9.7,9.04,9.36,13339,0
PBX,D,20200512,000000,9.42,9.96,9.42,9.92,9452,0
PBX,D,20200513,000000,9.6,9.88,9.6,9.88,5351,0
PBX,D,20200514,000000,9.62,9.62,9.5,9.5,1070,0
PBX,D,20200515,000000,9.52,9.86,9.3,9.74,1084,0
PBX,D,20200518,000000,9.32,9.76,9.2,9.7,15368,0
PBX,D,20200519,000000,9.86,9.86,9.48,9.48,924,0
PBX,D,20200520,000000,9.48,9.54,9.44,9.5,2637,0
PBX,D,20200521,000000,9.8,9.8,9.6,9.8,3915,0
PBX,D,20200522,000000,10.3,10.6,9.92,10.4,31169,0
PBX,D,20200525,000000,10.45,10.6,10,10.6,16569,0
PBX,D,20200526,000000,10.55,10.6,10.3,10.6,10890,0
PBX,D,20200527,000000,10.6,10.7,10.35,10.6,1877,0
PBX,D,20200528,000000,10.5,10.9,10.5,10.8,28687,0
PBX,D,20200529,000000,10.8,10.8,10.7,10.7,1230,0
PBX,D,20200601,000000,10.7,10.7,10.4,10.4,3411,0
PBX,D,20200602,000000,10.4,10.7,10.1,10.4,5184,0
PBX,D,20200603,000000,10.35,10.6,10.35,10.4,1345,0
PBX,D,20200604,000000,10.4,11,10.4,10.9,16797,0
PBX,D,20200605,000000,10.95,11.5,10.95,11.45,31571,0
PBX,D,20200608,000000,11.45,12.1,10.7,12.05,55313,0
PBX,D,20200609,000000,12.1,12.4,12,12.3,56032,0
PBX,D,20200610,000000,11.85,12.15,11,12.15,24086,0
PBX,D,20200612,000000,11.3,11.7,11.1,11.4,15024,0
PBX,D,20200615,000000,11.5,11.55,11.1,11.55,8936,0
PBX,D,20200616,000000,11.75,11.95,11.4,11.95,4875,0
PBX,D,20200617,000000,11.65,11.95,11.65,11.8,2385,0
PBX,D,20200618,000000,11.45,11.9,11.45,11.9,2248,0
PBX,D,20200619,000000,11.55,11.9,11.55,11.55,732,0
PBX,D,20200622,000000,11.55,11.7,11.55,11.6,2809,0
PBX,D,20200623,000000,11.5,11.85,11.4,11.85,3220,0
PBX,D,20200624,000000,11.75,11.8,11.55,11.55,3362,0
PBX,D,20200625,000000,11.45,11.8,11.4,11.8,6415,0
PBX,D,20200626,000000,11.6,11.9,11.6,11.75,3066,0
PBX,D,20200629,000000,11.6,11.6,11.35,11.6,6100,0
PBX,D,20200630,000000,11.55,11.55,11.4,11.55,6087,0
PBX,D,20200701,000000,11.55,11.55,11.5,11.5,3392,0
PBX,D,20200702,000000,11.55,11.55,11.4,11.5,6619,0
PBX,D,20200703,000000,11.5,11.5,11.3,11.4,2191,0
PBX,D,20200706,000000,11.45,11.65,11.45,11.65,5463,0
PBX,D,20200707,000000,11.55,11.6,11.35,11.6,3809,0
PBX,D,20200708,000000,11.4,11.9,11.4,11.9,7239,0
PBX,D,20200709,000000,11.9,12.1,11.7,12,10561,0
PBX,D,20200710,000000,12.2,12.25,12.1,12.15,39974,0
