<TICKER>,<PER>,<DATE>,<TIME>,<OPEN>,<HIGH>,<LOW>,<CLOSE>,<VOL>,<OPENINT>
TMR,D,20100212,000000,153.05,153.05,153.05,153.05,256,0
TMR,D,20100218,000000,152.26,152.26,152.26,152.26,174,0
TMR,D,20100219,000000,151.78,152.37,151.78,151.82,101,0
TMR,D,20100222,000000,151.06,151.06,150.9,150.9,154,0
TMR,D,20100223,000000,152.63,152.63,152.59,152.63,338,0
TMR,D,20100224,000000,152.75,152.75,151.97,151.97,143,0
TMR,D,20100225,000000,152.12,152.12,152.12,152.12,263,0
TMR,D,20100226,000000,150.53,150.91,150.53,150.91,128,0
TMR,D,20100301,000000,149.76,149.96,149.76,149.96,72,0
TMR,D,20100302,000000,149.57,149.57,149.57,149.57,174,0
TMR,D,20100303,000000,148.94,148.94,148.94,148.94,20,0
TMR,D,20100304,000000,148.66,148.66,148.66,148.66,77,0
TMR,D,20100305,000000,147.43,147.43,147.43,147.43,133,0
TMR,D,20100308,000000,147.03,147.03,147.03,147.03,72,0
TMR,D,20100309,000000,147.08,147.08,147.08,147.08,123,0
TMR,D,20100310,000000,150.13,150.13,150.13,150.13,51,0
TMR,D,20100311,000000,150.94,150.94,150.94,150.94,61,0
TMR,D,20100312,000000,150.34,150.34,150.34,150.34,20,0
TMR,D,20100315,000000,150.56,150.56,150.56,150.56,151,0
TMR,D,20100316,000000,149.84,149.84,149.84,149.84,172,0
TMR,D,20100317,000000,149.29,149.29,149.29,149.29,164,0
TMR,D,20100318,000000,149.8,149.8,149.8,149.8,118,0
TMR,D,20100319,000000,150.36,150.36,150.36,150.36,131,0
TMR,D,20100322,000000,150.45,150.45,150.07,150.07,159,0
TMR,D,20100323,000000,149.88,149.88,149.88,149.88,115,0
TMR,D,20100324,000000,149.9,149.9,149.9,149.9,82,0
TMR,D,20100325,000000,149.59,149.59,149.59,149.59,20,0
TMR,D,20100326,000000,150.55,150.55,150.55,150.55,10,0
TMR,D,20100329,000000,149.73,149.73,149.73,149.73,105,0
TMR,D,20100330,000000,149.23,149.23,149.23,149.23,190,0
TMR,D,20100331,000000,148.74,148.74,148.74,148.74,51,0
TMR,D,20100401,000000,149.33,149.33,149.33,149.33,82,0
TMR,D,20100407,000000,148.7,148.7,147.58,147.58,68,0
TMR,D,20100408,000000,149.48,149.48,149.48,149.48,92,0
TMR,D,20100409,000000,150.39,150.39,150.39,150.39,72,0
TMR,D,20100412,000000,150.15,150.15,150.15,150.15,102,0
TMR,D,20100413,000000,151.28,151.28,149.77,149.77,82,0
TMR,D,20100414,000000,149.3,149.3,149.3,149.3,51,0
TMR,D,20100415,000000,149.15,149.15,149.15,149.15,82,0
TMR,D,20100416,000000,151.36,151.36,151.36,151.36,92,0
TMR,D,20100419,000000,151.34,151.92,151.34,151.34,76,0
TMR,D,20100420,000000,150.6,151.73,150.6,151.73,69,0
TMR,D,20100421,000000,151.16,151.16,151.16,151.16,41,0
TMR,D,20100422,000000,152.81,152.81,151.86,151.86,140,0
TMR,D,20100423,000000,151.93,151.93,151.93,151.93,381,0
TMR,D,20100426,000000,150.48,150.48,150.48,150.48,31,0
TMR,D,20100427,000000,152.25,152.25,152.25,152.25,79,0
TMR,D,20100428,000000,152.25,152.25,152.25,152.25,56,0
TMR,D,20100429,000000,152.81,152.81,152.81,152.81,805,0
TMR,D,20100430,000000,153.22,153.41,153.22,153.41,1146,0
TMR,D,20100503,000000,153.65,153.65,153.65,153.65,51,0
TMR,D,20100504,000000,155.47,155.86,155.47,155.86,2469,0
TMR,D,20100505,000000,158.33,158.33,158.33,158.33,521,0
TMR,D,20100506,000000,161.82,162.44,160.81,161.82,963,0
TMR,D,20100507,000000,161.7,161.7,160.48,160.48,696,0
TMR,D,20100510,000000,156.86,156.86,156.47,156.86,606,0
TMR,D,20100511,000000,156.16,156.16,155.38,155.38,1477,0
TMR,D,20100512,000000,154.85,154.85,154.85,154.85,836,0
TMR,D,20100513,000000,153.21,153.21,152.83,152.83,819,0
TMR,D,20100514,000000,155.43,155.43,155.23,155.23,1433,0
TMR,D,20100517,000000,156.42,156.42,156.23,156.23,128,0
TMR,D,20100518,000000,156.29,156.49,156.29,156.49,901,0
TMR,D,20100519,000000,160.73,160.73,159.53,159.53,528,0
TMR,D,20100520,000000,163.41,163.41,161.37,161.78,1043,0
TMR,D,20100521,000000,161.99,161.99,160.78,160.78,392,0
TMR,D,20100524,000000,159.38,159.38,159.38,159.38,519,0
TMR,D,20100525,000000,162.49,162.49,162.49,162.49,940,0
TMR,D,20100526,000000,159.97,159.97,159.97,159.97,1485803,0
TMR,D,20100527,000000,158.88,158.92,158.52,158.92,1137,0
TMR,D,20100528,000000,159.5,159.5,159.5,159.5,894,0
TMR,D,20100531,000000,159.03,159.03,159.03,159.03,60,0
TMR,D,20100601,000000,158.96,159.76,158.96,159.76,753,0
TMR,D,20100602,000000,159.19,159.99,159.19,159.99,2359,0
TMR,D,20100603,000000,160.23,160.23,159.83,159.83,883,0
TMR,D,20100604,000000,162.09,162.09,161.88,161.88,1229,0
TMR,D,20100607,000000,161.92,161.92,160.7,160.7,1441,0
TMR,D,20100608,000000,161.21,161.21,161.21,161.21,518,0
TMR,D,20100609,000000,159.94,160.35,159.94,160.35,144,0
TMR,D,20100610,000000,159.33,159.33,159.33,159.33,837,0
TMR,D,20100611,000000,160.26,160.26,159.86,160.26,1141,0
TMR,D,20100614,000000,158.5,158.5,158.18,158.18,2573,0
TMR,D,20100615,000000,158.96,158.96,158.16,158.16,2309,0
TMR,D,20100616,000000,157.96,158.03,157.96,157.96,2208,0
TMR,D,20100617,000000,158.4,158.4,158.4,158.4,935904,0
TMR,D,20100618,000000,157.52,157.52,157.52,157.52,2019,0
TMR,D,20100621,000000,157.54,157.54,157.54,157.54,381,0
TMR,D,20100622,000000,157.73,157.93,157.73,157.93,15,0
TMR,D,20100623,000000,158.38,158.57,158.38,158.57,1880,0
TMR,D,20100624,000000,160.57,160.57,160.57,160.57,941,0
TMR,D,20100625,000000,160.28,160.28,160.07,160.28,3272,0
TMR,D,20100628,000000,161.5,161.5,160.61,160.61,3217,0
TMR,D,20100629,000000,161.29,161.29,161.29,161.29,184,0
TMR,D,20100630,000000,160.95,160.95,160.95,160.95,2304,0
TMR,D,20100701,000000,162.61,162.61,162.54,162.54,5377,0
TMR,D,20100702,000000,161.92,161.92,161.72,161.72,1638,0
TMR,D,20100706,000000,159.95,159.95,159.91,159.91,65,0
TMR,D,20100707,000000,159.52,159.52,159.52,159.52,4072,0
TMR,D,20100708,000000,159,159,159,159,665,0
TMR,D,20100709,000000,158.47,158.47,158.47,158.47,215545,0
TMR,D,20100712,000000,158.38,158.86,158.38,158.86,896,0
TMR,D,20100713,000000,158.64,158.64,158.64,158.64,720,0
TMR,D,20100714,000000,158.42,158.42,158.42,158.42,31,0
TMR,D,20100715,000000,158.63,158.63,158.55,158.55,5288,0
TMR,D,20100716,000000,160.34,160.34,160.34,160.34,117,0
TMR,D,20100719,000000,160.81,160.81,160.81,160.81,204,0
TMR,D,20100720,000000,160.2,160.41,160.2,160.41,1025,0
TMR,D,20100721,000000,159.85,159.85,159.65,159.65,5050,0
TMR,D,20100722,000000,159.23,159.31,159.04,159.04,1513,0
TMR,D,20100723,000000,159.29,159.29,158.3,158.3,963,0
TMR,D,20100726,000000,157.8,157.8,157.2,157.2,254,0
TMR,D,20100727,000000,155.95,156.73,155.95,155.95,12,0
TMR,D,20100728,000000,156.17,156.17,155.78,156.17,2099,0
TMR,D,20100729,000000,156.9,156.9,156.9,156.9,446,0
TMR,D,20100730,000000,156.95,156.95,155.97,156.56,3813,0
TMR,D,20100802,000000,155.42,155.42,155.02,155.02,1067,0
TMR,D,20100803,000000,155.89,156.68,155.89,156.68,1137,0
TMR,D,20100804,000000,155.89,155.89,155.89,155.89,462,0
TMR,D,20100805,000000,156.27,156.27,156.27,156.27,323,0
TMR,D,20100806,000000,156.09,156.13,156.09,156.13,1523,0
TMR,D,20100809,000000,155.16,155.16,155.16,155.16,51,0
TMR,D,20100810,000000,156,156.12,155.96,155.96,5817,0
TMR,D,20100811,000000,157.25,157.25,157.06,157.06,880,0
TMR,D,20100812,000000,156.74,156.74,156.74,156.74,978,0
TMR,D,20100813,000000,156.48,156.48,156.14,156.48,893,0
TMR,D,20100816,000000,155.51,155.55,155.51,155.51,469,0
TMR,D,20100817,000000,154.34,154.34,154.34,154.34,267,0
TMR,D,20100818,000000,153.91,153.91,153.76,153.91,1318,0
TMR,D,20100819,000000,156.11,156.11,155.33,155.33,1087,0
TMR,D,20100820,000000,155.58,155.58,155.58,155.58,2223,0
TMR,D,20100823,000000,157.06,157.06,157.06,157.06,37,0
TMR,D,20100824,000000,157.1,157.1,156.94,156.94,406,0
TMR,D,20100825,000000,156.66,156.81,156.66,156.81,102396,0
TMR,D,20100826,000000,155.99,155.99,155.99,155.99,871,0
TMR,D,20100827,000000,155.55,155.75,155.4,155.75,114670,0
TMR,D,20100830,000000,156.65,156.65,156.26,156.53,895,0
TMR,D,20100831,000000,156.72,156.72,156.53,156.72,13530,0
TMR,D,20100902,000000,155.55,155.55,155.48,155.48,1968,0
TMR,D,20100903,000000,154.81,154.81,154.81,154.81,697,0
TMR,D,20100906,000000,155.38,155.38,154.42,154.61,538,0
TMR,D,20100907,000000,154.9,155.02,154.9,155.02,135,0
TMR,D,20100908,000000,155.16,155.16,154.59,154.66,458,0
TMR,D,20100909,000000,154.69,154.69,154.61,154.61,238,0
TMR,D,20100910,000000,154.72,154.72,154.72,154.72,379,0
TMR,D,20100913,000000,154.33,154.33,154.33,154.33,26,0
TMR,D,20100914,000000,154.02,154.21,154.02,154.21,611,0
TMR,D,20100916,000000,155.07,155.45,155.07,155.45,131,0
TMR,D,20100917,000000,156.07,156.07,155.99,155.99,2334,0
TMR,D,20100920,000000,155.5,155.5,155.5,155.5,118,0
TMR,D,20100921,000000,155.89,155.89,155.89,155.89,512,0
TMR,D,20100922,000000,155.35,155.35,155.35,155.35,821261,0
TMR,D,20100923,000000,155.65,155.65,155.65,155.65,566,0
TMR,D,20100924,000000,155.26,155.88,155.26,155.88,1239,0
TMR,D,20100927,000000,156.66,156.66,156.66,156.66,144,0
TMR,D,20100928,000000,156.8,156.8,156.8,156.8,122860,0
TMR,D,20100929,000000,156.38,156.77,156.38,156.77,301,0
TMR,D,20100930,000000,156.96,157.35,156.96,156.96,858,0
TMR,D,20101001,000000,155.48,155.48,155.48,155.48,519,0
TMR,D,20101004,000000,156.42,156.42,156.03,156.03,590,0
TMR,D,20101005,000000,155.77,155.77,155.77,155.77,26,0
TMR,D,20101006,000000,156.23,156.42,156.23,156.42,142,0
TMR,D,20101007,000000,158.19,158.19,158.19,158.19,15,0
TMR,D,20101008,000000,156.87,156.87,156.87,156.87,1536,0
TMR,D,20101011,000000,156.7,156.7,156.7,156.7,1185,0
TMR,D,20101012,000000,156.64,156.64,156.44,156.44,863,0
TMR,D,20101013,000000,154.67,154.67,154.67,154.67,1536,0
TMR,D,20101014,000000,155.17,155.17,155.17,155.17,26,0
TMR,D,20101015,000000,154.61,154.61,154.61,154.61,82,0
TMR,D,20101018,000000,154.73,154.73,154.73,154.73,61,0
TMR,D,20101019,000000,157,157,157,157,20,0
TMR,D,20101020,000000,156.23,156.5,156.23,156.5,5222,0
TMR,D,20101021,000000,157.24,157.35,157.24,157.35,860,0
TMR,D,20101022,000000,157.09,157.09,156.7,156.7,761,0
TMR,D,20101025,000000,156.2,156.2,155.62,155.62,2713,0
TMR,D,20101026,000000,156.16,156.16,155.04,155.97,2199,0
TMR,D,20101027,000000,157.51,157.51,157.39,157.51,819,0
TMR,D,20101028,000000,158.01,158.01,157.66,157.66,524,0
TMR,D,20101029,000000,157.43,157.43,157.43,157.43,66,0
TMR,D,20101102,000000,156.07,156.07,156.07,156.07,6,0
TMR,D,20101103,000000,155.68,155.76,155.48,155.76,3078,0
TMR,D,20101104,000000,154.74,154.74,154.74,154.74,7,0
TMR,D,20101105,000000,155.35,155.35,155.27,155.27,6283,0
TMR,D,20101108,000000,156.08,156.08,156.08,156.08,6,0
TMR,D,20101109,000000,153.93,154.13,153.93,154.13,256,0
TMR,D,20101110,000000,154.04,154.04,154.04,154.04,521,0
TMR,D,20101111,000000,155.43,155.62,155.43,155.62,3098,0
TMR,D,20101112,000000,155.94,155.94,155.94,155.94,3885,0
TMR,D,20101115,000000,155.28,155.28,155.28,155.28,1621,0
TMR,D,20101116,000000,156.59,156.59,156.59,156.59,6,0
TMR,D,20101118,000000,155.78,155.78,155.4,155.78,468,0
TMR,D,20101119,000000,155.35,155.92,155.35,155.92,462,0
TMR,D,20101122,000000,154.42,154.42,154.42,154.42,15,0
TMR,D,20101123,000000,156.65,157.35,156.65,157.35,227,0
TMR,D,20101124,000000,156.02,156.6,156.02,156.6,5797,0
TMR,D,20101125,000000,157.12,157.24,157.12,157.24,29849,0
TMR,D,20101126,000000,158.64,159.03,158.64,159.03,295,0
TMR,D,20101129,000000,161.95,161.95,161.95,161.95,25,0
TMR,D,20101130,000000,158.26,158.84,158.26,158.84,684,0
TMR,D,20101201,000000,157.45,157.96,157.45,157.96,651,0
TMR,D,20101202,000000,156.96,156.96,156.96,156.96,18,0
TMR,D,20101203,000000,156.73,157.12,156.73,157.12,109,0
TMR,D,20101206,000000,157.65,158.32,157.65,158.32,6,0
TMR,D,20101207,000000,158.81,158.81,158.81,158.81,51053,0
TMR,D,20101208,000000,159.51,159.82,159.51,159.82,12,0
TMR,D,20101209,000000,159.61,159.61,159.53,159.53,3072,0
TMR,D,20101210,000000,159.6,159.6,159.6,159.6,2560,0
TMR,D,20101213,000000,158.15,158.31,158.15,158.23,3649,0
TMR,D,20101214,000000,156.92,158.36,156.92,158.08,5128,0
TMR,D,20101215,000000,158.38,158.38,158.38,158.38,2755,0
TMR,D,20101216,000000,158.46,158.46,158.35,158.35,887,0
TMR,D,20101217,000000,157.58,158.71,157.58,158.71,308,0
TMR,D,20101220,000000,159.11,159.11,158.95,159.11,2213,0
TMR,D,20101221,000000,159.22,159.53,159.1,159.53,3144,0
TMR,D,20101222,000000,158.55,159.14,158.55,159.14,296,0
TMR,D,20101223,000000,158.46,158.46,157.42,158.46,256,0
TMR,D,20101227,000000,159.48,159.48,159.4,159.4,1024,0
TMR,D,20101228,000000,159.68,160.19,159.68,160.19,3084,0
TMR,D,20101229,000000,158.72,158.72,158.72,158.72,33117,0
TMR,D,20101230,000000,159.14,159.72,159.14,159.72,2252,0
TMR,D,20101231,000000,159.41,159.41,159.41,159.41,1024,0
TMR,D,20110103,000000,159.16,159.35,159.16,159.35,1463,0
TMR,D,20110104,000000,158.06,158.06,157.3,157.3,3276,0
TMR,D,20110105,000000,156.45,156.45,156.27,156.27,492,0
TMR,D,20110107,000000,156.28,156.28,156.28,156.28,513,0
TMR,D,20110110,000000,156.6,156.6,156.6,156.6,3072,0
TMR,D,20110111,000000,154.51,154.51,154.51,154.51,1024,0
TMR,D,20110112,000000,154.3,154.3,153.93,153.93,5119,0
TMR,D,20110113,000000,155.04,155.04,154.9,154.9,2662,0
TMR,D,20110114,000000,155.3,155.3,154.93,154.93,3095,0
TMR,D,20110117,000000,155.04,155.04,155.04,155.04,821,0
TMR,D,20110118,000000,155.09,155.09,155.09,155.09,27,0
TMR,D,20110119,000000,154.63,155.28,154.63,155.2,3124,0
TMR,D,20110120,000000,156.46,156.46,156.46,156.46,205,0
TMR,D,20110121,000000,155.27,155.43,155.27,155.27,3314,0
TMR,D,20110124,000000,155.05,155.05,155.05,155.05,4095,0
TMR,D,20110125,000000,154.86,154.86,154.86,154.86,3072,0
TMR,D,20110126,000000,155.79,155.79,155.75,155.75,3020,0
TMR,D,20110127,000000,155.78,155.78,155.78,155.78,60,0
TMR,D,20110128,000000,158.24,158.63,158.24,158.63,1287,0
TMR,D,20110131,000000,158.13,158.13,158.13,158.13,3072,0
TMR,D,20110201,000000,157.08,157.08,157.04,157.04,3095,0
TMR,D,20110202,000000,156.51,157.15,156.51,157.15,3208,0
TMR,D,20110203,000000,157.21,157.25,157.21,157.25,9,0
TMR,D,20110204,000000,156.31,156.66,156.31,156.31,3072,0
TMR,D,20110208,000000,156.04,156.42,155.67,155.67,453764,0
TMR,D,20110209,000000,156.57,156.95,156.57,156.65,3078,0
TMR,D,20110210,000000,157.29,157.29,156.83,156.83,2048,0
TMR,D,20110211,000000,157.34,157.34,157,157,2580,0
TMR,D,20110214,000000,158.19,158.19,158.19,158.19,2048,0
TMR,D,20110215,000000,157.26,157.26,157.07,157.07,2121,0
TMR,D,20110216,000000,157.13,157.13,157.1,157.1,1309,0
TMR,D,20110217,000000,156.31,156.88,156.31,156.88,1129,0
TMR,D,20110218,000000,156.26,156.26,156.26,156.26,256,0
TMR,D,20110221,000000,157.53,158.49,157.53,158.3,2208,0
TMR,D,20110222,000000,158.34,159.5,158.34,159.5,3331,0
TMR,D,20110223,000000,160.26,160.26,160.26,160.26,143,0
TMR,D,20110224,000000,160.7,160.7,160.7,160.7,2560,0
TMR,D,20110225,000000,159.68,160.57,159.68,160.57,1739,0
TMR,D,20110228,000000,159.85,159.92,159.85,159.92,1479,0
TMR,D,20110301,000000,159.22,160.93,159.22,160.93,1163,0
TMR,D,20110302,000000,160.48,160.48,160.48,160.48,251,0
TMR,D,20110303,000000,161.47,161.51,161.47,161.51,122,0
TMR,D,20110304,000000,160.85,160.85,160.85,160.85,5149,0
TMR,D,20110307,000000,160.58,160.9,160.58,160.9,3327,0
TMR,D,20110308,000000,160.9,161.05,160.67,160.67,6655,0
TMR,D,20110309,000000,161.46,161.46,161.46,161.46,1290,0
TMR,D,20110310,000000,162.86,162.86,162.86,162.86,3583,0
TMR,D,20110311,000000,163.15,163.15,162.25,162.25,5631,0
TMR,D,20110314,000000,164.2,164.2,164.04,164.04,2560,0
TMR,D,20110315,000000,164.81,164.81,164.65,164.65,2099,0
TMR,D,20110316,000000,166.12,166.36,166.12,166.36,1854,0
TMR,D,20110317,000000,165.18,165.57,165.18,165.57,3338,0
TMR,D,20110318,000000,165.68,165.68,165.64,165.64,2067,0
TMR,D,20110321,000000,163.7,163.7,163.7,163.7,3072,0
TMR,D,20110322,000000,164.46,164.62,164.46,164.46,2887,0
TMR,D,20110323,000000,164.47,164.55,164.47,164.55,2560,0
TMR,D,20110324,000000,164.08,164.08,162.79,162.79,1468,0
TMR,D,20110325,000000,161.98,163.93,161.98,163.15,4340,0
TMR,D,20110328,000000,163.4,163.4,163,163,1634,0
TMR,D,20110329,000000,163.43,163.51,163.43,163.51,3072,0
TMR,D,20110330,000000,162.88,164.41,162.88,164.25,2764,0
TMR,D,20110331,000000,164.96,165.08,164.96,165.08,2688,0
TMR,D,20110401,000000,164.54,164.54,164.54,164.54,246,0
TMR,D,20110404,000000,164.51,164.63,164.51,164.51,3327,0
TMR,D,20110405,000000,163.45,163.45,163.14,163.14,1876,0
TMR,D,20110406,000000,162.85,162.85,162.85,162.85,3072,0
TMR,D,20110407,000000,162.61,162.61,162.04,162.04,3105,0
TMR,D,20110408,000000,162.42,162.5,161.65,162.22,3128,0
TMR,D,20110411,000000,162.53,162.53,162.14,162.14,1049,0
TMR,D,20110412,000000,163.11,163.11,163.11,163.11,2048,0
TMR,D,20110413,000000,162.42,162.42,162.22,162.22,972,0
TMR,D,20110414,000000,161.31,161.31,160.92,160.92,1131,0
TMR,D,20110415,000000,161.23,161.42,161.23,161.42,1035,0
TMR,D,20110418,000000,162.94,163.33,162.94,163.33,611,0
TMR,D,20110419,000000,162.7,162.7,162.66,162.66,3514,0
TMR,D,20110420,000000,162.84,162.84,162.84,162.84,2583,0
TMR,D,20110421,000000,161.97,161.97,161.97,161.97,2799,0
TMR,D,20110426,000000,162.31,162.31,162.31,162.31,1024,0
TMR,D,20110427,000000,161.26,162.21,161.26,162.02,2900,0
TMR,D,20110428,000000,162.71,162.79,162.71,162.79,2662,0
TMR,D,20110429,000000,162.51,163.16,162.51,163.16,2984,0
TMR,D,20110502,000000,162.99,162.99,162.99,162.99,2560,0
TMR,D,20110503,000000,163.48,163.48,163.41,163.41,3020,0
TMR,D,20110504,000000,161.41,162.18,161.41,162.18,4093,0
TMR,D,20110505,000000,162.06,162.06,161.94,161.94,2969,0
TMR,D,20110506,000000,161.27,161.27,160.99,160.99,3072,0
TMR,D,20110509,000000,160.66,160.7,160.66,160.7,3583,0
TMR,D,20110510,000000,160.38,160.57,160.38,160.57,3714,0
TMR,D,20110511,000000,159.87,159.87,159.87,159.87,3239,0
TMR,D,20110512,000000,159.65,160.23,159.65,159.97,3512,0
TMR,D,20110513,000000,161.42,161.61,161.42,161.61,1067,0
TMR,D,20110516,000000,161.18,161.64,161.18,161.56,3824,0
TMR,D,20110517,000000,160.66,161.04,160.66,161.04,650,0
TMR,D,20110518,000000,161.46,161.46,160.7,161.08,2867,0
TMR,D,20110519,000000,161.53,161.61,160.76,160.95,4099,0
TMR,D,20110520,000000,162,162.18,161.42,162.18,3976,0
TMR,D,20110523,000000,160.99,162.72,160.99,161.76,2864,0
TMR,D,20110524,000000,162.62,162.7,162.62,162.62,3383,0
TMR,D,20110525,000000,163.4,163.4,163.4,163.4,3129,0
TMR,D,20110526,000000,163.41,163.41,163.41,163.41,256,0
TMR,D,20110527,000000,163.32,163.32,163.32,163.32,138,0
TMR,D,20110530,000000,163.99,163.99,163.99,163.99,3072,0
TMR,D,20110531,000000,162.73,163.15,162.73,163.15,554,0
TMR,D,20110601,000000,162.58,163.43,162.58,163.43,3072,0
TMR,D,20110602,000000,163.43,163.43,163.29,163.29,3178,0
TMR,D,20110603,000000,162.21,163.06,162.21,162.21,218,0
TMR,D,20110606,000000,163.42,163.42,163.12,163.12,3038,0
TMR,D,20110607,000000,162.8,162.95,162.8,162.95,867,0
TMR,D,20110608,000000,163.3,163.3,162.99,162.99,2816,0
TMR,D,20110609,000000,163.16,163.16,163.04,163.04,4006,0
TMR,D,20110610,000000,162.9,163.04,162.86,163.04,1881,0
TMR,D,20110613,000000,162.79,162.79,162.79,162.79,607,0
TMR,D,20110614,000000,162.65,162.65,162.65,162.65,343,0
TMR,D,20110615,000000,163.43,163.62,163.43,163.62,647,0
TMR,D,20110616,000000,164.63,164.63,164.63,164.63,512,0
TMR,D,20110617,000000,165.12,165.12,165.12,165.12,158,0
TMR,D,20110620,000000,165.45,165.45,165.45,165.45,61,0
TMR,D,20110621,000000,165.02,165.02,164.98,164.98,2323,0
TMR,D,20110622,000000,165.15,165.23,165.15,165.23,768,0
TMR,D,20110623,000000,166.13,166.13,166.05,166.05,377,0
TMR,D,20110624,000000,165.65,165.65,165.65,165.65,307,0
TMR,D,20110627,000000,166.04,166.24,166.04,166.24,447,0
TMR,D,20110628,000000,166.74,166.74,166.74,166.74,205,0
TMR,D,20110629,000000,165.41,165.72,165.41,165.72,1030,0
TMR,D,20110630,000000,165.62,165.62,165.62,165.62,1780,0
TMR,D,20110701,000000,163.75,163.75,163.75,163.75,2315,0
TMR,D,20110704,000000,163.95,163.95,163.87,163.87,614,0
TMR,D,20110706,000000,163.35,164.7,163.35,164.7,3095,0
TMR,D,20110707,000000,163.66,163.66,163.66,163.66,3690,0
TMR,D,20110708,000000,164.63,164.63,163.78,164.36,2560,0
TMR,D,20110711,000000,165.88,166.97,165.88,166.11,2203,0
TMR,D,20110712,000000,167.71,167.83,167.63,167.63,3277,0
TMR,D,20110713,000000,166.97,166.97,166.46,166.46,8512,0
TMR,D,20110714,000000,167.41,167.57,167.41,167.57,74,0
TMR,D,20110715,000000,167.29,167.29,167.21,167.21,3293,0
TMR,D,20110718,000000,168.27,168.27,168.27,168.27,2048,0
TMR,D,20110719,000000,167.51,167.62,167.51,167.62,3072,0
TMR,D,20110720,000000,166.63,166.63,166.59,166.59,1380,0
TMR,D,20110721,000000,166.25,166.25,166.25,166.25,552,0
TMR,D,20110722,000000,166.05,166.33,166.05,166.33,3312,0
TMR,D,20110725,000000,167.13,167.13,167.05,167.05,4501,0
TMR,D,20110727,000000,167.83,167.91,167.83,167.83,5759,0
TMR,D,20110728,000000,167.01,167.32,167.01,167.01,3310,0
TMR,D,20110729,000000,167.19,167.19,166.79,166.79,3287,0
TMR,D,20110801,000000,166.77,166.77,166.66,166.66,3758,0
TMR,D,20110802,000000,168.03,168.03,167.75,167.75,3097,0
TMR,D,20110803,000000,168.07,168.07,167.72,167.72,3597,0
TMR,D,20110804,000000,168.14,168.14,168.06,168.06,2103,0
TMR,D,20110805,000000,166.99,167.78,166.99,167.78,1636,0
TMR,D,20110808,000000,169.43,169.43,169.43,169.43,1536,0
TMR,D,20110809,000000,170.74,170.74,170.74,170.74,776,0
TMR,D,20110810,000000,173.72,173.96,173.72,173.96,2100,0
TMR,D,20110811,000000,172.63,172.75,172.63,172.75,1053,0
TMR,D,20110812,000000,171.89,171.89,171.89,171.89,2560,0
TMR,D,20110815,000000,171.55,171.95,171.55,171.95,4462,0
TMR,D,20110816,000000,172.15,172.15,171.38,171.38,2824,0
TMR,D,20110817,000000,171.99,171.99,171.66,171.66,3245,0
TMR,D,20110818,000000,173.55,173.55,173.43,173.43,3227,0
TMR,D,20110819,000000,173.49,173.49,173.49,173.49,791,0
TMR,D,20110822,000000,173.04,173.24,173.04,173.24,2688,0
TMR,D,20110823,000000,172.61,172.61,172.08,172.08,3703,0
TMR,D,20110824,000000,173.02,173.02,172.73,172.73,876,0
TMR,D,20110825,000000,172.7,172.7,172.7,172.7,2457,0
TMR,D,20110830,000000,172.13,172.53,172.13,172.53,2890,0
TMR,D,20110831,000000,171.46,171.75,171.46,171.75,164,0
TMR,D,20110902,000000,174.02,174.27,174.02,174.02,2876,0
TMR,D,20110905,000000,175.15,175.15,174.98,174.98,2639,0
TMR,D,20110906,000000,175.38,175.38,174.97,174.97,1797,0
TMR,D,20110907,000000,173.9,173.9,173.7,173.7,2486,0
TMR,D,20110908,000000,175.91,176.11,175.69,175.69,456,0
TMR,D,20110909,000000,177.41,177.41,177.21,177.21,2508,0
TMR,D,20110912,000000,178.98,178.98,178.98,178.98,1741,0
TMR,D,20110913,000000,178.53,178.53,178.45,178.45,2560,0
TMR,D,20110914,000000,181.26,181.65,181.26,181.65,1767,0
TMR,D,20110916,000000,176.89,176.89,176.47,176.47,2846,0
TMR,D,20110919,000000,179.74,179.74,179.43,179.43,2176,0
TMR,D,20110920,000000,179.78,179.78,179.56,179.56,168,0
TMR,D,20110921,000000,182.75,182.75,181.46,181.46,1894,0
TMR,D,20110922,000000,185.1,185.1,184.8,184.8,1945,0
TMR,D,20110923,000000,179.13,179.13,178.93,178.93,2406,0
TMR,D,20110926,000000,181.83,182.26,181.83,182.26,1583,0
TMR,D,20110927,000000,180.33,180.76,180.33,180.76,1588,0
TMR,D,20110928,000000,182.61,183.48,182.61,183.26,1931,0
TMR,D,20110929,000000,183.11,183.11,182.67,182.67,3481,0
TMR,D,20110930,000000,182.41,182.63,182.41,182.63,2834,0
TMR,D,20111003,000000,181.47,181.47,180.91,180.91,1582,0
TMR,D,20111004,000000,181.43,181.43,181.21,181.21,1746,0
TMR,D,20111005,000000,180.66,180.66,180.66,180.66,512,0
TMR,D,20111006,000000,181.24,181.28,181.24,181.28,1677,0
TMR,D,20111007,000000,181,181,181,181,1,0
TMR,D,20111010,000000,178.06,178.06,178.06,178.06,181,0
TMR,D,20111011,000000,178.91,179.25,178.91,178.91,3788,0
TMR,D,20111012,000000,177.85,177.85,177.85,177.85,135,0
TMR,D,20111013,000000,178.56,178.56,178.14,178.14,79,0
TMR,D,20111014,000000,178.45,178.45,178.11,178.11,1060,0
TMR,D,20111017,000000,180.29,180.29,179.7,180.08,3274,0
TMR,D,20111018,000000,180.44,180.44,179.92,179.92,1442,0
TMR,D,20111019,000000,180.15,180.15,180.15,180.15,2422,0
TMR,D,20111020,000000,182.88,182.88,182.67,182.67,3153,0
TMR,D,20111021,000000,181.65,181.65,181.65,181.65,1536,0
TMR,D,20111024,000000,180.66,180.7,180.58,180.7,6136,0
TMR,D,20111025,000000,181.33,181.33,181.33,181.33,409,0
TMR,D,20111026,000000,181.48,182.34,181.48,181.91,4573,0
TMR,D,20111027,000000,178.65,178.78,178.36,178.36,3986,0
TMR,D,20111028,000000,180.27,180.27,180.19,180.19,983,0
TMR,D,20111031,000000,183.06,183.06,181.99,181.99,380,0
TMR,D,20111102,000000,182.21,182.21,181.79,181.79,2308,0
TMR,D,20111103,000000,180,180.25,180,180.25,312,0
TMR,D,20111104,000000,181.31,181.52,181.31,181.52,42,0
TMR,D,20111107,000000,181.66,181.7,181.57,181.7,1591,0
TMR,D,20111108,000000,180.98,180.98,180.98,180.98,1433,0
TMR,D,20111109,000000,182.01,182.01,182.01,182.01,205,0
TMR,D,20111110,000000,182.56,182.56,181.61,182.56,1587,0
TMR,D,20111111,000000,182.02,182.02,181.73,181.73,1385,0
TMR,D,20111114,000000,183.04,183.04,183.04,183.04,1578,0
TMR,D,20111115,000000,183.82,183.82,183.55,183.55,1572,0
TMR,D,20111116,000000,184.28,184.28,184.28,184.28,142,0
TMR,D,20111118,000000,183.87,183.87,183.87,183.87,142,0
TMR,D,20111121,000000,184.72,185.28,184.72,185.28,277,0
TMR,D,20111122,000000,184.98,184.98,183.76,183.76,1612,0
TMR,D,20111123,000000,186.25,186.47,186.25,186.47,26,0
TMR,D,20111124,000000,186.41,186.53,186.41,186.53,66,0
TMR,D,20111125,000000,188.64,188.64,188.64,188.64,1536,0
TMR,D,20111128,000000,188.4,188.4,188.4,188.4,40,0
TMR,D,20111129,000000,188.39,188.48,188.39,188.48,112,0
TMR,D,20111130,000000,187.23,187.23,187.23,187.23,1638,0
TMR,D,20111201,000000,186.78,186.78,186.78,186.78,1433,0
TMR,D,20111202,000000,185.58,187.11,185.58,187.11,42,0
TMR,D,20111205,000000,184.92,185.14,184.92,185.14,1569,0
TMR,D,20111206,000000,185.78,186.22,185.78,186.22,79,0
TMR,D,20111207,000000,185.74,185.79,185.74,185.79,327,0
TMR,D,20111208,000000,187.87,187.87,187.3,187.3,1537,0
TMR,D,20111209,000000,187.24,187.33,187.24,187.33,1638,0
TMR,D,20111212,000000,189.21,190.55,189.21,190.55,61,0
TMR,D,20111213,000000,190.81,190.81,190.68,190.68,338,0
TMR,D,20111214,000000,190.28,190.86,190.28,190.86,1049,0
TMR,D,20111215,000000,189.6,189.6,189.55,189.55,1325,0
TMR,D,20111216,000000,188.96,188.96,188.96,188.96,82,0
TMR,D,20111219,000000,187.75,188.31,187.75,187.88,1305,0
TMR,D,20111220,000000,186.84,186.84,186.84,186.84,587,0
TMR,D,20111221,000000,186.88,186.88,186.88,186.88,819,0
TMR,D,20111222,000000,186.81,186.81,186.33,186.33,397,0
TMR,D,20111223,000000,186.77,186.77,186.77,186.77,1638,0
TMR,D,20111227,000000,185.13,185.13,185.13,185.13,1536,0
TMR,D,20111228,000000,185.57,185.57,185.57,185.57,1638,0
TMR,D,20111229,000000,184.7,186.21,184.7,186.21,1542,0
TMR,D,20120102,000000,188.77,188.77,188.73,188.73,1592,0
TMR,D,20120103,000000,187.25,187.25,187.25,187.25,31,0
TMR,D,20120104,000000,189.17,189.17,188.52,188.52,1572,0
TMR,D,20120105,000000,188.71,189.73,188.71,189.73,67,0
TMR,D,20120109,000000,189.2,189.2,188.32,188.32,2534,0
TMR,D,20120110,000000,187.82,187.82,187.13,187.13,1500,0
TMR,D,20120111,000000,187.02,187.19,187.02,187.19,1469,0
TMR,D,20120112,000000,184.01,184.62,184.01,184.62,561,0
TMR,D,20120113,000000,184.87,184.87,184.87,184.87,37,0
TMR,D,20120116,000000,185.02,185.16,185.02,185.16,2852,0
TMR,D,20120117,000000,183.58,183.58,183.46,183.46,1619,0
TMR,D,20120118,000000,182.84,182.84,182.84,182.84,1638,0
TMR,D,20120119,000000,181.59,181.59,181.59,181.59,1662,0
TMR,D,20120120,000000,182.46,182.46,181.53,181.53,4223,0
TMR,D,20120123,000000,179.29,180.45,179.29,180.33,5014,0
TMR,D,20120124,000000,179.87,180,179.87,179.87,3218,0
TMR,D,20120125,000000,179.27,180.11,179.27,180.11,2206,0
TMR,D,20120126,000000,178.25,178.25,178.25,178.25,3072,0
TMR,D,20120127,000000,177.79,177.92,177.79,177.92,2662,0
TMR,D,20120130,000000,179.11,179.11,178.2,178.2,2262,0
TMR,D,20120131,000000,177.93,178.34,177.93,178.34,2560,0
TMR,D,20120201,000000,176.49,176.57,176.49,176.57,2355,0
TMR,D,20120202,000000,176.62,176.62,176.62,176.62,2048,0
TMR,D,20120203,000000,175.87,175.87,175.83,175.83,2304,0
TMR,D,20120206,000000,175.45,175.54,175.45,175.54,3174,0
TMR,D,20120208,000000,175.94,176.1,175.94,176.1,3511,0
TMR,D,20120209,000000,177.03,177.03,176.83,177.03,3327,0
TMR,D,20120210,000000,178.16,178.16,178.16,178.16,2867,0
TMR,D,20120213,000000,176.99,177.28,176.99,177.16,2744,0
TMR,D,20120214,000000,177.54,177.74,177.54,177.74,2560,0
TMR,D,20120215,000000,178.82,178.82,178.82,178.82,2891,0
TMR,D,20120216,000000,178.46,179.28,178.46,179.28,41,0
TMR,D,20120217,000000,177.76,178.17,177.76,178.17,2798,0
TMR,D,20120220,000000,177.34,177.34,176.33,176.33,3712,0
TMR,D,20120221,000000,176.47,177.69,176.47,177.69,4298,0
TMR,D,20120222,000000,177.46,178.49,177.46,178.49,4423,0
TMR,D,20120223,000000,177.51,177.64,176.7,177.64,2817,0
TMR,D,20120224,000000,177.04,177.04,177.04,177.04,2048,0
TMR,D,20120227,000000,176.43,176.43,176.43,176.43,3276,0
TMR,D,20120228,000000,174.99,175.52,174.99,174.99,3669,0
TMR,D,20120229,000000,175.45,175.45,174.24,175.45,4601,0
TMR,D,20120301,000000,174.88,174.88,174.76,174.76,4316,0
TMR,D,20120302,000000,173.85,175.25,173.85,175.25,2886,0
TMR,D,20120305,000000,176.12,176.12,175.12,175.12,4654,0
TMR,D,20120306,000000,177.3,177.42,177.3,177.42,2889,0
TMR,D,20120307,000000,177.29,177.29,177,177,3788,0
TMR,D,20120308,000000,174.8,175.33,174.8,175.05,4096,0
TMR,D,20120309,000000,174.57,174.57,174.57,174.57,2969,0
TMR,D,20120312,000000,174.74,176.06,174.74,175.74,3641,0
TMR,D,20120313,000000,176.37,176.37,176.37,176.37,2355,0
TMR,D,20120314,000000,178.09,178.09,177.8,177.8,3686,0
TMR,D,20120315,000000,176.54,176.75,176.54,176.75,3198,0
TMR,D,20120316,000000,176.78,176.78,176.78,176.78,2816,0
TMR,D,20120319,000000,176.61,176.61,176.21,176.21,2662,0
TMR,D,20120320,000000,176.18,176.18,176.18,176.18,3686,0
TMR,D,20120321,000000,177.39,177.39,176.99,176.99,4520,0
TMR,D,20120322,000000,178.59,178.59,178.18,178.18,5259,0
TMR,D,20120323,000000,177.21,178.02,177.21,177.21,4977,0
TMR,D,20120326,000000,176.04,176.04,175.84,175.92,4107,0
TMR,D,20120327,000000,176.92,177.81,176.92,177.81,5505,0
TMR,D,20120328,000000,177.62,178.52,177.62,178.27,4120,0
TMR,D,20120329,000000,177.45,179.08,177.45,177.9,4118,0
TMR,D,20120330,000000,177.94,177.94,177.73,177.73,3878,0
TMR,D,20120402,000000,177.84,177.84,177.6,177.8,4529,0
TMR,D,20120403,000000,177.69,177.69,177.49,177.49,3174,0
TMR,D,20120404,000000,178.21,178.21,178.21,178.21,3174,0
TMR,D,20120405,000000,178.56,178.56,178.15,178.15,3290,0
TMR,D,20120410,000000,180.16,180.16,180.16,180.16,3583,0
TMR,D,20120411,000000,180.62,180.62,180.01,180.21,4619,0
TMR,D,20120412,000000,179.41,179.41,179.01,179.01,4610,0
TMR,D,20120413,000000,179.93,179.93,179.93,179.93,3097,0
TMR,D,20120417,000000,178.33,179.55,178.33,179.55,5433,0
TMR,D,20120418,000000,179.87,180.2,179.67,179.67,4721,0
TMR,D,20120419,000000,180.78,180.78,179.76,180.09,4276,0
TMR,D,20120420,000000,180.38,180.38,179.93,179.93,2972,0
TMR,D,20120423,000000,181.39,181.39,180.85,180.85,4764,0
TMR,D,20120424,000000,180.6,180.93,180.39,180.93,10494,0
TMR,D,20120425,000000,180.48,180.48,175.58,175.58,7140,0
TMR,D,20120426,000000,176.11,176.11,176.11,176.11,3502,0
TMR,D,20120427,000000,175.85,175.85,175.85,175.85,2662,0
TMR,D,20120430,000000,176.08,176.08,175.88,176.08,2412,0
TMR,D,20120502,000000,174.38,175.6,174.38,174.38,3836,0
TMR,D,20120503,000000,176.17,176.38,176.17,176.38,3839,0
TMR,D,20120504,000000,176.8,176.88,176.8,176.88,2660,0
TMR,D,20120507,000000,175.97,176.16,175.76,175.76,3591,0
TMR,D,20120509,000000,178.32,179.78,178.32,179.78,3928,0
TMR,D,20120510,000000,179.29,179.29,179.29,179.29,2396,0
TMR,D,20120511,000000,180.17,180.25,179.55,179.55,3203,0
TMR,D,20120515,000000,186.05,186.05,186,186,1139,0
TMR,D,20120516,000000,185.67,186.09,185.24,185.46,3995,0
TMR,D,20120517,000000,184.83,185.6,184.83,185.6,3046,0
TMR,D,20120518,000000,183.99,185.65,183.99,184.04,2015,0
TMR,D,20120521,000000,184.45,184.45,184.37,184.37,3942,0
TMR,D,20120522,000000,184.07,185.52,184.07,185.47,3929,0
TMR,D,20120523,000000,186.31,187.12,186.31,187.12,2508,0
TMR,D,20120524,000000,185.28,185.96,185.28,185.96,3178,0
TMR,D,20120525,000000,186.11,186.11,185.01,185.01,2437,0
TMR,D,20120528,000000,185.2,185.28,185.2,185.28,2201,0
TMR,D,20120529,000000,185.88,185.88,185.28,185.28,3586,0
TMR,D,20120530,000000,187.06,187.06,187.06,187.06,3123,0
TMR,D,20120531,000000,187.1,187.1,186.76,186.89,1265,0
TMR,D,20120601,000000,187.65,187.77,187.65,187.77,2160,0
TMR,D,20120604,000000,187.03,187.08,186.91,187.08,3944,0
TMR,D,20120605,000000,186.27,186.27,186.27,186.27,2048,0
TMR,D,20120606,000000,183.93,183.93,183.72,183.72,3327,0
TMR,D,20120607,000000,181.61,181.73,181.48,181.73,3358,0
TMR,D,20120608,000000,183.11,183.11,183.11,183.11,2150,0
TMR,D,20120611,000000,184.65,184.65,184.43,184.43,3205,0
TMR,D,20120612,000000,184.99,184.99,184.74,184.74,3174,0
TMR,D,20120613,000000,183.38,183.38,183.38,183.38,3089,0
TMR,D,20120614,000000,183.04,183.04,183,183,2754,0
TMR,D,20120615,000000,181.73,181.73,181.73,181.73,1792,0
TMR,D,20120618,000000,181.95,182.17,180.96,180.96,2686,0
TMR,D,20120619,000000,180.94,180.94,180.94,180.94,1890,0
TMR,D,20120620,000000,179.85,181.22,179.85,180.89,1822,0
TMR,D,20120621,000000,182.09,182.09,182.09,182.09,1966,0
TMR,D,20120622,000000,182.16,182.16,181.88,181.88,3133,0
TMR,D,20120625,000000,181.5,181.5,181.38,181.38,3043,0
TMR,D,20120626,000000,180.86,180.86,180.86,180.86,1966,0
TMR,D,20120627,000000,181.3,181.3,181.13,181.13,2959,0
TMR,D,20120628,000000,181.93,181.93,181.51,181.73,3096,0
TMR,D,20120629,000000,178.54,178.96,178.54,178.96,1795,0
TMR,D,20120702,000000,178.04,178.45,178.04,178.04,1461,0
TMR,D,20120703,000000,177.27,177.27,177.03,177.03,2867,0
TMR,D,20120704,000000,177.72,177.72,177.72,177.72,1259,0
TMR,D,20120706,000000,179.23,179.23,179.23,179.23,936,0
TMR,D,20120709,000000,178.98,178.98,178.98,178.98,2969,0
TMR,D,20120710,000000,176.5,176.5,176.5,176.5,5759,0
TMR,D,20120711,000000,176.8,176.8,176.8,176.8,6860,0
TMR,D,20120712,000000,177.39,177.39,177.02,177.39,2107,0
TMR,D,20120713,000000,177.31,177.31,177.31,177.31,5659,0
TMR,D,20120716,000000,177.68,177.68,177.07,177.07,2048,0
TMR,D,20120717,000000,176.22,176.22,175.82,175.82,1213,0
TMR,D,20120718,000000,176.06,176.06,176.06,176.06,1259,0
TMR,D,20120719,000000,176.32,176.32,176.32,176.32,2048,0
TMR,D,20120720,000000,176.14,176.14,176.14,176.14,3891,0
TMR,D,20120723,000000,177.75,177.75,177.63,177.63,2990,0
TMR,D,20120724,000000,178.14,178.59,178.14,178.59,5282,0
TMR,D,20120725,000000,177.29,177.29,176.64,176.64,4005,0
TMR,D,20120726,000000,175.54,175.54,174.52,175.54,1657,0
TMR,D,20120727,000000,174.66,174.66,173.93,173.93,8515,0
TMR,D,20120730,000000,174.66,174.66,174.66,174.66,2048,0
TMR,D,20120731,000000,174.47,174.47,174.47,174.47,11285,0
TMR,D,20120801,000000,173.9,173.9,173.9,173.9,8703,0
TMR,D,20120802,000000,174.82,175.43,173.82,175.43,2147,0
TMR,D,20120803,000000,172.42,172.42,172.42,172.42,10238,0
TMR,D,20120806,000000,171.54,171.54,171.54,171.54,2969,0
TMR,D,20120807,000000,172.8,172.8,172.8,172.8,10443,0
TMR,D,20120808,000000,172.78,172.78,172.74,172.74,7174,0
TMR,D,20120809,000000,172.68,172.96,172.65,172.96,2819,0
TMR,D,20120810,000000,173.02,173.02,173.02,173.02,10201,0
TMR,D,20120813,000000,174.29,174.29,174.29,174.29,2252,0
TMR,D,20120814,000000,174.15,174.15,174.06,174.06,2406,0
TMR,D,20120815,000000,174.4,174.4,173.45,173.45,3897,0
TMR,D,20120816,000000,173.13,173.13,173.13,173.13,2150,0
TMR,D,20120817,000000,174.21,174.21,174.21,174.21,1638,0
TMR,D,20120820,000000,172.21,172.21,170.81,172.21,14355,0
TMR,D,20120821,000000,173.46,173.46,172.11,172.11,2306,0
TMR,D,20120822,000000,172.34,173.06,172.34,173.06,2566,0
TMR,D,20120823,000000,174.1,174.1,172.82,173.87,4551,0
TMR,D,20120824,000000,174.18,174.18,173.7,173.7,4147,0
TMR,D,20120827,000000,173.36,173.88,173.36,173.88,3430,0
TMR,D,20120828,000000,174.81,174.81,174.81,174.81,4300,0
TMR,D,20120830,000000,179.14,179.14,178.73,178.73,3209,0
TMR,D,20120831,000000,177.83,177.83,177.83,177.83,2611,0
TMR,D,20120903,000000,178.87,178.95,178.87,178.92,3768,0
TMR,D,20120904,000000,179.22,179.3,179.22,179.3,2581,0
TMR,D,20120905,000000,178.85,178.93,177.99,178.81,902,0
TMR,D,20120906,000000,176.44,176.52,176.44,176.52,921,0
TMR,D,20120907,000000,173.91,175.52,173.91,173.91,1444,0
TMR,D,20120910,000000,174.65,174.65,174.65,174.65,112,0
TMR,D,20120911,000000,174.25,174.25,174.25,174.25,28,0
TMR,D,20120912,000000,174.36,175.16,174.36,174.36,3008,0
TMR,D,20120913,000000,173.39,173.79,173.39,173.79,1408,0
TMR,D,20120914,000000,172.81,172.81,172.81,172.81,5865,0
TMR,D,20120917,000000,174.38,174.38,174.33,174.38,5750,0
TMR,D,20120918,000000,175.39,175.39,175.31,175.31,3035,0
TMR,D,20120919,000000,177.03,177.12,175.61,175.61,1904,0
TMR,D,20120920,000000,176.67,176.67,176.19,176.19,1659,0
TMR,D,20120921,000000,175.45,175.45,175.05,175.05,3565,0
TMR,D,20120924,000000,175.99,175.99,175.99,175.99,2864,0
TMR,D,20120925,000000,176.13,176.74,176.13,176.13,544,0
TMR,D,20120926,000000,177.05,177.05,177.05,177.05,512,0
TMR,D,20120927,000000,175.92,175.92,175.92,175.92,4833,0
TMR,D,20120928,000000,175.52,175.92,175.44,175.92,364,0
TMR,D,20121001,000000,175.64,175.8,175.64,175.8,1116,0
TMR,D,20121002,000000,175.92,175.92,175.92,175.92,123,0
TMR,D,20121003,000000,174.72,174.72,174.59,174.59,1958,0
TMR,D,20121004,000000,174.7,174.7,174.7,174.7,195,0
TMR,D,20121005,000000,174.18,174.18,172.56,172.56,265,0
TMR,D,20121008,000000,172.75,172.75,172.75,172.75,5908,0
TMR,D,20121009,000000,173.3,173.3,173.3,173.3,7674,0
TMR,D,20121010,000000,174.02,174.02,174.02,174.02,3739,0
TMR,D,20121015,000000,175.81,175.81,174.83,174.83,411,0
TMR,D,20121016,000000,175.81,175.81,174.83,174.83,73,0
TMR,D,20121017,000000,180.69,180.69,174.83,174.83,181,0
TMR,D,20121018,000000,171.9,171.9,171.9,171.9,31,0
TMR,D,20121022,000000,175.81,175.81,175.81,175.81,5,0
TMR,D,20121023,000000,175.81,175.81,175.81,175.81,10,0
TMR,D,20121024,000000,175.81,175.81,175.81,175.81,84,0
TMR,D,20121026,000000,180.2,180.2,180.2,180.2,5,0
TMR,D,20121029,000000,180.2,180.2,180.2,180.2,1,0
TMR,D,20121031,000000,175.81,175.81,175.81,175.81,56,0
TMR,D,20121105,000000,175.81,176.3,175.81,176.3,16,0
TMR,D,20121106,000000,180.69,180.69,178.25,178.25,15,0
TMR,D,20121109,000000,175.81,175.81,175.81,175.81,31,0
TMR,D,20121112,000000,174.83,176.79,174.83,175.81,156,0
TMR,D,20121113,000000,177.76,177.76,177.76,177.76,102,0
TMR,D,20121114,000000,180.69,180.69,178.74,178.74,83,0
TMR,D,20121115,000000,175.81,175.81,175.81,175.81,110,0
TMR,D,20121116,000000,175.81,177.76,175.81,176.79,130,0
TMR,D,20121119,000000,177.76,177.76,175.81,175.81,82,0
TMR,D,20121121,000000,175.81,175.81,174.83,175.81,147,0
TMR,D,20121122,000000,176.79,176.79,175.81,175.81,113,0
TMR,D,20121123,000000,177.76,177.76,177.76,177.76,74,0
TMR,D,20121126,000000,175.81,175.81,175.81,175.81,154,0
TMR,D,20121127,000000,177.76,177.76,177.76,177.76,159,0
TMR,D,20121128,000000,177.67,178.74,177.67,178.74,143,0
TMR,D,20121129,000000,175.81,175.81,175.81,175.81,195,0
TMR,D,20121130,000000,177.76,177.76,177.76,177.76,26,0
TMR,D,20121203,000000,176.79,176.79,172.88,172.88,232,0
TMR,D,20121204,000000,176.98,177.76,176.98,177.76,195,0
TMR,D,20121205,000000,176.79,177.76,176.79,177.76,51,0
TMR,D,20121207,000000,176.79,177.76,176.79,177.76,235,0
TMR,D,20121210,000000,177.67,177.76,177.67,177.76,195,0
TMR,D,20121211,000000,180.6,180.69,180.6,180.69,123,0
TMR,D,20121212,000000,180.6,180.6,180.6,180.6,195,0
TMR,D,20121213,000000,180.6,180.6,180.6,180.6,154,0
TMR,D,20121214,000000,180.6,180.6,180.6,180.6,133,0
TMR,D,20121217,000000,178.74,178.74,178.74,178.74,174,0
TMR,D,20121219,000000,178.74,179.72,178.74,179.72,175,0
TMR,D,20121220,000000,178.74,178.74,178.74,178.74,123,0
TMR,D,20121221,000000,179.72,179.72,179.72,179.72,154,0
TMR,D,20121227,000000,178.74,178.74,178.74,178.74,133,0
TMR,D,20121228,000000,179.72,179.72,178.74,178.74,148,0
TMR,D,20130102,000000,178.74,178.74,178.74,178.74,205,0
TMR,D,20130103,000000,179.72,179.72,179.72,179.72,154,0
TMR,D,20130104,000000,179.72,179.72,179.72,179.72,205,0
TMR,D,20130107,000000,180.69,180.69,180.69,180.69,11,0
TMR,D,20130108,000000,179.72,179.72,179.72,179.72,164,0
TMR,D,20130110,000000,178.74,178.74,178.74,178.74,123,0
TMR,D,20130111,000000,178.74,178.74,177.76,177.76,255,0
TMR,D,20130115,000000,177.76,178.74,177.76,178.74,164,0
TMR,D,20130116,000000,178.74,178.74,178.74,178.74,143,0
TMR,D,20130118,000000,178.74,178.74,178.74,178.74,184,0
TMR,D,20130121,000000,179.72,179.72,179.72,179.72,92,0
TMR,D,20130122,000000,179.72,179.72,179.72,179.72,287,0
TMR,D,20130123,000000,179.72,179.72,179.72,179.72,102,0
TMR,D,20130124,000000,179.72,179.72,179.72,179.72,102,0
TMR,D,20130125,000000,180.69,180.69,180.69,180.69,92,0
TMR,D,20130128,000000,180.69,180.69,180.69,180.69,124,0
TMR,D,20130129,000000,180.69,180.69,180.69,180.69,133,0
TMR,D,20130130,000000,180.69,180.69,180.69,180.69,92,0
TMR,D,20130131,000000,180.69,180.69,180.69,180.69,113,0
TMR,D,20130201,000000,181.67,181.67,181.67,181.67,136,0
TMR,D,20130204,000000,179.72,179.72,179.72,179.72,133,0
TMR,D,20130205,000000,176.3,179.72,176.3,179.72,100,0
TMR,D,20130206,000000,180.69,181.67,180.69,181.67,102,0
TMR,D,20130207,000000,180.69,180.69,180.69,180.69,102,0
TMR,D,20130208,000000,180.69,180.69,180.69,180.69,82,0
TMR,D,20130211,000000,180.69,180.69,180.69,180.69,82,0
TMR,D,20130212,000000,180.69,180.69,180.69,180.69,92,0
TMR,D,20130213,000000,180.69,180.69,174.83,180.69,154,0
TMR,D,20130214,000000,180.69,181.67,180.69,181.67,92,0
TMR,D,20130215,000000,181.57,181.57,181.57,181.57,102,0
TMR,D,20130218,000000,180.69,183.43,175.81,183.43,129,0
TMR,D,20130219,000000,181.18,181.67,181.18,181.67,102,0
TMR,D,20130220,000000,182.65,182.65,182.65,182.65,82,0
TMR,D,20130221,000000,182.65,182.65,182.65,182.65,102,0
TMR,D,20130222,000000,182.65,182.65,182.65,182.65,123,0
TMR,D,20130225,000000,182.65,182.65,182.65,182.65,102,0
TMR,D,20130226,000000,182.65,182.65,181.67,181.67,154,0
TMR,D,20130227,000000,181.67,181.67,181.67,181.67,82,0
TMR,D,20130228,000000,181.67,181.67,181.67,181.67,102,0
TMR,D,20130301,000000,181.67,181.67,181.67,181.67,154,0
TMR,D,20130304,000000,181.67,181.67,179.72,179.72,235,0
TMR,D,20130305,000000,181.67,181.67,181.67,181.67,92,0
TMR,D,20130306,000000,180.69,180.69,180.69,180.69,123,0
TMR,D,20130307,000000,181.67,181.67,181.67,181.67,123,0
TMR,D,20130308,000000,182.35,182.55,182.35,182.55,93,0
TMR,D,20130311,000000,180.69,180.69,176.79,176.79,126,0
TMR,D,20130312,000000,181.67,181.67,181.67,181.67,123,0
TMR,D,20130313,000000,181.67,181.67,181.67,181.67,82,0
TMR,D,20130314,000000,181.67,181.67,181.67,181.67,102,0
TMR,D,20130315,000000,182.65,182.65,182.65,182.65,10,0
TMR,D,20130318,000000,183.53,183.53,183.53,183.53,10,0
TMR,D,20130319,000000,181.67,181.67,181.67,181.67,123,0
TMR,D,20130320,000000,181.67,181.67,181.67,181.67,82,0
TMR,D,20130321,000000,182.65,182.65,182.65,182.65,102,0
TMR,D,20130322,000000,183.53,183.53,178.74,182.65,162,0
TMR,D,20130325,000000,182.65,182.65,182.65,182.65,102,0
TMR,D,20130326,000000,182.65,182.65,182.65,182.65,133,0
TMR,D,20130327,000000,183.13,183.13,183.13,183.13,102,0
TMR,D,20130328,000000,183.13,183.13,183.13,183.13,82,0
TMR,D,20130402,000000,182.65,183.13,182.65,183.13,126,0
TMR,D,20130403,000000,181.67,181.67,181.67,181.67,102,0
TMR,D,20130404,000000,181.67,181.67,181.67,181.67,82,0
TMR,D,20130405,000000,181.67,181.67,181.67,181.67,102,0
TMR,D,20130408,000000,182.65,182.65,182.65,182.65,123,0
TMR,D,20130409,000000,181.67,181.67,181.67,181.67,102,0
TMR,D,20130410,000000,180.69,180.69,180.69,180.69,123,0
TMR,D,20130411,000000,181.67,181.67,181.67,181.67,102,0
TMR,D,20130412,000000,182.65,182.65,182.65,182.65,82,0
TMR,D,20130415,000000,182.65,182.65,182.65,182.65,102,0
TMR,D,20130417,000000,180.69,181.67,180.69,180.69,201,0
TMR,D,20130418,000000,180.69,180.69,180.69,180.69,139,0
TMR,D,20130419,000000,180.69,180.69,180.69,180.69,102,0
TMR,D,20130422,000000,181.67,181.67,181.67,181.67,102,0
TMR,D,20130423,000000,181.67,181.67,181.67,181.67,51,0
TMR,D,20130424,000000,181.67,181.67,181.67,181.67,51,0
TMR,D,20130425,000000,182.21,183.62,182.21,182.65,225,0
TMR,D,20130426,000000,183.62,183.62,183.62,183.62,82,0
TMR,D,20130429,000000,184.6,184.6,184.6,184.6,51,0
TMR,D,20130430,000000,188,188,188,188,40,0
TMR,D,20130502,000000,186.2,186.2,186.2,186.2,9,0
TMR,D,20130506,000000,185,185,185,185,50,0
TMR,D,20130507,000000,187,187,187,187,100,0
TMR,D,20130508,000000,187,187,187,187,5,0
TMR,D,20130509,000000,185,185,185,185,80,0
TMR,D,20130510,000000,186,186,186,186,13,0
TMR,D,20130513,000000,186,186,186,186,110,0
TMR,D,20130514,000000,187,187,187,187,100,0
TMR,D,20130515,000000,188,188,187,187,151,0
TMR,D,20130516,000000,188,188,188,188,120,0
TMR,D,20130517,000000,188,188,188,188,80,0
TMR,D,20130520,000000,188,188,188,188,100,0
TMR,D,20130521,000000,189,189,188,188,121,0
TMR,D,20130522,000000,189,189,189,189,80,0
TMR,D,20130523,000000,188,188,188,188,50,0
TMR,D,20130524,000000,189,189,189,189,130,0
TMR,D,20130527,000000,189,189,189,189,80,0
TMR,D,20130528,000000,189,189,189,189,100,0
TMR,D,20130529,000000,190,190,190,190,40,0
TMR,D,20130531,000000,193.4,193.4,193.4,193.4,50,0
TMR,D,20130603,000000,197,197,197,197,25,0
TMR,D,20130604,000000,193.5,193.5,193.5,193.5,15,0
TMR,D,20130605,000000,192,192,192,192,40,0
TMR,D,20130607,000000,194.05,194.05,194.05,194.05,50,0
TMR,D,20130610,000000,201,201,192,192,105,0
TMR,D,20130611,000000,190.1,190.9,190,190.9,51,0
TMR,D,20130612,000000,192.1,195,192.1,195,150,0
TMR,D,20130613,000000,192,192,192,192,50,0
TMR,D,20130614,000000,192.5,192.5,192.5,192.5,22,0
TMR,D,20130617,000000,192.4,192.4,192.4,192.4,31,0
TMR,D,20130618,000000,193,193,193,193,10,0
TMR,D,20130620,000000,192.5,192.5,192.5,192.5,15,0
TMR,D,20130621,000000,191,191,191,191,13,0
TMR,D,20130624,000000,195,195,195,195,5,0
TMR,D,20130625,000000,197.4,200,197.1,200,146,0
TMR,D,20130626,000000,197.5,197.5,197.5,197.5,1,0
TMR,D,20130627,000000,196,196,196,196,80,0
TMR,D,20130701,000000,199,199,199,199,150,0
TMR,D,20130703,000000,199,199,199,199,150,0
TMR,D,20130704,000000,200,200,200,200,35,0
TMR,D,20130708,000000,200,205,198,205,87,0
TMR,D,20130709,000000,203,205,203,203,38,0
TMR,D,20130710,000000,202,202,202,202,38,0
TMR,D,20130711,000000,200,200,200,200,100,0
TMR,D,20130712,000000,200,200,200,200,90,0
TMR,D,20130715,000000,199,199,199,199,120,0
TMR,D,20130716,000000,198,198,198,198,150,0
TMR,D,20130717,000000,198,198,198,198,120,0
TMR,D,20130718,000000,197,197,197,197,90,0
TMR,D,20130719,000000,197,197,197,197,100,0
TMR,D,20130724,000000,202,202,202,202,38,0
TMR,D,20130725,000000,202,202,202,202,30,0
TMR,D,20130726,000000,202,202,202,202,8,0
TMR,D,20130729,000000,200,200,200,200,30,0
TMR,D,20130730,000000,200,200,200,200,30,0
TMR,D,20130731,000000,199,199,199,199,100,0
TMR,D,20130801,000000,198,198,198,198,120,0
TMR,D,20130802,000000,198,198,198,198,110,0
TMR,D,20130805,000000,197,197,196,196,195,0
TMR,D,20130806,000000,200,200,196,196,147,0
TMR,D,20130807,000000,195,195,195,195,160,0
TMR,D,20130808,000000,193,193,193,193,150,0
TMR,D,20130809,000000,194,194,193,193,150,0
TMR,D,20130813,000000,194,194,193,193,20,0
TMR,D,20130814,000000,194,194,194,194,200,0
TMR,D,20130819,000000,189,194,189,194,128,0
TMR,D,20130820,000000,194,194,194,194,100,0
TMR,D,20130821,000000,194,194,194,194,130,0
TMR,D,20130822,000000,194,194,194,194,83,0
TMR,D,20130823,000000,194,194,194,194,100,0
TMR,D,20130826,000000,195,195,195,195,120,0
TMR,D,20130827,000000,195,195,195,195,100,0
TMR,D,20130828,000000,195,195,195,195,120,0
TMR,D,20130830,000000,197,197,197,197,150,0
TMR,D,20130902,000000,197,197,197,197,120,0
TMR,D,20130903,000000,198,198,198,198,120,0
TMR,D,20130904,000000,197,197,197,197,80,0
TMR,D,20130905,000000,198,198,197,197,125,0
TMR,D,20130906,000000,197,197,197,197,150,0
TMR,D,20130909,000000,198,198,198,198,200,0
TMR,D,20130910,000000,198,198,198,198,150,0
TMR,D,20130911,000000,198,198,198,198,180,0
TMR,D,20130912,000000,198.5,198.5,198.5,198.5,15,0
TMR,D,20130916,000000,198,198,198,198,80,0
TMR,D,20130917,000000,197,197,197,197,120,0
TMR,D,20130918,000000,197,197,197,197,150,0
TMR,D,20130919,000000,197,197,197,197,130,0
TMR,D,20130920,000000,197,197,196,196,83,0
TMR,D,20130923,000000,197,197,197,197,70,0
TMR,D,20130924,000000,197,197,197,197,100,0
TMR,D,20130925,000000,197,197,197,197,100,0
TMR,D,20130926,000000,196,196,196,196,120,0
TMR,D,20130927,000000,196,196,196,196,110,0
TMR,D,20130930,000000,197,198,197,198,557,0
TMR,D,20131001,000000,197,197,197,197,120,0
TMR,D,20131002,000000,197,197,197,197,150,0
TMR,D,20131003,000000,197,197,197,197,170,0
TMR,D,20131004,000000,197,197,197,197,10,0
TMR,D,20131007,000000,197,197,197,197,1,0
TMR,D,20131008,000000,197.3,198,197,198,217,0
TMR,D,20131009,000000,198,198,198,198,5,0
TMR,D,20131010,000000,197,197,197,197,180,0
TMR,D,20131011,000000,197,198,197,198,151,0
TMR,D,20131014,000000,197,198,197,198,250,0
TMR,D,20131015,000000,197,198,197,197,219,0
TMR,D,20131016,000000,197,197,197,197,130,0
TMR,D,20131017,000000,198.5,198.5,197,197,494,0
TMR,D,20131018,000000,194,194,170,170,1186,0
TMR,D,20131021,000000,170,170,153,153,322,0
TMR,D,20131022,000000,153.5,153.6,138.5,138.5,541,0
TMR,D,20131023,000000,137.9,137.9,100.1,100.1,1254,0
TMR,D,20131024,000000,109,109.85,91.5,92,2188,0
TMR,D,20131025,000000,92,95,91.05,92,1135,0
TMR,D,20131028,000000,93,112.1,90,105,1853,0
TMR,D,20131029,000000,109.9,109.9,97,97,2957,0
TMR,D,20131030,000000,98.5,104.9,95,97,664,0
TMR,D,20131031,000000,97.5,97.5,90,92.5,734,0
TMR,D,20131104,000000,92.8,92.8,90,91,189,0
TMR,D,20131105,000000,91,91,91,91,643,0
TMR,D,20131106,000000,87.5,90.5,85,90.5,138,0
TMR,D,20131107,000000,90.3,96,90.3,96,872,0
TMR,D,20131108,000000,95,95,95,95,25,0
TMR,D,20131112,000000,94.9,94.9,89,89,300,0
TMR,D,20131113,000000,89.5,92,89,92,253,0
TMR,D,20131114,000000,88,90,87,90,145,0
TMR,D,20131115,000000,90,91.8,90,90.5,424,0
TMR,D,20131118,000000,90.25,91.7,90.25,91.7,41,0
TMR,D,20131119,000000,90.5,91.7,87,91.7,67,0
TMR,D,20131120,000000,91.8,93.1,91.7,91.7,41,0
TMR,D,20131121,000000,91.7,92.2,91.7,92,36,0
TMR,D,20131122,000000,92,92.5,92,92,45,0
TMR,D,20131125,000000,91.9,91.9,87.25,91.7,62,0
TMR,D,20131126,000000,90.9,91.5,87,90.5,291,0
TMR,D,20131127,000000,89.85,89.85,88,88,8,0
TMR,D,20131128,000000,87,88,87,87.95,71,0
TMR,D,20131129,000000,87.99,87.99,80,85,543,0
TMR,D,20131202,000000,86,86.5,85.1,85.1,101,0
TMR,D,20131203,000000,85.2,86.5,80,86.5,137,0
TMR,D,20131204,000000,84.1,84.1,84,84,19,0
TMR,D,20131205,000000,84,84,84,84,10,0
TMR,D,20131206,000000,84.5,86.8,84.5,86.8,149,0
TMR,D,20131209,000000,87.5,87.5,85.5,87,158,0
TMR,D,20131210,000000,87.5,87.5,87.5,87.5,61,0
TMR,D,20131211,000000,87.5,88.95,85.7,86,233,0
TMR,D,20131212,000000,86,87.5,86,87.5,30,0
TMR,D,20131213,000000,87.5,87.5,86,86,262,0
TMR,D,20131216,000000,86.4,87.5,86,87.5,125,0
TMR,D,20131217,000000,87.5,87.5,87.5,87.5,75,0
TMR,D,20131218,000000,87.5,87.5,87.5,87.5,70,0
TMR,D,20131219,000000,88.19,88.5,86,86,199,0
TMR,D,20131220,000000,86.1,86.1,86,86,419,0
TMR,D,20131230,000000,85.51,85.51,85.51,85.51,1,0
TMR,D,20140103,000000,88,88,88,88,30,0
TMR,D,20140107,000000,89,94,89,94,326,0
TMR,D,20140108,000000,93.5,93.5,93.5,93.5,1,0
TMR,D,20140109,000000,90,93.47,90,93.47,151,0
TMR,D,20140110,000000,93.47,93.47,89,93,191,0
TMR,D,20140113,000000,90,92.95,90,92.95,217,0
TMR,D,20140114,000000,90,92.95,90,92.95,201,0
TMR,D,20140115,000000,92.95,92.95,92,92,140,0
TMR,D,20140116,000000,90,90,90,90,320,0
TMR,D,20140117,000000,92.5,92.5,92.5,92.5,10,0
TMR,D,20140120,000000,93,93,90,92.5,231,0
TMR,D,20140121,000000,90,93,90,93,106,0
TMR,D,20140122,000000,90,90,90,90,120,0
TMR,D,20140123,000000,92.4,92.4,90,90,129,0
TMR,D,20140124,000000,90,90,90,90,100,0
TMR,D,20140127,000000,89.9,90,89.9,90,50,0
TMR,D,20140128,000000,90,90,90,90,50,0
TMR,D,20140129,000000,90,90,90,90,50,0
TMR,D,20140130,000000,93.4,93.4,90,90,80,0
TMR,D,20140131,000000,89.4,89.5,89.4,89.5,50,0
TMR,D,20140205,000000,89.4,89.5,85,89.5,17,0
TMR,D,20140210,000000,83.8,89,80.6,89,121,0
TMR,D,20140212,000000,88,88,88,88,15,0
TMR,D,20140213,000000,89.4,89.4,89.4,89.4,1,0
TMR,D,20140214,000000,89.4,89.4,88,88,369,0
TMR,D,20140217,000000,89.5,89.5,89.5,89.5,1,0
TMR,D,20140218,000000,89.5,89.5,89.5,89.5,3,0
TMR,D,20140219,000000,89.5,89.5,89.5,89.5,194,0
TMR,D,20140220,000000,89.5,89.5,89.5,89.5,99,0
TMR,D,20140221,000000,89,89.5,89,89.5,29,0
TMR,D,20140224,000000,92,92,90,90,52,0
TMR,D,20140225,000000,92.8,92.8,91,91,2,0
TMR,D,20140226,000000,91,91,91,91,2,0
TMR,D,20140303,000000,90.8,90.8,90.8,90.8,6,0
TMR,D,20140304,000000,88,92.2,82.8,83.45,353,0
TMR,D,20140305,000000,91.6,91.6,91.6,91.6,4,0
TMR,D,20140306,000000,90,90,90,90,261,0
TMR,D,20140311,000000,91.55,91.55,91.5,91.55,42,0
TMR,D,20140312,000000,90,90,90,90,28,0
TMR,D,20140313,000000,91,91,91,91,503,0
TMR,D,20140314,000000,88.3,88.3,88.3,88.3,72,0
TMR,D,20140317,000000,89,89,89,89,6,0
TMR,D,20140318,000000,90.7,90.7,90.7,90.7,25,0
TMR,D,20140320,000000,89,89,88.3,88.3,102,0
TMR,D,20140326,000000,88.3,88.3,86,86,143,0
TMR,D,20140404,000000,89,89,89,89,22,0
TMR,D,20140407,000000,89,89,89,89,15,0
TMR,D,20140414,000000,87,87,87,87,20,0
TMR,D,20140415,000000,87,87,87,87,3,0
TMR,D,20140416,000000,87,87,87,87,3,0
TMR,D,20140417,000000,87,87,87,87,3,0
TMR,D,20140422,000000,84,84,84,84,54,0
TMR,D,20140423,000000,84,84,83,83,94,0
TMR,D,20140428,000000,83,83,83,83,3,0
TMR,D,20140429,000000,87,87,87,87,2,0
TMR,D,20140507,000000,87,87,87,87,2,0
TMR,D,20140513,000000,88,88,88,88,30,0
TMR,D,20140515,000000,87.9,87.9,87.9,87.9,3,0
TMR,D,20140516,000000,87.9,87.9,87.9,87.9,10,0
TMR,D,20140520,000000,88,88,87.9,87.9,9,0
TMR,D,20140523,000000,84,84,84,84,30,0
TMR,D,20140526,000000,84,84,84,84,15,0
TMR,D,20140602,000000,85,85,85,85,14,0
TMR,D,20140605,000000,85,85,85,85,15,0
TMR,D,20140606,000000,85,85,85,85,20,0
TMR,D,20140618,000000,84,84,84,84,14,0
TMR,D,20140623,000000,84,85,84,84,272,0
TMR,D,20140624,000000,84,84,84,84,42,0
TMR,D,20140627,000000,85,85,85,85,17,0
TMR,D,20140701,000000,84.5,84.5,84.5,84.5,12,0
TMR,D,20140704,000000,85,85,85,85,175,0
TMR,D,20140707,000000,83.6,83.6,83.6,83.6,18,0
TMR,D,20140709,000000,87,87,86,86,42,0
TMR,D,20140711,000000,84,84,84,84,40,0
TMR,D,20140714,000000,86,86,77.6,80,342,0
TMR,D,20140716,000000,80,80.5,80,80.5,88,0
TMR,D,20140718,000000,79,79,79,79,27,0
TMR,D,20140723,000000,80.8,85.99,80.8,85.99,175,0
TMR,D,20140724,000000,85.99,85.99,85.99,85.99,20,0
TMR,D,20140725,000000,83,83,83,83,30,0
TMR,D,20140730,000000,79,80.85,79,80.85,34,0
TMR,D,20140731,000000,80,80,80,80,11,0
TMR,D,20140806,000000,80.05,80.05,80.05,80.05,100,0
TMR,D,20140807,000000,80,80,80,80,25,0
TMR,D,20140818,000000,78.01,78.01,78,78,20,0
TMR,D,20140820,000000,80.85,80.85,80.85,80.85,13,0
TMR,D,20140822,000000,81.2,81.2,81.2,81.2,8,0
TMR,D,20140825,000000,79.3,79.3,79.3,79.3,2,0
TMR,D,20140827,000000,80.5,80.5,80,80,134,0
TMR,D,20140828,000000,83.19,83.2,83.19,83.2,130,0
TMR,D,20140901,000000,82,83.79,80.75,80.75,327,0
TMR,D,20140905,000000,80.79,80.79,80.75,80.75,21,0
TMR,D,20140910,000000,84,85,84,85,158,0
TMR,D,20140911,000000,86,86,86,86,79,0
TMR,D,20140912,000000,86.1,86.1,85,86.1,110,0
TMR,D,20140917,000000,88.2,88.2,88.2,88.2,50,0
TMR,D,20140918,000000,89,93.5,88.2,93.5,401,0
TMR,D,20140924,000000,91.35,91.35,87,87,57,0
TMR,D,20140929,000000,87.5,91.35,87.01,91.35,80,0
TMR,D,20141007,000000,91.35,91.35,91.35,91.35,10,0
TMR,D,20141008,000000,91,91,91,91,25,0
TMR,D,20141017,000000,90.7,91.7,90.7,91.7,93,0
TMR,D,20141020,000000,93.45,93.45,93.45,93.45,11,0
TMR,D,20141021,000000,93,93,93,93,36,0
TMR,D,20141022,000000,91,91,91,91,10,0
TMR,D,20141023,000000,93,93,92.8,92.8,25,0
TMR,D,20141024,000000,92.8,92.8,92.8,92.8,80,0
TMR,D,20141027,000000,91.1,93.45,91.1,93.45,65,0
TMR,D,20141028,000000,93.45,94,93.45,94,35,0
TMR,D,20141029,000000,94,94.5,93.45,94.5,240,0
TMR,D,20141030,000000,94.1,94.1,94,94,85,0
TMR,D,20141031,000000,94.5,94.5,94,94,35,0
TMR,D,20141103,000000,92.5,92.5,92.5,92.5,100,0
TMR,D,20141104,000000,90,90,90,90,110,0
TMR,D,20141107,000000,90,90.01,90,90.01,26,0
TMR,D,20141117,000000,93.55,93.55,93.55,93.55,6,0
TMR,D,20141124,000000,91.5,91.5,91.5,91.5,5,0
TMR,D,20141126,000000,90,90,90,90,89,0
TMR,D,20141210,000000,86.45,86.45,86.45,86.45,15,0
TMR,D,20141211,000000,86.45,86.45,86.45,86.45,10,0
TMR,D,20141216,000000,87,87,87,87,10,0
TMR,D,20141223,000000,86.45,86.45,86.45,86.45,10,0
TMR,D,20141230,000000,86.45,86.45,86.45,86.45,12,0
TMR,D,20150102,000000,86.45,91,86.45,91,13,0
TMR,D,20150105,000000,90.5,90.5,90.5,90.5,14,0
TMR,D,20150107,000000,89,89,87,87,96,0
TMR,D,20150114,000000,87,87,85.5,85.5,126,0
TMR,D,20150115,000000,81,90,81,90,15,0
TMR,D,20150116,000000,83.6,87,83.6,87,26,0
TMR,D,20150128,000000,87,87,87,87,9,0
TMR,D,20150202,000000,85,85,85,85,10,0
TMR,D,20150203,000000,87,87,87,87,9,0
TMR,D,20150210,000000,88,88,88,88,16,0
TMR,D,20150211,000000,88,88,88,88,5,0
TMR,D,20150226,000000,84,84,84,84,24,0
TMR,D,20150302,000000,84,84,83.6,83.6,34,0
TMR,D,20150304,000000,88,88,88,88,5,0
TMR,D,20150306,000000,88,88,88,88,2,0
TMR,D,20150317,000000,88,88,88,88,5,0
TMR,D,20150407,000000,88,88,88,88,15,0
TMR,D,20150408,000000,88,88,88,88,25,0
TMR,D,20150409,000000,88,88,88,88,25,0
TMR,D,20150415,000000,86,88,86,88,30,0
TMR,D,20150416,000000,85,88,85,88,16,0
TMR,D,20150417,000000,88,88,88,88,11,0
TMR,D,20150422,000000,88,88,88,88,56,0
TMR,D,20150423,000000,88.2,88.2,88,88,579,0
TMR,D,20150424,000000,88.2,88.2,85,85,232,0
TMR,D,20150430,000000,88,88,88,88,10,0
TMR,D,20150504,000000,88,88,88,88,10,0
TMR,D,20150519,000000,85,85,85,85,11,0
TMR,D,20150528,000000,85,85,85,85,1,0
TMR,D,20150609,000000,84.1,84.1,84.1,84.1,65,0
TMR,D,20150615,000000,84.1,84.1,84.1,84.1,26,0
TMR,D,20150616,000000,84.1,84.1,84.1,84.1,7,0
TMR,D,20150708,000000,85,85,85,85,5,0
TMR,D,20150714,000000,84.1,84.1,84.1,84.1,12,0
TMR,D,20150720,000000,84.1,84.1,84.1,84.1,20,0
TMR,D,20150730,000000,85,85,85,85,6,0
TMR,D,20150731,000000,85,88,84.1,88,138,0
TMR,D,20150805,000000,84.5,84.5,84.5,84.5,4,0
TMR,D,20150813,000000,87.1,87.1,87.1,87.1,68,0
TMR,D,20150814,000000,88.15,88.15,88.15,88.15,10,0
TMR,D,20150818,000000,86.6,88.15,86.6,88.15,27,0
TMR,D,20150825,000000,87.13,87.13,84.5,84.5,100,0
TMR,D,20150826,000000,85.5,85.5,85,85,40,0
TMR,D,20150831,000000,87,88.2,87,88.2,51,0
TMR,D,20150901,000000,88.2,88.2,88.2,88.2,21,0
TMR,D,20150902,000000,85.6,85.6,85.6,85.6,6,0
TMR,D,20150903,000000,88.2,88.2,88.2,88.2,40,0
TMR,D,20150904,000000,88.2,88.2,88.2,88.2,1,0
TMR,D,20150909,000000,88.2,89.5,88.2,89.5,104,0
TMR,D,20150910,000000,86.6,90.8,86.6,90.8,17,0
TMR,D,20150917,000000,90,90,90,90,5,0
TMR,D,20150918,000000,91,92,91,92,40,0
TMR,D,20150921,000000,92,92,92,92,45,0
TMR,D,20150924,000000,92.9,94,92.9,94,500,0
TMR,D,20150925,000000,94,94,94,94,63,0
TMR,D,20150928,000000,95,95,95,95,50,0
TMR,D,20150930,000000,95,95,95,95,5,0
TMR,D,20151006,000000,96,96,96,96,25,0
TMR,D,20151007,000000,98.15,100,98.15,100,25,0
TMR,D,20151008,000000,96.5,96.5,96.5,96.5,25,0
TMR,D,20151009,000000,98,98,98,98,50,0
TMR,D,20151012,000000,99.9,99.9,99.9,99.9,10,0
TMR,D,20151013,000000,99.9,102,99.9,102,119,0
TMR,D,20151014,000000,102,102,102,102,8,0
TMR,D,20151015,000000,101,102.2,99,99,50,0
TMR,D,20151019,000000,100,100,99,99,70,0
TMR,D,20151020,000000,100,100,100,100,40,0
TMR,D,20151021,000000,100,100,100,100,1,0
TMR,D,20151022,000000,102.2,103,102.2,103,105,0
TMR,D,20151023,000000,100,100,100,100,25,0
TMR,D,20151026,000000,103,105.5,103,105.5,48,0
TMR,D,20151027,000000,106,112,106,112,209,0
TMR,D,20151028,000000,110,111,110,111,76,0
TMR,D,20151029,000000,110,110.95,109,109,65,0
TMR,D,20151030,000000,110.95,112,110.8,112,50,0
TMR,D,20151102,000000,111,111,103,105,50,0
TMR,D,20151103,000000,104,104,103,103,25,0
TMR,D,20151104,000000,103,103,101,101,25,0
TMR,D,20151106,000000,101,101,101,101,10,0
TMR,D,20151110,000000,107,107,107,107,1,0
TMR,D,20151116,000000,100,100,100,100,10,0
TMR,D,20151119,000000,99,99,95,95,47,0
TMR,D,20151125,000000,95.55,95.55,95.5,95.5,25,0
TMR,D,20151126,000000,96,99.9,96,99.9,125,0
TMR,D,20151127,000000,96.05,99.95,96.05,99.95,64,0
TMR,D,20151130,000000,100,100,100,100,25,0
TMR,D,20151207,000000,95,95,95,95,8,0
TMR,D,20151210,000000,95.5,95.5,95,95,25,0
TMR,D,20151211,000000,95.25,95.25,95.25,95.25,14,0
TMR,D,20151228,000000,95.25,95.25,95.25,95.25,5,0
TMR,D,20151229,000000,95,95,95,95,25,0
TMR,D,20151230,000000,95.05,95.05,94,94,52,0
TMR,D,20160111,000000,99,99,99,99,25,0
TMR,D,20160113,000000,99,99,99,99,10,0
TMR,D,20160129,000000,100.1,100.1,99,99,25,0
TMR,D,20160209,000000,100,100,100,100,42,0
TMR,D,20160210,000000,99.5,99.5,99,99,76,0
TMR,D,20160212,000000,99,99,99,99,25,0
TMR,D,20160224,000000,98,98,98,98,13,0
TMR,D,20160302,000000,99.99,101,98,98,94,0
TMR,D,20160303,000000,101,101,101,101,25,0
TMR,D,20160307,000000,101,101,101,101,15,0
TMR,D,20160309,000000,99.9,99.9,99.9,99.9,10,0
TMR,D,20160317,000000,100,100,100,100,4,0
TMR,D,20160321,000000,100,100,100,100,4,0
TMR,D,20160330,000000,103,103,103,103,54,0
TMR,D,20160331,000000,103,103,103,103,14,0
TMR,D,20160401,000000,101,101,101,101,13,0
TMR,D,20160412,000000,100.5,100.5,100.5,100.5,18,0
TMR,D,20160414,000000,101,101,101,101,10,0
TMR,D,20160420,000000,100,100,100,100,38,0
TMR,D,20160425,000000,100,100,100,100,51,0
TMR,D,20160426,000000,103,103,103,103,14,0
TMR,D,20160427,000000,107,107,107,107,40,0
TMR,D,20160511,000000,107,110,107,110,114,0
TMR,D,20160516,000000,114,114,114,114,24,0
TMR,D,20160517,000000,110,110,110,110,1,0
TMR,D,20160518,000000,110,110,110,110,32,0
TMR,D,20160527,000000,114,114,111,111,55,0
TMR,D,20160531,000000,110,110,110,110,50,0
TMR,D,20160606,000000,114,115,114,115,380,0
TMR,D,20160608,000000,119,120,119,120,126,0
TMR,D,20160614,000000,126,126,125,125,86,0
TMR,D,20160617,000000,125,125,125,125,64,0
TMR,D,20160622,000000,130,130,130,130,60,0
TMR,D,20160624,000000,130,130,130,130,6,0
TMR,D,20160628,000000,128,128,128,128,22,0
TMR,D,20160708,000000,130,130,130,130,18,0
TMR,D,20160713,000000,129.2,129.2,129.2,129.2,240,0
TMR,D,20160714,000000,129.2,129.2,129.2,129.2,15,0
TMR,D,20160718,000000,129.45,129.45,129.45,129.45,22,0
TMR,D,20160719,000000,129.45,130,129.45,130,120,0
TMR,D,20160720,000000,130,130,130,130,3,0
TMR,D,20160722,000000,130,130,130,130,3,0
TMR,D,20160801,000000,131,131,131,131,20,0
TMR,D,20160802,000000,130.95,130.95,130.95,130.95,150,0
TMR,D,20160804,000000,130.95,130.95,130.95,130.95,10,0
TMR,D,20160808,000000,130.9,130.9,130.9,130.9,1,0
TMR,D,20160811,000000,130.9,130.9,130.9,130.9,1,0
TMR,D,20160818,000000,130.95,130.95,130.95,130.95,6,0
TMR,D,20160825,000000,128,128,128,128,5,0
TMR,D,20160902,000000,128,128,128,128,6,0
TMR,D,20160905,000000,131,131,131,131,49,0
TMR,D,20160906,000000,130.8,130.8,130.8,130.8,10,0
TMR,D,20160908,000000,130.8,130.8,130.8,130.8,11,0
TMR,D,20160909,000000,130.8,131,130.8,131,37,0
TMR,D,20160912,000000,131,131,131,131,62,0
TMR,D,20160919,000000,131,131,131,131,25,0
TMR,D,20160921,000000,144.1,144.1,144,144,33,0
TMR,D,20160922,000000,145,145,145,145,7,0
TMR,D,20160926,000000,150,150,147,147,26,0
TMR,D,20161003,000000,147,147.5,147,147.5,2,0
TMR,D,20161004,000000,150,150,150,150,6,0
TMR,D,20161005,000000,146,146,145,145,50,0
TMR,D,20161006,000000,145,145,140,140,94,0
TMR,D,20161012,000000,141,141,141,141,25,0
TMR,D,20161017,000000,150,150,150,150,9,0
TMR,D,20161018,000000,153,153,153,153,30,0
TMR,D,20161019,000000,144,144,144,144,46,0
TMR,D,20161020,000000,145,150,145,150,74,0
TMR,D,20161025,000000,153.9,156,153.9,156,47,0
TMR,D,20161026,000000,164.55,164.55,164,164,65,0
TMR,D,20161027,000000,164,164,152.05,152.1,23,0
TMR,D,20161031,000000,152.2,152.2,152.1,152.1,25,0
TMR,D,20161102,000000,153.5,153.5,153.5,153.5,6,0
TMR,D,20161103,000000,151,153.5,150,150,68,0
TMR,D,20161104,000000,146,146,146,146,30,0
TMR,D,20161107,000000,148,148,148,148,6,0
TMR,D,20161110,000000,150,150,150,150,25,0
TMR,D,20161117,000000,147,147,147,147,26,0
TMR,D,20161123,000000,148,148,148,148,5,0
TMR,D,20161124,000000,149,149,149,149,5,0
TMR,D,20161125,000000,147.1,149,145,145,168,0
TMR,D,20161128,000000,145,145,145,145,25,0
TMR,D,20161129,000000,145,145,135,135,207,0
TMR,D,20161201,000000,136.1,136.1,135,135,164,0
TMR,D,20161202,000000,135.1,135.1,135,135,147,0
TMR,D,20161205,000000,135,135,133,133,92,0
TMR,D,20161206,000000,134,134,128.1,128.1,56,0
TMR,D,20161207,000000,128,128,128,128,85,0
TMR,D,20161208,000000,125.1,128.8,125,128.8,121,0
TMR,D,20161209,000000,122,123,115,120,201,0
TMR,D,20161212,000000,115,115,114.5,114.5,133,0
TMR,D,20161214,000000,118,118,118,118,75,0
TMR,D,20161215,000000,121,121,121,121,40,0
TMR,D,20161219,000000,121,121,121,121,10,0
TMR,D,20161220,000000,121,121,121,121,65,0
TMR,D,20161221,000000,128,128,128,128,1,0
TMR,D,20161223,000000,125,125,125,125,1,0
TMR,D,20161229,000000,120,125,120,125,144,0
TMR,D,20170102,000000,127,127,127,127,1,0
TMR,D,20170103,000000,125,125,121,121,80,0
TMR,D,20170109,000000,121,121,121,121,9,0
TMR,D,20170110,000000,121,121,121,121,180,0
TMR,D,20170111,000000,133.1,133.1,121,126,93,0
TMR,D,20170112,000000,124,124,124,124,55,0
TMR,D,20170113,000000,124,124,124,124,36,0
TMR,D,20170116,000000,124,124,124,124,55,0
TMR,D,20170119,000000,124,124,124,124,1,0
TMR,D,20170123,000000,125,125,122,122,87,0
TMR,D,20170124,000000,121,121,119.5,119.5,103,0
TMR,D,20170125,000000,124.5,124.5,124.5,124.5,12,0
TMR,D,20170127,000000,119,119,119,119,72,0
TMR,D,20170130,000000,120,121.5,120,121.5,53,0
TMR,D,20170131,000000,121.9,125,121.9,125,130,0
TMR,D,20170201,000000,122.1,122.1,122.1,122.1,5,0
TMR,D,20170202,000000,125.5,125.5,125.5,125.5,2,0
TMR,D,20170206,000000,122.1,122.1,122,122,115,0
TMR,D,20170208,000000,122.1,122.1,120,120,127,0
TMR,D,20170210,000000,121,121,120,120,218,0
TMR,D,20170214,000000,120,120,120,120,18,0
TMR,D,20170215,000000,122,122,122,122,10,0
TMR,D,20170217,000000,122,122,120,120,262,0
TMR,D,20170220,000000,120,120,118,118,48,0
TMR,D,20170222,000000,120,120,120,120,36,0
TMR,D,20170223,000000,119.5,119.5,118.1,118.1,160,0
TMR,D,20170224,000000,122,122,122,122,19,0
TMR,D,20170227,000000,119,119,115,115,212,0
TMR,D,20170228,000000,117.95,117.95,114.9,114.9,117,0
TMR,D,20170301,000000,117.95,117.95,115.5,115.5,79,0
TMR,D,20170303,000000,116,116,115,115,137,0
TMR,D,20170306,000000,116,116,116,116,80,0
TMR,D,20170307,000000,116,116,116,116,25,0
TMR,D,20170308,000000,115.5,115.5,114,114,104,0
TMR,D,20170309,000000,114,114,112,114,125,0
TMR,D,20170310,000000,115,115,115,115,30,0
TMR,D,20170313,000000,115,115,115,115,25,0
TMR,D,20170314,000000,115,115,115,115,50,0
TMR,D,20170315,000000,114.5,114.5,114.5,114.5,25,0
TMR,D,20170316,000000,114,115,114,115,109,0
TMR,D,20170317,000000,114,114,114,114,25,0
TMR,D,20170320,000000,115,115,114,114,240,0
TMR,D,20170321,000000,114,114,114,114,10,0
TMR,D,20170322,000000,113,113,113,113,9,0
TMR,D,20170324,000000,113,113,113,113,8,0
TMR,D,20170327,000000,114,114,114,114,76,0
TMR,D,20170329,000000,114,114,114,114,137,0
TMR,D,20170331,000000,114.9,115,114.9,115,90,0
TMR,D,20170403,000000,118,118,115,115,181,0
TMR,D,20170404,000000,114,114,114,114,15,0
TMR,D,20170405,000000,114,114,114,114,154,0
TMR,D,20170407,000000,114,114,113,113,141,0
TMR,D,20170412,000000,114,114,114,114,100,0
TMR,D,20170413,000000,114,114,114,114,142,0
TMR,D,20170418,000000,115,115,114,114,40,0
TMR,D,20170424,000000,114.1,114.1,113,113,111,0
TMR,D,20170425,000000,112.5,112.5,112.5,112.5,16,0
TMR,D,20170427,000000,113,114.2,113,113,162,0
TMR,D,20170428,000000,113,113,113,113,15,0
TMR,D,20170511,000000,116,116,116,116,84,0
TMR,D,20170512,000000,116,116,115,115,44,0
TMR,D,20170515,000000,115,115,115,115,50,0
TMR,D,20170516,000000,115,115,113,113,241,0
TMR,D,20170519,000000,117.5,117.5,117.5,117.5,70,0
TMR,D,20170522,000000,118,118,114,114,420,0
TMR,D,20170525,000000,120,120,120,120,43,0
TMR,D,20170526,000000,120,120,120,120,121,0
TMR,D,20170529,000000,120,120,115,115,300,0
TMR,D,20170530,000000,120,120,115,115,140,0
TMR,D,20170602,000000,113.1,113.1,113,113,285,0
TMR,D,20170606,000000,113,114,113,114,290,0
TMR,D,20170607,000000,113,115,113,115,228,0
TMR,D,20170608,000000,115,115,115,115,8,0
TMR,D,20170609,000000,115,115,115,115,34,0
TMR,D,20170612,000000,113.1,113.1,110,110,727,0
TMR,D,20170614,000000,112.95,112.95,112.95,112.95,70,0
TMR,D,20170619,000000,114.95,114.95,114.95,114.95,1,0
TMR,D,20170620,000000,112.25,112.25,112,112,30,0
TMR,D,20170621,000000,112.95,113,112.95,113,77,0
TMR,D,20170622,000000,112.5,113,112.5,113,89,0
TMR,D,20170623,000000,113.7,113.7,108.2,108.2,410,0
TMR,D,20170703,000000,112.5,112.5,111,111,190,0
TMR,D,20170710,000000,112,112,110,110,133,0
TMR,D,20170711,000000,110,110,110,110,4,0
TMR,D,20170712,000000,114,114,114,114,40,0
TMR,D,20170713,000000,114,114,114,114,405,0
TMR,D,20170717,000000,113.5,113.5,113.5,113.5,50,0
TMR,D,20170719,000000,114,114,114,114,445,0
TMR,D,20170721,000000,116,116,116,116,70,0
TMR,D,20170724,000000,115,115,114,114,87,0
TMR,D,20170725,000000,114,114,112.9,113,240,0
TMR,D,20170727,000000,112.9,112.9,112.5,112.5,22,0
TMR,D,20170728,000000,112.5,112.5,112.5,112.5,5,0
TMR,D,20170731,000000,112.5,112.5,112.5,112.5,65,0
TMR,D,20170801,000000,113,114,113,114,139,0
TMR,D,20170802,000000,114,114,114,114,1,0
TMR,D,20170803,000000,113,113,113,113,293,0
TMR,D,20170804,000000,113,113,112,112,70,0
TMR,D,20170807,000000,113,119,113,119,210,0
TMR,D,20170808,000000,119,120,119,120,151,0
TMR,D,20170809,000000,122,122,120,120,124,0
TMR,D,20170810,000000,120,120,120,120,6,0
TMR,D,20170811,000000,120,123,120,123,14,0
TMR,D,20170814,000000,121,121,121,121,128,0
TMR,D,20170816,000000,121,121,116,118,390,0
TMR,D,20170817,000000,118,118,118,118,185,0
TMR,D,20170818,000000,117,117,116,116,90,0
TMR,D,20170821,000000,117.95,117.95,115.95,117,853,0
TMR,D,20170822,000000,117,117,117,117,122,0
TMR,D,20170824,000000,124,124,116,116,9,0
TMR,D,20170828,000000,117,117,116,117,225,0
TMR,D,20170829,000000,117.95,117.95,116,117.5,533,0
TMR,D,20170830,000000,115.75,115.75,115.75,115.75,50,0
TMR,D,20170831,000000,115.95,115.95,115.95,115.95,25,0
TMR,D,20170901,000000,115.5,115.9,115.5,115.5,316,0
TMR,D,20170904,000000,115,115,115,115,16,0
TMR,D,20170905,000000,115,115,114,115,355,0
TMR,D,20170906,000000,115,116,115,116,177,0
TMR,D,20170907,000000,115.5,115.5,115.5,115.5,161,0
TMR,D,20170908,000000,115,115,115,115,86,0
TMR,D,20170911,000000,115,116,115,116,73,0
TMR,D,20170912,000000,115.5,115.5,115,115,122,0
TMR,D,20170913,000000,115.1,116,115,116,132,0
TMR,D,20170914,000000,115.5,115.5,115,115.5,200,0
TMR,D,20170915,000000,115,115,115,115,200,0
TMR,D,20170918,000000,115,115,113.1,113.1,191,0
TMR,D,20170919,000000,113.2,113.2,113.2,113.2,5,0
TMR,D,20170921,000000,115,115,115,115,10,0
TMR,D,20170922,000000,115,118,115,118,156,0
TMR,D,20170925,000000,115.5,115.5,115.5,115.5,30,0
TMR,D,20170926,000000,115,115,115,115,50,0
TMR,D,20170927,000000,115,115,115,115,50,0
TMR,D,20170928,000000,115.5,115.5,115.5,115.5,100,0
TMR,D,20170929,000000,115.5,116.5,115.5,116.5,215,0
TMR,D,20171002,000000,116.5,116.5,116.3,116.3,40,0
TMR,D,20171003,000000,117,118,117,118,35,0
TMR,D,20171004,000000,120,120,118,118,222,0
TMR,D,20171006,000000,118.9,120,118.9,120,380,0
TMR,D,20171009,000000,119.8,119.8,119.8,119.8,90,0
TMR,D,20171010,000000,119.75,119.8,119.75,119.8,41,0
TMR,D,20171011,000000,119,119,119,119,85,0
TMR,D,20171012,000000,120,120,119.95,119.95,50,0
TMR,D,20171013,000000,119.85,119.9,118.15,118.15,256,0
TMR,D,20171016,000000,119.85,119.85,119.85,119.85,25,0
TMR,D,20171017,000000,119.8,119.8,118.15,118.15,500,0
TMR,D,20171018,000000,119.35,119.35,119,119,58,0
TMR,D,20171019,000000,119,119.35,119,119.35,146,0
TMR,D,20171020,000000,120,120,118.1,119,242,0
TMR,D,20171023,000000,119,119.1,119,119,795,0
TMR,D,20171024,000000,118.5,119,118,119,1311,0
TMR,D,20171025,000000,119.95,119.95,118,118,552,0
TMR,D,20171026,000000,118.25,118.25,116.45,116.45,690,0
TMR,D,20171027,000000,116.5,117,116.25,117,151,0
TMR,D,20171030,000000,116.7,116.9,107.5,116.9,422,0
TMR,D,20171031,000000,116.85,117,115.8,117,445,0
TMR,D,20171102,000000,113,113,112.5,112.5,79,0
TMR,D,20171103,000000,111,112.2,111,112.2,105,0
TMR,D,20171106,000000,113,113,113,113,15,0
TMR,D,20171107,000000,114,114,114,114,15,0
TMR,D,20171113,000000,114,114,114,114,12,0
TMR,D,20171115,000000,110,110,110,110,25,0
TMR,D,20171116,000000,109.1,109.1,109.1,109.1,2,0
TMR,D,20171117,000000,109.1,109.1,109.1,109.1,3,0
TMR,D,20171120,000000,109.1,109.1,109.1,109.1,1,0
TMR,D,20171121,000000,110,110,110,110,15,0
TMR,D,20171122,000000,110,110,110,110,20,0
TMR,D,20171127,000000,113,113,113,113,5,0
TMR,D,20171128,000000,113,113,113,113,1,0
TMR,D,20171130,000000,113,113,113,113,42,0
TMR,D,20171201,000000,115,115,115,115,48,0
TMR,D,20171204,000000,115,115,114,114,110,0
TMR,D,20171205,000000,115,115,114.5,115,100,0
TMR,D,20171207,000000,115,115,112,112,135,0
TMR,D,20171208,000000,112.2,113,112.2,113,260,0
TMR,D,20171212,000000,111,112,111,112,5,0
TMR,D,20171213,000000,112.5,112.5,112,112,22,0
TMR,D,20171214,000000,112,112,112,112,2,0
TMR,D,20171218,000000,112,112,112,112,6,0
TMR,D,20171220,000000,111,111,111,111,58,0
TMR,D,20171221,000000,111.3,111.3,111.3,111.3,167,0
TMR,D,20171227,000000,112.95,112.95,111.2,111.2,4,0
TMR,D,20171228,000000,112.95,114.4,112.95,114.4,135,0
TMR,D,20171229,000000,114.05,114.05,114.05,114.05,15,0
TMR,D,20180103,000000,115,117,115,115,458,0
TMR,D,20180104,000000,116,116,116,116,2,0
TMR,D,20180105,000000,116,116,116,116,13,0
TMR,D,20180108,000000,115,115,115,115,108,0
TMR,D,20180109,000000,114,114,114,114,33,0
TMR,D,20180110,000000,112,112,112,112,132,0
TMR,D,20180112,000000,113,113,113,113,6,0
TMR,D,20180115,000000,113,113,113,113,10,0
TMR,D,20180116,000000,112,112,112,112,51,0
TMR,D,20180117,000000,113,113,113,113,25,0
TMR,D,20180119,000000,112,112,112,112,25,0
TMR,D,20180122,000000,113,113,113,113,5,0
TMR,D,20180123,000000,112,112,112,112,70,0
TMR,D,20180124,000000,114,114,114,114,5,0
TMR,D,20180126,000000,114,114,114,114,5,0
TMR,D,20180129,000000,114,114,114,114,5,0
TMR,D,20180130,000000,114,114,114,114,43,0
TMR,D,20180201,000000,113,113,113,113,26,0
TMR,D,20180202,000000,112,112,112,112,5,0
TMR,D,20180206,000000,112,115,112,115,87,0
TMR,D,20180207,000000,112,112,112,112,1,0
TMR,D,20180212,000000,115,115,115,115,8,0
TMR,D,20180213,000000,115,115,115,115,5,0
TMR,D,20180215,000000,112,112,112,112,40,0
TMR,D,20180223,000000,114,114,114,114,130,0
TMR,D,20180227,000000,115,115,115,115,16,0
TMR,D,20180301,000000,115,117,115,117,216,0
TMR,D,20180302,000000,117,122,117,120,666,0
TMR,D,20180305,000000,119,119,116,116,75,0
TMR,D,20180307,000000,116,116,116,116,17,0
TMR,D,20180308,000000,117,117,112,112,91,0
TMR,D,20180309,000000,112,112,112,112,25,0
TMR,D,20180312,000000,113,113,111,111,150,0
TMR,D,20180313,000000,112,112,111,111,50,0
TMR,D,20180315,000000,113,113,112,112,30,0
TMR,D,20180319,000000,114,114,114,114,11,0
TMR,D,20180320,000000,114,114,114,114,1,0
TMR,D,20180322,000000,115,115,114,114,58,0
TMR,D,20180326,000000,116,116,116,116,37,0
TMR,D,20180327,000000,115,116,115,116,66,0
TMR,D,20180328,000000,116,116,115,115,35,0
TMR,D,20180329,000000,115,115,115,115,91,0
TMR,D,20180404,000000,116,116,116,116,120,0
TMR,D,20180406,000000,116,116,116,116,50,0
TMR,D,20180413,000000,117,117,117,117,15,0
TMR,D,20180425,000000,115,115,115,115,5,0
TMR,D,20180426,000000,116,117,116,117,86,0
TMR,D,20180427,000000,118,118,118,118,80,0
TMR,D,20180430,000000,119,119,119,119,8,0
TMR,D,20180502,000000,118,118,118,118,32,0
TMR,D,20180504,000000,119,119,117,117,84,0
TMR,D,20180508,000000,117,120,117,120,68,0
TMR,D,20180509,000000,118,118,118,118,43,0
TMR,D,20180511,000000,120,122,120,121,270,0
TMR,D,20180515,000000,122,122,122,122,4,0
TMR,D,20180516,000000,122,122,120,120,42,0
TMR,D,20180518,000000,121,121,121,121,34,0
TMR,D,20180521,000000,122,123,122,122,49,0
TMR,D,20180523,000000,122,124,122,124,233,0
TMR,D,20180524,000000,124,124,124,124,25,0
TMR,D,20180525,000000,123,123,121,121,50,0
TMR,D,20180529,000000,123,123,121,121,120,0
TMR,D,20180601,000000,120,120,120,120,25,0
TMR,D,20180604,000000,120,120,120,120,14,0
TMR,D,20180606,000000,121,121,121,121,25,0
TMR,D,20180607,000000,121,121,121,121,25,0
TMR,D,20180608,000000,122,122,122,122,41,0
TMR,D,20180615,000000,122,122,122,122,50,0
TMR,D,20180618,000000,122,123,121,121,635,0
TMR,D,20180619,000000,122,122,122,122,37,0
TMR,D,20180625,000000,122,123,122,122,60,0
TMR,D,20180626,000000,125,125,125,125,20,0
TMR,D,20180702,000000,126,126,126,126,12,0
TMR,D,20180704,000000,122,122,122,122,1,0
TMR,D,20180709,000000,124,124,123,123,9,0
TMR,D,20180711,000000,124,124,124,124,5,0
TMR,D,20180712,000000,124,124,124,124,21,0
TMR,D,20180717,000000,122,123,120,123,40,0
TMR,D,20180718,000000,123,123,123,123,8,0
TMR,D,20180720,000000,124,124,124,124,30,0
TMR,D,20180727,000000,124,124,124,124,1,0
TMR,D,20180730,000000,125,125,124,125,49,0
TMR,D,20180731,000000,125,125,125,125,29,0
TMR,D,20180801,000000,125,125,125,125,15,0
TMR,D,20180803,000000,125,126,125,126,101,0
TMR,D,20180806,000000,126,126,126,126,10,0
TMR,D,20180808,000000,125,126,125,126,66,0
TMR,D,20180809,000000,126,126,126,126,10,0
TMR,D,20180810,000000,127,127,127,127,75,0
TMR,D,20180820,000000,126,126,126,126,10,0
TMR,D,20180821,000000,126,126,126,126,15,0
TMR,D,20180822,000000,127,131,127,130,112,0
TMR,D,20180823,000000,131,133,131,133,75,0
TMR,D,20180824,000000,132,133,132,132,45,0
TMR,D,20180827,000000,134,135,134,134,41,0
TMR,D,20180828,000000,135,135,135,135,65,0
TMR,D,20180830,000000,135,135,135,135,10,0
TMR,D,20180831,000000,135,135,135,135,10,0
TMR,D,20180903,000000,137,140,137,139,157,0
TMR,D,20180904,000000,142,159,142,158,334,0
TMR,D,20180905,000000,152,152,142,142,180,0
TMR,D,20180906,000000,139,139,134,138,136,0
TMR,D,20180910,000000,138,138,138,138,7,0
TMR,D,20180912,000000,138,138,138,138,5,0
TMR,D,20180913,000000,138,138,138,138,29,0
TMR,D,20180914,000000,138,139,138,139,65,0
TMR,D,20180917,000000,140,140,140,140,56,0
TMR,D,20180919,000000,144,144,144,144,40,0
TMR,D,20180921,000000,144,144,144,144,15,0
TMR,D,20180925,000000,143,143,139,139,112,0
TMR,D,20180926,000000,139,140,130,130,129,0
TMR,D,20181002,000000,133,134,133,134,50,0
TMR,D,20181003,000000,134,134,134,134,120,0
TMR,D,20181004,000000,134,134,132,132,34,0
TMR,D,20181005,000000,134,134,132,132,174,0
TMR,D,20181009,000000,134,134,134,134,5,0
TMR,D,20181010,000000,134,134,134,134,50,0
TMR,D,20181011,000000,135,135,134,134,42,0
TMR,D,20181015,000000,133,134,133,134,36,0
TMR,D,20181016,000000,134,135,134,135,50,0
TMR,D,20181017,000000,137,140,137,140,180,0
TMR,D,20181018,000000,140,140,136,136,189,0
TMR,D,20181019,000000,136,136,136,136,89,0
TMR,D,20181022,000000,137,137,136,137,218,0
TMR,D,20181023,000000,136,137,136,136,80,0
TMR,D,20181024,000000,137,137,137,137,73,0
TMR,D,20181025,000000,138,138,134,137,164,0
TMR,D,20181026,000000,137,137,137,137,157,0
TMR,D,20181029,000000,137,137,135,135,133,0
TMR,D,20181030,000000,133,135,130,131,213,0
TMR,D,20181031,000000,131,132,131,132,90,0
TMR,D,20181107,000000,126,126,126,126,55,0
TMR,D,20181109,000000,126,126,126,126,3,0
TMR,D,20181115,000000,126,126,126,126,40,0
TMR,D,20181127,000000,122,122,122,122,20,0
TMR,D,20181210,000000,123,123,123,123,25,0
TMR,D,20181211,000000,127,127,127,127,25,0
TMR,D,20181213,000000,128,128,128,128,10,0
TMR,D,20181214,000000,128,128,128,128,22,0
TMR,D,20181228,000000,128,128,128,128,52,0
TMR,D,20190107,000000,128,128,128,128,6,0
TMR,D,20190109,000000,129,129,129,129,7,0
TMR,D,20190110,000000,129,129,129,129,8,0
TMR,D,20190114,000000,130,133,130,133,29,0
TMR,D,20190115,000000,134,134,134,134,16,0
TMR,D,20190116,000000,134,147,134,144,144,0
TMR,D,20190117,000000,140,140,140,140,59,0
TMR,D,20190121,000000,135,135,135,135,24,0
TMR,D,20190125,000000,136,138,136,138,100,0
TMR,D,20190130,000000,139,139,139,139,55,0
TMR,D,20190131,000000,140,141,140,141,15,0
TMR,D,20190201,000000,142,142,142,142,13,0
TMR,D,20190204,000000,138,138,137,137,40,0
TMR,D,20190205,000000,134,134,130,133,550,0
TMR,D,20190206,000000,135,135,135,135,69,0
TMR,D,20190207,000000,131,131,131,131,10,0
TMR,D,20190220,000000,132,132,132,132,25,0
TMR,D,20190222,000000,134,134,134,134,80,0
TMR,D,20190227,000000,135,135,135,135,2,0
TMR,D,20190301,000000,136,136,136,136,58,0
TMR,D,20190304,000000,132,132,132,132,9,0
TMR,D,20190307,000000,136,136,136,136,8,0
TMR,D,20190311,000000,135,135,135,135,25,0
TMR,D,20190313,000000,135,135,135,135,25,0
TMR,D,20190314,000000,136,136,136,136,23,0
TMR,D,20190319,000000,136,136,136,136,25,0
TMR,D,20190320,000000,135,135,135,135,25,0
TMR,D,20190325,000000,135,135,135,135,15,0
TMR,D,20190326,000000,136,137,136,137,122,0
TMR,D,20190327,000000,137,137,136,137,65,0
TMR,D,20190328,000000,136,136,136,136,24,0
TMR,D,20190401,000000,136,136,135,135,12,0
TMR,D,20190402,000000,135,135,135,135,19,0
TMR,D,20190405,000000,136,136,136,136,55,0
TMR,D,20190408,000000,138,138,138,138,25,0
TMR,D,20190410,000000,135,135,135,135,15,0
TMR,D,20190411,000000,136,136,136,136,20,0
TMR,D,20190412,000000,135,135,135,135,65,0
TMR,D,20190417,000000,137,137,137,137,120,0
TMR,D,20190423,000000,136,136,136,136,37,0
TMR,D,20190424,000000,134,134,134,134,39,0
TMR,D,20190426,000000,134,134,134,134,2,0
TMR,D,20190429,000000,133,133,132,132,138,0
TMR,D,20190506,000000,135,135,135,135,50,0
TMR,D,20190507,000000,133,133,133,133,20,0
TMR,D,20190508,000000,132,132,132,132,48,0
TMR,D,20190513,000000,135,135,131,131,50,0
TMR,D,20190514,000000,131,131,131,131,20,0
TMR,D,20190529,000000,134,134,131,131,121,0
TMR,D,20190604,000000,132,132,131,131,57,0
TMR,D,20190613,000000,136,136,136,136,8,0
TMR,D,20190628,000000,136.00,136.00,136.00,136.00,6,0
TMR,D,20190705,000000,135,135,135,135,29,0
TMR,D,20190709,000000,135,135,133,133,48,0
TMR,D,20190710,000000,134,134,134,134,5,0
TMR,D,20190712,000000,136,137,136,137,176,0
TMR,D,20190715,000000,137,137,132,132,306,0
TMR,D,20190717,000000,135,135,135,135,15,0
TMR,D,20190718,000000,135,135,135,135,25,0
TMR,D,20190719,000000,135,135,135,135,44,0
TMR,D,20190726,000000,135,135,135,135,25,0
TMR,D,20190731,000000,134,134,134,134,90,0
TMR,D,20190806,000000,135,135,133,133,25,0
TMR,D,20190809,000000,135,135,135,135,25,0
TMR,D,20190812,000000,136,136,136,136,40,0
TMR,D,20190816,000000,136,136,136,136,20,0
TMR,D,20190819,000000,138,138,138,138,1,0
TMR,D,20190820,000000,138,138,138,138,10,0
TMR,D,20190822,000000,136,138,136,138,50,0
TMR,D,20190826,000000,138,138,137,137,85,0
TMR,D,20190827,000000,138,138,138,138,36,0
TMR,D,20190828,000000,138,138,138,138,55,0
TMR,D,20190829,000000,138,138,138,138,28,0
TMR,D,20190830,000000,138,138,138,138,15,0
TMR,D,20190904,000000,139,145,139,145,260,0
TMR,D,20190905,000000,143,146,143,146,65,0
TMR,D,20190906,000000,145,145,145,145,8,0
TMR,D,20190909,000000,146,146,146,146,32,0
TMR,D,20190912,000000,145,147,145,147,63,0
TMR,D,20190913,000000,146,146,146,146,9,0
TMR,D,20190917,000000,146,146,146,146,89,0
TMR,D,20190918,000000,146,146,146,146,3,0
TMR,D,20190919,000000,146,147,146,147,40,0
TMR,D,20190920,000000,146,147,146,147,40,0
TMR,D,20190923,000000,147,147,146,146,65,0
TMR,D,20190925,000000,147,147,147,147,45,0
TMR,D,20190926,000000,147,147,147,147,15,0
TMR,D,20190927,000000,148,148,148,148,40,0
TMR,D,20190930,000000,148,150,147,150,139,0
TMR,D,20191001,000000,150,152,150,152,235,0
TMR,D,20191002,000000,152,154,152,154,188,0
TMR,D,20191003,000000,155,160,154,160,172,0
TMR,D,20191007,000000,160,160,159,160,66,0
TMR,D,20191008,000000,159,159,159,159,25,0
TMR,D,20191009,000000,158,159,158,159,58,0
TMR,D,20191010,000000,159,159,159,159,32,0
TMR,D,20191011,000000,160,160,160,160,96,0
TMR,D,20191014,000000,160,160,160,160,100,0
TMR,D,20191016,000000,160,160,160,160,25,0
TMR,D,20191018,000000,160,160,158,158,12,0
TMR,D,20191021,000000,161,165,160,164,273,0
TMR,D,20191022,000000,163,163,163,163,8,0
TMR,D,20191023,000000,161,161,160,160,128,0
TMR,D,20191024,000000,160,160,160,160,72,0
TMR,D,20191025,000000,160,162,160,162,113,0
TMR,D,20191028,000000,161,162,160,160,145,0
TMR,D,20191029,000000,161,161,160,160,107,0
TMR,D,20191030,000000,160,160,156,156,50,0
TMR,D,20191031,000000,155,155,155,155,40,0
TMR,D,20191104,000000,153,153,150,150,69,0
TMR,D,20191106,000000,150,150,150,150,1,0
TMR,D,20191112,000000,147,147,147,147,1,0
TMR,D,20191114,000000,130,138,130,131,1251,0
TMR,D,20191115,000000,131,138,131,138,6,0
TMR,D,20191118,000000,138,139,138,139,18,0
TMR,D,20191119,000000,139,141,139,141,51,0
TMR,D,20191120,000000,141,141,141,141,3,0
TMR,D,20191121,000000,140,141,139,141,37,0
TMR,D,20191126,000000,139,139,135,139,120,0
TMR,D,20191128,000000,136,138,136,138,60,0
TMR,D,20191129,000000,137,147,135,147,125,0
TMR,D,20191209,000000,144,144,144,144,10,0
TMR,D,20191211,000000,143,143,143,143,13,0
TMR,D,20191213,000000,140,143,140,143,26,0
TMR,D,20191230,000000,140,144,140,144,17,0
TMR,D,20200103,000000,143,143,143,143,20,0
TMR,D,20200110,000000,146,146,146,146,6,0
TMR,D,20200113,000000,146,146,146,146,7,0
TMR,D,20200114,000000,147,149,147,149,18,0
TMR,D,20200115,000000,149,149,149,149,5,0
TMR,D,20200120,000000,149,149,149,149,5,0
TMR,D,20200121,000000,150,150,150,150,10,0
TMR,D,20200203,000000,149,149,148,148,15,0
TMR,D,20200206,000000,150,150,149,149,40,0
TMR,D,20200207,000000,150,150,150,150,6,0
TMR,D,20200212,000000,152,153,152,153,16,0
TMR,D,20200213,000000,153,153,153,153,23,0
TMR,D,20200214,000000,153,153,153,153,55,0
TMR,D,20200217,000000,155,156,154,155,80,0
TMR,D,20200218,000000,155,155,155,155,1,0
TMR,D,20200224,000000,155,155,150,150,75,0
TMR,D,20200225,000000,150,150,146,146,132,0
TMR,D,20200226,000000,145,147,143,143,49,0
TMR,D,20200227,000000,142,142,135,140,113,0
TMR,D,20200228,000000,132,135,125,129,689,0
TMR,D,20200302,000000,129,141,129,140,783,0
TMR,D,20200303,000000,137,145,137,145,32,0
TMR,D,20200304,000000,145,145,145,145,60,0
TMR,D,20200306,000000,143,143,139,139,25,0
TMR,D,20200310,000000,130,136,130,136,178,0
TMR,D,20200311,000000,135,135,116,122,450,0
TMR,D,20200312,000000,120,120,115,120,108,0
TMR,D,20200313,000000,120,125,115,116,144,0
TMR,D,20200316,000000,117,118,116,118,139,0
TMR,D,20200317,000000,121,121,120,120,176,0
TMR,D,20200318,000000,120,120,118,118,116,0
TMR,D,20200319,000000,118,118,118,118,68,0
TMR,D,20200320,000000,118,120,118,120,28,0
TMR,D,20200323,000000,118,118,118,118,25,0
TMR,D,20200324,000000,128,128,128,128,14,0
TMR,D,20200326,000000,127,127,120,127,92,0
TMR,D,20200327,000000,130,131,130,131,86,0
TMR,D,20200331,000000,129,129,127,129,97,0
TMR,D,20200401,000000,129,129,129,129,43,0
TMR,D,20200402,000000,129,129,129,129,3,0
TMR,D,20200403,000000,129,129,127,127,100,0
TMR,D,20200406,000000,129,129,129,129,20,0
TMR,D,20200409,000000,125,125,125,125,29,0
TMR,D,20200414,000000,126,126,126,126,100,0
TMR,D,20200415,000000,128,128,128,128,33,0
TMR,D,20200416,000000,129,129,129,129,55,0
TMR,D,20200417,000000,130,133,130,133,15,0
TMR,D,20200420,000000,136,139,136,139,147,0
TMR,D,20200421,000000,138,138,131,131,86,0
TMR,D,20200427,000000,136,136,136,136,5,0
TMR,D,20200428,000000,136,136,134,134,18,0
TMR,D,20200429,000000,135,135,133,133,42,0
TMR,D,20200430,000000,135,136,133,133,71,0
TMR,D,20200505,000000,133,133,133,133,16,0
TMR,D,20200511,000000,136,136,132,132,80,0
TMR,D,20200513,000000,132,132,132,132,10,0
TMR,D,20200514,000000,132,136,132,136,201,0
TMR,D,20200515,000000,137,137,137,137,20,0
TMR,D,20200518,000000,137,139,137,139,144,0
TMR,D,20200519,000000,143,143,143,143,17,0
TMR,D,20200520,000000,148,148,148,148,7,0
TMR,D,20200525,000000,145,145,145,145,5,0
TMR,D,20200526,000000,147,147,143,143,41,0
TMR,D,20200527,000000,143,143,143,143,1,0
TMR,D,20200529,000000,143,143,143,143,37,0
TMR,D,20200601,000000,145,145,145,145,25,0
TMR,D,20200602,000000,148,150,148,150,83,0
TMR,D,20200603,000000,150,150,150,150,5,0
TMR,D,20200610,000000,149,150,149,150,84,0
TMR,D,20200616,000000,140,141,140,141,13,0
TMR,D,20200617,000000,144,150,144,150,21,0
TMR,D,20200618,000000,150,150,150,150,30,0
TMR,D,20200619,000000,149,149,145,149,35,0
TMR,D,20200622,000000,149,150,149,150,89,0
TMR,D,20200624,000000,153,153,150,150,55,0
TMR,D,20200701,000000,153,160,153,159,63,0
TMR,D,20200702,000000,155,155,148,148,78,0
TMR,D,20200703,000000,148,148,148,148,30,0
TMR,D,20200706,000000,159,159,159,159,25,0
TMR,D,20200707,000000,150,150,150,150,72,0
