<TICKER>,<PER>,<DATE>,<TIME>,<OPEN>,<HIGH>,<LOW>,<CLOSE>,<VOL>,<OPENINT>
1AT,D,20150615,000000,16.573,16.573,16.271,16.271,57901,0
1AT,D,20150616,000000,16.256,16.271,15.97,16.15,53916,0
1AT,D,20150617,000000,16.121,16.498,15.819,16.339,34721,0
1AT,D,20150618,000000,16.271,16.339,16.196,16.309,36865,0
1AT,D,20150619,000000,16.339,16.339,16.045,16.121,11038,0
1AT,D,20150622,000000,16.241,16.241,16.136,16.144,3547,0
1AT,D,20150623,000000,16.144,16.234,15.932,16.196,34053,0
1AT,D,20150624,000000,16.196,16.196,15.126,16.098,21096,0
1AT,D,20150625,000000,16.092,16.188,15.819,16.188,4248,0
1AT,D,20150626,000000,15.819,16.15,15.451,16.106,29575,0
1AT,D,20150629,000000,15.481,15.819,15.481,15.819,281,0
1AT,D,20150630,000000,15.744,15.744,15.443,15.744,11044,0
1AT,D,20150701,000000,15.819,16.083,15.819,16.083,2655,0
1AT,D,20150702,000000,16.068,16.083,16.068,16.083,33321,0
1AT,D,20150703,000000,16.092,16.226,16.083,16.083,13463,0
1AT,D,20150706,000000,16.18,16.234,16.18,16.234,14706,0
1AT,D,20150707,000000,16.234,16.724,16.234,16.234,21662,0
1AT,D,20150708,000000,16.573,16.573,16.234,16.573,6013,0
1AT,D,20150709,000000,16.573,16.611,16.564,16.564,530,0
1AT,D,20150710,000000,16.573,16.573,16.271,16.564,1317,0
1AT,D,20150713,000000,16.611,16.611,16.423,16.564,793,0
1AT,D,20150714,000000,16.46,16.564,16.196,16.564,3584,0
1AT,D,20150715,000000,16.564,16.564,15.992,16.564,15807,0
1AT,D,20150716,000000,16.564,16.611,16.271,16.573,13432,0
1AT,D,20150717,000000,16.611,16.611,16.557,16.564,3752,0
1AT,D,20150720,000000,16.564,16.573,16.498,16.498,13328,0
1AT,D,20150721,000000,16.498,16.564,16.49,16.564,7814,0
1AT,D,20150722,000000,16.573,16.573,16.423,16.423,411,0
1AT,D,20150723,000000,16.55,16.573,16.55,16.573,3865,0
1AT,D,20150724,000000,16.196,16.784,16.196,16.784,233,0
1AT,D,20150727,000000,16.656,16.656,16.573,16.573,382,0
1AT,D,20150728,000000,16.573,16.573,16.573,16.573,12,0
1AT,D,20150729,000000,16.557,16.557,16.557,16.557,12,0
1AT,D,20150730,000000,16.271,16.557,16.271,16.557,93,0
1AT,D,20150731,000000,16.55,16.55,16.55,16.55,12,0
1AT,D,20150803,000000,16.309,16.309,15.217,16.128,2471,0
1AT,D,20150804,000000,16.045,16.045,15.894,16.045,2417,0
1AT,D,20150805,000000,16.121,16.468,16.121,16.468,2191,0
1AT,D,20150806,000000,16.468,16.468,16.468,16.468,303,0
1AT,D,20150807,000000,16.347,16.46,16.347,16.407,213,0
1AT,D,20150810,000000,16.468,16.468,16.407,16.407,26,0
1AT,D,20150811,000000,16.347,16.468,16.347,16.423,698,0
1AT,D,20150812,000000,16.423,16.423,15.97,16.414,538,0
1AT,D,20150813,000000,16.414,16.414,16.196,16.196,140,0
1AT,D,20150814,000000,16.196,16.423,16.196,16.423,7060,0
1AT,D,20150817,000000,16.468,16.468,16.468,16.468,6,0
1AT,D,20150818,000000,16.444,16.444,15.262,16.392,4763,0
1AT,D,20150819,000000,15.623,16.385,15.623,16.37,716,0
1AT,D,20150820,000000,16.362,16.362,16.234,16.234,696,0
1AT,D,20150821,000000,16.362,16.362,16.362,16.362,133,0
1AT,D,20150824,000000,16.362,16.362,15.443,16.317,7889,0
1AT,D,20150825,000000,16.113,16.271,16.113,16.264,3984,0
1AT,D,20150827,000000,16.045,16.188,15.819,16.188,986,0
1AT,D,20150828,000000,16.045,16.188,15.382,16.188,5553,0
1AT,D,20150831,000000,15.366,16.264,15.366,16.264,4784,0
1AT,D,20150901,000000,16.279,16.279,15.443,16.264,9659,0
1AT,D,20150902,000000,16.256,16.339,15.819,16.339,14308,0
1AT,D,20150903,000000,16.339,16.535,15.894,16.535,254296,0
1AT,D,20150907,000000,16.52,16.52,16.52,16.52,80,0
1AT,D,20150908,000000,16.196,16.4,16.196,16.4,183,0
1AT,D,20150909,000000,16.414,16.414,16.407,16.407,1600,0
1AT,D,20150910,000000,16.121,16.498,16.121,16.498,2850,0
1AT,D,20150911,000000,16.474,16.474,16.46,16.46,1209,0
1AT,D,20150914,000000,16.452,16.452,16.423,16.438,383,0
1AT,D,20150915,000000,16.414,16.414,15.481,15.593,1843,0
1AT,D,20150916,000000,15.977,15.977,15.668,15.668,1103,0
1AT,D,20150917,000000,15.819,15.819,15.819,15.819,133,0
1AT,D,20150918,000000,15.97,15.97,15.819,15.819,11,0
1AT,D,20150921,000000,15.819,15.97,15.819,15.97,22910,0
1AT,D,20150922,000000,15.97,16.218,15.97,16.188,54113,0
1AT,D,20150923,000000,16.18,16.18,16.18,16.18,66,0
1AT,D,20150924,000000,16.144,16.144,16.144,16.144,12,0
1AT,D,20150928,000000,15.518,16.038,15.518,15.97,3060,0
1AT,D,20150929,000000,15.97,15.97,15.97,15.97,526,0
1AT,D,20150930,000000,15.366,16.392,15.366,16.392,10094,0
1AT,D,20151001,000000,16.392,16.392,16.392,16.392,937,0
1AT,D,20151002,000000,16.196,16.196,16.196,16.196,146,0
1AT,D,20151005,000000,16.196,16.196,15.819,16.196,3779,0
1AT,D,20151006,000000,16.347,16.347,16.339,16.339,1037,0
1AT,D,20151007,000000,16.339,16.339,15.819,16.339,45743,0
1AT,D,20151008,000000,16.339,16.339,15.865,16.045,19184,0
1AT,D,20151009,000000,16.339,16.339,16.196,16.196,738,0
1AT,D,20151012,000000,16.196,16.196,15.828,16.196,26676,0
1AT,D,20151013,000000,16.264,16.264,16.264,16.264,272,0
1AT,D,20151014,000000,15.828,16.271,15.828,16.271,451,0
1AT,D,20151015,000000,16.271,16.347,16.271,16.347,11969,0
1AT,D,20151016,000000,16.271,16.37,16.271,16.37,398,0
1AT,D,20151019,000000,16.392,16.392,16.392,16.392,6,0
1AT,D,20151020,000000,16.392,16.392,16.392,16.392,108,0
1AT,D,20151021,000000,16.385,16.385,16.385,16.385,546,0
1AT,D,20151022,000000,16.385,16.385,15.819,16.347,8052,0
1AT,D,20151023,000000,16.347,16.347,16.347,16.347,621,0
1AT,D,20151026,000000,16.354,16.385,16.271,16.385,2538,0
1AT,D,20151027,000000,16.347,16.423,16.271,16.423,7918,0
1AT,D,20151028,000000,16.46,16.46,16.46,16.46,264,0
1AT,D,20151029,000000,16.309,16.55,16.196,16.55,4637,0
1AT,D,20151030,000000,16.423,16.949,16.423,16.949,7530,0
1AT,D,20151102,000000,16.949,16.949,16.949,16.949,71,0
1AT,D,20151103,000000,16.911,16.941,16.573,16.926,1056,0
1AT,D,20151104,000000,16.919,16.919,16.573,16.573,681,0
1AT,D,20151105,000000,16.573,16.573,16.211,16.279,2609,0
1AT,D,20151106,000000,16.49,16.49,15.97,16.083,2042,0
1AT,D,20151110,000000,16.092,16.092,16.045,16.045,10012,0
1AT,D,20151112,000000,16.045,16.045,16.045,16.045,305,0
1AT,D,20151113,000000,16.045,16.092,16.045,16.092,1407,0
1AT,D,20151116,000000,15.97,16.196,14.463,16.196,13380,0
1AT,D,20151117,000000,16.158,16.196,16.158,16.196,1434,0
1AT,D,20151118,000000,16.468,16.468,16.468,16.468,30,0
1AT,D,20151119,000000,16.196,16.196,16.188,16.196,640,0
1AT,D,20151120,000000,16.196,16.196,15.668,16.196,7607,0
1AT,D,20151123,000000,16.286,16.468,16.286,16.468,1171,0
1AT,D,20151124,000000,16.423,16.55,15.819,16.55,8432,0
1AT,D,20151125,000000,16.557,16.573,16.144,16.535,465,0
1AT,D,20151126,000000,16.573,16.573,16.347,16.573,10798,0
1AT,D,20151127,000000,16.573,16.648,16.423,16.648,24357,0
1AT,D,20151130,000000,16.64,16.648,16.385,16.648,13419,0
1AT,D,20151201,000000,16.648,16.648,16.648,16.648,19925,0
1AT,D,20151202,000000,16.64,16.64,16.64,16.64,265,0
1AT,D,20151203,000000,16.045,16.564,16.045,16.564,3964,0
1AT,D,20151204,000000,16.564,16.564,16.045,16.55,7647,0
1AT,D,20151207,000000,16.55,16.55,16.55,16.55,12,0
1AT,D,20151208,000000,16.55,16.55,16.218,16.526,1114,0
1AT,D,20151209,000000,16.498,16.498,16.309,16.423,35162,0
1AT,D,20151210,000000,16.423,16.423,16.045,16.423,1364,0
1AT,D,20151211,000000,16.083,16.121,15.819,15.88,14296,0
1AT,D,20151214,000000,15.668,16.188,15.668,16.188,730,0
1AT,D,20151215,000000,16.347,16.377,15.443,15.894,11357,0
1AT,D,20151216,000000,15.947,16.423,15.141,16.423,13243,0
1AT,D,20151217,000000,15.721,16.196,15.668,16.098,16154,0
1AT,D,20151218,000000,16.045,16.196,15.781,16.196,4249,0
1AT,D,20151221,000000,15.781,16.196,15.781,15.804,16624,0
1AT,D,20151222,000000,15.797,15.804,15.593,15.804,5486,0
1AT,D,20151223,000000,15.97,16.414,15.97,16.414,3984,0
1AT,D,20151228,000000,16.414,16.414,15.639,16.414,33534,0
1AT,D,20151229,000000,15.842,16.4,15.819,16.271,24031,0
1AT,D,20151230,000000,16.264,16.264,16.264,16.264,80,0
1AT,D,20160104,000000,16.264,16.264,15.744,15.744,19538,0
1AT,D,20160105,000000,15.744,15.744,15.744,15.744,531,0
1AT,D,20160107,000000,15.774,15.819,15.564,15.63,44231,0
1AT,D,20160108,000000,15.63,15.819,15.345,15.586,12855,0
1AT,D,20160111,000000,15.488,15.488,15.292,15.443,5963,0
1AT,D,20160112,000000,15.593,15.593,14.764,15.179,8014,0
1AT,D,20160113,000000,15.518,15.518,15.066,15.066,2103,0
1AT,D,20160114,000000,15.352,15.352,14.764,14.915,3609,0
1AT,D,20160115,000000,15.044,15.05,15.028,15.028,359,0
1AT,D,20160118,000000,14.463,14.915,14.313,14.841,14837,0
1AT,D,20160119,000000,14.501,14.841,14.501,14.841,1258,0
1AT,D,20160120,000000,14.689,14.833,14.546,14.689,5975,0
1AT,D,20160121,000000,14.689,14.689,14.463,14.546,5162,0
1AT,D,20160122,000000,14.365,14.546,14.313,14.546,3841,0
1AT,D,20160125,000000,14.833,14.833,13.937,14.463,3457,0
1AT,D,20160126,000000,14.47,15.066,13.823,15.066,63891,0
1AT,D,20160127,000000,15.028,15.443,15.028,15.443,17946,0
1AT,D,20160128,000000,15.94,16.03,15.329,15.97,5408,0
1AT,D,20160129,000000,16.158,16.158,15.458,15.458,17525,0
1AT,D,20160201,000000,15.932,15.932,15.706,15.706,2684,0
1AT,D,20160202,000000,15.857,15.857,15.668,15.668,167,0
1AT,D,20160203,000000,15.66,15.66,14.976,14.976,7360,0
1AT,D,20160204,000000,14.968,15.428,14.953,15.428,2974,0
1AT,D,20160205,000000,15.443,15.443,15.217,15.366,1571,0
1AT,D,20160208,000000,15.366,15.564,14.607,14.607,5982,0
1AT,D,20160209,000000,14.976,14.976,14.305,14.305,6492,0
1AT,D,20160210,000000,14.539,14.539,14.313,14.328,203578,0
1AT,D,20160211,000000,14.524,14.524,14.034,14.418,364,0
1AT,D,20160212,000000,14.516,14.63,14.494,14.63,460,0
1AT,D,20160215,000000,14.637,14.908,14.508,14.908,2728,0
1AT,D,20160216,000000,14.968,15.058,14.403,14.592,9160,0
1AT,D,20160217,000000,14.592,15.096,14.592,15.066,4111,0
1AT,D,20160218,000000,15.451,15.496,15.404,15.443,3995,0
1AT,D,20160219,000000,15.736,15.736,15.066,15.366,5366,0
1AT,D,20160222,000000,15.804,15.804,15.292,15.443,5502,0
1AT,D,20160223,000000,15.797,15.797,15.443,15.443,4458,0
1AT,D,20160224,000000,15.79,15.797,15.586,15.593,3995,0
1AT,D,20160225,000000,15.797,15.797,15.149,15.578,6513,0
1AT,D,20160226,000000,15.721,15.812,15.157,15.36,9121,0
1AT,D,20160229,000000,15.714,15.819,15.254,15.819,10149,0
1AT,D,20160301,000000,15.819,16.196,15.481,15.954,7868,0
1AT,D,20160302,000000,16.128,16.331,16.128,16.196,8160,0
1AT,D,20160303,000000,16.414,16.414,15.902,16.188,1275,0
1AT,D,20160304,000000,16.377,16.377,16.377,16.377,12,0
1AT,D,20160307,000000,16.385,16.385,15.819,16.188,1427,0
1AT,D,20160308,000000,16.174,16.174,15.819,15.819,2492,0
1AT,D,20160309,000000,15.797,15.819,15.684,15.819,26631,0
1AT,D,20160310,000000,15.812,15.819,15.812,15.812,26,0
1AT,D,20160311,000000,15.812,15.812,15.254,15.812,346,0
1AT,D,20160314,000000,15.812,15.97,15.812,15.962,317,0
1AT,D,20160315,000000,15.94,15.94,15.94,15.94,6,0
1AT,D,20160316,000000,15.932,15.932,15.857,15.857,212,0
1AT,D,20160317,000000,15.924,15.924,15.924,15.924,6,0
1AT,D,20160318,000000,15.849,15.857,15.646,15.857,1741,0
1AT,D,20160321,000000,15.94,15.94,15.94,15.94,12,0
1AT,D,20160322,000000,15.932,15.94,15.828,15.94,492,0
1AT,D,20160323,000000,15.94,15.94,15.94,15.94,12,0
1AT,D,20160324,000000,15.932,15.932,15.932,15.932,87,0
1AT,D,20160329,000000,15.91,16.098,15.404,16.098,1428,0
1AT,D,20160330,000000,16.03,16.204,15.458,16.204,2808,0
1AT,D,20160331,000000,16.234,16.234,15.172,15.894,61232,0
1AT,D,20160401,000000,16.234,16.799,15.488,16.799,30491,0
1AT,D,20160404,000000,16.564,16.874,16.564,16.648,1082,0
1AT,D,20160405,000000,16.678,16.724,15.992,16.724,2050,0
1AT,D,20160406,000000,16.761,16.799,16.423,16.799,6671,0
1AT,D,20160407,000000,16.799,16.799,16.799,16.799,12,0
1AT,D,20160408,000000,16.799,16.799,16.799,16.799,6,0
1AT,D,20160411,000000,16.761,16.761,16.724,16.724,517,0
1AT,D,20160412,000000,16.716,16.724,16.716,16.724,121,0
1AT,D,20160413,000000,16.573,16.573,16.573,16.573,1204,0
1AT,D,20160414,000000,16.716,16.716,16.686,16.686,68,0
1AT,D,20160415,000000,16.686,16.941,16.423,16.941,14968,0
1AT,D,20160418,000000,16.941,16.941,16.941,16.941,12,0
1AT,D,20160419,000000,16.874,16.874,16.784,16.799,1474,0
1AT,D,20160420,000000,16.799,17.921,16.746,17.853,37945,0
1AT,D,20160421,000000,17.853,17.899,17.334,17.899,24204,0
1AT,D,20160422,000000,17.899,18.23,17.695,18.079,27207,0
1AT,D,20160425,000000,17.703,18.079,17.703,18.079,4484,0
1AT,D,20160426,000000,18.079,18.749,18.026,18.079,14362,0
1AT,D,20160427,000000,18.079,18.192,18.079,18.192,825,0
1AT,D,20160428,000000,18.079,18.455,17.853,18.455,38354,0
1AT,D,20160429,000000,18.455,18.592,18.056,18.584,36247,0
1AT,D,20160502,000000,18.607,18.607,18.607,18.607,12,0
1AT,D,20160504,000000,18.599,18.599,18.23,18.23,29778,0
1AT,D,20160505,000000,18.531,18.531,17.853,18.23,6808,0
1AT,D,20160506,000000,18.343,18.343,18.011,18.343,16678,0
1AT,D,20160509,000000,18.343,18.366,18.139,18.366,14297,0
1AT,D,20160510,000000,18.455,18.494,18.275,18.403,8610,0
1AT,D,20160511,000000,18.727,18.727,18.478,18.478,1294,0
1AT,D,20160512,000000,18.592,18.592,18.471,18.531,11182,0
1AT,D,20160513,000000,18.524,18.675,18.117,18.675,7023,0
1AT,D,20160516,000000,18.667,18.667,18.667,18.667,597,0
1AT,D,20160517,000000,18.599,18.599,18.162,18.455,8347,0
1AT,D,20160518,000000,18.531,18.531,18.313,18.455,3865,0
1AT,D,20160519,000000,18.448,18.645,18.238,18.645,6797,0
1AT,D,20160520,000000,18.531,18.818,18.531,18.818,17406,0
1AT,D,20160523,000000,18.833,19.496,18.833,18.907,9359,0
1AT,D,20160524,000000,18.998,19.195,18.764,18.795,16485,0
1AT,D,20160525,000000,18.907,18.983,18.757,18.833,11625,0
1AT,D,20160527,000000,18.833,19.284,18.833,19.284,1171,0
1AT,D,20160530,000000,19.435,19.435,18.23,19.104,11379,0
1AT,D,20160531,000000,18.833,19.585,18.833,19.585,7535,0
1AT,D,20160601,000000,19.435,19.435,18.689,18.833,7132,0
1AT,D,20160602,000000,18.908,18.908,18.455,18.455,2069,0
1AT,D,20160603,000000,18.455,18.455,17.717,17.717,7552,0
1AT,D,20160606,000000,17.529,18.109,17.175,17.703,66885,0
1AT,D,20160607,000000,17.703,18.034,17.628,17.696,1576,0
1AT,D,20160608,000000,17.906,17.906,17.25,17.25,1919,0
1AT,D,20160609,000000,17.762,17.762,17.025,17.439,3425,0
1AT,D,20160610,000000,17.989,17.989,17.696,17.696,2661,0
1AT,D,20160613,000000,17.929,17.929,17.703,17.703,64,0
1AT,D,20160614,000000,17.788,18.105,17.788,18.105,420,0
1AT,D,20160615,000000,18.105,18.491,18.097,18.19,79,0
1AT,D,20160616,000000,18.19,18.561,18.19,18.561,672,0
1AT,D,20160617,000000,17.881,18.715,17.881,18.715,2606,0
1AT,D,20160620,000000,18.561,19.026,17.788,19.026,9351,0
1AT,D,20160621,000000,19.026,19.026,19.017,19.017,790,0
1AT,D,20160622,000000,18.956,19.335,18.561,19.335,5794,0
1AT,D,20160623,000000,19.335,19.566,18.948,19.026,2088,0
1AT,D,20160624,000000,18.871,18.948,17.138,18.909,2230,0
1AT,D,20160627,000000,18.871,18.871,18.855,18.871,228,0
1AT,D,20160628,000000,18.871,18.871,18.871,18.871,12,0
1AT,D,20160629,000000,18.855,18.871,18.848,18.871,14219,0
1AT,D,20160630,000000,19.242,19.242,18.414,18.561,33793,0
1AT,D,20160701,000000,18.871,18.871,18.182,18.871,13326,0
1AT,D,20160704,000000,18.863,18.863,18.863,18.863,6,0
1AT,D,20160705,000000,18.715,18.863,18.298,18.863,841,0
1AT,D,20160706,000000,18.855,18.855,18.855,18.855,6,0
1AT,D,20160707,000000,18.855,18.855,18.414,18.793,282,0
1AT,D,20160708,000000,18.793,18.793,18.445,18.793,253,0
1AT,D,20160711,000000,18.754,18.848,18.754,18.848,78,0
1AT,D,20160712,000000,18.848,18.855,18.848,18.855,32,0
1AT,D,20160713,000000,18.855,18.855,18.561,18.848,116,0
1AT,D,20160714,000000,18.855,18.855,18.855,18.855,12,0
1AT,D,20160715,000000,18.855,18.855,18.839,18.855,116,0
1AT,D,20160718,000000,18.793,18.855,18.793,18.855,312,0
1AT,D,20160719,000000,18.817,18.855,18.406,18.785,1275,0
1AT,D,20160720,000000,18.77,18.77,18.693,18.693,75,0
1AT,D,20160721,000000,18.669,18.669,18.406,18.561,549,0
1AT,D,20160722,000000,18.561,18.561,18.554,18.554,93,0
1AT,D,20160725,000000,18.53,18.855,18.097,18.855,3845,0
1AT,D,20160726,000000,18.855,18.855,18.422,18.801,6057,0
1AT,D,20160727,000000,18.848,18.848,18.112,18.793,69454,0
1AT,D,20160728,000000,18.793,18.793,18.561,18.561,25863,0
1AT,D,20160729,000000,18.561,18.561,18.229,18.229,37,0
1AT,D,20160801,000000,18.19,18.19,18.143,18.159,1022,0
1AT,D,20160802,000000,18.824,18.824,17.602,18.793,268,0
1AT,D,20160803,000000,18.43,18.43,18.43,18.43,1,0
1AT,D,20160804,000000,17.942,18.554,17.602,18.554,7324,0
1AT,D,20160805,000000,18.561,18.561,18.136,18.561,3191,0
1AT,D,20160808,000000,18.832,18.832,18.561,18.793,128,0
1AT,D,20160809,000000,18.832,18.832,18.793,18.793,143,0
1AT,D,20160810,000000,18.832,18.855,18.329,18.855,4946,0
1AT,D,20160811,000000,18.708,18.855,18.352,18.793,561,0
1AT,D,20160812,000000,18.793,18.855,18.376,18.855,3586,0
1AT,D,20160816,000000,18.855,18.948,18.554,18.941,6262,0
1AT,D,20160817,000000,18.941,18.941,18.871,18.894,2601,0
1AT,D,20160818,000000,18.894,19.219,18.894,18.948,8980,0
1AT,D,20160819,000000,18.948,19.296,18.948,19.211,2649,0
1AT,D,20160822,000000,19.296,19.335,19.257,19.335,2695,0
1AT,D,20160823,000000,19.335,19.481,18.956,19.481,3181,0
1AT,D,20160824,000000,19.876,19.876,19.412,19.876,2783,0
1AT,D,20160825,000000,20.092,20.54,20.092,20.54,2128,0
1AT,D,20160826,000000,21.26,21.26,19.768,20.092,5098,0
1AT,D,20160829,000000,20.486,20.572,19.799,19.799,19314,0
1AT,D,20160830,000000,20.123,20.123,19.335,20.023,28065,0
1AT,D,20160831,000000,20.494,20.494,19.729,20.108,34126,0
1AT,D,20160901,000000,20.069,20.069,19.644,19.644,771,0
1AT,D,20160902,000000,20.262,20.262,20.262,20.262,6,0
1AT,D,20160905,000000,20.108,20.108,20.108,20.108,1994,0
1AT,D,20160906,000000,20.108,20.108,19.799,20.054,2563,0
1AT,D,20160907,000000,19.992,20.108,19.644,20.031,67126,0
1AT,D,20160908,000000,20.031,20.031,19.489,19.722,1353,0
1AT,D,20160909,000000,19.969,19.969,19.489,19.722,1280,0
1AT,D,20160912,000000,19.876,19.876,19.574,19.838,610,0
1AT,D,20160913,000000,19.838,20.031,19.489,20.031,7720,0
1AT,D,20160914,000000,19.992,20.069,19.868,20.069,2183,0
1AT,D,20160915,000000,20.069,20.216,20.031,20.216,1825,0
1AT,D,20160916,000000,20.332,20.332,20.185,20.216,2348,0
1AT,D,20160919,000000,20.37,20.37,20.108,20.34,285,0
1AT,D,20160920,000000,20.108,20.332,19.953,20.108,710,0
1AT,D,20160921,000000,20.37,20.37,19.722,20.34,34,0
1AT,D,20160922,000000,20.108,20.293,20.108,20.108,17618,0
1AT,D,20160923,000000,20.37,20.37,20.34,20.34,324,0
1AT,D,20160926,000000,20.34,20.34,20.34,20.34,1939,0
1AT,D,20160927,000000,20.332,20.332,20.108,20.108,6987,0
1AT,D,20160928,000000,20.301,20.34,19.722,20.34,3238,0
1AT,D,20160929,000000,20.34,20.34,20.17,20.17,518,0
1AT,D,20160930,000000,20.34,20.34,20.301,20.301,344,0
1AT,D,20161003,000000,20.301,20.34,19.598,20.34,4159,0
1AT,D,20161004,000000,20.324,20.324,19.807,20.108,66732,0
1AT,D,20161005,000000,20.301,20.34,20.108,20.34,145166,0
1AT,D,20161006,000000,20.34,21.615,19.799,21.461,17339,0
1AT,D,20161007,000000,21.608,21.608,20.687,20.803,3055,0
1AT,D,20161010,000000,20.881,20.881,20.726,20.881,1829,0
1AT,D,20161011,000000,21.159,21.306,20.92,21.159,1905,0
1AT,D,20161012,000000,21.159,21.268,20.896,21.268,7092,0
1AT,D,20161013,000000,21.268,21.268,21.252,21.268,2610,0
1AT,D,20161014,000000,21.268,21.268,21.19,21.268,2592,0
1AT,D,20161017,000000,22.095,22.095,21.329,21.577,3076,0
1AT,D,20161018,000000,21.654,22.087,20.958,21.577,4840,0
1AT,D,20161019,000000,22.08,22.08,21.615,21.801,4849,0
1AT,D,20161020,000000,21.654,21.654,21.423,21.647,479,0
1AT,D,20161021,000000,21.654,21.654,20.958,20.958,13376,0
1AT,D,20161024,000000,21.492,21.647,20.958,21.112,72686,0
1AT,D,20161025,000000,21.268,21.577,21.036,21.338,3609,0
1AT,D,20161026,000000,21.338,21.338,21.036,21.182,5464,0
1AT,D,20161027,000000,21.182,21.577,21.074,21.476,3384,0
1AT,D,20161028,000000,21.476,21.476,21.043,21.105,94504,0
1AT,D,20161031,000000,21.268,21.523,21.268,21.268,18302,0
1AT,D,20161102,000000,21.569,21.569,21.569,21.569,9,0
1AT,D,20161103,000000,21.569,21.569,19.722,20.881,1011,0
1AT,D,20161104,000000,20.108,20.873,20.108,20.873,1992,0
1AT,D,20161107,000000,20.873,20.873,20.873,20.873,6,0
1AT,D,20161108,000000,20.873,20.873,20.131,20.842,91,0
1AT,D,20161109,000000,20.494,20.881,20.494,20.881,233,0
1AT,D,20161110,000000,20.881,20.881,20.873,20.873,524,0
1AT,D,20161114,000000,20.873,20.873,20.866,20.866,1144,0
1AT,D,20161115,000000,20.866,21.268,20.579,20.881,117604,0
1AT,D,20161116,000000,21.26,21.26,20.185,20.881,1309,0
1AT,D,20161117,000000,21.036,21.268,20.888,21.268,22146,0
1AT,D,20161118,000000,21.26,21.268,21.229,21.268,435,0
1AT,D,20161121,000000,21.508,21.508,20.749,21.221,26038,0
1AT,D,20161122,000000,21.19,21.19,20.896,21.175,290,0
1AT,D,20161123,000000,21.484,21.484,20.997,21.252,939,0
1AT,D,20161124,000000,21.414,21.414,21.252,21.268,1144,0
1AT,D,20161125,000000,21.268,21.268,21.26,21.268,1075,0
1AT,D,20161128,000000,21.268,21.268,20.185,20.888,3932,0
1AT,D,20161129,000000,21.236,21.484,21.036,21.414,4503,0
1AT,D,20161130,000000,21.484,21.654,21.345,21.654,9677,0
1AT,D,20161201,000000,22.196,22.196,21.499,21.499,1865,0
1AT,D,20161202,000000,21.886,21.886,21.577,21.577,2105,0
1AT,D,20161205,000000,21.91,21.91,21.268,21.732,22382,0
1AT,D,20161206,000000,21.739,23.874,21.701,23.867,7434,0
1AT,D,20161207,000000,23.867,23.867,22.814,23.433,3949,0
1AT,D,20161208,000000,23.51,23.51,22.629,23.201,14802,0
1AT,D,20161209,000000,23.356,24.578,23.201,24.5,289223,0
1AT,D,20161212,000000,24.57,24.609,24.439,24.439,2520,0
1AT,D,20161213,000000,24.361,24.361,24.13,24.207,2510,0
1AT,D,20161214,000000,24.207,24.207,23.975,24.207,1225,0
1AT,D,20161215,000000,24.207,24.207,24.13,24.13,1442,0
1AT,D,20161216,000000,24.207,24.207,23.286,23.665,1274,0
1AT,D,20161219,000000,23.433,23.433,22.668,23.186,455,0
1AT,D,20161220,000000,23.201,23.279,21.809,23.162,2626,0
1AT,D,20161221,000000,23.194,23.194,22.675,23.155,1176,0
1AT,D,20161222,000000,23.155,23.155,22.119,23.031,821,0
1AT,D,20161223,000000,22.652,22.931,22.652,22.931,1209,0
1AT,D,20161227,000000,22.97,22.97,22.698,22.953,271,0
1AT,D,20161228,000000,22.953,22.953,22.953,22.953,2,0
1AT,D,20161229,000000,22.953,22.953,22.953,22.953,2,0
1AT,D,20161230,000000,22.953,22.953,22.126,22.126,24045,0
1AT,D,20170102,000000,22.119,22.814,21.654,21.654,3360,0
1AT,D,20170103,000000,22.211,22.235,21.662,22.041,9616,0
1AT,D,20170104,000000,22.041,22.559,22.041,22.265,111074,0
1AT,D,20170105,000000,22.42,22.42,21.747,21.747,32641,0
1AT,D,20170109,000000,21.654,22.273,21.654,21.809,8272,0
1AT,D,20170110,000000,22.265,22.265,22.033,22.041,24950,0
1AT,D,20170111,000000,22.235,22.265,21.423,21.615,15630,0
1AT,D,20170112,000000,21.615,21.615,21.151,21.268,8142,0
1AT,D,20170113,000000,21.499,21.809,21.499,21.654,31247,0
1AT,D,20170116,000000,22.119,22.335,21.886,22.335,7126,0
1AT,D,20170117,000000,23.147,23.147,21.894,23.085,933,0
1AT,D,20170118,000000,23.085,23.085,22.157,22.443,355,0
1AT,D,20170119,000000,22.923,23.046,22.892,23.046,2106,0
1AT,D,20170120,000000,23.201,23.542,23.201,23.201,1604,0
1AT,D,20170123,000000,23.425,23.433,23.201,23.201,488,0
1AT,D,20170124,000000,23.046,23.077,22.598,22.598,1654,0
1AT,D,20170125,000000,22.868,22.868,22.041,22.574,23541,0
1AT,D,20170126,000000,22.583,23.008,22.119,22.289,28730,0
1AT,D,20170127,000000,22.289,22.289,21.886,22.041,2410,0
1AT,D,20170130,000000,22.273,22.273,21.654,21.654,72610,0
1AT,D,20170131,000000,21.848,23.936,21.662,23.936,264401,0
1AT,D,20170201,000000,23.897,23.897,23.124,23.534,14920,0
1AT,D,20170202,000000,23.804,23.804,22.822,22.822,8652,0
1AT,D,20170203,000000,22.822,23.124,22.428,22.428,1792,0
1AT,D,20170206,000000,22.428,22.428,22.049,22.428,14489,0
1AT,D,20170207,000000,22.428,22.428,22.235,22.428,43169,0
1AT,D,20170208,000000,22.428,23.194,22.428,23.194,7031,0
1AT,D,20170209,000000,22.435,23.665,22.435,23.201,204887,0
1AT,D,20170210,000000,23.425,23.425,22.737,23.201,1451,0
1AT,D,20170213,000000,22.698,23.665,22.698,23.665,13132,0
1AT,D,20170214,000000,23.665,23.665,23.201,23.557,2137,0
1AT,D,20170215,000000,23.201,23.557,22.737,22.97,3827,0
1AT,D,20170216,000000,23.046,24.57,22.838,24.361,91518,0
1AT,D,20170217,000000,23.858,24.354,23.472,23.51,1388,0
1AT,D,20170220,000000,23.433,23.588,23.201,23.464,7329,0
1AT,D,20170221,000000,23.588,24.516,22.892,24.516,21977,0
1AT,D,20170222,000000,24.361,24.361,23.673,23.673,2306,0
1AT,D,20170223,000000,23.975,23.975,23.356,23.588,48398,0
1AT,D,20170224,000000,24.191,24.346,23.279,23.975,5158,0
1AT,D,20170227,000000,24.354,24.632,23.588,24.632,6621,0
1AT,D,20170228,000000,24.632,24.748,23.975,24.748,25635,0
1AT,D,20170301,000000,24.632,24.632,24.06,24.632,14586,0
1AT,D,20170302,000000,24.632,24.632,24.284,24.609,1169,0
1AT,D,20170303,000000,24.632,24.632,24.284,24.632,2937,0
1AT,D,20170306,000000,24.632,24.632,24.594,24.632,1737,0
1AT,D,20170307,000000,24.594,24.632,24.361,24.632,1759,0
1AT,D,20170308,000000,24.632,24.632,24.184,24.184,88,0
1AT,D,20170309,000000,23.178,24.254,23.178,24.254,1229,0
1AT,D,20170310,000000,24.254,24.254,24.254,24.254,506,0
1AT,D,20170313,000000,24.254,24.671,23.858,24.671,1268,0
1AT,D,20170314,000000,24.671,24.748,24.361,24.748,3832,0
1AT,D,20170315,000000,25.166,25.405,25.135,25.166,1625,0
1AT,D,20170316,000000,25.174,25.398,25.174,25.212,1847,0
1AT,D,20170317,000000,25.398,25.669,25.398,25.669,6850,0
1AT,D,20170320,000000,25.669,25.754,24.091,25.444,4546,0
1AT,D,20170321,000000,25.444,25.444,24.748,25.444,4063,0
1AT,D,20170322,000000,24.896,24.903,23.665,24.439,19209,0
1AT,D,20170323,000000,25.166,25.444,25.135,25.135,10353,0
1AT,D,20170324,000000,25.444,25.444,25.135,25.398,1108,0
1AT,D,20170327,000000,25.444,25.444,25.135,25.398,331,0
1AT,D,20170328,000000,25.127,25.135,24.981,25.135,1881,0
1AT,D,20170329,000000,25.244,25.244,25.244,25.244,669,0
1AT,D,20170330,000000,25.135,25.135,24.748,25.135,12358,0
1AT,D,20170331,000000,25.251,25.32,24.578,25.29,17815,0
1AT,D,20170403,000000,25.29,25.29,24.602,24.787,9137,0
1AT,D,20170404,000000,25.29,25.29,24.485,24.957,6039,0
1AT,D,20170405,000000,24.965,24.965,24.671,24.957,1177,0
1AT,D,20170406,000000,25.135,25.135,24.957,25.135,4778,0
1AT,D,20170407,000000,25.329,27.841,25.329,26.982,51630,0
1AT,D,20170410,000000,27.068,27.741,27.068,27.315,10873,0
1AT,D,20170411,000000,27.3,27.679,27.068,27.571,8208,0
1AT,D,20170412,000000,27.571,27.571,27.261,27.532,1839,0
1AT,D,20170413,000000,27.571,27.571,27.377,27.563,1631,0
1AT,D,20170418,000000,27.377,27.571,27.377,27.532,11417,0
1AT,D,20170419,000000,27.563,27.563,27.3,27.339,11062,0
1AT,D,20170420,000000,27.493,28.499,27.455,28.305,93521,0
1AT,D,20170421,000000,28.414,28.414,28.228,28.383,5503,0
1AT,D,20170424,000000,28.816,28.824,28.383,28.692,11539,0
1AT,D,20170425,000000,28.692,28.692,28.46,28.692,5364,0
1AT,D,20170426,000000,28.808,29.311,27.996,28.777,86150,0
1AT,D,20170427,000000,28.955,29.381,28.824,29.179,22481,0
1AT,D,20170428,000000,29.624,30.159,28.823,29.794,15292,0
1AT,D,20170502,000000,29.786,29.786,29.366,29.462,5565,0
1AT,D,20170504,000000,29.179,29.868,29.179,29.868,2040,0
1AT,D,20170505,000000,29.868,29.868,29.301,29.503,1727,0
1AT,D,20170508,000000,29.624,29.706,28.37,28.58,4118,0
1AT,D,20170509,000000,29.284,29.284,27.924,29.212,5375,0
1AT,D,20170510,000000,29.139,29.454,28.451,29.374,7872,0
1AT,D,20170511,000000,29.366,29.366,28.467,29.139,350,0
1AT,D,20170512,000000,29.292,29.487,29.139,29.462,5424,0
1AT,D,20170515,000000,29.462,29.462,29.147,29.22,17632,0
1AT,D,20170516,000000,29.908,30.11,29.786,29.948,49509,0
1AT,D,20170517,000000,30.029,30.029,28.006,29.544,9474,0
1AT,D,20170518,000000,29.544,31.406,29.22,30.491,6135,0
1AT,D,20170519,000000,30.491,30.726,29.948,30.345,4110,0
1AT,D,20170522,000000,30.669,30.669,30.151,30.652,577,0
1AT,D,20170523,000000,30.636,30.636,30.11,30.11,1167,0
1AT,D,20170524,000000,30.353,30.839,30.191,30.79,15668,0
1AT,D,20170525,000000,31,32.668,30.766,32.62,5705,0
1AT,D,20170526,000000,32.612,33.097,32.612,32.7,1978,0
1AT,D,20170529,000000,33.105,33.105,31.786,32.7,13738,0
1AT,D,20170530,000000,32.7,33.13,32.295,32.725,12623,0
1AT,D,20170531,000000,32.725,33.024,32.377,33.024,24662,0
1AT,D,20170601,000000,33.024,33.024,32.004,32.377,7501,0
1AT,D,20170602,000000,33.024,33.024,32.385,32.983,431,0
1AT,D,20170605,000000,32.983,32.983,32.983,32.983,395,0
1AT,D,20170606,000000,32.983,32.983,31.762,31.972,3104,0
1AT,D,20170607,000000,31.81,31.81,30.191,30.75,6048,0
1AT,D,20170608,000000,30.264,30.596,29.665,30.596,2090,0
1AT,D,20170609,000000,30.887,31.559,30.434,30.984,567,0
1AT,D,20170612,000000,30.984,30.984,30.677,30.984,3042,0
1AT,D,20170613,000000,31.082,31.559,30.353,30.596,1694,0
1AT,D,20170614,000000,31.43,31.43,30.086,30.758,123,0
1AT,D,20170616,000000,30.669,30.677,30.151,30.353,2686,0
1AT,D,20170619,000000,30.353,31.162,30.191,31.082,11361,0
1AT,D,20170620,000000,31.057,31.057,30.394,30.758,2016,0
1AT,D,20170621,000000,30.758,31.162,30.596,31.082,4354,0
1AT,D,20170622,000000,31.162,31.162,30.758,31.082,1159,0
1AT,D,20170623,000000,30.896,30.952,30.596,30.758,314,0
1AT,D,20170626,000000,30.758,31.154,30.151,30.434,2102,0
1AT,D,20170627,000000,30.636,31.406,30.636,30.758,1442,0
1AT,D,20170628,000000,30.758,31.324,30.758,31.162,607,0
1AT,D,20170629,000000,31.162,31.486,30.758,30.758,769,0
1AT,D,20170630,000000,30.758,30.766,30.434,30.758,2800,0
1AT,D,20170703,000000,30.353,31.162,30.151,30.151,1458,0
1AT,D,20170704,000000,30.515,31.082,30.151,30.515,2017,0
1AT,D,20170705,000000,30.515,31.162,30.151,30.151,3554,0
1AT,D,20170706,000000,30.151,30.434,30.102,30.434,1894,0
1AT,D,20170707,000000,30.434,30.434,29.673,30.434,1615,0
1AT,D,20170710,000000,30.434,30.596,29.948,30.596,264,0
1AT,D,20170711,000000,29.673,30.596,29.673,29.868,18220,0
1AT,D,20170712,000000,30.434,30.434,29.155,29.706,2033,0
1AT,D,20170713,000000,29.706,29.948,29.706,29.706,6302,0
1AT,D,20170714,000000,29.908,30.353,29.147,30.272,8002,0
1AT,D,20170717,000000,30.029,30.272,29.301,30.272,8613,0
1AT,D,20170718,000000,29.948,30.272,29.948,30.272,102,0
1AT,D,20170719,000000,29.462,31.244,29.462,31.244,4143,0
1AT,D,20170720,000000,31.244,31.244,30.499,30.758,14810,0
1AT,D,20170721,000000,30.839,31.162,30.499,30.499,28417,0
1AT,D,20170724,000000,31.203,31.203,31.203,31.203,1,0
1AT,D,20170725,000000,31.162,31.932,31.082,31.203,1521,0
1AT,D,20170726,000000,31.567,31.924,31.406,31.567,1767,0
1AT,D,20170727,000000,31.567,32.295,31.567,32.215,2841,0
1AT,D,20170728,000000,31.689,32.215,31.689,32.133,2655,0
1AT,D,20170731,000000,32.053,32.053,31.713,32.045,7997,0
1AT,D,20170801,000000,32.255,32.255,31.332,31.567,5757,0
1AT,D,20170802,000000,32.077,32.077,31.082,31.592,1433,0
1AT,D,20170803,000000,31.81,31.81,31.567,31.81,114,0
1AT,D,20170804,000000,31.81,31.81,31.041,31.041,813,0
1AT,D,20170807,000000,31.446,31.446,31.041,31.041,500,0
1AT,D,20170808,000000,31.041,31.041,30.758,30.758,537,0
1AT,D,20170809,000000,30.758,30.766,30.264,30.66,959,0
1AT,D,20170810,000000,30.75,30.839,30.75,30.839,250,0
1AT,D,20170811,000000,29.868,30.685,29.868,30.62,248,0
1AT,D,20170814,000000,30.539,30.539,30.216,30.216,278,0
1AT,D,20170816,000000,30.118,30.734,30.11,30.734,743,0
1AT,D,20170817,000000,30.038,30.677,30.038,30.636,237,0
1AT,D,20170818,000000,30.588,31.082,30.159,31.082,1396,0
1AT,D,20170821,000000,31.082,31.082,31.082,31.082,1,0
1AT,D,20170822,000000,30.142,31.082,30.142,31.082,2080,0
1AT,D,20170823,000000,30.248,31.567,30.224,31.567,1567,0
1AT,D,20170824,000000,31.543,32.377,31.122,32.36,5438,0
1AT,D,20170825,000000,32.377,32.377,31.122,31.932,1197,0
1AT,D,20170828,000000,31.924,32.053,31.81,32.053,282,0
1AT,D,20170829,000000,32.053,32.377,31.324,32.377,8023,0
1AT,D,20170830,000000,32.295,32.983,31.608,32.903,14425,0
1AT,D,20170831,000000,32.862,33.024,32.377,32.7,62710,0
1AT,D,20170901,000000,32.821,32.862,32.7,32.7,1847,0
1AT,D,20170904,000000,32.7,32.774,32.7,32.765,223,0
1AT,D,20170905,000000,32.579,32.757,32.377,32.377,1021,0
1AT,D,20170906,000000,32.377,33.671,32.377,33.186,24477,0
1AT,D,20170907,000000,33.501,33.817,33.13,33.737,2276,0
1AT,D,20170908,000000,33.728,33.728,33.13,33.534,1805,0
1AT,D,20170911,000000,33.534,33.955,33.462,33.955,9457,0
1AT,D,20170912,000000,33.995,34.724,33.874,34.076,2664,0
1AT,D,20170913,000000,34.076,34.789,33.591,34.789,6718,0
1AT,D,20170914,000000,34.967,35.614,34.967,35.614,4827,0
1AT,D,20170915,000000,35.614,35.614,34.441,35.453,3726,0
1AT,D,20170918,000000,35.428,35.533,34.489,34.967,5196,0
1AT,D,20170919,000000,35.145,35.145,34.246,34.967,3606,0
1AT,D,20170920,000000,35.493,35.533,34.076,35.533,4117,0
1AT,D,20170921,000000,35.533,35.614,34.845,35.048,5107,0
1AT,D,20170922,000000,35.533,35.533,35.525,35.525,721,0
1AT,D,20170925,000000,35.533,35.614,35.501,35.533,677,0
1AT,D,20170926,000000,35.048,35.453,34.91,35.371,1759,0
1AT,D,20170927,000000,35.371,35.525,34.975,35.363,895,0
1AT,D,20170928,000000,35.453,35.453,35.007,35.209,1827,0
1AT,D,20170929,000000,34.975,35.201,34.497,35.129,6478,0
1AT,D,20171002,000000,34.805,35.129,34.805,35.088,3111,0
1AT,D,20171003,000000,35.121,35.121,33.583,33.583,2904,0
1AT,D,20171004,000000,33.567,33.567,32.579,32.579,22080,0
1AT,D,20171005,000000,33.194,34.157,32.944,33.493,1645,0
1AT,D,20171006,000000,32.813,33.421,32.79,32.813,1248,0
1AT,D,20171009,000000,32.862,33.971,32.547,32.547,2088,0
1AT,D,20171010,000000,32.547,32.571,31.891,31.891,3906,0
1AT,D,20171011,000000,32.336,33.671,29.714,33.421,636619,0
1AT,D,20171012,000000,32.465,32.465,32.094,32.288,227896,0
1AT,D,20171013,000000,32.288,32.7,31.754,32.215,158179,0
1AT,D,20171016,000000,32.377,32.782,32.133,32.782,149470,0
1AT,D,20171017,000000,32.782,33.825,32.782,33.825,14233,0
1AT,D,20171018,000000,33.874,33.874,33.632,33.663,386,0
1AT,D,20171019,000000,33.632,33.632,33.186,33.583,569,0
1AT,D,20171020,000000,32.385,34.716,32.385,34.4,3926,0
1AT,D,20171023,000000,34.643,35.185,34.076,35.185,1888,0
1AT,D,20171024,000000,34.805,35.129,34.117,35.129,9771,0
1AT,D,20171025,000000,35.129,35.129,34.643,34.951,6306,0
1AT,D,20171026,000000,35.007,35.129,33.292,34.805,85222,0
1AT,D,20171027,000000,35.121,35.412,35.121,35.412,1719,0
1AT,D,20171030,000000,35.412,35.614,34.263,35.614,119654,0
1AT,D,20171031,000000,35.971,35.971,35.209,35.453,204157,0
1AT,D,20171102,000000,35.963,35.963,33.599,33.599,173746,0
1AT,D,20171103,000000,33.712,35.129,33.712,34.797,189471,0
1AT,D,20171106,000000,35.493,35.493,33.632,35.436,3086,0
1AT,D,20171107,000000,35.436,35.493,34.845,35.453,792,0
1AT,D,20171108,000000,35.606,35.606,34.813,34.935,3856,0
1AT,D,20171109,000000,34.926,35.606,34.805,35.606,306,0
1AT,D,20171110,000000,35.614,35.614,34.683,35.209,914,0
1AT,D,20171113,000000,35.209,35.209,34.805,35.209,1446,0
1AT,D,20171114,000000,35.023,35.023,34.805,35.023,382,0
1AT,D,20171115,000000,34.773,34.773,34.173,34.595,8131,0
1AT,D,20171116,000000,35.023,35.023,34.279,35.023,1385,0
1AT,D,20171117,000000,34.724,34.773,34.327,34.562,3994,0
1AT,D,20171120,000000,34.319,34.805,33.995,34.805,5103,0
1AT,D,20171121,000000,34.805,35.048,34.214,35.048,1131,0
1AT,D,20171122,000000,34.983,35.113,34.983,35.113,736,0
1AT,D,20171123,000000,35.606,35.606,35.209,35.363,357,0
1AT,D,20171124,000000,35.363,35.598,34.441,35.161,98061,0
1AT,D,20171127,000000,34.238,35.574,34.238,34.4,404,0
1AT,D,20171128,000000,35.201,35.201,32.952,33.105,16655,0
1AT,D,20171129,000000,33.089,34.699,32.215,33.186,24844,0
1AT,D,20171130,000000,32.215,34.384,32.215,32.782,3386,0
1AT,D,20171201,000000,33.186,33.186,32.215,32.377,372,0
1AT,D,20171204,000000,32.458,32.506,31.567,31.567,10924,0
1AT,D,20171205,000000,31.567,33.089,31.567,32.377,2221,0
1AT,D,20171206,000000,32.288,33.178,32.288,32.741,2180,0
1AT,D,20171207,000000,32.983,32.983,32.749,32.935,293,0
1AT,D,20171208,000000,33.178,33.178,32.935,32.935,1903,0
1AT,D,20171211,000000,33.178,33.178,32.935,33.145,333,0
1AT,D,20171212,000000,33.105,33.105,33.105,33.105,34,0
1AT,D,20171213,000000,32.158,33.348,32.158,33.178,1888,0
1AT,D,20171214,000000,33.348,33.785,33.348,33.785,716,0
1AT,D,20171215,000000,33.599,33.632,33.429,33.632,286,0
1AT,D,20171218,000000,33.955,33.955,33.429,33.429,1030,0
1AT,D,20171219,000000,33.947,34.789,33.947,34.384,4494,0
1AT,D,20171220,000000,34.141,34.683,33.186,33.348,6109,0
1AT,D,20171221,000000,33.194,34.295,33.194,33.356,479,0
1AT,D,20171222,000000,34.368,34.805,34.117,34.562,4064,0
1AT,D,20171227,000000,35.048,35.048,34.117,34.724,7293,0
1AT,D,20171228,000000,34.716,34.716,34.076,34.675,481,0
1AT,D,20171229,000000,34.643,35.614,34.562,34.562,7493,0
1AT,D,20180103,000000,35.533,35.533,34.4,34.4,317,0
1AT,D,20180104,000000,35.371,35.371,34.076,35.291,919,0
1AT,D,20180105,000000,34.319,35.371,34.319,35.371,2524,0
1AT,D,20180108,000000,35.291,35.291,33.995,34.805,23796,0
1AT,D,20180109,000000,34.805,35.371,33.995,34.805,2731,0
1AT,D,20180110,000000,35.209,35.209,34.4,34.805,1351,0
1AT,D,20180111,000000,34.805,34.805,34.481,34.805,3557,0
1AT,D,20180112,000000,34.805,34.805,34.076,34.805,436,0
1AT,D,20180115,000000,34.805,34.805,34.076,34.805,2980,0
1AT,D,20180116,000000,35.209,35.209,34.076,34.724,166,0
1AT,D,20180117,000000,35.209,35.209,33.995,33.995,3751,0
1AT,D,20180118,000000,34.643,34.643,33.267,33.267,3766,0
1AT,D,20180119,000000,34.4,34.4,33.186,33.348,31254,0
1AT,D,20180122,000000,33.915,34.724,33.186,34.319,3700,0
1AT,D,20180123,000000,33.995,34.076,33.51,33.51,26439,0
1AT,D,20180124,000000,33.429,33.995,33.186,33.348,5903,0
1AT,D,20180125,000000,33.429,33.995,33.429,33.995,5553,0
1AT,D,20180126,000000,33.995,33.995,33.591,33.591,121,0
1AT,D,20180129,000000,33.833,34.481,33.591,34.481,2862,0
1AT,D,20180130,000000,34.643,34.643,34.157,34.562,1501,0
1AT,D,20180131,000000,33.833,34.562,33.833,34.562,3320,0
1AT,D,20180201,000000,34.643,34.643,33.833,34.319,4672,0
1AT,D,20180202,000000,34.319,34.319,33.753,34.319,10824,0
1AT,D,20180205,000000,33.995,33.995,33.429,33.753,486,0
1AT,D,20180206,000000,32.053,33.186,31.648,33.186,7642,0
1AT,D,20180207,000000,33.995,33.995,33.591,33.591,264,0
1AT,D,20180208,000000,33.833,33.995,32.782,33.995,845,0
1AT,D,20180209,000000,33.186,34.4,32.62,33.591,24505,0
1AT,D,20180212,000000,34.481,34.481,33.51,33.995,277,0
1AT,D,20180213,000000,33.995,34.481,33.429,34.319,2998,0
1AT,D,20180214,000000,33.995,33.995,33.671,33.671,3832,0
1AT,D,20180215,000000,34.805,34.805,33.833,33.995,3402,0
1AT,D,20180216,000000,33.995,33.995,33.671,33.671,6062,0
1AT,D,20180219,000000,33.671,33.995,33.671,33.995,4353,0
1AT,D,20180220,000000,33.995,33.995,33.671,33.995,2739,0
1AT,D,20180221,000000,33.591,33.995,33.591,33.915,459,0
1AT,D,20180222,000000,33.915,34.724,33.671,34.724,5908,0
1AT,D,20180223,000000,34.724,34.724,33.995,34.481,1460,0
1AT,D,20180226,000000,34.481,34.724,34.319,34.724,2620,0
1AT,D,20180227,000000,34.643,34.886,34.643,34.805,1634,0
1AT,D,20180228,000000,34.643,35.209,33.671,34.886,7157,0
1AT,D,20180301,000000,34.886,35.291,34.238,34.805,12338,0
1AT,D,20180302,000000,34.724,35.209,34.724,35.209,235,0
1AT,D,20180305,000000,35.533,35.533,35.291,35.291,1971,0
1AT,D,20180306,000000,35.533,35.533,35.209,35.209,212,0
1AT,D,20180307,000000,35.209,35.209,34.805,34.805,107,0
1AT,D,20180308,000000,35.209,35.209,34.805,34.805,90,0
1AT,D,20180309,000000,35.291,35.291,35.209,35.209,18,0
1AT,D,20180312,000000,35.533,35.533,34.4,35.129,129,0
1AT,D,20180313,000000,35.129,35.129,34.562,34.562,58,0
1AT,D,20180314,000000,34.643,34.805,34.562,34.562,488,0
1AT,D,20180315,000000,34.643,35.453,34.562,34.562,1345,0
1AT,D,20180316,000000,35.209,35.453,34.4,34.4,1859,0
1AT,D,20180319,000000,35.209,35.209,34.4,34.4,788,0
1AT,D,20180320,000000,35.209,35.291,34.4,34.724,4345,0
1AT,D,20180321,000000,35.209,35.291,34.805,34.805,5187,0
1AT,D,20180322,000000,35.291,35.371,33.995,34.238,1707,0
1AT,D,20180323,000000,35.209,35.209,34.805,35.048,812,0
1AT,D,20180326,000000,35.129,35.209,35.048,35.209,450,0
1AT,D,20180327,000000,35.209,35.209,34.805,34.805,583,0
1AT,D,20180328,000000,35.129,35.129,33.995,34.4,39899,0
1AT,D,20180329,000000,33.753,34.967,33.753,34.805,5764,0
1AT,D,20180403,000000,34.4,35.614,34.4,35.614,4547,0
1AT,D,20180404,000000,35.614,35.614,34.481,34.724,9169,0
1AT,D,20180405,000000,35.209,35.209,34.4,35.129,9537,0
1AT,D,20180406,000000,35.129,35.291,34.562,35.129,14750,0
1AT,D,20180409,000000,35.533,35.533,34.805,35.209,157,0
1AT,D,20180410,000000,35.453,35.453,35.209,35.209,235,0
1AT,D,20180411,000000,35.291,35.291,35.048,35.048,235,0
1AT,D,20180412,000000,35.048,35.048,34.886,35.048,71,0
1AT,D,20180413,000000,35.291,35.291,34.4,34.886,870,0
1AT,D,20180416,000000,35.209,35.291,34.4,35.209,8417,0
1AT,D,20180417,000000,35.209,35.209,35.129,35.129,142,0
1AT,D,20180418,000000,35.209,35.209,34.886,35.048,5831,0
1AT,D,20180419,000000,35.209,35.209,34.886,35.209,306,0
1AT,D,20180420,000000,35.453,35.453,35.209,35.453,280,0
1AT,D,20180423,000000,35.453,35.453,35.453,35.453,133,0
1AT,D,20180424,000000,35.533,35.533,35.453,35.533,316,0
1AT,D,20180425,000000,35.533,35.533,33.995,35.533,20896,0
1AT,D,20180426,000000,35.533,35.614,35.129,35.533,4252,0
1AT,D,20180427,000000,35.533,35.533,35.533,35.533,5,0
1AT,D,20180430,000000,35.453,35.453,35.209,35.291,4509,0
1AT,D,20180502,000000,35.371,35.371,35.048,35.209,748,0
1AT,D,20180504,000000,35.371,35.371,35.371,35.371,178,0
1AT,D,20180507,000000,35.209,35.209,34.805,35.209,8073,0
1AT,D,20180508,000000,34.481,35.209,34.481,34.643,14890,0
1AT,D,20180509,000000,34.562,34.967,34.562,34.967,69,0
1AT,D,20180510,000000,34.967,34.967,34.4,34.967,3357,0
1AT,D,20180511,000000,34.886,34.967,34.481,34.967,2867,0
1AT,D,20180514,000000,34.805,34.967,34.481,34.967,13250,0
1AT,D,20180515,000000,34.967,34.967,34.724,34.724,5600,0
1AT,D,20180516,000000,34.724,34.724,34.238,34.238,444,0
1AT,D,20180517,000000,34.238,34.238,32.944,33.995,4234,0
1AT,D,20180518,000000,33.186,34.805,33.186,34.805,1053,0
1AT,D,20180521,000000,34.724,34.886,34.724,34.886,115,0
1AT,D,20180522,000000,34.805,34.886,34.805,34.805,825,0
1AT,D,20180523,000000,35.048,35.048,33.51,34.319,13865,0
1AT,D,20180524,000000,33.995,34.319,33.186,34.319,19343,0
1AT,D,20180525,000000,34.319,34.805,34.319,34.805,1318,0
1AT,D,20180528,000000,34.805,35.614,34.076,35.614,34692,0
1AT,D,20180529,000000,35.614,35.614,34.805,35.291,14159,0
1AT,D,20180530,000000,34.805,35.291,34.643,35.129,10198,0
1AT,D,20180601,000000,35.614,35.614,33.671,35.209,1291,0
1AT,D,20180604,000000,33.833,35.209,33.833,35.209,253,0
1AT,D,20180605,000000,35.533,35.533,34.805,34.805,313,0
1AT,D,20180606,000000,34.967,35.533,34.805,34.805,1860,0
1AT,D,20180607,000000,35.371,35.371,34.967,34.967,1332,0
1AT,D,20180608,000000,35.371,35.371,35.371,35.371,411,0
1AT,D,20180611,000000,35.371,35.371,35.291,35.371,339,0
1AT,D,20180612,000000,34.886,35.291,34.886,35.291,128,0
1AT,D,20180613,000000,35.371,35.371,34.967,35.291,331,0
1AT,D,20180614,000000,35.291,35.371,35.291,35.291,2718,0
1AT,D,20180615,000000,35.291,35.291,35.048,35.291,1129,0
1AT,D,20180618,000000,35.209,35.209,34.562,35.209,3724,0
1AT,D,20180619,000000,34.4,34.967,34.157,34.805,8337,0
1AT,D,20180620,000000,35.048,35.048,33.833,33.915,13070,0
1AT,D,20180621,000000,33.995,34.4,32.862,33.024,23542,0
1AT,D,20180622,000000,33.644,34.441,33.201,33.201,28497,0
1AT,D,20180625,000000,33.644,33.644,32.67,33.113,956,0
1AT,D,20180626,000000,32.67,32.67,30.722,30.988,7621,0
1AT,D,20180627,000000,30.811,30.811,30.191,30.368,38191,0
1AT,D,20180628,000000,30.368,30.368,29.837,30.102,5642,0
1AT,D,20180629,000000,30.102,31.785,30.102,30.28,5695,0
1AT,D,20180702,000000,30.28,31.608,30.28,31.608,2076,0
1AT,D,20180703,000000,32.67,32.67,32.05,32.227,11430,0
1AT,D,20180704,000000,33.91,33.91,31.962,32.05,1190,0
1AT,D,20180705,000000,33.644,33.644,31.165,31.873,2131,0
1AT,D,20180706,000000,31.962,31.962,31.873,31.873,234,0
1AT,D,20180709,000000,31.962,31.962,30.634,30.634,2679,0
1AT,D,20180710,000000,30.457,30.457,29.748,30.014,5475,0
1AT,D,20180711,000000,30.014,30.014,28.951,29.306,3275,0
1AT,D,20180712,000000,30.014,30.988,28.066,30.014,122104,0
1AT,D,20180713,000000,30.811,31.696,29.04,29.306,2532,0
1AT,D,20180716,000000,30.811,30.899,30.102,30.545,2697,0
1AT,D,20180717,000000,30.988,31.253,30.102,30.102,9060,0
1AT,D,20180718,000000,31.076,31.076,30.014,30.545,20665,0
1AT,D,20180719,000000,31.076,31.076,30.014,30.102,5578,0
1AT,D,20180720,000000,31.076,31.076,30.102,30.722,12718,0
1AT,D,20180723,000000,30.811,31.342,30.722,31.342,687,0
1AT,D,20180724,000000,32.759,32.759,30.368,30.899,15771,0
1AT,D,20180725,000000,30.899,32.227,30.899,30.988,2369,0
1AT,D,20180726,000000,32.581,32.581,31.076,31.076,1863,0
1AT,D,20180727,000000,31.43,31.873,31.342,31.873,1791,0
1AT,D,20180730,000000,32.759,32.759,31.43,31.43,991,0
1AT,D,20180731,000000,32.67,32.67,30.014,30.988,36045,0
1AT,D,20180801,000000,31.519,31.519,30.191,30.191,2893,0
1AT,D,20180802,000000,30.191,30.191,29.925,30.014,1094,0
1AT,D,20180803,000000,30.014,30.102,29.925,30.014,1045,0
1AT,D,20180806,000000,30.014,30.014,30.014,30.014,1205,0
1AT,D,20180807,000000,29.66,30.014,29.571,30.014,743,0
1AT,D,20180808,000000,29.306,30.014,28.509,28.509,6002,0
1AT,D,20180809,000000,28.774,28.774,27.358,27.8,9026,0
1AT,D,20180810,000000,28.332,29.04,28.332,29.04,162,0
1AT,D,20180813,000000,28.863,28.863,28.863,28.863,70,0
1AT,D,20180814,000000,28.597,28.951,27.8,28.332,1343,0
1AT,D,20180816,000000,27.535,28.774,26.827,27.181,4389,0
1AT,D,20180817,000000,26.738,27.181,26.738,27.004,141,0
1AT,D,20180820,000000,27.004,27.181,27.004,27.004,569,0
1AT,D,20180821,000000,27.004,28.243,27.004,28.243,496,0
1AT,D,20180822,000000,27.8,28.243,27.8,28.243,225,0
1AT,D,20180823,000000,28.243,28.597,28.243,28.332,3928,0
1AT,D,20180824,000000,28.774,28.774,28.686,28.686,216,0
1AT,D,20180827,000000,27.8,29.217,27.358,28.243,12568,0
1AT,D,20180828,000000,27.623,27.8,26.738,26.738,13162,0
1AT,D,20180829,000000,26.827,28.774,26.207,28.774,88299,0
1AT,D,20180830,000000,28.774,30.545,27.889,30.545,15291,0
1AT,D,20180831,000000,30.457,30.457,29.306,30.102,976,0
1AT,D,20180903,000000,30.811,30.811,28.066,28.066,4343,0
1AT,D,20180904,000000,27.889,29.394,27.269,27.446,639,0
1AT,D,20180905,000000,29.04,29.04,27.623,27.889,3364,0
1AT,D,20180906,000000,29.394,29.394,26.561,26.561,4958,0
1AT,D,20180907,000000,27.889,27.889,27.712,27.712,803,0
1AT,D,20180910,000000,27.889,27.889,27.092,27.092,1361,0
1AT,D,20180911,000000,28.332,28.332,27.181,27.446,17414,0
1AT,D,20180912,000000,27.446,27.978,27.269,27.8,1846,0
1AT,D,20180913,000000,27.978,27.978,27.978,27.978,115,0
1AT,D,20180914,000000,27.978,29.306,27.978,28.597,28012,0
1AT,D,20180917,000000,29.483,29.66,29.04,29.129,5927,0
1AT,D,20180918,000000,29.217,29.571,29.217,29.571,5750,0
1AT,D,20180919,000000,30.102,30.28,29.571,29.925,59155,0
1AT,D,20180920,000000,30.811,30.811,30.014,30.014,612,0
1AT,D,20180921,000000,30.368,30.368,29.66,29.66,818,0
1AT,D,20180924,000000,28.686,29.748,28.686,29.748,24270,0
1AT,D,20180925,000000,30.722,30.722,29.394,29.394,10963,0
1AT,D,20180926,000000,29.571,29.571,27.8,27.978,10061,0
1AT,D,20180927,000000,27.446,29.483,27.446,29.04,4565,0
1AT,D,20180928,000000,29.66,29.66,28.066,28.332,1632,0
1AT,D,20181001,000000,28.597,28.774,28.332,28.332,1516,0
1AT,D,20181002,000000,28.332,28.774,28.066,28.774,751,0
1AT,D,20181003,000000,28.774,28.774,27.623,27.889,3650,0
1AT,D,20181004,000000,28.509,28.509,27.623,28.155,173,0
1AT,D,20181005,000000,28.155,28.155,28.155,28.155,23,0
1AT,D,20181008,000000,27.978,27.978,27.446,27.623,1773,0
1AT,D,20181009,000000,27.623,27.623,27.446,27.623,230,0
1AT,D,20181010,000000,27.889,27.889,26.915,27.358,25253,0
1AT,D,20181011,000000,27.446,27.889,26.915,27.446,1940,0
1AT,D,20181012,000000,28.066,28.066,26.207,26.561,9518,0
1AT,D,20181015,000000,26.561,26.738,26.561,26.65,280,0
1AT,D,20181016,000000,26.65,26.915,26.561,26.827,6631,0
1AT,D,20181017,000000,26.561,27.446,26.561,27.446,8,0
1AT,D,20181018,000000,27.446,27.446,27.358,27.358,30,0
1AT,D,20181019,000000,27.446,28.155,27.004,28.155,322,0
1AT,D,20181022,000000,27.889,27.889,26.827,27.8,698,0
1AT,D,20181023,000000,27.446,27.623,27.004,27.446,281,0
1AT,D,20181024,000000,27.446,27.446,27.004,27.358,286,0
1AT,D,20181025,000000,27.181,27.181,27.181,27.181,6,0
1AT,D,20181026,000000,27.092,27.446,27.004,27.446,220,0
1AT,D,20181029,000000,27.358,27.358,27.181,27.269,62,0
1AT,D,20181030,000000,27.181,27.181,27.004,27.181,8668,0
1AT,D,20181031,000000,27.358,27.358,26.827,26.827,264,0
1AT,D,20181102,000000,26.915,27.269,26.738,26.738,873,0
1AT,D,20181105,000000,27.358,27.358,26.561,26.827,742,0
1AT,D,20181106,000000,26.915,27.269,26.827,26.827,164,0
1AT,D,20181107,000000,26.827,27.004,26.561,27.004,1421,0
1AT,D,20181108,000000,27.269,27.269,26.65,26.915,4504,0
1AT,D,20181109,000000,27.092,27.092,26.65,27.004,476,0
1AT,D,20181113,000000,27.269,27.269,27.092,27.181,290,0
1AT,D,20181114,000000,27.269,27.269,27.092,27.269,124,0
1AT,D,20181115,000000,27.269,27.269,26.65,27.269,61,0
1AT,D,20181116,000000,27.269,27.269,26.207,26.561,1320,0
1AT,D,20181119,000000,27.269,27.269,26.207,26.561,13594,0
1AT,D,20181120,000000,27.092,27.092,26.118,26.827,1189,0
1AT,D,20181121,000000,27.004,27.004,24.879,26.118,59299,0
1AT,D,20181122,000000,26.384,26.384,26.295,26.295,99,0
1AT,D,20181123,000000,26.915,26.915,26.295,26.65,3730,0
1AT,D,20181126,000000,26.65,27.358,26.384,27.358,1928,0
1AT,D,20181127,000000,26.738,27.358,26.738,27.358,718,0
1AT,D,20181128,000000,27.358,28.332,27.269,28.155,1537,0
1AT,D,20181129,000000,28.332,29.129,28.066,28.066,35452,0
1AT,D,20181130,000000,28.774,28.774,27.889,28.332,4364,0
1AT,D,20181203,000000,28.332,28.774,27.889,27.889,2596,0
1AT,D,20181204,000000,27.889,27.889,27.446,27.889,1582,0
1AT,D,20181205,000000,27.446,27.8,27.446,27.8,820,0
1AT,D,20181206,000000,27.446,27.712,27.358,27.623,287,0
1AT,D,20181207,000000,27.446,27.446,26.295,26.295,7499,0
1AT,D,20181210,000000,26.561,27.004,26.03,26.561,1202,0
1AT,D,20181211,000000,26.738,26.738,25.676,26.118,5058,0
1AT,D,20181212,000000,25.676,25.853,24.082,24.79,11697,0
1AT,D,20181213,000000,25.056,26.738,24.79,26.561,184357,0
1AT,D,20181214,000000,26.738,26.738,25.233,25.499,59839,0
1AT,D,20181217,000000,25.853,25.853,25.41,25.676,819,0
1AT,D,20181218,000000,25.676,25.676,24.879,25.41,59973,0
1AT,D,20181219,000000,24.967,25.41,24.967,25.41,2366,0
1AT,D,20181220,000000,25.41,25.41,24.348,24.702,35469,0
1AT,D,20181221,000000,24.613,25.41,24.348,24.702,59295,0
1AT,D,20181227,000000,25.41,25.41,24.436,24.79,6046,0
1AT,D,20181228,000000,25.233,25.233,24.348,24.79,8550,0
1AT,D,20190102,000000,24.967,25.056,24.79,24.879,5745,0
1AT,D,20190103,000000,25.056,25.056,24.259,24.348,7161,0
1AT,D,20190104,000000,24.436,24.436,23.905,24.348,14383,0
1AT,D,20190107,000000,24.702,24.702,24.259,24.525,1267,0
1AT,D,20190108,000000,24.525,25.233,24.525,25.056,1953,0
1AT,D,20190109,000000,25.144,25.144,24.79,25.056,3992,0
1AT,D,20190110,000000,25.056,25.056,24.348,24.702,5477,0
1AT,D,20190111,000000,24.967,25.941,24.967,25.233,61495,0
1AT,D,20190114,000000,25.233,25.587,25.144,25.144,32314,0
1AT,D,20190115,000000,25.676,27.358,25.499,26.827,162796,0
1AT,D,20190116,000000,27.004,27.269,26.472,27.269,12168,0
1AT,D,20190117,000000,27.446,27.8,27.181,27.712,25881,0
1AT,D,20190118,000000,27.712,29.306,27.712,29.04,24172,0
1AT,D,20190121,000000,29.217,30.014,28.774,29.925,13165,0
1AT,D,20190122,000000,29.925,30.102,29.571,29.66,43350,0
1AT,D,20190123,000000,29.837,30.899,29.66,30.899,16595,0
1AT,D,20190124,000000,30.899,30.988,30.457,30.634,40931,0
1AT,D,20190125,000000,30.899,31.696,30.899,31.696,60210,0
1AT,D,20190128,000000,31.696,31.696,30.899,31.608,22761,0
1AT,D,20190129,000000,31.873,31.873,31.165,31.696,3514,0
1AT,D,20190130,000000,31.696,32.05,31.342,32.05,167295,0
1AT,D,20190131,000000,32.05,32.493,31.873,32.493,1831,0
1AT,D,20190201,000000,32.493,32.493,31.962,32.493,23285,0
1AT,D,20190204,000000,32.581,32.759,32.227,32.227,861,0
1AT,D,20190205,000000,32.227,32.227,29.837,32.05,30085,0
1AT,D,20190206,000000,32.227,32.227,31.873,31.873,227583,0
1AT,D,20190207,000000,32.227,32.227,31.873,31.873,89,0
1AT,D,20190208,000000,32.139,32.139,30.988,31.785,609,0
1AT,D,20190211,000000,31.076,32.227,30.988,31.785,1974,0
1AT,D,20190212,000000,31.873,32.05,31.785,31.785,2740,0
1AT,D,20190213,000000,32.139,32.139,31.785,31.785,263,0
1AT,D,20190214,000000,32.139,32.139,31.43,31.785,107,0
1AT,D,20190215,000000,31.873,31.873,31.43,31.873,352,0
1AT,D,20190218,000000,31.873,31.873,30.988,31.873,84957,0
1AT,D,20190219,000000,31.873,31.873,30.988,31.785,3296,0
1AT,D,20190220,000000,30.722,31.696,30.722,31.696,760,0
1AT,D,20190221,000000,31.076,31.608,31.076,31.608,1439,0
1AT,D,20190222,000000,31.519,31.519,31.165,31.342,1193,0
1AT,D,20190225,000000,31.608,31.608,31.165,31.342,385,0
1AT,D,20190226,000000,31.696,33.201,31.696,32.759,129386,0
1AT,D,20190227,000000,32.847,33.467,32.139,32.759,6140,0
1AT,D,20190228,000000,32.67,33.113,31.962,32.936,1573,0
1AT,D,20190301,000000,32.936,32.936,32.05,32.05,541,0
1AT,D,20190304,000000,32.581,32.936,31.873,32.05,1164,0
1AT,D,20190305,000000,32.05,32.847,32.05,32.05,1054,0
1AT,D,20190306,000000,31.519,32.759,31.519,32.404,67296,0
1AT,D,20190307,000000,32.581,33.644,32.581,33.378,13820,0
1AT,D,20190308,000000,33.644,33.644,32.581,32.936,1052,0
1AT,D,20190311,000000,33.555,33.555,32.759,33.29,7504,0
1AT,D,20190312,000000,33.29,33.29,32.67,33.201,4886,0
1AT,D,20190313,000000,33.201,33.201,32.67,33.201,93,0
1AT,D,20190314,000000,33.201,33.201,32.493,32.493,5074,0
1AT,D,20190315,000000,33.378,33.378,32.316,32.847,4283,0
1AT,D,20190318,000000,32.847,32.847,32.581,32.847,434,0
1AT,D,20190319,000000,33.201,33.201,33.201,33.201,582,0
1AT,D,20190320,000000,35.238,36.566,34.618,34.972,32882,0
1AT,D,20190321,000000,35.415,35.415,33.821,34.529,165491,0
1AT,D,20190322,000000,35.149,35.149,34.087,34.529,37406,0
1AT,D,20190325,000000,34.352,34.972,34.175,34.972,43173,0
1AT,D,20190326,000000,35.06,36.123,34.529,35.946,3899,0
1AT,D,20190327,000000,36.3,36.566,35.06,35.06,4806,0
1AT,D,20190328,000000,35.06,35.857,35.06,35.68,1177,0
1AT,D,20190329,000000,35.415,35.857,35.149,35.415,618,0
1AT,D,20190401,000000,35.68,36.034,35.06,35.326,1175,0
1AT,D,20190402,000000,36.034,37.008,36.034,36.477,5115,0
1AT,D,20190403,000000,36.477,37.008,35.415,35.503,8183,0
1AT,D,20190404,000000,35.946,36.123,35.326,35.415,9001,0
1AT,D,20190405,000000,35.415,36.034,34.529,34.972,1874,0
1AT,D,20190408,000000,36.034,36.034,34.972,35.68,149,0
1AT,D,20190409,000000,36.034,36.123,35.68,35.946,2545,0
1AT,D,20190410,000000,36.123,36.123,34.706,35.238,5935,0
1AT,D,20190411,000000,35.946,35.946,35.149,35.769,657,0
1AT,D,20190412,000000,35.946,35.946,34.972,35.238,3357,0
1AT,D,20190415,000000,35.238,35.857,34.264,35.238,2590,0
1AT,D,20190416,000000,35.238,35.238,34.529,35.149,13226,0
1AT,D,20190417,000000,34.795,35.238,34.795,35.238,1359,0
1AT,D,20190418,000000,35.238,35.238,34.706,34.706,236,0
1AT,D,20190423,000000,34.529,35.238,34.529,35.238,1005,0
1AT,D,20190424,000000,35.238,35.238,34.618,35.238,1009,0
1AT,D,20190425,000000,35.326,35.326,35.238,35.238,267,0
1AT,D,20190426,000000,35.415,35.857,34.972,35.149,518,0
1AT,D,20190429,000000,35.149,35.857,35.149,35.326,1150,0
1AT,D,20190430,000000,35.769,35.769,35.238,35.326,1059,0
1AT,D,20190502,000000,35.68,35.68,35.06,35.326,836,0
1AT,D,20190506,000000,35.238,35.503,35.238,35.415,5472,0
1AT,D,20190507,000000,35.503,35.503,34.972,35.326,1900,0
1AT,D,20190508,000000,35.326,35.326,35.326,35.326,97,0
1AT,D,20190509,000000,35.326,35.415,34.529,34.529,3291,0
1AT,D,20190510,000000,35.326,35.326,33.732,35.326,2643,0
1AT,D,20190513,000000,35.326,35.326,35.06,35.06,289,0
1AT,D,20190514,000000,34.972,35.326,34.352,35.238,730,0
1AT,D,20190515,000000,35.326,35.326,34.352,34.795,5778,0
1AT,D,20190516,000000,35.238,35.326,34.529,34.972,1003,0
1AT,D,20190517,000000,35.238,35.238,34.972,34.972,36,0
1AT,D,20190520,000000,34.087,34.883,34.087,34.795,1079,0
1AT,D,20190521,000000,34.529,34.883,34.529,34.883,181,0
1AT,D,20190522,000000,34.706,34.883,34.706,34.795,1939,0
1AT,D,20190523,000000,34.972,35.326,34.706,35.149,2391,0
1AT,D,20190524,000000,35.06,35.857,34.972,35.592,16988,0
1AT,D,20190527,000000,35.592,36.831,35.592,36.743,25663,0
1AT,D,20190528,000000,36.743,36.743,35.946,35.946,18453,0
1AT,D,20190529,000000,35.946,36.211,35.415,35.415,4528,0
1AT,D,20190530,000000,35.415,35.769,35.326,35.415,4091,0
1AT,D,20190531,000000,35.503,35.769,35.238,35.326,3108,0
1AT,D,20190603,000000,35.769,35.769,35.592,35.592,1029,0
1AT,D,20190604,000000,35.68,36.123,35.415,35.415,3462,0
1AT,D,20190605,000000,36.389,36.389,34.264,34.618,4866,0
1AT,D,20190606,000000,34.618,35.769,34.618,35.68,4355,0
1AT,D,20190607,000000,35.857,36.123,35.68,36.123,5445,0
1AT,D,20190610,000000,36.3,36.743,35.857,36.654,3788,0
1AT,D,20190611,000000,36.831,36.831,36.3,36.743,24752,0
1AT,D,20190612,000000,36.831,37.008,36.211,36.3,3028,0
1AT,D,20190613,000000,35.857,36.3,35.857,36.3,2353,0
1AT,D,20190614,000000,36.3,36.654,36.211,36.3,1683,0
1AT,D,20190617,000000,36.3,36.3,36.211,36.3,6518,0
1AT,D,20190618,000000,36.3,36.654,36.211,36.389,19698,0
1AT,D,20190619,000000,36.3,37.628,36.211,37.362,10035,0
1AT,D,20190621,000000,37.982,37.982,37.008,37.54,17151,0
1AT,D,20190624,000000,37.717,37.805,36.211,36.3,21461,0
1AT,D,20190625,000000,36.8,37,35.8,36.5,35332,0
1AT,D,20190626,000000,36.7,37,36,37,2868,0
1AT,D,20190627,000000,36.7,37,36.6,37,1791,0
1AT,D,20190628,000000,37.00,37.00,36.60,37.00,1080,0
1AT,D,20190701,000000,36,36.9,36,36.7,12958,0
1AT,D,20190702,000000,36.7,36.7,36.1,36.6,8578,0
1AT,D,20190703,000000,36.6,37,36.6,37,12068,0
1AT,D,20190704,000000,37,37.3,36.9,37.1,48068,0
1AT,D,20190705,000000,37.2,37.4,36.5,37.2,1182,0
1AT,D,20190708,000000,37.4,37.4,37,37.2,524,0
1AT,D,20190709,000000,37.3,37.5,37,37.5,1582,0
1AT,D,20190710,000000,37.5,37.5,37,37.3,1849,0
1AT,D,20190711,000000,37.6,37.6,37,37.4,544,0
1AT,D,20190712,000000,37.4,37.4,36.3,37,820,0
1AT,D,20190715,000000,37,37.4,36.5,37.2,1276,0
1AT,D,20190716,000000,37.3,37.3,36.6,37,959,0
1AT,D,20190717,000000,36.9,37.2,36.8,37.2,11542,0
1AT,D,20190718,000000,37.2,37.2,36,37,14289,0
1AT,D,20190719,000000,37.1,37.1,37,37,507,0
1AT,D,20190722,000000,37,37,36.4,36.4,368,0
1AT,D,20190723,000000,37,37,36,36.3,3471,0
1AT,D,20190724,000000,36.9,36.9,36.3,36.3,95,0
1AT,D,20190725,000000,36.2,36.3,35.2,35.7,2732,0
1AT,D,20190726,000000,35.5,36.9,35.2,36.2,2622,0
1AT,D,20190729,000000,36,36,35.5,36,88,0
1AT,D,20190730,000000,36.4,36.4,36,36.2,1252,0
1AT,D,20190731,000000,36.7,37.8,36.2,37.8,7266,0
1AT,D,20190801,000000,37.6,37.6,36.5,36.9,543,0
1AT,D,20190802,000000,37.4,37.4,37,37.1,970,0
1AT,D,20190805,000000,37,37,36,36.7,969,0
1AT,D,20190806,000000,36.1,36.7,36.1,36.6,631,0
1AT,D,20190807,000000,36.8,36.8,35.4,36,1282,0
1AT,D,20190808,000000,36.1,36.1,35.5,36,870,0
1AT,D,20190809,000000,36,36.5,35.5,36.4,1066,0
1AT,D,20190812,000000,36.9,36.9,35.6,35.8,113,0
1AT,D,20190813,000000,36.6,36.6,34.7,35,3150,0
1AT,D,20190814,000000,34.9,35.8,34.5,34.5,2784,0
1AT,D,20190816,000000,35.2,35.2,34.2,35.1,580,0
1AT,D,20190819,000000,35.1,35.1,34.2,35,1960,0
1AT,D,20190820,000000,35.1,35.1,33,34.1,7157,0
1AT,D,20190821,000000,34,34,32.7,33.2,12509,0
1AT,D,20190822,000000,33.3,33.5,32.6,32.7,8343,0
1AT,D,20190823,000000,32.7,35,32.2,34.1,258135,0
1AT,D,20190826,000000,34.3,34.3,34,34.1,517,0
1AT,D,20190827,000000,34.1,34.1,33.1,34,390,0
1AT,D,20190828,000000,34,34.6,33.9,34.6,7302,0
1AT,D,20190829,000000,34.7,35.8,34.2,35.8,254437,0
1AT,D,20190830,000000,35.8,36.2,35.6,36,2742,0
1AT,D,20190902,000000,36.6,37.1,36.2,37.1,18504,0
1AT,D,20190903,000000,37.1,37.1,36.9,37.1,104855,0
1AT,D,20190904,000000,35.9,35.9,34,35.8,3235,0
1AT,D,20190905,000000,35.4,35.7,34.9,35.7,994,0
1AT,D,20190906,000000,35.7,35.8,34.9,34.9,386,0
1AT,D,20190909,000000,35.6,35.8,35,35.6,330,0
1AT,D,20190910,000000,35.9,36.9,35,36.8,681,0
1AT,D,20190911,000000,36.7,36.9,36,36.9,20700,0
1AT,D,20190912,000000,36.7,36.7,36.5,36.7,1372,0
1AT,D,20190913,000000,36.5,37.1,36.5,37.1,2806,0
1AT,D,20190916,000000,37.1,37.1,36.6,36.6,254,0
1AT,D,20190917,000000,37,37,36.6,36.9,120330,0
1AT,D,20190918,000000,36.9,36.9,36.2,36.8,92,0
1AT,D,20190919,000000,36.9,36.9,36.6,36.9,1290,0
1AT,D,20190920,000000,37,37,36,36.9,373,0
1AT,D,20190923,000000,36.9,36.9,36,36.8,12884,0
1AT,D,20190924,000000,36.7,36.7,36,36,568,0
1AT,D,20190925,000000,35.9,36.5,34.2,35,111219,0
1AT,D,20190926,000000,34.9,35.8,34.9,35.8,162,0
1AT,D,20190927,000000,35.7,35.7,35.3,35.5,101,0
1AT,D,20190930,000000,35.7,35.7,35,35,218,0
1AT,D,20191001,000000,35.2,35.8,33.2,33.2,11188,0
1AT,D,20191002,000000,34.5,35.8,32.5,35.8,56446,0
1AT,D,20191003,000000,35,35,33.8,34.5,1379,0
1AT,D,20191004,000000,34.5,35,33.5,34.5,4312,0
1AT,D,20191007,000000,34.3,34.3,33.5,33.5,1066,0
1AT,D,20191008,000000,34.2,34.2,33.3,34,785,0
1AT,D,20191009,000000,33.9,33.9,33,33.8,4130,0
1AT,D,20191010,000000,33.6,33.8,33.5,33.8,344,0
1AT,D,20191011,000000,33.8,34.8,33.2,34.7,6728,0
1AT,D,20191014,000000,35,35,34.9,34.9,131,0
1AT,D,20191015,000000,35,35,35,35,303,0
1AT,D,20191016,000000,35,35,34.2,34.5,717,0
1AT,D,20191017,000000,34.5,34.5,33.1,34.4,815,0
1AT,D,20191018,000000,34.3,34.5,33.9,33.9,6170,0
1AT,D,20191021,000000,33.9,34,33.1,34,942,0
1AT,D,20191022,000000,34,34,33.7,34,90,0
1AT,D,20191023,000000,34,34,33.5,33.8,2412,0
1AT,D,20191024,000000,34,34,33,33.7,2591,0
1AT,D,20191025,000000,33.9,34.9,33.1,34.5,2600,0
1AT,D,20191028,000000,34.5,34.5,33.8,34.3,36354,0
1AT,D,20191029,000000,34.8,34.8,34.5,34.5,270,0
1AT,D,20191030,000000,34.7,34.7,34.5,34.5,59,0
1AT,D,20191031,000000,34.5,34.7,34,34.7,488,0
1AT,D,20191104,000000,34.6,34.6,33.7,34.5,61,0
1AT,D,20191105,000000,34.5,34.8,34.5,34.8,1733,0
1AT,D,20191106,000000,34.8,36,34.8,36,3908,0
1AT,D,20191107,000000,36,36,36,36,370,0
1AT,D,20191108,000000,36,36,35.5,36,425,0
1AT,D,20191112,000000,36,36,35.6,35.8,4160,0
1AT,D,20191113,000000,35.8,35.8,35.4,35.4,189,0
1AT,D,20191114,000000,35.8,35.8,35.2,35.4,783,0
1AT,D,20191115,000000,36,36,35,35.7,1560,0
1AT,D,20191118,000000,35.9,35.9,35,35.8,225,0
1AT,D,20191119,000000,35.8,35.8,35.1,35.5,309,0
1AT,D,20191120,000000,36.6,37.3,35.7,36,3736,0
1AT,D,20191121,000000,35.8,36.4,35.4,36,916,0
1AT,D,20191122,000000,36.2,36.2,35.3,36,313,0
1AT,D,20191125,000000,36,36,35.3,35.8,672,0
1AT,D,20191126,000000,35.8,36.5,35.8,36,1910,0
1AT,D,20191127,000000,36.8,36.8,35.9,36,1391,0
1AT,D,20191128,000000,36.5,36.5,36,36.2,2587,0
1AT,D,20191129,000000,36.2,37.5,36.2,36.9,11906,0
1AT,D,20191202,000000,37,37.5,36.7,37,1343,0
1AT,D,20191203,000000,37,37.5,36.6,37,15681,0
1AT,D,20191204,000000,37,37.2,36.5,37.2,69134,0
1AT,D,20191205,000000,37.2,37.2,36.5,37,663,0
1AT,D,20191206,000000,37.2,37.3,36.9,37.3,32384,0
1AT,D,20191209,000000,37.3,37.5,37,37,918,0
1AT,D,20191210,000000,37.4,37.4,34,36.9,1096,0
1AT,D,20191211,000000,37.2,37.2,34,37,10537,0
1AT,D,20191212,000000,37.2,37.8,37,37.8,4214,0
1AT,D,20191213,000000,38,38.2,38,38.2,7719,0
1AT,D,20191216,000000,38.3,38.8,37.2,38,1944,0
1AT,D,20191217,000000,38.8,38.8,38,38.6,734,0
1AT,D,20191218,000000,38.6,38.6,38,38.6,1193,0
1AT,D,20191219,000000,38.7,39.5,38.4,39.5,16460,0
1AT,D,20191220,000000,39.5,39.6,39,39.5,12729,0
1AT,D,20191223,000000,39.7,39.7,38.5,39.1,4155,0
1AT,D,20191227,000000,39.3,39.3,37.7,39,2305,0
1AT,D,20191230,000000,38,39.9,38,38,3181,0
1AT,D,20200102,000000,38.5,39.7,38.5,39.5,12700,0
1AT,D,20200103,000000,39.9,41,39.5,40.5,28245,0
1AT,D,20200107,000000,40.5,41.3,40.5,41,3636,0
1AT,D,20200108,000000,41.3,41.7,40.1,41.7,23005,0
1AT,D,20200109,000000,41.7,42,41.4,41.9,28820,0
1AT,D,20200110,000000,41.9,42.5,41.6,41.9,11410,0
1AT,D,20200113,000000,41.9,42.5,40.2,41.8,4928,0
1AT,D,20200114,000000,40.6,42.3,40.6,41.4,10610,0
1AT,D,20200115,000000,42,42,40.8,42,3397,0
1AT,D,20200116,000000,42,42.4,42,42.4,1302,0
1AT,D,20200117,000000,41.5,42.7,41.5,42.5,7638,0
1AT,D,20200120,000000,42,43.1,42,42.7,8068,0
1AT,D,20200121,000000,43.1,43.1,41.1,42,2328,0
1AT,D,20200122,000000,41.4,42.4,41,42,6485,0
1AT,D,20200123,000000,42.4,42.4,41,41,7078,0
1AT,D,20200124,000000,40.6,41.9,40.6,41.7,12415,0
1AT,D,20200127,000000,42.5,42.5,40.6,41,599,0
1AT,D,20200128,000000,41,41,40.5,41,1177,0
1AT,D,20200129,000000,40.9,42.5,40.8,41.5,475,0
1AT,D,20200130,000000,41.5,41.5,40.8,41,255,0
1AT,D,20200131,000000,40.9,41,39.1,39.5,5844,0
1AT,D,20200203,000000,39.5,41.2,38.3,39.3,3397,0
1AT,D,20200204,000000,39.3,40.8,39,39.8,8244,0
1AT,D,20200205,000000,40.5,40.5,39.1,39.9,2368,0
1AT,D,20200206,000000,39.3,40,39.3,39.8,818,0
1AT,D,20200207,000000,39.6,39.9,39.4,39.8,788,0
1AT,D,20200210,000000,40,40,39.3,39.8,883,0
1AT,D,20200211,000000,39.5,39.8,38.7,39,34062,0
1AT,D,20200212,000000,39.7,40.4,39.5,40,1154,0
1AT,D,20200213,000000,40.3,40.4,40,40.3,1097,0
1AT,D,20200214,000000,40.3,40.4,40,40,771,0
1AT,D,20200217,000000,40.1,40.5,40,40,3092,0
1AT,D,20200218,000000,40.5,40.5,39.7,40,1417,0
1AT,D,20200219,000000,40,40,39.6,39.9,1309,0
1AT,D,20200220,000000,39.9,39.9,39.3,39.4,11656,0
1AT,D,20200221,000000,39.4,39.8,39,39.8,1421,0
1AT,D,20200224,000000,39.8,39.8,37.6,38.5,3321,0
1AT,D,20200225,000000,38.4,40.4,38,38.8,3237,0
1AT,D,20200226,000000,38.8,39.8,37.6,39.8,1432,0
1AT,D,20200227,000000,39.6,39.6,37.8,38.8,2186,0
1AT,D,20200228,000000,36.7,37.6,34.5,35.5,9675,0
1AT,D,20200302,000000,36.2,38.4,35.9,36.7,5296,0
1AT,D,20200303,000000,36.8,38.2,36.7,38.2,6031,0
1AT,D,20200304,000000,38,38.1,36.7,37.8,68037,0
1AT,D,20200305,000000,38,38,36.8,37.6,20219,0
1AT,D,20200306,000000,37.6,38.2,36.8,37.7,2703,0
1AT,D,20200309,000000,35.2,36,34.5,35.9,2974,0
1AT,D,20200310,000000,34.6,35.9,34.5,35.3,3408,0
1AT,D,20200311,000000,35.8,35.8,32.4,34.1,3364,0
1AT,D,20200312,000000,29.4,31.3,28.1,30,90670,0
1AT,D,20200313,000000,30,33,28.5,30,11327,0
1AT,D,20200316,000000,28,30,27,28,6063,0
1AT,D,20200317,000000,28,29.5,27.5,27.7,6075,0
1AT,D,20200318,000000,27.5,27.5,26.8,27.5,5094,0
1AT,D,20200319,000000,27.5,27.5,26.8,27.5,3105,0
1AT,D,20200320,000000,25,27,23.6,26.5,34709,0
1AT,D,20200323,000000,26.3,26.3,25,26.1,2325,0
1AT,D,20200324,000000,25.9,25.9,24.6,25.2,6691,0
1AT,D,20200325,000000,26,26,23.7,25,7539,0
1AT,D,20200326,000000,24.9,25.8,24.5,25.5,4977,0
1AT,D,20200327,000000,26,27,25.8,26.5,2287,0
1AT,D,20200330,000000,27,27,24.8,24.8,5297,0
1AT,D,20200331,000000,25.8,26.6,25,26.1,3795,0
1AT,D,20200401,000000,24.8,25.7,24.4,24.4,6569,0
1AT,D,20200402,000000,24.5,25.2,24,24.4,561,0
1AT,D,20200403,000000,24.7,26.2,24.5,26,3461,0
1AT,D,20200406,000000,26.2,26.8,25.7,26.4,1264,0
1AT,D,20200407,000000,26.5,27,25,26.9,11222,0
1AT,D,20200408,000000,26.8,28,25.8,27.1,4220,0
1AT,D,20200409,000000,27.9,28,26,26,7114,0
1AT,D,20200414,000000,26,29,26,28.8,7241,0
1AT,D,20200415,000000,29.3,29.9,27.8,27.8,4068,0
1AT,D,20200416,000000,28.5,28.5,27.8,28.4,2260,0
1AT,D,20200417,000000,28.6,28.7,28.1,28.7,1809,0
1AT,D,20200420,000000,29.8,29.8,27.1,28,2876,0
1AT,D,20200421,000000,29,29,27.3,28.7,1981,0
1AT,D,20200422,000000,28.8,28.9,28,28.2,1508,0
1AT,D,20200423,000000,28.2,28.2,28,28,302,0
1AT,D,20200424,000000,28,28,27.9,28,281,0
1AT,D,20200427,000000,28,28,27.7,28,561,0
1AT,D,20200428,000000,28,28.4,27.9,28,633,0
1AT,D,20200429,000000,28,28.4,27.9,28.4,1299,0
1AT,D,20200430,000000,28.4,28.4,27.8,28.2,1627,0
1AT,D,20200504,000000,28.2,28.9,28.1,28.6,1219,0
1AT,D,20200505,000000,28.9,29,27.9,28.4,3868,0
1AT,D,20200506,000000,28.4,28.8,27,27,4436,0
1AT,D,20200507,000000,27,28.8,27,28,1765,0
1AT,D,20200508,000000,28,28,26.7,27.6,1708,0
1AT,D,20200511,000000,27.9,27.9,26.5,26.9,1363,0
1AT,D,20200512,000000,27.3,27.3,26.9,27.3,1804,0
1AT,D,20200513,000000,27.8,28.2,27.5,27.5,1185,0
1AT,D,20200514,000000,27.6,27.6,27.2,27.2,471,0
1AT,D,20200515,000000,27.2,27.8,27.2,27.5,342,0
1AT,D,20200518,000000,28.2,28.2,27.2,27.3,1047,0
1AT,D,20200519,000000,27.1,27.6,27,27.3,2771,0
1AT,D,20200520,000000,27.6,28.5,27.4,28.3,13831,0
1AT,D,20200521,000000,28.5,28.8,28,28.4,2263,0
1AT,D,20200522,000000,28,28.2,27.4,28.2,1006,0
1AT,D,20200525,000000,28.3,28.5,27,28.4,3514,0
1AT,D,20200526,000000,28.4,28.9,27.6,28.4,7084,0
1AT,D,20200527,000000,28.5,30,28.2,29.5,2745,0
1AT,D,20200528,000000,30,30.6,28,30,11634,0
1AT,D,20200529,000000,30.4,31,29.8,31,4725,0
1AT,D,20200601,000000,32,33.7,31.6,32.8,9353,0
1AT,D,20200602,000000,33.5,33.6,32.5,33.1,2707,0
1AT,D,20200603,000000,32.7,33.7,32,32.1,58840,0
1AT,D,20200604,000000,33,33.3,32.3,33,2310,0
1AT,D,20200605,000000,33,33.3,32.3,33.3,3074,0
1AT,D,20200608,000000,33.3,33.3,33,33.2,456,0
1AT,D,20200609,000000,32.9,32.9,30.8,31.8,2855,0
1AT,D,20200610,000000,31.8,31.8,30.1,30.8,3585,0
1AT,D,20200612,000000,30.7,31.8,30.7,31.7,1759,0
1AT,D,20200615,000000,32,32,30.3,30.8,2411,0
1AT,D,20200616,000000,31.4,32.6,30.8,32,5510,0
1AT,D,20200617,000000,33,33,31.8,31.8,2352,0
1AT,D,20200618,000000,32.8,32.8,31.2,32,326,0
1AT,D,20200619,000000,32.7,32.7,30.9,31.9,505,0
1AT,D,20200622,000000,31.9,31.9,31.2,31.8,204,0
1AT,D,20200623,000000,31.7,31.8,30.1,31.4,3678,0
1AT,D,20200624,000000,31.8,31.8,30.8,31.4,764,0
1AT,D,20200625,000000,31.4,31.4,30.2,31,15279,0
1AT,D,20200626,000000,30.9,32.5,30.9,31.5,72301,0
1AT,D,20200629,000000,31.8,32.4,31.5,32,2160,0
1AT,D,20200630,000000,32,32,31.2,31.2,432,0
1AT,D,20200701,000000,32,32.7,31.8,32.5,4841,0
1AT,D,20200702,000000,32.5,33.2,32,33.2,2221,0
1AT,D,20200703,000000,33.3,33.3,32.1,33.3,574,0
1AT,D,20200706,000000,33.3,33.5,32.5,33.3,6476,0
1AT,D,20200707,000000,33.3,33.4,32.3,33.4,15095,0
1AT,D,20200708,000000,33,33.4,32,32.8,7130,0
1AT,D,20200709,000000,32.7,32.7,31.8,32,2415,0
1AT,D,20200710,000000,32.5,32.5,31.6,32.5,174,0
