<TICKER>,<PER>,<DATE>,<TIME>,<OPEN>,<HIGH>,<LOW>,<CLOSE>,<VOL>,<OPENINT>
ADV,D,20150527,000000,19.2,20,18.4,19.35,62411,0
ADV,D,20150528,000000,19.66,19.8,18.75,19.8,1895,0
ADV,D,20150529,000000,19.79,21,18.45,20,4663,0
ADV,D,20150601,000000,20.89,20.89,20.4,20.8,2698,0
ADV,D,20150602,000000,20.9,20.9,20,20,929,0
ADV,D,20150603,000000,20.9,20.9,20.9,20.9,200,0
ADV,D,20150605,000000,20.9,20.9,20.4,20.4,125,0
ADV,D,20150608,000000,20.4,20.4,20.02,20.02,180,0
ADV,D,20150610,000000,19.2,20.1,19,20.1,120,0
ADV,D,20150612,000000,20,20,20,20,183,0
ADV,D,20150616,000000,19.84,19.84,19.84,19.84,50,0
ADV,D,20150617,000000,19.78,19.79,19,19.77,707,0
ADV,D,20150619,000000,19.4,19.4,19.4,19.4,73,0
ADV,D,20150622,000000,19.02,19.02,19,19,708,0
ADV,D,20150623,000000,19,19.22,19,19.22,265,0
ADV,D,20150624,000000,18.01,19.23,18.01,19.23,92,0
ADV,D,20150625,000000,19.4,19.5,19.3,19.3,90,0
ADV,D,20150626,000000,19.58,19.58,19.58,19.58,200,0
ADV,D,20150629,000000,19.49,19.49,19.49,19.49,69,0
ADV,D,20150630,000000,18.66,19.98,15,19.98,2641,0
ADV,D,20150701,000000,19.98,19.98,19.98,19.98,50,0
ADV,D,20150702,000000,19.01,19.93,18.52,19.93,286,0
ADV,D,20150703,000000,19.91,19.91,19.2,19.2,15,0
ADV,D,20150706,000000,18.62,18.82,18.62,18.62,272,0
ADV,D,20150709,000000,17.53,17.53,17.52,17.52,223,0
ADV,D,20150710,000000,17.8,17.8,17.8,17.8,173,0
ADV,D,20150713,000000,17.78,18.2,17.78,18.2,73,0
ADV,D,20150715,000000,18.4,18.4,18.4,18.4,5,0
ADV,D,20150716,000000,18.4,19.22,18.4,19.22,251,0
ADV,D,20150717,000000,19.19,19.19,19.19,19.19,2,0
ADV,D,20150722,000000,19.09,19.09,19.09,19.09,2,0
ADV,D,20150723,000000,19.09,19.09,19.09,19.09,62,0
ADV,D,20150724,000000,19.22,19.22,19.22,19.22,2,0
ADV,D,20150727,000000,18.3,19.2,18.1,19.2,3156,0
ADV,D,20150728,000000,19.21,19.21,17.92,19.21,44,0
ADV,D,20150729,000000,19.2,19.2,19.2,19.2,1,0
ADV,D,20150730,000000,19.2,19.21,19.2,19.2,226,0
ADV,D,20150731,000000,19.2,19.2,19.2,19.2,79,0
ADV,D,20150803,000000,19.22,19.22,19.22,19.22,53,0
ADV,D,20150804,000000,19.22,19.22,19.22,19.22,1,0
ADV,D,20150805,000000,19.22,19.22,19.22,19.22,1,0
ADV,D,20150806,000000,18.5,18.5,18.5,18.5,150,0
ADV,D,20150807,000000,18.5,19.17,18.5,19.17,393,0
ADV,D,20150810,000000,19.22,19.22,19.22,19.22,1,0
ADV,D,20150811,000000,19.22,20.72,19.22,20.72,252,0
ADV,D,20150814,000000,20.5,20.5,20.5,20.5,15,0
ADV,D,20150817,000000,20.49,20.49,20.49,20.49,6,0
ADV,D,20150820,000000,19.5,19.89,18.5,19.89,237,0
ADV,D,20150821,000000,19.89,19.89,19.89,19.89,1,0
ADV,D,20150824,000000,19.7,19.7,19.4,19.69,58,0
ADV,D,20150825,000000,19.68,19.78,19.68,19.78,41,0
ADV,D,20150826,000000,19.71,19.71,18.54,18.84,237,0
ADV,D,20150827,000000,19.2,19.2,19.2,19.2,371,0
ADV,D,20150828,000000,19.3,19.3,19.2,19.2,1051,0
ADV,D,20150831,000000,19.3,19.4,19.2,19.2,812,0
ADV,D,20150901,000000,19.59,19.66,19.59,19.66,27,0
ADV,D,20150902,000000,19.66,19.66,19.66,19.66,2,0
ADV,D,20150903,000000,19.66,19.66,19.66,19.66,2,0
ADV,D,20150904,000000,19.66,19.66,19.5,19.51,1007,0
ADV,D,20150907,000000,19.77,19.77,19,19,195,0
ADV,D,20150908,000000,19,19.4,19,19.4,293,0
ADV,D,20150909,000000,19.42,20,19.42,19.5,5100,0
ADV,D,20150910,000000,19.5,19.9,19.5,19.9,245,0
ADV,D,20150911,000000,19.9,20.3,19.9,20.3,291,0
ADV,D,20150914,000000,20.52,22.72,20.52,22.71,849,0
ADV,D,20150915,000000,22.72,22.72,21.5,22.72,263,0
ADV,D,20150916,000000,22.72,23.48,21.4,21.99,2721,0
ADV,D,20150917,000000,21.99,21.99,21.52,21.99,30004,0
ADV,D,20150918,000000,21.99,21.99,21.01,21.38,24678,0
ADV,D,20150921,000000,21.38,21.59,21.05,21.58,1893,0
ADV,D,20150922,000000,21.58,21.58,20.4,20.5,4351,0
ADV,D,20150923,000000,20.95,20.95,20.6,20.75,4003,0
ADV,D,20150924,000000,21,21.29,20.5,20.85,14166,0
ADV,D,20150925,000000,20.85,22,20.5,22,42603,0
ADV,D,20150928,000000,22.29,22.29,22,22,67118,0
ADV,D,20150929,000000,22.29,23.66,22.2,23.5,13393,0
ADV,D,20150930,000000,23.66,24.45,23.1,24.45,6617,0
ADV,D,20151001,000000,24.36,24.36,24.36,24.36,2,0
ADV,D,20151002,000000,24.5,25,24.3,24.3,6094,0
ADV,D,20151005,000000,24.3,24.3,24.3,24.3,211,0
ADV,D,20151006,000000,24.2,24.2,24.15,24.15,3579,0
ADV,D,20151007,000000,24.2,24.2,24.2,24.2,2,0
ADV,D,20151008,000000,24,24,23.7,23.99,10414,0
ADV,D,20151009,000000,24.2,24.2,24.14,24.15,913,0
ADV,D,20151012,000000,23.8,24.39,23.8,24.39,33686,0
ADV,D,20151013,000000,24.45,24.45,24.45,24.45,2,0
ADV,D,20151014,000000,24.43,24.43,24,24.38,1791,0
ADV,D,20151015,000000,24.29,25.8,24.29,25.8,17139,0
ADV,D,20151016,000000,26.02,27.7,25.8,26,3838,0
ADV,D,20151019,000000,26,26,26,26,152,0
ADV,D,20151020,000000,26,26,25.8,25.8,185,0
ADV,D,20151021,000000,25.8,26.2,25.53,26.2,313,0
ADV,D,20151022,000000,26.2,26.2,26,26,388,0
ADV,D,20151023,000000,26.04,27.35,26.04,27.35,9859,0
ADV,D,20151026,000000,27.35,28,26.2,28,1410,0
ADV,D,20151027,000000,28.3,29.56,28.3,29,2445,0
ADV,D,20151028,000000,29.45,30.44,29.45,29.5,7259,0
ADV,D,20151029,000000,29.5,29.95,29,29.95,1139,0
ADV,D,20151030,000000,30.3,30.33,29.94,29.94,1269,0
ADV,D,20151102,000000,30,30,30,30,1,0
ADV,D,20151103,000000,29.95,29.95,29.92,29.92,357,0
ADV,D,20151104,000000,29.92,31.5,29.92,31.5,1052,0
ADV,D,20151105,000000,31.85,32.55,30,30,1088,0
ADV,D,20151106,000000,30,30.8,29.99,30,2678,0
ADV,D,20151109,000000,29.99,29.99,28.57,29.69,134,0
ADV,D,20151110,000000,29.69,29.69,29.5,29.69,102,0
ADV,D,20151112,000000,29.5,29.5,29.49,29.5,57,0
ADV,D,20151113,000000,29.5,29.5,28.11,29.4,6,0
ADV,D,20151116,000000,29.41,29.51,29.41,29.51,33,0
ADV,D,20151117,000000,29.5,29.71,29.5,29.5,221,0
ADV,D,20151118,000000,29.52,29.92,29.52,29.92,2,0
ADV,D,20151119,000000,29.99,29.99,29.9,29.9,3748,0
ADV,D,20151120,000000,29.5,29.5,28.5,28.92,54,0
ADV,D,20151123,000000,28.92,28.92,26.1,27.49,4268,0
ADV,D,20151124,000000,27.49,28.66,26.15,28.66,5571,0
ADV,D,20151125,000000,28.6,28.6,28.6,28.6,200,0
ADV,D,20151126,000000,28.49,28.49,28.49,28.49,6,0
ADV,D,20151127,000000,28.49,28.49,27.4,27.4,2677,0
ADV,D,20151130,000000,27.4,27.4,27.4,27.4,107,0
ADV,D,20151201,000000,27.4,27.4,26.78,26.78,223,0
ADV,D,20151202,000000,26.79,26.8,25.48,26.7,1282,0
ADV,D,20151203,000000,25,25.2,22.63,24.89,14530,0
ADV,D,20151204,000000,25,25,24,24.8,547,0
ADV,D,20151207,000000,24.89,24.89,24.85,24.85,3,0
ADV,D,20151208,000000,24.83,24.83,21.62,23,17810,0
ADV,D,20151209,000000,23,24.17,22.25,24.17,1630,0
ADV,D,20151210,000000,24.77,24.77,23.4,23.99,138,0
ADV,D,20151211,000000,24,24,22.41,23.5,3805,0
ADV,D,20151214,000000,23.51,24.5,22.2,24.5,5551,0
ADV,D,20151215,000000,24.5,24.5,22.67,23.34,4980,0
ADV,D,20151216,000000,23.4,23.4,21.65,23,13256,0
ADV,D,20151217,000000,22.05,24.1,22.05,24.1,1848,0
ADV,D,20151218,000000,24,25,24,24,1647,0
ADV,D,20151222,000000,24.2,25.1,23.15,25.1,20608,0
ADV,D,20151223,000000,25.1,25.1,24.31,25.1,201145,0
ADV,D,20151228,000000,25.1,25.39,25,25.35,5635,0
ADV,D,20151229,000000,25.35,25.35,24.76,25.28,5051,0
ADV,D,20151230,000000,25.27,25.3,24.31,25.25,5502,0
ADV,D,20160104,000000,25,25,24.72,25,219,0
ADV,D,20160105,000000,25.3,25.3,25,25,12,0
ADV,D,20160107,000000,24.98,24.98,23.81,24.9,10,0
ADV,D,20160108,000000,24.9,24.9,23.8,24.9,1112,0
ADV,D,20160111,000000,24.9,24.9,24.9,24.9,2,0
ADV,D,20160112,000000,24.9,24.9,24.9,24.9,9,0
ADV,D,20160113,000000,24.1,24.59,24.1,24.59,767,0
ADV,D,20160114,000000,24.59,25.2,23.6,25.2,1569,0
ADV,D,20160115,000000,25.2,25.2,22.71,23.59,5968,0
ADV,D,20160118,000000,23.59,23.66,22.86,23.66,105,0
ADV,D,20160119,000000,23.66,23.66,22.86,22.86,116,0
ADV,D,20160120,000000,23.9,23.9,22.86,23.4,1332,0
ADV,D,20160121,000000,23.4,23.8,22.9,23.8,256,0
ADV,D,20160122,000000,23.8,23.8,22.91,23.8,231,0
ADV,D,20160125,000000,23.8,23.8,23.3,23.7,6,0
ADV,D,20160126,000000,23.7,23.7,22.7,23.49,12,0
ADV,D,20160127,000000,23.8,23.8,22.3,23.3,181,0
ADV,D,20160128,000000,23.2,23.2,22.2,23.2,7,0
ADV,D,20160129,000000,23.25,23.25,22.26,23,5309,0
ADV,D,20160201,000000,23.2,23.2,23.2,23.2,102,0
ADV,D,20160202,000000,23.3,23.3,22.2,23.15,12,0
ADV,D,20160203,000000,23,23,23,23,2,0
ADV,D,20160204,000000,23,23,22.05,23,500,0
ADV,D,20160205,000000,22.99,22.99,22.16,22.98,636,0
ADV,D,20160208,000000,23,24.5,22.99,24.5,1750,0
ADV,D,20160209,000000,24.3,24.3,23.61,24,1105,0
ADV,D,20160210,000000,24.3,24.3,24.3,24.3,173,0
ADV,D,20160211,000000,24.4,24.4,23.5,23.5,519,0
ADV,D,20160212,000000,23.41,24.5,23.41,24.5,403,0
ADV,D,20160215,000000,24.5,24.5,24.4,24.4,8,0
ADV,D,20160216,000000,24.4,24.4,23.95,24.4,180,0
ADV,D,20160217,000000,24.4,26,24.4,26,581,0
ADV,D,20160218,000000,26,26,24.52,25.22,1120,0
ADV,D,20160219,000000,25.2,25.2,24.3,24.98,1786,0
ADV,D,20160222,000000,24.98,24.98,24.64,24.97,128,0
ADV,D,20160223,000000,24.97,24.97,24.02,24.5,2172,0
ADV,D,20160224,000000,24.7,24.7,24,24.64,10052,0
ADV,D,20160225,000000,24.64,24.64,24.6,24.6,6,0
ADV,D,20160226,000000,24.59,24.78,24.59,24.78,201,0
ADV,D,20160229,000000,24.78,24.78,24.78,24.78,7,0
ADV,D,20160301,000000,24.78,24.78,24.78,24.78,2,0
ADV,D,20160302,000000,24.78,24.79,24.78,24.79,406,0
ADV,D,20160303,000000,24.79,24.8,24.79,24.8,2,0
ADV,D,20160304,000000,24.79,24.89,24.79,24.79,284,0
ADV,D,20160307,000000,24.79,24.79,24.77,24.78,4,0
ADV,D,20160308,000000,24.78,24.78,24.7,24.7,4,0
ADV,D,20160309,000000,24.7,24.7,24.7,24.7,2,0
ADV,D,20160310,000000,24.7,24.7,24.05,24.05,244,0
ADV,D,20160311,000000,24.05,24.05,24.05,24.05,104,0
ADV,D,20160314,000000,24.65,24.65,23.62,23.62,319,0
ADV,D,20160315,000000,24.65,24.65,22.45,23.49,233,0
ADV,D,20160316,000000,23.49,23.49,22.51,23.49,121,0
ADV,D,20160317,000000,23.49,23.49,23.49,23.49,2,0
ADV,D,20160318,000000,23.01,23.5,23.01,23.5,3598,0
ADV,D,20160321,000000,24.46,24.46,23.3,24.2,155,0
ADV,D,20160322,000000,23.25,24.69,22.56,24.69,2577,0
ADV,D,20160323,000000,24.69,24.8,24,24.8,97,0
ADV,D,20160324,000000,24.8,24.8,23.51,24,19947,0
ADV,D,20160329,000000,23.99,23.99,22.84,23,12832,0
ADV,D,20160330,000000,23.7,23.7,23.6,23.6,51,0
ADV,D,20160331,000000,23.9,24,23,23.9,2349,0
ADV,D,20160401,000000,23.5,25.8,23,25.8,275397,0
ADV,D,20160404,000000,25.8,26.4,25.78,26,27615,0
ADV,D,20160405,000000,26.1,26.1,25,25.69,561,0
ADV,D,20160406,000000,25.5,25.5,24.96,24.99,376,0
ADV,D,20160407,000000,24.99,24.99,24.98,24.99,261,0
ADV,D,20160408,000000,24.99,24.99,24.99,24.99,102,0
ADV,D,20160411,000000,24.99,24.99,24.99,24.99,2,0
ADV,D,20160412,000000,24.99,24.99,24.98,24.98,2,0
ADV,D,20160413,000000,24.98,24.99,24.98,24.98,402,0
ADV,D,20160414,000000,25,25.15,24.43,25.15,613,0
ADV,D,20160415,000000,25.15,25.18,25.15,25.18,102,0
ADV,D,20160418,000000,25.18,25.18,24.5,25.15,1722,0
ADV,D,20160419,000000,25.15,25.15,24.55,24.99,1243,0
ADV,D,20160420,000000,24.99,24.99,24.5,24.9,260,0
ADV,D,20160421,000000,24.89,24.89,23.61,23.61,6279,0
ADV,D,20160422,000000,24,24,23.12,24,3381,0
ADV,D,20160425,000000,24.39,24.39,24.39,24.39,2,0
ADV,D,20160426,000000,24.39,24.39,24,24,535,0
ADV,D,20160427,000000,24.36,24.36,24.36,24.36,664,0
ADV,D,20160428,000000,24.36,24.36,23.36,23.99,1434,0
ADV,D,20160429,000000,24.1,24.1,23.98,23.98,6,0
ADV,D,20160502,000000,24.12,24.12,24.12,24.12,2,0
ADV,D,20160504,000000,24.12,24.13,23.5,24.13,1305,0
ADV,D,20160505,000000,24.12,24.45,23.1,24.45,2223,0
ADV,D,20160506,000000,24.45,24.45,23.4,24.37,284,0
ADV,D,20160509,000000,24.35,24.35,24.35,24.35,52,0
ADV,D,20160510,000000,24.34,24.34,24.32,24.32,2,0
ADV,D,20160511,000000,24.3,24.3,24.3,24.3,132,0
ADV,D,20160512,000000,24.29,24.29,24.29,24.29,2,0
ADV,D,20160513,000000,24.3,24.3,24.3,24.3,2,0
ADV,D,20160516,000000,24.24,24.24,24.23,24.23,112,0
ADV,D,20160517,000000,24.24,24.56,23.5,24.56,7053,0
ADV,D,20160518,000000,24.6,26.7,24.6,26.7,4484,0
ADV,D,20160519,000000,26.4,26.4,24.1,24.5,4188,0
ADV,D,20160520,000000,24.88,24.99,24.88,24.98,431,0
ADV,D,20160523,000000,25.35,25.35,24.04,24.5,929,0
ADV,D,20160524,000000,24.5,24.5,24.5,24.5,1,0
ADV,D,20160525,000000,24.5,24.5,24.5,24.5,2,0
ADV,D,20160527,000000,24.5,24.5,24.5,24.5,52,0
ADV,D,20160530,000000,24.5,24.5,24.5,24.5,301,0
ADV,D,20160531,000000,24.5,24.5,24,24.5,851,0
ADV,D,20160601,000000,24.5,24.5,24,24.5,801,0
ADV,D,20160602,000000,24.5,24.5,24.5,24.5,2,0
ADV,D,20160603,000000,24.5,24.5,24.5,24.5,2,0
ADV,D,20160606,000000,24.49,24.49,24.49,24.49,2,0
ADV,D,20160607,000000,24.49,24.49,24.49,24.49,2,0
ADV,D,20160608,000000,24.49,24.5,24.49,24.5,71,0
ADV,D,20160609,000000,24.5,24.5,24.5,24.5,81,0
ADV,D,20160610,000000,24.5,24.5,24.15,24.5,1002,0
ADV,D,20160613,000000,24.5,24.5,24.5,24.5,172,0
ADV,D,20160614,000000,24.49,24.49,24.49,24.49,2,0
ADV,D,20160615,000000,24.49,24.49,24.49,24.49,2,0
ADV,D,20160616,000000,24.2,24.2,24.2,24.2,2,0
ADV,D,20160617,000000,24.2,24.2,24.2,24.2,51,0
ADV,D,20160620,000000,24.2,24.2,24.15,24.15,2,0
ADV,D,20160621,000000,24.2,24.2,23.6,24.2,2164,0
ADV,D,20160622,000000,24.2,24.2,23.7,24.1,51,0
ADV,D,20160623,000000,24.2,24.2,23.7,23.7,6,0
ADV,D,20160624,000000,24.2,24.5,23,24.5,1264,0
ADV,D,20160627,000000,24.5,24.5,23.8,24.5,2452,0
ADV,D,20160628,000000,24.5,24.5,23,24.5,967,0
ADV,D,20160629,000000,24.5,24.5,24,24,844,0
ADV,D,20160630,000000,24.5,25.8,24.46,25.8,1070,0
ADV,D,20160701,000000,25.8,26.8,24.5,26.8,859,0
ADV,D,20160704,000000,26,26,24.51,25.5,2392,0
ADV,D,20160705,000000,26,26,25.5,26,161,0
ADV,D,20160706,000000,26.8,27,25.07,27,1355,0
ADV,D,20160707,000000,26.7,26.7,25.8,26.5,932,0
ADV,D,20160708,000000,27,27,25,25,1391,0
ADV,D,20160711,000000,25.7,25.7,24.65,25.7,532,0
ADV,D,20160712,000000,25.98,26.49,25.98,26.29,87,0
ADV,D,20160713,000000,25.6,25.6,25.51,25.51,329,0
ADV,D,20160714,000000,25.99,25.99,25.97,25.98,42,0
ADV,D,20160715,000000,26.3,26.3,24.82,25.25,1427,0
ADV,D,20160718,000000,25,25,23.72,24.89,1334,0
ADV,D,20160719,000000,24.69,24.69,23.71,24.5,13,0
ADV,D,20160720,000000,24.87,24.87,23.71,24.8,105,0
ADV,D,20160721,000000,24.85,24.85,24,24.85,5,0
ADV,D,20160722,000000,24.85,24.85,23.71,23.71,631,0
ADV,D,20160725,000000,23.53,24.5,23.53,24.5,46684,0
ADV,D,20160726,000000,24.78,24.78,24,24.45,3192,0
ADV,D,20160727,000000,24.45,24.45,24.45,24.45,1,0
ADV,D,20160728,000000,24.44,24.44,23.5,24,24364,0
ADV,D,20160729,000000,24.4,24.4,23.4,23.8,417,0
ADV,D,20160801,000000,23.5,23.5,23.5,23.5,15,0
ADV,D,20160802,000000,23.5,24.95,23.5,24.95,1251,0
ADV,D,20160803,000000,25,25,24.5,24.5,1966,0
ADV,D,20160804,000000,24.01,26.04,24.01,26,1698,0
ADV,D,20160805,000000,26.82,27.4,26.8,26.8,169,0
ADV,D,20160808,000000,26.8,26.8,25.65,26.8,403,0
ADV,D,20160809,000000,26.79,26.79,26.79,26.79,2,0
ADV,D,20160810,000000,26.79,26.79,26.79,26.79,2,0
ADV,D,20160811,000000,26.79,26.79,26.79,26.79,2,0
ADV,D,20160812,000000,26.79,27.72,26,27.72,3733,0
ADV,D,20160816,000000,27.72,27.72,26.85,27.72,719,0
ADV,D,20160817,000000,27.72,27.9,27.7,27.9,7401,0
ADV,D,20160818,000000,27.9,27.9,27.05,27.7,551,0
ADV,D,20160819,000000,27.89,27.89,27.01,27.89,286,0
ADV,D,20160822,000000,27.89,27.89,25.72,25.72,6,0
ADV,D,20160823,000000,26.97,26.97,25,25.3,7,0
ADV,D,20160824,000000,25.2,26.25,25.2,26.25,103,0
ADV,D,20160825,000000,27.55,27.55,26.25,27.39,51,0
ADV,D,20160826,000000,27.39,27.39,27.39,27.39,2,0
ADV,D,20160829,000000,27.39,27.39,26.55,27.39,201,0
ADV,D,20160830,000000,27.39,29.9,27.31,28.01,971,0
ADV,D,20160831,000000,29.29,29.29,28,28,299,0
ADV,D,20160901,000000,27,27.5,27,27.5,1368,0
ADV,D,20160902,000000,27.11,29.29,27.11,29.29,710,0
ADV,D,20160905,000000,29.29,29.29,29.29,29.29,62,0
ADV,D,20160906,000000,29.9,29.9,29.3,29.5,107,0
ADV,D,20160907,000000,29.5,29.5,28.1,29,4579,0
ADV,D,20160908,000000,29,29,29,29,25,0
ADV,D,20160909,000000,29.55,31,29,29,4615,0
ADV,D,20160912,000000,28.5,29,28.5,29,451,0
ADV,D,20160913,000000,28.4,29,28.35,29,530,0
ADV,D,20160914,000000,29,29,28.9,28.9,459,0
ADV,D,20160915,000000,28.9,28.9,28.9,28.9,2,0
ADV,D,20160916,000000,28.3,29,28.3,29,1057,0
ADV,D,20160919,000000,29.66,29.67,28.3,29.67,3764,0
ADV,D,20160920,000000,29.67,29.67,29.67,29.67,2,0
ADV,D,20160921,000000,29.67,29.67,29.64,29.64,102,0
ADV,D,20160922,000000,29.67,29.67,28.3,29.25,738,0
ADV,D,20160923,000000,29.25,29.29,29,29.29,22,0
ADV,D,20160926,000000,29.29,29.29,27.66,29.04,4978,0
ADV,D,20160927,000000,28.98,28.98,28.98,28.98,103,0
ADV,D,20160928,000000,28.98,28.98,28.98,28.98,2,0
ADV,D,20160929,000000,28.98,28.98,28.75,28.98,37,0
ADV,D,20160930,000000,28.98,29.5,28,29.5,5293,0
ADV,D,20161003,000000,29.48,29.48,28.51,28.51,252,0
ADV,D,20161004,000000,28.52,28.52,28.49,28.52,153,0
ADV,D,20161005,000000,28.52,28.52,28.52,28.52,17,0
ADV,D,20161006,000000,28.5,28.5,26.01,27,27158,0
ADV,D,20161007,000000,27.65,27.65,27,27,241,0
ADV,D,20161010,000000,27.6,27.6,27,27,802,0
ADV,D,20161011,000000,27,27.5,27,27.5,308,0
ADV,D,20161012,000000,27.5,27.5,27.5,27.5,2,0
ADV,D,20161013,000000,27.5,27.5,26.8,27.5,533,0
ADV,D,20161014,000000,27.5,27.5,27.5,27.5,2,0
ADV,D,20161017,000000,27.5,27.5,27.5,27.5,1166,0
ADV,D,20161018,000000,27.5,27.5,27.5,27.5,322,0
ADV,D,20161019,000000,27.5,27.5,27.5,27.5,2,0
ADV,D,20161020,000000,27.5,27.5,27.5,27.5,2,0
ADV,D,20161021,000000,27.5,27.5,27.48,27.48,1675,0
ADV,D,20161024,000000,27.48,27.48,27,27,330,0
ADV,D,20161025,000000,27.4,27.4,27.39,27.39,2,0
ADV,D,20161026,000000,27.4,27.4,27.4,27.4,2,0
ADV,D,20161027,000000,27.4,27.4,27.4,27.4,2,0
ADV,D,20161028,000000,27.4,27.46,27.29,27.46,5100,0
ADV,D,20161031,000000,27.49,27.5,27,27.49,1502,0
ADV,D,20161102,000000,27.5,27.5,26.5,26.5,513,0
ADV,D,20161103,000000,27.5,27.5,27.5,27.5,1,0
ADV,D,20161104,000000,27.5,27.5,27,27.1,991,0
ADV,D,20161107,000000,27.5,27.5,26.2,27.48,1888,0
ADV,D,20161108,000000,27.5,27.5,26.2,27,82,0
ADV,D,20161109,000000,27,27.1,27,27.1,2,0
ADV,D,20161110,000000,27.1,27.1,26.16,27.1,2756,0
ADV,D,20161114,000000,27.1,27.49,26.98,27.49,851,0
ADV,D,20161115,000000,27.49,27.49,27.49,27.49,6,0
ADV,D,20161116,000000,27.49,27.49,27.48,27.48,2,0
ADV,D,20161117,000000,27.49,27.49,27.45,27.45,3,0
ADV,D,20161118,000000,27.45,27.49,26.5,27.49,1051,0
ADV,D,20161121,000000,27.5,27.99,27.49,27.99,1550,0
ADV,D,20161122,000000,27.59,27.59,27.58,27.58,2,0
ADV,D,20161123,000000,27.58,27.58,27.58,27.58,2,0
ADV,D,20161124,000000,27.58,27.58,27.5,27.5,2,0
ADV,D,20161125,000000,27.58,27.58,26.8,26.8,281,0
ADV,D,20161128,000000,26.5,26.8,26.5,26.8,36,0
ADV,D,20161129,000000,27.58,27.58,26.5,26.5,101,0
ADV,D,20161130,000000,27.39,27.39,26.2,27.38,1221,0
ADV,D,20161201,000000,27.59,27.59,27.37,27.37,265,0
ADV,D,20161202,000000,27.58,27.58,27.5,27.5,2,0
ADV,D,20161205,000000,27.49,27.58,27.49,27.58,3555,0
ADV,D,20161206,000000,27.58,29.59,27.58,27.65,11308,0
ADV,D,20161207,000000,27.65,27.79,27,27.79,5033,0
ADV,D,20161208,000000,27.78,27.78,27.78,27.78,2,0
ADV,D,20161209,000000,27.78,28,27.5,27.5,4648,0
ADV,D,20161212,000000,27.5,27.5,27,27.4,5047,0
ADV,D,20161213,000000,27.4,27.45,26.82,27.4,30081,0
ADV,D,20161214,000000,27.4,27.4,25,26.75,30702,0
ADV,D,20161215,000000,26.7,26.7,25.5,25.67,918,0
ADV,D,20161216,000000,26,26.5,25.11,26.5,4851,0
ADV,D,20161219,000000,26.8,26.8,25.71,26.49,5053,0
ADV,D,20161220,000000,26.49,26.49,25.5,26.4,11395,0
ADV,D,20161221,000000,26.4,26.89,26.4,26.49,17247,0
ADV,D,20161222,000000,26.9,27,24.7,26.97,57606,0
ADV,D,20161223,000000,27.4,27.4,26.5,27.39,8279,0
ADV,D,20161227,000000,28,28,27.79,27.79,5003,0
ADV,D,20161228,000000,27.78,27.99,27.76,27.9,15502,0
ADV,D,20161229,000000,27.9,27.9,27.85,27.85,902,0
ADV,D,20161230,000000,27.85,27.85,27.85,27.85,10901,0
ADV,D,20170102,000000,27.8,27.8,27.79,27.79,52,0
ADV,D,20170103,000000,27.78,27.78,27.75,27.75,103,0
ADV,D,20170104,000000,27.75,27.75,27.75,27.75,2,0
ADV,D,20170105,000000,27.75,27.75,27.74,27.74,102,0
ADV,D,20170109,000000,27.75,27.75,27.69,27.69,2,0
ADV,D,20170110,000000,27.75,27.75,27.1,27.59,263,0
ADV,D,20170111,000000,27.55,27.55,27.5,27.5,221,0
ADV,D,20170112,000000,27.6,27.6,27.5,27.5,101,0
ADV,D,20170113,000000,26.65,26.75,26.65,26.75,120,0
ADV,D,20170116,000000,27.2,27.2,27.2,27.2,2,0
ADV,D,20170117,000000,27.2,27.2,27.2,27.2,72,0
ADV,D,20170118,000000,27.2,27.2,27.2,27.2,137,0
ADV,D,20170119,000000,27,27,27,27,2,0
ADV,D,20170120,000000,27,27,26.9,26.9,94,0
ADV,D,20170123,000000,27,27,26.15,26.85,52,0
ADV,D,20170124,000000,26.8,26.85,26.8,26.85,6332,0
ADV,D,20170125,000000,26.85,26.85,26.83,26.83,46,0
ADV,D,20170126,000000,26.85,26.85,26.85,26.85,2,0
ADV,D,20170127,000000,26.85,26.85,26.42,26.85,1460,0
ADV,D,20170130,000000,26.85,26.85,26,26.2,35,0
ADV,D,20170131,000000,26.85,26.85,26.8,26.8,2,0
ADV,D,20170201,000000,26.8,26.8,25.6,25.6,363,0
ADV,D,20170202,000000,25.6,25.72,25.6,25.72,152,0
ADV,D,20170203,000000,25.73,25.73,25.73,25.73,2,0
ADV,D,20170206,000000,25.73,26.14,25.73,26.14,2,0
ADV,D,20170207,000000,26.14,26.14,26.14,26.14,2,0
ADV,D,20170208,000000,26,26,26,26,602,0
ADV,D,20170209,000000,26.1,26.1,25.5,26,184,0
ADV,D,20170210,000000,26.1,26.1,26.09,26.09,2,0
ADV,D,20170213,000000,26.09,27.2,26.09,26.49,23825,0
ADV,D,20170214,000000,26.3,26.8,26.3,26.7,286,0
ADV,D,20170215,000000,27.99,27.99,26.2,26.7,574,0
ADV,D,20170216,000000,27.5,27.5,26,26.5,1324,0
ADV,D,20170217,000000,27.2,27.2,26.5,26.5,2,0
ADV,D,20170220,000000,26.5,26.5,26.5,26.5,62,0
ADV,D,20170221,000000,26.5,26.5,26.5,26.5,2,0
ADV,D,20170222,000000,26.4,26.4,26.4,26.4,2,0
ADV,D,20170223,000000,25.51,27.5,25.51,27.5,2537,0
ADV,D,20170224,000000,28,28,28,28,2,0
ADV,D,20170227,000000,28,28,27.4,27.4,26,0
ADV,D,20170228,000000,27.49,27.49,27,27,26,0
ADV,D,20170301,000000,27.99,27.99,27.79,27.79,20121,0
ADV,D,20170302,000000,28,28,27.51,27.51,202,0
ADV,D,20170303,000000,27,29,27,28.7,19769,0
ADV,D,20170306,000000,28.75,28.9,27.79,28.12,9566,0
ADV,D,20170307,000000,29,29,28,28,10036,0
ADV,D,20170308,000000,28.95,28.95,28.4,28.4,13216,0
ADV,D,20170309,000000,28.95,28.95,28.74,28.75,13,0
ADV,D,20170310,000000,28.5,28.74,28,28.74,11002,0
ADV,D,20170313,000000,28.73,28.73,27.65,28.6,15491,0
ADV,D,20170314,000000,28.69,28.69,28.6,28.6,601,0
ADV,D,20170315,000000,28.67,28.67,28.65,28.65,175,0
ADV,D,20170316,000000,29,29,28.65,28.65,293,0
ADV,D,20170317,000000,28.8,28.8,28.75,28.8,34409,0
ADV,D,20170320,000000,28.8,28.8,28.79,28.79,103,0
ADV,D,20170321,000000,28.8,28.8,28.79,28.79,127,0
ADV,D,20170322,000000,27.47,28.79,27.47,28.79,1100,0
ADV,D,20170323,000000,28.78,28.78,28.78,28.78,3,0
ADV,D,20170324,000000,28.7,28.7,27.41,27.41,315,0
ADV,D,20170327,000000,28.7,28.7,28.5,28.5,3927,0
ADV,D,20170328,000000,28.5,28.5,28,28.5,12,0
ADV,D,20170329,000000,28.5,28.5,26.85,28.5,8113,0
ADV,D,20170330,000000,28.5,28.5,27.21,28.49,5206,0
ADV,D,20170331,000000,28.49,28.49,28.49,28.49,251,0
ADV,D,20170403,000000,28.5,28.5,27.05,28.3,27187,0
ADV,D,20170404,000000,28.5,28.5,28.4,28.4,57,0
ADV,D,20170405,000000,28.5,28.5,28.49,28.49,2,0
ADV,D,20170406,000000,28.5,28.5,27.4,27.4,731,0
ADV,D,20170407,000000,28.8,28.8,26.25,28.4,457,0
ADV,D,20170410,000000,28.5,28.5,28.5,28.5,2,0
ADV,D,20170411,000000,28.5,28.5,28.5,28.5,2,0
ADV,D,20170412,000000,28.5,28.5,28.5,28.5,2,0
ADV,D,20170413,000000,28.5,28.8,28.5,28.8,2,0
ADV,D,20170418,000000,28.5,28.5,28.4,28.4,72,0
ADV,D,20170419,000000,28.4,28.4,28.38,28.38,2,0
ADV,D,20170420,000000,28.39,28.39,28,28,2,0
ADV,D,20170421,000000,28.39,28.39,26,28,1135,0
ADV,D,20170424,000000,28,28,27.99,27.99,2,0
ADV,D,20170425,000000,27.99,27.99,27.99,27.99,2,0
ADV,D,20170426,000000,27.5,27.97,27.5,27.97,37,0
ADV,D,20170427,000000,27.7,27.85,27.7,27.85,34,0
ADV,D,20170428,000000,27.85,27.85,27.85,27.85,102,0
ADV,D,20170502,000000,27.97,27.97,27.01,27.01,54,0
ADV,D,20170504,000000,27.97,27.97,27.95,27.95,7,0
ADV,D,20170505,000000,27.97,27.97,27.95,27.95,2,0
ADV,D,20170508,000000,27.97,27.97,27.97,27.97,2,0
ADV,D,20170509,000000,27.97,27.97,26.65,27.97,232,0
ADV,D,20170510,000000,27.97,27.97,27.3,27.97,9002,0
ADV,D,20170511,000000,27.95,27.95,27.9,27.9,2,0
ADV,D,20170512,000000,27.95,27.97,27.9,27.97,1911,0
ADV,D,20170515,000000,27.97,27.97,27.96,27.96,2,0
ADV,D,20170516,000000,27.97,27.97,27.97,27.97,2,0
ADV,D,20170517,000000,27.97,27.97,26.67,26.67,300,0
ADV,D,20170518,000000,27.97,27.97,27.5,27.5,2,0
ADV,D,20170519,000000,27.5,27.5,26.7,26.7,12,0
ADV,D,20170522,000000,27.97,27.97,27.95,27.95,2,0
ADV,D,20170523,000000,27.97,27.97,26.7,27,283,0
ADV,D,20170524,000000,27.91,27.91,27,27.89,100002,0
ADV,D,20170525,000000,27.91,27.91,27.8,27.8,302,0
ADV,D,20170526,000000,27.8,27.8,26.62,27.7,467,0
ADV,D,20170529,000000,27.69,27.69,27.66,27.66,4,0
ADV,D,20170530,000000,27.65,27.65,27.49,27.49,3,0
ADV,D,20170531,000000,27.48,27.48,26.63,26.63,181,0
ADV,D,20170601,000000,27.49,27.49,27.49,27.49,2,0
ADV,D,20170602,000000,27.49,27.49,27.49,27.49,2,0
ADV,D,20170605,000000,27.49,27.49,27.47,27.47,189,0
ADV,D,20170606,000000,27.47,27.5,27.47,27.5,227,0
ADV,D,20170607,000000,27.5,27.5,27.5,27.5,203,0
ADV,D,20170608,000000,27.5,27.5,27.5,27.5,204,0
ADV,D,20170609,000000,27.5,27.5,27.5,27.5,2,0
ADV,D,20170612,000000,27.5,27.5,27.5,27.5,2,0
ADV,D,20170613,000000,27.5,27.5,27.5,27.5,2,0
ADV,D,20170614,000000,26.63,27.5,23.97,24,3637,0
ADV,D,20170616,000000,23.06,24.2,23.06,24.16,1057,0
ADV,D,20170619,000000,25.43,25.43,25,25,296,0
ADV,D,20170620,000000,25,25,25,25,42,0
ADV,D,20170621,000000,25,25,23.82,23.82,1715,0
ADV,D,20170622,000000,24.99,24.99,24.3,24.87,407,0
ADV,D,20170623,000000,24.94,24.94,24.94,24.94,2,0
ADV,D,20170626,000000,24.93,24.93,23.78,24.93,102,0
ADV,D,20170627,000000,24.93,24.93,24.93,24.93,2,0
ADV,D,20170628,000000,24.92,24.92,24.92,24.92,2,0
ADV,D,20170629,000000,24.91,24.91,24.91,24.91,2,0
ADV,D,20170630,000000,24.91,24.91,23.72,23.72,750,0
ADV,D,20170703,000000,24.97,24.97,24.92,24.92,11,0
ADV,D,20170704,000000,23.99,23.99,22.76,23.99,394,0
ADV,D,20170705,000000,23.43,23.43,21.11,21.11,1314,0
ADV,D,20170706,000000,22.22,22.22,20,20.03,263703,0
ADV,D,20170707,000000,20.79,21.1,20.79,21.1,470,0
ADV,D,20170710,000000,22.4,22.4,19.95,20.5,14340,0
ADV,D,20170711,000000,20.5,20.95,20.01,20.95,5230,0
ADV,D,20170712,000000,20.95,21.5,20.6,21.44,8320,0
ADV,D,20170713,000000,21.44,21.44,21.01,21.44,457,0
ADV,D,20170714,000000,21.49,21.98,21.49,21.98,202,0
ADV,D,20170717,000000,21.95,21.95,21.93,21.93,52,0
ADV,D,20170718,000000,21.9,21.9,21.2,21.5,1503,0
ADV,D,20170719,000000,21.85,21.85,21,21.5,302,0
ADV,D,20170720,000000,21.9,21.9,20.5,21,13107,0
ADV,D,20170721,000000,21.9,21.9,21,21,9,0
ADV,D,20170724,000000,21,21,20.15,21,202,0
ADV,D,20170725,000000,21,21,20.5,21,1665,0
ADV,D,20170726,000000,20.94,20.94,20.5,20.94,6085,0
ADV,D,20170727,000000,21,21,20.49,21,2025,0
ADV,D,20170728,000000,21,21,20.99,20.99,2,0
ADV,D,20170731,000000,20.99,20.99,20.49,20.49,4,0
ADV,D,20170801,000000,20.99,20.99,20.5,20.95,562,0
ADV,D,20170802,000000,20.95,20.95,20.5,20.95,1779,0
ADV,D,20170803,000000,20.95,20.95,20.48,20.48,870,0
ADV,D,20170804,000000,20.48,20.48,20.48,20.48,2,0
ADV,D,20170807,000000,20.95,20.99,20.95,20.99,2,0
ADV,D,20170808,000000,20.99,20.99,20.99,20.99,1,0
ADV,D,20170809,000000,20.99,20.99,20.99,20.99,142,0
ADV,D,20170810,000000,20.99,20.99,20.7,20.7,32,0
ADV,D,20170811,000000,20,20,19.9,20,577,0
ADV,D,20170814,000000,20,20,20,20,1,0
ADV,D,20170816,000000,20,20,20,20,1,0
ADV,D,20170817,000000,19.79,19.8,19.79,19.8,419,0
ADV,D,20170818,000000,19.8,19.8,19.8,19.8,2,0
ADV,D,20170821,000000,19.8,19.8,19.8,19.8,2,0
ADV,D,20170822,000000,19.8,19.8,18.96,19,598,0
ADV,D,20170823,000000,19.75,19.75,18.1,18.2,612,0
ADV,D,20170824,000000,18.99,18.99,18.2,18.2,2,0
ADV,D,20170825,000000,19.5,19.5,18.19,19,47,0
ADV,D,20170828,000000,18.99,18.99,17.36,18.2,139,0
ADV,D,20170829,000000,17.99,17.99,17.98,17.98,2,0
ADV,D,20170830,000000,17.97,18.2,17.35,17.35,582,0
ADV,D,20170831,000000,17.35,17.69,16.86,17.69,60,0
ADV,D,20170901,000000,17.69,17.69,17.69,17.69,14,0
ADV,D,20170904,000000,17.69,17.69,17.69,17.69,364,0
ADV,D,20170905,000000,17.5,17.5,17.49,17.5,30210,0
ADV,D,20170906,000000,17.5,17.5,17.25,17.25,302,0
ADV,D,20170907,000000,17.25,17.25,17.24,17.24,7,0
ADV,D,20170908,000000,17.24,17.24,16.16,16.49,1978,0
ADV,D,20170911,000000,16.59,16.59,15.81,15.81,486,0
ADV,D,20170912,000000,15.79,15.79,14.8,14.99,1134,0
ADV,D,20170913,000000,15.5,15.5,14.99,14.99,120,0
ADV,D,20170914,000000,14.99,14.99,14.99,14.99,70,0
ADV,D,20170915,000000,14.99,14.99,14.99,14.99,501,0
ADV,D,20170918,000000,16,16,15.1,15.1,2,0
ADV,D,20170919,000000,15.1,15.99,15,15.99,889,0
ADV,D,20170920,000000,15.99,15.99,15,15,1059,0
ADV,D,20170921,000000,15.49,15.49,15,15.48,790,0
ADV,D,20170922,000000,15.48,16,15.1,16,152,0
ADV,D,20170925,000000,16,16.4,14.96,16.4,220535,0
ADV,D,20170926,000000,16.25,17.86,15.84,17.86,1544,0
ADV,D,20170927,000000,19.8,19.8,17.9,18.64,594,0
ADV,D,20170928,000000,19.7,19.7,18.63,18.63,265,0
ADV,D,20170929,000000,19.5,19.5,18,18,539,0
ADV,D,20171002,000000,18.05,18.05,18,18,489,0
ADV,D,20171003,000000,17.9,17.99,17.5,17.9,581,0
ADV,D,20171004,000000,17.99,17.99,17,17,556,0
ADV,D,20171006,000000,16.99,17.8,16.99,17.8,755,0
ADV,D,20171009,000000,17.8,18.5,17.8,18.5,1839,0
ADV,D,20171010,000000,18.5,19.8,18.5,19,6074,0
ADV,D,20171011,000000,19.8,19.8,19.33,19.79,207,0
ADV,D,20171012,000000,19.8,19.8,19.79,19.79,171,0
ADV,D,20171013,000000,19.8,19.8,19.8,19.8,2,0
ADV,D,20171016,000000,19.8,19.8,19.78,19.8,5351,0
ADV,D,20171017,000000,19.5,19.5,18.96,19.5,712,0
ADV,D,20171018,000000,19.49,19.49,18.57,19.2,458,0
ADV,D,20171019,000000,19.49,19.49,19.49,19.49,5,0
ADV,D,20171020,000000,19.49,19.49,18.01,18.01,340,0
ADV,D,20171023,000000,17.62,18.5,17.62,18.5,887,0
ADV,D,20171024,000000,19.49,19.49,18.49,18.5,179,0
ADV,D,20171025,000000,19.49,19.49,18.1,18.1,822,0
ADV,D,20171026,000000,17.36,17.36,17,17,1228,0
ADV,D,20171027,000000,17,17,17,17,1,0
ADV,D,20171030,000000,16.98,16.98,16.98,16.98,11,0
ADV,D,20171031,000000,16.96,16.96,16.18,16.18,718,0
ADV,D,20171102,000000,16.96,16.96,16.96,16.96,1,0
ADV,D,20171103,000000,16.39,16.39,16.39,16.39,2,0
ADV,D,20171106,000000,17.5,17.5,17.5,17.5,19,0
ADV,D,20171107,000000,16.4,16.5,16.2,16.5,1221,0
ADV,D,20171108,000000,16.57,16.57,16.57,16.57,11,0
ADV,D,20171109,000000,16.57,16.57,16.57,16.57,1,0
ADV,D,20171110,000000,16.49,16.49,16.48,16.48,2,0
ADV,D,20171113,000000,16.45,16.45,16.45,16.45,2,0
ADV,D,20171114,000000,16.45,16.45,15,15.49,1082,0
ADV,D,20171115,000000,15.49,15.49,15.15,15.49,420,0
ADV,D,20171116,000000,15.2,15.49,15.2,15.49,66,0
ADV,D,20171117,000000,14.8,15.3,14.1,15.3,1689,0
ADV,D,20171120,000000,15.32,16.17,14.61,15,1434,0
ADV,D,20171121,000000,15,15,14.28,14.28,1099,0
ADV,D,20171122,000000,14.28,14.28,13.65,14.28,16,0
ADV,D,20171123,000000,15,15,14.01,14.11,3124,0
ADV,D,20171124,000000,14.01,14.12,14,14.1,2045,0
ADV,D,20171127,000000,14.48,14.48,14.1,14.1,182,0
ADV,D,20171128,000000,14.1,14.1,13.16,13.72,4449,0
ADV,D,20171129,000000,13.79,13.79,13.48,13.5,17744,0
ADV,D,20171130,000000,13.5,13.5,12.71,13.24,1019,0
ADV,D,20171201,000000,13.2,13.65,12.95,12.95,22482,0
ADV,D,20171204,000000,13.49,13.49,12.8,12.8,19725,0
ADV,D,20171205,000000,12.99,14.28,12.98,14.27,3069,0
ADV,D,20171206,000000,14.3,14.85,14.3,14.35,5873,0
ADV,D,20171207,000000,14.8,14.93,14,14.4,1694,0
ADV,D,20171208,000000,14.4,15.84,14.4,15.5,5561,0
ADV,D,20171211,000000,15.9,16.68,15.9,16,1609,0
ADV,D,20171212,000000,15.94,15.99,15.35,15.88,236,0
ADV,D,20171213,000000,15.99,16.2,15.79,15.79,97,0
ADV,D,20171214,000000,16.19,16.19,15.9,16.19,108,0
ADV,D,20171215,000000,16.19,16.29,15.6,15.99,121,0
ADV,D,20171218,000000,16.29,16.29,14.86,15.59,558,0
ADV,D,20171219,000000,15.59,15.59,14.2,14.9,649,0
ADV,D,20171220,000000,14.9,14.9,14.2,14.8,121,0
ADV,D,20171221,000000,14.85,14.85,14.2,14.2,597,0
ADV,D,20171222,000000,15,15.45,14,15.45,4710,0
ADV,D,20171227,000000,15.4,15.4,14.45,14.99,6913,0
ADV,D,20171228,000000,15,16,14.5,15,14298,0
ADV,D,20171229,000000,15.05,16.49,14.47,14.47,14338,0
ADV,D,20180103,000000,14.5,15.05,14.5,15.05,885,0
ADV,D,20180104,000000,15.15,15.2,15.05,15.2,1820,0
ADV,D,20180105,000000,15.2,15.2,14.05,14.1,5619,0
ADV,D,20180108,000000,14.4,14.4,13.35,13.85,1852,0
ADV,D,20180109,000000,13.85,13.85,13.1,13.15,1813,0
ADV,D,20180110,000000,13.15,13.4,13,13.4,966,0
ADV,D,20180111,000000,13.3,13.3,12.3,12.75,2861,0
ADV,D,20180112,000000,12.95,12.95,12.4,12.4,1781,0
ADV,D,20180115,000000,12.4,12.85,11.25,11.7,3784,0
ADV,D,20180116,000000,11.7,11.7,10.6,11,5438,0
ADV,D,20180117,000000,11,11.3,10,10.4,7332,0
ADV,D,20180118,000000,10.35,10.5,9.94,10.35,12970,0
ADV,D,20180119,000000,10.35,12.45,10.2,12.45,5034,0
ADV,D,20180122,000000,13.3,13.4,12.15,13.2,5147,0
ADV,D,20180123,000000,12.85,14.1,12.85,13.95,3106,0
ADV,D,20180124,000000,13.75,13.75,13.15,13.3,2964,0
ADV,D,20180125,000000,13.3,13.3,12.7,12.7,812,0
ADV,D,20180126,000000,12.65,13.8,12.25,13.6,20721,0
ADV,D,20180129,000000,13.5,13.5,12.5,12.75,3143,0
ADV,D,20180130,000000,12.6,12.8,12.05,12.3,3629,0
ADV,D,20180131,000000,12.4,13.5,12.3,12.5,6644,0
ADV,D,20180201,000000,12.6,12.6,12.1,12.5,1755,0
ADV,D,20180205,000000,12.55,12.9,12.55,12.9,51,0
ADV,D,20180206,000000,12.5,12.5,12.15,12.15,969,0
ADV,D,20180207,000000,12.65,12.65,12,12,469,0
ADV,D,20180208,000000,12,12.3,12,12.3,203,0
ADV,D,20180212,000000,12.4,13.05,12.3,12.5,730,0
ADV,D,20180213,000000,12.8,12.8,12.3,12.3,12004,0
ADV,D,20180214,000000,12.3,12.3,12.3,12.3,1086,0
ADV,D,20180215,000000,12.35,12.4,12.35,12.4,10090,0
ADV,D,20180216,000000,12.6,12.6,12.6,12.6,27,0
ADV,D,20180219,000000,12.5,12.6,12.5,12.6,2615,0
ADV,D,20180220,000000,12.7,13.05,12.7,13,2350,0
ADV,D,20180221,000000,12.9,12.9,11.65,12,2572,0
ADV,D,20180222,000000,12.1,12.1,11.4,11.5,3485,0
ADV,D,20180223,000000,11.5,11.5,11.4,11.4,420,0
ADV,D,20180226,000000,11.5,11.5,11.2,11.2,14052,0
ADV,D,20180227,000000,11.25,11.25,11,11,1731,0
ADV,D,20180228,000000,11,11,11,11,220,0
ADV,D,20180301,000000,10.9,10.9,10.6,10.6,230,0
ADV,D,20180302,000000,10.8,10.8,10.8,10.8,19,0
ADV,D,20180305,000000,10.8,10.95,10.8,10.95,116,0
ADV,D,20180306,000000,10.95,11,10.95,11,1545,0
ADV,D,20180307,000000,10.95,11,10.95,11,300,0
ADV,D,20180308,000000,11,11.05,11,11.05,40,0
ADV,D,20180309,000000,11,11.05,10.7,11.05,64,0
ADV,D,20180313,000000,10.75,10.95,10.75,10.95,20,0
ADV,D,20180314,000000,10.7,10.7,10.45,10.45,2785,0
ADV,D,20180315,000000,10.4,10.4,10,10,1592,0
ADV,D,20180316,000000,10,10,9.7,9.74,4850,0
ADV,D,20180319,000000,9.74,9.74,7.96,8.2,4148,0
ADV,D,20180320,000000,8.2,8.2,7.7,7.98,1327,0
ADV,D,20180321,000000,7.78,8.54,7.78,8.02,3950,0
ADV,D,20180322,000000,8,8,8,8,100,0
ADV,D,20180323,000000,8,8,8,8,4,0
ADV,D,20180326,000000,8,8.2,8,8.2,141,0
ADV,D,20180327,000000,8,8,7.8,8,7785,0
ADV,D,20180328,000000,8.14,8.14,7.6,7.6,4175,0
ADV,D,20180329,000000,7.8,7.8,7.6,7.6,5921,0
ADV,D,20180403,000000,7.9,7.9,7.12,7.18,16202,0
ADV,D,20180404,000000,7.3,7.3,7,7,5792,0
ADV,D,20180405,000000,7,7,7,7,255,0
ADV,D,20180406,000000,6.9,7.4,6.9,6.98,23954,0
ADV,D,20180409,000000,6.94,7.2,6.94,7.2,74,0
ADV,D,20180410,000000,7,7.2,7,7.2,50,0
ADV,D,20180411,000000,7,7,6.44,6.8,30,0
ADV,D,20180412,000000,7,7.24,7,7,245,0
ADV,D,20180413,000000,7,7,7,7,1040,0
ADV,D,20180416,000000,7,7,6.86,7,40,0
ADV,D,20180417,000000,6.86,6.86,6.86,6.86,20,0
ADV,D,20180419,000000,7,7.2,7,7.2,16747,0
ADV,D,20180420,000000,7.2,7.2,6.9,7,790,0
ADV,D,20180424,000000,7,7,7,7,2,0
ADV,D,20180426,000000,7,7.16,7,7,272,0
ADV,D,20180427,000000,7,7,7,7,137,0
ADV,D,20180430,000000,7,7,7,7,5,0
ADV,D,20180502,000000,7,7,7,7,252,0
ADV,D,20180504,000000,7,7.3,7,7.3,812,0
ADV,D,20180507,000000,7.3,7.3,7,7,4979,0
ADV,D,20180508,000000,7.3,7.3,7,7,210,0
ADV,D,20180509,000000,7,7.2,7,7,500,0
ADV,D,20180510,000000,7,7,7,7,340,0
ADV,D,20180514,000000,6.9,7,6.9,7,2620,0
ADV,D,20180515,000000,7,7,6.98,6.98,10,0
ADV,D,20180516,000000,6.98,6.98,6.98,6.98,10,0
ADV,D,20180517,000000,7.16,7.16,7,7.14,15,0
ADV,D,20180518,000000,7.18,7.18,7.14,7.14,2283,0
ADV,D,20180521,000000,7,7,6.9,7,25432,0
ADV,D,20180522,000000,7.24,7.24,7,7,5113,0
ADV,D,20180525,000000,7,7.2,6.5,7.2,3540,0
ADV,D,20180528,000000,7,7.7,7,7.6,40427,0
ADV,D,20180529,000000,7.66,7.7,7.2,7.3,36677,0
ADV,D,20180530,000000,7.72,8.76,7.72,8.74,698,0
ADV,D,20180601,000000,8.4,8.5,8,8.5,360,0
ADV,D,20180604,000000,8.5,8.5,8.5,8.5,102,0
ADV,D,20180605,000000,8.48,8.48,8.48,8.48,3,0
ADV,D,20180606,000000,8.44,8.5,8.44,8.5,304,0
ADV,D,20180607,000000,8.5,9.34,8.5,9.34,1921,0
ADV,D,20180608,000000,9.7,10.2,9.7,10,6157,0
ADV,D,20180611,000000,10,10.95,10,10.7,381,0
ADV,D,20180612,000000,11,11.5,11,11.5,150,0
ADV,D,20180613,000000,11.8,11.8,11,11.2,162,0
ADV,D,20180614,000000,11.2,11.85,10.95,11.5,590,0
ADV,D,20180615,000000,11.5,11.5,11.45,11.45,10,0
ADV,D,20180619,000000,11.3,11.3,10.8,11.25,117,0
ADV,D,20180620,000000,11.2,11.2,11.2,11.2,40,0
ADV,D,20180621,000000,11.15,11.15,10.4,10.45,434,0
ADV,D,20180622,000000,10.4,11.4,10.4,11.4,1805,0
ADV,D,20180625,000000,10.3,11.2,10.3,11,125,0
ADV,D,20180626,000000,11,11,11,11,2,0
ADV,D,20180627,000000,10.8,10.8,10.2,10.2,58,0
ADV,D,20180628,000000,10.2,10.65,9.9,9.98,428,0
ADV,D,20180629,000000,10,10.2,9.44,9.9,3331,0
ADV,D,20180702,000000,9.5,9.5,9,9.5,635,0
ADV,D,20180703,000000,9.8,9.8,9.8,9.8,10,0
ADV,D,20180704,000000,9.8,9.98,9.4,9.98,2846,0
ADV,D,20180705,000000,10,10.8,9.9,10.8,1566,0
ADV,D,20180706,000000,10.5,10.7,10.5,10.7,400,0
ADV,D,20180709,000000,10.9,11.1,10.35,10.35,2292,0
ADV,D,20180710,000000,10.5,10.7,9.9,9.9,1630,0
ADV,D,20180711,000000,9.96,9.96,9.96,9.96,5,0
ADV,D,20180712,000000,9.98,10,9.8,10,50,0
ADV,D,20180718,000000,10,10.3,9.86,9.9,1380,0
ADV,D,20180719,000000,9.66,10.1,9.6,9.7,837,0
ADV,D,20180723,000000,9.6,9.6,9.6,9.6,115,0
ADV,D,20180724,000000,9.5,9.5,8.56,9.2,2979,0
ADV,D,20180725,000000,9.2,9.4,9.2,9.4,55,0
ADV,D,20180726,000000,9.4,10,9.4,10,800,0
ADV,D,20180727,000000,9.96,9.96,9.96,9.96,20,0
ADV,D,20180730,000000,9.94,9.96,9.5,9.96,2085,0
ADV,D,20180731,000000,9.5,10.4,9.5,10.4,2100,0
ADV,D,20180801,000000,10.1,10.1,9.6,9.6,929,0
ADV,D,20180802,000000,10,10,10,10,10,0
ADV,D,20180803,000000,9.6,10,9.6,10,711,0
ADV,D,20180806,000000,9.76,9.76,9.3,9.5,243,0
ADV,D,20180808,000000,9.3,9.3,9.3,9.3,180,0
ADV,D,20180813,000000,9.5,9.9,9.2,9.54,2965,0
ADV,D,20180814,000000,9.22,9.52,9.22,9.52,2758,0
ADV,D,20180816,000000,9.48,9.52,9.48,9.52,1266,0
ADV,D,20180817,000000,9.36,9.36,9.36,9.36,1010,0
ADV,D,20180820,000000,9.52,9.94,9.52,9.6,30355,0
ADV,D,20180821,000000,9.6,9.6,9.6,9.6,2,0
ADV,D,20180822,000000,9.6,9.6,9.6,9.6,2,0
ADV,D,20180823,000000,9.6,10.3,9.58,10.3,3568,0
ADV,D,20180824,000000,10,10,10,10,10,0
ADV,D,20180827,000000,10.2,10.4,10.2,10.3,980,0
ADV,D,20180830,000000,10.1,10.1,10,10,130,0
ADV,D,20180831,000000,10,10,9.5,9.5,3858,0
ADV,D,20180903,000000,9.36,9.36,8.96,8.96,3413,0
ADV,D,20180904,000000,8.7,8.96,8.7,8.96,35,0
ADV,D,20180905,000000,8.96,8.96,8.02,8.02,7165,0
ADV,D,20180906,000000,8,8.1,8,8,1525,0
ADV,D,20180907,000000,8.1,8.1,7.8,7.8,112,0
ADV,D,20180910,000000,8.1,8.6,7.8,8.6,14608,0
ADV,D,20180911,000000,8.6,8.6,8.6,8.6,91,0
ADV,D,20180912,000000,8.6,9.46,8.6,9,5522,0
ADV,D,20180913,000000,9,9.9,9,9.74,500,0
ADV,D,20180914,000000,9.9,10.25,9.4,10,177,0
ADV,D,20180917,000000,10,10,9.5,9.5,72,0
ADV,D,20180918,000000,9.5,10,9.1,10,3501,0
ADV,D,20180919,000000,10,10.2,9.86,9.86,627,0
ADV,D,20180920,000000,10.2,10.45,10.1,10.3,442,0
ADV,D,20180921,000000,10.25,10.25,9.68,9.68,55,0
ADV,D,20180924,000000,9.68,9.68,9.1,9.1,37,0
ADV,D,20180925,000000,9.26,10,9.1,10,636,0
ADV,D,20180926,000000,9.84,10,9.56,10,7458,0
ADV,D,20180927,000000,9.98,10,9.36,9.84,3900,0
ADV,D,20180928,000000,9.84,10,9.58,9.8,5561,0
ADV,D,20181001,000000,9.8,9.8,9.7,9.8,1031,0
ADV,D,20181002,000000,9.7,9.98,9.7,9.98,105,0
ADV,D,20181003,000000,9.72,9.72,9.54,9.54,1995,0
ADV,D,20181004,000000,9.68,9.68,9.68,9.68,88,0
ADV,D,20181005,000000,9.54,9.7,9.54,9.7,85,0
ADV,D,20181008,000000,9.7,10.05,9.6,9.8,3808,0
ADV,D,20181009,000000,10,10.05,9.88,10.05,1054,0
ADV,D,20181010,000000,10,10.05,9.8,9.8,1245,0
ADV,D,20181011,000000,10,10.4,10,10.4,2586,0
ADV,D,20181012,000000,9.76,10.5,9.76,10,2964,0
ADV,D,20181015,000000,10,10,10,10,10,0
ADV,D,20181016,000000,9.76,9.76,9.76,9.76,5,0
ADV,D,20181031,000000,9.76,9.76,9.76,9.76,100,0
ADV,D,20181102,000000,9.76,10.2,9.76,10.2,67,0
ADV,D,20181105,000000,9.76,9.76,9.76,9.76,167,0
ADV,D,20181106,000000,9.76,9.76,9.76,9.76,66,0
ADV,D,20181107,000000,9.76,10,9.76,10,358,0
ADV,D,20181108,000000,10,10,9.6,9.9,663,0
ADV,D,20181116,000000,9.9,9.9,9.5,9.5,1203,0
ADV,D,20181119,000000,9.5,9.5,9.14,9.2,1061,0
ADV,D,20181120,000000,9.5,9.5,9.5,9.5,10,0
ADV,D,20181121,000000,9.3,9.32,9.26,9.3,1023,0
ADV,D,20181123,000000,9.48,9.8,9.48,9.8,859,0
ADV,D,20181126,000000,9.36,9.8,9.36,9.8,225,0
ADV,D,20181127,000000,9.8,10.6,9.62,10,1306,0
ADV,D,20181128,000000,9.8,10.6,9.74,10.6,1053,0
ADV,D,20181129,000000,10.3,10.3,10,10,90,0
ADV,D,20181130,000000,9.74,9.94,9.54,9.94,1680,0
ADV,D,20181203,000000,10,10,9.7,9.7,45,0
ADV,D,20181204,000000,9.8,10.2,9.6,9.6,13392,0
ADV,D,20181205,000000,9.94,9.94,9.5,9.74,1056,0
ADV,D,20181206,000000,9.7,9.7,9.56,9.7,2934,0
ADV,D,20181207,000000,9.66,9.66,9.3,9.3,4470,0
ADV,D,20181210,000000,9.34,9.34,9.34,9.34,10,0
ADV,D,20181211,000000,9.36,9.6,9.36,9.4,2230,0
ADV,D,20181212,000000,9.34,9.6,9.2,9.4,11939,0
ADV,D,20181213,000000,9.2,9.3,8.82,9.1,7303,0
ADV,D,20181214,000000,9,9,9,9,249,0
ADV,D,20181217,000000,9,9,8.92,8.92,2151,0
ADV,D,20181218,000000,8.82,8.82,8.52,8.52,5808,0
ADV,D,20181219,000000,8.52,8.52,8.04,8.04,6207,0
ADV,D,20181220,000000,8.2,8.6,7.86,7.9,9281,0
ADV,D,20181221,000000,7.86,8.5,7.8,7.8,10859,0
ADV,D,20181227,000000,7.8,8.1,7.16,7.86,4643,0
ADV,D,20181228,000000,8,8,7.06,7.06,6402,0
ADV,D,20190102,000000,7.3,8,7.3,8,5902,0
ADV,D,20190103,000000,8.16,8.5,8.16,8.48,510,0
ADV,D,20190104,000000,8.5,8.5,7.94,8.28,2761,0
ADV,D,20190107,000000,8.16,8.16,7.92,7.92,2937,0
ADV,D,20190108,000000,7.86,7.86,7.26,7.26,6850,0
ADV,D,20190109,000000,7.28,7.5,7.28,7.5,1061,0
ADV,D,20190110,000000,7.42,7.5,7.36,7.42,1571,0
ADV,D,20190111,000000,7.4,7.6,7.4,7.46,136,0
ADV,D,20190115,000000,7.46,7.6,7.46,7.6,1010,0
ADV,D,20190116,000000,7.7,7.96,7.5,7.5,7338,0
ADV,D,20190117,000000,7.5,7.9,7.5,7.52,5559,0
ADV,D,20190118,000000,7.58,7.58,7.56,7.56,2254,0
ADV,D,20190121,000000,7.6,7.6,7.54,7.54,3309,0
ADV,D,20190122,000000,7.54,7.54,7.54,7.54,24,0
ADV,D,20190123,000000,7.54,7.54,7.36,7.36,2866,0
ADV,D,20190124,000000,7.44,7.8,7.44,7.64,9609,0
ADV,D,20190125,000000,7.8,8.8,7.52,8.68,12339,0
ADV,D,20190128,000000,8.68,8.7,8.58,8.58,1602,0
ADV,D,20190129,000000,8.5,8.5,8.02,8.48,236,0
ADV,D,20190130,000000,8.48,8.48,8.02,8.02,555,0
ADV,D,20190131,000000,8.02,8.48,7.84,8.2,1049,0
ADV,D,20190201,000000,8.44,9,8.22,8.7,3458,0
ADV,D,20190204,000000,8.5,8.5,7.9,8,1480,0
ADV,D,20190205,000000,8.2,8.5,8.2,8.4,34,0
ADV,D,20190206,000000,8.2,8.3,7.78,7.9,4164,0
ADV,D,20190207,000000,7.96,7.98,7.96,7.98,19,0
ADV,D,20190208,000000,7.9,7.96,7.78,7.96,2761,0
ADV,D,20190211,000000,7.9,7.9,7.9,7.9,100,0
ADV,D,20190212,000000,8,8,8,8,119,0
ADV,D,20190213,000000,7.82,7.96,7.82,7.96,1014,0
ADV,D,20190214,000000,7.8,7.98,7.8,7.96,1712,0
ADV,D,20190215,000000,7.9,7.9,7.9,7.9,27,0
ADV,D,20190218,000000,7.88,7.88,7.86,7.86,6,0
ADV,D,20190219,000000,7.86,7.86,7.82,7.82,275,0
ADV,D,20190220,000000,7.8,7.8,7.8,7.8,5,0
ADV,D,20190221,000000,7.78,7.78,7.76,7.76,8,0
ADV,D,20190222,000000,7.84,7.84,7.76,7.76,6,0
ADV,D,20190225,000000,7.76,7.76,7.6,7.62,1055,0
ADV,D,20190226,000000,7.64,7.64,7.36,7.48,1458,0
ADV,D,20190227,000000,7.48,7.5,7.48,7.5,500,0
ADV,D,20190228,000000,7.48,8,7.48,7.8,1682,0
ADV,D,20190301,000000,7.78,7.78,7.76,7.76,10,0
ADV,D,20190304,000000,7.76,7.86,7.76,7.86,72,0
ADV,D,20190305,000000,7.8,7.8,7.8,7.8,15,0
ADV,D,20190306,000000,7.86,7.98,7.78,7.98,2020,0
ADV,D,20190307,000000,8,8,8,8,91,0
ADV,D,20190308,000000,8,8,7.74,7.98,594,0
ADV,D,20190311,000000,8,8,8,8,475,0
ADV,D,20190312,000000,8.02,8.2,8.02,8.2,125,0
ADV,D,20190313,000000,8.18,8.2,8.18,8.2,141,0
ADV,D,20190314,000000,8.2,8.2,8.2,8.2,50,0
ADV,D,20190315,000000,8.2,8.2,8.2,8.2,24,0
ADV,D,20190318,000000,8.18,8.18,8.18,8.18,26,0
ADV,D,20190319,000000,8.14,8.16,7.86,7.98,476,0
ADV,D,20190320,000000,8,8,7.8,8,135,0
ADV,D,20190321,000000,8,8,8,8,44,0
ADV,D,20190322,000000,8.1,8.1,8.1,8.1,62,0
ADV,D,20190325,000000,8.18,8.18,8.18,8.18,31,0
ADV,D,20190326,000000,8.2,8.2,8.2,8.2,22,0
ADV,D,20190327,000000,8,8.16,7.88,7.98,824,0
ADV,D,20190328,000000,7.98,7.98,7.98,7.98,22,0
ADV,D,20190329,000000,7.84,7.84,7.68,7.68,1756,0
ADV,D,20190401,000000,7.66,7.96,7.66,7.96,778,0
ADV,D,20190402,000000,7.94,7.94,7.68,7.68,30,0
ADV,D,20190403,000000,7.64,7.64,7.5,7.54,1102,0
ADV,D,20190404,000000,7.54,7.54,7.54,7.54,22,0
ADV,D,20190405,000000,7.54,8,7.2,8,11850,0
ADV,D,20190408,000000,8,8,8,8,20,0
ADV,D,20190409,000000,8,8.02,8,8.02,1002,0
ADV,D,20190410,000000,8,8,8,8,24,0
ADV,D,20190411,000000,8,8,8,8,24,0
ADV,D,20190412,000000,8,8,8,8,24,0
ADV,D,20190415,000000,8,8.2,8,8.2,659,0
ADV,D,20190416,000000,8.2,9,8.2,8.2,1291,0
ADV,D,20190417,000000,8.2,8.2,7.94,8.2,1009,0
ADV,D,20190418,000000,8.2,8.2,7.5,7.5,4104,0
ADV,D,20190423,000000,7.5,8.18,7.5,8.18,6067,0
ADV,D,20190425,000000,8,8.18,7.8,8,1404,0
ADV,D,20190426,000000,8,8,8,8,5,0
ADV,D,20190429,000000,8,8,7.6,7.86,1663,0
ADV,D,20190430,000000,7.68,7.86,7,7.3,3796,0
ADV,D,20190502,000000,7.3,7.4,6.6,7.4,3797,0
ADV,D,20190506,000000,7.06,7.2,6.6,6.68,10940,0
ADV,D,20190507,000000,6.68,6.68,5.66,6.18,15918,0
ADV,D,20190508,000000,5.7,6,5.7,6,26055,0
ADV,D,20190509,000000,6.08,6.08,6.08,6.08,10,0
ADV,D,20190510,000000,5.94,5.94,4.83,5.28,61825,0
ADV,D,20190513,000000,5.3,5.82,5.3,5.62,4920,0
ADV,D,20190514,000000,5.9,6.88,5.64,6.52,8332,0
ADV,D,20190515,000000,6.52,6.52,6.48,6.48,286,0
ADV,D,20190516,000000,6.5,6.5,6.3,6.3,469,0
ADV,D,20190517,000000,6.3,6.7,6.22,6.4,653,0
ADV,D,20190520,000000,6.6,6.6,6.22,6.36,61,0
ADV,D,20190521,000000,6.24,6.24,6.2,6.2,3450,0
ADV,D,20190522,000000,6.36,6.36,6.36,6.36,10,0
ADV,D,20190524,000000,6.22,6.68,6,6.36,3594,0
ADV,D,20190527,000000,6.48,7.82,6.48,7.4,4682,0
ADV,D,20190528,000000,7.6,8.12,7.3,7.3,6600,0
ADV,D,20190529,000000,7.7,7.9,6.96,7,13461,0
ADV,D,20190530,000000,7,7.58,6.8,7.58,4449,0
ADV,D,20190531,000000,7.34,8.06,7.2,7.5,1699,0
ADV,D,20190603,000000,7.76,8.26,7.76,8.26,2423,0
ADV,D,20190604,000000,8.02,8.24,7.92,7.92,245,0
ADV,D,20190605,000000,7.92,8.1,7.4,7.66,1504,0
ADV,D,20190606,000000,7.66,8,7.4,8,20101,0
ADV,D,20190607,000000,8.02,8.06,7.74,7.74,78,0
ADV,D,20190610,000000,8.4,8.4,7.5,7.5,1915,0
ADV,D,20190611,000000,7.5,7.7,7.5,7.7,140,0
ADV,D,20190612,000000,7.7,7.7,7.2,7.7,1756,0
ADV,D,20190613,000000,7.7,7.7,7.34,7.5,1618,0
ADV,D,20190614,000000,7.5,7.5,7.36,7.5,90,0
ADV,D,20190618,000000,7.4,7.4,7.4,7.4,308,0
ADV,D,20190619,000000,7.4,7.9,7.32,7.9,1662,0
ADV,D,20190621,000000,7.9,7.9,7.4,7.8,750,0
ADV,D,20190624,000000,7.4,7.5,7.4,7.5,1300,0
ADV,D,20190625,000000,7.5,7.8,7.5,7.8,52,0
ADV,D,20190626,000000,7.36,7.8,7.36,7.8,1340,0
ADV,D,20190627,000000,7.52,8.1,7.36,8.1,2158,0
ADV,D,20190628,000000,8.08,8.40,7.80,8.40,1584,0
ADV,D,20190701,000000,8.4,9.8,7.8,9.08,2353,0
ADV,D,20190702,000000,8.68,9,7.9,9,80,0
ADV,D,20190703,000000,9.08,9.08,9.08,9.08,2,0
ADV,D,20190704,000000,9.08,9.08,8.8,8.98,800,0
ADV,D,20190705,000000,9,9.1,8.98,9.1,2019,0
ADV,D,20190708,000000,9.1,9.1,8.88,9.1,1045,0
ADV,D,20190709,000000,9.1,9.1,9.1,9.1,5,0
ADV,D,20190710,000000,9.04,9.04,8.7,8.78,8436,0
ADV,D,20190711,000000,8.9,9.04,8.9,9.04,947,0
ADV,D,20190712,000000,9.02,9.02,8.74,8.82,2930,0
ADV,D,20190715,000000,8.74,8.8,8.74,8.8,9701,0
ADV,D,20190716,000000,8.7,8.8,8.4,8.8,3945,0
ADV,D,20190717,000000,8.4,8.6,8.4,8.4,4500,0
ADV,D,20190718,000000,8.3,8.3,7.98,8.28,6057,0
ADV,D,20190719,000000,8.26,8.3,8.26,8.3,110,0
ADV,D,20190722,000000,8.1,8.28,7.9,8.26,2221,0
ADV,D,20190723,000000,8.28,8.28,8.28,8.28,231,0
ADV,D,20190724,000000,8.1,8.3,7.94,7.94,2396,0
ADV,D,20190725,000000,7.96,8.3,7.96,8.1,110,0
ADV,D,20190726,000000,8.28,8.28,8.28,8.28,20,0
ADV,D,20190730,000000,8.1,8.1,7.94,7.94,600,0
ADV,D,20190731,000000,7.94,7.94,7.92,7.92,1425,0
ADV,D,20190801,000000,7.92,8,7.66,7.86,1920,0
ADV,D,20190802,000000,7.86,7.9,7.52,7.9,2101,0
ADV,D,20190805,000000,7.8,7.8,7.8,7.8,15,0
ADV,D,20190806,000000,7.8,7.8,7.48,7.48,175,0
ADV,D,20190807,000000,7.6,7.76,7.6,7.76,110,0
ADV,D,20190808,000000,7.74,7.74,7.74,7.74,250,0
ADV,D,20190812,000000,7.5,7.52,7.2,7.2,2013,0
ADV,D,20190813,000000,7.42,7.84,7.42,7.7,1525,0
ADV,D,20190814,000000,7.7,7.7,7.7,7.7,1000,0
ADV,D,20190816,000000,7.6,7.76,7.6,7.76,25,0
ADV,D,20190819,000000,7.5,7.78,7.5,7.78,220,0
ADV,D,20190821,000000,7.5,7.5,7,7.18,3658,0
ADV,D,20190822,000000,7,7.2,6.3,7.2,3175,0
ADV,D,20190823,000000,7.2,7.2,6.88,6.88,120,0
ADV,D,20190826,000000,7.18,7.2,7.18,7.2,125,0
ADV,D,20190827,000000,7.2,7.2,7.2,7.2,55,0
ADV,D,20190828,000000,7.18,7.18,7.18,7.18,9,0
ADV,D,20190829,000000,7.18,7.18,7.18,7.18,80,0
ADV,D,20190830,000000,7.14,7.14,7.14,7.14,5,0
ADV,D,20190902,000000,6.9,7.16,6.9,7.16,760,0
ADV,D,20190903,000000,7.18,7.18,7.18,7.18,6,0
ADV,D,20190904,000000,7.18,7.18,6.48,6.48,20629,0
ADV,D,20190905,000000,6.5,6.6,6.5,6.6,703,0
ADV,D,20190906,000000,6.6,6.6,6.36,6.36,872,0
ADV,D,20190909,000000,6.36,6.48,6.36,6.48,682,0
ADV,D,20190910,000000,6.32,6.32,6.32,6.32,160,0
ADV,D,20190911,000000,6.4,7.2,6.4,7.2,17708,0
ADV,D,20190912,000000,7.12,7.68,7.1,7.54,1601,0
ADV,D,20190913,000000,7.68,8.4,7.4,8.38,6364,0
ADV,D,20190916,000000,8.4,8.8,8,8.3,2108,0
ADV,D,20190917,000000,8.3,8.6,8.3,8.4,467,0
ADV,D,20190918,000000,8.2,8.2,7.56,7.56,1824,0
ADV,D,20190919,000000,7.7,8.6,7.7,8.6,2467,0
ADV,D,20190920,000000,8.68,8.68,8.1,8.1,830,0
ADV,D,20190924,000000,8.12,8.12,7.64,7.64,2033,0
ADV,D,20190925,000000,7.64,7.8,7.64,7.8,45,0
ADV,D,20190926,000000,7.8,7.9,7.7,7.9,154,0
ADV,D,20190927,000000,7.9,8.04,7.9,8.04,65,0
ADV,D,20190930,000000,7.82,7.88,7.6,7.88,20290,0
ADV,D,20191001,000000,7.88,7.88,7.1,7.3,2211,0
ADV,D,20191003,000000,7.1,7.1,6.4,6.4,2555,0
ADV,D,20191004,000000,6.66,6.92,6.66,6.74,85,0
ADV,D,20191007,000000,6.9,6.9,6.9,6.9,20,0
ADV,D,20191009,000000,6.8,6.8,6.34,6.58,1110,0
ADV,D,20191010,000000,6.6,7.04,6.6,6.64,1340,0
ADV,D,20191011,000000,6.64,7.1,6.64,7.04,1534,0
ADV,D,20191014,000000,6.8,6.8,6.74,6.74,1145,0
ADV,D,20191015,000000,6.74,6.76,6.52,6.52,1581,0
ADV,D,20191016,000000,6.52,7.14,6.2,7.14,48799,0
ADV,D,20191017,000000,7.84,8.2,6.62,6.66,16493,0
ADV,D,20191018,000000,6.6,6.9,6.6,6.64,1055,0
ADV,D,20191021,000000,6.84,7.52,6.16,6.38,14374,0
ADV,D,20191022,000000,6.38,6.9,6.38,6.9,56,0
ADV,D,20191023,000000,6.64,6.88,6.64,6.88,1170,0
ADV,D,20191024,000000,6.88,7.7,6.88,7.7,3259,0
ADV,D,20191025,000000,7.78,8.5,7.6,7.7,897,0
ADV,D,20191028,000000,8.1,8.2,6.6,6.88,7859,0
ADV,D,20191029,000000,6.68,6.76,6.2,6.5,16767,0
ADV,D,20191030,000000,6.5,6.6,5.72,6.5,25040,0
ADV,D,20191031,000000,6.1,6.6,6.1,6.6,2220,0
ADV,D,20191104,000000,6.58,6.58,5.98,6.1,6794,0
ADV,D,20191105,000000,6.1,6.32,6.04,6.32,570,0
ADV,D,20191106,000000,6.32,6.4,6.02,6.4,1121,0
ADV,D,20191107,000000,6.2,6.2,5.92,5.92,2980,0
ADV,D,20191108,000000,5.92,6.28,5.56,5.8,9419,0
ADV,D,20191112,000000,5.7,5.84,5.4,5.84,5351,0
ADV,D,20191113,000000,5.84,5.84,5.7,5.7,549,0
ADV,D,20191114,000000,5.84,6.08,5.8,6.06,1412,0
ADV,D,20191115,000000,6.06,6.06,6.06,6.06,50,0
ADV,D,20191118,000000,6.14,6.72,6.14,6.58,11550,0
ADV,D,20191119,000000,6.58,6.96,6.3,6.96,7490,0
ADV,D,20191120,000000,6.9,6.9,6.5,6.5,1567,0
ADV,D,20191121,000000,6.5,6.6,6.5,6.6,72,0
ADV,D,20191122,000000,6.5,6.5,6.34,6.44,1413,0
ADV,D,20191125,000000,6.4,6.4,6.4,6.4,10,0
ADV,D,20191126,000000,6.3,6.3,5.94,6.2,8115,0
ADV,D,20191127,000000,5.92,6.4,5.92,6.4,2153,0
ADV,D,20191128,000000,5.9,6.04,5.9,6.04,10165,0
ADV,D,20191129,000000,6.08,6.08,6.04,6.04,106,0
ADV,D,20191202,000000,6.08,6.08,6.08,6.08,32,0
ADV,D,20191203,000000,6.08,6.08,5.9,6.08,124,0
ADV,D,20191204,000000,6.08,6.08,6.08,6.08,22,0
ADV,D,20191205,000000,6.08,6.08,5.58,5.7,6137,0
ADV,D,20191209,000000,5.66,5.66,5.66,5.66,292,0
ADV,D,20191210,000000,5.66,5.9,5.42,5.9,5960,0
ADV,D,20191212,000000,5.92,6.16,5.92,6.16,1530,0
ADV,D,20191213,000000,6.16,6.2,5.94,6.2,2840,0
ADV,D,20191216,000000,6.18,6.18,6.18,6.18,1000,0
ADV,D,20191217,000000,6.1,6.1,6.1,6.1,18,0
ADV,D,20191218,000000,6.18,6.18,5.8,5.8,1362,0
ADV,D,20191219,000000,5.8,5.8,5.52,5.8,1919,0
ADV,D,20191220,000000,5.7,6,5.66,6,8921,0
ADV,D,20191223,000000,6,6.04,5.78,5.98,2327,0
ADV,D,20191227,000000,5.98,5.98,5.76,5.76,2547,0
ADV,D,20191230,000000,5.76,5.76,5.54,5.54,1865,0
ADV,D,20200102,000000,5.5,5.88,5.5,5.84,5794,0
ADV,D,20200107,000000,5.88,6,5.88,6,82,0
ADV,D,20200108,000000,5.98,5.98,5.98,5.98,10,0
ADV,D,20200109,000000,5.98,5.98,5.96,5.96,110,0
ADV,D,20200110,000000,5.94,5.94,5.92,5.92,30,0
ADV,D,20200113,000000,5.92,6.18,5.92,6.16,2243,0
ADV,D,20200114,000000,6.16,6.16,5.82,6,1329,0
ADV,D,20200115,000000,5.98,5.98,5.98,5.98,30,0
ADV,D,20200116,000000,5.9,5.98,5.9,5.98,145,0
ADV,D,20200117,000000,5.98,5.98,5.98,5.98,10,0
ADV,D,20200120,000000,6.04,6.04,6.04,6.04,10,0
ADV,D,20200121,000000,6.04,6.34,6,6.34,2804,0
ADV,D,20200122,000000,6.34,6.88,6.32,6.6,11278,0
ADV,D,20200123,000000,6.56,6.56,6.3,6.54,50,0
ADV,D,20200124,000000,6.54,6.54,6.2,6.34,1847,0
ADV,D,20200127,000000,6.32,6.32,6.2,6.26,472,0
ADV,D,20200128,000000,6.14,6.2,6.06,6.2,72,0
ADV,D,20200129,000000,6.24,6.26,5.8,5.96,4100,0
ADV,D,20200130,000000,5.82,5.94,5.74,5.8,1043,0
ADV,D,20200131,000000,5.82,5.84,5.62,5.76,3683,0
ADV,D,20200203,000000,5.74,5.76,5.7,5.7,150,0
ADV,D,20200204,000000,5.72,5.74,5.72,5.72,154,0
ADV,D,20200205,000000,5.72,5.84,5.72,5.84,771,0
ADV,D,20200206,000000,5.8,5.98,5.8,5.98,517,0
ADV,D,20200207,000000,5.88,6,5.86,6,1759,0
ADV,D,20200210,000000,6.06,6.12,6,6,335,0
ADV,D,20200211,000000,5.98,5.98,5.96,5.98,436,0
ADV,D,20200212,000000,5.98,5.98,5.96,5.96,607,0
ADV,D,20200213,000000,5.98,6.24,5.96,6.14,5158,0
ADV,D,20200214,000000,6.18,6.22,6.1,6.22,178,0
ADV,D,20200217,000000,6.24,6.3,6.22,6.3,1291,0
ADV,D,20200218,000000,6.32,6.4,6.12,6.4,2020,0
ADV,D,20200219,000000,6.4,6.4,6.4,6.4,20,0
ADV,D,20200220,000000,6.4,6.42,6.38,6.42,1450,0
ADV,D,20200221,000000,6.3,6.3,5.88,5.96,3520,0
ADV,D,20200224,000000,5.88,6,5.84,6,185,0
ADV,D,20200225,000000,5.9,6.12,5.9,6.12,198,0
ADV,D,20200227,000000,6,6.04,5.3,5.3,3034,0
ADV,D,20200228,000000,5.2,5.5,5,5.5,574,0
ADV,D,20200302,000000,5.58,5.8,5.04,5.04,436,0
ADV,D,20200303,000000,5.2,5.6,5.2,5.48,79,0
ADV,D,20200304,000000,5.6,6,5.6,6,1975,0
ADV,D,20200305,000000,6.02,6.02,6.02,6.02,15,0
ADV,D,20200306,000000,5.8,5.94,5.76,5.9,886,0
ADV,D,20200309,000000,5.7,5.86,5.2,5.3,755,0
ADV,D,20200310,000000,5.3,5.3,5.3,5.3,42,0
ADV,D,20200311,000000,5.3,5.3,5,5.3,100,0
ADV,D,20200312,000000,4.02,4.86,4.02,4.7,1145,0
ADV,D,20200313,000000,4.7,5.1,4.7,5.1,40,0
ADV,D,20200316,000000,5,5,4.25,5,1000,0
ADV,D,20200317,000000,5.2,5.5,5.2,5.48,82,0
ADV,D,20200318,000000,5.48,5.48,5.2,5.44,2881,0
ADV,D,20200319,000000,5.44,5.44,5.22,5.3,1700,0
ADV,D,20200320,000000,5.3,5.38,5.14,5.36,12040,0
ADV,D,20200323,000000,5.38,5.38,4.5,4.79,8940,0
ADV,D,20200324,000000,4.88,4.88,4.88,4.88,40,0
ADV,D,20200326,000000,4.85,4.9,4.8,4.9,614,0
ADV,D,20200327,000000,4.85,4.85,4.7,4.7,2330,0
ADV,D,20200330,000000,4.79,4.85,4.7,4.85,9188,0
ADV,D,20200331,000000,4.85,4.85,4.85,4.85,17654,0
ADV,D,20200401,000000,4.85,4.85,4.7,4.85,2816,0
ADV,D,20200402,000000,4.83,4.85,4.66,4.85,735,0
ADV,D,20200403,000000,4.66,6.18,4.66,6.1,329386,0
ADV,D,20200406,000000,7.5,8.26,6.84,7.26,301896,0
ADV,D,20200407,000000,7.38,7.38,6.12,6.66,76909,0
ADV,D,20200408,000000,6.3,6.9,5.74,5.82,50739,0
ADV,D,20200409,000000,6,6,5.5,5.74,37046,0
ADV,D,20200414,000000,5.52,5.74,5.1,5.1,33551,0
ADV,D,20200415,000000,5.06,5.32,4.83,5.08,24125,0
ADV,D,20200416,000000,5.08,5.34,4.85,5,31968,0
ADV,D,20200417,000000,5.06,5.06,4.8,4.95,17697,0
ADV,D,20200420,000000,4.94,4.95,4.73,4.75,11811,0
ADV,D,20200421,000000,4.75,4.8,4.37,4.55,11286,0
ADV,D,20200422,000000,4.6,4.76,4.4,4.68,4322,0
ADV,D,20200423,000000,4.58,4.58,4.26,4.49,10884,0
ADV,D,20200424,000000,4.24,4.66,4.16,4.66,22803,0
ADV,D,20200427,000000,4.66,4.99,4.53,4.99,12318,0
ADV,D,20200428,000000,5.86,5.86,5.28,5.5,78672,0
ADV,D,20200429,000000,5.5,5.9,5,5.6,23746,0
ADV,D,20200430,000000,5.5,6.1,5.36,5.36,21218,0
ADV,D,20200504,000000,5.24,5.36,5.22,5.3,1654,0
ADV,D,20200505,000000,5.3,5.58,5.16,5.56,22089,0
ADV,D,20200506,000000,5.56,5.56,5.22,5.32,5628,0
ADV,D,20200507,000000,5.32,5.42,5.3,5.3,1110,0
ADV,D,20200508,000000,5.3,5.34,5.22,5.34,662,0
ADV,D,20200511,000000,5.28,5.34,5.14,5.24,5083,0
ADV,D,20200512,000000,5.18,5.32,5.04,5.24,14818,0
ADV,D,20200513,000000,5.24,5.24,5.04,5.12,8622,0
ADV,D,20200514,000000,5.12,5.2,4.8,5.04,24251,0
ADV,D,20200515,000000,5.02,5.02,4.85,5,2877,0
ADV,D,20200518,000000,4.9,4.94,4.67,4.8,5930,0
ADV,D,20200519,000000,4.76,4.8,4.55,4.7,4972,0
ADV,D,20200520,000000,4.7,4.86,4.58,4.8,1374,0
ADV,D,20200521,000000,4.76,4.85,4.75,4.85,4382,0
ADV,D,20200522,000000,4.86,4.86,4.65,4.75,5652,0
ADV,D,20200525,000000,4.75,5.1,4.75,4.9,6897,0
ADV,D,20200526,000000,5.08,5.08,4.55,4.7,18144,0
ADV,D,20200527,000000,4.56,4.7,4.5,4.6,12527,0
ADV,D,20200528,000000,4.52,5.86,4.46,5.52,96410,0
ADV,D,20200529,000000,5.46,5.46,5,5.06,20593,0
ADV,D,20200601,000000,5.04,5.06,4.8,4.95,17495,0
ADV,D,20200602,000000,4.99,5.1,4.9,5.1,6059,0
ADV,D,20200603,000000,4.91,5.06,4.9,5.06,3185,0
ADV,D,20200604,000000,4.94,5.04,4.88,5.04,9506,0
ADV,D,20200605,000000,5.04,5.06,4.96,5.06,11312,0
ADV,D,20200608,000000,5.14,5.28,4.94,5,9942,0
ADV,D,20200609,000000,4.96,4.97,4.83,4.9,3538,0
ADV,D,20200610,000000,4.9,4.99,4.81,4.81,9662,0
ADV,D,20200612,000000,4.8,4.97,4.7,4.97,2603,0
ADV,D,20200615,000000,4.97,4.97,4.82,4.84,2319,0
ADV,D,20200616,000000,4.84,4.88,4.78,4.8,2781,0
ADV,D,20200617,000000,4.8,4.95,4.8,4.8,2550,0
ADV,D,20200618,000000,4.79,4.95,4.75,4.95,5640,0
ADV,D,20200619,000000,4.95,4.95,4.85,4.89,830,0
ADV,D,20200622,000000,4.7,4.84,4.7,4.82,5952,0
ADV,D,20200623,000000,4.82,5,4.78,4.9,14373,0
ADV,D,20200624,000000,4.89,4.96,4.88,4.94,2057,0
ADV,D,20200625,000000,4.85,4.94,4.84,4.9,4855,0
ADV,D,20200626,000000,4.95,5.48,4.95,5.14,135276,0
ADV,D,20200629,000000,5.2,5.98,5.16,5.5,49449,0
ADV,D,20200630,000000,5.4,5.44,5.08,5.36,15855,0
ADV,D,20200701,000000,5.44,5.44,4.91,5.2,8949,0
ADV,D,20200702,000000,5.26,5.36,5,5.24,7219,0
ADV,D,20200703,000000,5.2,5.2,5,5.14,3402,0
ADV,D,20200706,000000,5.12,5.26,4.93,5,25783,0
ADV,D,20200707,000000,5,5,4.8,4.9,18033,0
ADV,D,20200708,000000,4.9,4.97,4.7,4.82,21393,0
ADV,D,20200709,000000,4.82,4.85,4.68,4.72,10769,0
ADV,D,20200710,000000,4.92,4.92,4.76,4.76,6296,0
