<TICKER>,<PER>,<DATE>,<TIME>,<OPEN>,<HIGH>,<LOW>,<CLOSE>,<VOL>,<OPENINT>
APR,D,20160606,000000,2.3993,2.3993,2.3595,2.3694,10135,0
APR,D,20160607,000000,2.4192,2.4889,2.3694,2.3893,3109,0
APR,D,20160608,000000,2.4889,2.4889,2.3993,2.4789,919,0
APR,D,20160609,000000,2.5785,2.5884,2.4192,2.4192,36605,0
APR,D,20160610,000000,2.4889,2.4889,2.4092,2.4391,6303,0
APR,D,20160613,000000,2.4391,2.6482,2.4391,2.5188,22759,0
APR,D,20160614,000000,2.5387,2.5785,2.5287,2.5785,7238,0
APR,D,20160615,000000,2.7876,2.7876,2.6084,2.6283,13770,0
APR,D,20160616,000000,2.8772,2.8772,2.698,2.698,15446,0
APR,D,20160617,000000,2.698,2.7577,2.6283,2.7577,4485,0
APR,D,20160620,000000,2.9767,3.136,2.8075,2.8174,26382,0
APR,D,20160621,000000,2.9767,2.9767,2.8075,2.9269,8937,0
APR,D,20160622,000000,2.9269,3.1858,2.8871,3.126,142543,0
APR,D,20160623,000000,3.1659,3.365,2.9767,3.0364,244156,0
APR,D,20160624,000000,2.7876,2.917,2.688,2.8772,130970,0
APR,D,20160627,000000,2.9668,2.9767,2.8772,2.9668,75757,0
APR,D,20160628,000000,2.9668,2.9767,2.8373,2.8971,63277,0
APR,D,20160629,000000,3.1758,3.1758,2.9369,3.0962,64384,0
APR,D,20160630,000000,3.1559,3.1559,3.0464,3.0962,13472,0
APR,D,20160701,000000,3.136,3.136,2.9966,3.0763,6485,0
APR,D,20160704,000000,3.0165,3.0763,2.8871,2.9468,15081,0
APR,D,20160705,000000,2.9867,2.9867,2.8971,2.9369,4183,0
APR,D,20160706,000000,2.9767,2.9767,2.8373,2.8772,9638,0
APR,D,20160707,000000,2.917,2.917,2.7975,2.8672,10660,0
APR,D,20160708,000000,2.8672,2.9867,2.8373,2.9568,26992,0
APR,D,20160711,000000,2.9568,3.126,2.9568,3.1161,594534,0
APR,D,20160712,000000,3.1061,3.1858,3.0862,3.146,243921,0
APR,D,20160713,000000,3.1659,3.2853,3.1061,3.2853,320031,0
APR,D,20160714,000000,3.2853,3.5143,3.2853,3.4645,450254,0
APR,D,20160715,000000,3.4745,3.4844,3.365,3.3948,106907,0
APR,D,20160718,000000,3.3948,3.4446,3.355,3.4347,87269,0
APR,D,20160719,000000,3.4446,3.4446,3.365,3.365,84830,0
APR,D,20160720,000000,3.365,3.4247,3.3052,3.4247,292001,0
APR,D,20160721,000000,3.3849,3.4148,3.2853,3.355,119304,0
APR,D,20160722,000000,3.355,3.4247,3.3351,3.4148,64411,0
APR,D,20160725,000000,3.3948,3.4048,3.3351,3.4048,80376,0
APR,D,20160726,000000,3.4048,3.4048,3.3351,3.3849,25986,0
APR,D,20160727,000000,3.3849,3.3849,3.3351,3.3749,244532,0
APR,D,20160728,000000,3.3351,3.3849,3.3351,3.3849,101331,0
APR,D,20160729,000000,3.3849,3.5044,3.3451,3.4844,501614,0
APR,D,20160801,000000,3.4645,3.5641,3.4645,3.5243,22904,0
APR,D,20160802,000000,3.5342,3.5541,3.4844,3.5243,49093,0
APR,D,20160803,000000,3.5044,3.5243,3.4844,3.4944,45157,0
APR,D,20160804,000000,3.5342,3.5541,3.4944,3.5541,23874,0
APR,D,20160805,000000,3.5342,3.7831,3.5342,3.7732,158812,0
APR,D,20160808,000000,3.8329,3.8329,3.7134,3.7333,42045,0
APR,D,20160809,000000,3.7333,3.7632,3.5442,3.7035,88601,0
APR,D,20160810,000000,3.7035,3.7333,3.6736,3.7234,58003,0
APR,D,20160811,000000,3.7532,3.7532,3.7134,3.7234,30744,0
APR,D,20160812,000000,3.7333,3.7333,3.6836,3.7134,104850,0
APR,D,20160816,000000,3.7433,3.7433,3.6836,3.6836,71503,0
APR,D,20160817,000000,3.7333,3.7333,3.5541,3.6139,116607,0
APR,D,20160818,000000,3.6437,3.6736,3.594,3.6139,163729,0
APR,D,20160819,000000,3.6139,3.6736,3.594,3.6139,17705,0
APR,D,20160822,000000,3.6139,3.6238,3.6039,3.6039,24116,0
APR,D,20160823,000000,3.6238,3.6338,3.584,3.6039,51695,0
APR,D,20160824,000000,3.6338,3.6338,3.574,3.6238,14251,0
APR,D,20160825,000000,3.6238,3.6238,3.4645,3.574,42084,0
APR,D,20160826,000000,3.584,3.6039,3.4844,3.574,28825,0
APR,D,20160829,000000,3.5541,3.584,3.4944,3.5442,86942,0
APR,D,20160830,000000,3.5541,3.5541,3.4944,3.5342,22631,0
APR,D,20160831,000000,3.584,3.584,3.5044,3.5541,56054,0
APR,D,20160901,000000,3.584,3.584,3.4645,3.4645,30374,0
APR,D,20160902,000000,3.4247,3.5541,3.4148,3.5541,45146,0
APR,D,20160905,000000,3.5641,3.584,3.5044,3.5641,66251,0
APR,D,20160906,000000,3.574,3.7234,3.5541,3.7234,14308,0
APR,D,20160907,000000,3.803,4.1813,3.6139,4.1316,1364507,0
APR,D,20160908,000000,4.2112,4.2112,4.022,4.0619,222501,0
APR,D,20160909,000000,4.042,4.1813,4.0021,4.0121,332535,0
APR,D,20160912,000000,4.0519,4.1216,4.032,4.0917,54052,0
APR,D,20160913,000000,4.1017,4.2709,4.1017,4.2311,358501,0
APR,D,20160914,000000,4.2112,4.3406,4.1714,4.2709,272137,0
APR,D,20160915,000000,4.3207,4.4004,4.3008,4.3008,190230,0
APR,D,20160916,000000,4.3506,4.3605,4.2311,4.3008,66437,0
APR,D,20160919,000000,4.3008,4.3307,4.2311,4.2809,37199,0
APR,D,20160920,000000,4.2709,4.2908,4.2311,4.251,50736,0
APR,D,20160921,000000,4.261,4.261,4.2212,4.2311,51607,0
APR,D,20160922,000000,4.261,4.261,4.0818,4.1714,96084,0
APR,D,20160923,000000,4.2012,4.261,4.1316,4.251,129899,0
APR,D,20160926,000000,4.251,4.3605,4.251,4.3207,136530,0
APR,D,20160927,000000,4.3605,4.3605,4.261,4.3406,26943,0
APR,D,20160928,000000,4.3506,4.3506,4.2809,4.3506,213958,0
APR,D,20160929,000000,4.3506,4.3506,4.2809,4.3307,149894,0
APR,D,20160930,000000,4.3506,4.3506,4.2709,4.3108,345451,0
APR,D,20161003,000000,4.3108,4.3804,4.2809,4.3705,34441,0
APR,D,20161004,000000,4.3705,4.3705,4.3207,4.3307,16379,0
APR,D,20161005,000000,4.3307,4.3307,4.2809,4.2809,37137,0
APR,D,20161006,000000,4.2809,4.3108,4.2212,4.251,113015,0
APR,D,20161007,000000,4.2908,4.2908,4.251,4.261,47431,0
APR,D,20161010,000000,4.2709,4.3008,4.251,4.2709,30891,0
APR,D,20161011,000000,4.2809,4.2809,4.1614,4.1614,174261,0
APR,D,20161012,000000,4.2709,4.2709,3.8926,4.1614,232240,0
APR,D,20161013,000000,4.2212,4.3207,4.1714,4.2709,283727,0
APR,D,20161014,000000,4.3506,4.3605,4.2411,4.2709,36961,0
APR,D,20161017,000000,4.261,4.261,4.2112,4.2411,76180,0
APR,D,20161018,000000,4.251,4.251,4.1017,4.2311,155516,0
APR,D,20161019,000000,4.2012,4.2311,4.1216,4.1813,51453,0
APR,D,20161020,000000,4.2311,4.2311,4.1614,4.2212,14377,0
APR,D,20161021,000000,4.1813,4.2411,4.1316,4.1515,39604,0
APR,D,20161024,000000,4.1515,4.1515,4.1216,4.1216,10799,0
APR,D,20161025,000000,4.1116,4.1614,4.0917,4.1515,106471,0
APR,D,20161026,000000,4.1813,4.1813,4.1415,4.1714,29077,0
APR,D,20161027,000000,4.2212,4.2212,4.1316,4.2112,97548,0
APR,D,20161028,000000,4.2112,4.3207,4.1813,4.1813,48678,0
APR,D,20161031,000000,4.251,4.3207,4.1813,4.3207,127046,0
APR,D,20161102,000000,4.3207,4.3207,4.0818,4.1714,159890,0
APR,D,20161103,000000,4.1714,4.2112,4.0519,4.0818,39288,0
APR,D,20161104,000000,4.1515,4.1515,4.0818,4.1216,19701,0
APR,D,20161107,000000,4.2012,4.2012,4.0818,4.1415,17088,0
APR,D,20161108,000000,4.1415,4.1415,4.042,4.1216,163554,0
APR,D,20161109,000000,3.8926,4.1216,3.8827,4.1017,63190,0
APR,D,20161110,000000,4.1813,4.4004,4.1017,4.2809,112574,0
APR,D,20161114,000000,4.3406,4.3406,4.1316,4.261,50959,0
APR,D,20161115,000000,4.1515,4.261,4.1515,4.251,20200,0
APR,D,20161116,000000,4.2809,4.3108,4.1813,4.2311,29361,0
APR,D,20161117,000000,4.1813,4.251,4.0818,4.1316,115090,0
APR,D,20161118,000000,4.1316,4.1813,4.0818,4.1714,50891,0
APR,D,20161121,000000,4.1714,4.1813,4.0021,4.1216,182970,0
APR,D,20161122,000000,4.1216,4.1614,4.042,4.1415,50118,0
APR,D,20161123,000000,4.1515,4.1813,4.0818,4.1714,42425,0
APR,D,20161124,000000,4.1813,4.2709,4.1116,4.1614,37481,0
APR,D,20161125,000000,4.2112,4.2809,4.1614,4.251,64533,0
APR,D,20161128,000000,4.251,4.2908,4.2012,4.2411,16069,0
APR,D,20161129,000000,4.2908,4.2908,4.2012,4.2212,150306,0
APR,D,20161130,000000,4.2311,4.2709,4.1813,4.2709,90252,0
APR,D,20161201,000000,4.2709,4.2709,4.2311,4.261,14842,0
APR,D,20161202,000000,4.261,4.261,4.1316,4.2012,37047,0
APR,D,20161205,000000,4.2411,4.2411,4.1316,4.2411,129023,0
APR,D,20161206,000000,4.2311,4.251,4.1813,4.2311,38542,0
APR,D,20161207,000000,4.2411,4.2411,4.2012,4.2311,30643,0
APR,D,20161208,000000,4.2112,4.2311,4.1515,4.2212,95256,0
APR,D,20161209,000000,4.2112,4.2112,4.2012,4.2112,28490,0
APR,D,20161212,000000,4.2709,4.4302,4.2709,4.4004,198061,0
APR,D,20161213,000000,4.4103,4.4402,4.3605,4.4004,383124,0
APR,D,20161214,000000,4.4302,4.4302,4.261,4.3008,194912,0
APR,D,20161215,000000,4.2908,4.3605,4.2908,4.3605,141685,0
APR,D,20161216,000000,4.3804,4.4103,4.3605,4.3804,23165,0
APR,D,20161219,000000,4.3904,4.3904,4.3108,4.3705,21515,0
APR,D,20161220,000000,4.3605,4.3904,4.3008,4.3207,163011,0
APR,D,20161221,000000,4.3705,4.3705,4.2908,4.3605,48894,0
APR,D,20161222,000000,4.3406,4.3506,4.3108,4.3108,106614,0
APR,D,20161223,000000,4.3506,4.3506,4.2908,4.3108,17361,0
APR,D,20161227,000000,4.3307,4.3307,4.2411,4.3108,46209,0
APR,D,20161228,000000,4.3108,4.3406,4.2411,4.251,80847,0
APR,D,20161229,000000,4.2709,4.3406,4.2212,4.3406,45238,0
APR,D,20161230,000000,4.3406,4.3605,4.261,4.3605,43585,0
APR,D,20170102,000000,4.4004,4.4103,4.3307,4.3506,13201,0
APR,D,20170103,000000,4.3804,4.4103,4.3406,4.4103,21587,0
APR,D,20170104,000000,4.4302,4.4302,4.3804,4.4302,30555,0
APR,D,20170105,000000,4.4501,4.7787,4.4501,4.6293,155119,0
APR,D,20170109,000000,4.6692,4.7189,4.5796,4.6293,19796,0
APR,D,20170110,000000,4.6492,4.6492,4.5298,4.5696,84547,0
APR,D,20170111,000000,4.5995,4.5995,4.49,4.5497,30605,0
APR,D,20170112,000000,4.5497,4.6293,4.4501,4.5397,127516,0
APR,D,20170113,000000,4.6094,4.6094,4.5397,4.6094,29178,0
APR,D,20170116,000000,4.6094,4.6094,4.5497,4.5796,25097,0
APR,D,20170117,000000,4.5995,4.6194,4.5198,4.5198,31451,0
APR,D,20170118,000000,4.5298,4.5298,4.1614,4.2311,1206270,0
APR,D,20170119,000000,4.2809,4.3705,4.1714,4.3207,218278,0
APR,D,20170120,000000,4.3207,4.5497,4.3108,4.5397,142927,0
APR,D,20170123,000000,4.5397,4.6194,4.5298,4.6194,53885,0
APR,D,20170124,000000,4.6293,4.918,4.6094,4.8782,249846,0
APR,D,20170125,000000,4.938,4.9479,4.7787,4.8284,89992,0
APR,D,20170126,000000,4.9479,4.9479,4.7787,4.8782,42477,0
APR,D,20170127,000000,4.8683,4.8683,4.7687,4.8284,26935,0
APR,D,20170130,000000,4.7787,4.8583,4.7488,4.8185,76192,0
APR,D,20170131,000000,4.8384,4.928,4.7588,4.7787,76977,0
APR,D,20170201,000000,4.8185,4.8484,4.7588,4.8484,26765,0
APR,D,20170202,000000,4.8583,4.918,4.8284,4.8683,17396,0
APR,D,20170203,000000,4.918,4.918,4.7886,4.8484,32157,0
APR,D,20170206,000000,4.8583,4.8583,4.7687,4.7886,21828,0
APR,D,20170207,000000,4.7687,4.8384,4.6692,4.6891,47603,0
APR,D,20170208,000000,4.7588,4.7588,4.6293,4.6692,16437,0
APR,D,20170209,000000,4.6891,4.8185,4.6791,4.699,32255,0
APR,D,20170210,000000,4.699,4.7986,4.699,4.7886,26625,0
APR,D,20170213,000000,4.8085,4.8384,4.7588,4.7886,21511,0
APR,D,20170214,000000,4.7886,4.8284,4.7687,4.7886,11886,0
APR,D,20170215,000000,4.7886,4.8484,4.7488,4.7588,123828,0
APR,D,20170216,000000,4.8284,4.8284,4.7687,4.7687,32301,0
APR,D,20170217,000000,4.7787,4.7787,4.699,4.699,59684,0
APR,D,20170220,000000,4.7787,4.8185,4.7687,4.7687,20235,0
APR,D,20170221,000000,4.8185,4.8384,4.7289,4.7787,29421,0
APR,D,20170222,000000,4.7886,4.7986,4.7388,4.7787,9958,0
APR,D,20170223,000000,4.7388,4.8185,4.7388,4.7886,46518,0
APR,D,20170224,000000,4.8085,4.8185,4.7289,4.7388,33214,0
APR,D,20170227,000000,4.8085,4.8085,4.6791,4.7687,17974,0
APR,D,20170228,000000,4.7588,4.7588,4.5796,4.6791,41214,0
APR,D,20170301,000000,4.7289,4.7289,4.5895,4.5895,31117,0
APR,D,20170302,000000,4.5895,4.6791,4.5298,4.6791,92832,0
APR,D,20170303,000000,4.6592,4.6592,4.6094,4.6592,8542,0
APR,D,20170306,000000,4.6592,4.6592,4.6094,4.6293,27570,0
APR,D,20170307,000000,4.6293,4.699,4.6293,4.6492,37812,0
APR,D,20170308,000000,4.6791,4.6791,4.5895,4.6393,71946,0
APR,D,20170309,000000,4.6194,4.6393,4.49,4.5298,59668,0
APR,D,20170310,000000,4.5298,4.699,4.4302,4.6891,178006,0
APR,D,20170313,000000,4.7787,4.8683,4.7289,4.8085,251486,0
APR,D,20170314,000000,4.8683,4.8683,4.7787,4.7986,50535,0
APR,D,20170315,000000,4.8583,4.928,4.7986,4.928,1173890,0
APR,D,20170316,000000,4.928,5.2864,4.9081,5.1769,732550,0
APR,D,20170317,000000,5.1769,5.2366,5.1172,5.2167,208015,0
APR,D,20170320,000000,5.2764,5.2864,5.1769,5.2864,208125,0
APR,D,20170321,000000,5.3063,5.4656,5.1769,5.1769,36290,0
APR,D,20170322,000000,5.1769,5.1769,5.0375,5.1371,14556,0
APR,D,20170323,000000,5.2964,5.4457,5.2764,5.366,253845,0
APR,D,20170324,000000,5.4258,5.4258,5.157,5.3959,74862,0
APR,D,20170327,000000,5.2565,5.3959,5.2565,5.376,13437,0
APR,D,20170328,000000,5.376,5.376,5.2366,5.3262,11716,0
APR,D,20170329,000000,5.2466,5.2466,5.0176,5.1072,164609,0
APR,D,20170330,000000,5.0674,5.2267,5.0375,5.1669,28978,0
APR,D,20170331,000000,5.0375,5.2366,5.0375,5.1769,39970,0
APR,D,20170403,000000,5.0375,5.2665,5.0375,5.2366,49595,0
APR,D,20170404,000000,5.2366,5.3561,5.2366,5.2764,50179,0
APR,D,20170405,000000,5.4756,5.4756,5.386,5.4158,103598,0
APR,D,20170406,000000,5.2764,5.2764,4.9479,5.0276,642928,0
APR,D,20170407,000000,5.0276,5.0773,4.9877,5.0276,74416,0
APR,D,20170410,000000,5.0276,5.0873,4.9778,5.0276,96871,0
APR,D,20170411,000000,5.0276,5.0674,4.9678,5.0276,102516,0
APR,D,20170412,000000,5.0276,5.0276,4.9479,5.0076,75333,0
APR,D,20170413,000000,4.9877,5.0076,4.9479,4.9678,107526,0
APR,D,20170418,000000,4.9579,4.9778,4.7886,4.8882,238430,0
APR,D,20170419,000000,4.8981,5.0773,4.8882,5.0574,33565,0
APR,D,20170420,000000,5.0674,5.0674,4.9479,5.0276,111597,0
APR,D,20170421,000000,5.0276,5.0574,4.9479,5.0574,91221,0
APR,D,20170424,000000,5.0574,5.1769,5.0076,5.147,167408,0
APR,D,20170425,000000,5.2267,5.2665,5.1769,5.2267,35756,0
APR,D,20170426,000000,5.2466,5.2665,5.0972,5.2068,87755,0
APR,D,20170427,000000,5.2267,5.2267,5.1271,5.2267,98013,0
APR,D,20170428,000000,5.2167,5.2764,5.1769,5.2764,415187,0
APR,D,20170502,000000,5.2267,5.3461,5.2267,5.3262,55063,0
APR,D,20170504,000000,5.3561,5.4656,5.2565,5.3461,57009,0
APR,D,20170505,000000,5.366,5.376,5.3063,5.376,38780,0
APR,D,20170508,000000,5.3959,5.4258,5.3461,5.376,105761,0
APR,D,20170509,000000,5.386,5.386,5.2764,5.2764,52379,0
APR,D,20170510,000000,5.2466,5.3461,5.1072,5.3163,124322,0
APR,D,20170511,000000,5.3163,5.376,5.2267,5.366,481077,0
APR,D,20170512,000000,5.3461,5.3959,5.2665,5.3959,159397,0
APR,D,20170515,000000,5.4158,5.4258,5.2764,5.3262,20646,0
APR,D,20170516,000000,5.366,5.366,5.2068,5.3262,26167,0
APR,D,20170517,000000,5.3262,5.3262,5.1371,5.1769,34664,0
APR,D,20170518,000000,5.1172,5.3262,5.0375,5.3262,64206,0
APR,D,20170519,000000,5.2764,5.3561,5.2665,5.3262,95682,0
APR,D,20170522,000000,5.3461,5.3461,5.2764,5.2764,9189,0
APR,D,20170523,000000,5.3262,5.3262,5.1769,5.2366,37878,0
APR,D,20170524,000000,5.2466,5.4258,5.2466,5.4258,584123,0
APR,D,20170525,000000,5.4258,5.6149,5.3959,5.5353,578627,0
APR,D,20170526,000000,5.5652,5.5652,5.4955,5.5652,11374,0
APR,D,20170529,000000,5.5751,5.5751,5.4756,5.5652,26472,0
APR,D,20170530,000000,5.605,5.6846,5.5652,5.605,827379,0
APR,D,20170531,000000,5.6448,5.6448,5.4855,5.605,35613,0
APR,D,20170601,000000,5.6149,5.6149,5.5353,5.5851,99620,0
APR,D,20170602,000000,5.7244,5.7244,5.6249,5.6747,598658,0
APR,D,20170605,000000,5.6846,5.824,5.6448,5.6747,126740,0
APR,D,20170606,000000,5.6846,5.7941,5.6747,5.6846,148816,0
APR,D,20170607,000000,5.7742,5.7742,5.5652,5.5751,675252,0
APR,D,20170608,000000,5.6249,5.6647,5.5751,5.6647,99580,0
APR,D,20170609,000000,5.6747,5.6846,5.6249,5.6647,64265,0
APR,D,20170612,000000,5.7244,5.7244,5.595,5.595,17150,0
APR,D,20170613,000000,5.6249,5.6348,5.5751,5.6149,14806,0
APR,D,20170614,000000,5.6348,5.6946,5.6249,5.6647,15137,0
APR,D,20170616,000000,5.6747,5.6946,5.595,5.6548,29817,0
APR,D,20170619,000000,5.6548,5.6946,5.6548,5.6548,29171,0
APR,D,20170620,000000,5.605,5.6747,5.605,5.6149,93484,0
APR,D,20170621,000000,5.6149,5.6647,5.5751,5.6647,12134,0
APR,D,20170622,000000,5.6647,5.6647,5.595,5.605,10817,0
APR,D,20170623,000000,5.6548,5.6548,5.5851,5.595,7234,0
APR,D,20170626,000000,5.595,5.6946,5.595,5.6946,227727,0
APR,D,20170627,000000,5.6946,5.7244,5.6946,5.6946,30915,0
APR,D,20170628,000000,5.7344,5.7444,5.6249,5.6548,30579,0
APR,D,20170629,000000,5.6747,5.6747,5.4556,5.6249,72023,0
APR,D,20170630,000000,5.6348,5.6348,5.5054,5.5652,47214,0
APR,D,20170703,000000,5.4955,5.6249,5.4955,5.605,11823,0
APR,D,20170704,000000,5.6448,5.6448,5.5253,5.6249,9757,0
APR,D,20170705,000000,5.6249,5.6249,5.4756,5.5054,46581,0
APR,D,20170706,000000,5.5054,5.5054,5.386,5.4656,70285,0
APR,D,20170707,000000,5.4158,5.6149,5.3959,5.5253,29229,0
APR,D,20170710,000000,5.4855,5.605,5.4855,5.5751,73763,0
APR,D,20170711,000000,5.5154,5.5751,5.5154,5.5552,215870,0
APR,D,20170712,000000,5.5751,5.6149,5.4059,5.5552,40032,0
APR,D,20170713,000000,5.5751,5.6149,5.5253,5.5452,58602,0
APR,D,20170714,000000,5.5253,5.5751,5.4955,5.5751,119672,0
APR,D,20170717,000000,5.5851,5.5851,5.5353,5.5353,31207,0
APR,D,20170718,000000,5.5652,5.5652,5.3959,5.4756,61737,0
APR,D,20170719,000000,5.5054,5.5253,5.3262,5.366,191279,0
APR,D,20170720,000000,5.366,5.4457,5.2665,5.4457,263895,0
APR,D,20170721,000000,5.4457,5.4457,5.3959,5.4158,8127,0
APR,D,20170724,000000,5.4158,5.4357,5.2764,5.376,69581,0
APR,D,20170725,000000,5.376,5.376,5.2565,5.2565,51717,0
APR,D,20170726,000000,5.2764,5.2764,5.1172,5.2167,134826,0
APR,D,20170727,000000,5.2167,5.2764,5.0972,5.2565,19118,0
APR,D,20170728,000000,5.2565,5.2764,5.157,5.1868,19897,0
APR,D,20170731,000000,5.1868,5.2565,4.928,4.9778,181372,0
APR,D,20170801,000000,5.0176,5.1769,4.8882,5.1769,189461,0
APR,D,20170802,000000,5.2267,5.2764,5.1769,5.2764,58451,0
APR,D,20170803,000000,5.2764,5.3262,5.2466,5.2764,46140,0
APR,D,20170804,000000,5.2565,5.2764,5.1669,5.2764,13861,0
APR,D,20170807,000000,5.2764,5.2764,5.1271,5.2764,106361,0
APR,D,20170808,000000,5.2565,5.2565,5.1868,5.2366,108945,0
APR,D,20170809,000000,5.2366,5.2466,5.1769,5.1769,63487,0
APR,D,20170810,000000,5.2366,5.366,5.1769,5.3362,324832,0
APR,D,20170811,000000,5.3063,5.3262,5.1769,5.2964,44860,0
APR,D,20170814,000000,5.2864,5.2964,5.2565,5.2665,17538,0
APR,D,20170816,000000,5.3163,5.3163,5.1769,5.1769,46147,0
APR,D,20170817,000000,5.2665,5.2665,5.1371,5.2167,117634,0
APR,D,20170818,000000,5.2665,5.2665,5.1371,5.1769,11355,0
APR,D,20170821,000000,5.147,5.2068,5.147,5.1968,5989,0
APR,D,20170822,000000,5.1769,5.2267,5.1769,5.2267,15027,0
APR,D,20170823,000000,5.1669,5.2764,5.1669,5.2167,140494,0
APR,D,20170824,000000,5.2665,5.2665,5.1968,5.2466,3226,0
APR,D,20170825,000000,5.2665,5.2665,5.157,5.1669,92298,0
APR,D,20170828,000000,5.2466,5.2466,5.1271,5.1868,115111,0
APR,D,20170829,000000,5.1968,5.2864,5.1868,5.2764,41132,0
APR,D,20170830,000000,5.2764,5.4556,5.1868,5.4457,492719,0
APR,D,20170831,000000,5.4457,5.4457,5.3959,5.4457,170330,0
APR,D,20170901,000000,5.4457,5.5652,5.4357,5.5652,103084,0
APR,D,20170904,000000,5.6149,5.6149,5.3959,5.4258,67759,0
APR,D,20170905,000000,5.4556,5.4556,5.2167,5.3063,82754,0
APR,D,20170906,000000,5.3063,5.3063,5.2366,5.2764,178573,0
APR,D,20170907,000000,5.3561,5.366,5.2068,5.3163,161406,0
APR,D,20170908,000000,5.3163,5.3461,5.2267,5.3461,3489,0
APR,D,20170911,000000,5.3461,5.3561,5.2466,5.3561,12508,0
APR,D,20170912,000000,5.366,5.376,5.3163,5.3561,20466,0
APR,D,20170913,000000,5.3561,5.3561,5.2565,5.3063,10622,0
APR,D,20170914,000000,5.3063,5.3461,5.2366,5.3262,52528,0
APR,D,20170915,000000,5.3063,5.3262,5.2366,5.2366,76957,0
APR,D,20170918,000000,5.2366,5.3063,5.2366,5.2864,114861,0
APR,D,20170919,000000,5.2964,5.3362,5.2964,5.3362,55777,0
APR,D,20170920,000000,5.2466,5.2964,5.0873,5.1868,244849,0
APR,D,20170921,000000,5.2366,5.2764,5.1868,5.2267,67970,0
APR,D,20170922,000000,5.2764,5.2764,5.1669,5.2764,51665,0
APR,D,20170925,000000,5.2565,5.2565,5.2267,5.2565,4728,0
APR,D,20170926,000000,5.2466,5.2466,5.1769,5.1968,3776,0
APR,D,20170927,000000,5.1868,5.1868,5.0972,5.1868,12573,0
APR,D,20170928,000000,5.2267,5.2267,5.1669,5.2068,1060,0
APR,D,20170929,000000,5.2267,5.4556,5.1769,5.4556,255863,0
APR,D,20171002,000000,5.4656,5.4756,5.2565,5.3063,415191,0
APR,D,20171003,000000,5.2964,5.2964,5.1868,5.2366,167222,0
APR,D,20171004,000000,5.2366,5.2565,5.157,5.1968,52176,0
APR,D,20171005,000000,5.1669,5.2366,5.1669,5.2267,23205,0
APR,D,20171006,000000,5.2267,5.2565,5.157,5.2466,122141,0
APR,D,20171009,000000,5.2466,5.2565,5.1868,5.1868,12648,0
APR,D,20171010,000000,5.2466,5.2565,5.1868,5.1868,13204,0
APR,D,20171011,000000,5.1769,5.2267,5.1769,5.1968,5334,0
APR,D,20171012,000000,5.2068,5.2068,5.0873,5.1371,17675,0
APR,D,20171013,000000,5.2068,5.2167,5.1271,5.1271,10875,0
APR,D,20171016,000000,5.1769,5.1769,5.0873,5.147,72195,0
APR,D,20171017,000000,5.147,5.147,4.8882,4.9479,64686,0
APR,D,20171018,000000,5.0674,5.0674,4.7488,5.0276,234350,0
APR,D,20171019,000000,5.0276,5.0276,4.8981,4.9579,28796,0
APR,D,20171020,000000,4.9579,4.9579,4.8981,4.9579,20211,0
APR,D,20171023,000000,4.9579,4.9579,4.8085,4.9081,42241,0
APR,D,20171024,000000,4.918,4.918,4.7388,4.8185,126619,0
APR,D,20171025,000000,4.8284,4.8981,4.709,4.8981,476393,0
APR,D,20171026,000000,4.928,4.9579,4.8782,4.9579,11930,0
APR,D,20171027,000000,4.9579,4.9778,4.8782,4.9579,10530,0
APR,D,20171030,000000,5.0176,5.0176,4.7588,4.7687,496155,0
APR,D,20171031,000000,4.7787,4.8782,4.7787,4.8683,317450,0
APR,D,20171102,000000,4.928,4.928,4.699,4.7189,20147,0
APR,D,20171103,000000,4.6791,4.699,4.5298,4.6692,57242,0
APR,D,20171106,000000,4.5995,4.6692,4.5995,4.6492,174496,0
APR,D,20171107,000000,4.6791,4.709,4.5995,4.6791,15126,0
APR,D,20171108,000000,4.6492,4.6891,4.5895,4.6293,141198,0
APR,D,20171109,000000,4.6293,4.6791,4.5796,4.5995,6085,0
APR,D,20171110,000000,4.6293,4.6293,4.5696,4.5796,31612,0
APR,D,20171113,000000,4.5796,4.6592,4.5298,4.5796,14292,0
APR,D,20171114,000000,4.5796,4.6492,4.5397,4.5796,13021,0
APR,D,20171115,000000,4.5796,4.709,4.4402,4.709,294289,0
APR,D,20171116,000000,4.7189,4.938,4.7189,4.8085,409476,0
APR,D,20171117,000000,4.8882,4.8882,4.6791,4.8583,27702,0
APR,D,20171120,000000,4.8583,4.8583,4.7588,4.8284,6832,0
APR,D,20171121,000000,4.8583,4.8583,4.7189,4.8583,276858,0
APR,D,20171122,000000,4.918,4.918,4.7886,4.8981,109721,0
APR,D,20171123,000000,4.9081,4.9081,4.8085,4.9081,324966,0
APR,D,20171124,000000,4.918,4.9678,4.9081,4.928,248091,0
APR,D,20171127,000000,4.8782,5.0972,4.8782,5.0773,82574,0
APR,D,20171128,000000,5.0773,5.1271,5.0674,5.1271,15781,0
APR,D,20171129,000000,5.1271,5.2267,5.0773,5.1669,71686,0
APR,D,20171130,000000,5.1769,5.1769,4.8981,4.9678,46777,0
APR,D,20171201,000000,4.9778,5.0276,4.918,5.0176,18876,0
APR,D,20171204,000000,5.0375,5.0773,4.8782,5.0773,53463,0
APR,D,20171205,000000,5.1072,5.2167,5.0375,5.2167,163452,0
APR,D,20171206,000000,5.0674,5.1968,5.0674,5.1968,8261,0
APR,D,20171207,000000,5.1968,5.1968,5.147,5.1769,3761,0
APR,D,20171208,000000,5.1968,5.1968,5.0375,5.1172,2328,0
APR,D,20171211,000000,5.1172,5.1172,5.0375,5.0972,12203,0
APR,D,20171212,000000,5.0972,5.0972,4.9778,5.0475,1648,0
APR,D,20171213,000000,5.0773,5.147,4.9977,5.0773,6988,0
APR,D,20171214,000000,5.1172,5.2466,5.1172,5.2466,54581,0
APR,D,20171215,000000,5.2665,5.376,5.2267,5.3163,58612,0
APR,D,20171218,000000,5.3163,5.3163,5.1769,5.2964,1261,0
APR,D,20171219,000000,4.7986,4.9081,4.7189,4.7189,442897,0
APR,D,20171220,000000,4.7588,4.8683,4.699,4.709,293839,0
APR,D,20171221,000000,4.7289,4.7289,4.6592,4.6692,60122,0
APR,D,20171222,000000,4.7787,4.7787,4.6492,4.699,50137,0
APR,D,20171227,000000,4.699,4.7289,4.6094,4.6492,166987,0
APR,D,20171228,000000,4.6592,4.7986,4.6293,4.7986,270107,0
APR,D,20171229,000000,4.6791,4.7787,4.6492,4.6791,359505,0
APR,D,20180103,000000,4.8185,4.8284,4.7289,4.8185,235680,0
APR,D,20180104,000000,4.8284,4.938,4.8284,4.8981,55675,0
APR,D,20180105,000000,4.928,4.9678,4.8384,4.9678,294987,0
APR,D,20180108,000000,4.9678,4.9678,4.8782,4.928,19666,0
APR,D,20180109,000000,4.9678,4.9678,4.918,4.918,97235,0
APR,D,20180110,000000,4.928,4.928,4.7687,4.8782,48212,0
APR,D,20180111,000000,4.918,4.918,4.8085,4.8284,101113,0
APR,D,20180112,000000,4.8782,4.8981,4.8085,4.8484,71159,0
APR,D,20180115,000000,4.8583,4.928,4.8284,4.928,25769,0
APR,D,20180116,000000,4.938,4.938,4.8583,4.8683,50343,0
APR,D,20180117,000000,4.8782,4.8882,4.8185,4.8484,62686,0
APR,D,20180118,000000,4.8583,4.918,4.8085,4.918,185239,0
APR,D,20180119,000000,4.938,4.9579,4.8882,4.8981,86870,0
APR,D,20180122,000000,4.9579,4.9579,4.7986,4.8284,76790,0
APR,D,20180123,000000,4.9081,4.9081,4.7588,4.7886,151001,0
APR,D,20180124,000000,4.8484,4.8484,4.6094,4.7787,349607,0
APR,D,20180125,000000,4.8484,4.9081,4.8284,4.8981,312513,0
APR,D,20180126,000000,4.9081,4.928,4.8683,4.928,22574,0
APR,D,20180129,000000,4.928,4.928,4.8981,4.928,70971,0
APR,D,20180130,000000,4.918,4.918,4.7886,4.8981,110544,0
APR,D,20180131,000000,4.8882,4.8882,4.8185,4.8782,42609,0
APR,D,20180201,000000,4.8882,4.918,4.8583,4.8583,14053,0
APR,D,20180202,000000,4.8583,4.8882,4.7687,4.8683,162379,0
APR,D,20180205,000000,4.8882,4.8882,4.8085,4.8484,29842,0
APR,D,20180206,000000,4.6094,4.7588,4.5995,4.6791,112331,0
APR,D,20180207,000000,4.709,4.8085,4.699,4.7588,25662,0
APR,D,20180208,000000,4.8085,4.8085,4.6891,4.7687,96476,0
APR,D,20180209,000000,4.709,4.7687,4.709,4.7588,32248,0
APR,D,20180212,000000,4.7787,4.7787,4.6692,4.7189,41836,0
APR,D,20180213,000000,4.7289,4.8284,4.6891,4.8284,31804,0
APR,D,20180214,000000,4.8185,5.0375,4.8185,5.0375,592962,0
APR,D,20180215,000000,5.0773,5.1371,5.0375,5.0972,188830,0
APR,D,20180216,000000,5.0972,5.157,5.0375,5.0773,30170,0
APR,D,20180219,000000,5.1371,5.1371,4.9977,5.0773,67471,0
APR,D,20180220,000000,5.0773,5.0773,4.8882,4.8882,64604,0
APR,D,20180221,000000,4.9778,5.0176,4.8384,4.8782,94834,0
APR,D,20180222,000000,4.8384,4.9678,4.8185,4.8782,49532,0
APR,D,20180223,000000,4.9479,4.9479,4.8384,4.918,21989,0
APR,D,20180226,000000,4.938,4.9778,4.8782,4.9081,75469,0
APR,D,20180227,000000,4.9479,4.9479,4.8583,4.928,22356,0
APR,D,20180228,000000,4.938,4.938,4.7886,4.8284,36502,0
APR,D,20180301,000000,4.8284,4.8284,4.7886,4.8284,13745,0
APR,D,20180302,000000,4.5298,4.6592,4.2212,4.4601,715737,0
APR,D,20180305,000000,4.49,4.5397,4.4203,4.48,168544,0
APR,D,20180306,000000,4.4999,4.5895,4.4999,4.5099,34265,0
APR,D,20180307,000000,4.5099,4.5696,4.4203,4.47,50935,0
APR,D,20180308,000000,4.5298,4.5696,4.3904,4.48,40226,0
APR,D,20180309,000000,4.49,4.49,4.4302,4.4601,12801,0
APR,D,20180312,000000,4.48,4.5298,4.4601,4.48,49165,0
APR,D,20180313,000000,4.5198,4.5198,4.4601,4.47,23239,0
APR,D,20180314,000000,4.47,4.5298,4.4601,4.48,27914,0
APR,D,20180315,000000,4.4999,4.5198,4.4501,4.5198,42344,0
APR,D,20180316,000000,4.5198,4.5198,4.4203,4.48,13496,0
APR,D,20180319,000000,4.48,4.48,4.4203,4.4501,31704,0
APR,D,20180320,000000,4.4501,4.48,4.4302,4.48,28745,0
APR,D,20180321,000000,4.48,4.48,4.4103,4.4203,32892,0
APR,D,20180322,000000,4.5099,4.5099,4.3904,4.4302,15282,0
APR,D,20180323,000000,4.3804,4.4302,4.1913,4.3207,114767,0
APR,D,20180326,000000,4.3207,4.47,4.3207,4.47,22274,0
APR,D,20180327,000000,4.4601,4.4601,4.3108,4.3804,47396,0
APR,D,20180328,000000,4.4302,4.4302,4.1515,4.1614,155615,0
APR,D,20180329,000000,4.1813,4.261,4.0917,4.2311,111232,0
APR,D,20180403,000000,4.2311,4.3705,4.2311,4.3506,70513,0
APR,D,20180404,000000,4.3605,4.3605,4.2709,4.2809,60370,0
APR,D,20180405,000000,4.3506,4.4004,4.3008,4.3008,17563,0
APR,D,20180406,000000,4.3605,4.5198,4.3307,4.5198,185417,0
APR,D,20180409,000000,4.5696,4.6094,4.48,4.5796,45293,0
APR,D,20180410,000000,4.5696,4.5796,4.48,4.4999,22948,0
APR,D,20180411,000000,4.5696,4.5696,4.4302,4.4302,14890,0
APR,D,20180412,000000,4.5298,4.5298,4.3804,4.48,52650,0
APR,D,20180413,000000,4.49,4.6293,4.49,4.6293,253198,0
APR,D,20180416,000000,4.6791,4.6791,4.5298,4.6692,333863,0
APR,D,20180417,000000,4.6692,4.6692,4.5497,4.6293,31081,0
APR,D,20180418,000000,4.6293,4.6293,4.5198,4.6293,140338,0
APR,D,20180419,000000,4.6194,4.6194,4.5497,4.5796,5088,0
APR,D,20180420,000000,4.5796,4.5895,4.5198,4.5796,27988,0
APR,D,20180423,000000,4.5198,4.5696,4.4601,4.48,10022,0
APR,D,20180424,000000,4.5198,4.5298,4.3605,4.5198,109004,0
APR,D,20180425,000000,4.5099,4.5099,4.251,4.2809,92943,0
APR,D,20180426,000000,4.2908,4.4501,4.2809,4.3406,45277,0
APR,D,20180427,000000,4.3705,4.3705,4.2411,4.2809,95399,0
APR,D,20180430,000000,4.3207,4.4501,4.2809,4.4501,152201,0
APR,D,20180502,000000,4.4501,4.4501,4.3307,4.3307,19909,0
APR,D,20180504,000000,4.4203,4.4203,4.2012,4.2311,122625,0
APR,D,20180507,000000,4.2809,4.47,4.2311,4.3804,172146,0
APR,D,20180508,000000,4.4203,4.5497,4.2908,4.3804,106625,0
APR,D,20180509,000000,4.4601,4.4601,4.3207,4.3207,102131,0
APR,D,20180510,000000,4.4402,4.4402,4.3406,4.4302,43413,0
APR,D,20180511,000000,4.4402,4.47,4.4302,4.4601,445,0
APR,D,20180514,000000,4.3804,4.4601,4.3108,4.4203,32051,0
APR,D,20180515,000000,4.4402,4.48,4.3307,4.48,45336,0
APR,D,20180516,000000,4.4999,4.5397,4.3804,4.48,84842,0
APR,D,20180517,000000,4.48,4.5497,4.4302,4.47,80329,0
APR,D,20180518,000000,4.5099,4.5099,4.3506,4.3804,8439,0
APR,D,20180521,000000,4.47,4.47,4.3307,4.3605,15756,0
APR,D,20180522,000000,4.4601,4.4601,4.251,4.3804,107628,0
APR,D,20180523,000000,4.4601,4.48,4.4004,4.47,385565,0
APR,D,20180524,000000,4.47,4.47,4.4103,4.4601,257402,0
APR,D,20180525,000000,4.47,4.47,4.3804,4.4501,138300,0
APR,D,20180528,000000,4.47,4.47,4.3705,4.4004,76820,0
APR,D,20180529,000000,4.4004,4.4004,4.3406,4.3904,5731,0
APR,D,20180530,000000,4.3406,4.4004,4.2809,4.2809,201667,0
APR,D,20180601,000000,4.2112,4.2809,4.1614,4.2709,68838,0
APR,D,20180604,000000,4.2809,4.47,4.1913,4.2012,374528,0
APR,D,20180605,000000,4.3008,4.3008,4.2212,4.3008,3693,0
APR,D,20180606,000000,4.4004,4.4004,4.2908,4.3207,195208,0
APR,D,20180607,000000,4.3705,4.3804,4.2908,4.3705,39705,0
APR,D,20180608,000000,4.4004,4.4302,4.3406,4.4203,46502,0
APR,D,20180611,000000,4.4402,4.4402,4.4402,4.4402,131,0
APR,D,20180612,000000,4.4203,4.4203,4.3506,4.4103,61629,0
APR,D,20180613,000000,4.4103,4.4103,4.3406,4.3804,20597,0
APR,D,20180614,000000,4.3804,4.4004,4.3804,4.3804,15,0
APR,D,20180615,000000,4.3804,4.4004,3.9822,4.4004,163934,0
APR,D,20180618,000000,4.2709,4.3804,4.1913,4.2809,83791,0
APR,D,20180619,000000,4.3307,4.3307,4.0021,4.1813,73353,0
APR,D,20180620,000000,4.0619,4.2809,4.0619,4.2809,64822,0
APR,D,20180621,000000,4.3207,4.3207,4.0519,4.0718,126707,0
APR,D,20180622,000000,4.1316,4.1316,3.9623,3.9922,78990,0
APR,D,20180625,000000,4.0021,4.0021,3.9623,3.9922,54865,0
APR,D,20180626,000000,3.9822,3.9822,3.8329,3.9324,146201,0
APR,D,20180627,000000,3.9324,3.9324,3.8827,3.9125,60183,0
APR,D,20180628,000000,4.2212,4.2212,3.8428,3.8428,75953,0
APR,D,20180629,000000,3.8428,4.0718,3.8428,3.9324,87993,0
APR,D,20180702,000000,3.9822,4.2112,3.813,4.1813,19616,0
APR,D,20180703,000000,4.2212,4.251,4.032,4.1316,12186,0
APR,D,20180704,000000,4.2411,4.251,4.022,4.2311,20816,0
APR,D,20180705,000000,4.251,4.251,4.1415,4.251,11382,0
APR,D,20180706,000000,4.2411,4.2411,4.1614,4.2311,46174,0
APR,D,20180709,000000,4.2311,4.2311,4.1116,4.2012,8501,0
APR,D,20180710,000000,4.2212,4.2212,4.0917,4.2112,231,0
APR,D,20180711,000000,4.1813,4.1813,4.0917,4.1614,73561,0
APR,D,20180712,000000,4.1614,4.1614,4.0519,4.0519,22679,0
APR,D,20180713,000000,4.0519,4.0818,4.0519,4.0519,40528,0
APR,D,20180716,000000,4.042,4.1316,3.8428,4.0818,42205,0
APR,D,20180717,000000,4.0818,4.0818,3.9723,4.0818,101378,0
APR,D,20180718,000000,4.0818,4.0818,3.9623,4.032,1611,0
APR,D,20180719,000000,3.8727,4.0718,3.8727,3.9822,18817,0
APR,D,20180720,000000,3.9822,4.1216,3.9822,4.0619,101914,0
APR,D,20180723,000000,4.0818,4.1017,4.0619,4.0619,254321,0
APR,D,20180724,000000,4.1017,4.2212,4.1017,4.2212,154310,0
APR,D,20180725,000000,4.2311,4.2709,4.1614,4.1813,52260,0
APR,D,20180726,000000,4.2809,4.3506,4.2311,4.2809,8698,0
APR,D,20180727,000000,4.3605,4.3605,4.1813,4.2809,207320,0
APR,D,20180730,000000,4.2809,4.3406,4.1813,4.261,11523,0
APR,D,20180731,000000,4.3406,4.4601,4.3406,4.4601,244010,0
APR,D,20180801,000000,4.4402,4.4402,4.2809,4.3307,333203,0
APR,D,20180802,000000,4.3705,4.3705,4.2709,4.2709,1012,0
APR,D,20180803,000000,4.3207,4.3207,4.2709,4.2809,10063,0
APR,D,20180806,000000,4.3008,4.3008,4.2709,4.2709,2071,0
APR,D,20180807,000000,4.3108,4.3108,4.1216,4.2411,10681,0
APR,D,20180808,000000,4.3008,4.3008,4.2411,4.3008,425,0
APR,D,20180809,000000,4.3008,4.3008,4.2112,4.2212,3216,0
APR,D,20180810,000000,4.3008,4.3008,4.2112,4.3008,167,0
APR,D,20180813,000000,4.3008,4.3008,4.1813,4.2809,5313,0
APR,D,20180814,000000,4.2908,4.2908,4.1913,4.2709,2313,0
APR,D,20180816,000000,4.2709,4.2709,4.1017,4.2311,4169,0
APR,D,20180817,000000,4.2311,4.2311,4.1316,4.2311,2998,0
APR,D,20180820,000000,4.2212,4.2212,4.1017,4.1813,12727,0
APR,D,20180821,000000,4.1813,4.2212,4.1415,4.1415,3832,0
APR,D,20180822,000000,4.1614,4.1614,4.1415,4.1415,559,0
APR,D,20180823,000000,4.2212,4.2212,4.1216,4.1813,2344,0
APR,D,20180824,000000,4.1017,4.2212,4.1017,4.1813,1296,0
APR,D,20180827,000000,4.1813,4.1813,4.1813,4.1813,11205,0
APR,D,20180828,000000,4.1813,4.1813,4.0917,4.1614,275018,0
APR,D,20180829,000000,4.1714,4.1714,4.1415,4.1415,101,0
APR,D,20180830,000000,4.0917,4.1813,4.0917,4.1614,174564,0
APR,D,20180831,000000,4.1614,4.1813,4.1017,4.1813,187997,0
APR,D,20180903,000000,4.1813,4.1813,4.0619,4.0818,3365,0
APR,D,20180904,000000,4.042,4.0718,3.9125,3.9822,130256,0
APR,D,20180905,000000,3.9324,4.032,3.8428,3.8827,67728,0
APR,D,20180906,000000,3.8827,3.9026,3.7234,3.7234,38956,0
APR,D,20180907,000000,3.803,3.8428,3.6238,3.7333,160041,0
APR,D,20180910,000000,3.6338,3.8428,3.6338,3.7333,133728,0
APR,D,20180911,000000,3.813,3.8827,3.6935,3.6935,27112,0
APR,D,20180912,000000,3.8926,4.1813,3.8329,3.8329,374187,0
APR,D,20180913,000000,3.8827,3.9225,3.8229,3.8727,87987,0
APR,D,20180914,000000,3.9623,3.9623,3.7831,3.7831,18761,0
APR,D,20180917,000000,3.8827,3.8827,3.7831,3.7831,3536,0
APR,D,20180918,000000,3.7433,3.9623,3.7333,3.9623,240370,0
APR,D,20180919,000000,3.9623,3.9623,3.9324,3.9623,220651,0
APR,D,20180920,000000,3.9623,3.9623,3.8827,3.9324,2545,0
APR,D,20180921,000000,3.9324,3.9324,3.8428,3.9225,31349,0
APR,D,20180924,000000,3.9225,3.9225,3.8428,3.8827,11632,0
APR,D,20180925,000000,3.9125,3.9125,3.803,3.8926,38120,0
APR,D,20180926,000000,3.8827,3.8827,3.803,3.8329,115844,0
APR,D,20180927,000000,3.803,3.8628,3.7035,3.7134,29550,0
APR,D,20180928,000000,3.8428,3.8528,3.7035,3.8329,330352,0
APR,D,20181001,000000,3.8727,3.8727,3.7134,3.7931,5909,0
APR,D,20181002,000000,3.803,3.803,3.7333,3.7831,4780,0
APR,D,20181003,000000,3.7931,3.803,3.7532,3.7732,317353,0
APR,D,20181004,000000,3.803,3.8926,3.7831,3.8528,13794,0
APR,D,20181005,000000,3.8428,3.8628,3.8329,3.8628,4225,0
APR,D,20181008,000000,3.8329,3.8329,3.7333,3.7333,27926,0
APR,D,20181009,000000,3.7831,3.8727,3.7831,3.8727,158496,0
APR,D,20181010,000000,3.8926,4.1316,3.8727,3.9623,82160,0
APR,D,20181011,000000,3.8428,4.032,3.8229,3.9324,3382,0
APR,D,20181012,000000,3.9723,3.9723,3.8628,3.8628,4846,0
APR,D,20181015,000000,3.9324,3.9324,3.7831,3.803,26517,0
APR,D,20181016,000000,3.9225,3.9225,3.7333,3.7732,39452,0
APR,D,20181017,000000,3.8727,3.8727,3.7532,3.7532,2721196,0
APR,D,20181018,000000,3.8528,3.8528,3.7831,3.7831,692423,0
APR,D,20181019,000000,3.8528,3.9125,3.7831,3.9026,511220,0
APR,D,20181022,000000,3.9225,3.9225,3.7632,3.7732,7902,0
APR,D,20181023,000000,3.8628,3.8628,3.7333,3.7333,40865,0
APR,D,20181024,000000,3.7532,3.803,3.7234,3.7931,207912,0
APR,D,20181025,000000,3.7831,3.7831,3.6437,3.7532,8441,0
APR,D,20181026,000000,3.7532,3.7532,3.7234,3.7433,6559,0
APR,D,20181029,000000,3.7632,3.7632,3.6836,3.6836,24965,0
APR,D,20181030,000000,3.6636,3.7035,3.5342,3.6636,27106,0
APR,D,20181031,000000,3.6736,3.7234,3.6537,3.6836,67092,0
APR,D,20181102,000000,3.6836,3.6935,3.6736,3.6736,21223,0
APR,D,20181105,000000,3.6736,3.7433,3.6537,3.6537,2496,0
APR,D,20181106,000000,3.6537,3.7035,3.6238,3.6836,39940,0
APR,D,20181107,000000,3.6836,3.7035,3.6537,3.6836,53388,0
APR,D,20181108,000000,3.6836,3.6935,3.6537,3.6736,40137,0
APR,D,20181109,000000,3.6836,3.6836,3.6238,3.6636,34751,0
APR,D,20181113,000000,3.6836,3.6935,3.6836,3.6836,6452,0
APR,D,20181114,000000,3.6636,3.6636,3.6437,3.6537,3321,0
APR,D,20181115,000000,3.6836,3.6836,3.594,3.6736,6349,0
APR,D,20181116,000000,3.6736,3.6736,3.574,3.6736,26684,0
APR,D,20181119,000000,3.6836,3.6836,3.6437,3.6636,1330,0
APR,D,20181120,000000,3.6537,3.6537,3.5342,3.574,6048,0
APR,D,20181121,000000,3.5641,3.6338,3.5442,3.6338,2434,0
APR,D,20181122,000000,3.6437,3.6437,3.6338,3.6437,2447,0
APR,D,20181123,000000,3.6437,3.6437,3.584,3.584,33374,0
APR,D,20181126,000000,3.6338,3.6736,3.5342,3.6437,33042,0
APR,D,20181127,000000,3.6238,3.6437,3.5442,3.584,66742,0
APR,D,20181128,000000,3.584,3.6836,3.5442,3.6437,90951,0
APR,D,20181129,000000,3.7234,3.7532,3.594,3.6736,183024,0
APR,D,20181130,000000,3.6736,3.7134,3.6338,3.6636,1209146,0
APR,D,20181203,000000,3.7333,3.7831,3.6736,3.7134,196664,0
APR,D,20181204,000000,3.7532,3.7532,3.6338,3.6736,11973,0
APR,D,20181205,000000,3.6736,3.6736,3.6437,3.6736,13373,0
APR,D,20181206,000000,3.6836,3.6836,3.6338,3.6636,112630,0
APR,D,20181207,000000,3.6836,3.6836,3.6338,3.6636,125770,0
APR,D,20181210,000000,3.6636,3.6836,3.6537,3.6537,63748,0
APR,D,20181211,000000,3.6836,3.6836,3.4546,3.5342,43216,0
APR,D,20181212,000000,3.584,3.6636,3.4844,3.6636,155906,0
APR,D,20181213,000000,3.6935,3.6935,3.6238,3.6836,82233,0
APR,D,20181214,000000,3.7035,3.9225,3.6836,3.9125,757308,0
APR,D,20181217,000000,3.9026,4.022,3.8428,3.8827,1186411,0
APR,D,20181218,000000,3.8926,3.9225,3.8628,3.8827,64860,0
APR,D,20181219,000000,3.9125,3.9125,3.8428,3.9125,310316,0
APR,D,20181220,000000,3.9026,3.9125,3.8628,3.9026,55264,0
APR,D,20181221,000000,3.9125,3.9125,3.8329,3.8329,3856,0
APR,D,20181227,000000,3.8827,3.8827,3.8528,3.8528,972,0
APR,D,20181228,000000,3.8727,3.9324,3.7831,3.8428,221410,0
APR,D,20190102,000000,3.8428,3.8827,3.813,3.8229,5736,0
APR,D,20190103,000000,3.9026,3.9026,3.7433,3.7433,2211,0
APR,D,20190104,000000,3.7433,3.8628,3.7234,3.7732,34694,0
APR,D,20190107,000000,3.7831,3.8428,3.7532,3.813,13264,0
APR,D,20190108,000000,3.8727,3.8727,3.803,3.803,6026,0
APR,D,20190109,000000,3.7831,3.8628,3.7831,3.8628,24531,0
APR,D,20190110,000000,3.7931,3.8727,3.7831,3.8528,9334,0
APR,D,20190111,000000,3.7931,3.8628,3.7931,3.8528,1814,0
APR,D,20190114,000000,3.8329,4.0718,3.7532,3.9822,141666,0
APR,D,20190115,000000,4.0021,4.0619,4.0021,4.022,90337,0
APR,D,20190116,000000,4.022,4.0619,4.0121,4.0121,172716,0
APR,D,20190117,000000,4.0121,4.0519,3.9026,3.9723,11679,0
APR,D,20190118,000000,3.9723,3.9723,3.8827,3.9026,17851,0
APR,D,20190121,000000,3.9225,3.9723,3.9026,3.9225,16925,0
APR,D,20190122,000000,3.9524,3.9524,3.8229,3.8727,26219,0
APR,D,20190123,000000,3.9125,3.9324,3.8827,3.9324,109690,0
APR,D,20190124,000000,3.9324,3.9324,3.8428,3.9026,13419,0
APR,D,20190125,000000,3.8628,3.9026,3.803,3.8827,15537,0
APR,D,20190128,000000,3.9623,3.9623,3.803,3.8628,22214,0
APR,D,20190129,000000,3.9026,3.9026,3.803,3.803,27853,0
APR,D,20190130,000000,3.803,3.9026,3.7831,3.7831,80034,0
APR,D,20190131,000000,3.8727,3.9026,3.813,3.9026,28978,0
APR,D,20190201,000000,3.9026,3.9026,3.8428,3.9026,28764,0
APR,D,20190204,000000,4.022,4.022,3.9225,3.9623,95363,0
APR,D,20190205,000000,4.0021,4.0021,3.9324,3.9623,12020,0
APR,D,20190206,000000,4.0021,4.0021,3.9225,3.9324,181156,0
APR,D,20190207,000000,3.9424,3.9424,3.8229,3.8528,20430,0
APR,D,20190208,000000,3.8229,3.8827,3.813,3.8827,15023,0
APR,D,20190211,000000,3.9723,3.9723,3.8528,3.9524,29603,0
APR,D,20190212,000000,3.9623,3.9623,3.8827,3.9225,11518,0
APR,D,20190213,000000,3.9524,3.9524,3.803,3.8827,19828,0
APR,D,20190214,000000,3.8727,3.9125,3.8329,3.9125,2011,0
APR,D,20190215,000000,3.9125,3.9125,3.8827,3.9125,814,0
APR,D,20190218,000000,3.9623,3.9623,3.8926,3.9225,26031,0
APR,D,20190219,000000,3.9324,3.9324,3.9026,3.9026,4958,0
APR,D,20190220,000000,3.9026,3.9822,3.9026,3.9822,53994,0
APR,D,20190221,000000,3.9822,3.9822,3.8329,3.9225,22410,0
APR,D,20190222,000000,3.9225,4.1813,3.9225,4.1614,913208,0
APR,D,20190225,000000,4.1415,4.2411,4.1415,4.1813,485857,0
APR,D,20190226,000000,4.2112,4.2112,4.0917,4.1415,17777,0
APR,D,20190227,000000,4.1813,4.2212,4.1316,4.1614,178036,0
APR,D,20190228,000000,4.1813,4.4302,4.1813,4.2311,243142,0
APR,D,20190301,000000,4.2709,4.3207,4.1913,4.1913,27549,0
APR,D,20190304,000000,4.251,4.251,4.1216,4.1813,50415,0
APR,D,20190305,000000,4.1813,4.2411,4.1415,4.2411,13100,0
APR,D,20190306,000000,4.2809,4.4203,4.2411,4.3406,717262,0
APR,D,20190307,000000,4.3406,4.3705,4.3008,4.3506,165607,0
APR,D,20190308,000000,4.3506,4.3506,4.3008,4.3506,72369,0
APR,D,20190311,000000,4.3506,4.3506,4.3108,4.3406,32687,0
APR,D,20190312,000000,4.3406,4.3406,4.2212,4.2311,48804,0
APR,D,20190313,000000,4.2411,4.2809,4.2112,4.2709,9179,0
APR,D,20190314,000000,4.2908,4.2908,4.2112,4.2311,51931,0
APR,D,20190315,000000,4.2411,4.3705,4.2411,4.3406,71592,0
APR,D,20190318,000000,4.3705,4.3804,4.3008,4.3506,31404,0
APR,D,20190319,000000,4.3506,4.3506,4.3008,4.3406,189002,0
APR,D,20190320,000000,4.3406,4.4103,4.3307,4.3705,77338,0
APR,D,20190321,000000,4.3904,4.4103,4.3605,4.4103,241576,0
APR,D,20190322,000000,4.4103,4.4103,4.3506,4.3506,69047,0
APR,D,20190325,000000,4.3406,4.4103,4.3406,4.3506,125425,0
APR,D,20190326,000000,4.3605,4.3605,4.2809,4.2809,71223,0
APR,D,20190327,000000,4.3307,4.3605,4.2311,4.251,232118,0
APR,D,20190328,000000,4.2411,4.3804,4.2411,4.3406,157998,0
APR,D,20190329,000000,4.3108,4.3904,4.3108,4.3605,165866,0
APR,D,20190401,000000,4.4203,4.48,4.3506,4.48,75707,0
APR,D,20190402,000000,4.5198,4.5198,4.3207,4.48,210071,0
APR,D,20190403,000000,4.5198,4.5198,4.3804,4.48,94201,0
APR,D,20190404,000000,4.7189,4.8583,4.699,4.8185,1971612,0
APR,D,20190405,000000,4.8484,4.9778,4.8085,4.8384,171989,0
APR,D,20190408,000000,4.8384,4.9579,4.709,4.8484,149583,0
APR,D,20190409,000000,4.8782,4.918,4.8284,4.8284,67394,0
APR,D,20190410,000000,4.8284,4.8782,4.7189,4.7787,50003,0
APR,D,20190411,000000,4.8185,4.8185,4.5995,4.6791,59942,0
APR,D,20190412,000000,4.6293,4.709,4.5995,4.6791,39888,0
APR,D,20190415,000000,4.5895,4.7886,4.5895,4.7886,16490,0
APR,D,20190416,000000,4.7886,4.8085,4.7388,4.7388,7732,0
APR,D,20190417,000000,4.7388,4.8085,4.7388,4.7588,10702,0
APR,D,20190418,000000,4.7588,4.7588,4.6492,4.7289,11344,0
APR,D,20190423,000000,4.7289,4.7289,4.6592,4.7189,63804,0
APR,D,20190424,000000,4.7189,4.7488,4.6393,4.7189,10880,0
APR,D,20190425,000000,4.709,4.7189,4.5995,4.7189,84017,0
APR,D,20190426,000000,4.7787,4.7787,4.6393,4.6393,6361,0
APR,D,20190429,000000,4.6393,4.7289,4.6393,4.7289,9583,0
APR,D,20190430,000000,4.709,4.8185,4.6791,4.8185,14143,0
APR,D,20190502,000000,4.7886,4.8782,4.7886,4.8484,14059,0
APR,D,20190506,000000,4.8484,4.8484,4.7289,4.8085,10388,0
APR,D,20190507,000000,4.7787,4.8284,4.7388,4.8284,158725,0
APR,D,20190508,000000,4.8284,4.8384,4.6791,4.8085,114872,0
APR,D,20190509,000000,4.7886,4.7986,4.6791,4.699,18818,0
APR,D,20190510,000000,4.699,4.7787,4.6891,4.7687,3023,0
APR,D,20190513,000000,4.7289,4.7787,4.699,4.7488,34240,0
APR,D,20190514,000000,4.7787,4.7886,4.7388,4.7687,50343,0
APR,D,20190515,000000,4.8185,4.8284,4.699,4.7388,14096,0
APR,D,20190516,000000,4.7289,4.7388,4.6791,4.7189,43755,0
APR,D,20190517,000000,4.699,4.7289,4.6692,4.7289,6161,0
APR,D,20190520,000000,4.6393,4.7588,4.6393,4.6592,112536,0
APR,D,20190521,000000,4.6592,4.7388,4.6393,4.699,13270,0
APR,D,20190522,000000,4.7388,4.7787,4.6393,4.6791,33251,0
APR,D,20190523,000000,4.6791,4.6791,4.6293,4.6791,10038,0
APR,D,20190524,000000,4.6791,4.6791,4.5895,4.6393,14149,0
APR,D,20190527,000000,4.5796,4.6094,4.4004,4.5796,43379,0
APR,D,20190528,000000,4.5696,4.5696,4.4402,4.5198,20347,0
APR,D,20190529,000000,4.5596,4.5596,4.3804,4.3804,48352,0
APR,D,20190530,000000,4.3307,4.5198,4.3307,4.48,13309,0
APR,D,20190531,000000,4.59,4.59,4.49,4.59,57982,0
APR,D,20190603,000000,4.59,4.59,4.51,4.59,3673,0
APR,D,20190604,000000,4.59,4.65,4.56,4.65,120252,0
APR,D,20190605,000000,4.64,4.65,4.64,4.65,7642,0
APR,D,20190606,000000,4.64,4.64,4.55,4.62,4792,0
APR,D,20190607,000000,4.63,4.66,4.55,4.65,32720,0
APR,D,20190610,000000,4.6,4.63,4.6,4.6,1575,0
APR,D,20190611,000000,4.59,4.61,4.58,4.59,2516,0
APR,D,20190612,000000,4.58,4.6,4.56,4.59,8959,0
APR,D,20190613,000000,4.57,4.59,4.5,4.55,17469,0
APR,D,20190614,000000,4.54,4.66,4.51,4.64,69215,0
APR,D,20190617,000000,4.52,4.65,4.52,4.53,7931,0
APR,D,20190618,000000,4.53,4.74,4.53,4.64,146713,0
APR,D,20190619,000000,4.66,4.74,4.65,4.65,70877,0
APR,D,20190621,000000,4.7,4.7,4.65,4.65,10766,0
APR,D,20190624,000000,4.7,4.7,4.66,4.68,15917,0
APR,D,20190625,000000,4.7,4.7,4.6,4.65,63577,0
APR,D,20190626,000000,4.65,4.65,4.61,4.63,71630,0
APR,D,20190627,000000,4.61,4.71,4.55,4.71,17182,0
APR,D,20190628,000000,4.72,4.74,4.62,4.74,54339,0
APR,D,20190701,000000,4.75,4.85,4.69,4.73,45636,0
APR,D,20190702,000000,4.74,4.8,4.66,4.79,141023,0
APR,D,20190703,000000,4.8,4.8,4.75,4.8,17025,0
APR,D,20190704,000000,4.8,4.81,4.79,4.79,6072,0
APR,D,20190705,000000,4.79,4.79,4.73,4.79,711,0
APR,D,20190708,000000,4.79,4.79,4.7,4.77,5962,0
APR,D,20190709,000000,4.8,5.14,4.8,5.02,535448,0
APR,D,20190710,000000,5.04,5.08,4.91,5,46940,0
APR,D,20190711,000000,5.02,5.2,5.02,5.12,73511,0
APR,D,20190712,000000,5.14,5.16,5,5,44539,0
APR,D,20190715,000000,5.1,5.1,4.98,5.04,130882,0
APR,D,20190716,000000,5.1,5.1,5.04,5.1,177901,0
APR,D,20190717,000000,5.1,5.1,5.02,5.04,292919,0
APR,D,20190718,000000,5.06,5.06,4.96,5.04,22922,0
APR,D,20190719,000000,5.04,5.04,4.91,4.96,40967,0
APR,D,20190722,000000,4.96,4.96,4.92,4.96,34595,0
APR,D,20190723,000000,4.96,5,4.96,5,14344,0
APR,D,20190724,000000,5,5.02,4.98,5,47829,0
APR,D,20190725,000000,5.06,5.08,4.98,5.06,35360,0
APR,D,20190726,000000,5.06,5.08,5,5.02,9815,0
APR,D,20190729,000000,5.08,5.08,4.98,5,2659,0
APR,D,20190730,000000,5.06,5.06,4.82,4.9,273032,0
APR,D,20190731,000000,4.95,5.06,4.92,5.06,31756,0
APR,D,20190801,000000,5.06,5.06,4.95,5.02,16185,0
APR,D,20190802,000000,5,5.02,4.9,4.96,247093,0
APR,D,20190805,000000,5.02,5.04,4.87,4.95,85190,0
APR,D,20190806,000000,5.04,5.04,4.96,4.99,236653,0
APR,D,20190807,000000,5,5,4.9,4.94,36042,0
APR,D,20190808,000000,4.94,4.94,4.92,4.94,5392,0
APR,D,20190809,000000,4.94,4.94,4.88,4.88,60040,0
APR,D,20190812,000000,4.88,4.95,4.88,4.9,81604,0
APR,D,20190813,000000,4.88,5.02,4.88,5.02,34103,0
APR,D,20190814,000000,5.02,5.02,4.9,4.98,18830,0
APR,D,20190816,000000,4.98,4.98,4.88,4.98,8495,0
APR,D,20190819,000000,5,5,4.88,4.91,17688,0
APR,D,20190820,000000,4.9,4.98,4.64,4.68,85459,0
APR,D,20190821,000000,4.72,4.81,4.68,4.75,26417,0
APR,D,20190822,000000,4.79,4.84,4.79,4.79,10056,0
APR,D,20190823,000000,4.84,4.95,4.74,4.74,24514,0
APR,D,20190826,000000,4.71,4.92,4.7,4.88,18697,0
APR,D,20190827,000000,4.9,4.9,4.77,4.89,89661,0
APR,D,20190828,000000,4.88,4.88,4.79,4.86,29811,0
APR,D,20190829,000000,4.74,4.88,4.74,4.86,1450,0
APR,D,20190830,000000,4.88,4.88,4.84,4.88,12292,0
APR,D,20190902,000000,4.88,4.97,4.8,4.88,65713,0
APR,D,20190903,000000,4.96,4.96,4.72,4.8,16254,0
APR,D,20190904,000000,4.72,4.98,4.72,4.94,43090,0
APR,D,20190905,000000,4.94,4.95,4.9,4.9,15321,0
APR,D,20190906,000000,4.98,5.08,4.87,4.9,61790,0
APR,D,20190909,000000,4.95,5.1,4.88,4.96,47224,0
APR,D,20190910,000000,5.08,5.1,4.95,4.95,55863,0
APR,D,20190911,000000,4.6,4.6,4.16,4.2,961380,0
APR,D,20190912,000000,4.29,4.34,4,4.07,2172666,0
APR,D,20190913,000000,4.13,4.18,4.09,4.14,79558,0
APR,D,20190916,000000,4.24,4.24,4.06,4.09,432601,0
APR,D,20190917,000000,4.11,4.4,4.06,4.3,283042,0
APR,D,20190918,000000,4.31,4.35,4.2,4.28,19031,0
APR,D,20190919,000000,4.23,4.3,4.12,4.3,35327,0
APR,D,20190920,000000,4.3,4.3,4.2,4.29,9321,0
APR,D,20190923,000000,4.29,4.33,4.26,4.3,19828,0
APR,D,20190924,000000,4.26,4.31,4.26,4.3,10130,0
APR,D,20190925,000000,4.29,4.37,4.28,4.33,172712,0
APR,D,20190926,000000,4.31,4.36,4.31,4.34,17603,0
APR,D,20190927,000000,4.35,4.35,4.26,4.33,6779,0
APR,D,20190930,000000,4.33,4.38,4.3,4.35,65649,0
APR,D,20191001,000000,4.3,4.39,4.22,4.34,44669,0
APR,D,20191002,000000,4.34,4.36,4.2,4.27,104463,0
APR,D,20191003,000000,4.3,4.3,4.21,4.29,834,0
APR,D,20191004,000000,4.29,4.29,4.16,4.26,19707,0
APR,D,20191007,000000,4.28,4.48,4.26,4.26,50556,0
APR,D,20191008,000000,4.35,4.41,4.35,4.39,122772,0
APR,D,20191009,000000,4.44,4.44,4.3,4.3,330779,0
APR,D,20191010,000000,4.3,4.39,4.3,4.38,150025,0
APR,D,20191011,000000,4.4,4.4,4.31,4.31,136972,0
APR,D,20191014,000000,4.32,4.38,4.3,4.38,13260,0
APR,D,20191015,000000,4.38,4.41,4.35,4.35,17153,0
APR,D,20191016,000000,4.33,4.33,4.28,4.3,19580,0
APR,D,20191017,000000,4.33,4.4,4.3,4.38,27639,0
APR,D,20191018,000000,4.39,4.42,4.35,4.4,31571,0
APR,D,20191021,000000,4.35,4.41,4.33,4.35,20698,0
APR,D,20191022,000000,4.41,4.44,4.3,4.39,1549,0
APR,D,20191023,000000,4.35,4.4,4.29,4.4,67634,0
APR,D,20191024,000000,4.4,4.4,4.3,4.3,3283,0
APR,D,20191025,000000,4.28,4.38,4.26,4.3,5062,0
APR,D,20191028,000000,4.28,4.35,4.26,4.31,6126,0
APR,D,20191029,000000,4.31,4.34,4.26,4.3,7794,0
APR,D,20191030,000000,4.3,4.33,4.3,4.32,1746,0
APR,D,20191031,000000,4.32,4.34,4.3,4.32,9203,0
APR,D,20191104,000000,4.33,4.39,4.33,4.39,21391,0
APR,D,20191105,000000,4.32,4.4,4.3,4.35,230531,0
APR,D,20191106,000000,4.26,4.54,4.26,4.4,42093,0
APR,D,20191107,000000,4.45,4.45,4.35,4.4,2521,0
APR,D,20191108,000000,4.34,4.38,4.34,4.35,23461,0
APR,D,20191112,000000,4.35,4.35,4.23,4.23,17750,0
APR,D,20191113,000000,4.23,4.33,4.15,4.28,177588,0
APR,D,20191114,000000,4.21,4.37,4.21,4.35,11497,0
APR,D,20191115,000000,4.37,4.37,4.22,4.26,63061,0
APR,D,20191118,000000,4.26,4.37,4.25,4.36,6413,0
APR,D,20191119,000000,4.36,4.4,4.28,4.4,35210,0
APR,D,20191120,000000,4.39,4.45,4.3,4.45,240324,0
APR,D,20191121,000000,4.43,4.6,4.42,4.55,387753,0
APR,D,20191122,000000,4.59,4.59,4.35,4.45,311887,0
APR,D,20191125,000000,4.55,4.6,4.44,4.57,13945,0
APR,D,20191126,000000,4.48,4.55,4.06,4.48,439417,0
APR,D,20191127,000000,4.51,4.54,4.45,4.46,212779,0
APR,D,20191128,000000,4.48,4.52,4.38,4.48,29815,0
APR,D,20191129,000000,4.48,4.5,4.46,4.46,191448,0
APR,D,20191202,000000,4.46,4.73,4.46,4.67,54592,0
APR,D,20191203,000000,4.69,4.74,4.65,4.66,304192,0
APR,D,20191204,000000,4.54,4.66,4.54,4.66,7697,0
APR,D,20191205,000000,4.66,4.68,4.61,4.66,19015,0
APR,D,20191206,000000,4.6,4.69,4.56,4.56,167278,0
APR,D,20191209,000000,4.52,4.68,4.52,4.56,27802,0
APR,D,20191210,000000,4.56,4.68,4.52,4.67,42003,0
APR,D,20191211,000000,4.67,4.67,4.58,4.66,194948,0
APR,D,20191212,000000,4.68,4.72,4.67,4.7,10474,0
APR,D,20191213,000000,4.72,4.73,4.7,4.73,113820,0
APR,D,20191216,000000,4.7,4.7,4.53,4.7,160809,0
APR,D,20191217,000000,4.7,4.7,4.6,4.66,20952,0
APR,D,20191218,000000,4.66,4.7,4.52,4.7,309388,0
APR,D,20191219,000000,4.7,4.77,4.68,4.76,144319,0
APR,D,20191220,000000,4.68,4.76,4.67,4.75,103552,0
APR,D,20191223,000000,4.75,4.82,4.75,4.79,209922,0
APR,D,20191227,000000,4.8,4.8,4.6,4.69,168358,0
APR,D,20191230,000000,4.68,4.77,4.67,4.7,110537,0
APR,D,20200102,000000,4.82,4.82,4.63,4.74,9774,0
APR,D,20200103,000000,4.66,4.78,4.66,4.77,36512,0
APR,D,20200107,000000,4.68,4.78,4.67,4.75,8346,0
APR,D,20200108,000000,4.75,4.77,4.68,4.7,117466,0
APR,D,20200109,000000,4.66,4.73,4.66,4.7,51374,0
APR,D,20200110,000000,4.75,4.75,4.67,4.74,9389,0
APR,D,20200113,000000,4.75,4.85,4.71,4.8,247190,0
APR,D,20200114,000000,4.86,4.86,4.75,4.78,7983,0
APR,D,20200115,000000,4.85,4.85,4.7,4.74,185289,0
APR,D,20200116,000000,4.8,4.85,4.8,4.85,33053,0
APR,D,20200117,000000,4.86,4.91,4.82,4.87,60038,0
APR,D,20200120,000000,4.9,5.02,4.87,5,152097,0
APR,D,20200121,000000,5.02,5.02,4.94,4.98,43482,0
APR,D,20200122,000000,4.98,5.04,4.96,5.02,133290,0
APR,D,20200123,000000,5.04,5.12,4.97,5.12,151628,0
APR,D,20200124,000000,5.1,5.42,5.1,5.3,229423,0
APR,D,20200127,000000,5.2,5.32,5.12,5.32,70387,0
APR,D,20200128,000000,5.3,5.46,5.3,5.42,54669,0
APR,D,20200129,000000,5.46,5.46,5.38,5.42,166449,0
APR,D,20200130,000000,5.38,5.42,5.18,5.4,35945,0
APR,D,20200131,000000,5.24,5.44,5.24,5.4,248591,0
APR,D,20200203,000000,5.3,5.4,5.3,5.34,5264,0
APR,D,20200204,000000,5.34,5.4,5.22,5.38,66850,0
APR,D,20200205,000000,5.4,5.42,5.26,5.4,95106,0
APR,D,20200206,000000,5.34,5.54,5.28,5.3,229424,0
APR,D,20200207,000000,5.4,5.48,5.28,5.28,255227,0
APR,D,20200210,000000,5.28,5.42,5.28,5.4,56696,0
APR,D,20200211,000000,5.4,5.42,5.32,5.4,37420,0
APR,D,20200212,000000,5.5,5.5,5.32,5.32,21670,0
APR,D,20200213,000000,5.52,5.52,5.3,5.3,13587,0
APR,D,20200214,000000,5.42,5.48,5.3,5.48,88740,0
APR,D,20200217,000000,5.5,5.58,5.44,5.54,54109,0
APR,D,20200218,000000,5.58,5.6,5.5,5.52,106230,0
APR,D,20200219,000000,5.58,5.58,5.48,5.48,8937,0
APR,D,20200220,000000,5.5,5.5,5.32,5.36,85760,0
APR,D,20200221,000000,5.36,5.42,5.3,5.4,5582,0
APR,D,20200224,000000,5.3,5.3,5.02,5.2,68603,0
APR,D,20200225,000000,5.1,5.28,5.1,5.2,86212,0
APR,D,20200226,000000,5.06,5.24,4.9,5.24,67805,0
APR,D,20200227,000000,5.3,5.3,4.8,4.8,82630,0
APR,D,20200228,000000,4.49,4.83,4.42,4.74,197556,0
APR,D,20200302,000000,4.66,5.08,4.66,4.8,111125,0
APR,D,20200303,000000,4.84,5.12,4.82,5.12,139445,0
APR,D,20200304,000000,5,5.06,5,5,30307,0
APR,D,20200305,000000,5,5.26,5,5.22,34006,0
APR,D,20200306,000000,5.22,5.26,5,5.12,51802,0
APR,D,20200309,000000,4.8,4.9,4.6,4.74,117787,0
APR,D,20200310,000000,4.78,5.1,4.78,4.97,365342,0
APR,D,20200311,000000,4.95,5,4.64,4.65,949043,0
APR,D,20200312,000000,4.48,4.48,3.95,3.95,985741,0
APR,D,20200313,000000,3.95,4.2,3.95,4.08,191274,0
APR,D,20200316,000000,4.05,4.05,3.65,3.75,37985,0
APR,D,20200317,000000,3.86,3.9,3.75,3.9,39508,0
APR,D,20200318,000000,3.89,3.99,3.85,3.99,40570,0
APR,D,20200319,000000,3.88,4,3.88,3.97,13435,0
APR,D,20200320,000000,3.98,4.07,3.89,4.04,54548,0
APR,D,20200323,000000,3.8,3.8,3.66,3.66,52360,0
APR,D,20200324,000000,3.62,3.7,3.51,3.6,45990,0
APR,D,20200325,000000,3.59,3.6,3.31,3.39,72145,0
APR,D,20200326,000000,3.5,3.5,3.34,3.44,19906,0
APR,D,20200327,000000,3.5,3.5,3.44,3.5,75903,0
APR,D,20200330,000000,3.55,3.6,3.5,3.6,45322,0
APR,D,20200331,000000,3.7,3.78,3.65,3.75,37368,0
APR,D,20200401,000000,3.68,3.74,3.6,3.6,22380,0
APR,D,20200402,000000,3.6,3.6,3.51,3.51,132301,0
APR,D,20200403,000000,3.58,3.59,3.54,3.55,18491,0
APR,D,20200406,000000,3.66,3.8,3.58,3.79,111111,0
APR,D,20200407,000000,3.9,3.9,3.73,3.73,48099,0
APR,D,20200408,000000,3.89,3.89,3.67,3.77,33588,0
APR,D,20200409,000000,3.89,3.98,3.77,3.97,28754,0
APR,D,20200414,000000,4,4.29,4,4.29,155367,0
APR,D,20200415,000000,4.44,4.44,4.2,4.24,66086,0
APR,D,20200416,000000,4.21,4.24,4.15,4.18,8886,0
APR,D,20200417,000000,4.22,4.25,4.2,4.25,103162,0
APR,D,20200420,000000,4.25,4.45,4.25,4.39,88904,0
APR,D,20200421,000000,4.39,4.44,4.06,4.23,48002,0
APR,D,20200422,000000,4.35,4.35,4.1,4.16,31054,0
APR,D,20200423,000000,4.21,4.35,4.18,4.27,13844,0
APR,D,20200424,000000,4.3,4.3,4.2,4.28,5322,0
APR,D,20200427,000000,4.33,4.49,4.2,4.43,229681,0
APR,D,20200428,000000,4.48,4.6,4.42,4.43,36247,0
APR,D,20200429,000000,4.5,4.5,4.3,4.48,56342,0
APR,D,20200430,000000,4.55,4.75,4.4,4.57,115085,0
APR,D,20200504,000000,4.67,4.67,4.37,4.42,57459,0
APR,D,20200505,000000,4.49,4.54,4.38,4.39,16606,0
APR,D,20200506,000000,4.45,4.58,4.29,4.45,77964,0
APR,D,20200507,000000,4.54,4.65,4.48,4.48,25591,0
APR,D,20200508,000000,4.5,4.68,4.49,4.67,23948,0
APR,D,20200511,000000,4.72,4.74,4.6,4.71,4092,0
APR,D,20200512,000000,4.7,4.9,4.66,4.86,101453,0
APR,D,20200513,000000,4.9,5.08,4.84,4.9,60606,0
APR,D,20200514,000000,4.91,4.92,4.8,4.8,129693,0
APR,D,20200515,000000,4.8,4.85,4.71,4.78,151519,0
APR,D,20200518,000000,4.78,4.85,4.7,4.78,12255,0
APR,D,20200519,000000,4.84,5,4.84,4.93,39832,0
APR,D,20200520,000000,4.94,5.08,4.85,5.06,512016,0
APR,D,20200521,000000,5.06,5.3,5.06,5.3,58411,0
APR,D,20200522,000000,5.2,5.36,5.06,5.3,122422,0
APR,D,20200525,000000,5.3,5.3,5.16,5.26,40872,0
APR,D,20200526,000000,5.26,5.3,5.24,5.26,48395,0
APR,D,20200527,000000,5.3,5.32,5.18,5.24,193942,0
APR,D,20200528,000000,5.24,5.24,4.78,4.88,65257,0
APR,D,20200529,000000,5,5.06,4.93,4.93,8281,0
APR,D,20200601,000000,5.18,5.18,4.99,5.04,8502,0
APR,D,20200602,000000,5.06,5.06,4.99,5.04,48106,0
APR,D,20200603,000000,5,5.26,4.96,5.26,57293,0
APR,D,20200604,000000,5.24,5.32,5.12,5.32,153778,0
APR,D,20200605,000000,5.32,5.36,5.1,5.32,47431,0
APR,D,20200608,000000,5.28,5.28,5.12,5.14,57529,0
APR,D,20200609,000000,5.18,5.2,5.1,5.2,16424,0
APR,D,20200610,000000,5.24,5.24,5.02,5.24,6659,0
APR,D,20200612,000000,5.08,5.12,5.02,5.04,14772,0
APR,D,20200615,000000,4.9,5.04,4.9,5,18477,0
APR,D,20200616,000000,4.95,5.14,4.95,5.14,8499,0
APR,D,20200617,000000,5.1,5.1,5.06,5.1,11211,0
APR,D,20200618,000000,4.95,5.08,4.95,5.08,12521,0
APR,D,20200619,000000,5.1,5.18,4.96,5.14,15083,0
APR,D,20200622,000000,5.14,5.14,5.02,5.1,23959,0
APR,D,20200623,000000,4.98,5.16,4.98,5.16,11536,0
APR,D,20200624,000000,5.16,5.16,5,5,7756,0
APR,D,20200625,000000,5,5.1,4.98,5.08,4920,0
APR,D,20200626,000000,5.06,5.14,4.98,5.14,33454,0
APR,D,20200629,000000,5.04,5.28,5.04,5.28,18526,0
APR,D,20200630,000000,5.28,5.28,5,5.28,15927,0
APR,D,20200701,000000,5.3,5.3,5.04,5.2,20123,0
APR,D,20200702,000000,5.16,5.3,5.16,5.3,48150,0
APR,D,20200703,000000,5.22,5.3,5.22,5.3,20692,0
APR,D,20200706,000000,5.3,5.3,5.2,5.28,13425,0
APR,D,20200707,000000,5.34,5.54,5.34,5.5,87963,0
APR,D,20200708,000000,5.4,5.48,5.36,5.44,5689,0
APR,D,20200709,000000,5.4,5.7,5.38,5.68,404599,0
APR,D,20200710,000000,5.66,5.7,5.62,5.68,68343,0
