<TICKER>,<PER>,<DATE>,<TIME>,<OPEN>,<HIGH>,<LOW>,<CLOSE>,<VOL>,<OPENINT>
ARH,D,20160322,000000,11.24,11.24,10.582,10.964,8619,0
ARH,D,20160323,000000,11.035,11.035,10.009,10.823,9303,0
ARH,D,20160324,000000,10.787,10.893,10.787,10.893,2457,0
ARH,D,20160329,000000,10.681,10.688,10.61,10.688,2616,0
ARH,D,20160330,000000,10.688,10.964,10.688,10.957,4920,0
ARH,D,20160331,000000,10.618,10.915,10.618,10.915,29,0
ARH,D,20160401,000000,10.859,10.859,10.859,10.859,149,0
ARH,D,20160404,000000,10.859,10.859,10.859,10.859,233,0
ARH,D,20160405,000000,10.859,10.859,10.787,10.787,1566,0
ARH,D,20160406,000000,10.859,10.859,10.681,10.681,996,0
ARH,D,20160407,000000,10.787,10.787,10.645,10.645,168,0
ARH,D,20160408,000000,10.645,10.964,10.645,10.653,3317,0
ARH,D,20160411,000000,10.951,10.951,10.951,10.951,1,0
ARH,D,20160412,000000,10.653,10.872,10.645,10.872,474,0
ARH,D,20160413,000000,10.851,10.851,10.653,10.851,372,0
ARH,D,20160414,000000,10.753,10.823,10.753,10.823,1138,0
ARH,D,20160415,000000,10.61,10.795,10.54,10.795,2517,0
ARH,D,20160418,000000,10.618,10.618,10.604,10.604,1194,0
ARH,D,20160419,000000,10.554,10.554,10.527,10.527,1156,0
ARH,D,20160420,000000,10.505,10.505,10.044,10.059,2248,0
ARH,D,20160421,000000,10.257,10.328,10.257,10.257,979,0
ARH,D,20160422,000000,10.257,10.54,10.257,10.54,156,0
ARH,D,20160425,000000,10.328,10.328,10.053,10.053,1428,0
ARH,D,20160426,000000,10.292,10.753,10.292,10.753,4121,0
ARH,D,20160427,000000,10.753,11.106,10.753,10.759,11225,0
ARH,D,20160428,000000,10.766,10.766,10.766,10.766,417,0
ARH,D,20160502,000000,10.823,10.823,10.823,10.823,135,0
ARH,D,20160504,000000,10.363,10.568,10.349,10.349,1648,0
ARH,D,20160506,000000,10.468,10.957,10.468,10.54,1414,0
ARH,D,20160509,000000,10.61,10.61,10.61,10.61,15,0
ARH,D,20160510,000000,10.61,10.66,10.61,10.66,1020,0
ARH,D,20160511,000000,10.624,11.028,10.624,10.964,3954,0
ARH,D,20160512,000000,10.993,10.993,10.823,10.915,3549,0
ARH,D,20160513,000000,10.893,10.893,10.893,10.893,283,0
ARH,D,20160516,000000,10.936,10.957,10.908,10.957,1244,0
ARH,D,20160517,000000,10.964,10.964,10.93,10.93,2211,0
ARH,D,20160518,000000,10.893,10.893,10.893,10.893,85,0
ARH,D,20160519,000000,10.823,10.964,10.823,10.964,15349,0
ARH,D,20160520,000000,11.028,11.035,11.028,11.035,3953,0
ARH,D,20160523,000000,10.893,10.893,10.823,10.823,919,0
ARH,D,20160524,000000,10.964,11.035,10.964,10.971,1369,0
ARH,D,20160525,000000,11.035,11.035,11.035,11.035,681,0
ARH,D,20160530,000000,10.964,10.964,10.83,10.964,544,0
ARH,D,20160531,000000,10.93,10.964,10.823,10.964,2288,0
ARH,D,20160601,000000,10.83,10.83,10.639,10.639,1324,0
ARH,D,20160602,000000,10.618,11.035,10.61,11.035,5104,0
ARH,D,20160603,000000,11.035,11.035,11.035,11.035,112,0
ARH,D,20160606,000000,11.035,11.035,10.753,10.753,484,0
ARH,D,20160607,000000,10.738,11.021,10.738,11.021,1470,0
ARH,D,20160608,000000,10.717,10.823,10.717,10.823,1343,0
ARH,D,20160609,000000,10.823,10.823,10.823,10.823,214,0
ARH,D,20160610,000000,10.753,10.753,10.753,10.753,1414,0
ARH,D,20160614,000000,10.759,10.759,10.618,10.618,595,0
ARH,D,20160615,000000,10.618,10.618,10.61,10.61,557,0
ARH,D,20160616,000000,10.54,10.54,10.398,10.398,285,0
ARH,D,20160620,000000,10.398,10.405,10.398,10.398,709,0
ARH,D,20160621,000000,10.123,10.123,10.123,10.123,57,0
ARH,D,20160622,000000,10.385,10.527,10.385,10.527,313,0
ARH,D,20160624,000000,10.123,10.25,9.549,10.215,5987,0
ARH,D,20160627,000000,10.577,10.577,10.502,10.577,2292,0
ARH,D,20160628,000000,10.577,10.577,10.577,10.577,559,0
ARH,D,20160629,000000,10.502,10.954,10.502,10.947,940,0
ARH,D,20160630,000000,10.729,10.729,10.729,10.729,4,0
ARH,D,20160701,000000,10.653,10.66,10.653,10.66,491,0
ARH,D,20160704,000000,10.729,10.729,10.426,10.426,2923,0
ARH,D,20160705,000000,10.502,10.502,10.085,10.085,359,0
ARH,D,20160706,000000,10.049,10.064,10.049,10.049,1613,0
ARH,D,20160707,000000,10.049,10.124,10.049,10.124,2132,0
ARH,D,20160712,000000,10.192,10.199,10.192,10.199,571,0
ARH,D,20160713,000000,10.124,10.124,10.124,10.124,74,0
ARH,D,20160714,000000,9.98,9.98,9.98,9.98,96,0
ARH,D,20160715,000000,10.238,10.238,10.238,10.238,99,0
ARH,D,20160718,000000,10.238,10.238,10.064,10.064,533,0
ARH,D,20160719,000000,10.049,10.049,10.018,10.018,1536,0
ARH,D,20160720,000000,10.04,10.267,10.04,10.267,3058,0
ARH,D,20160721,000000,10.267,10.267,9.98,10.004,201,0
ARH,D,20160722,000000,10.403,10.426,10.403,10.426,1051,0
ARH,D,20160725,000000,10.577,10.954,10.207,10.954,2052,0
ARH,D,20160726,000000,10.954,11.084,10.954,11.084,1377,0
ARH,D,20160727,000000,11.106,11.106,11.084,11.084,134,0
ARH,D,20160728,000000,10.954,10.954,10.954,10.954,134,0
ARH,D,20160729,000000,10.947,11.295,10.947,11.295,499,0
ARH,D,20160801,000000,10.909,10.909,10.909,10.909,134,0
ARH,D,20160804,000000,11.219,11.219,11.219,11.219,32,0
ARH,D,20160808,000000,10.917,10.917,10.917,10.917,404,0
ARH,D,20160809,000000,10.947,10.947,10.947,10.947,134,0
ARH,D,20160810,000000,10.947,10.947,10.909,10.909,264,0
ARH,D,20160811,000000,10.954,10.954,10.954,10.954,252,0
ARH,D,20160812,000000,10.993,11.324,10.993,11.324,1125,0
ARH,D,20160816,000000,10.97,11.324,10.909,11.324,271,0
ARH,D,20160817,000000,10.917,11.324,10.917,11.324,32,0
ARH,D,20160818,000000,11.324,11.324,11.324,11.324,198,0
ARH,D,20160824,000000,11.181,11.181,10.887,11.144,890,0
ARH,D,20160829,000000,10.88,11.106,10.88,11.106,306,0
ARH,D,20160830,000000,10.925,10.925,10.88,10.88,893,0
ARH,D,20160831,000000,11.106,11.385,10.954,11.295,10416,0
ARH,D,20160901,000000,11.295,11.318,11.295,11.318,1083,0
ARH,D,20160902,000000,11.295,11.295,10.917,11.257,909,0
ARH,D,20160905,000000,11.25,11.25,10.917,11.106,590,0
ARH,D,20160906,000000,10.94,11.219,10.94,11.219,913,0
ARH,D,20160907,000000,11.204,11.334,11.204,11.334,6717,0
ARH,D,20160908,000000,11.324,11.484,11.257,11.484,49934,0
ARH,D,20160909,000000,11.408,11.673,11.334,11.484,72583,0
ARH,D,20160912,000000,11.219,11.219,11.106,11.106,23777,0
ARH,D,20160913,000000,11.106,11.106,11.106,11.106,2897,0
ARH,D,20160914,000000,11.001,11.001,11.001,11.001,26,0
ARH,D,20160915,000000,11.007,11.597,11.001,11.552,13192,0
ARH,D,20160916,000000,11.574,11.597,11.559,11.574,463,0
ARH,D,20160919,000000,11.559,11.597,11.559,11.597,4353,0
ARH,D,20160920,000000,11.484,11.597,11.34,11.408,393,0
ARH,D,20160921,000000,11.424,11.634,11.424,11.597,4063,0
ARH,D,20160923,000000,11.597,11.634,11.597,11.634,770,0
ARH,D,20160926,000000,11.634,11.688,11.295,11.688,3344,0
ARH,D,20160927,000000,11.453,11.688,11.446,11.688,110,0
ARH,D,20160928,000000,11.446,11.688,11.334,11.68,101,0
ARH,D,20160929,000000,11.634,11.786,11.634,11.786,24439,0
ARH,D,20160930,000000,11.786,11.861,11.786,11.861,661,0
ARH,D,20161003,000000,11.861,11.861,11.786,11.786,345,0
ARH,D,20161004,000000,11.786,11.861,11.567,11.725,4185,0
ARH,D,20161006,000000,11.634,11.725,11.634,11.725,264,0
ARH,D,20161007,000000,11.725,11.786,11.725,11.786,504,0
ARH,D,20161010,000000,11.786,11.831,11.522,11.657,16256,0
ARH,D,20161011,000000,11.673,11.673,11.673,11.673,397,0
ARH,D,20161012,000000,11.634,11.634,11.634,11.634,134,0
ARH,D,20161013,000000,11.673,11.839,11.673,11.839,4843,0
ARH,D,20161014,000000,11.711,11.711,11.711,11.711,67,0
ARH,D,20161017,000000,11.559,11.831,11.559,11.711,733,0
ARH,D,20161018,000000,11.711,11.711,11.711,11.711,7649,0
ARH,D,20161019,000000,11.847,11.847,11.839,11.839,146,0
ARH,D,20161021,000000,11.711,11.711,11.711,11.711,271,0
ARH,D,20161024,000000,11.711,11.711,11.559,11.559,1542,0
ARH,D,20161025,000000,11.808,11.808,11.808,11.808,212,0
ARH,D,20161027,000000,11.559,11.711,11.334,11.514,1131,0
ARH,D,20161028,000000,11.522,11.522,11.522,11.522,2,0
ARH,D,20161031,000000,11.522,11.696,11.522,11.696,3275,0
ARH,D,20161103,000000,11.295,11.401,11.264,11.401,1261,0
ARH,D,20161104,000000,11.401,11.612,11.401,11.612,1319,0
ARH,D,20161107,000000,11.334,11.334,11.334,11.334,67,0
ARH,D,20161109,000000,11.408,11.68,11.408,11.68,57,0
ARH,D,20161110,000000,11.334,11.559,11.334,11.334,262,0
ARH,D,20161114,000000,11.219,11.446,11.219,11.334,2960,0
ARH,D,20161115,000000,11.302,11.446,11.302,11.334,411,0
ARH,D,20161116,000000,11.226,11.226,11.219,11.226,306,0
ARH,D,20161117,000000,11.439,11.439,11.439,11.439,19,0
ARH,D,20161118,000000,11.439,11.499,11.181,11.181,3161,0
ARH,D,20161121,000000,11.257,11.334,11.257,11.334,1890,0
ARH,D,20161122,000000,11.113,11.257,11.106,11.257,348,0
ARH,D,20161123,000000,11.211,11.324,11.211,11.324,1013,0
ARH,D,20161124,000000,11.318,11.318,11.106,11.106,571,0
ARH,D,20161125,000000,11.106,11.106,11.106,11.106,75,0
ARH,D,20161128,000000,11.031,11.334,11.031,11.302,1554,0
ARH,D,20161129,000000,11.324,11.334,11.31,11.31,400,0
ARH,D,20161130,000000,11.324,11.324,11.031,11.324,179,0
ARH,D,20161201,000000,11.318,11.318,11.318,11.318,6,0
ARH,D,20161202,000000,11.318,11.318,11.031,11.031,125,0
ARH,D,20161205,000000,11.302,11.302,11.038,11.038,50,0
ARH,D,20161206,000000,11.031,11.031,10.88,11.031,1945,0
ARH,D,20161207,000000,10.917,10.917,10.653,10.917,855,0
ARH,D,20161208,000000,10.954,10.954,10.954,10.954,439,0
ARH,D,20161212,000000,10.502,10.993,10.502,10.993,2031,0
ARH,D,20161213,000000,11.174,11.334,11.174,11.334,6628,0
ARH,D,20161214,000000,11.34,11.597,11.34,11.597,598,0
ARH,D,20161215,000000,11.628,11.824,11.628,11.824,15009,0
ARH,D,20161216,000000,11.847,12.013,11.847,11.861,6008,0
ARH,D,20161219,000000,11.861,11.861,11.257,11.861,2463,0
ARH,D,20161220,000000,11.711,11.711,11.711,11.711,661,0
ARH,D,20161221,000000,11.847,11.847,11.522,11.711,141,0
ARH,D,20161223,000000,11.786,11.786,11.786,11.786,6,0
ARH,D,20161227,000000,11.778,11.778,11.778,11.778,60,0
ARH,D,20161228,000000,11.711,11.711,11.711,11.711,202,0
ARH,D,20161229,000000,11.696,11.696,11.522,11.583,1593,0
ARH,D,20161230,000000,11.522,11.522,11.522,11.522,530,0
ARH,D,20170102,000000,11.522,11.559,11.522,11.522,1681,0
ARH,D,20170103,000000,11.711,12.013,11.334,11.514,8298,0
ARH,D,20170104,000000,11.499,11.499,11.334,11.334,658,0
ARH,D,20170105,000000,11.334,11.334,10.993,11.106,3671,0
ARH,D,20170109,000000,11.408,11.514,11.408,11.514,1576,0
ARH,D,20170110,000000,11.334,11.334,11.334,11.334,11,0
ARH,D,20170111,000000,11.514,11.522,11.514,11.522,1389,0
ARH,D,20170112,000000,11.522,11.786,11.522,11.786,13250,0
ARH,D,20170113,000000,11.778,11.778,11.484,11.492,150,0
ARH,D,20170116,000000,11.786,11.786,11.484,11.559,1805,0
ARH,D,20170117,000000,11.725,11.725,11.725,11.725,2,0
ARH,D,20170118,000000,11.711,11.711,11.711,11.711,2,0
ARH,D,20170119,000000,11.702,11.702,11.492,11.492,412,0
ARH,D,20170120,000000,11.34,11.634,11.334,11.34,6597,0
ARH,D,20170123,000000,11.257,11.634,11.257,11.634,1382,0
ARH,D,20170124,000000,11.634,11.786,11.264,11.786,6140,0
ARH,D,20170125,000000,11.778,11.778,11.34,11.778,5364,0
ARH,D,20170126,000000,11.711,11.711,11.711,11.711,139,0
ARH,D,20170127,000000,11.711,11.711,11.711,11.711,2000,0
ARH,D,20170130,000000,11.839,11.839,11.839,11.839,1489,0
ARH,D,20170131,000000,11.839,11.839,11.786,11.786,1027,0
ARH,D,20170201,000000,11.778,11.778,11.778,11.778,107,0
ARH,D,20170202,000000,11.711,11.711,11.334,11.334,768,0
ARH,D,20170203,000000,11.771,11.771,11.673,11.711,1449,0
ARH,D,20170207,000000,11.711,11.763,11.711,11.763,1829,0
ARH,D,20170208,000000,11.634,11.634,11.634,11.634,22,0
ARH,D,20170209,000000,11.778,11.778,11.634,11.634,542,0
ARH,D,20170210,000000,11.522,11.749,11.522,11.749,993,0
ARH,D,20170213,000000,11.522,11.749,11.334,11.749,2130,0
ARH,D,20170214,000000,11.334,11.334,11.334,11.334,132,0
ARH,D,20170215,000000,11.34,11.34,11.34,11.34,264,0
ARH,D,20170216,000000,11.348,11.408,11.34,11.34,946,0
ARH,D,20170217,000000,11.348,11.439,10.864,10.864,8021,0
ARH,D,20170220,000000,11.334,11.334,10.962,11.334,1133,0
ARH,D,20170221,000000,11.334,11.334,11.334,11.334,210,0
ARH,D,20170222,000000,11.334,11.334,11.334,11.334,491,0
ARH,D,20170223,000000,11.144,11.334,11.144,11.334,395,0
ARH,D,20170224,000000,11.334,11.334,11.106,11.106,439,0
ARH,D,20170227,000000,11.324,11.324,11.257,11.264,1387,0
ARH,D,20170228,000000,11.324,11.324,11.324,11.324,33,0
ARH,D,20170301,000000,11.324,11.334,11.324,11.334,1667,0
ARH,D,20170302,000000,11.334,11.334,11.334,11.334,472,0
ARH,D,20170303,000000,11.34,11.408,11.34,11.408,1627,0
ARH,D,20170306,000000,11.264,11.484,10.993,11.484,321,0
ARH,D,20170307,000000,11.334,11.334,11.334,11.334,38,0
ARH,D,20170308,000000,11.181,11.181,11.181,11.181,642,0
ARH,D,20170309,000000,11.334,11.334,11.334,11.334,3,0
ARH,D,20170310,000000,11.318,11.334,11.318,11.334,6964,0
ARH,D,20170313,000000,11.476,11.476,11.001,11.334,3046,0
ARH,D,20170314,000000,11.408,11.408,11.408,11.408,2,0
ARH,D,20170315,000000,11.408,11.408,11.144,11.144,1068,0
ARH,D,20170316,000000,11.37,11.37,11.076,11.334,103,0
ARH,D,20170317,000000,11.37,11.37,11.334,11.37,2506,0
ARH,D,20170320,000000,11.408,11.484,11.106,11.484,31373,0
ARH,D,20170322,000000,11.129,11.453,11.129,11.453,284,0
ARH,D,20170323,000000,11.37,11.37,11.37,11.37,118538,0
ARH,D,20170324,000000,11.334,11.334,11.334,11.334,3729,0
ARH,D,20170327,000000,11.28,11.334,11.28,11.334,397,0
ARH,D,20170328,000000,11.287,11.287,11.257,11.257,475,0
ARH,D,20170329,000000,11.348,11.424,11.348,11.424,605,0
ARH,D,20170330,000000,11.424,11.43,11.424,11.43,332,0
ARH,D,20170331,000000,11.43,11.522,11.43,11.522,2346,0
ARH,D,20170404,000000,11.544,11.786,11.544,11.786,10990,0
ARH,D,20170405,000000,11.634,11.634,11.522,11.522,927,0
ARH,D,20170406,000000,11.794,11.794,11.794,11.794,3,0
ARH,D,20170407,000000,11.794,11.9,11.794,11.831,7624,0
ARH,D,20170410,000000,11.952,11.952,11.952,11.952,397,0
ARH,D,20170411,000000,11.891,11.891,11.786,11.884,139,0
ARH,D,20170412,000000,11.891,12.466,11.891,12.088,27332,0
ARH,D,20170413,000000,12.39,12.39,11.673,12.238,3258,0
ARH,D,20170418,000000,12.051,12.233,12.051,12.233,8595,0
ARH,D,20170419,000000,12.058,12.238,12.058,12.224,6545,0
ARH,D,20170420,000000,12.238,12.466,12.238,12.466,2966,0
ARH,D,20170421,000000,12.647,12.647,12.542,12.616,6257,0
ARH,D,20170424,000000,12.769,12.821,12.769,12.821,2507,0
ARH,D,20170425,000000,12.821,12.821,12.655,12.821,1103,0
ARH,D,20170426,000000,12.821,12.821,12.616,12.805,771,0
ARH,D,20170427,000000,12.769,12.805,12.693,12.693,4909,0
ARH,D,20170428,000000,12.323,12.73,12.088,12.73,4209,0
ARH,D,20170502,000000,12.542,12.738,12.542,12.738,752,0
ARH,D,20170504,000000,12.753,12.753,12.693,12.693,1333,0
ARH,D,20170505,000000,12.39,12.693,12.238,12.345,2706,0
ARH,D,20170508,000000,12.345,12.345,12.238,12.238,661,0
ARH,D,20170509,000000,12.315,12.315,11.453,11.711,6717,0
ARH,D,20170510,000000,11.711,11.711,11.559,11.605,39951,0
ARH,D,20170511,000000,11.634,11.921,11.605,11.915,10057,0
ARH,D,20170512,000000,11.915,11.929,11.915,11.929,2276,0
ARH,D,20170515,000000,11.861,11.937,11.574,11.937,1596,0
ARH,D,20170516,000000,11.725,11.725,11.725,11.725,108,0
ARH,D,20170517,000000,11.952,11.952,11.718,11.944,4147,0
ARH,D,20170518,000000,11.718,11.718,11.718,11.718,1,0
ARH,D,20170519,000000,12.201,12.201,11.725,12.164,74,0
ARH,D,20170522,000000,12.14,12.466,12.013,12.013,33095,0
ARH,D,20170523,000000,12.504,12.579,12.013,12.466,33778,0
ARH,D,20170524,000000,12.466,12.542,12.39,12.39,712,0
ARH,D,20170525,000000,12.39,12.693,12.39,12.693,5568,0
ARH,D,20170526,000000,12.61,12.678,12.579,12.579,1939,0
ARH,D,20170529,000000,12.791,12.798,12.647,12.769,5430,0
ARH,D,20170530,000000,12.792,12.843,12.655,12.655,5849,0
ARH,D,20170601,000000,13.012,13.036,13.012,13.036,252,0
ARH,D,20170602,000000,12.575,12.695,12.457,12.695,4598,0
ARH,D,20170605,000000,12.774,12.933,12.774,12.933,99063,0
ARH,D,20170606,000000,12.933,12.972,12.805,12.972,77743,0
ARH,D,20170607,000000,13.084,13.084,12.853,12.853,2558,0
ARH,D,20170608,000000,12.774,13.21,12.568,13.202,1971,0
ARH,D,20170609,000000,13.202,13.282,12.917,13.273,9809,0
ARH,D,20170612,000000,13.282,13.282,13.012,13.012,388,0
ARH,D,20170613,000000,12.933,13.012,12.83,13.012,1109,0
ARH,D,20170614,000000,12.853,13.004,12.781,12.79,13245,0
ARH,D,20170616,000000,12.853,12.933,12.853,12.933,377,0
ARH,D,20170619,000000,12.933,12.933,12.774,12.774,1206,0
ARH,D,20170620,000000,12.758,12.758,12.695,12.695,761,0
ARH,D,20170621,000000,12.695,12.695,12.695,12.695,89,0
ARH,D,20170622,000000,12.695,12.695,12.695,12.695,439,0
ARH,D,20170626,000000,12.695,12.814,12.695,12.695,754,0
ARH,D,20170627,000000,12.695,12.695,12.695,12.695,188,0
ARH,D,20170628,000000,12.733,12.733,12.733,12.733,99,0
ARH,D,20170629,000000,12.615,12.615,12.615,12.615,4300,0
ARH,D,20170630,000000,12.615,12.615,12.464,12.615,9160,0
ARH,D,20170703,000000,12.416,12.416,12.338,12.338,1026,0
ARH,D,20170704,000000,12.338,12.338,12.298,12.338,836,0
ARH,D,20170705,000000,11.98,12.496,11.98,12.496,360,0
ARH,D,20170707,000000,12.338,12.338,12.298,12.298,3328,0
ARH,D,20170710,000000,12.298,12.298,12.298,12.298,1450,0
ARH,D,20170711,000000,12.457,12.457,12.298,12.298,840,0
ARH,D,20170712,000000,12.298,12.298,12.059,12.059,9010,0
ARH,D,20170713,000000,12.496,12.496,12.377,12.377,25,0
ARH,D,20170714,000000,12.338,12.338,12.338,12.338,252,0
ARH,D,20170718,000000,12.496,12.608,12.496,12.608,591,0
ARH,D,20170719,000000,12.608,12.733,12.608,12.733,267,0
ARH,D,20170720,000000,12.306,12.726,12.306,12.726,1263,0
ARH,D,20170721,000000,12.227,12.496,11.147,12.496,11084,0
ARH,D,20170724,000000,12.219,12.6,12.219,12.6,1666,0
ARH,D,20170725,000000,12.179,12.528,12.116,12.488,3372,0
ARH,D,20170727,000000,12.608,12.608,12.608,12.608,2,0
ARH,D,20170728,000000,12.608,12.608,12.457,12.608,288,0
ARH,D,20170731,000000,12.298,12.608,12.298,12.608,27927,0
ARH,D,20170801,000000,12.615,12.695,12.615,12.615,32576,0
ARH,D,20170804,000000,12.449,12.449,12.449,12.449,882,0
ARH,D,20170807,000000,12.179,12.179,12.179,12.179,630,0
ARH,D,20170808,000000,12.099,12.155,11.901,12.14,1374,0
ARH,D,20170809,000000,11.821,12.14,11.821,12.14,419,0
ARH,D,20170810,000000,12.14,12.14,12.14,12.14,315,0
ARH,D,20170811,000000,12.155,12.155,11.783,12.155,215,0
ARH,D,20170814,000000,12.258,12.258,12.258,12.258,2,0
ARH,D,20170816,000000,12.258,12.258,12.258,12.258,114,0
ARH,D,20170817,000000,11.901,12.219,11.901,12.219,656,0
ARH,D,20170818,000000,12.219,12.219,12.219,12.219,17,0
ARH,D,20170822,000000,12.179,12.179,12.179,12.179,113,0
ARH,D,20170824,000000,12.211,12.211,12.179,12.179,335,0
ARH,D,20170825,000000,12.14,12.14,12.14,12.14,882,0
ARH,D,20170828,000000,11.821,12.211,11.821,12.211,375,0
ARH,D,20170829,000000,11.838,11.98,11.838,11.98,355,0
ARH,D,20170830,000000,12.099,12.099,12.099,12.099,108,0
ARH,D,20170831,000000,12.219,12.219,12.021,12.021,1153,0
ARH,D,20170901,000000,12.021,12.021,12.021,12.021,125,0
ARH,D,20170904,000000,12.14,12.219,12.14,12.219,309,0
ARH,D,20170905,000000,12.211,12.211,12.052,12.099,397,0
ARH,D,20170906,000000,12.021,12.021,11.838,11.838,44021,0
ARH,D,20170907,000000,11.861,11.901,11.696,11.696,8058,0
ARH,D,20170908,000000,11.663,11.663,11.663,11.663,451,0
ARH,D,20170911,000000,11.663,11.663,11.226,11.663,8269,0
ARH,D,20170912,000000,11.663,11.663,11.663,11.663,507,0
ARH,D,20170913,000000,11.307,11.504,11.298,11.298,625,0
ARH,D,20170914,000000,11.504,11.654,11.504,11.654,177,0
ARH,D,20170915,000000,11.663,11.901,11.663,11.901,2508,0
ARH,D,20170918,000000,11.893,11.901,11.893,11.901,195,0
ARH,D,20170919,000000,11.925,11.925,11.901,11.901,1577,0
ARH,D,20170920,000000,11.901,11.901,11.702,11.861,19994,0
ARH,D,20170921,000000,11.854,11.98,11.821,11.98,4273,0
ARH,D,20170922,000000,11.972,11.988,11.426,11.544,3459,0
ARH,D,20170925,000000,11.552,11.552,11.52,11.52,1809,0
ARH,D,20170926,000000,11.473,11.473,11.315,11.345,3069,0
ARH,D,20170927,000000,11.457,11.861,11.457,11.854,1242,0
ARH,D,20170928,000000,11.861,11.861,11.663,11.663,2003,0
ARH,D,20170929,000000,11.671,11.671,11.504,11.663,2842,0
ARH,D,20171004,000000,11.678,11.688,11.663,11.663,984,0
ARH,D,20171005,000000,11.766,11.783,11.766,11.783,826,0
ARH,D,20171006,000000,11.901,11.901,11.901,11.901,5592,0
ARH,D,20171009,000000,11.98,11.98,11.98,11.98,1389,0
ARH,D,20171010,000000,12.211,12.211,12.13,12.13,762,0
ARH,D,20171011,000000,12.211,12.219,12.211,12.219,1078,0
ARH,D,20171012,000000,12.219,12.219,12.219,12.219,377,0
ARH,D,20171013,000000,12.219,12.219,12.179,12.179,1261,0
ARH,D,20171016,000000,12.179,12.179,12.14,12.14,817,0
ARH,D,20171017,000000,12.14,12.202,12.14,12.202,797,0
ARH,D,20171018,000000,12.14,12.14,12.14,12.14,718,0
ARH,D,20171019,000000,12.14,12.14,11.821,11.821,14558,0
ARH,D,20171020,000000,11.901,11.901,11.901,11.901,37950,0
ARH,D,20171023,000000,11.901,12.059,11.861,11.861,1636,0
ARH,D,20171024,000000,11.901,11.901,11.901,11.901,4140,0
ARH,D,20171025,000000,11.901,11.901,11.702,11.742,1463,0
ARH,D,20171026,000000,11.742,11.742,11.742,11.742,945,0
ARH,D,20171027,000000,11.75,11.901,11.742,11.901,15963,0
ARH,D,20171030,000000,11.742,11.742,11.742,11.742,9243,0
ARH,D,20171031,000000,12.059,12.059,12.059,12.059,51,0
ARH,D,20171102,000000,11.901,11.901,11.783,11.861,1243,0
ARH,D,20171108,000000,11.671,11.702,11.663,11.702,1790,0
ARH,D,20171109,000000,11.702,11.702,11.504,11.654,705,0
ARH,D,20171110,000000,11.584,11.584,11.426,11.432,1231,0
ARH,D,20171113,000000,11.504,11.504,11.426,11.426,2075,0
ARH,D,20171114,000000,11.426,11.426,11.354,11.426,1825,0
ARH,D,20171115,000000,11.369,11.426,11.354,11.426,264,0
ARH,D,20171116,000000,11.354,11.647,11.345,11.647,326,0
ARH,D,20171117,000000,11.504,11.64,11.315,11.64,808,0
ARH,D,20171120,000000,11.735,11.735,11.321,11.385,781,0
ARH,D,20171121,000000,11.426,11.426,11.385,11.426,592,0
ARH,D,20171122,000000,11.426,11.504,11.426,11.504,9079,0
ARH,D,20171123,000000,11.504,11.504,11.426,11.426,5543,0
ARH,D,20171124,000000,11.426,11.426,11.338,11.426,475,0
ARH,D,20171127,000000,11.742,11.742,11.338,11.338,107,0
ARH,D,20171128,000000,11.345,11.726,11.33,11.726,631,0
ARH,D,20171129,000000,11.338,11.512,11.33,11.345,20070,0
ARH,D,20171130,000000,11.628,12.199,11.595,11.837,16688,0
ARH,D,20171201,000000,11.958,12.199,11.958,12.078,13904,0
ARH,D,20171204,000000,12.159,12.425,12.159,12.425,1478,0
ARH,D,20171205,000000,12.312,12.312,12.312,12.312,665,0
ARH,D,20171206,000000,12.401,12.401,12.401,12.401,310,0
ARH,D,20171207,000000,12.401,12.401,12.401,12.401,932,0
ARH,D,20171208,000000,12.401,12.401,12.392,12.401,2422,0
ARH,D,20171211,000000,12.312,12.401,12.312,12.32,311,0
ARH,D,20171212,000000,12.328,12.328,12.32,12.32,243,0
ARH,D,20171213,000000,12.32,12.392,12.32,12.392,4865,0
ARH,D,20171214,000000,12.392,12.763,12.392,12.763,7148,0
ARH,D,20171215,000000,12.763,13.19,12.763,13.19,6907,0
ARH,D,20171218,000000,13.206,13.487,13.206,13.456,3923,0
ARH,D,20171219,000000,13.005,13.367,13.005,13.367,2605,0
ARH,D,20171220,000000,12.924,13.471,12.924,13.294,3256,0
ARH,D,20171221,000000,13.013,13.263,13.013,13.053,1977,0
ARH,D,20171222,000000,13.053,13.27,13.053,13.27,1231,0
ARH,D,20171227,000000,12.981,12.981,12.908,12.908,715,0
ARH,D,20171228,000000,12.883,13.125,12.529,13.125,992,0
ARH,D,20171229,000000,12.828,13.206,12.828,13.206,1580,0
ARH,D,20180103,000000,13.044,13.206,12.883,13.206,1502,0
ARH,D,20180104,000000,13.044,13.044,12.804,12.804,16043,0
ARH,D,20180105,000000,12.804,12.883,12.804,12.883,1824,0
ARH,D,20180108,000000,12.883,12.883,12.763,12.883,67596,0
ARH,D,20180109,000000,13.044,13.044,12.883,12.883,5431,0
ARH,D,20180110,000000,12.883,12.883,12.883,12.883,3667,0
ARH,D,20180111,000000,12.883,13.085,12.883,13.085,154,0
ARH,D,20180112,000000,13.085,13.085,12.804,13.044,3117,0
ARH,D,20180115,000000,13.044,13.044,12.964,12.964,4581,0
ARH,D,20180116,000000,13.005,13.044,12.763,13.044,3901,0
ARH,D,20180117,000000,12.883,13.044,12.804,12.804,5545,0
ARH,D,20180118,000000,12.804,12.804,12.682,12.723,5228,0
ARH,D,20180119,000000,12.723,12.723,12.642,12.642,4095,0
ARH,D,20180122,000000,12.723,12.723,12.521,12.562,1283,0
ARH,D,20180123,000000,12.562,12.682,12.562,12.682,548,0
ARH,D,20180124,000000,12.521,12.723,12.481,12.682,504,0
ARH,D,20180125,000000,12.642,12.642,12.562,12.642,517,0
ARH,D,20180126,000000,12.723,12.723,12.642,12.723,16224,0
ARH,D,20180129,000000,12.723,12.723,12.682,12.723,6356,0
ARH,D,20180130,000000,12.723,12.723,12.521,12.521,10552,0
ARH,D,20180131,000000,12.481,12.481,12.078,12.481,73142,0
ARH,D,20180201,000000,12.481,12.481,12.481,12.481,211,0
ARH,D,20180202,000000,12.481,12.481,12.32,12.32,3912,0
ARH,D,20180205,000000,12.32,12.32,12.239,12.239,410,0
ARH,D,20180206,000000,12.119,12.401,11.757,12.401,8815,0
ARH,D,20180207,000000,12.361,12.521,12.078,12.521,23557,0
ARH,D,20180208,000000,12.361,12.642,12.361,12.642,985,0
ARH,D,20180209,000000,12.642,12.642,12.401,12.642,1179,0
ARH,D,20180212,000000,12.642,12.642,12.361,12.481,7890,0
ARH,D,20180213,000000,12.481,12.481,12.481,12.481,727,0
ARH,D,20180214,000000,12.199,12.481,12.199,12.481,3813,0
ARH,D,20180215,000000,12.481,12.481,12.481,12.481,2360,0
ARH,D,20180216,000000,12.481,12.481,12.481,12.481,1552,0
ARH,D,20180219,000000,12.481,12.481,12.481,12.481,12419,0
ARH,D,20180220,000000,12.481,12.481,12.401,12.481,17736,0
ARH,D,20180221,000000,12.401,12.401,12.401,12.401,3953,0
ARH,D,20180222,000000,12.401,12.401,12.32,12.401,1316,0
ARH,D,20180223,000000,12.401,12.723,12.401,12.723,919,0
ARH,D,20180226,000000,12.28,13.044,12.28,13.044,1472,0
ARH,D,20180227,000000,13.044,13.044,12.924,12.924,1399,0
ARH,D,20180228,000000,12.964,12.964,12.642,12.924,5202,0
ARH,D,20180301,000000,12.843,12.883,12.562,12.883,612,0
ARH,D,20180302,000000,12.804,12.804,12.642,12.642,18272,0
ARH,D,20180305,000000,12.562,12.723,12.562,12.723,766,0
ARH,D,20180306,000000,12.723,12.723,12.361,12.723,324,0
ARH,D,20180307,000000,12.401,12.562,12.159,12.521,5018,0
ARH,D,20180308,000000,12.642,12.642,12.44,12.642,394,0
ARH,D,20180309,000000,12.642,12.642,12.562,12.642,376,0
ARH,D,20180312,000000,12.642,12.642,12.521,12.642,178,0
ARH,D,20180314,000000,12.682,12.682,12.682,12.682,497,0
ARH,D,20180315,000000,12.723,12.723,12.521,12.682,1353,0
ARH,D,20180319,000000,12.521,12.642,12.481,12.642,1018,0
ARH,D,20180320,000000,12.481,12.723,12.481,12.723,248,0
ARH,D,20180321,000000,12.481,12.804,12.481,12.804,195,0
ARH,D,20180322,000000,12.804,12.804,12.602,12.804,1300,0
ARH,D,20180323,000000,12.642,12.642,12.642,12.642,1366,0
ARH,D,20180326,000000,12.642,12.843,12.521,12.843,226,0
ARH,D,20180327,000000,12.843,12.843,12.521,12.804,2211,0
ARH,D,20180328,000000,12.804,12.804,12.562,12.763,844,0
ARH,D,20180329,000000,12.602,12.883,12.602,12.883,1985,0
ARH,D,20180403,000000,12.883,12.883,12.32,12.562,5480,0
ARH,D,20180404,000000,12.562,12.562,12.361,12.562,3571,0
ARH,D,20180406,000000,12.32,12.481,12.078,12.481,11298,0
ARH,D,20180410,000000,12.199,12.481,12.159,12.481,2484,0
ARH,D,20180411,000000,12.44,12.44,12.44,12.44,38,0
ARH,D,20180412,000000,12.44,12.44,12.44,12.44,252,0
ARH,D,20180413,000000,12.401,12.401,12.078,12.32,2662,0
ARH,D,20180416,000000,12.159,12.401,12.159,12.401,233,0
ARH,D,20180417,000000,12.199,12.199,12.159,12.199,559,0
ARH,D,20180418,000000,12.119,12.119,11.998,12.078,2580,0
ARH,D,20180419,000000,12.078,12.078,11.595,11.998,2872,0
ARH,D,20180420,000000,12.078,12.401,12.078,12.401,88835,0
ARH,D,20180423,000000,11.998,12.078,11.837,12.078,5005,0
ARH,D,20180424,000000,12.401,12.401,12.078,12.239,7617,0
ARH,D,20180425,000000,12.078,12.361,12.078,12.32,27341,0
ARH,D,20180426,000000,12.361,12.361,12.28,12.28,608,0
ARH,D,20180427,000000,12.361,12.361,12.078,12.078,2893,0
ARH,D,20180430,000000,12.038,12.32,12.038,12.32,572,0
ARH,D,20180502,000000,12.32,12.32,12.32,12.32,1195,0
ARH,D,20180504,000000,12.32,12.32,12.239,12.239,163,0
ARH,D,20180507,000000,12.239,12.32,12.239,12.28,1579,0
ARH,D,20180508,000000,12.239,12.28,12.199,12.28,655,0
ARH,D,20180509,000000,12.28,12.28,12.199,12.28,585,0
ARH,D,20180511,000000,12.239,12.28,12.119,12.239,61871,0
ARH,D,20180514,000000,12.28,12.481,12.28,12.481,26308,0
ARH,D,20180515,000000,12.481,12.642,12.32,12.642,168780,0
ARH,D,20180516,000000,12.642,12.723,12.481,12.723,213473,0
ARH,D,20180517,000000,12.804,12.804,12.481,12.763,38088,0
ARH,D,20180518,000000,12.28,12.723,12.28,12.723,325,0
ARH,D,20180521,000000,12.28,12.763,12.28,12.763,274,0
ARH,D,20180523,000000,12.32,12.723,12.159,12.723,2226,0
ARH,D,20180524,000000,12.32,12.481,12.32,12.481,1750,0
ARH,D,20180525,000000,12.481,12.723,12.481,12.723,19377,0
ARH,D,20180528,000000,12.521,12.883,12.521,12.843,1754,0
ARH,D,20180529,000000,12.843,12.883,12.804,12.883,4494,0
ARH,D,20180530,000000,12.723,12.843,12.642,12.843,5388,0
ARH,D,20180601,000000,12.843,12.843,12.723,12.843,3974,0
ARH,D,20180604,000000,13.508,13.508,12.71,12.843,87361,0
ARH,D,20180605,000000,13.02,13.02,12.755,12.755,13176,0
ARH,D,20180606,000000,12.666,12.666,12.223,12.622,18465,0
ARH,D,20180607,000000,12.622,12.622,12.622,12.622,904,0
ARH,D,20180608,000000,12.622,12.666,12.622,12.666,113,0
ARH,D,20180611,000000,12.71,13.286,12.71,13.286,1150,0
ARH,D,20180612,000000,13.197,13.552,12.932,13.552,1525,0
ARH,D,20180613,000000,13.508,13.641,13.153,13.641,4350,0
ARH,D,20180618,000000,13.286,13.641,13.153,13.641,330,0
ARH,D,20180619,000000,13.109,13.641,13.109,13.641,21624,0
ARH,D,20180620,000000,13.597,13.597,13.597,13.597,2370,0
ARH,D,20180621,000000,13.597,13.597,13.286,13.286,677,0
ARH,D,20180622,000000,13.552,13.552,13.552,13.552,2265,0
ARH,D,20180626,000000,13.552,13.552,13.153,13.508,3048,0
ARH,D,20180627,000000,13.552,13.552,13.197,13.42,3493,0
ARH,D,20180628,000000,13.42,13.42,13.42,13.42,2332,0
ARH,D,20180629,000000,13.42,13.508,13.42,13.508,2370,0
ARH,D,20180702,000000,13.464,13.464,13.42,13.42,2036,0
ARH,D,20180703,000000,13.42,13.42,13.42,13.42,2032,0
ARH,D,20180704,000000,13.42,13.42,13.42,13.42,1027,0
ARH,D,20180705,000000,13.42,13.42,13.286,13.286,74650,0
ARH,D,20180706,000000,13.42,13.42,13.42,13.42,1572,0
ARH,D,20180709,000000,13.42,13.42,13.065,13.375,1177,0
ARH,D,20180710,000000,12.843,13.375,12.843,13.375,1247,0
ARH,D,20180712,000000,13.109,13.109,13.109,13.109,11,0
ARH,D,20180713,000000,13.109,13.109,13.109,13.109,729,0
ARH,D,20180716,000000,13.109,13.242,12.932,13.242,1548,0
ARH,D,20180717,000000,13.197,13.197,13.197,13.197,1468,0
ARH,D,20180718,000000,13.197,13.242,13.197,13.242,1605,0
ARH,D,20180719,000000,13.197,13.197,13.197,13.197,1581,0
ARH,D,20180720,000000,13.197,13.197,13.197,13.197,1524,0
ARH,D,20180723,000000,13.02,13.197,13.02,13.02,1407,0
ARH,D,20180724,000000,13.242,13.242,13.02,13.02,1479,0
ARH,D,20180725,000000,13.153,13.153,13.109,13.109,1244,0
ARH,D,20180726,000000,12.887,12.932,12.843,12.843,1010,0
ARH,D,20180727,000000,12.843,13.02,12.843,13.02,130,0
ARH,D,20180730,000000,13.02,13.02,13.02,13.02,51,0
ARH,D,20180731,000000,13.109,13.242,13.02,13.242,148,0
ARH,D,20180801,000000,13.242,13.242,13.242,13.242,1332,0
ARH,D,20180802,000000,13.197,13.197,13.197,13.197,1186,0
ARH,D,20180803,000000,13.197,13.197,12.932,12.932,1524,0
ARH,D,20180806,000000,12.843,12.843,12.843,12.843,113,0
ARH,D,20180807,000000,12.843,12.843,12.843,12.843,537,0
ARH,D,20180808,000000,12.755,12.799,12.223,12.799,1626,0
ARH,D,20180809,000000,12.799,12.799,12.356,12.489,2352,0
ARH,D,20180810,000000,12.312,12.401,11.958,12.356,1245,0
ARH,D,20180813,000000,12.356,12.356,12.179,12.179,1738,0
ARH,D,20180814,000000,12.223,12.223,12.179,12.179,1606,0
ARH,D,20180816,000000,12.223,12.223,12.223,12.223,81,0
ARH,D,20180821,000000,12.179,12.179,12.179,12.179,90,0
ARH,D,20180822,000000,12.179,12.223,12.179,12.223,113,0
ARH,D,20180827,000000,11.825,12.223,11.825,12.223,570,0
ARH,D,20180828,000000,11.825,11.958,11.249,11.515,5970,0
ARH,D,20180829,000000,11.515,11.515,11.515,11.515,1338,0
ARH,D,20180830,000000,11.781,11.781,11.781,11.781,106,0
ARH,D,20180831,000000,11.781,11.781,11.781,11.781,264,0
ARH,D,20180903,000000,11.781,11.781,11.781,11.781,790,0
ARH,D,20180905,000000,11.781,11.781,11.781,11.781,242,0
ARH,D,20180906,000000,11.692,11.781,11.692,11.781,657,0
ARH,D,20180907,000000,11.781,11.781,11.692,11.692,7034,0
ARH,D,20180910,000000,11.692,11.692,11.692,11.692,47989,0
ARH,D,20180911,000000,11.692,11.692,11.692,11.692,22845,0
ARH,D,20180912,000000,11.692,11.692,11.692,11.692,20232,0
ARH,D,20180914,000000,11.781,11.958,11.249,11.958,4063,0
ARH,D,20180917,000000,11.515,11.958,11.515,11.958,114,0
ARH,D,20180918,000000,11.958,11.958,11.958,11.958,1355,0
ARH,D,20180919,000000,11.692,11.869,11.692,11.869,1570,0
ARH,D,20180920,000000,11.781,11.781,11.692,11.692,7209,0
ARH,D,20180921,000000,11.692,11.692,11.692,11.692,9032,0
ARH,D,20180924,000000,11.692,11.692,11.515,11.515,1790,0
ARH,D,20180925,000000,11.515,11.515,11.471,11.471,5272,0
ARH,D,20180927,000000,11.869,11.869,11.692,11.692,4071,0
ARH,D,20180928,000000,11.692,11.825,11.692,11.825,2936,0
ARH,D,20181001,000000,11.781,11.781,11.737,11.737,486,0
ARH,D,20181002,000000,11.338,11.338,11.16,11.338,2931,0
ARH,D,20181003,000000,11.427,11.427,10.894,10.894,2725,0
ARH,D,20181008,000000,10.983,10.983,10.496,10.629,7983,0
ARH,D,20181009,000000,10.629,10.717,10.54,10.54,10635,0
ARH,D,20181010,000000,10.54,10.54,10.54,10.54,1366,0
ARH,D,20181011,000000,10.452,10.452,10.186,10.186,5381,0
ARH,D,20181012,000000,10.186,10.186,10.098,10.098,2710,0
ARH,D,20181015,000000,10.408,10.408,10.23,10.23,20784,0
ARH,D,20181016,000000,10.275,10.275,10.186,10.186,1693,0
ARH,D,20181018,000000,10.363,10.363,10.363,10.363,113,0
ARH,D,20181019,000000,10.363,10.363,10.363,10.363,204,0
ARH,D,20181022,000000,10.363,10.363,10.363,10.363,10,0
ARH,D,20181023,000000,10.363,10.363,10.275,10.275,338,0
ARH,D,20181024,000000,10.363,10.363,10.363,10.363,1040,0
ARH,D,20181025,000000,10.275,10.54,10.275,10.54,367,0
ARH,D,20181026,000000,10.275,10.275,10.053,10.053,169,0
ARH,D,20181029,000000,10.496,10.496,10.496,10.496,87,0
ARH,D,20181030,000000,10.452,10.452,10.452,10.452,2335,0
ARH,D,20181031,000000,10.23,10.23,10.098,10.098,1705,0
ARH,D,20181102,000000,10.186,10.186,10.186,10.186,45,0
ARH,D,20181105,000000,10.452,10.452,10.363,10.363,38575,0
ARH,D,20181106,000000,10.186,10.186,10.098,10.098,7079,0
ARH,D,20181107,000000,10.496,10.496,10.363,10.363,3088,0
ARH,D,20181108,000000,10.496,10.54,10.496,10.54,834,0
ARH,D,20181114,000000,10.54,10.54,10.54,10.54,298,0
ARH,D,20181116,000000,10.54,10.54,10.54,10.54,157622,0
ARH,D,20181119,000000,10.629,10.629,10.629,10.629,501,0
ARH,D,20181120,000000,10.806,11.16,10.806,11.16,5213,0
ARH,D,20181122,000000,11.16,11.16,11.16,11.16,94,0
ARH,D,20181123,000000,10.894,10.894,10.894,10.894,33869,0
ARH,D,20181128,000000,10.894,11.16,10.629,11.16,6774,0
ARH,D,20181129,000000,10.54,10.54,10.54,10.54,429,0
ARH,D,20181130,000000,10.54,10.585,10.54,10.585,3230,0
ARH,D,20181203,000000,10.585,10.585,10.585,10.585,3646,0
ARH,D,20181204,000000,10.585,10.585,10.54,10.54,3926,0
ARH,D,20181205,000000,10.54,10.54,10.54,10.54,2710,0
ARH,D,20181206,000000,10.54,10.54,10.452,10.452,3178,0
ARH,D,20181207,000000,10.54,10.54,10.54,10.54,2823,0
ARH,D,20181210,000000,10.54,10.54,10.186,10.186,5475,0
ARH,D,20181211,000000,10.275,10.275,10.23,10.275,1545,0
ARH,D,20181212,000000,10.54,10.54,10.54,10.54,3133,0
ARH,D,20181213,000000,10.54,10.54,10.496,10.496,3114,0
ARH,D,20181214,000000,10.496,10.496,10.363,10.363,34050,0
ARH,D,20181217,000000,10.186,10.452,10.186,10.452,1769,0
ARH,D,20181218,000000,10.408,10.408,10.098,10.142,2223,0
ARH,D,20181219,000000,10.098,10.098,9.744,9.876,3887,0
ARH,D,20181220,000000,9.876,9.876,9.744,9.876,2152,0
ARH,D,20181221,000000,9.744,9.876,9.567,9.876,731,0
ARH,D,20181227,000000,9.876,9.876,9.876,9.876,778,0
ARH,D,20181228,000000,9.876,10.186,9.832,10.186,351,0
ARH,D,20190102,000000,10.54,10.54,10.142,10.142,1806,0
ARH,D,20190103,000000,9.921,9.965,9.921,9.965,1644,0
ARH,D,20190104,000000,10.098,10.098,10.098,10.098,8,0
ARH,D,20190107,000000,9.965,9.965,9.921,9.921,282,0
ARH,D,20190108,000000,9.921,9.921,9.744,9.744,1777,0
ARH,D,20190109,000000,9.744,10.452,9.744,10.408,106829,0
ARH,D,20190110,000000,10.408,10.408,10.408,10.408,341,0
ARH,D,20190111,000000,10.009,10.408,10.009,10.408,242,0
ARH,D,20190114,000000,9.965,10.408,9.965,10.408,71,0
ARH,D,20190115,000000,9.965,10.363,9.965,10.363,2576,0
ARH,D,20190116,000000,10.186,10.275,10.186,10.275,57027,0
ARH,D,20190117,000000,10.275,10.319,10.275,10.319,226,0
ARH,D,20190118,000000,10.319,10.319,10.319,10.319,2,0
ARH,D,20190121,000000,10.275,10.54,10.275,10.496,6114,0
ARH,D,20190122,000000,10.186,10.54,10.186,10.54,318,0
ARH,D,20190123,000000,10.23,10.408,10.186,10.408,1018,0
ARH,D,20190124,000000,10.408,10.408,10.275,10.275,717,0
ARH,D,20190125,000000,10.186,10.408,9.921,10.186,5229,0
ARH,D,20190128,000000,10.275,10.629,10.098,10.629,60353,0
ARH,D,20190129,000000,10.629,11.027,10.629,10.983,1132,0
ARH,D,20190130,000000,10.806,11.072,10.806,11.072,1133,0
ARH,D,20190131,000000,11.072,11.869,11.072,11.471,10019,0
ARH,D,20190201,000000,11.471,11.471,11.16,11.427,254,0
ARH,D,20190204,000000,11.427,11.648,11.427,11.604,3467,0
ARH,D,20190205,000000,11.604,11.604,11.604,11.604,33,0
ARH,D,20190206,000000,11.604,12.179,11.604,11.958,3677,0
ARH,D,20190207,000000,11.958,11.958,11.604,11.958,306,0
ARH,D,20190208,000000,11.958,11.958,11.604,11.958,182,0
ARH,D,20190213,000000,11.869,11.869,11.869,11.869,241,0
ARH,D,20190214,000000,11.604,11.604,11.604,11.604,717,0
ARH,D,20190215,000000,11.692,11.692,11.692,11.692,2,0
ARH,D,20190218,000000,11.692,11.692,11.692,11.692,169,0
ARH,D,20190219,000000,11.737,11.737,11.737,11.737,37,0
ARH,D,20190220,000000,11.737,11.737,11.737,11.737,2,0
ARH,D,20190222,000000,11.338,11.737,11.338,11.737,1024,0
ARH,D,20190225,000000,11.737,11.737,11.737,11.737,11,0
ARH,D,20190226,000000,11.737,11.737,11.737,11.737,2,0
ARH,D,20190301,000000,11.737,11.869,11.471,11.825,2737,0
ARH,D,20190304,000000,11.781,11.781,11.692,11.781,335,0
ARH,D,20190305,000000,11.914,11.914,11.914,11.914,3,0
ARH,D,20190306,000000,11.427,11.427,11.427,11.427,677,0
ARH,D,20190307,000000,11.427,11.471,11.427,11.471,94,0
ARH,D,20190308,000000,11.471,11.471,10.983,11.116,991,0
ARH,D,20190311,000000,11.116,11.116,11.116,11.116,5,0
ARH,D,20190312,000000,10.894,11.116,10.894,11.116,11065,0
ARH,D,20190313,000000,11.072,11.116,11.072,11.116,86851,0
ARH,D,20190314,000000,10.762,10.983,10.673,10.983,332,0
ARH,D,20190315,000000,10.983,11.338,10.806,11.338,891,0
ARH,D,20190318,000000,11.338,11.338,11.072,11.293,7040,0
ARH,D,20190319,000000,11.338,11.338,11.338,11.338,5,0
ARH,D,20190320,000000,11.249,11.338,11.249,11.249,680,0
ARH,D,20190321,000000,11.249,11.338,11.249,11.338,852,0
ARH,D,20190322,000000,11.072,11.604,10.983,11.604,65663,0
ARH,D,20190325,000000,10.983,11.604,10.983,11.604,195,0
ARH,D,20190326,000000,11.604,11.781,11.515,11.515,42752,0
ARH,D,20190327,000000,11.515,11.914,11.515,11.781,5684,0
ARH,D,20190328,000000,11.781,12.135,11.781,12.135,6039,0
ARH,D,20190329,000000,12.401,12.401,12.135,12.401,1361,0
ARH,D,20190401,000000,12.401,12.755,12.401,12.755,89,0
ARH,D,20190402,000000,12.755,12.755,12.755,12.755,33,0
ARH,D,20190403,000000,12.755,12.755,12.356,12.356,1899,0
ARH,D,20190404,000000,12.356,12.401,12.356,12.401,50292,0
ARH,D,20190405,000000,12.046,12.046,12.046,12.046,991,0
ARH,D,20190408,000000,12.046,12.046,12.046,12.046,37,0
ARH,D,20190409,000000,12.312,12.533,12.312,12.533,1208,0
ARH,D,20190410,000000,12.578,12.578,12.578,12.578,621,0
ARH,D,20190411,000000,12.401,12.401,12.223,12.401,1622,0
ARH,D,20190412,000000,12.401,12.401,12.401,12.401,34123,0
ARH,D,20190415,000000,12.401,12.401,12.401,12.401,255,0
ARH,D,20190417,000000,12.312,12.401,12.223,12.401,1720,0
ARH,D,20190423,000000,12.223,12.223,12.135,12.135,710,0
ARH,D,20190425,000000,11.958,12.401,11.958,12.356,3234,0
ARH,D,20190426,000000,12.401,12.71,12.401,12.71,885,0
ARH,D,20190429,000000,12.179,12.843,12.135,12.843,5396,0
ARH,D,20190430,000000,12.223,12.799,12.223,12.799,232,0
ARH,D,20190502,000000,12.135,12.799,12.135,12.799,408,0
ARH,D,20190507,000000,12.223,12.755,12.223,12.755,56,0
ARH,D,20190508,000000,12.223,12.223,12.223,12.223,94,0
ARH,D,20190509,000000,12.223,12.223,12.223,12.223,85,0
ARH,D,20190514,000000,12.755,12.755,12.755,12.755,23,0
ARH,D,20190515,000000,12.755,12.755,12.401,12.401,118,0
ARH,D,20190517,000000,12.401,12.401,12.135,12.135,1919,0
ARH,D,20190520,000000,12.356,12.356,12.223,12.356,621,0
ARH,D,20190521,000000,12.356,12.356,12.179,12.179,92,0
ARH,D,20190522,000000,12.312,12.401,12.312,12.401,53357,0
ARH,D,20190523,000000,12.622,12.622,12.622,12.622,113,0
ARH,D,20190524,000000,12.666,12.755,12.666,12.755,1489,0
ARH,D,20190527,000000,12.799,13.109,12.799,13.109,932,0
ARH,D,20190529,000000,12.533,13.065,12.533,13.065,23,0
ARH,D,20190530,000000,12.533,13.02,12.533,12.578,2341,0
ARH,D,20190531,000000,13.065,13.109,13.065,13.109,288,0
ARH,D,20190603,000000,13.109,13.197,13.109,13.109,2244,0
ARH,D,20190606,000000,13.375,13.375,13.375,13.375,8644,0
ARH,D,20190612,000000,13.552,13.552,13.375,13.375,6389,0
ARH,D,20190614,000000,13.375,13.375,13.375,13.375,207,0
ARH,D,20190617,000000,13.375,13.375,13.33,13.33,451,0
ARH,D,20190618,000000,13.33,13.375,13.286,13.286,894,0
ARH,D,20190619,000000,13.375,13.375,13.375,13.375,65,0
ARH,D,20190621,000000,13.42,13.42,13.375,13.375,677,0
ARH,D,20190624,000000,13.73,13.73,13.508,13.552,1440,0
ARH,D,20190625,000000,13.552,14.128,13.552,13.818,12676,0
ARH,D,20190626,000000,13.641,13.641,13.464,13.641,1716,0
ARH,D,20190627,000000,13.597,13.907,13.597,13.641,3666,0
ARH,D,20190628,000000,13.401,14.167,13.401,14.119,615,0
ARH,D,20190701,000000,13.497,13.497,13.114,13.114,1938,0
ARH,D,20190702,000000,13.641,13.641,13.641,13.641,334,0
ARH,D,20190703,000000,13.736,13.736,13.641,13.641,259,0
ARH,D,20190704,000000,13.736,13.736,13.545,13.545,2002,0
ARH,D,20190705,000000,13.401,13.401,13.401,13.401,235,0
ARH,D,20190708,000000,13.401,13.401,13.401,13.401,213,0
ARH,D,20190709,000000,13.401,13.401,13.401,13.401,52,0
ARH,D,20190710,000000,13.401,13.688,13.401,13.688,987,0
ARH,D,20190711,000000,13.832,13.832,13.832,13.832,67,0
ARH,D,20190712,000000,13.832,13.832,13.832,13.832,52,0
ARH,D,20190715,000000,13.784,13.784,13.688,13.688,247,0
ARH,D,20190716,000000,13.688,13.688,13.688,13.688,77,0
ARH,D,20190717,000000,13.497,13.497,13.497,13.497,109,0
ARH,D,20190718,000000,13.449,13.449,13.401,13.401,658,0
ARH,D,20190719,000000,13.018,13.018,13.018,13.018,909,0
ARH,D,20190722,000000,12.636,12.731,12.636,12.731,422,0
ARH,D,20190723,000000,12.636,12.636,12.444,12.444,855,0
ARH,D,20190724,000000,12.444,12.444,12.348,12.348,178,0
ARH,D,20190725,000000,12.348,13.162,12.348,13.162,3785,0
ARH,D,20190726,000000,13.162,13.162,13.162,13.162,104,0
ARH,D,20190729,000000,13.162,13.162,13.162,13.162,26,0
ARH,D,20190730,000000,12.54,13.162,12.54,13.162,20,0
ARH,D,20190731,000000,12.636,12.636,12.636,12.636,104,0
ARH,D,20190801,000000,13.162,13.449,13.114,13.401,5012,0
ARH,D,20190802,000000,13.353,13.353,13.353,13.353,287,0
ARH,D,20190805,000000,13.353,13.353,13.353,13.353,267,0
ARH,D,20190806,000000,13.353,13.401,13.306,13.401,1600,0
ARH,D,20190808,000000,13.306,13.401,13.306,13.401,731,0
ARH,D,20190809,000000,13.401,13.401,13.401,13.401,78,0
ARH,D,20190812,000000,13.401,13.401,13.21,13.21,174,0
ARH,D,20190813,000000,13.114,13.114,13.114,13.114,209,0
ARH,D,20190819,000000,13.066,13.066,13.018,13.018,874,0
ARH,D,20190820,000000,12.923,12.923,12.923,12.923,205,0
ARH,D,20190821,000000,12.923,12.971,12.923,12.971,786,0
ARH,D,20190822,000000,13.401,13.497,13.401,13.497,210,0
ARH,D,20190823,000000,13.21,13.401,13.066,13.401,754,0
ARH,D,20190826,000000,13.114,13.353,13.066,13.353,531,0
ARH,D,20190828,000000,13.066,13.066,12.731,12.731,21475,0
ARH,D,20190902,000000,12.731,12.731,12.731,12.731,541,0
ARH,D,20190903,000000,12.731,12.731,12.731,12.731,218,0
ARH,D,20190906,000000,12.731,12.731,12.54,12.54,791,0
ARH,D,20190909,000000,12.683,12.683,12.54,12.54,1936,0
ARH,D,20190910,000000,12.54,12.827,12.348,12.827,839,0
ARH,D,20190911,000000,12.348,12.827,12.348,12.636,564,0
ARH,D,20190912,000000,12.444,12.875,12.444,12.875,1008,0
ARH,D,20190913,000000,13.401,13.88,13.401,13.88,62760,0
ARH,D,20190916,000000,13.88,14.215,13.688,14.215,79514,0
ARH,D,20190917,000000,14.071,14.454,13.88,14.311,24490,0
ARH,D,20190918,000000,14.359,14.359,14.359,14.359,10,0
ARH,D,20190919,000000,14.359,14.359,14.311,14.359,179,0
ARH,D,20190920,000000,14.359,14.359,14.359,14.359,42,0
ARH,D,20190923,000000,13.88,14.263,13.88,14.263,527,0
ARH,D,20190924,000000,14.263,14.263,14.263,14.263,522,0
ARH,D,20190926,000000,14.359,14.359,14.359,14.359,8,0
ARH,D,20190927,000000,14.263,14.263,13.88,14.263,22892,0
ARH,D,20190930,000000,14.263,14.263,14.263,14.263,544,0
ARH,D,20191001,000000,14.263,14.359,14.263,14.359,6362,0
ARH,D,20191002,000000,14.359,14.359,13.976,13.976,418,0
ARH,D,20191003,000000,14.359,14.454,13.976,14.454,662,0
ARH,D,20191004,000000,14.359,14.359,14.359,14.359,13,0
ARH,D,20191007,000000,14.359,14.359,14.359,14.359,460,0
ARH,D,20191008,000000,14.359,14.359,14.359,14.359,185,0
ARH,D,20191009,000000,14.359,14.359,14.359,14.359,31,0
ARH,D,20191010,000000,14.359,14.359,14.359,14.359,21,0
ARH,D,20191011,000000,14.311,14.311,14.311,14.311,172,0
ARH,D,20191014,000000,14.311,14.311,14.215,14.263,798,0
ARH,D,20191015,000000,14.263,14.263,14.263,14.263,332,0
ARH,D,20191016,000000,14.359,14.359,14.263,14.263,756,0
ARH,D,20191017,000000,14.359,14.454,14.359,14.359,2030,0
ARH,D,20191018,000000,14.359,14.55,14.263,14.263,1898,0
ARH,D,20191021,000000,14.359,14.359,14.215,14.263,3832,0
ARH,D,20191022,000000,14.263,14.359,14.263,14.359,338,0
ARH,D,20191023,000000,14.55,14.646,14.55,14.646,307,0
ARH,D,20191024,000000,14.741,14.741,14.741,14.741,140,0
ARH,D,20191025,000000,14.646,14.646,14.263,14.646,1101,0
ARH,D,20191028,000000,14.646,14.646,14.263,14.55,1584,0
ARH,D,20191029,000000,14.75,14.75,14.6,14.65,342,0
ARH,D,20191030,000000,14.65,15.15,14.6,14.9,1639,0
ARH,D,20191031,000000,15.1,15.15,15,15.05,860,0
ARH,D,20191104,000000,15.1,15.15,14.8,14.8,1129,0
ARH,D,20191105,000000,15.2,15.2,15.2,15.2,64,0
ARH,D,20191106,000000,15,15,14.9,15,2932,0
ARH,D,20191107,000000,15,15,14.65,14.9,2700,0
ARH,D,20191108,000000,15,15,14.9,14.9,4521,0
ARH,D,20191112,000000,14.9,14.95,14.9,14.95,322,0
ARH,D,20191113,000000,14.95,15.2,14.95,15.2,1127,0
ARH,D,20191114,000000,15.25,15.25,15.1,15.1,1056,0
ARH,D,20191115,000000,15.2,15.2,15.1,15.1,31,0
ARH,D,20191118,000000,15.1,15.1,15,15,1120,0
ARH,D,20191120,000000,15.2,15.2,15,15,322,0
ARH,D,20191122,000000,15.25,15.25,15,15.1,399,0
ARH,D,20191125,000000,15.2,15.2,15,15.15,735,0
ARH,D,20191126,000000,15,15.15,15,15,403,0
ARH,D,20191127,000000,15.2,15.35,15.05,15.05,61113,0
ARH,D,20191128,000000,15.2,15.2,14.9,14.9,1039,0
ARH,D,20191129,000000,15.05,15.05,14.8,15,1356,0
ARH,D,20191202,000000,15,15.05,15,15.05,1260,0
ARH,D,20191203,000000,15.05,15.05,15,15,588,0
ARH,D,20191204,000000,15,15,15,15,1900,0
ARH,D,20191205,000000,15.05,15.05,15.05,15.05,510,0
ARH,D,20191206,000000,15,15.2,15,15.2,2964,0
ARH,D,20191209,000000,15.2,15.45,14.85,15.45,1501,0
ARH,D,20191210,000000,15.3,16.5,15.3,16.5,337448,0
ARH,D,20191211,000000,16.5,17,16.5,16.9,18343,0
ARH,D,20191212,000000,16.9,16.9,16.5,16.5,10204,0
ARH,D,20191213,000000,16.75,16.8,16.5,16.8,5518,0
ARH,D,20191216,000000,16.8,16.8,16.6,16.75,649,0
ARH,D,20191217,000000,16.8,16.9,16.5,16.8,3815,0
ARH,D,20191218,000000,16.8,16.85,16.7,16.85,1138,0
ARH,D,20191219,000000,16.9,16.9,16.4,16.5,1131,0
ARH,D,20191220,000000,16.4,16.5,16.4,16.5,1242,0
ARH,D,20191223,000000,16.4,16.8,16.4,16.55,2683,0
ARH,D,20191227,000000,16.55,16.8,16.5,16.8,2111,0
ARH,D,20191230,000000,16.9,17.1,16.9,17.1,1952,0
ARH,D,20200102,000000,17.3,18.3,17.3,18.3,5149,0
ARH,D,20200103,000000,18.2,18.3,18,18.1,1708,0
ARH,D,20200107,000000,18,18.2,17.75,18,2728,0
ARH,D,20200108,000000,18.2,18.2,17.6,17.6,3057,0
ARH,D,20200109,000000,17.75,18,17.75,17.9,900,0
ARH,D,20200110,000000,18.1,18.2,18,18,1261,0
ARH,D,20200113,000000,18.1,18.1,18,18.1,3336,0
ARH,D,20200114,000000,18.2,18.4,18,18.1,2115,0
ARH,D,20200115,000000,18,18.45,18,18,3796,0
ARH,D,20200116,000000,18.5,18.5,18,18,1509,0
ARH,D,20200117,000000,18,18.25,18,18.25,2342,0
ARH,D,20200120,000000,18,18.5,17.9,18.25,18176,0
ARH,D,20200121,000000,18.5,19.15,18.5,18.7,43758,0
ARH,D,20200122,000000,18.7,19.6,18.7,19.05,2153,0
ARH,D,20200123,000000,19.1,19.3,18.6,18.6,3443,0
ARH,D,20200124,000000,18.7,19.3,18.6,19.15,2553,0
ARH,D,20200127,000000,19.2,19.2,17.7,18.1,4798,0
ARH,D,20200128,000000,18.1,19.35,18.1,18.5,76528,0
ARH,D,20200129,000000,18.6,18.6,18.6,18.6,450,0
ARH,D,20200130,000000,19.2,19.2,18.8,19,736,0
ARH,D,20200131,000000,19.1,19.2,18.4,18.6,2841,0
ARH,D,20200203,000000,18.8,19.5,18.8,19.5,3320,0
ARH,D,20200204,000000,19.6,19.6,19,19.35,1492,0
ARH,D,20200205,000000,19,19.6,19,19.6,1883,0
ARH,D,20200206,000000,19.6,19.6,19,19,1183,0
ARH,D,20200207,000000,19,19,18.5,18.5,21367,0
ARH,D,20200210,000000,18.5,19,18.5,19,493,0
ARH,D,20200211,000000,19,19.6,18.9,19.1,31263,0
ARH,D,20200212,000000,19.5,19.5,19.2,19.4,17481,0
ARH,D,20200213,000000,19.5,19.5,19.2,19.2,475,0
ARH,D,20200214,000000,19.2,19.5,19.2,19.5,18173,0
ARH,D,20200217,000000,19.5,19.5,19.4,19.5,1786,0
ARH,D,20200218,000000,19.5,19.5,19.4,19.4,439,0
ARH,D,20200219,000000,19.4,19.5,18.5,19.05,4424,0
ARH,D,20200220,000000,19.1,19.5,19.1,19.15,3885,0
ARH,D,20200221,000000,19.15,19.15,19.1,19.1,656,0
ARH,D,20200224,000000,19.1,19.1,18.5,18.5,2234,0
ARH,D,20200225,000000,18.45,18.5,18,18.3,4242,0
ARH,D,20200226,000000,17.8,18.1,17.3,18,5049,0
ARH,D,20200227,000000,17.85,17.85,17.35,17.35,7599,0
ARH,D,20200228,000000,17,17.2,14,16.6,16725,0
ARH,D,20200302,000000,15.8,17.8,15.8,16.75,9268,0
ARH,D,20200303,000000,17.45,17.8,17.45,17.8,2242,0
ARH,D,20200304,000000,17.8,18,17,18,2854,0
ARH,D,20200305,000000,17.95,18.8,17.8,17.8,8294,0
ARH,D,20200306,000000,17.8,17.9,16.95,17.3,10295,0
ARH,D,20200309,000000,16.8,16.8,16.1,16.1,3273,0
ARH,D,20200310,000000,16.2,16.5,16.2,16.2,13379,0
ARH,D,20200311,000000,16.5,16.5,15.6,15.6,1629,0
ARH,D,20200312,000000,15,15,13.5,13.6,4198,0
ARH,D,20200313,000000,14.8,14.8,12.05,12.05,6318,0
ARH,D,20200316,000000,11,12.25,10.5,10.5,8238,0
ARH,D,20200317,000000,11.5,12.6,11.5,12.6,1680,0
ARH,D,20200318,000000,13.5,13.5,12.3,13.1,1016,0
ARH,D,20200319,000000,12.2,15.4,12.2,15.35,5014,0
ARH,D,20200320,000000,14.2,15.5,14,14.6,1962,0
ARH,D,20200323,000000,14.2,14.2,14.2,14.2,320,0
ARH,D,20200324,000000,14.2,14.2,12.8,12.8,5886,0
ARH,D,20200325,000000,13,13.2,13,13.05,557,0
ARH,D,20200326,000000,13.05,13.95,12.8,13.95,3141,0
ARH,D,20200327,000000,13.4,13.5,13.4,13.5,316,0
ARH,D,20200330,000000,13.8,13.8,12.8,13,2117,0
ARH,D,20200331,000000,13,13.3,13,13.15,2328,0
ARH,D,20200401,000000,13,13.1,12.6,13,1081,0
ARH,D,20200402,000000,12.7,12.9,12.5,12.7,1660,0
ARH,D,20200403,000000,12.7,12.7,12.5,12.55,510,0
ARH,D,20200406,000000,12.4,12.7,11.85,11.85,10616,0
ARH,D,20200407,000000,12.7,12.7,11.75,12,8003,0
ARH,D,20200408,000000,11.9,12,11.65,12,3167,0
ARH,D,20200409,000000,12,12,11.85,12,21520,0
ARH,D,20200414,000000,12.05,12.8,11.8,12.35,15098,0
ARH,D,20200415,000000,12.85,13,12.4,12.5,10652,0
ARH,D,20200416,000000,12.7,13,12.7,13,226,0
ARH,D,20200417,000000,13,13.2,12.9,12.9,4944,0
ARH,D,20200420,000000,13,13.4,12.9,13.4,2421,0
ARH,D,20200421,000000,13.7,13.7,12.55,12.9,3602,0
ARH,D,20200422,000000,12.9,13.05,12.9,13.05,537,0
ARH,D,20200423,000000,13.2,13.2,12.7,13.2,388,0
ARH,D,20200424,000000,12.8,12.9,12.7,12.8,1531,0
ARH,D,20200427,000000,12.8,12.9,12.3,12.7,1692,0
ARH,D,20200428,000000,12.5,12.8,12.2,12.8,2448,0
ARH,D,20200429,000000,12.95,12.95,12.4,12.7,359,0
ARH,D,20200430,000000,12.7,13.15,12.7,12.7,20736,0
ARH,D,20200504,000000,12.3,12.3,11.75,11.8,10089,0
ARH,D,20200505,000000,11.8,12.25,11.8,12.25,576,0
ARH,D,20200506,000000,11.8,12.2,11.75,11.85,733,0
ARH,D,20200507,000000,12.2,12.8,11.85,12.8,2596,0
ARH,D,20200508,000000,12.6,12.6,12.3,12.5,1090,0
ARH,D,20200511,000000,12.5,12.7,12.5,12.65,724,0
ARH,D,20200512,000000,12.55,14.8,12.55,13.8,64558,0
ARH,D,20200513,000000,14.65,14.65,13.85,14.2,1627,0
ARH,D,20200514,000000,14.2,14.35,13.75,14.15,2027,0
ARH,D,20200515,000000,14.15,14.15,13.5,14.1,7148,0
ARH,D,20200518,000000,14.2,14.2,13.7,13.8,1487,0
ARH,D,20200519,000000,13.7,13.7,13.5,13.7,12209,0
ARH,D,20200520,000000,14,14,13.55,13.55,612,0
ARH,D,20200521,000000,13.55,14,13.55,14,72,0
ARH,D,20200522,000000,14,14.35,13.9,14.35,20216,0
ARH,D,20200525,000000,14.35,14.6,14.3,14.6,5278,0
ARH,D,20200526,000000,14.6,15.2,14.1,15.05,6573,0
ARH,D,20200527,000000,15.2,15.25,15.05,15.05,2078,0
ARH,D,20200528,000000,15.4,15.95,15.4,15.45,3812,0
ARH,D,20200529,000000,15.9,15.95,15.65,15.9,10258,0
ARH,D,20200601,000000,15.9,16.8,15.9,16.7,6806,0
ARH,D,20200602,000000,15.2,17.1,15.2,17.1,26522,0
ARH,D,20200603,000000,17.2,17.95,17.1,17.95,4995,0
ARH,D,20200604,000000,17.95,18.8,17.85,18.2,13667,0
ARH,D,20200605,000000,18,18.5,17.7,18.5,3858,0
ARH,D,20200608,000000,18.4,18.55,17.8,18.25,3894,0
ARH,D,20200609,000000,17.9,18.1,17.35,18,1381,0
ARH,D,20200610,000000,17.35,17.45,16.8,17.2,1889,0
ARH,D,20200612,000000,16.8,16.8,16.1,16.8,3690,0
ARH,D,20200615,000000,16.6,16.8,16.5,16.7,329,0
ARH,D,20200616,000000,16.8,17.5,16.8,17.5,1156,0
ARH,D,20200617,000000,17.4,17.5,17.4,17.45,364,0
ARH,D,20200618,000000,17.45,17.45,17,17.45,479,0
ARH,D,20200619,000000,16.9,17.4,16.7,17.3,710,0
ARH,D,20200622,000000,17.2,18.2,16.6,18.1,13264,0
ARH,D,20200623,000000,17.6,18.1,17.6,17.8,291,0
ARH,D,20200624,000000,18.3,18.4,17.7,17.9,3380,0
ARH,D,20200625,000000,18,18,17.4,17.55,2765,0
ARH,D,20200626,000000,17.5,17.75,17.05,17.35,2595,0
ARH,D,20200629,000000,17.1,17.1,17.05,17.1,1038,0
ARH,D,20200630,000000,17.1,17.5,17,17.5,1489,0
ARH,D,20200701,000000,17.5,17.5,16.8,17.5,253,0
ARH,D,20200702,000000,17,17.4,17,17.4,74,0
ARH,D,20200703,000000,17.1,17.4,17.1,17.35,1431,0
ARH,D,20200706,000000,17.2,17.4,17,17.4,596,0
ARH,D,20200707,000000,17.4,17.4,17.4,17.4,80,0
ARH,D,20200708,000000,17.4,17.4,16.7,17.4,374,0
ARH,D,20200709,000000,17,18.5,17,18.1,950,0
ARH,D,20200710,000000,18.1,18.1,17.5,17.85,447,0
