<TICKER>,<PER>,<DATE>,<TIME>,<OPEN>,<HIGH>,<LOW>,<CLOSE>,<VOL>,<OPENINT>
ASM,D,20130318,000000,2.1078,2.1078,1.7911,1.9791,1529,0
ASM,D,20130319,000000,1.6823,1.6823,1.5635,1.5635,1221,0
ASM,D,20130320,000000,1.237,1.237,1.237,1.237,218,0
ASM,D,20130321,000000,1.5635,1.5635,1.5635,1.5635,77,0
ASM,D,20130326,000000,1.0786,1.0786,1.0786,1.0786,446,0
ASM,D,20130327,000000,1.0786,1.0786,1.0786,1.0786,202,0
ASM,D,20130328,000000,0.9896,0.9896,0.9797,0.9797,233,0
ASM,D,20130408,000000,0.9797,0.9797,0.9797,0.9797,1498,0
ASM,D,20130606,000000,0.8906,1.0588,0.8906,1.0588,3032,0
ASM,D,20130611,000000,1.138,1.138,1.138,1.138,506,0
ASM,D,20130619,000000,1.1578,1.1578,1.1578,1.1578,102,0
ASM,D,20130710,000000,1.2864,1.2864,1.2864,1.2864,10,0
ASM,D,20130819,000000,1.2864,1.2864,1.2864,1.2864,1,0
ASM,D,20130902,000000,1.1875,1.1875,1.1875,1.1875,615,0
ASM,D,20130917,000000,1.2864,1.2864,1.2864,1.2864,1171,0
ASM,D,20130918,000000,1.5833,1.5833,1.5833,1.5833,960,0
ASM,D,20130919,000000,2.1078,2.1078,2.1078,2.1078,1012,0
ASM,D,20130920,000000,2.1078,2.1078,2.1078,2.1078,303,0
ASM,D,20130925,000000,1.9791,1.9791,1.9791,1.9791,303,0
ASM,D,20131014,000000,2.0484,2.0484,2.0484,2.0484,1465,0
ASM,D,20140107,000000,1.989,1.989,1.989,1.989,1,0
ASM,D,20140108,000000,2.0682,2.0682,2.0682,2.0682,1,0
ASM,D,20140930,000000,2.0781,2.0781,2.0781,2.0781,808,0
ASM,D,20141001,000000,2.4739,2.4739,2.4739,2.4739,808,0
ASM,D,20141010,000000,2.1276,2.1276,2.1276,2.1276,25,0
ASM,D,20141013,000000,2.1276,2.1276,2.1276,2.1276,783,0
ASM,D,20141016,000000,1.9791,1.9791,1.9791,1.9791,1,0
ASM,D,20141027,000000,1.9791,1.9791,1.9791,1.9791,807,0
ASM,D,20141223,000000,2.1276,2.1276,2.1276,2.1276,35,0
ASM,D,20150107,000000,1.9989,1.9989,1.9989,1.9989,35,0
ASM,D,20150128,000000,2.1474,2.1474,2.1474,2.1474,10,0
ASM,D,20150204,000000,1.9989,1.9989,1.9989,1.9989,10,0
ASM,D,20150330,000000,2.1474,2.1474,2.1474,2.1474,10,0
ASM,D,20150427,000000,2.177,2.177,2.177,2.177,10,0
ASM,D,20150430,000000,2.0286,2.0286,2.0286,2.0286,8,0
ASM,D,20150507,000000,2.0286,2.0286,2.0286,2.0286,2,0
ASM,D,20150826,000000,2.0286,2.0286,2.0286,2.0286,101,0
ASM,D,20151005,000000,2.0781,2.0781,2.0781,2.0781,475,0
ASM,D,20151006,000000,2.1375,2.1375,2.1375,2.1375,248,0
ASM,D,20151007,000000,2.1671,2.1869,2.1671,2.1869,1364,0
ASM,D,20151008,000000,2.2067,2.2166,2.2067,2.2166,1377,0
ASM,D,20151009,000000,2.2364,2.2562,2.2364,2.2562,2807,0
ASM,D,20151012,000000,2.2562,2.2562,2.2364,2.2364,638,0
ASM,D,20151013,000000,2.2364,2.2364,2.2364,2.2364,1011,0
ASM,D,20151014,000000,2.2364,2.2364,2.2166,2.2166,617,0
ASM,D,20151015,000000,2.2463,2.276,2.2463,2.276,1425,0
ASM,D,20151016,000000,2.2562,2.276,2.2562,2.276,1517,0
ASM,D,20151019,000000,2.2364,2.2562,2.2364,2.2562,1465,0
ASM,D,20151021,000000,2.2364,2.2364,2.2364,2.2364,404,0
ASM,D,20151022,000000,2.2364,2.2562,2.2166,2.2364,2073,0
ASM,D,20151023,000000,2.2562,2.2562,2.2562,2.2562,2319,0
ASM,D,20151026,000000,2.2364,2.2364,2.2364,2.2364,992,0
ASM,D,20151028,000000,2.2463,2.2463,2.2463,2.2463,1011,0
ASM,D,20151029,000000,2.2364,2.2364,2.2364,2.2364,1011,0
ASM,D,20151030,000000,2.2364,2.2562,2.2364,2.2562,1599,0
ASM,D,20151103,000000,2.2958,2.2958,2.276,2.276,2325,0
ASM,D,20151104,000000,2.276,2.276,2.276,2.276,1926,0
ASM,D,20151105,000000,2.276,2.2958,2.276,2.2958,2022,0
ASM,D,20151106,000000,2.3057,2.4739,2.3057,2.375,1023,0
ASM,D,20151109,000000,2.3255,2.3255,2.3057,2.3255,1698,0
ASM,D,20151110,000000,2.3057,2.375,2.3057,2.3552,1807,0
ASM,D,20151112,000000,2.3552,2.3552,2.3453,2.3453,1497,0
ASM,D,20151113,000000,2.3156,2.3255,2.3156,2.3255,2502,0
ASM,D,20151117,000000,2.3354,2.3453,2.3354,2.3453,1817,0
ASM,D,20151118,000000,2.3453,2.3453,2.3453,2.3453,1496,0
ASM,D,20151119,000000,2.3156,2.3552,2.3156,2.3552,2702,0
ASM,D,20151120,000000,2.3057,2.3651,2.3057,2.3651,810,0
ASM,D,20151123,000000,2.3651,2.3651,2.3156,2.3156,2293,0
ASM,D,20151124,000000,2.3057,2.4244,2.3057,2.4244,2530,0
ASM,D,20151125,000000,2.3453,2.4145,2.3453,2.3849,2631,0
ASM,D,20151126,000000,2.375,2.375,2.2958,2.3156,4097,0
ASM,D,20151127,000000,2.3453,2.3453,2.276,2.3453,2784,0
ASM,D,20151130,000000,2.3354,2.3552,2.3156,2.3156,4987,0
ASM,D,20151201,000000,2.2859,2.2958,2.2661,2.2958,4974,0
ASM,D,20151202,000000,2.3156,2.3354,2.2958,2.3255,4348,0
ASM,D,20151203,000000,2.3255,2.3255,2.3255,2.3255,505,0
ASM,D,20151207,000000,2.3156,2.3453,2.3156,2.3453,3033,0
ASM,D,20151208,000000,2.3453,2.3651,2.3354,2.3651,3133,0
ASM,D,20151209,000000,2.3651,2.3947,2.3552,2.375,4650,0
ASM,D,20151210,000000,2.3947,2.3947,2.3849,2.3849,3032,0
ASM,D,20151211,000000,2.3453,2.3651,2.3453,2.3651,6282,0
ASM,D,20151214,000000,2.375,2.3849,2.3651,2.3849,2863,0
ASM,D,20151215,000000,2.3057,2.3651,2.3057,2.3651,3538,0
ASM,D,20151216,000000,2.3453,2.3453,2.3453,2.3453,1011,0
ASM,D,20151217,000000,2.3552,2.375,2.3552,2.375,3235,0
ASM,D,20151218,000000,2.3651,2.375,2.3651,2.375,2689,0
ASM,D,20151221,000000,2.375,2.3947,2.3552,2.375,4263,0
ASM,D,20151222,000000,2.3651,2.3849,2.3552,2.3651,4688,0
ASM,D,20151223,000000,2.3552,2.3947,2.3354,2.3947,1743,0
ASM,D,20151228,000000,2.3552,2.3552,2.3453,2.3453,1016,0
ASM,D,20151229,000000,2.3354,2.3453,2.3255,2.3453,1021,0
ASM,D,20160104,000000,2.3255,2.375,2.3156,2.3651,4780,0
ASM,D,20160105,000000,2.4046,2.4046,2.4046,2.4046,694,0
ASM,D,20160107,000000,2.3947,2.3947,2.3651,2.3849,4388,0
ASM,D,20160108,000000,2.3651,2.3651,2.3552,2.3552,2021,0
ASM,D,20160111,000000,2.3453,2.3552,2.3453,2.3552,3043,0
ASM,D,20160112,000000,2.3651,2.3651,2.3651,2.3651,1011,0
ASM,D,20160113,000000,2.3849,2.4046,2.375,2.375,3357,0
ASM,D,20160114,000000,2.3453,2.3651,2.3453,2.3651,2830,0
ASM,D,20160115,000000,2.3651,2.3651,2.3552,2.3552,2145,0
ASM,D,20160118,000000,2.375,2.375,2.3651,2.375,3205,0
ASM,D,20160119,000000,2.3849,2.3947,2.3849,2.3849,2527,0
ASM,D,20160120,000000,2.3651,2.4145,2.3651,2.4046,3335,0
ASM,D,20160122,000000,2.4046,2.4442,2.4046,2.4442,3319,0
ASM,D,20160127,000000,2.4541,2.4541,2.4541,2.4541,546,0
ASM,D,20160202,000000,2.4541,2.4541,2.4541,2.4541,465,0
ASM,D,20160205,000000,2.4343,2.4343,2.4343,2.4343,1011,0
ASM,D,20160208,000000,2.4244,2.4244,2.3947,2.3947,2166,0
ASM,D,20160209,000000,2.464,2.464,2.3947,2.4244,2996,0
ASM,D,20160210,000000,2.4046,2.4145,2.3849,2.4145,4042,0
ASM,D,20160211,000000,2.4343,2.4343,2.4343,2.4343,1011,0
ASM,D,20160212,000000,2.4046,2.4442,2.4046,2.4442,2533,0
ASM,D,20160215,000000,2.464,2.4739,2.4442,2.4442,1644,0
ASM,D,20160216,000000,2.4739,2.4739,2.464,2.4739,1925,0
ASM,D,20160217,000000,2.4838,2.4838,2.4838,2.4838,898,0
ASM,D,20160218,000000,2.4442,2.4442,2.4244,2.4442,2941,0
ASM,D,20160219,000000,2.4739,2.4739,2.4739,2.4739,1028,0
ASM,D,20160222,000000,2.4541,2.4541,2.4541,2.4541,1011,0
ASM,D,20160224,000000,2.4739,2.4739,2.464,2.464,2447,0
ASM,D,20160229,000000,2.4442,2.4739,2.4442,2.4739,1957,0
ASM,D,20160301,000000,2.4541,2.4541,2.4442,2.4541,2254,0
ASM,D,20160303,000000,2.4541,2.4838,2.4541,2.4838,2802,0
ASM,D,20160304,000000,2.4541,2.464,2.4442,2.464,3238,0
ASM,D,20160307,000000,2.4541,2.4541,2.4541,2.4541,946,0
ASM,D,20160308,000000,2.4739,2.4739,2.4442,2.4739,2191,0
ASM,D,20160310,000000,2.4838,2.4838,2.464,2.464,1761,0
ASM,D,20160311,000000,2.464,2.464,2.4541,2.4541,2122,0
ASM,D,20160315,000000,2.4838,2.5036,2.4838,2.5036,2485,0
ASM,D,20160316,000000,2.5135,2.5135,2.4541,2.5036,2275,0
ASM,D,20160317,000000,2.4838,2.5036,2.464,2.5036,2670,0
ASM,D,20160321,000000,2.5234,2.5234,2.5135,2.5135,1973,0
ASM,D,20160322,000000,2.5036,2.5036,2.5036,2.5036,393,0
ASM,D,20160323,000000,2.5135,2.5135,2.5036,2.5135,2275,0
ASM,D,20160324,000000,2.5036,2.5036,2.5036,2.5036,78,0
ASM,D,20160329,000000,2.5036,2.5234,2.5036,2.5135,3256,0
ASM,D,20160330,000000,2.464,2.4838,2.464,2.4838,2354,0
ASM,D,20160331,000000,2.5036,2.5036,2.5036,2.5036,1329,0
ASM,D,20160404,000000,2.4937,2.4937,2.4838,2.4838,1834,0
ASM,D,20160405,000000,2.5135,2.5234,2.5036,2.5036,2116,0
ASM,D,20160407,000000,2.4739,2.4739,2.4541,2.4541,1936,0
ASM,D,20160408,000000,2.4541,2.4541,2.4343,2.4541,1967,0
ASM,D,20160412,000000,2.4343,2.4343,2.4343,2.4343,1011,0
ASM,D,20160413,000000,2.3947,2.3947,2.3947,2.3947,1,0
ASM,D,20160414,000000,2.4343,2.4739,2.4343,2.4739,2077,0
ASM,D,20160418,000000,2.4541,2.4541,2.4541,2.4541,10,0
ASM,D,20160419,000000,2.4244,2.4541,2.4244,2.4541,1979,0
ASM,D,20160420,000000,2.4739,2.4739,2.4739,2.4739,973,0
ASM,D,20160425,000000,2.4343,2.4343,2.4244,2.4244,1616,0
ASM,D,20160426,000000,2.4541,2.464,2.4541,2.464,1466,0
ASM,D,20160428,000000,2.464,2.4739,2.464,2.4739,1365,0
ASM,D,20160429,000000,2.4244,2.4343,2.4046,2.4343,2329,0
ASM,D,20160504,000000,2.4244,2.4244,2.4244,2.4244,953,0
ASM,D,20160506,000000,2.4244,2.4244,2.4244,2.4244,636,0
ASM,D,20160509,000000,2.4046,2.4244,2.3947,2.4244,2059,0
ASM,D,20160516,000000,2.4046,2.4046,2.3947,2.3947,1975,0
ASM,D,20160517,000000,2.3947,2.4244,2.3947,2.4244,3333,0
ASM,D,20160519,000000,2.4046,2.4244,2.4046,2.4244,2541,0
ASM,D,20160520,000000,2.4244,2.4343,2.4244,2.4343,1648,0
ASM,D,20160524,000000,2.4244,2.4244,2.4244,2.4244,1,0
ASM,D,20160525,000000,2.4244,2.4244,2.4244,2.4244,402,0
ASM,D,20160530,000000,2.4046,2.4145,2.4046,2.4145,2385,0
ASM,D,20160531,000000,2.3947,2.4343,2.3947,2.4343,1973,0
ASM,D,20160601,000000,2.4343,2.4541,2.4343,2.4541,1063,0
ASM,D,20160606,000000,2.4739,2.4838,2.4739,2.4838,700,0
ASM,D,20160608,000000,2.3947,2.4244,2.375,2.4244,1693,0
ASM,D,20160615,000000,2.375,2.3947,2.375,2.3947,3896,0
ASM,D,20160616,000000,2.3947,2.4046,2.3947,2.4046,1024,0
ASM,D,20160617,000000,2.375,2.4046,2.3651,2.4046,2076,0
ASM,D,20160620,000000,2.3947,2.4046,2.3947,2.4046,1179,0
ASM,D,20160621,000000,2.375,2.4046,2.375,2.3947,842,0
ASM,D,20160622,000000,2.375,2.4046,2.375,2.3947,995,0
ASM,D,20160705,000000,2.4145,2.4244,2.4145,2.4244,515,0
ASM,D,20160706,000000,2.4244,2.4244,2.4244,2.4244,505,0
ASM,D,20160707,000000,2.4244,2.4244,2.4145,2.4145,455,0
ASM,D,20160708,000000,2.4343,2.4343,2.4343,2.4343,606,0
ASM,D,20160711,000000,2.4244,2.4343,2.4244,2.4244,2464,0
ASM,D,20160712,000000,2.4244,2.4244,2.4244,2.4244,598,0
ASM,D,20160718,000000,2.4343,2.4343,2.4343,2.4343,1320,0
ASM,D,20160719,000000,2.4244,2.4244,2.4244,2.4244,2020,0
ASM,D,20160722,000000,2.4343,2.4343,2.4343,2.4343,1415,0
ASM,D,20160725,000000,2.4244,2.4244,2.4244,2.4244,594,0
ASM,D,20160726,000000,2.4442,2.4442,2.4343,2.4442,1614,0
ASM,D,20160728,000000,2.4343,2.4343,2.4343,2.4343,587,0
ASM,D,20160801,000000,2.4442,2.4442,2.4244,2.4244,1747,0
ASM,D,20160802,000000,2.4244,2.4244,2.4244,2.4244,479,0
ASM,D,20160804,000000,2.4442,2.4541,2.4442,2.4541,1492,0
ASM,D,20160809,000000,2.3947,2.4244,2.3947,2.4244,1228,0
ASM,D,20160810,000000,2.4541,2.4541,2.4541,2.4541,663,0
ASM,D,20160816,000000,2.3947,2.4343,2.3947,2.4343,2246,0
ASM,D,20160817,000000,2.4541,2.4541,2.4244,2.4244,1545,0
ASM,D,20160818,000000,2.4046,2.4046,2.3849,2.4046,2807,0
ASM,D,20160819,000000,2.4046,2.4046,2.4046,2.4046,888,0
ASM,D,20160823,000000,2.4046,2.4046,2.4046,2.4046,505,0
ASM,D,20160829,000000,2.4046,2.4046,2.4046,2.4046,808,0
ASM,D,20160830,000000,2.4046,2.4046,2.4046,2.4046,5,0
ASM,D,20160901,000000,2.4046,2.4046,2.4046,2.4046,101,0
ASM,D,20160907,000000,2.3849,2.4046,2.3849,2.4046,1805,0
ASM,D,20160908,000000,2.3849,2.3849,2.3849,2.3849,692,0
ASM,D,20160909,000000,2.4046,2.4046,2.4046,2.4046,803,0
ASM,D,20160912,000000,2.3849,2.3849,2.3849,2.3849,1637,0
ASM,D,20160913,000000,2.375,2.4046,2.3651,2.4046,2087,0
ASM,D,20160914,000000,2.5234,3.4635,2.5234,3.4635,7374,0
ASM,D,20160915,000000,3.3645,3.4635,3.3645,3.4437,2043,0
ASM,D,20160916,000000,3.4635,3.5921,3.3843,3.5327,1736,0
ASM,D,20160919,000000,3.5229,3.6218,3.513,3.6218,1855,0
ASM,D,20160920,000000,3.7603,3.7603,3.5723,3.5723,1880,0
ASM,D,20160921,000000,3.5723,3.6614,3.5723,3.6614,640,0
ASM,D,20160926,000000,3.5624,3.6119,3.5624,3.6119,1866,0
ASM,D,20160927,000000,3.5624,3.602,3.5624,3.602,2708,0
ASM,D,20160928,000000,3.5723,3.602,3.5624,3.602,853,0
ASM,D,20160930,000000,3.7109,3.7109,3.5921,3.6614,1416,0
ASM,D,20161003,000000,3.5921,3.6614,3.5921,3.6614,1799,0
ASM,D,20161004,000000,3.5921,3.5921,3.5822,3.5822,1352,0
ASM,D,20161005,000000,3.6614,3.7109,3.6614,3.7109,1596,0
ASM,D,20161006,000000,3.6119,3.6119,3.6119,3.6119,88,0
ASM,D,20161007,000000,3.6119,3.6119,3.6119,3.6119,1382,0
ASM,D,20161010,000000,3.5822,3.5822,3.5822,3.5822,1667,0
ASM,D,20161012,000000,3.6119,3.6614,3.6119,3.6614,1226,0
ASM,D,20161014,000000,3.6614,3.6614,3.6119,3.6119,1224,0
ASM,D,20161017,000000,3.6119,3.6119,3.6119,3.6119,505,0
ASM,D,20161018,000000,3.5921,3.5921,3.5921,3.5921,1957,0
ASM,D,20161019,000000,3.6119,3.7109,3.6119,3.7109,1290,0
ASM,D,20161021,000000,3.7109,3.7109,3.6119,3.6416,1777,0
ASM,D,20161025,000000,3.6119,3.6416,3.6119,3.6416,4732,0
ASM,D,20161026,000000,3.6119,3.7208,3.5921,3.7208,1890,0
ASM,D,20161028,000000,3.5921,3.6119,3.5921,3.6119,3665,0
ASM,D,20161031,000000,3.5921,3.6218,3.5426,3.6218,3480,0
ASM,D,20161102,000000,3.7208,3.7702,3.7208,3.7702,1537,0
ASM,D,20161103,000000,3.8791,3.8791,3.7406,3.7406,1847,0
ASM,D,20161104,000000,3.6614,3.7801,3.6515,3.7801,6003,0
ASM,D,20161107,000000,3.6119,3.6614,3.6119,3.6614,2774,0
ASM,D,20161108,000000,3.6119,3.6614,3.5031,3.6614,4667,0
ASM,D,20161109,000000,3.6614,3.6614,3.5723,3.6614,4569,0
ASM,D,20161110,000000,3.5723,3.5723,3.5723,3.5723,2190,0
ASM,D,20161114,000000,3.5723,3.6713,3.5723,3.6713,3445,0
ASM,D,20161115,000000,3.6713,3.6713,3.6713,3.6713,1498,0
ASM,D,20161116,000000,3.5723,3.6713,3.5624,3.6713,3622,0
ASM,D,20161117,000000,3.6713,3.6713,3.5624,3.6713,4705,0
ASM,D,20161118,000000,3.5624,3.6713,3.5624,3.6713,1776,0
ASM,D,20161121,000000,3.513,3.8098,3.5031,3.79,1597,0
ASM,D,20161123,000000,3.6614,3.6614,3.5624,3.6614,1273,0
ASM,D,20161125,000000,3.5624,3.5624,3.5624,3.5624,2974,0
ASM,D,20161128,000000,3.5624,3.6614,3.5624,3.6614,3192,0
ASM,D,20161129,000000,3.5624,3.6614,3.5624,3.6614,2068,0
ASM,D,20161130,000000,3.5624,3.6812,3.5624,3.6812,2466,0
ASM,D,20161201,000000,3.5031,3.8098,3.4635,3.8098,2039,0
ASM,D,20161202,000000,3.8098,3.8098,3.7505,3.7505,707,0
ASM,D,20161205,000000,3.4635,3.8098,3.4635,3.8098,2147,0
ASM,D,20161207,000000,3.6614,3.7603,3.6614,3.7603,2294,0
ASM,D,20161212,000000,3.6614,4.0275,3.6614,4.0275,7017,0
ASM,D,20161213,000000,4.4135,4.7004,3.8593,4.2749,1980,0
ASM,D,20161214,000000,3.9583,4.7796,3.8593,4.7796,9221,0
ASM,D,20161215,000000,5.2348,5.7395,5.2348,5.7395,353,0
ASM,D,20161216,000000,5.9374,5.9374,5.9374,5.9374,1,0
ASM,D,20161219,000000,5.8384,6.4124,5.8384,6.1254,3735,0
ASM,D,20161220,000000,6.1254,6.1254,5.6405,6.1254,1308,0
ASM,D,20161222,000000,5.6405,5.6405,5.4426,5.5416,1544,0
ASM,D,20161223,000000,5.4426,5.4426,5.3437,5.3437,1547,0
ASM,D,20161227,000000,5.3437,5.3437,5.0567,5.0567,3650,0
ASM,D,20161228,000000,4.9478,5.3338,4.9478,5.3338,15303,0
ASM,D,20161229,000000,5.3338,5.3437,5.1259,5.3338,845,0
ASM,D,20170102,000000,5.3535,5.3535,5.2447,5.2447,2020,0
ASM,D,20170103,000000,5.0468,5.0468,5.0468,5.0468,2876,0
ASM,D,20170105,000000,5.0468,5.2447,5.0468,5.2447,1862,0
ASM,D,20170109,000000,5.1457,5.3239,5.1457,5.3239,1898,0
ASM,D,20170110,000000,5.2843,5.2942,5.2843,5.2942,1657,0
ASM,D,20170111,000000,5.2942,5.3338,5.2942,5.3338,1397,0
ASM,D,20170112,000000,5.3338,5.3338,5.3338,5.3338,101,0
ASM,D,20170113,000000,5.3338,5.4327,5.2447,5.4327,2833,0
ASM,D,20170116,000000,5.2447,5.2546,5.2447,5.2546,954,0
ASM,D,20170117,000000,5.4327,5.4327,5.4327,5.4327,626,0
ASM,D,20170118,000000,5.2447,5.4327,5.2447,5.4327,1837,0
ASM,D,20170119,000000,5.4327,5.4327,5.2546,5.2546,125,0
ASM,D,20170120,000000,5.3437,5.3437,5.3437,5.3437,676,0
ASM,D,20170124,000000,5.4327,5.4426,5.3437,5.3437,1282,0
ASM,D,20170125,000000,5.3437,5.3437,5.3437,5.3437,505,0
ASM,D,20170126,000000,5.1952,5.1952,5.1952,5.1952,101,0
ASM,D,20170130,000000,5.1952,5.4426,5.1457,5.4426,2756,0
ASM,D,20170131,000000,5.2546,5.3931,5.2546,5.3931,2545,0
ASM,D,20170201,000000,5.4426,5.5416,5.4426,5.4426,1764,0
ASM,D,20170202,000000,5.4327,5.4327,5.4327,5.4327,2122,0
ASM,D,20170203,000000,5.5416,5.5416,5.5416,5.5416,283,0
ASM,D,20170206,000000,5.5416,5.5416,5.5416,5.5416,1794,0
ASM,D,20170207,000000,5.4426,5.4426,5.4426,5.4426,1619,0
ASM,D,20170208,000000,5.3437,5.4426,5.2546,5.4426,2948,0
ASM,D,20170209,000000,5.4426,5.4426,5.0468,5.0468,2099,0
ASM,D,20170210,000000,5.1457,5.1457,5.1457,5.1457,18,0
ASM,D,20170214,000000,5.2447,5.2447,5.2447,5.2447,1234,0
ASM,D,20170215,000000,5.2447,5.2447,5.2447,5.2447,1,0
ASM,D,20170217,000000,5.4426,5.4426,5.4426,5.4426,444,0
ASM,D,20170222,000000,5.2942,5.4426,5.2942,5.2942,1724,0
ASM,D,20170223,000000,5.2447,5.2447,5.2447,5.2447,188,0
ASM,D,20170224,000000,5.2447,5.4426,5.2447,5.4426,1537,0
ASM,D,20170227,000000,5.4426,5.4426,5.4426,5.4426,579,0
ASM,D,20170228,000000,5.4426,5.4426,5.4426,5.4426,962,0
ASM,D,20170302,000000,5.2942,5.2942,5.2942,5.2942,1470,0
ASM,D,20170307,000000,5.2942,5.4426,5.2942,5.4426,1409,0
ASM,D,20170310,000000,5.3239,5.3239,5.3239,5.3239,1516,0
ASM,D,20170313,000000,5.3338,5.3338,5.3338,5.3338,410,0
ASM,D,20170314,000000,5.3338,5.3338,5.3338,5.3338,1611,0
ASM,D,20170316,000000,5.3733,6.2738,5.3733,5.69,7505,0
ASM,D,20170317,000000,5.4426,5.69,5.4426,5.6801,2921,0
ASM,D,20170320,000000,5.4426,5.4426,5.4426,5.4426,871,0
ASM,D,20170322,000000,5.4426,5.6801,5.4426,5.6801,1499,0
ASM,D,20170323,000000,5.69,5.69,5.69,5.69,101,0
ASM,D,20170324,000000,5.4426,5.4426,5.4426,5.4426,1011,0
ASM,D,20170327,000000,5.6801,5.6801,5.6405,5.6405,1048,0
ASM,D,20170329,000000,5.7296,5.7296,5.7296,5.7296,2717,0
ASM,D,20170330,000000,5.7296,5.7296,5.7296,5.7296,901,0
ASM,D,20170331,000000,5.7296,5.7395,5.7296,5.7395,2512,0
ASM,D,20170403,000000,5.5515,5.7296,5.5515,5.7296,1517,0
ASM,D,20170405,000000,5.591,5.7296,5.591,5.7296,2022,0
ASM,D,20170406,000000,5.5416,5.7395,5.5416,5.7395,1517,0
ASM,D,20170407,000000,5.4921,5.7296,5.4426,5.7296,2528,0
ASM,D,20170418,000000,5.7791,5.7791,5.5416,5.5416,91,0
ASM,D,20170419,000000,5.5416,5.5416,5.5416,5.5416,1011,0
ASM,D,20170420,000000,5.5416,5.5416,5.4426,5.4426,1011,0
ASM,D,20170424,000000,5.4426,5.5416,5.4426,5.5416,1759,0
ASM,D,20170425,000000,5.3437,5.3437,5.3437,5.3437,2021,0
ASM,D,20170426,000000,5.1952,5.4426,5.1952,5.4426,152,0
ASM,D,20170427,000000,5.4426,5.4426,5.4426,5.4426,876,0
ASM,D,20170428,000000,5.4426,5.5416,5.4426,5.5416,754,0
ASM,D,20170502,000000,5.4426,5.4426,5.4426,5.4426,398,0
ASM,D,20170505,000000,5.4327,5.5317,5.4327,5.5317,997,0
ASM,D,20170508,000000,5.4426,5.4426,5.4426,5.4426,486,0
ASM,D,20170510,000000,5.4426,5.4426,5.4426,5.4426,284,0
ASM,D,20170511,000000,5.4426,5.5317,5.4426,5.5317,242,0
ASM,D,20170515,000000,5.5317,5.5317,5.5317,5.5317,195,0
ASM,D,20170518,000000,5.3931,5.3931,5.3931,5.3931,1475,0
ASM,D,20170522,000000,5.4426,5.4426,5.4426,5.4426,153,0
ASM,D,20170529,000000,5.4426,5.4426,5.4426,5.4426,858,0
ASM,D,20170531,000000,5.69,5.69,5.69,5.69,1180,0
ASM,D,20170606,000000,5.4426,5.4426,5.4426,5.4426,132,0
ASM,D,20170608,000000,5.4426,5.4426,5.4426,5.4426,103,0
ASM,D,20170609,000000,5.4426,5.4426,5.4426,5.4426,126,0
ASM,D,20170612,000000,5.4426,5.4426,5.4426,5.4426,78,0
ASM,D,20170619,000000,5.3931,5.3931,5.3931,5.3931,51,0
ASM,D,20170620,000000,5.69,5.69,5.69,5.69,27,0
ASM,D,20170623,000000,5.69,5.7395,5.69,5.7395,256,0
ASM,D,20170626,000000,5.4921,5.4921,5.3931,5.3931,858,0
ASM,D,20170627,000000,5.403,5.69,5.403,5.69,349,0
ASM,D,20170630,000000,5.74,5.74,5.5,5.5,355,0
ASM,D,20170712,000000,5.49,5.5,4.95,5.5,104,0
ASM,D,20170714,000000,5.35,5.35,4.82,4.82,100,0
ASM,D,20170717,000000,5.3,5.3,5,5,98,0
ASM,D,20170719,000000,5,5,5,5,4,0
ASM,D,20170727,000000,5,5.15,5,5.15,2078,0
ASM,D,20170801,000000,5,5,5,5,429,0
ASM,D,20170803,000000,5.1,5.1,4.9,5,2180,0
ASM,D,20170804,000000,4.8,5,4.8,5,2261,0
ASM,D,20170809,000000,4.8,5,4.8,5,3632,0
ASM,D,20170811,000000,5,5,4.8,5,1405,0
ASM,D,20170818,000000,4.75,4.85,4.75,4.85,1850,0
ASM,D,20170821,000000,4.85,4.85,4.85,4.85,571,0
ASM,D,20170822,000000,4.75,4.75,4.75,4.75,133,0
ASM,D,20170824,000000,4.75,4.75,4.75,4.75,1327,0
ASM,D,20170825,000000,4.75,4.85,4.75,4.85,1011,0
ASM,D,20170830,000000,4.85,4.85,4.85,4.85,471,0
ASM,D,20170905,000000,4.5,4.7,4.5,4.7,2095,0
ASM,D,20170919,000000,4.3,4.5,4.3,4.5,3535,0
ASM,D,20170920,000000,4.5,4.5,4.5,4.5,325,0
ASM,D,20170921,000000,4.5,4.5,4.5,4.5,1,0
ASM,D,20170922,000000,4.3,4.5,4.3,4.5,2210,0
ASM,D,20171002,000000,4.2,4.2,4.2,4.2,728,0
ASM,D,20171011,000000,3.9,4.09,3.9,4.09,2707,0
ASM,D,20171016,000000,4.11,4.12,4.11,4.12,650,0
ASM,D,20171019,000000,4.09,4.2,4.09,4.2,1922,0
ASM,D,20171023,000000,4.2,4.2,4.2,4.2,1238,0
ASM,D,20171026,000000,4.04,4.04,4.04,4.04,1744,0
ASM,D,20171027,000000,4.14,4.2,4.14,4.2,1050,0
ASM,D,20171030,000000,4.25,4.25,4.25,4.25,606,0
ASM,D,20171102,000000,4.15,4.15,4.15,4.15,1925,0
ASM,D,20171106,000000,4.18,4.18,4.18,4.18,650,0
ASM,D,20171109,000000,4.2,4.2,4.2,4.2,545,0
ASM,D,20171113,000000,4.09,4.27,4.09,4.27,2315,0
ASM,D,20171117,000000,4.19,4.19,4.19,4.19,200,0
ASM,D,20171120,000000,4.19,4.19,4.19,4.19,444,0
ASM,D,20171124,000000,4.25,4.25,4.25,4.25,822,0
ASM,D,20171129,000000,4.1,4.1,4.1,4.1,3675,0
ASM,D,20171130,000000,4.08,4.14,3.95,4.1,5600,0
ASM,D,20171207,000000,3.94,4,3.94,4,2973,0
ASM,D,20171208,000000,4.07,4.07,4.07,4.07,750,0
ASM,D,20171211,000000,4.2,4.2,4.2,4.2,1588,0
ASM,D,20171214,000000,4.02,4.2,4.02,4.2,2043,0
ASM,D,20171219,000000,4,4.19,4,4.19,1983,0
ASM,D,20171221,000000,4.03,4.03,3.86,4.02,2301,0
ASM,D,20171227,000000,3.83,4.02,3.83,4.02,2100,0
ASM,D,20171229,000000,4.02,4.02,4.02,4.02,450,0
ASM,D,20180103,000000,4.05,4.05,4.05,4.05,100,0
ASM,D,20180104,000000,4.05,4.05,4.05,4.05,1800,0
ASM,D,20180105,000000,4,4,3.85,3.85,4500,0
ASM,D,20180108,000000,3.9,4.05,3.9,4.05,2055,0
ASM,D,20180109,000000,3.86,4.05,3.86,4.05,1970,0
ASM,D,20180110,000000,3.96,4.08,3.82,4,5969,0
ASM,D,20180111,000000,3.9,3.9,3.9,3.9,299,0
ASM,D,20180112,000000,3.9,3.98,3.8,3.98,3052,0
ASM,D,20180115,000000,3.77,3.95,3.77,3.95,2166,0
ASM,D,20180124,000000,3.85,3.85,3.67,3.85,3232,0
ASM,D,20180129,000000,3.71,3.81,3.63,3.75,2471,0
ASM,D,20180131,000000,3.58,3.75,3.58,3.75,2228,0
ASM,D,20180205,000000,3.58,3.6,3.58,3.6,1475,0
ASM,D,20180206,000000,3.6,3.6,3.6,3.6,200,0
ASM,D,20180209,000000,3.52,3.6,3.5,3.6,2989,0
ASM,D,20180212,000000,3.5,3.71,3.5,3.71,720,0
ASM,D,20180216,000000,3.71,3.71,3.71,3.71,155,0
ASM,D,20180219,000000,3.56,3.71,3.56,3.71,1910,0
ASM,D,20180222,000000,3.68,3.68,3.68,3.68,388,0
ASM,D,20180226,000000,3.53,3.68,3.53,3.68,2325,0
ASM,D,20180601,000000,3.58,3.58,3.58,3.58,1500,0
ASM,D,20180731,000000,3.43,3.43,3.43,3.43,300,0
ASM,D,20180816,000000,3.43,3.43,3.43,3.43,17,0
ASM,D,20180919,000000,3.6,3.6,3.6,3.6,21,0
ASM,D,20180921,000000,3.6,3.6,3.6,3.6,2,0
ASM,D,20181009,000000,3.6,3.6,3.6,3.6,291,0
ASM,D,20181127,000000,3.44,3.44,3.44,3.44,291,0
ASM,D,20190128,000000,3.39,3.72,3.39,3.4,8404,0
ASM,D,20190215,000000,3.35,3.35,3.3,3.3,752,0
ASM,D,20190416,000000,3.3,3.3,3.3,3.3,13,0
ASM,D,20190417,000000,3.16,3.16,3.16,3.16,13,0
ASM,D,20190430,000000,3.3,3.3,3.3,3.3,1,0
ASM,D,20191003,000000,3.42,3.42,3.42,3.42,175,0
ASM,D,20191018,000000,3.28,3.28,3.28,3.28,100,0
ASM,D,20191021,000000,3.28,3.28,3.28,3.28,9,0
ASM,D,20191025,000000,3.42,3.42,3.42,3.42,4,0
ASM,D,20191112,000000,3.3,3.3,3.3,3.3,1,0
ASM,D,20191204,000000,3.28,3.28,3.28,3.28,2,0
ASM,D,20191216,000000,3.42,3.42,3.42,3.42,1,0
ASM,D,20200228,000000,3.28,3.28,3.28,3.28,470,0
ASM,D,20200303,000000,3.28,3.28,3.28,3.28,500,0
ASM,D,20200407,000000,3.42,3.42,3.42,3.42,487,0
ASM,D,20200415,000000,3.28,3.28,3.28,3.28,487,0
ASM,D,20200504,000000,3.42,3.98,3.42,3.8,11436,0
ASM,D,20200505,000000,3.8,3.8,3.8,3.8,2500,0
ASM,D,20200506,000000,3.62,3.62,3.44,3.44,4400,0
ASM,D,20200507,000000,3.42,3.42,3.28,3.28,2600,0
ASM,D,20200511,000000,3.28,3.28,3.28,3.28,500,0
ASM,D,20200512,000000,3.14,3.14,3.14,3.14,2600,0
ASM,D,20200519,000000,3.1,3.1,3.04,3.04,290,0
ASM,D,20200526,000000,3.04,3.04,3.04,3.04,200,0
ASM,D,20200601,000000,3.04,3.04,3.04,3.04,126,0
ASM,D,20200701,000000,3.04,3.04,3.04,3.04,500,0
ASM,D,20200706,000000,3.04,3.04,3.04,3.04,2500,0
