<TICKER>,<PER>,<DATE>,<TIME>,<OPEN>,<HIGH>,<LOW>,<CLOSE>,<VOL>,<OPENINT>
BAL,D,20110630,000000,10.2,10.5,9.7,10.2,11585,0
BAL,D,20110701,000000,10.49,10.9,10,10.45,3561,0
BAL,D,20110704,000000,10.65,10.65,10.2,10.49,2053,0
BAL,D,20110705,000000,10.55,10.55,10.2,10.51,1523,0
BAL,D,20110706,000000,10.52,10.52,10,10.43,1462,0
BAL,D,20110707,000000,10.43,10.5,10.43,10.5,296,0
BAL,D,20110708,000000,10.4,10.5,10.4,10.5,201,0
BAL,D,20110711,000000,10.5,10.5,10.5,10.5,209,0
BAL,D,20110712,000000,10.5,10.5,10.5,10.5,200,0
BAL,D,20110713,000000,10.2,10.2,10.2,10.2,1,0
BAL,D,20110714,000000,10.2,10.2,10.2,10.2,2,0
BAL,D,20110715,000000,10.2,10.2,10.2,10.2,2,0
BAL,D,20110718,000000,10.2,10.2,10.2,10.2,2,0
BAL,D,20110719,000000,10.2,10.3,10.2,10.3,169,0
BAL,D,20110720,000000,10.2,10.2,10.2,10.2,298,0
BAL,D,20110721,000000,10.2,10.2,10.2,10.2,2,0
BAL,D,20110722,000000,10.2,10.2,10.2,10.2,602,0
BAL,D,20110725,000000,10.2,10.2,10.2,10.2,2,0
BAL,D,20110726,000000,10.2,10.2,10.2,10.2,2,0
BAL,D,20110727,000000,10.2,10.2,10.2,10.2,69,0
BAL,D,20110728,000000,10.2,10.2,10.2,10.2,2,0
BAL,D,20110808,000000,10.1,10.1,10.1,10.1,100,0
BAL,D,20110816,000000,10,10,10,10,1,0
BAL,D,20110817,000000,9.99,9.99,9.91,9.91,261,0
BAL,D,20110819,000000,9.7,9.7,9.7,9.7,52,0
BAL,D,20110822,000000,9.7,9.7,9.45,9.45,728,0
BAL,D,20110824,000000,9.4,9.4,9.4,9.4,1,0
BAL,D,20110825,000000,9.4,9.4,9.4,9.4,2,0
BAL,D,20110826,000000,9.4,9.4,9.4,9.4,2,0
BAL,D,20110829,000000,9.4,9.4,9.35,9.35,14251,0
BAL,D,20110830,000000,9.4,9.5,9.35,9.5,3884,0
BAL,D,20110831,000000,9.5,9.5,9.5,9.5,2,0
BAL,D,20110901,000000,9.5,9.5,9.5,9.5,2,0
BAL,D,20110902,000000,9.5,9.5,9.5,9.5,2,0
BAL,D,20110905,000000,9.5,9.5,9.35,9.5,15348,0
BAL,D,20110906,000000,9.5,9.5,9.35,9.5,4906,0
BAL,D,20110907,000000,9.5,9.5,9.35,9.5,2338,0
BAL,D,20110908,000000,9.35,9.35,9.35,9.35,6076,0
BAL,D,20110909,000000,9.5,9.5,9.5,9.5,1,0
BAL,D,20110912,000000,9.5,9.5,9.5,9.5,2,0
BAL,D,20110913,000000,9.5,9.5,9.5,9.5,2,0
BAL,D,20110914,000000,9.5,9.5,9.5,9.5,2,0
BAL,D,20110915,000000,9.5,9.5,9.5,9.5,2,0
BAL,D,20110916,000000,9.5,9.5,9.5,9.5,1,0
BAL,D,20110919,000000,9.5,9.5,9.5,9.5,2,0
BAL,D,20110920,000000,9.5,9.5,9.5,9.5,1,0
BAL,D,20110921,000000,9.5,9.5,9.5,9.5,2,0
BAL,D,20110922,000000,9.5,9.5,9.5,9.5,2,0
BAL,D,20110923,000000,9.5,9.5,9.5,9.5,2,0
BAL,D,20110926,000000,9.5,9.5,9.5,9.5,2,0
BAL,D,20110927,000000,9.5,9.5,9.5,9.5,2,0
BAL,D,20110928,000000,9.5,9.5,9.5,9.5,2,0
BAL,D,20110929,000000,9.5,9.5,9.5,9.5,12,0
BAL,D,20110930,000000,9.5,9.5,9.5,9.5,2,0
BAL,D,20111004,000000,9.5,9.5,9.5,9.5,2,0
BAL,D,20111005,000000,9.5,9.5,9.5,9.5,2,0
BAL,D,20111006,000000,9.5,9.5,9.5,9.5,2,0
BAL,D,20111007,000000,9.5,9.5,9.25,9.5,292,0
BAL,D,20111010,000000,9.5,9.5,9.1,9.1,291,0
BAL,D,20111028,000000,9.2,9.2,9.2,9.2,2,0
BAL,D,20111031,000000,9.2,9.2,9.2,9.2,2,0
BAL,D,20111102,000000,9.2,9.2,9.2,9.2,2,0
BAL,D,20111103,000000,9.2,9.2,9.2,9.2,2,0
BAL,D,20111104,000000,9.2,9.2,9.2,9.2,2,0
BAL,D,20111107,000000,9.2,9.2,9.2,9.2,2,0
BAL,D,20111108,000000,9.2,9.5,9.2,9.5,303,0
BAL,D,20111109,000000,9.5,9.5,9.5,9.5,2,0
BAL,D,20111110,000000,9.5,9.5,9.5,9.5,2,0
BAL,D,20111114,000000,9.5,9.5,9.5,9.5,2,0
BAL,D,20111115,000000,9.5,9.6,9.5,9.6,975,0
BAL,D,20111116,000000,9.6,9.6,9.6,9.6,541,0
BAL,D,20111117,000000,9.7,9.7,9.7,9.7,502,0
BAL,D,20111124,000000,9.9,9.9,9.55,9.55,271,0
BAL,D,20111206,000000,9.85,9.85,9.45,9.85,282,0
BAL,D,20111212,000000,9.8,9.8,9.8,9.8,1,0
BAL,D,20111213,000000,9.85,9.85,9.85,9.85,1,0
BAL,D,20111214,000000,9.85,9.85,9.1,9.85,648,0
BAL,D,20111215,000000,9.35,9.85,9.35,9.85,376,0
BAL,D,20111216,000000,8.95,9.25,8.95,9.25,301,0
BAL,D,20111220,000000,9.85,9.85,9.85,9.85,1,0
BAL,D,20111221,000000,9.85,9.85,9.85,9.85,1,0
BAL,D,20111222,000000,8.95,9.85,8.8,8.8,728,0
BAL,D,20111227,000000,9.2,9.2,9.2,9.2,1,0
BAL,D,20111228,000000,9.2,9.2,8.7,9.09,417,0
BAL,D,20111229,000000,9.85,9.85,8.97,9.4,2428,0
BAL,D,20111230,000000,9.02,9.85,8.85,9.85,372,0
BAL,D,20120102,000000,8.6,9.25,8.6,9.25,301,0
BAL,D,20120103,000000,9.25,9.25,9.25,9.25,1,0
BAL,D,20120104,000000,9.25,9.25,9.25,9.25,1,0
BAL,D,20120105,000000,9.25,9.25,8.6,9.25,341,0
BAL,D,20120109,000000,9.25,9.25,9.25,9.25,1,0
BAL,D,20120110,000000,9.25,9.25,8.22,8.22,321,0
BAL,D,20120112,000000,7.83,7.83,7.83,7.83,136,0
BAL,D,20120113,000000,7.83,7.83,7.83,7.83,225,0
BAL,D,20120116,000000,8.59,8.59,8.59,8.59,1,0
BAL,D,20120117,000000,8.59,8.59,7.65,8.59,1424,0
BAL,D,20120118,000000,8,8.39,8,8.39,1112,0
BAL,D,20120119,000000,8,8.59,8,8.59,1052,0
BAL,D,20120120,000000,7.97,8.59,7.97,8.59,1010,0
BAL,D,20120123,000000,8.59,8.59,7.94,8.59,1002,0
BAL,D,20120124,000000,8.59,8.59,7.94,8.59,1002,0
BAL,D,20120125,000000,8.59,8.59,8,8.59,1002,0
BAL,D,20120127,000000,7.65,7.75,7.65,7.75,740,0
BAL,D,20120130,000000,7.75,7.75,7.75,7.75,533,0
BAL,D,20120131,000000,7.84,7.84,7.84,7.84,350,0
BAL,D,20120201,000000,7.8,7.8,7.79,7.79,591,0
BAL,D,20120202,000000,7.94,7.94,7.9,7.94,355,0
BAL,D,20120203,000000,7.75,7.88,7.75,7.79,940,0
BAL,D,20120206,000000,7.94,8.38,7.93,8.24,11034,0
BAL,D,20120207,000000,8.24,8.48,8.23,8.48,5004,0
BAL,D,20120208,000000,8.48,9.1,8.48,8.62,3726,0
BAL,D,20120209,000000,8.45,8.8,8.45,8.8,2397,0
BAL,D,20120210,000000,8.8,8.9,8.5,8.9,5825,0
BAL,D,20120213,000000,8.9,8.9,8.4,8.9,242,0
BAL,D,20120214,000000,8.4,8.9,8.4,8.9,1866,0
BAL,D,20120215,000000,8.45,8.45,8.45,8.45,501,0
BAL,D,20120216,000000,8.45,8.45,7.78,8.38,1576,0
BAL,D,20120217,000000,8.45,8.45,7.3,7.39,3600,0
BAL,D,20120220,000000,7.49,7.49,7.49,7.49,1084,0
BAL,D,20120221,000000,7.49,7.5,7.49,7.49,1851,0
BAL,D,20120222,000000,7.58,7.58,6.9,7.19,1633,0
BAL,D,20120223,000000,7.19,7.19,6.95,6.95,1228,0
BAL,D,20120224,000000,7.18,7.18,6.87,7.18,1357,0
BAL,D,20120227,000000,6.68,6.95,6.58,6.79,2053,0
BAL,D,20120228,000000,6.85,6.85,6.85,6.85,1,0
BAL,D,20120229,000000,6.85,6.95,6.58,6.95,2878,0
BAL,D,20120301,000000,6.65,6.95,6.65,6.95,1302,0
BAL,D,20120302,000000,6.6,6.78,6.46,6.78,1656,0
BAL,D,20120305,000000,6.6,6.95,6.58,6.58,702,0
BAL,D,20120306,000000,6.58,6.58,6.58,6.58,1014,0
BAL,D,20120307,000000,6.58,6.58,6.58,6.58,735,0
BAL,D,20120308,000000,6.62,6.64,6.6,6.64,1001,0
BAL,D,20120309,000000,6.69,6.69,6.5,6.59,1303,0
BAL,D,20120312,000000,6.6,6.6,6.59,6.59,1096,0
BAL,D,20120313,000000,6.58,6.58,6.58,6.58,602,0
BAL,D,20120314,000000,6.58,6.58,6.35,6.35,411,0
BAL,D,20120315,000000,6.34,6.34,6.33,6.34,678,0
BAL,D,20120316,000000,6.33,6.54,6.32,6.54,1605,0
BAL,D,20120319,000000,6.54,6.54,6.54,6.54,606,0
BAL,D,20120320,000000,6.54,6.54,6.3,6.3,411,0
BAL,D,20120321,000000,6.02,6.02,6.02,6.02,420,0
BAL,D,20120322,000000,6,6,6,6,1028,0
BAL,D,20120323,000000,6,6,6,6,523,0
BAL,D,20120326,000000,6,6.01,6,6.01,752,0
BAL,D,20120327,000000,6.01,6.01,6.01,6.01,470,0
BAL,D,20120328,000000,6.01,6.01,6.01,6.01,1281,0
BAL,D,20120329,000000,6.01,6.01,6.01,6.01,440,0
BAL,D,20120330,000000,6.2,6.2,6.15,6.15,986,0
BAL,D,20120402,000000,6.15,6.15,6.15,6.15,403,0
BAL,D,20120403,000000,6.15,6.15,6,6,1085,0
BAL,D,20120404,000000,6.15,6.15,5.79,5.79,1099,0
BAL,D,20120405,000000,5.8,5.8,5.8,5.8,200,0
BAL,D,20120410,000000,6.05,6.12,6.05,6.12,441,0
BAL,D,20120411,000000,6.12,6.12,6.12,6.12,1048,0
BAL,D,20120412,000000,6.12,6.15,6.12,6.12,493,0
BAL,D,20120413,000000,6.15,6.23,6.15,6.23,775,0
BAL,D,20120416,000000,6.23,6.24,6.2,6.24,660,0
BAL,D,20120417,000000,6.24,6.24,6.24,6.24,670,0
BAL,D,20120418,000000,6.24,6.24,6.24,6.24,346,0
BAL,D,20120419,000000,6.24,6.24,6,6.24,1177,0
BAL,D,20120420,000000,6.17,6.17,6.17,6.17,218,0
BAL,D,20120423,000000,6.24,6.29,6.18,6.29,1536,0
BAL,D,20120424,000000,6.29,6.35,6.29,6.35,1490,0
BAL,D,20120425,000000,6.35,6.35,6.35,6.35,552,0
BAL,D,20120426,000000,6.35,6.35,6.35,6.35,386,0
BAL,D,20120427,000000,6.35,6.45,6.35,6.4,2173,0
BAL,D,20120430,000000,6.45,6.45,6.45,6.45,26,0
BAL,D,20120502,000000,6.45,6.5,6.35,6.5,1695,0
BAL,D,20120504,000000,6.5,6.5,6.5,6.5,413,0
BAL,D,20120507,000000,6.5,6.5,6.4,6.4,445,0
BAL,D,20120508,000000,6.39,6.39,6.39,6.39,390,0
BAL,D,20120509,000000,6.4,6.5,6.4,6.5,411,0
BAL,D,20120510,000000,6.5,6.5,6.5,6.5,2,0
BAL,D,20120511,000000,6.5,6.6,6.5,6.6,401,0
BAL,D,20120514,000000,6.65,6.65,6.5,6.5,757,0
BAL,D,20120515,000000,6.5,6.5,6.3,6.5,6983,0
BAL,D,20120516,000000,6.48,6.6,6.47,6.6,13425,0
BAL,D,20120517,000000,6.6,6.7,6.55,6.7,16058,0
BAL,D,20120518,000000,6.69,6.9,6.4,6.9,15328,0
BAL,D,20120521,000000,6.9,6.9,6.9,6.9,2578,0
BAL,D,20120522,000000,6.96,7,6.9,7,1883,0
BAL,D,20120523,000000,7,7,7,7,2070,0
BAL,D,20120524,000000,7,7,7,7,1936,0
BAL,D,20120525,000000,7,7.02,7,7.02,3228,0
BAL,D,20120528,000000,7.02,7.09,7.02,7.09,1596,0
BAL,D,20120529,000000,7.1,7.1,7,7,2536,0
BAL,D,20120530,000000,7,7.15,7,7.1,2644,0
BAL,D,20120531,000000,7.1,7.1,7,7,776,0
BAL,D,20120601,000000,7.1,7.15,7.1,7.15,2399,0
BAL,D,20120604,000000,7.15,7.15,7.08,7.08,2512,0
BAL,D,20120605,000000,7.08,7.08,7.08,7.08,1949,0
BAL,D,20120606,000000,7.09,7.09,7,7.08,1902,0
BAL,D,20120608,000000,7.08,7.08,7,7.05,1926,0
BAL,D,20120611,000000,7.05,7.05,7,7.05,2002,0
BAL,D,20120612,000000,7.05,7.05,7.05,7.05,2002,0
BAL,D,20120613,000000,7.05,7.08,7.05,7.08,1796,0
BAL,D,20120614,000000,7.08,7.08,7.05,7.05,2022,0
BAL,D,20120615,000000,7.05,7.05,7.05,7.05,2002,0
BAL,D,20120618,000000,7.05,7.05,7.05,7.05,1202,0
BAL,D,20120619,000000,7.05,7.05,7.05,7.05,1002,0
BAL,D,20120620,000000,7.05,7.05,7.05,7.05,986,0
BAL,D,20120621,000000,7.09,7.09,7.09,7.09,964,0
BAL,D,20120622,000000,7.09,7.09,7.09,7.09,936,0
BAL,D,20120625,000000,7.09,7.09,7.09,7.09,930,0
BAL,D,20120626,000000,7.09,7.09,7.09,7.09,665,0
BAL,D,20120627,000000,7.09,7.09,6.78,6.78,396,0
BAL,D,20120628,000000,6.74,6.74,6.16,6.16,690,0
BAL,D,20120629,000000,6.15,6.28,6.15,6.15,3000,0
BAL,D,20120702,000000,6.15,6.15,6.15,6.15,305,0
BAL,D,20120703,000000,6.14,6.14,6.14,6.14,302,0
BAL,D,20120704,000000,6.14,6.14,6.14,6.14,301,0
BAL,D,20120705,000000,6.14,6.14,6.14,6.14,302,0
BAL,D,20120706,000000,6.14,6.14,6.14,6.14,302,0
BAL,D,20120709,000000,6.14,6.14,5.92,5.92,302,0
BAL,D,20120710,000000,5.92,5.92,5.92,5.92,1302,0
BAL,D,20120711,000000,5.99,5.99,5.99,5.99,302,0
BAL,D,20120712,000000,5.99,5.99,5.99,5.99,302,0
BAL,D,20120713,000000,6.05,6.05,5.74,5.74,1919,0
BAL,D,20120716,000000,5.85,5.98,5.85,5.98,581,0
BAL,D,20120717,000000,5.98,5.98,5.8,5.8,552,0
BAL,D,20120718,000000,5.94,5.94,5.94,5.94,302,0
BAL,D,20120719,000000,5.94,5.98,5.94,5.98,302,0
BAL,D,20120720,000000,5.98,5.98,5.98,5.98,302,0
BAL,D,20120723,000000,6,6,5.99,5.99,183,0
BAL,D,20120724,000000,6,6,5.99,5.99,302,0
BAL,D,20120725,000000,6,6,5.9,5.99,1962,0
BAL,D,20120726,000000,5.99,6.44,5.99,6.44,1802,0
BAL,D,20120727,000000,6.44,6.44,6.3,6.38,3242,0
BAL,D,20120730,000000,6.59,6.6,6.07,6.07,5935,0
BAL,D,20120731,000000,6.08,6.6,6.08,6.6,330,0
BAL,D,20120801,000000,6.48,6.48,6.3,6.3,42,0
BAL,D,20120802,000000,6.48,6.48,6.24,6.24,302,0
BAL,D,20120803,000000,6.24,6.5,6.24,6.5,361,0
BAL,D,20120806,000000,6.49,6.49,6.24,6.24,302,0
BAL,D,20120807,000000,6.24,6.24,6.24,6.24,302,0
BAL,D,20120808,000000,6.25,6.5,6.24,6.24,741,0
BAL,D,20120809,000000,6.24,6.24,6.24,6.24,2,0
BAL,D,20120810,000000,6.24,6.5,6.24,6.5,401,0
BAL,D,20120813,000000,6.48,6.48,6.25,6.4,552,0
BAL,D,20120814,000000,6.19,6.19,6.19,6.19,302,0
BAL,D,20120816,000000,6.18,6.18,6.18,6.18,302,0
BAL,D,20120817,000000,6.18,6.18,6.18,6.18,301,0
BAL,D,20120820,000000,6.14,6.14,6,6,802,0
BAL,D,20120821,000000,6,6,6,6,302,0
BAL,D,20120822,000000,6,6,5.99,5.99,302,0
BAL,D,20120823,000000,5.99,5.99,5.98,5.99,302,0
BAL,D,20120824,000000,5.99,5.99,5.98,5.99,302,0
BAL,D,20120827,000000,5.96,5.96,5.95,5.95,387,0
BAL,D,20120828,000000,5.95,5.95,5.9,5.9,401,0
BAL,D,20120829,000000,5.9,5.9,5.9,5.9,176,0
BAL,D,20120830,000000,5.9,5.9,5.79,5.8,2235,0
BAL,D,20120831,000000,5.9,5.9,5.9,5.9,228,0
BAL,D,20120903,000000,5.9,5.9,5.9,5.9,227,0
BAL,D,20120904,000000,5.9,5.9,5.9,5.9,223,0
BAL,D,20120905,000000,5.9,5.9,5.7,5.7,541,0
BAL,D,20120906,000000,5.69,5.69,5.68,5.68,227,0
BAL,D,20120907,000000,5.68,5.68,5.68,5.68,90,0
BAL,D,20120911,000000,5.5,5.5,5.45,5.45,595,0
BAL,D,20120912,000000,5.45,5.45,5.45,5.45,10,0
BAL,D,20120913,000000,5.45,5.45,5.45,5.45,100,0
BAL,D,20120914,000000,5.45,5.45,5.45,5.45,100,0
BAL,D,20120917,000000,5.45,5.45,5.45,5.45,100,0
BAL,D,20120918,000000,5.45,5.45,5.45,5.45,101,0
BAL,D,20120927,000000,5.57,5.7,5.57,5.6,770,0
BAL,D,20120928,000000,5.55,5.55,5.55,5.55,428,0
BAL,D,20121001,000000,5.55,5.55,5.55,5.55,588,0
BAL,D,20121002,000000,5.55,5.6,5.55,5.6,797,0
BAL,D,20121003,000000,5.6,5.6,5.6,5.6,5,0
BAL,D,20121004,000000,5.6,5.69,5.6,5.69,301,0
BAL,D,20121005,000000,5.69,5.69,5.69,5.69,101,0
BAL,D,20121008,000000,5.69,5.69,5.69,5.69,101,0
BAL,D,20121009,000000,5.69,5.69,5.69,5.69,103,0
BAL,D,20121010,000000,5.69,5.69,5.69,5.69,92,0
BAL,D,20121011,000000,5.69,5.69,5.69,5.69,93,0
BAL,D,20121012,000000,5.69,5.69,5.35,5.6,483,0
BAL,D,20121015,000000,5.5,5.6,5.5,5.6,122,0
BAL,D,20121016,000000,5.6,5.6,5.6,5.6,103,0
BAL,D,20121017,000000,5.55,5.6,5.55,5.6,101,0
BAL,D,20121018,000000,5.6,5.6,5.6,5.6,106,0
BAL,D,20121019,000000,5.6,5.6,5.6,5.6,109,0
BAL,D,20121022,000000,5.6,5.6,5.6,5.6,112,0
BAL,D,20121023,000000,5.6,5.6,5.6,5.6,114,0
BAL,D,20121024,000000,5.6,5.6,5.6,5.6,117,0
BAL,D,20121025,000000,5.6,5.6,5.6,5.6,120,0
BAL,D,20121026,000000,5.6,5.6,5.6,5.6,104,0
BAL,D,20121029,000000,5.6,5.6,5.6,5.6,96,0
BAL,D,20121030,000000,5.6,5.6,5.6,5.6,84,0
BAL,D,20121031,000000,5.6,5.6,5.6,5.6,66,0
BAL,D,20121102,000000,5.6,5.6,5.6,5.6,83,0
BAL,D,20121105,000000,5.6,5.6,5.6,5.6,60,0
BAL,D,20121106,000000,5.6,5.6,5.6,5.6,61,0
BAL,D,20121107,000000,5.6,5.6,5.6,5.6,57,0
BAL,D,20121108,000000,5.6,5.6,5.6,5.6,74,0
BAL,D,20121109,000000,5.6,5.6,5.6,5.6,58,0
BAL,D,20121112,000000,5.6,5.6,5.59,5.59,57,0
BAL,D,20121113,000000,5.6,5.6,5.6,5.6,752,0
BAL,D,20121114,000000,5.6,5.6,5.6,5.6,61,0
BAL,D,20121115,000000,5.6,5.6,5.6,5.6,1,0
BAL,D,20121119,000000,5.6,5.6,5.6,5.6,53,0
BAL,D,20121120,000000,5.65,5.65,5.65,5.65,63,0
BAL,D,20121122,000000,5.65,5.65,5.65,5.65,50,0
BAL,D,20121126,000000,5.85,5.85,5.65,5.65,45,0
BAL,D,20121130,000000,5.67,5.67,5.67,5.67,1,0
BAL,D,20121211,000000,5.28,5.8,5.28,5.8,30,0
BAL,D,20121212,000000,5.8,5.8,5.8,5.8,1,0
BAL,D,20121213,000000,5.8,5.8,5.8,5.8,1,0
BAL,D,20121214,000000,5.8,5.8,5.8,5.8,1,0
BAL,D,20121217,000000,5.8,5.8,5.8,5.8,1,0
BAL,D,20121218,000000,5.8,5.8,5.65,5.65,5,0
BAL,D,20121219,000000,5.8,5.8,5.65,5.65,294,0
BAL,D,20121220,000000,5.8,5.8,5.5,5.5,286,0
BAL,D,20121221,000000,5.6,5.6,5.5,5.5,584,0
BAL,D,20130102,000000,5.5,5.5,5.4,5.4,422,0
BAL,D,20130103,000000,5.55,5.55,5.55,5.55,356,0
BAL,D,20130104,000000,5.8,5.8,5.8,5.8,134,0
BAL,D,20130107,000000,5.8,5.8,5.6,5.7,303,0
BAL,D,20130108,000000,5.65,5.65,5.59,5.59,2,0
BAL,D,20130109,000000,5.55,5.55,5.55,5.55,227,0
BAL,D,20130110,000000,5.55,5.55,5.55,5.55,22,0
BAL,D,20130111,000000,5.6,5.9,5.6,5.9,343,0
BAL,D,20130114,000000,5.92,6.2,5.92,6.2,1210,0
BAL,D,20130115,000000,6.2,6.58,6.2,6.53,5883,0
BAL,D,20130116,000000,6.53,6.99,6.53,6.85,12316,0
BAL,D,20130117,000000,6.9,7.13,6.85,6.9,6721,0
BAL,D,20130118,000000,6.95,7.1,6.85,7.05,2380,0
BAL,D,20130121,000000,7.05,7.05,6.8,7.02,807,0
BAL,D,20130122,000000,7.02,7.02,6.85,6.9,2616,0
BAL,D,20130123,000000,6.85,6.85,6.6,6.7,324,0
BAL,D,20130124,000000,6.85,6.85,6.85,6.85,1,0
BAL,D,20130125,000000,6.85,6.85,6.25,6.4,836,0
BAL,D,20130128,000000,6.4,6.4,6.39,6.39,216,0
BAL,D,20130129,000000,6.38,6.6,6.38,6.6,119,0
BAL,D,20130130,000000,6.55,6.6,6.3,6.5,412,0
BAL,D,20130131,000000,6.45,6.45,6.21,6.21,1445,0
BAL,D,20130201,000000,6.21,6.28,6,6.25,2474,0
BAL,D,20130204,000000,6.4,6.4,6.25,6.25,353,0
BAL,D,20130205,000000,6.25,6.25,6.25,6.25,6,0
BAL,D,20130206,000000,6.4,6.4,6.15,6.15,1767,0
BAL,D,20130207,000000,6.15,6.25,6.15,6.25,1123,0
BAL,D,20130208,000000,6.25,6.38,6.25,6.38,69,0
BAL,D,20130211,000000,6.38,6.38,6.25,6.25,1427,0
BAL,D,20130212,000000,6.25,6.25,6.25,6.25,579,0
BAL,D,20130213,000000,6.4,6.4,6.4,6.4,1,0
BAL,D,20130214,000000,6.38,6.38,6.38,6.38,5,0
BAL,D,20130215,000000,6.4,6.4,6.25,6.25,326,0
BAL,D,20130218,000000,6.38,6.38,6.25,6.25,375,0
BAL,D,20130219,000000,6.25,6.25,6.1,6.2,942,0
BAL,D,20130220,000000,6.2,6.25,6.2,6.25,322,0
BAL,D,20130221,000000,6.25,6.25,6.25,6.25,322,0
BAL,D,20130222,000000,6.25,6.25,6.25,6.25,2,0
BAL,D,20130225,000000,6.25,6.25,6.01,6.25,279,0
BAL,D,20130226,000000,6.25,6.25,6.25,6.25,310,0
BAL,D,20130227,000000,6.28,6.28,6.28,6.28,1,0
BAL,D,20130228,000000,6.27,6.27,6.25,6.25,304,0
BAL,D,20130301,000000,6.25,6.25,6.25,6.25,276,0
BAL,D,20130304,000000,6.25,6.25,6.15,6.25,421,0
BAL,D,20130305,000000,6.25,6.25,6,6,2193,0
BAL,D,20130307,000000,6,6,6,6,232,0
BAL,D,20130308,000000,6,6.05,5.85,6.05,520,0
BAL,D,20130311,000000,6.05,6.15,6,6.15,636,0
BAL,D,20130312,000000,6.22,6.4,6.18,6.4,1106,0
BAL,D,20130313,000000,6.45,6.45,6.29,6.45,132,0
BAL,D,20130314,000000,6.45,6.45,6.2,6.44,250,0
BAL,D,20130315,000000,6.45,6.5,6.45,6.5,16,0
BAL,D,20130318,000000,6.49,6.5,6.3,6.5,71,0
BAL,D,20130319,000000,6.5,6.5,6.5,6.5,2,0
BAL,D,20130320,000000,6.5,6.5,6.2,6.38,675,0
BAL,D,20130321,000000,6.3,6.3,6.3,6.3,1,0
BAL,D,20130322,000000,6.25,6.25,6,6,2598,0
BAL,D,20130325,000000,6,6,6,6,250,0
BAL,D,20130326,000000,6,6,5.52,5.52,2799,0
BAL,D,20130327,000000,5.52,5.52,5.52,5.52,694,0
BAL,D,20130328,000000,5.53,5.53,5.53,5.53,1,0
BAL,D,20130402,000000,5.6,5.76,5.6,5.6,1967,0
BAL,D,20130403,000000,6,6,5.87,6,766,0
BAL,D,20130404,000000,6,6,5.95,5.95,374,0
BAL,D,20130405,000000,6,6,6,6,240,0
BAL,D,20130408,000000,6,6,6,6,627,0
BAL,D,20130409,000000,6,6,5.9,5.9,1742,0
BAL,D,20130410,000000,6,6,5.99,6,374,0
BAL,D,20130411,000000,6,6,6,6,368,0
BAL,D,20130417,000000,5.99,5.99,5.99,5.99,1,0
BAL,D,20130418,000000,5.98,5.98,5.79,5.79,351,0
BAL,D,20130419,000000,5.9,5.9,5.9,5.9,1,0
BAL,D,20130422,000000,5.9,5.9,5.9,5.9,1,0
BAL,D,20130423,000000,5.9,5.9,5.53,5.55,1371,0
BAL,D,20130424,000000,5.55,5.55,5.55,5.55,50,0
BAL,D,20130502,000000,5.5,5.5,5.5,5.5,9,0
BAL,D,20130506,000000,5.54,5.54,5.3,5.3,1550,0
BAL,D,20130507,000000,5.35,5.35,5.35,5.35,2785,0
BAL,D,20130508,000000,5.35,5.35,5.35,5.35,1,0
BAL,D,20130509,000000,5.36,5.36,5.35,5.35,21,0
BAL,D,20130510,000000,5.4,5.4,5.4,5.4,1,0
BAL,D,20130513,000000,5.41,5.41,5.41,5.41,2,0
BAL,D,20130514,000000,5.41,5.42,5.41,5.42,2,0
BAL,D,20130515,000000,5.42,5.42,5.42,5.42,2,0
BAL,D,20130516,000000,5.42,5.42,5.42,5.42,2,0
BAL,D,20130517,000000,5.42,5.42,5.42,5.42,2,0
BAL,D,20130520,000000,5.4,5.4,5.4,5.4,2,0
BAL,D,20130521,000000,5.4,5.4,5.4,5.4,2,0
BAL,D,20130522,000000,5.4,5.5,5.4,5.5,501,0
BAL,D,20130523,000000,5.5,5.75,5.5,5.75,51,0
BAL,D,20130527,000000,5.75,5.75,5.75,5.75,1,0
BAL,D,20130528,000000,5.75,5.75,5.75,5.75,1,0
BAL,D,20130529,000000,5.74,5.74,5.6,5.74,368,0
BAL,D,20130603,000000,5.74,5.74,5.5,5.51,1051,0
BAL,D,20130604,000000,5.51,5.51,5.51,5.51,2,0
BAL,D,20130605,000000,5.51,5.7,5.51,5.7,12,0
BAL,D,20130606,000000,5.7,5.7,5.5,5.5,701,0
BAL,D,20130611,000000,5.51,5.51,5.51,5.51,52,0
BAL,D,20130612,000000,5.51,5.51,5.51,5.51,2,0
BAL,D,20130613,000000,5.51,5.51,5.51,5.51,402,0
BAL,D,20130614,000000,5.51,5.51,5.51,5.51,2,0
BAL,D,20130617,000000,5.5,5.5,5.5,5.5,500,0
BAL,D,20130618,000000,5.5,5.52,5.5,5.52,2,0
BAL,D,20130619,000000,5.66,5.66,5.52,5.52,58,0
BAL,D,20130620,000000,5.52,5.52,5.52,5.52,475,0
BAL,D,20130625,000000,5.52,5.52,5.4,5.4,245,0
BAL,D,20130627,000000,5.45,5.45,5.45,5.45,261,0
BAL,D,20130628,000000,5.55,5.55,5.55,5.55,1,0
BAL,D,20130703,000000,5.55,5.55,5.55,5.55,2,0
BAL,D,20130704,000000,5.55,5.55,5.55,5.55,2,0
BAL,D,20130705,000000,5.55,5.55,5.55,5.55,2,0
BAL,D,20130708,000000,5.55,5.55,5.55,5.55,1,0
BAL,D,20130709,000000,5.55,5.55,5.55,5.55,1,0
BAL,D,20130710,000000,5.49,5.49,5.48,5.48,3,0
BAL,D,20130711,000000,5.48,5.48,5.48,5.48,2,0
BAL,D,20130712,000000,5.48,5.48,5.31,5.31,1912,0
BAL,D,20130716,000000,5.31,5.31,5.31,5.31,46,0
BAL,D,20130717,000000,5.3,5.3,5.3,5.3,1,0
BAL,D,20130718,000000,5.3,5.3,5.3,5.3,1,0
BAL,D,20130719,000000,5.3,5.3,5.3,5.3,1,0
BAL,D,20130722,000000,5.29,5.29,5.29,5.29,2,0
BAL,D,20130723,000000,5.3,5.3,5.3,5.3,63,0
BAL,D,20130725,000000,5.3,5.3,5.3,5.3,1,0
BAL,D,20130726,000000,5.3,5.3,5.3,5.3,52,0
BAL,D,20130730,000000,5.3,5.3,5.3,5.3,1,0
BAL,D,20130731,000000,5.3,5.3,5.29,5.29,1816,0
BAL,D,20130801,000000,5.29,5.29,5.29,5.29,1611,0
BAL,D,20130802,000000,5.29,5.29,5.29,5.29,150,0
BAL,D,20130809,000000,5.23,5.23,5.23,5.23,300,0
BAL,D,20130812,000000,5.2,5.55,5.2,5.35,7404,0
BAL,D,20130813,000000,5.37,5.6,5.35,5.6,6487,0
BAL,D,20130814,000000,5.6,5.95,5.41,5.95,4968,0
BAL,D,20130816,000000,5.94,6,5.94,5.99,2001,0
BAL,D,20130819,000000,6,6,5.75,5.99,1880,0
BAL,D,20130820,000000,5.99,5.99,5.99,5.99,301,0
BAL,D,20130821,000000,5.99,6,5.99,6,320,0
BAL,D,20130822,000000,5.99,5.99,5.99,5.99,302,0
BAL,D,20130823,000000,6,6,6,6,802,0
BAL,D,20130826,000000,6.15,6.15,6.15,6.15,302,0
BAL,D,20130827,000000,6.15,6.15,5.9,6,1209,0
BAL,D,20130828,000000,6,6,5.9,6,970,0
BAL,D,20130829,000000,6,6.13,6,6.13,1600,0
BAL,D,20130830,000000,6.2,6.23,6.2,6.2,1325,0
BAL,D,20130902,000000,6.21,6.29,6,6.25,470,0
BAL,D,20130903,000000,6.26,6.44,6.26,6.44,1919,0
BAL,D,20130904,000000,6.46,6.7,6.3,6.3,2220,0
BAL,D,20130905,000000,6.29,6.29,5.93,5.93,1551,0
BAL,D,20130906,000000,6,6,5.9,5.9,2380,0
BAL,D,20130909,000000,5.9,5.9,5.9,5.9,310,0
BAL,D,20130910,000000,5.9,5.9,5.9,5.9,325,0
BAL,D,20130911,000000,5.89,5.89,5.89,5.89,300,0
BAL,D,20130912,000000,5.9,6,5.9,6,1111,0
BAL,D,20130913,000000,6.08,6.08,5.8,5.8,170,0
BAL,D,20130916,000000,5.81,6.08,5.81,6.08,10,0
BAL,D,20130917,000000,6.08,6.08,6.08,6.08,10,0
BAL,D,20130919,000000,6.08,6.08,6.08,6.08,300,0
BAL,D,20130920,000000,6.08,6.08,6.08,6.08,301,0
BAL,D,20130923,000000,6.08,6.08,6.08,6.08,252,0
BAL,D,20130924,000000,6.08,6.08,6.08,6.08,302,0
BAL,D,20130925,000000,6.08,6.08,6.08,6.08,301,0
BAL,D,20130926,000000,6.08,6.18,5.9,6.18,666,0
BAL,D,20130927,000000,6.17,6.17,6.17,6.17,300,0
BAL,D,20130930,000000,6.18,6.7,6,6.7,3990,0
BAL,D,20131001,000000,6.71,7.1,6.71,7,1520,0
BAL,D,20131002,000000,7.05,7.05,6.68,6.8,425,0
BAL,D,20131004,000000,6.79,6.79,6.25,6.25,1481,0
BAL,D,20131007,000000,6.26,6.4,6.11,6.39,525,0
BAL,D,20131008,000000,6.39,6.39,6.39,6.39,376,0
BAL,D,20131009,000000,6.39,6.4,6.1,6.25,626,0
BAL,D,20131010,000000,6.26,6.4,6.26,6.4,10,0
BAL,D,20131016,000000,6.4,6.4,6.4,6.4,55,0
BAL,D,20131017,000000,6.39,6.39,6.39,6.39,2,0
BAL,D,20131021,000000,6.39,6.39,6.25,6.35,16,0
BAL,D,20131022,000000,6.35,6.35,6.1,6.35,25,0
BAL,D,20131023,000000,6.35,6.35,6.35,6.35,2,0
BAL,D,20131024,000000,6.35,6.35,6.35,6.35,1,0
BAL,D,20131025,000000,6.35,6.35,6.35,6.35,170,0
BAL,D,20131028,000000,6.35,6.35,6.35,6.35,2,0
BAL,D,20131029,000000,6.35,6.35,6.3,6.35,1615,0
BAL,D,20131030,000000,6.35,6.35,6.35,6.35,151,0
BAL,D,20131031,000000,6.35,6.35,6.35,6.35,2,0
BAL,D,20131104,000000,6.35,6.35,6.35,6.35,2,0
BAL,D,20131105,000000,6.35,6.35,6.35,6.35,2,0
BAL,D,20131106,000000,6.35,6.35,6.35,6.35,2,0
BAL,D,20131107,000000,6.28,6.39,6.28,6.39,385,0
BAL,D,20131108,000000,6.39,6.5,6.39,6.5,3908,0
BAL,D,20131112,000000,6.5,6.75,6.5,6.75,10082,0
BAL,D,20131113,000000,6.75,6.75,6.51,6.74,750,0
BAL,D,20131114,000000,6.69,6.69,6.5,6.6,5222,0
BAL,D,20131115,000000,6.75,6.75,6.75,6.75,2,0
BAL,D,20131118,000000,6.75,6.75,6.75,6.75,2,0
BAL,D,20131119,000000,6.75,6.75,6.75,6.75,2,0
BAL,D,20131120,000000,6.75,6.75,6.75,6.75,2,0
BAL,D,20131121,000000,6.75,6.75,6.75,6.75,1,0
BAL,D,20131122,000000,6.64,6.65,6.5,6.65,10001,0
BAL,D,20131125,000000,6.65,6.65,6.37,6.65,2403,0
BAL,D,20131126,000000,6.74,6.74,6.74,6.74,1,0
BAL,D,20131127,000000,6.65,6.65,6.65,6.65,11,0
BAL,D,20131128,000000,6.65,6.65,6.37,6.65,7332,0
BAL,D,20131129,000000,6.74,6.74,6.6,6.6,262,0
BAL,D,20131202,000000,6.55,6.55,6.55,6.55,911,0
BAL,D,20131203,000000,6.57,6.65,6.57,6.65,20,0
BAL,D,20131204,000000,6.65,6.75,6.65,6.65,1822,0
BAL,D,20131205,000000,6.75,6.75,6.75,6.75,1079,0
BAL,D,20131206,000000,6.75,6.75,6.75,6.75,2,0
BAL,D,20131209,000000,6.75,6.75,6.75,6.75,646,0
BAL,D,20131210,000000,6.75,6.75,6.75,6.75,221,0
BAL,D,20131211,000000,6.75,6.75,6.75,6.75,1,0
BAL,D,20131213,000000,6.8,6.8,6.61,6.75,630,0
BAL,D,20131216,000000,6.8,6.8,6.7,6.75,636,0
BAL,D,20131217,000000,6.75,6.75,6.75,6.75,1349,0
BAL,D,20131218,000000,6.8,6.8,6.7,6.7,685,0
BAL,D,20131219,000000,6.8,6.8,6.7,6.7,832,0
BAL,D,20131220,000000,6.7,6.8,6.7,6.8,2663,0
BAL,D,20131223,000000,6.8,7,6.8,7,6680,0
BAL,D,20131227,000000,7.15,7.15,7,7.15,599,0
BAL,D,20131230,000000,7.15,7.15,7.15,7.15,300,0
BAL,D,20140102,000000,6.76,7.2,6.76,7.01,2260,0
BAL,D,20140103,000000,7.2,7.35,7.2,7.2,4195,0
BAL,D,20140107,000000,7.2,7.2,7.02,7.15,1758,0
BAL,D,20140108,000000,7.2,7.2,7,7.2,4400,0
BAL,D,20140109,000000,7.2,7.2,7.02,7.15,1505,0
BAL,D,20140110,000000,7.2,7.2,7.02,7.02,670,0
BAL,D,20140113,000000,7.02,7.03,7.02,7.02,499,0
BAL,D,20140114,000000,7.02,7.02,7.02,7.02,2,0
BAL,D,20140115,000000,7.19,7.19,7,7,2230,0
BAL,D,20140116,000000,7,7,6.99,7,3276,0
BAL,D,20140117,000000,7,7,7,7,1,0
BAL,D,20140120,000000,7,7.1,7,7,2319,0
BAL,D,20140121,000000,7.1,7.1,7,7.1,2078,0
BAL,D,20140122,000000,7.1,7.1,6.9,7,1212,0
BAL,D,20140123,000000,7,7,7,7,1,0
BAL,D,20140124,000000,7,7,6.6,6.6,1401,0
BAL,D,20140127,000000,6.43,6.43,6.1,6.1,276,0
BAL,D,20140128,000000,6.1,6.39,6.1,6.1,1460,0
BAL,D,20140129,000000,6.12,6.42,6.12,6.42,3804,0
BAL,D,20140130,000000,6.42,6.42,6.4,6.4,1847,0
BAL,D,20140131,000000,6.4,6.41,6.4,6.4,1200,0
BAL,D,20140203,000000,6.4,6.4,6.4,6.4,2,0
BAL,D,20140204,000000,6.4,6.6,6.35,6.6,4749,0
BAL,D,20140205,000000,6.61,6.7,6.6,6.7,1901,0
BAL,D,20140206,000000,6.85,6.85,6.66,6.66,2566,0
BAL,D,20140207,000000,6.66,6.66,6.66,6.66,2,0
BAL,D,20140210,000000,6.65,6.7,6.65,6.7,1343,0
BAL,D,20140211,000000,6.65,6.95,6.65,6.95,2011,0
BAL,D,20140212,000000,6.95,6.95,6.75,6.75,1454,0
BAL,D,20140213,000000,6.76,6.9,6.75,6.9,2471,0
BAL,D,20140214,000000,6.99,6.99,6.99,6.99,804,0
BAL,D,20140217,000000,6.99,6.99,6.75,6.97,2107,0
BAL,D,20140218,000000,6.97,6.99,6.97,6.99,819,0
BAL,D,20140219,000000,6.99,6.99,6.99,6.99,2,0
BAL,D,20140220,000000,6.99,6.99,6.99,6.99,564,0
BAL,D,20140221,000000,6.99,7.1,6.76,7.1,3111,0
BAL,D,20140224,000000,7.1,7.1,7.1,7.1,2,0
BAL,D,20140225,000000,7.1,7.1,6.78,6.99,3527,0
BAL,D,20140226,000000,6.99,6.99,6.7,6.7,2881,0
BAL,D,20140227,000000,6.71,6.85,6.71,6.85,171,0
BAL,D,20140228,000000,6.85,6.98,6.85,6.98,794,0
BAL,D,20140303,000000,6.7,6.7,6.7,6.7,1912,0
BAL,D,20140304,000000,6.7,6.8,6.7,6.8,1838,0
BAL,D,20140305,000000,6.89,6.89,6.89,6.89,502,0
BAL,D,20140306,000000,6.89,6.89,6.89,6.89,1,0
BAL,D,20140307,000000,6.89,6.89,6.89,6.89,2,0
BAL,D,20140310,000000,6.89,6.89,6.65,6.68,3773,0
BAL,D,20140311,000000,6.7,6.7,6.4,6.7,466,0
BAL,D,20140313,000000,6.69,6.69,6.4,6.4,1181,0
BAL,D,20140314,000000,6.35,6.35,6.35,6.35,2,0
BAL,D,20140317,000000,6.35,6.35,6.35,6.35,1055,0
BAL,D,20140319,000000,6.36,6.4,6.36,6.4,361,0
BAL,D,20140320,000000,6.55,6.55,6.55,6.55,1,0
BAL,D,20140321,000000,6.1,6.1,5.92,6.09,1910,0
BAL,D,20140324,000000,5.65,6.33,5.65,6.32,759,0
BAL,D,20140325,000000,6.3,6.3,6.3,6.3,30,0
BAL,D,20140326,000000,6.3,6.3,6.3,6.3,440,0
BAL,D,20140327,000000,6.3,6.3,6.3,6.3,379,0
BAL,D,20140328,000000,6.1,6.12,6.1,6.12,1536,0
BAL,D,20140331,000000,6.12,6.12,6.12,6.12,132,0
BAL,D,20140401,000000,6.13,6.49,6.13,6.49,1235,0
BAL,D,20140402,000000,6.45,6.45,6.1,6.1,2169,0
BAL,D,20140403,000000,6.2,6.2,6.19,6.19,386,0
BAL,D,20140404,000000,6.2,6.2,6.19,6.19,198,0
BAL,D,20140407,000000,6.2,6.2,5.58,5.73,4459,0
BAL,D,20140408,000000,5.72,5.87,5.5,5.76,4450,0
BAL,D,20140409,000000,5.76,5.86,5.76,5.86,402,0
BAL,D,20140410,000000,5.86,5.86,5.86,5.86,1,0
BAL,D,20140411,000000,5.84,5.84,5.6,5.71,1878,0
BAL,D,20140414,000000,5.7,5.7,5.4,5.45,5178,0
BAL,D,20140415,000000,5.45,5.5,5.45,5.5,787,0
BAL,D,20140416,000000,5.49,5.49,5.49,5.49,1,0
BAL,D,20140417,000000,5.49,5.5,5.49,5.5,26,0
BAL,D,20140422,000000,5.5,5.5,5.3,5.35,3138,0
BAL,D,20140423,000000,5.34,5.37,4.82,5.37,20249,0
BAL,D,20140424,000000,5.37,5.37,5.36,5.37,752,0
BAL,D,20140425,000000,5.37,5.37,5.37,5.37,252,0
BAL,D,20140428,000000,5.37,5.37,5.15,5.37,1008,0
BAL,D,20140429,000000,5.37,5.37,5.14,5.24,2026,0
BAL,D,20140430,000000,5.23,5.23,5.23,5.23,1,0
BAL,D,20140502,000000,5.24,5.44,5.24,5.44,1625,0
BAL,D,20140505,000000,5.44,5.44,5.44,5.44,2,0
BAL,D,20140506,000000,5.44,5.44,5.2,5.2,2551,0
BAL,D,20140507,000000,5.2,5.2,4.97,4.97,2999,0
BAL,D,20140508,000000,5,5,4.9,4.9,2356,0
BAL,D,20140509,000000,4.91,5,4.91,5,1870,0
BAL,D,20140512,000000,5,5,5,5,4217,0
BAL,D,20140513,000000,4.99,5,4.96,4.96,3213,0
BAL,D,20140514,000000,4.99,5,4.96,4.96,2701,0
BAL,D,20140515,000000,5,5,4.57,4.7,5434,0
BAL,D,20140516,000000,4.6,4.7,4.6,4.7,411,0
BAL,D,20140519,000000,4.69,4.81,4.69,4.81,1472,0
BAL,D,20140520,000000,4.81,4.81,4.81,4.81,749,0
BAL,D,20140521,000000,4.81,4.81,4.81,4.81,1,0
BAL,D,20140522,000000,4.81,5.05,4.81,4.82,1512,0
BAL,D,20140523,000000,4.83,5.05,4.83,5,2213,0
BAL,D,20140526,000000,5.12,5.12,4.9,5.05,4467,0
BAL,D,20140527,000000,5.05,5.05,4.9,4.99,1427,0
BAL,D,20140528,000000,4.99,4.99,4.85,4.99,2108,0
BAL,D,20140529,000000,4.99,4.99,4.99,4.99,1472,0
BAL,D,20140530,000000,4.99,4.99,4.99,4.99,2,0
BAL,D,20140602,000000,4.99,4.99,4.99,4.99,2,0
BAL,D,20140603,000000,4.99,4.99,4.75,4.85,3097,0
BAL,D,20140604,000000,4.85,4.85,4.8,4.8,302,0
BAL,D,20140605,000000,4.8,4.8,4.78,4.78,22,0
BAL,D,20140606,000000,4.78,4.78,4.77,4.77,919,0
BAL,D,20140609,000000,4.77,4.8,4.77,4.8,920,0
BAL,D,20140610,000000,4.8,4.8,4.78,4.78,221,0
BAL,D,20140611,000000,4.78,4.78,4.78,4.78,2,0
BAL,D,20140612,000000,4.78,4.79,4.78,4.78,1240,0
BAL,D,20140613,000000,4.78,4.78,4.78,4.78,2,0
BAL,D,20140616,000000,4.78,4.78,4.78,4.78,555,0
BAL,D,20140617,000000,4.78,4.79,4.78,4.79,25,0
BAL,D,20140618,000000,4.79,4.79,4.79,4.79,712,0
BAL,D,20140620,000000,4.78,4.79,4.78,4.79,743,0
BAL,D,20140623,000000,4.78,4.78,4.78,4.78,2,0
BAL,D,20140624,000000,4.78,4.78,4.77,4.77,346,0
BAL,D,20140625,000000,4.78,4.78,4.5,4.57,2523,0
BAL,D,20140627,000000,4.5,4.5,4.5,4.5,1,0
BAL,D,20140630,000000,4.5,4.5,4.5,4.5,1,0
BAL,D,20140701,000000,4.4,4.51,4.4,4.45,3735,0
BAL,D,20140702,000000,4.45,4.45,4.45,4.45,1043,0
BAL,D,20140703,000000,4.45,4.65,4.45,4.65,3700,0
BAL,D,20140704,000000,4.67,4.67,4.45,4.46,12475,0
BAL,D,20140707,000000,4.88,4.88,4.68,4.69,745,0
BAL,D,20140708,000000,4.8,4.8,4.55,4.55,1180,0
BAL,D,20140709,000000,4.8,4.8,4.52,4.66,3072,0
BAL,D,20140710,000000,4.72,4.72,4.62,4.72,323,0
BAL,D,20140711,000000,4.72,4.72,4.72,4.72,725,0
BAL,D,20140714,000000,4.72,4.79,4.72,4.79,840,0
BAL,D,20140715,000000,4.79,4.95,4.75,4.95,2372,0
BAL,D,20140716,000000,4.98,5,4.98,5,7614,0
BAL,D,20140717,000000,5.04,5.05,5.04,5.05,1828,0
BAL,D,20140718,000000,5.05,5.05,4.82,4.93,2320,0
BAL,D,20140721,000000,4.93,5.03,4.9,5.03,1172,0
BAL,D,20140722,000000,5.03,5.04,5.03,5.04,1176,0
BAL,D,20140723,000000,5.05,5.06,5.05,5.05,1197,0
BAL,D,20140724,000000,5.05,5.11,5.05,5.11,519,0
BAL,D,20140725,000000,5.11,5.11,5.11,5.11,1175,0
BAL,D,20140728,000000,5.12,5.12,4.95,5.1,2179,0
BAL,D,20140729,000000,5.12,5.18,5,5,2637,0
BAL,D,20140730,000000,5.01,5.18,4.95,4.95,3527,0
BAL,D,20140731,000000,5.15,5.15,5.01,5.01,1799,0
BAL,D,20140801,000000,5.16,5.18,5.16,5.18,1342,0
BAL,D,20140804,000000,5.18,5.35,5.18,5.35,1045,0
BAL,D,20140805,000000,5.35,5.42,5.15,5.42,648,0
BAL,D,20140806,000000,5.42,5.42,5.42,5.42,2,0
BAL,D,20140807,000000,5.42,5.42,5.15,5.2,3784,0
BAL,D,20140808,000000,5.2,5.2,5.1,5.1,3173,0
BAL,D,20140811,000000,5.1,5.1,5.1,5.1,1033,0
BAL,D,20140812,000000,5.14,5.2,5.14,5.2,2239,0
BAL,D,20140813,000000,5.2,5.2,4.97,5.14,2771,0
BAL,D,20140814,000000,5.13,5.13,4.9,4.9,2939,0
BAL,D,20140818,000000,4.9,4.9,4.9,4.9,917,0
BAL,D,20140819,000000,4.9,4.9,4.9,4.9,883,0
BAL,D,20140820,000000,4.9,4.9,4.9,4.9,1841,0
BAL,D,20140821,000000,4.9,4.9,4.9,4.9,893,0
BAL,D,20140822,000000,4.85,4.85,4.85,4.85,889,0
BAL,D,20140825,000000,4.9,4.9,4.69,4.69,2604,0
BAL,D,20140826,000000,4.69,4.7,4.69,4.7,982,0
BAL,D,20140827,000000,4.7,4.7,4.5,4.5,2562,0
BAL,D,20140828,000000,4.5,4.5,4.35,4.5,9205,0
BAL,D,20140829,000000,4.66,5,4.66,4.88,2973,0
BAL,D,20140901,000000,4.88,5,4.88,5,1774,0
BAL,D,20140902,000000,5,5.19,5,5.19,2640,0
BAL,D,20140903,000000,5.19,5.2,5.02,5.2,2436,0
BAL,D,20140904,000000,5.2,5.39,5.2,5.39,1475,0
BAL,D,20140905,000000,5.49,5.99,5.45,5.5,24735,0
BAL,D,20140908,000000,5.5,5.99,5.5,5.99,4217,0
BAL,D,20140909,000000,5.99,5.99,5.6,5.92,5257,0
BAL,D,20140910,000000,5.92,5.92,5.66,5.91,2067,0
BAL,D,20140911,000000,5.91,5.92,5.9,5.92,1727,0
BAL,D,20140912,000000,5.92,5.92,5.66,5.85,100,0
BAL,D,20140915,000000,5.92,5.92,5.85,5.9,1756,0
BAL,D,20140916,000000,5.9,6.3,5.9,6.3,6155,0
BAL,D,20140917,000000,6.45,6.45,6.3,6.4,2099,0
BAL,D,20140918,000000,6.45,6.45,6.45,6.45,1900,0
BAL,D,20140919,000000,6.5,7,6.21,7,6727,0
BAL,D,20140922,000000,7,7,6.5,6.94,5087,0
BAL,D,20140923,000000,6.97,6.97,6.65,6.65,2928,0
BAL,D,20140924,000000,6.97,6.97,6.65,6.65,1180,0
BAL,D,20140925,000000,6.65,6.65,6.6,6.6,3408,0
BAL,D,20140926,000000,6.6,6.8,6.6,6.8,1971,0
BAL,D,20140929,000000,6.81,6.81,6.8,6.8,1992,0
BAL,D,20140930,000000,6.8,6.8,6.8,6.8,2291,0
BAL,D,20141001,000000,6.82,6.82,6.69,6.69,3130,0
BAL,D,20141002,000000,6.69,6.69,6.65,6.69,2030,0
BAL,D,20141003,000000,6.69,6.99,6.69,6.95,2075,0
BAL,D,20141006,000000,6.98,6.99,6.97,6.99,651,0
BAL,D,20141007,000000,6.99,7.08,6.99,7.08,1489,0
BAL,D,20141008,000000,7.08,7.08,7,7.08,1292,0
BAL,D,20141009,000000,7.08,7.08,7,7.07,1276,0
BAL,D,20141010,000000,7.07,7.07,7,7,1264,0
BAL,D,20141013,000000,7.07,7.07,7.07,7.07,1,0
BAL,D,20141014,000000,7.07,7.07,7,7,1241,0
BAL,D,20141015,000000,7.07,7.07,7,7,772,0
BAL,D,20141016,000000,7.07,7.07,7,7,1069,0
BAL,D,20141017,000000,7,7.08,7,7.08,1138,0
BAL,D,20141020,000000,7.08,7.08,7,7,1088,0
BAL,D,20141021,000000,7.08,7.08,7,7.08,802,0
BAL,D,20141022,000000,7.08,7.08,6.78,6.78,501,0
BAL,D,20141023,000000,6.78,7.08,6.78,7.07,857,0
BAL,D,20141024,000000,7.07,7.07,6.78,7.07,695,0
BAL,D,20141027,000000,7.08,7.08,7.08,7.08,643,0
BAL,D,20141028,000000,7.08,7.08,7.08,7.08,609,0
BAL,D,20141029,000000,7.1,7.18,7.08,7.18,2291,0
BAL,D,20141030,000000,7.18,7.18,7.18,7.18,546,0
BAL,D,20141031,000000,7.18,7.19,7.18,7.19,152,0
BAL,D,20141103,000000,7.19,7.19,7.19,7.19,302,0
BAL,D,20141104,000000,7.19,7.2,7.19,7.2,452,0
BAL,D,20141105,000000,7.2,7.2,7.2,7.2,2,0
BAL,D,20141106,000000,7.2,7.2,7.2,7.2,2,0
BAL,D,20141107,000000,7.2,7.2,7.2,7.2,2,0
BAL,D,20141112,000000,7.2,7.2,7.2,7.2,1,0
BAL,D,20141113,000000,7.2,7.2,7.2,7.2,1,0
BAL,D,20141114,000000,7.2,7.2,7.2,7.2,2,0
BAL,D,20141117,000000,6.9,6.9,6.89,6.89,1335,0
BAL,D,20141118,000000,6.89,6.9,6.59,6.71,2171,0
BAL,D,20141119,000000,6.7,6.7,6.7,6.7,301,0
BAL,D,20141120,000000,6.7,6.7,6.7,6.7,272,0
BAL,D,20141121,000000,6.67,6.69,6.67,6.69,267,0
BAL,D,20141124,000000,6.69,7.25,6.1,7.08,11660,0
BAL,D,20141125,000000,7.08,7.08,6.79,6.79,3859,0
BAL,D,20141126,000000,6.78,7.05,6.76,6.76,5925,0
BAL,D,20141127,000000,6.77,6.99,6.68,6.7,6218,0
BAL,D,20141128,000000,6.7,6.95,6.67,6.7,3771,0
BAL,D,20141201,000000,6.71,6.95,6.69,6.69,4681,0
BAL,D,20141202,000000,6.69,6.69,6.69,6.69,1031,0
BAL,D,20141203,000000,6.7,6.7,6.7,6.7,2408,0
BAL,D,20141204,000000,6.7,6.81,6.7,6.81,2261,0
BAL,D,20141205,000000,6.81,6.82,6.5,6.82,3783,0
BAL,D,20141208,000000,6.99,6.99,6.31,6.31,2404,0
BAL,D,20141209,000000,6.3,6.6,6.3,6.55,1225,0
BAL,D,20141210,000000,6.56,6.6,6.3,6.3,6730,0
BAL,D,20141211,000000,6.3,6.3,6.3,6.3,792,0
BAL,D,20141212,000000,6.3,6.93,6.3,6.3,4969,0
BAL,D,20141215,000000,6.28,6.39,6,6.29,2809,0
BAL,D,20141216,000000,6,6.27,6,6,3125,0
BAL,D,20141217,000000,6,6.28,6,6,2997,0
BAL,D,20141218,000000,6,6.29,6,6,3313,0
BAL,D,20141219,000000,6,6.26,6,6,2907,0
BAL,D,20141222,000000,6,6.28,6,6.27,2087,0
BAL,D,20141223,000000,6.28,6.29,6.28,6.29,1326,0
BAL,D,20141229,000000,6.29,6.71,6.29,6.71,1600,0
BAL,D,20141230,000000,6.7,6.9,6.7,6.9,1671,0
BAL,D,20150102,000000,7.41,7.41,7,7,40,0
BAL,D,20150105,000000,7,7.28,7,7.28,200,0
BAL,D,20150107,000000,7.19,7.19,7.19,7.19,26,0
BAL,D,20150108,000000,7.19,7.19,7.19,7.19,105,0
BAL,D,20150109,000000,7.19,7.19,7.19,7.19,1,0
BAL,D,20150112,000000,7.19,7.19,7.19,7.19,2,0
BAL,D,20150113,000000,7.19,7.19,7.19,7.19,2,0
BAL,D,20150114,000000,7.19,7.19,7.19,7.19,2,0
BAL,D,20150115,000000,7.19,7.19,7.19,7.19,1,0
BAL,D,20150116,000000,7.19,7.19,7.19,7.19,2,0
BAL,D,20150119,000000,7.19,7.19,7.19,7.19,1,0
BAL,D,20150120,000000,6.99,7.19,6.87,7.19,167,0
BAL,D,20150121,000000,7.19,7.19,7.19,7.19,1,0
BAL,D,20150122,000000,7.19,7.19,7.19,7.19,1,0
BAL,D,20150123,000000,7.18,7.18,7,7,262,0
BAL,D,20150126,000000,7.19,7.19,7.19,7.19,1,0
BAL,D,20150127,000000,7.05,7.05,7.05,7.05,2,0
BAL,D,20150128,000000,7.05,7.05,7.05,7.05,2,0
BAL,D,20150129,000000,7.05,7.05,6.65,6.65,1646,0
BAL,D,20150130,000000,6.66,6.81,6.5,6.5,1225,0
BAL,D,20150203,000000,6.49,6.49,6.49,6.49,10,0
BAL,D,20150204,000000,6.49,6.5,6.21,6.5,135,0
BAL,D,20150205,000000,6.75,6.75,6.75,6.75,10,0
BAL,D,20150206,000000,6.75,6.75,6.75,6.75,10,0
BAL,D,20150209,000000,6.75,6.75,6.75,6.75,6,0
BAL,D,20150210,000000,6.75,6.75,6.75,6.75,4,0
BAL,D,20150211,000000,6.75,6.75,6.75,6.75,5,0
BAL,D,20150212,000000,6.75,6.75,6.75,6.75,5,0
BAL,D,20150213,000000,6.75,6.75,6.75,6.75,5,0
BAL,D,20150218,000000,6.4,6.4,6.4,6.4,81,0
BAL,D,20150219,000000,6.49,6.49,6.49,6.49,10,0
BAL,D,20150220,000000,6.49,6.49,6.49,6.49,9,0
BAL,D,20150223,000000,6.49,6.49,6.49,6.49,4,0
BAL,D,20150224,000000,6.49,6.49,6.49,6.49,2,0
BAL,D,20150225,000000,6.49,6.49,6.49,6.49,4,0
BAL,D,20150226,000000,6.49,6.49,6.11,6.13,1501,0
BAL,D,20150227,000000,6.13,6.13,6.13,6.13,25,0
BAL,D,20150302,000000,6.13,6.13,6.13,6.13,25,0
BAL,D,20150316,000000,5.84,6.4,5.84,6.4,4775,0
BAL,D,20150317,000000,6.3,6.4,6.3,6.4,1025,0
BAL,D,20150318,000000,6.4,6.6,6.4,6.6,2315,0
BAL,D,20150319,000000,6.6,6.6,6.6,6.6,2,0
BAL,D,20150320,000000,6.6,6.6,6.5,6.5,1180,0
BAL,D,20150323,000000,6.6,6.6,6.5,6.56,2426,0
BAL,D,20150324,000000,6.6,6.6,6.28,6.6,600,0
BAL,D,20150325,000000,6.6,6.6,6.5,6.6,1886,0
BAL,D,20150326,000000,6.6,6.6,6.6,6.6,382,0
BAL,D,20150327,000000,6.6,6.6,6.5,6.6,1671,0
BAL,D,20150330,000000,6.61,6.71,6.61,6.71,441,0
BAL,D,20150331,000000,6.71,6.9,6.71,6.82,438,0
BAL,D,20150401,000000,6.82,6.87,6.82,6.87,577,0
BAL,D,20150402,000000,6.87,6.92,6.87,6.92,482,0
BAL,D,20150407,000000,6.9,6.9,6.9,6.9,556,0
BAL,D,20150408,000000,7,7,6.92,7,401,0
BAL,D,20150409,000000,7,7,7,7,480,0
BAL,D,20150410,000000,7,7,7,7,491,0
BAL,D,20150413,000000,6.99,6.99,6.72,6.73,3544,0
BAL,D,20150414,000000,6.73,6.99,6.73,6.99,891,0
BAL,D,20150415,000000,6.94,6.95,6.94,6.95,901,0
BAL,D,20150416,000000,6.95,6.95,6.95,6.95,101,0
BAL,D,20150417,000000,6.95,6.95,6.7,6.95,1464,0
BAL,D,20150420,000000,6.95,6.95,6.95,6.95,474,0
BAL,D,20150421,000000,6.98,7.25,6.97,7.25,3931,0
BAL,D,20150422,000000,7.29,7.29,7.01,7.29,862,0
BAL,D,20150423,000000,7.29,7.29,7.29,7.29,500,0
BAL,D,20150424,000000,7.29,7.29,7,7.29,2782,0
BAL,D,20150427,000000,7.29,7.29,6.9,7.24,2562,0
BAL,D,20150428,000000,7.13,7.75,7,7.65,18317,0
BAL,D,20150429,000000,7.65,7.9,7.5,7.85,8613,0
BAL,D,20150430,000000,7.9,8.17,7.9,8.11,52023,0
BAL,D,20150504,000000,8.11,8.17,8,8.16,3046,0
BAL,D,20150505,000000,8.15,8.15,7.91,8.09,3244,0
BAL,D,20150506,000000,8.09,8.17,8.06,8.17,1464,0
BAL,D,20150507,000000,8.17,8.17,8.1,8.17,184,0
BAL,D,20150508,000000,8.17,8.17,8.17,8.17,352,0
BAL,D,20150511,000000,8.17,8.17,8.17,8.17,2,0
BAL,D,20150512,000000,8.17,8.18,7.9,8.18,117,0
BAL,D,20150513,000000,8.18,8.25,8.18,8.25,4209,0
BAL,D,20150514,000000,8.25,8.48,8.25,8.48,4878,0
BAL,D,20150515,000000,8.48,8.48,8.3,8.48,4801,0
BAL,D,20150518,000000,8.48,8.48,8.45,8.45,101,0
BAL,D,20150519,000000,8.45,8.45,8.45,8.45,25,0
BAL,D,20150520,000000,8.45,8.45,8.45,8.45,25,0
BAL,D,20150521,000000,8.45,8.45,8.45,8.45,25,0
BAL,D,20150522,000000,8.45,8.45,8.31,8.44,756,0
BAL,D,20150525,000000,8.44,8.44,8.44,8.44,500,0
BAL,D,20150526,000000,8.47,8.47,8.47,8.47,250,0
BAL,D,20150527,000000,8.47,8.47,8.47,8.47,502,0
BAL,D,20150528,000000,8.47,8.47,8.47,8.47,2,0
BAL,D,20150529,000000,8.47,8.47,8.47,8.47,2,0
BAL,D,20150601,000000,8.49,8.5,8.49,8.5,52,0
BAL,D,20150602,000000,8.5,8.5,8.31,8.31,916,0
BAL,D,20150603,000000,8.31,8.39,8.3,8.39,1597,0
BAL,D,20150605,000000,8.39,8.5,8.39,8.5,1500,0
BAL,D,20150608,000000,8.5,8.5,8.5,8.5,30,0
BAL,D,20150610,000000,8.5,8.5,8.5,8.5,1,0
BAL,D,20150611,000000,8.5,8.5,8.38,8.4,219,0
BAL,D,20150612,000000,8.5,8.5,8.5,8.5,1,0
BAL,D,20150615,000000,8.5,8.5,8.5,8.5,2,0
BAL,D,20150616,000000,8.5,8.5,8.11,8.48,1980,0
BAL,D,20150617,000000,8.48,8.48,8.48,8.48,1,0
BAL,D,20150618,000000,8.48,8.48,8.1,8.39,1053,0
BAL,D,20150619,000000,8.38,8.38,8.38,8.38,1,0
BAL,D,20150622,000000,8.38,8.38,8.38,8.38,1,0
BAL,D,20150623,000000,8.38,8.38,8.38,8.38,32,0
BAL,D,20150624,000000,8.38,8.38,8.38,8.38,1,0
BAL,D,20150625,000000,8.38,8.38,8.38,8.38,1,0
BAL,D,20150626,000000,8.29,8.29,8,8,945,0
BAL,D,20150629,000000,7.99,8.47,7.63,8.47,2691,0
BAL,D,20150630,000000,8.28,8.28,7.9,7.9,986,0
BAL,D,20150702,000000,7.9,7.9,7.55,7.55,200,0
BAL,D,20150703,000000,7.55,7.9,7.55,7.9,100,0
BAL,D,20150708,000000,7.8,7.8,7.8,7.8,5,0
BAL,D,20150709,000000,7.8,7.8,7.8,7.8,1,0
BAL,D,20150710,000000,7.8,8.39,7.54,8.39,2251,0
BAL,D,20150713,000000,8.39,8.47,7.91,8.47,2247,0
BAL,D,20150714,000000,7.85,8.06,7.7,7.7,6465,0
BAL,D,20150715,000000,7.71,8.05,7.71,8.05,50,0
BAL,D,20150716,000000,8.02,8.02,8.02,8.02,1,0
BAL,D,20150717,000000,8.04,8.06,8.04,8.06,251,0
BAL,D,20150720,000000,8.06,8.07,8.05,8.07,451,0
BAL,D,20150721,000000,8.24,8.24,8.24,8.24,5,0
BAL,D,20150723,000000,8.24,8.24,8.24,8.24,1,0
BAL,D,20150724,000000,8.24,8.24,8.24,8.24,1,0
BAL,D,20150728,000000,8.24,8.24,8.24,8.24,1,0
BAL,D,20150729,000000,8.24,8.24,8.24,8.24,1,0
BAL,D,20150730,000000,8.24,8.24,8.24,8.24,1,0
BAL,D,20150731,000000,8.24,8.24,8.24,8.24,1,0
BAL,D,20150803,000000,8.24,8.24,8.24,8.24,1,0
BAL,D,20150804,000000,8.24,8.24,8.24,8.24,1,0
BAL,D,20150805,000000,8.24,8.24,8.07,8.23,983,0
BAL,D,20150806,000000,8.21,8.21,8.21,8.21,1,0
BAL,D,20150807,000000,8.21,8.21,8.21,8.21,1,0
BAL,D,20150810,000000,8.21,8.21,8.21,8.21,251,0
BAL,D,20150811,000000,8.21,8.21,8.21,8.21,1,0
BAL,D,20150812,000000,8.21,8.21,8.21,8.21,1,0
BAL,D,20150813,000000,8.21,8.21,8.21,8.21,1,0
BAL,D,20150814,000000,8.21,8.21,8.21,8.21,1,0
BAL,D,20150817,000000,8.21,8.21,8.2,8.2,251,0
BAL,D,20150818,000000,8.21,8.21,8.21,8.21,1,0
BAL,D,20150819,000000,8.18,8.6,8.18,8.6,5589,0
BAL,D,20150821,000000,8.61,8.8,8.61,8.8,7100,0
BAL,D,20150824,000000,8.8,8.8,8.59,8.59,876,0
BAL,D,20150825,000000,8.58,8.65,8.31,8.65,352,0
BAL,D,20150826,000000,8.65,8.65,8.65,8.65,25,0
BAL,D,20150827,000000,8.64,8.64,8.64,8.64,1,0
BAL,D,20150828,000000,8.64,8.64,8.64,8.64,1,0
BAL,D,20150831,000000,8.4,8.4,8.4,8.4,99,0
BAL,D,20150901,000000,8.56,8.56,8.56,8.56,10,0
BAL,D,20150902,000000,8.24,8.24,8.24,8.24,916,0
BAL,D,20150904,000000,8.4,8.4,8.05,8.05,410,0
BAL,D,20150908,000000,7.8,7.8,7.8,7.8,962,0
BAL,D,20150909,000000,7.8,7.8,7.8,7.8,10,0
BAL,D,20150910,000000,7.8,7.8,7.2,7.2,1032,0
BAL,D,20150911,000000,7.54,7.54,7.54,7.54,58,0
BAL,D,20150914,000000,7.65,7.98,7.65,7.98,175,0
BAL,D,20150915,000000,8,8,7.62,7.95,310,0
BAL,D,20150916,000000,8,8,8,8,1,0
BAL,D,20150917,000000,7.95,7.95,7.95,7.95,1,0
BAL,D,20150918,000000,8,8,8,8,1,0
BAL,D,20150921,000000,7.99,7.99,7.99,7.99,49,0
BAL,D,20150922,000000,8,8,8,8,1,0
BAL,D,20150923,000000,8,8,8,8,1,0
BAL,D,20150924,000000,8,8,7.62,8,202,0
BAL,D,20150925,000000,8,8,8,8,1,0
BAL,D,20150930,000000,8,8,8,8,1,0
BAL,D,20151001,000000,8,8,8,8,1,0
BAL,D,20151002,000000,8,8,8,8,1,0
BAL,D,20151005,000000,8,8,7.99,8,7001,0
BAL,D,20151006,000000,8.2,8.2,7.9,7.91,1454,0
BAL,D,20151007,000000,8,8,7.6,7.6,1001,0
BAL,D,20151009,000000,7.7,7.7,7.7,7.7,975,0
BAL,D,20151012,000000,7.98,7.98,7.98,7.98,1,0
BAL,D,20151013,000000,7.98,7.98,7.61,7.61,961,0
BAL,D,20151020,000000,7.6,7.6,7.6,7.6,1,0
BAL,D,20151021,000000,7.7,7.7,7.7,7.7,50,0
BAL,D,20151022,000000,7.6,7.6,7.34,7.34,1000,0
BAL,D,20151026,000000,7.3,7.3,7,7,990,0
BAL,D,20151103,000000,7,7,7,7,20,0
BAL,D,20151105,000000,6.99,7,6.55,7,1621,0
BAL,D,20151109,000000,6.6,6.6,6.6,6.6,230,0
BAL,D,20151110,000000,6.5,6.5,6.13,6.13,3103,0
BAL,D,20151112,000000,6.13,6.13,6.13,6.13,1810,0
BAL,D,20151113,000000,6.14,6.88,6.14,6.88,3435,0
BAL,D,20151116,000000,6.87,6.88,6.51,6.88,2241,0
BAL,D,20151117,000000,6.81,6.81,6.4,6.55,973,0
BAL,D,20151118,000000,6.45,6.45,6.45,6.45,150,0
BAL,D,20151119,000000,6.54,6.54,6.54,6.54,1,0
BAL,D,20151120,000000,6.54,6.54,6.54,6.54,1,0
BAL,D,20151123,000000,6.54,6.54,6.54,6.54,1,0
BAL,D,20151124,000000,6.54,6.54,6.54,6.54,1,0
BAL,D,20151125,000000,6.54,6.54,6.45,6.45,101,0
BAL,D,20151126,000000,6.54,6.54,6.54,6.54,1,0
BAL,D,20151127,000000,6.54,6.54,6.54,6.54,1,0
BAL,D,20151130,000000,6.54,6.54,6.54,6.54,1,0
BAL,D,20151201,000000,6.54,6.54,6.54,6.54,1,0
BAL,D,20151202,000000,6.53,6.53,6.53,6.53,100,0
BAL,D,20151203,000000,6.54,6.54,6.54,6.54,1,0
BAL,D,20151204,000000,6.54,6.54,6.54,6.54,1,0
BAL,D,20151207,000000,6.54,6.72,6.54,6.72,1056,0
BAL,D,20151208,000000,6.95,6.95,6.95,6.95,1,0
BAL,D,20151209,000000,6.95,6.95,6.95,6.95,1,0
BAL,D,20151210,000000,6.9,6.9,6.82,6.82,71,0
BAL,D,20151211,000000,6.78,6.78,6.78,6.78,1,0
BAL,D,20151214,000000,6.95,6.95,6.5,6.5,1061,0
BAL,D,20151215,000000,6.5,6.5,6.4,6.4,304,0
BAL,D,20151216,000000,6.41,6.72,6.41,6.72,75,0
BAL,D,20151217,000000,6.95,6.95,6.95,6.95,1,0
BAL,D,20151218,000000,6.95,6.95,6.95,6.95,1,0
BAL,D,20151221,000000,6.95,6.95,6.4,6.4,1192,0
BAL,D,20151229,000000,6.4,6.4,6.4,6.4,10000,0
BAL,D,20151230,000000,6.4,6.4,6.4,6.4,156,0
BAL,D,20160104,000000,6.4,6.4,6.4,6.4,204,0
BAL,D,20160107,000000,6.4,6.4,6.1,6.1,1348,0
BAL,D,20160115,000000,6.45,6.45,5.75,5.75,1306,0
BAL,D,20160118,000000,5.5,5.75,5.5,5.75,102,0
BAL,D,20160120,000000,6,6,5.45,5.45,1378,0
BAL,D,20160121,000000,5.2,5.2,4.9,5.09,7552,0
BAL,D,20160122,000000,5.09,5.46,5.09,5.46,27159,0
BAL,D,20160125,000000,5.35,5.35,5.35,5.35,1000,0
BAL,D,20160126,000000,5.35,5.35,5.14,5.14,2458,0
BAL,D,20160127,000000,5.13,5.13,5.13,5.13,1,0
BAL,D,20160128,000000,5.13,5.13,4.8,4.91,2604,0
BAL,D,20160129,000000,4.92,4.92,4.92,4.92,1,0
BAL,D,20160201,000000,4.91,4.91,4.91,4.91,6,0
BAL,D,20160202,000000,4.92,4.92,4.92,4.92,296,0
BAL,D,20160203,000000,4.92,4.92,4.92,4.92,1,0
BAL,D,20160204,000000,4.92,5.25,4.77,4.95,15623,0
BAL,D,20160205,000000,5.05,5.25,5.05,5.25,5261,0
BAL,D,20160208,000000,5.3,5.49,5.25,5.49,6529,0
BAL,D,20160209,000000,5.49,5.64,5.4,5.64,4549,0
BAL,D,20160210,000000,5.64,5.64,5.3,5.64,5275,0
BAL,D,20160211,000000,5.64,5.64,5.6,5.6,1442,0
BAL,D,20160212,000000,5.55,5.6,5.33,5.55,3198,0
BAL,D,20160215,000000,5.55,5.59,5.55,5.59,201,0
BAL,D,20160216,000000,5.6,5.6,5.15,5.4,2460,0
BAL,D,20160217,000000,5.6,5.6,5.14,5.25,5545,0
BAL,D,20160218,000000,5.25,5.49,5,5.25,1372,0
BAL,D,20160219,000000,5.4,5.4,5.01,5.25,674,0
BAL,D,20160222,000000,5.4,5.4,5.1,5.3,1308,0
BAL,D,20160223,000000,5.4,5.4,5.2,5.2,3,0
BAL,D,20160224,000000,5.2,5.4,5.2,5.3,208,0
BAL,D,20160225,000000,5.22,5.59,5.22,5.57,5397,0
BAL,D,20160226,000000,5.58,5.58,5.35,5.51,455,0
BAL,D,20160229,000000,5.58,5.58,5.58,5.58,1,0
BAL,D,20160301,000000,5.58,5.58,5.4,5.4,81,0
BAL,D,20160302,000000,5.5,5.5,5.4,5.5,251,0
BAL,D,20160303,000000,5.5,5.5,5.24,5.3,1667,0
BAL,D,20160304,000000,5.3,5.3,5.3,5.3,1,0
BAL,D,20160307,000000,5.3,5.3,5.3,5.3,1244,0
BAL,D,20160308,000000,5.3,5.31,5.3,5.31,899,0
BAL,D,20160309,000000,5.45,5.46,5.4,5.4,111,0
BAL,D,20160310,000000,5.4,5.58,5.22,5.58,6036,0
BAL,D,20160311,000000,5.57,5.58,5.5,5.58,4205,0
BAL,D,20160314,000000,5.58,5.64,5.58,5.61,2974,0
BAL,D,20160315,000000,5.64,5.64,5.62,5.62,1711,0
BAL,D,20160316,000000,5.64,5.64,5.63,5.63,1479,0
BAL,D,20160317,000000,5.64,5.64,5.64,5.64,1,0
BAL,D,20160318,000000,5.64,5.64,5.64,5.64,1,0
BAL,D,20160321,000000,5.64,5.64,5.64,5.64,116,0
BAL,D,20160322,000000,5.64,5.64,5.64,5.64,6,0
BAL,D,20160323,000000,5.64,5.64,5.15,5.39,5821,0
BAL,D,20160324,000000,5.37,5.37,5.16,5.33,65,0
BAL,D,20160329,000000,5.31,5.32,5.16,5.31,417,0
BAL,D,20160330,000000,5.31,5.31,5.16,5.16,84,0
BAL,D,20160331,000000,5.31,5.4,5.25,5.4,978,0
BAL,D,20160401,000000,5.39,5.4,5.26,5.4,675,0
BAL,D,20160404,000000,5.41,5.41,5.26,5.4,1056,0
BAL,D,20160405,000000,5.41,5.41,5.41,5.41,1,0
BAL,D,20160406,000000,5.4,5.5,5.4,5.5,283,0
BAL,D,20160407,000000,5.55,5.55,5.55,5.55,1,0
BAL,D,20160408,000000,5.55,5.55,5.4,5.54,491,0
BAL,D,20160411,000000,5.5,5.59,5.5,5.55,3188,0
BAL,D,20160412,000000,5.59,5.59,5.59,5.59,151,0
BAL,D,20160413,000000,5.59,5.59,5.59,5.59,201,0
BAL,D,20160414,000000,5.58,5.58,5.4,5.58,526,0
BAL,D,20160415,000000,5.58,5.61,5.58,5.61,561,0
BAL,D,20160418,000000,5.61,5.61,5.61,5.61,251,0
BAL,D,20160419,000000,5.61,5.61,5.58,5.58,489,0
BAL,D,20160420,000000,5.61,5.61,5.61,5.61,1,0
BAL,D,20160421,000000,5.6,5.6,5.6,5.6,1,0
BAL,D,20160422,000000,5.61,5.61,5.57,5.57,74,0
BAL,D,20160425,000000,5.56,5.56,5.36,5.36,2113,0
BAL,D,20160426,000000,5.36,5.36,5.15,5.25,6477,0
BAL,D,20160427,000000,5.34,5.34,5.34,5.34,152,0
BAL,D,20160428,000000,5.34,5.34,5.3,5.3,1560,0
BAL,D,20160429,000000,5.45,5.45,5.35,5.35,64,0
BAL,D,20160502,000000,5.45,5.45,5.35,5.4,2549,0
BAL,D,20160504,000000,5.4,5.4,5.4,5.4,2,0
BAL,D,20160505,000000,5.4,5.4,5.4,5.4,2,0
BAL,D,20160506,000000,5.4,5.4,5.4,5.4,2,0
BAL,D,20160509,000000,5.4,5.4,5.13,5.13,758,0
BAL,D,20160510,000000,5.24,5.45,5,5.1,4901,0
BAL,D,20160511,000000,5.1,5.1,5.1,5.1,100,0
BAL,D,20160512,000000,5.1,5.1,5.1,5.1,100,0
BAL,D,20160513,000000,5.09,5.09,5.09,5.09,2,0
BAL,D,20160516,000000,5.09,5.09,5.09,5.09,2,0
BAL,D,20160517,000000,5.09,5.09,4.86,4.86,1502,0
BAL,D,20160518,000000,5.05,5.05,4.9,4.9,1104,0
BAL,D,20160519,000000,5.05,5.05,4.9,4.9,302,0
BAL,D,20160520,000000,5.1,5.1,5.1,5.1,2,0
BAL,D,20160523,000000,5.05,5.05,4.9,5.04,1643,0
BAL,D,20160524,000000,5.04,5.04,5.04,5.04,22,0
BAL,D,20160525,000000,5,5,5,5,2,0
BAL,D,20160527,000000,5,5,5,5,2,0
BAL,D,20160530,000000,5,5.05,5,5.05,1402,0
BAL,D,20160531,000000,5.1,5.1,5.1,5.1,2,0
BAL,D,20160601,000000,5.04,5.04,4.81,5,1780,0
BAL,D,20160602,000000,5.04,5.04,4.83,5,20,0
BAL,D,20160603,000000,5.04,5.04,5.04,5.04,2,0
BAL,D,20160606,000000,5,5,4.8,4.8,3002,0
BAL,D,20160607,000000,5,5,4.83,5,64,0
BAL,D,20160608,000000,5.04,5.04,5.04,5.04,2,0
BAL,D,20160609,000000,5.04,5.04,5.04,5.04,2,0
BAL,D,20160610,000000,5.04,5.04,5.04,5.04,2,0
BAL,D,20160613,000000,5.04,5.04,4.8,4.8,3002,0
BAL,D,20160614,000000,5.04,5.04,5.04,5.04,2,0
BAL,D,20160615,000000,5.04,5.04,4.83,4.83,3,0
BAL,D,20160616,000000,5.04,5.04,5.04,5.04,2,0
BAL,D,20160617,000000,5.04,5.04,4.6,4.62,2873,0
BAL,D,20160620,000000,4.62,4.62,4.6,4.6,3228,0
BAL,D,20160622,000000,4.6,4.6,3.72,3.72,36282,0
BAL,D,20160623,000000,3.65,3.78,3.51,3.78,15491,0
BAL,D,20160624,000000,3.6,3.76,3.51,3.76,4186,0
BAL,D,20160627,000000,3.76,3.88,3.76,3.88,920,0
BAL,D,20160628,000000,3.9,3.9,3.7,3.83,2152,0
BAL,D,20160629,000000,3.9,3.9,3.83,3.83,382,0
BAL,D,20160630,000000,3.8,3.8,3.65,3.65,998,0
BAL,D,20160701,000000,3.66,3.67,3.6,3.67,3392,0
BAL,D,20160704,000000,3.44,3.67,2.83,3,28962,0
BAL,D,20160705,000000,3.1,3.15,3.01,3.15,2826,0
BAL,D,20160706,000000,3.14,3.14,3.14,3.14,2,0
BAL,D,20160707,000000,3.15,3.15,3.15,3.15,2,0
BAL,D,20160708,000000,3.12,3.12,3.12,3.12,2,0
BAL,D,20160711,000000,3,3.15,2.96,3.15,3190,0
BAL,D,20160712,000000,3,3.15,2.88,3.03,9715,0
BAL,D,20160713,000000,3,3,2.94,3,624,0
BAL,D,20160714,000000,2.94,2.99,2.94,2.99,425,0
BAL,D,20160715,000000,3,3,2.8,2.94,6164,0
BAL,D,20160718,000000,2.82,2.9,2.56,2.77,32961,0
BAL,D,20160719,000000,2.89,2.89,2.77,2.88,5388,0
BAL,D,20160720,000000,2.88,2.94,2.8,2.93,13849,0
BAL,D,20160721,000000,2.97,2.97,2.8,2.93,312,0
BAL,D,20160722,000000,2.93,2.93,2.82,2.82,2688,0
BAL,D,20160725,000000,2.9,2.93,2.78,2.92,18887,0
BAL,D,20160726,000000,2.87,2.88,2.8,2.85,3791,0
BAL,D,20160727,000000,2.82,2.82,2.6,2.7,10862,0
BAL,D,20160728,000000,2.8,2.84,2.65,2.78,2265,0
BAL,D,20160729,000000,2.77,2.77,2.66,2.68,2238,0
BAL,D,20160801,000000,2.78,2.78,2.68,2.68,1991,0
BAL,D,20160802,000000,2.66,2.74,2.51,2.51,5604,0
BAL,D,20160803,000000,2.5,2.7,2.46,2.57,4467,0
BAL,D,20160804,000000,2.57,2.57,2.37,2.57,12413,0
BAL,D,20160805,000000,2.7,2.7,2.42,2.42,5071,0
BAL,D,20160808,000000,2.35,2.5,2.35,2.35,1199,0
BAL,D,20160809,000000,2.36,2.42,2.36,2.42,2685,0
BAL,D,20160810,000000,2.42,2.52,2.42,2.52,1066,0
BAL,D,20160811,000000,2.51,2.51,2.51,2.51,2,0
BAL,D,20160812,000000,2.49,2.66,2.4,2.66,4640,0
BAL,D,20160816,000000,2.52,3.05,2.42,3.05,103511,0
BAL,D,20160817,000000,3.1,3.74,3.01,3.7,43178,0
BAL,D,20160818,000000,3.7,3.93,3.6,3.7,23987,0
BAL,D,20160819,000000,3.7,3.9,3.46,3.46,14411,0
BAL,D,20160822,000000,3.48,3.48,3.17,3.39,28479,0
BAL,D,20160823,000000,3.34,3.4,3.2,3.34,9702,0
BAL,D,20160824,000000,3.34,3.67,3.34,3.56,4217,0
BAL,D,20160825,000000,3.67,3.67,3.34,3.35,7532,0
BAL,D,20160826,000000,3.48,3.48,3.24,3.41,9490,0
BAL,D,20160829,000000,3.55,3.55,3.55,3.55,2,0
BAL,D,20160830,000000,3.25,3.55,3.18,3.27,22951,0
BAL,D,20160831,000000,3.27,3.4,3.2,3.39,846,0
BAL,D,20160901,000000,3.2,3.3,3.2,3.3,28357,0
BAL,D,20160902,000000,3.25,3.25,3.15,3.25,34311,0
BAL,D,20160905,000000,3.25,3.52,3.2,3.52,13745,0
BAL,D,20160906,000000,3.55,3.7,3.35,3.7,33803,0
BAL,D,20160907,000000,3.65,3.69,3.57,3.69,14122,0
BAL,D,20160908,000000,3.7,3.7,3.7,3.7,9963,0
BAL,D,20160909,000000,3.7,3.7,3.69,3.7,10233,0
BAL,D,20160912,000000,3.69,3.7,3.56,3.7,10940,0
BAL,D,20160913,000000,3.7,3.9,3.7,3.9,12779,0
BAL,D,20160914,000000,3.85,3.85,3.68,3.85,12396,0
BAL,D,20160915,000000,3.87,3.9,3.71,3.71,10627,0
BAL,D,20160916,000000,3.71,3.71,3.71,3.71,7774,0
BAL,D,20160919,000000,3.7,3.7,3.65,3.7,602,0
BAL,D,20160920,000000,3.69,3.69,3.69,3.69,2,0
BAL,D,20160921,000000,3.68,3.69,3.56,3.56,1491,0
BAL,D,20160922,000000,3.69,3.69,3.5,3.56,7607,0
BAL,D,20160923,000000,3.67,3.67,3.43,3.43,840,0
BAL,D,20160926,000000,3.45,3.45,3.45,3.45,272,0
BAL,D,20160927,000000,3.57,3.57,3.43,3.57,1140,0
BAL,D,20160928,000000,3.54,3.55,3.35,3.45,11552,0
BAL,D,20160929,000000,3.44,3.44,3.3,3.44,300,0
BAL,D,20160930,000000,3.44,3.45,3.29,3.45,2152,0
BAL,D,20161003,000000,3.58,3.58,3.29,3.29,590,0
BAL,D,20161004,000000,3.3,3.3,3.3,3.3,10,0
BAL,D,20161005,000000,3.22,3.35,3.2,3.35,905,0
BAL,D,20161006,000000,3.35,3.35,3.2,3.2,179,0
BAL,D,20161010,000000,3.2,3.2,3.2,3.2,50,0
BAL,D,20161011,000000,3.2,3.2,3.2,3.2,2649,0
BAL,D,20161013,000000,3.19,3.19,3.19,3.19,5,0
BAL,D,20161021,000000,3.2,3.2,3.2,3.2,1,0
BAL,D,20161024,000000,3.2,3.2,3.05,3.2,2302,0
BAL,D,20161025,000000,3.2,3.2,3.05,3.15,4041,0
BAL,D,20161026,000000,3.2,3.2,3.2,3.2,1,0
BAL,D,20161027,000000,3.2,3.2,3.2,3.2,2,0
BAL,D,20161028,000000,3.2,3.2,3.15,3.15,704,0
BAL,D,20161031,000000,3.64,3.9,3.4,3.59,139460,0
BAL,D,20161102,000000,3.5,3.65,3.29,3.44,56150,0
BAL,D,20161103,000000,3.4,3.4,3.06,3.25,42775,0
BAL,D,20161104,000000,3.35,3.39,3.16,3.36,17593,0
BAL,D,20161107,000000,3.2,3.39,3.14,3.15,12765,0
BAL,D,20161108,000000,3.17,3.26,3.15,3.25,7706,0
BAL,D,20161109,000000,3.1,3.25,3.1,3.25,8437,0
BAL,D,20161110,000000,3.25,3.4,3.21,3.34,11694,0
BAL,D,20161114,000000,3.35,3.44,3.27,3.42,11974,0
BAL,D,20161115,000000,3.45,3.45,3.25,3.41,3976,0
BAL,D,20161116,000000,3.4,3.4,3.2,3.4,1638,0
BAL,D,20161117,000000,3.21,3.36,3.2,3.35,2192,0
BAL,D,20161118,000000,3.35,3.35,3.15,3.29,4355,0
BAL,D,20161121,000000,3.35,3.35,3.2,3.25,2204,0
BAL,D,20161122,000000,3.32,3.32,3.1,3.31,4801,0
BAL,D,20161123,000000,3.24,3.24,3.1,3.24,6563,0
BAL,D,20161124,000000,3.24,3.24,3.1,3.24,4596,0
BAL,D,20161125,000000,3.03,3.14,2.86,3.05,20396,0
BAL,D,20161128,000000,2.96,3.12,2.86,3.09,11521,0
BAL,D,20161129,000000,3.12,3.12,2.86,3.05,6038,0
BAL,D,20161130,000000,2.86,3.12,2.86,3.12,5003,0
BAL,D,20161201,000000,3.1,3.1,2.86,2.9,3454,0
BAL,D,20161202,000000,2.9,3.12,2.9,3.12,20932,0
BAL,D,20161205,000000,3.11,3.11,2.9,2.96,9549,0
BAL,D,20161206,000000,3.11,3.11,3,3.11,1503,0
BAL,D,20161207,000000,2.86,3,2.71,2.98,36485,0
BAL,D,20161208,000000,2.92,2.93,2.7,2.7,31742,0
BAL,D,20161209,000000,2.79,2.98,2.71,2.82,10951,0
BAL,D,20161212,000000,2.99,2.99,2.86,2.86,6965,0
BAL,D,20161213,000000,2.99,2.99,2.83,2.99,8459,0
BAL,D,20161214,000000,2.99,2.99,2.91,2.92,4369,0
BAL,D,20161215,000000,2.92,2.93,2.9,2.93,1135,0
BAL,D,20161216,000000,2.81,2.94,2.81,2.92,1853,0
BAL,D,20161219,000000,2.99,2.99,2.93,2.93,502,0
BAL,D,20161220,000000,2.8,2.9,2.75,2.87,15835,0
BAL,D,20161221,000000,2.87,2.87,2.87,2.87,500,0
BAL,D,20161222,000000,2.87,2.89,2.76,2.89,57083,0
BAL,D,20161223,000000,2.92,2.92,2.85,2.85,3002,0
BAL,D,20161227,000000,2.87,2.88,2.76,2.87,12,0
BAL,D,20161228,000000,2.85,2.85,2.72,2.84,13696,0
BAL,D,20161229,000000,2.85,2.85,2.85,2.85,229,0
BAL,D,20161230,000000,2.92,2.92,2.75,2.88,1826,0
BAL,D,20170102,000000,2.92,2.92,2.75,2.84,27922,0
BAL,D,20170103,000000,2.83,2.83,2.71,2.79,23785,0
BAL,D,20170104,000000,2.79,2.79,2.65,2.71,19050,0
BAL,D,20170105,000000,2.69,2.7,2.61,2.68,18092,0
BAL,D,20170109,000000,2.69,2.76,2.62,2.69,25412,0
BAL,D,20170110,000000,2.75,2.87,2.75,2.75,15825,0
BAL,D,20170111,000000,2.73,2.83,2.73,2.73,10572,0
BAL,D,20170112,000000,2.78,2.78,2.55,2.69,13374,0
BAL,D,20170113,000000,2.6,2.68,2.52,2.68,11138,0
BAL,D,20170116,000000,2.62,2.68,2.55,2.65,7023,0
BAL,D,20170117,000000,2.63,2.63,2.63,2.63,495,0
BAL,D,20170118,000000,2.63,2.63,2.58,2.58,202,0
BAL,D,20170119,000000,2.66,2.68,2.59,2.67,16971,0
BAL,D,20170120,000000,2.69,2.69,2.6,2.6,7609,0
BAL,D,20170123,000000,2.6,2.62,2.6,2.6,5009,0
BAL,D,20170124,000000,2.68,2.85,2.6,2.79,26972,0
BAL,D,20170125,000000,2.73,2.83,2.65,2.73,19506,0
BAL,D,20170126,000000,2.74,2.77,2.65,2.71,4313,0
BAL,D,20170127,000000,2.77,2.82,2.58,2.7,33474,0
BAL,D,20170130,000000,2.65,2.7,2.49,2.56,60218,0
BAL,D,20170131,000000,2.58,2.69,2.58,2.62,23403,0
BAL,D,20170201,000000,2.63,2.63,2.57,2.6,9343,0
BAL,D,20170202,000000,2.6,2.62,2.55,2.6,9496,0
BAL,D,20170203,000000,2.6,2.6,2.45,2.55,17516,0
BAL,D,20170206,000000,2.55,2.6,2.54,2.55,9040,0
BAL,D,20170207,000000,2.55,2.55,2.54,2.55,8407,0
BAL,D,20170208,000000,2.55,2.76,2.55,2.75,62087,0
BAL,D,20170209,000000,2.75,2.75,2.6,2.63,34314,0
BAL,D,20170210,000000,2.64,2.69,2.64,2.64,22494,0
BAL,D,20170213,000000,2.67,2.74,2.67,2.74,11299,0
BAL,D,20170214,000000,2.74,2.94,2.73,2.94,64155,0
BAL,D,20170215,000000,2.94,3.1,2.89,3,75024,0
BAL,D,20170216,000000,3.04,3.11,3,3,33159,0
BAL,D,20170217,000000,3.08,3.08,2.96,3.05,16379,0
BAL,D,20170220,000000,3.04,3.14,3,3.1,10368,0
BAL,D,20170221,000000,3.14,3.14,2.95,3.03,23668,0
BAL,D,20170222,000000,3.03,3.03,2.97,2.97,6443,0
BAL,D,20170223,000000,2.97,2.97,2.85,2.94,9378,0
BAL,D,20170224,000000,2.9,2.9,2.81,2.88,5881,0
BAL,D,20170227,000000,2.88,2.89,2.86,2.88,3821,0
BAL,D,20170228,000000,2.89,2.89,2.7,2.74,16900,0
BAL,D,20170301,000000,2.75,2.8,2.72,2.77,7919,0
BAL,D,20170302,000000,2.77,2.79,2.77,2.79,2041,0
BAL,D,20170303,000000,2.77,2.81,2.76,2.81,9619,0
BAL,D,20170306,000000,2.89,2.92,2.83,2.88,36734,0
BAL,D,20170307,000000,2.89,2.9,2.78,2.9,13326,0
BAL,D,20170308,000000,2.9,2.91,2.9,2.9,1612,0
BAL,D,20170309,000000,2.93,2.93,2.78,2.89,7878,0
BAL,D,20170310,000000,2.85,2.85,2.75,2.84,3624,0
BAL,D,20170313,000000,2.84,2.84,2.67,2.78,8320,0
BAL,D,20170314,000000,2.78,2.78,2.6,2.66,30258,0
BAL,D,20170315,000000,2.7,2.73,2.65,2.7,4258,0
BAL,D,20170316,000000,2.74,2.74,2.64,2.7,11806,0
BAL,D,20170317,000000,2.72,2.78,2.71,2.78,9467,0
BAL,D,20170320,000000,2.77,2.77,2.69,2.7,6484,0
BAL,D,20170321,000000,2.7,2.7,2.65,2.7,7280,0
BAL,D,20170322,000000,2.66,2.7,2.63,2.67,9788,0
BAL,D,20170323,000000,2.67,2.69,2.64,2.69,1472,0
BAL,D,20170324,000000,2.7,2.7,2.64,2.7,3190,0
BAL,D,20170327,000000,2.7,2.7,2.6,2.6,15588,0
BAL,D,20170328,000000,2.6,2.6,2.55,2.6,3852,0
BAL,D,20170329,000000,2.6,2.6,2.57,2.6,1719,0
BAL,D,20170330,000000,2.6,2.6,2.5,2.54,9433,0
BAL,D,20170331,000000,2.54,2.55,2.48,2.54,10709,0
BAL,D,20170403,000000,2.51,2.56,2.5,2.5,5859,0
BAL,D,20170404,000000,2.52,2.57,2.52,2.52,2250,0
BAL,D,20170405,000000,2.49,2.59,2.47,2.59,6830,0
BAL,D,20170406,000000,2.65,2.65,2.51,2.65,2347,0
BAL,D,20170407,000000,2.68,2.69,2.61,2.69,1722,0
BAL,D,20170410,000000,2.71,2.75,2.69,2.75,9600,0
BAL,D,20170411,000000,2.75,2.75,2.75,2.75,2,0
BAL,D,20170412,000000,2.78,2.78,2.63,2.63,11717,0
BAL,D,20170413,000000,2.63,2.78,2.63,2.75,17476,0
BAL,D,20170418,000000,2.79,2.95,2.71,2.73,51821,0
BAL,D,20170419,000000,2.73,2.73,2.66,2.66,7154,0
BAL,D,20170420,000000,2.67,2.73,2.65,2.73,2080,0
BAL,D,20170421,000000,2.73,2.83,2.7,2.7,8450,0
BAL,D,20170424,000000,2.7,2.7,2.7,2.7,2,0
BAL,D,20170425,000000,2.7,2.7,2.6,2.68,1048,0
BAL,D,20170426,000000,2.68,2.68,2.59,2.68,2003,0
BAL,D,20170427,000000,2.58,2.68,2.57,2.67,4056,0
BAL,D,20170428,000000,2.68,2.68,2.67,2.67,1041,0
BAL,D,20170502,000000,2.55,2.67,2.55,2.58,4602,0
BAL,D,20170504,000000,2.68,2.68,2.61,2.68,203,0
BAL,D,20170505,000000,2.67,2.67,2.67,2.67,2,0
BAL,D,20170508,000000,2.55,2.66,2.55,2.66,2239,0
BAL,D,20170509,000000,2.65,2.65,2.65,2.65,2,0
BAL,D,20170510,000000,2.56,2.65,2.56,2.65,1809,0
BAL,D,20170511,000000,2.64,2.64,2.64,2.64,1,0
BAL,D,20170512,000000,2.64,2.64,2.5,2.51,17005,0
BAL,D,20170515,000000,2.64,2.66,2.5,2.66,5638,0
BAL,D,20170516,000000,2.58,2.65,2.45,2.57,14110,0
BAL,D,20170517,000000,2.54,2.54,2.41,2.49,6339,0
BAL,D,20170518,000000,2.44,2.49,2.26,2.38,12924,0
BAL,D,20170519,000000,2.28,2.49,2.28,2.49,5760,0
BAL,D,20170522,000000,2.49,2.49,2.49,2.49,1,0
BAL,D,20170523,000000,2.49,2.49,2.38,2.38,3199,0
BAL,D,20170524,000000,2.38,2.49,2.25,2.49,8378,0
BAL,D,20170525,000000,2.49,2.49,2.31,2.49,3049,0
BAL,D,20170526,000000,2.41,2.41,2.39,2.39,1418,0
BAL,D,20170529,000000,2.39,2.42,2.32,2.42,566,0
BAL,D,20170530,000000,2.42,2.42,2.31,2.31,1792,0
BAL,D,20170531,000000,2.31,2.42,2.25,2.3,13069,0
BAL,D,20170601,000000,2.44,2.44,2.3,2.37,10246,0
BAL,D,20170602,000000,2.37,2.37,2.32,2.35,117,0
BAL,D,20170605,000000,2.36,2.36,2.25,2.36,1002,0
BAL,D,20170606,000000,2.36,2.36,2.25,2.36,479,0
BAL,D,20170607,000000,2.27,2.36,2.27,2.36,2763,0
BAL,D,20170608,000000,2.35,2.35,2.27,2.35,3082,0
BAL,D,20170609,000000,2.36,2.36,2.36,2.36,27,0
BAL,D,20170612,000000,2.36,2.43,2.36,2.37,6080,0
BAL,D,20170613,000000,2.37,2.41,2.37,2.41,1337,0
BAL,D,20170614,000000,2.42,2.42,2.42,2.42,189,0
BAL,D,20170616,000000,2.42,2.45,2.42,2.45,1426,0
BAL,D,20170619,000000,2.45,2.45,2.45,2.45,449,0
BAL,D,20170620,000000,2.45,2.45,2.45,2.45,2,0
BAL,D,20170621,000000,2.45,2.45,2.35,2.45,3195,0
BAL,D,20170622,000000,2.45,2.45,2.23,2.44,11130,0
BAL,D,20170623,000000,2.45,2.45,2.24,2.44,10256,0
BAL,D,20170626,000000,2.4,2.4,2.24,2.24,5189,0
BAL,D,20170627,000000,2.35,2.35,2.24,2.29,5360,0
BAL,D,20170628,000000,2.28,2.31,2.26,2.31,1114,0
BAL,D,20170629,000000,2.31,2.39,2.31,2.39,6,0
BAL,D,20170630,000000,2.39,2.39,2.2,2.3,3205,0
BAL,D,20170703,000000,2.29,2.3,2.29,2.3,2245,0
BAL,D,20170704,000000,2.3,2.3,2.16,2.3,10625,0
BAL,D,20170705,000000,2.3,2.3,2.15,2.2,913,0
BAL,D,20170706,000000,2.2,2.2,2.2,2.2,18,0
BAL,D,20170707,000000,2.3,2.3,2.22,2.3,702,0
BAL,D,20170710,000000,2.29,2.29,2.2,2.2,6828,0
BAL,D,20170711,000000,2.2,2.27,2.16,2.27,6478,0
BAL,D,20170712,000000,2.2,2.27,2.12,2.26,1872,0
BAL,D,20170713,000000,2.26,2.26,2.22,2.26,2348,0
BAL,D,20170714,000000,2.26,2.26,2.12,2.2,8243,0
BAL,D,20170717,000000,2.18,2.18,2.12,2.17,2167,0
BAL,D,20170718,000000,2.16,2.16,2.09,2.16,4543,0
BAL,D,20170719,000000,2.15,2.15,2.05,2.11,4529,0
BAL,D,20170720,000000,2.11,2.11,2.04,2.11,593,0
BAL,D,20170721,000000,2.11,2.12,2.03,2.1,8008,0
BAL,D,20170724,000000,2.1,2.11,2.06,2.06,2899,0
BAL,D,20170725,000000,2.15,2.15,2.03,2.11,1319,0
BAL,D,20170726,000000,2.11,2.11,2.11,2.11,2,0
BAL,D,20170727,000000,2.11,2.11,2.05,2.05,182,0
BAL,D,20170728,000000,2.09,2.1,2.05,2.1,623,0
BAL,D,20170731,000000,2.1,2.1,1.96,2.1,9339,0
BAL,D,20170801,000000,2.1,2.1,2.1,2.1,2,0
BAL,D,20170802,000000,2.1,2.1,1.96,2,2220,0
BAL,D,20170803,000000,2.1,2.1,1.91,2.09,3439,0
BAL,D,20170804,000000,2.1,2.1,1.98,2.1,3804,0
BAL,D,20170807,000000,2.1,2.1,1.89,2.08,18810,0
BAL,D,20170808,000000,2.05,2.1,1.91,1.91,27280,0
BAL,D,20170809,000000,2.02,2.02,1.91,1.91,3004,0
BAL,D,20170810,000000,2.02,2.02,1.9,1.9,4103,0
BAL,D,20170811,000000,2,2,1.96,1.96,502,0
BAL,D,20170814,000000,2,2,1.93,1.93,2681,0
BAL,D,20170816,000000,1.93,1.93,1.89,1.89,3677,0
BAL,D,20170817,000000,1.89,1.9,1.89,1.9,112,0
BAL,D,20170818,000000,1.89,1.89,1.86,1.89,2294,0
BAL,D,20170821,000000,1.88,2.06,1.88,1.97,136737,0
BAL,D,20170822,000000,2.08,2.28,2.02,2.28,115202,0
BAL,D,20170823,000000,2.3,2.3,2.07,2.29,110494,0
BAL,D,20170824,000000,2.3,2.36,2.18,2.29,33298,0
BAL,D,20170825,000000,2.35,2.35,2.23,2.3,1453,0
BAL,D,20170828,000000,2.29,2.44,2.25,2.43,34149,0
BAL,D,20170829,000000,2.45,2.45,2.22,2.25,40823,0
BAL,D,20170830,000000,2.36,2.36,2.13,2.2,57225,0
BAL,D,20170831,000000,2.22,2.33,2.12,2.12,19729,0
BAL,D,20170901,000000,2.2,2.3,2.12,2.12,6222,0
BAL,D,20170904,000000,2.29,2.29,2.1,2.12,23155,0
BAL,D,20170905,000000,2.09,2.19,2.09,2.19,2098,0
BAL,D,20170906,000000,2.1,2.26,2.05,2.22,39971,0
BAL,D,20170907,000000,2.22,2.27,2.13,2.26,28960,0
BAL,D,20170908,000000,2.21,2.42,2.17,2.22,29887,0
BAL,D,20170911,000000,2.3,2.39,2.21,2.22,20145,0
BAL,D,20170912,000000,2.19,2.4,2.19,2.24,68031,0
BAL,D,20170913,000000,2.34,2.4,2.28,2.4,3861,0
BAL,D,20170914,000000,2.37,2.38,2.23,2.38,15154,0
BAL,D,20170915,000000,2.38,2.38,2.18,2.33,28015,0
BAL,D,20170918,000000,2.2,2.5,2.2,2.5,38142,0
BAL,D,20170919,000000,2.49,2.6,2.41,2.54,23019,0
BAL,D,20170920,000000,2.54,2.54,2.33,2.49,27163,0
BAL,D,20170921,000000,2.49,2.7,2.45,2.64,27160,0
BAL,D,20170922,000000,2.64,2.65,2.54,2.63,5181,0
BAL,D,20170925,000000,2.65,2.7,2.65,2.68,3511,0
BAL,D,20170926,000000,2.68,2.68,2.68,2.68,2,0
BAL,D,20170927,000000,2.67,2.67,2.57,2.66,214,0
BAL,D,20170928,000000,2.63,2.63,2.55,2.63,2102,0
BAL,D,20170929,000000,2.63,2.68,2.55,2.68,3103,0
BAL,D,20171002,000000,2.65,2.78,2.65,2.72,11772,0
BAL,D,20171003,000000,2.75,2.9,2.75,2.88,23558,0
BAL,D,20171004,000000,2.9,2.93,2.85,2.9,17908,0
BAL,D,20171005,000000,2.89,2.92,2.8,2.91,25176,0
BAL,D,20171006,000000,2.92,2.93,2.86,2.91,13457,0
BAL,D,20171009,000000,2.85,2.92,2.85,2.89,3966,0
BAL,D,20171010,000000,2.9,2.9,2.8,2.9,5233,0
BAL,D,20171011,000000,2.9,2.9,2.73,2.88,9273,0
BAL,D,20171012,000000,2.88,2.88,2.76,2.88,1003,0
BAL,D,20171013,000000,2.88,2.89,2.78,2.89,2006,0
BAL,D,20171016,000000,2.89,2.93,2.88,2.93,5108,0
BAL,D,20171017,000000,2.92,2.93,2.81,2.93,1734,0
BAL,D,20171018,000000,2.9,3,2.88,2.88,18148,0
BAL,D,20171019,000000,2.94,2.94,2.93,2.94,3275,0
BAL,D,20171020,000000,2.94,2.94,2.94,2.94,771,0
BAL,D,20171023,000000,2.99,2.99,2.95,2.95,2035,0
BAL,D,20171024,000000,2.95,2.96,2.87,2.95,2151,0
BAL,D,20171025,000000,2.94,2.94,2.94,2.94,116,0
BAL,D,20171026,000000,2.83,2.9,2.77,2.86,4582,0
BAL,D,20171027,000000,2.81,2.9,2.81,2.9,890,0
BAL,D,20171030,000000,2.9,2.9,2.9,2.9,2760,0
BAL,D,20171031,000000,2.88,2.88,2.88,2.88,2,0
BAL,D,20171102,000000,2.88,2.92,2.78,2.9,3859,0
BAL,D,20171103,000000,2.9,2.9,2.9,2.9,2,0
BAL,D,20171106,000000,2.9,2.9,2.9,2.9,103,0
BAL,D,20171107,000000,2.9,2.9,2.77,2.89,10982,0
BAL,D,20171108,000000,2.9,2.9,2.9,2.9,2,0
BAL,D,20171109,000000,2.89,2.89,2.89,2.89,2,0
BAL,D,20171110,000000,2.8,2.89,2.8,2.88,3325,0
BAL,D,20171113,000000,2.89,2.89,2.77,2.77,851,0
BAL,D,20171114,000000,2.77,2.95,2.77,2.95,3927,0
BAL,D,20171115,000000,2.94,2.94,2.94,2.94,1000,0
BAL,D,20171116,000000,2.89,2.89,2.79,2.89,2513,0
BAL,D,20171117,000000,2.89,2.89,2.89,2.89,2,0
BAL,D,20171120,000000,2.89,2.89,2.89,2.89,5,0
BAL,D,20171121,000000,2.89,2.89,2.89,2.89,2,0
BAL,D,20171122,000000,2.88,2.89,2.88,2.89,946,0
BAL,D,20171123,000000,2.89,2.89,2.89,2.89,759,0
BAL,D,20171124,000000,2.88,2.88,2.8,2.84,28,0
BAL,D,20171127,000000,2.84,2.84,2.6,2.8,5526,0
BAL,D,20171128,000000,2.79,2.79,2.79,2.79,1,0
BAL,D,20171129,000000,2.79,2.84,2.56,2.57,1251,0
BAL,D,20171130,000000,2.67,2.67,2.67,2.67,500,0
BAL,D,20171201,000000,2.84,2.84,2.68,2.82,37,0
BAL,D,20171204,000000,2.84,2.84,2.84,2.84,1,0
BAL,D,20171205,000000,2.79,2.79,2.55,2.66,9456,0
BAL,D,20171206,000000,2.7,2.7,2.7,2.7,1,0
BAL,D,20171207,000000,2.66,2.66,2.55,2.66,755,0
BAL,D,20171208,000000,2.66,2.67,2.66,2.67,1001,0
BAL,D,20171211,000000,2.67,2.67,2.67,2.67,120,0
BAL,D,20171212,000000,2.67,2.67,2.67,2.67,3059,0
BAL,D,20171213,000000,2.67,2.67,2.67,2.67,250,0
BAL,D,20171214,000000,2.67,2.67,2.67,2.67,1,0
BAL,D,20171215,000000,2.84,2.84,2.63,2.63,2855,0
BAL,D,20171218,000000,2.84,2.84,2.5,2.81,11693,0
BAL,D,20171219,000000,2.82,2.82,2.65,2.81,5503,0
BAL,D,20171220,000000,2.82,2.82,2.82,2.82,1,0
BAL,D,20171221,000000,2.8,2.8,2.8,2.8,1,0
BAL,D,20171222,000000,2.8,2.8,2.71,2.71,8002,0
BAL,D,20171227,000000,2.8,2.8,2.8,2.8,2,0
BAL,D,20171228,000000,2.79,2.79,2.79,2.79,2,0
BAL,D,20171229,000000,2.79,2.8,2.79,2.8,536,0
BAL,D,20180103,000000,2.81,2.83,2.81,2.82,10388,0
BAL,D,20180104,000000,2.89,2.89,2.87,2.89,14672,0
BAL,D,20180105,000000,2.82,2.89,2.82,2.89,10486,0
BAL,D,20180108,000000,2.9,2.92,2.9,2.92,1102,0
BAL,D,20180109,000000,2.92,2.92,2.92,2.92,1,0
BAL,D,20180110,000000,2.92,2.94,2.82,2.94,6757,0
BAL,D,20180111,000000,2.89,3,2.89,3,11290,0
BAL,D,20180112,000000,3.05,3.05,2.96,2.98,3103,0
BAL,D,20180115,000000,3,3.05,2.94,2.99,1821,0
BAL,D,20180116,000000,3,3.07,2.99,3.05,18608,0
BAL,D,20180117,000000,3.05,3.07,3,3.07,10073,0
BAL,D,20180118,000000,3.07,3.07,3,3.07,1602,0
BAL,D,20180119,000000,3.07,3.07,3,3.07,1002,0
BAL,D,20180122,000000,3.07,3.07,3,3.05,1002,0
BAL,D,20180123,000000,3.05,3.08,3.05,3.07,3461,0
BAL,D,20180124,000000,3.08,3.1,3,3.1,5555,0
BAL,D,20180125,000000,3.1,3.15,3.05,3.15,11201,0
BAL,D,20180126,000000,3.15,3.19,3.15,3.19,6534,0
BAL,D,20180129,000000,3.18,3.2,3.11,3.2,9826,0
BAL,D,20180130,000000,3.21,3.23,3.11,3.23,3649,0
BAL,D,20180131,000000,3.24,3.24,3.18,3.2,2851,0
BAL,D,20180201,000000,3.2,3.23,3.07,3.22,10603,0
BAL,D,20180202,000000,3.21,3.21,3.16,3.21,1652,0
BAL,D,20180205,000000,3.21,3.21,3.15,3.21,502,0
BAL,D,20180206,000000,3.12,3.19,3,3.14,11883,0
BAL,D,20180207,000000,3.14,3.15,3,3.15,8893,0
BAL,D,20180208,000000,3.15,3.23,3.15,3.23,285,0
BAL,D,20180209,000000,3.23,3.23,3.18,3.2,387,0
BAL,D,20180212,000000,3.2,3.27,3.12,3.27,3737,0
BAL,D,20180213,000000,3.27,3.27,3.27,3.27,1502,0
BAL,D,20180214,000000,3.27,3.27,3.27,3.27,1,0
BAL,D,20180215,000000,3.26,3.3,3.26,3.29,5441,0
BAL,D,20180216,000000,3.3,3.3,3.29,3.3,1001,0
BAL,D,20180219,000000,3.3,3.3,3.3,3.3,1,0
BAL,D,20180220,000000,3.3,3.3,3.3,3.3,1,0
BAL,D,20180221,000000,3.3,3.3,3.3,3.3,1,0
BAL,D,20180222,000000,3.3,3.3,3.3,3.3,1,0
BAL,D,20180223,000000,3.29,3.29,3.14,3.29,702,0
BAL,D,20180226,000000,3.29,3.29,3.29,3.29,1,0
BAL,D,20180227,000000,3.29,3.3,3.22,3.3,6772,0
BAL,D,20180228,000000,3.31,3.31,3.31,3.31,1,0
BAL,D,20180301,000000,3.31,3.31,3.18,3.31,4561,0
BAL,D,20180302,000000,3.2,3.31,3.2,3.31,802,0
BAL,D,20180305,000000,3.2,3.31,3.2,3.31,1502,0
BAL,D,20180306,000000,3.31,3.31,3.31,3.31,2,0
BAL,D,20180307,000000,3.31,3.31,3.15,3.31,2502,0
BAL,D,20180308,000000,3.3,3.3,3.2,3.3,2402,0
BAL,D,20180309,000000,3.28,3.3,3.24,3.3,2813,0
BAL,D,20180312,000000,3.12,3.31,3.12,3.31,314,0
BAL,D,20180313,000000,3.29,3.29,3.29,3.29,1,0
BAL,D,20180314,000000,3.25,3.29,3.25,3.29,1096,0
BAL,D,20180315,000000,3.29,3.29,3.25,3.29,1551,0
BAL,D,20180316,000000,3.29,3.31,3.24,3.31,4449,0
BAL,D,20180319,000000,3.31,3.31,3.31,3.31,1,0
BAL,D,20180320,000000,3.25,3.33,3.12,3.33,20858,0
BAL,D,20180321,000000,3.34,3.34,3.34,3.34,2,0
BAL,D,20180322,000000,3.34,3.44,3.34,3.44,9450,0
BAL,D,20180323,000000,3.35,3.35,3.35,3.35,807,0
BAL,D,20180326,000000,3.44,3.5,3.3,3.45,10360,0
BAL,D,20180327,000000,3.45,3.45,3.45,3.45,12,0
BAL,D,20180328,000000,3.44,3.44,3.44,3.44,1,0
BAL,D,20180329,000000,3.44,3.46,3.44,3.46,2423,0
BAL,D,20180403,000000,3.46,3.46,3.46,3.46,1787,0
BAL,D,20180404,000000,3.5,3.55,3.38,3.55,3296,0
BAL,D,20180405,000000,3.45,3.55,3.44,3.5,7128,0
BAL,D,20180406,000000,3.55,3.55,3.45,3.53,4144,0
BAL,D,20180409,000000,3.55,3.6,3.54,3.6,24130,0
BAL,D,20180410,000000,3.6,3.76,3.59,3.76,16459,0
BAL,D,20180411,000000,3.86,3.86,3.7,3.8,1692,0
BAL,D,20180412,000000,3.8,3.8,3.74,3.78,4091,0
BAL,D,20180413,000000,3.8,3.8,3.8,3.8,1,0
BAL,D,20180416,000000,3.8,3.88,3.61,3.86,11402,0
BAL,D,20180417,000000,3.92,3.92,3.8,3.88,1502,0
BAL,D,20180418,000000,3.8,3.8,3.46,3.79,42308,0
BAL,D,20180419,000000,3.79,3.79,3.55,3.69,3367,0
BAL,D,20180420,000000,3.76,3.76,3.75,3.75,3003,0
BAL,D,20180423,000000,3.68,3.68,3.5,3.68,5702,0
BAL,D,20180424,000000,3.8,3.8,3.58,3.8,1614,0
BAL,D,20180425,000000,3.75,3.75,3.57,3.69,3930,0
BAL,D,20180426,000000,3.65,3.65,3.65,3.65,1,0
BAL,D,20180427,000000,3.64,3.64,3.64,3.64,501,0
BAL,D,20180430,000000,3.57,3.6,3.56,3.6,4700,0
BAL,D,20180502,000000,3.5,3.55,3.5,3.55,3000,0
BAL,D,20180504,000000,3.6,3.65,3.43,3.6,12246,0
BAL,D,20180507,000000,3.65,4.8,3.65,4.65,79560,0
BAL,D,20180508,000000,4.65,4.75,4.38,4.5,12497,0
BAL,D,20180509,000000,4.6,4.6,4.49,4.6,3004,0
BAL,D,20180510,000000,4.6,4.6,4.38,4.59,7807,0
BAL,D,20180511,000000,4.59,4.59,4.5,4.59,2804,0
BAL,D,20180514,000000,4.6,4.64,4.38,4.6,2232,0
BAL,D,20180515,000000,4.59,4.59,4.37,4.59,720,0
BAL,D,20180516,000000,4.59,4.59,4.39,4.58,2035,0
BAL,D,20180517,000000,4.64,4.64,4.5,4.59,201,0
BAL,D,20180518,000000,4.64,4.64,4.64,4.64,1,0
BAL,D,20180521,000000,4.48,4.58,4.39,4.58,3887,0
BAL,D,20180522,000000,4.58,4.58,4.2,4.58,5776,0
BAL,D,20180523,000000,4.57,4.57,4.57,4.57,1,0
BAL,D,20180524,000000,4.57,4.57,4.57,4.57,1,0
BAL,D,20180525,000000,4.57,4.57,4.15,4.57,5806,0
BAL,D,20180528,000000,4.5,4.5,4.15,4.49,1595,0
BAL,D,20180529,000000,4.49,4.49,4.49,4.49,1,0
BAL,D,20180530,000000,4.49,4.49,4.49,4.49,1,0
BAL,D,20180601,000000,4.2,4.54,4.2,4.53,699,0
BAL,D,20180604,000000,4.5,4.5,4.5,4.5,1,0
BAL,D,20180605,000000,4.52,4.52,4.52,4.52,1,0
BAL,D,20180606,000000,4.49,4.49,4.2,4.49,894,0
BAL,D,20180607,000000,4.49,4.49,4.05,4.49,109,0
BAL,D,20180608,000000,4.49,4.49,4.49,4.49,1,0
BAL,D,20180611,000000,4.45,4.49,4.05,4.49,320,0
BAL,D,20180612,000000,4.49,4.49,4.49,4.49,1,0
BAL,D,20180613,000000,4.49,4.49,4.49,4.49,1,0
BAL,D,20180614,000000,4.49,4.49,4.49,4.49,1,0
BAL,D,20180615,000000,4.49,4.49,4.2,4.49,603,0
BAL,D,20180618,000000,4.49,4.49,4.49,4.49,1,0
BAL,D,20180619,000000,4.3,4.49,4.05,4.39,6552,0
BAL,D,20180620,000000,4.49,4.49,4.18,4.49,53,0
BAL,D,20180621,000000,4.49,4.49,4.49,4.49,1,0
BAL,D,20180622,000000,4.49,4.49,4.49,4.49,1,0
BAL,D,20180625,000000,4.37,4.37,4.18,4.37,202,0
BAL,D,20180626,000000,4.37,4.37,4.34,4.36,402,0
BAL,D,20180627,000000,4.36,4.6,4.18,4.6,5397,0
BAL,D,20180628,000000,4.6,4.6,4.38,4.58,688,0
BAL,D,20180629,000000,4.58,4.6,4.58,4.6,553,0
BAL,D,20180702,000000,4.6,4.6,4.57,4.57,865,0
BAL,D,20180703,000000,4.6,4.6,4.6,4.6,1,0
BAL,D,20180704,000000,4.55,4.55,4.38,4.55,2517,0
BAL,D,20180705,000000,4.41,4.6,4.25,4.6,1029,0
BAL,D,20180706,000000,4.6,4.6,4.6,4.6,1,0
BAL,D,20180709,000000,4.59,4.59,4.59,4.59,1,0
BAL,D,20180710,000000,4.59,4.59,4.46,4.46,5,0
BAL,D,20180711,000000,4.46,4.46,4.46,4.46,1,0
BAL,D,20180712,000000,4.45,4.45,4.45,4.45,1,0
BAL,D,20180713,000000,4.39,4.39,4.25,4.39,503,0
BAL,D,20180716,000000,4.25,4.6,4.19,4.3,2142,0
BAL,D,20180717,000000,4.3,4.3,4.3,4.3,1,0
BAL,D,20180718,000000,4.3,4.3,4.3,4.3,501,0
BAL,D,20180719,000000,4.6,4.6,4.33,4.59,1766,0
BAL,D,20180720,000000,4.6,4.6,4.6,4.6,1,0
BAL,D,20180723,000000,4.6,4.6,4.44,4.6,1181,0
BAL,D,20180724,000000,4.41,4.41,4.41,4.41,2,0
BAL,D,20180725,000000,4.58,4.58,4.3,4.4,2351,0
BAL,D,20180726,000000,4.4,4.54,4.3,4.54,3698,0
BAL,D,20180727,000000,4.6,4.6,4.46,4.46,136,0
BAL,D,20180730,000000,4.59,4.59,4.52,4.59,202,0
BAL,D,20180731,000000,4.46,4.59,4.46,4.59,6,0
BAL,D,20180801,000000,4.59,4.59,4.59,4.59,2,0
BAL,D,20180802,000000,4.55,4.55,4.55,4.55,1,0
BAL,D,20180803,000000,4.55,4.55,4.55,4.55,1,0
BAL,D,20180806,000000,4.51,4.51,4.51,4.51,84,0
BAL,D,20180807,000000,4.5,4.5,4.31,4.35,2400,0
BAL,D,20180808,000000,4.51,4.51,4.35,4.35,501,0
BAL,D,20180809,000000,4.51,4.53,4.38,4.53,6488,0
BAL,D,20180810,000000,4.54,4.54,4.54,4.54,1272,0
BAL,D,20180813,000000,4.54,4.54,4.54,4.54,15,0
BAL,D,20180814,000000,4.53,4.53,4.53,4.53,1,0
BAL,D,20180816,000000,4.53,4.53,4.5,4.5,1657,0
BAL,D,20180817,000000,4.54,4.54,4.54,4.54,1,0
BAL,D,20180820,000000,4.54,4.54,4.45,4.45,501,0
BAL,D,20180821,000000,4.5,4.5,4.45,4.45,3001,0
BAL,D,20180822,000000,4.45,4.45,4.45,4.45,1,0
BAL,D,20180823,000000,4.45,4.45,4.43,4.43,454,0
BAL,D,20180824,000000,4.44,4.45,4.44,4.45,385,0
BAL,D,20180827,000000,4.45,4.45,4.43,4.45,343,0
BAL,D,20180828,000000,4.45,4.54,4.34,4.54,5065,0
BAL,D,20180829,000000,4.55,4.59,4.52,4.59,1251,0
BAL,D,20180830,000000,4.52,5.2,4.52,5.14,18315,0
BAL,D,20180831,000000,5.38,5.9,5.38,5.84,5269,0
BAL,D,20180903,000000,5.94,6.2,5.92,6.2,3871,0
BAL,D,20180904,000000,6.2,6.2,5.92,5.96,4484,0
BAL,D,20180905,000000,5.9,6.1,5.32,6.06,348,0
BAL,D,20180906,000000,6.1,6.1,5.94,6.1,1517,0
BAL,D,20180907,000000,5.9,6.1,5.8,6,1471,0
BAL,D,20180910,000000,6.2,6.2,5.96,5.96,2149,0
BAL,D,20180911,000000,5.96,5.96,5.9,5.9,201,0
BAL,D,20180912,000000,5.9,5.9,5.88,5.88,310,0
BAL,D,20180913,000000,5.86,5.86,5.8,5.86,894,0
BAL,D,20180914,000000,6.2,6.2,5.72,5.98,2133,0
BAL,D,20180917,000000,6.2,6.2,5.74,6.2,1982,0
BAL,D,20180918,000000,6.2,6.2,6.2,6.2,255,0
BAL,D,20180919,000000,6.1,6.2,6,6.14,1237,0
BAL,D,20180920,000000,6.1,6.1,5.8,6.08,1005,0
BAL,D,20180921,000000,6.08,6.08,6,6.08,3213,0
BAL,D,20180924,000000,6,6.6,6,6.6,10334,0
BAL,D,20180925,000000,6.5,6.9,6.5,6.9,6983,0
BAL,D,20180926,000000,6.9,7.08,6.82,7.08,892,0
BAL,D,20180927,000000,7.24,8.3,7.24,8.26,18660,0
BAL,D,20180928,000000,8.26,8.3,8.08,8.3,4092,0
BAL,D,20181001,000000,8.5,8.5,8.4,8.4,1538,0
BAL,D,20181002,000000,8.4,8.46,8.3,8.46,882,0
BAL,D,20181003,000000,8.5,8.5,8.2,8.46,753,0
BAL,D,20181004,000000,8.5,8.68,8.44,8.68,3326,0
BAL,D,20181005,000000,8.68,8.68,8.6,8.68,902,0
BAL,D,20181008,000000,8.5,8.5,8.26,8.5,101,0
BAL,D,20181009,000000,8.5,8.5,8.5,8.5,4,0
BAL,D,20181010,000000,8.5,8.5,8.5,8.5,380,0
BAL,D,20181011,000000,8.5,8.5,7.76,8.48,2104,0
BAL,D,20181012,000000,7.82,8.5,7.82,8.14,1840,0
BAL,D,20181015,000000,8.14,8.14,8.14,8.14,1,0
BAL,D,20181016,000000,8.14,8.14,7.82,8.14,133,0
BAL,D,20181017,000000,8.14,8.14,8.14,8.14,391,0
BAL,D,20181018,000000,8.14,8.16,8.14,8.16,891,0
BAL,D,20181019,000000,8.16,9.2,8.16,9.14,10606,0
BAL,D,20181022,000000,9.32,10,9.32,9.92,6593,0
BAL,D,20181023,000000,9.92,9.92,9.32,9.8,8611,0
BAL,D,20181024,000000,9.8,9.8,8.6,8.6,1047,0
BAL,D,20181025,000000,9.2,9.8,9.2,9.3,2696,0
BAL,D,20181026,000000,9.3,9.3,8.58,9.3,1357,0
BAL,D,20181029,000000,9.3,9.3,8.94,9.3,364,0
BAL,D,20181030,000000,8.7,9.3,8.7,9.3,981,0
BAL,D,20181031,000000,9.3,9.3,8.98,8.98,2357,0
BAL,D,20181102,000000,9.3,9.3,8.5,9.3,3325,0
BAL,D,20181105,000000,9.06,9.3,9,9,8411,0
BAL,D,20181106,000000,9,9.28,9,9.24,266,0
BAL,D,20181107,000000,8.78,9.1,8.78,9,760,0
BAL,D,20181108,000000,9.24,9.24,9,9,71,0
BAL,D,20181109,000000,9,9,9,9,1,0
BAL,D,20181113,000000,9.2,9.2,9.12,9.12,301,0
BAL,D,20181114,000000,9.24,9.24,9.12,9.12,51,0
BAL,D,20181115,000000,9.24,9.24,9.24,9.24,1,0
BAL,D,20181116,000000,9.1,9.1,8.8,9.1,996,0
BAL,D,20181119,000000,9.1,9.1,9.1,9.1,1,0
BAL,D,20181120,000000,9.1,9.1,8.7,9,1023,0
BAL,D,20181121,000000,9,9,8.32,9,1192,0
BAL,D,20181122,000000,8.7,9,8.46,8.88,7338,0
BAL,D,20181123,000000,8.32,8.88,8.32,8.88,2391,0
BAL,D,20181126,000000,8.88,8.88,8.88,8.88,281,0
BAL,D,20181127,000000,8.8,8.8,8.8,8.8,1,0
BAL,D,20181128,000000,8.3,9,8.3,9,4139,0
BAL,D,20181129,000000,9.24,9.28,9,9.28,404,0
BAL,D,20181130,000000,9.28,9.28,8.9,9.28,1180,0
BAL,D,20181204,000000,9.28,9.28,9.28,9.28,1,0
BAL,D,20181205,000000,8.94,9.3,8.58,9.3,382,0
BAL,D,20181206,000000,9.28,9.28,8.7,8.9,156,0
BAL,D,20181207,000000,8.88,9.28,8.88,9.28,50,0
BAL,D,20181210,000000,9.28,9.28,8.86,8.86,1401,0
BAL,D,20181211,000000,9.28,9.3,8.58,9.3,3674,0
BAL,D,20181212,000000,8.9,8.9,8.58,8.9,603,0
BAL,D,20181213,000000,8.9,8.9,8.58,8.9,43,0
BAL,D,20181214,000000,9.3,9.3,8.98,9.3,72,0
BAL,D,20181217,000000,9.3,9.3,8.58,8.58,2,0
BAL,D,20181218,000000,8.96,8.96,8.96,8.96,1,0
BAL,D,20181219,000000,8.96,8.96,8.96,8.96,1,0
BAL,D,20181220,000000,8.96,8.96,8.6,8.96,183,0
BAL,D,20181221,000000,8.96,8.96,8.6,8.96,1133,0
BAL,D,20181227,000000,8.94,8.96,8.94,8.96,1700,0
BAL,D,20181228,000000,8.96,9.28,8.96,9.28,850,0
BAL,D,20190102,000000,9.28,9.28,9,9.28,2960,0
BAL,D,20190103,000000,9.28,9.28,9.26,9.28,1110,0
BAL,D,20190104,000000,9.28,10,9.1,9.7,2504,0
BAL,D,20190107,000000,10,10.4,9.8,10.4,6044,0
BAL,D,20190108,000000,10.35,10.4,10.15,10.35,662,0
BAL,D,20190109,000000,10.35,10.35,10.35,10.35,1,0
BAL,D,20190110,000000,10.3,10.3,10.05,10.3,384,0
BAL,D,20190111,000000,9.9,10.7,9.9,10.7,5303,0
BAL,D,20190114,000000,10.7,10.7,10,10.65,3012,0
BAL,D,20190115,000000,10.65,10.65,10.5,10.5,1431,0
BAL,D,20190116,000000,10.7,10.7,10.6,10.6,201,0
BAL,D,20190117,000000,10.5,10.5,10.3,10.5,7417,0
BAL,D,20190118,000000,10.6,10.6,10.15,10.3,1548,0
BAL,D,20190121,000000,10.15,10.3,10.15,10.3,1632,0
BAL,D,20190122,000000,10.55,10.55,10.05,10.4,348,0
BAL,D,20190123,000000,10.4,10.4,10.05,10.3,287,0
BAL,D,20190124,000000,10.4,10.4,10.25,10.3,101,0
BAL,D,20190125,000000,10.4,10.4,10.4,10.4,1,0
BAL,D,20190128,000000,10.4,10.4,9.9,10.35,1177,0
BAL,D,20190129,000000,10.3,10.3,10,10.3,653,0
BAL,D,20190130,000000,10.3,10.3,9.46,10.1,3903,0
BAL,D,20190131,000000,10.1,10.1,9.5,9.96,2443,0
BAL,D,20190201,000000,9.98,10.3,9.98,10.3,1214,0
BAL,D,20190204,000000,9.96,9.96,9.94,9.96,638,0
BAL,D,20190205,000000,10.1,10.1,10.1,10.1,2,0
BAL,D,20190206,000000,10,10,10,10,2,0
BAL,D,20190207,000000,10,10,9.2,9.8,1605,0
BAL,D,20190208,000000,9.86,9.86,9.2,9.86,1004,0
BAL,D,20190211,000000,9.64,9.92,9,9.64,4907,0
BAL,D,20190212,000000,9.2,9.7,9,9.3,1507,0
BAL,D,20190213,000000,9.36,9.36,8.7,9.3,2229,0
BAL,D,20190214,000000,9.12,9.26,9,9.26,2112,0
BAL,D,20190215,000000,9.26,9.26,9.26,9.26,2,0
BAL,D,20190218,000000,8.98,8.98,8.8,8.9,1512,0
BAL,D,20190219,000000,8.84,8.9,8.22,8.9,5995,0
BAL,D,20190220,000000,8.94,9.3,8.94,9.3,91,0
BAL,D,20190221,000000,9.3,9.3,9.3,9.3,2,0
BAL,D,20190222,000000,9.3,9.3,8.7,9.3,504,0
BAL,D,20190225,000000,9.3,9.3,8.5,8.84,538,0
BAL,D,20190226,000000,9.3,9.3,9.3,9.3,2,0
BAL,D,20190227,000000,9.3,9.3,8.72,9,710,0
BAL,D,20190228,000000,9.3,9.3,9.3,9.3,2,0
BAL,D,20190301,000000,9.3,9.3,9.3,9.3,1,0
BAL,D,20190304,000000,9.3,9.3,8.58,8.78,3889,0
BAL,D,20190305,000000,8.92,9,8.6,8.84,1782,0
BAL,D,20190306,000000,8.94,8.94,8.5,8.8,245,0
BAL,D,20190307,000000,8.78,9.06,8.68,9.06,1893,0
BAL,D,20190308,000000,8.9,9.06,8.76,9,5235,0
BAL,D,20190311,000000,8.94,9.22,8.94,9.22,4076,0
BAL,D,20190312,000000,9.22,9.3,9.1,9.1,3718,0
BAL,D,20190313,000000,9.14,9.24,9.14,9.24,3091,0
BAL,D,20190314,000000,9.2,9.2,9,9.16,375,0
BAL,D,20190315,000000,9.14,9.3,9.04,9.3,4847,0
BAL,D,20190318,000000,9.4,9.4,9.04,9.3,1104,0
BAL,D,20190319,000000,9.3,9.4,9.04,9.36,424,0
BAL,D,20190320,000000,9.3,9.3,9.3,9.3,2,0
BAL,D,20190321,000000,9.2,9.2,9.06,9.06,214,0
BAL,D,20190322,000000,9.2,9.2,9,9.08,851,0
BAL,D,20190325,000000,9.2,9.2,9.2,9.2,2,0
BAL,D,20190326,000000,9.16,9.2,9,9.2,1494,0
BAL,D,20190327,000000,9.2,9.4,9.16,9.2,9283,0
BAL,D,20190328,000000,9.2,9.2,9,9.2,3604,0
BAL,D,20190329,000000,9.2,9.2,9,9.1,2312,0
BAL,D,20190401,000000,9.1,9.2,9.1,9.15,2002,0
BAL,D,20190402,000000,9.2,9.3,9.15,9.3,3692,0
BAL,D,20190403,000000,9.25,9.3,9.2,9.2,2976,0
BAL,D,20190404,000000,9.2,9.2,9.2,9.2,2,0
BAL,D,20190405,000000,9.2,9.65,9.15,9.2,15304,0
BAL,D,20190408,000000,9.3,9.4,9.2,9.2,3604,0
BAL,D,20190409,000000,9.2,9.4,9.15,9.4,7102,0
BAL,D,20190410,000000,9.4,9.45,9.25,9.45,3467,0
BAL,D,20190411,000000,9.45,9.75,9.4,9.75,293,0
BAL,D,20190412,000000,9.65,9.8,9.45,9.8,1633,0
BAL,D,20190415,000000,9.9,9.9,9.85,9.9,108,0
BAL,D,20190416,000000,9.95,9.95,9.9,9.9,202,0
BAL,D,20190417,000000,9.9,9.9,9.9,9.9,2,0
BAL,D,20190418,000000,9.9,9.9,9.4,9.85,1513,0
BAL,D,20190423,000000,9.85,9.85,9.85,9.85,5,0
BAL,D,20190424,000000,9.85,9.85,9.85,9.85,2,0
BAL,D,20190425,000000,9.85,10,9.85,9.9,789,0
BAL,D,20190426,000000,9.8,9.9,9.75,9.85,704,0
BAL,D,20190429,000000,9.7,9.7,9.05,9.4,4001,0
BAL,D,20190430,000000,9.2,9.2,8.8,8.95,1362,0
BAL,D,20190502,000000,8.8,8.8,8,8,3499,0
BAL,D,20190506,000000,8.3,8.3,7.8,8,2661,0
BAL,D,20190507,000000,8.3,8.3,7.5,8.3,2644,0
BAL,D,20190508,000000,8.95,8.95,8.1,8.35,224,0
BAL,D,20190509,000000,8.35,8.6,7.6,8.3,3020,0
BAL,D,20190510,000000,8.6,8.6,8.6,8.6,2,0
BAL,D,20190513,000000,8.95,8.95,8.95,8.95,2,0
BAL,D,20190514,000000,8.5,8.5,8.5,8.5,2,0
BAL,D,20190515,000000,8.4,8.4,7.9,7.9,325,0
BAL,D,20190516,000000,8.25,8.25,8.25,8.25,2,0
BAL,D,20190517,000000,8.3,8.3,7.4,7.7,226,0
BAL,D,20190520,000000,8.3,8.3,7.65,7.75,3041,0
BAL,D,20190521,000000,7.75,8.25,7.75,8.25,1015,0
BAL,D,20190522,000000,8,8.1,7.65,8.1,1320,0
BAL,D,20190523,000000,8.2,8.2,8.2,8.2,2,0
BAL,D,20190524,000000,7.6,8.25,7.5,8.25,1389,0
BAL,D,20190527,000000,8.1,8.1,7.45,7.7,2121,0
BAL,D,20190528,000000,7.9,7.9,7.25,7.85,663,0
BAL,D,20190529,000000,7.85,7.85,7.85,7.85,50,0
BAL,D,20190530,000000,7.8,7.8,7.05,7.8,224,0
BAL,D,20190531,000000,7.8,7.8,7.8,7.8,2,0
BAL,D,20190603,000000,7.8,7.8,6.6,6.9,3852,0
BAL,D,20190604,000000,6.9,6.9,6.4,6.9,532,0
BAL,D,20190605,000000,6.9,6.9,5.95,6.2,4044,0
BAL,D,20190606,000000,6.8,6.8,6.15,6.35,710,0
BAL,D,20190607,000000,6.3,6.3,5.85,6.2,2000,0
BAL,D,20190610,000000,6.45,6.45,6.05,6.05,800,0
BAL,D,20190611,000000,6,6.3,5.6,6.15,1082,0
BAL,D,20190612,000000,6.25,6.25,6.2,6.25,37,0
BAL,D,20190613,000000,6.25,6.25,6.2,6.25,511,0
BAL,D,20190614,000000,6.25,6.25,5.95,6.25,177,0
BAL,D,20190617,000000,6.25,6.85,6.2,6.85,3044,0
BAL,D,20190618,000000,7,7.7,6.85,7.35,2740,0
BAL,D,20190619,000000,7.5,7.7,7.1,7.6,2058,0
BAL,D,20190621,000000,7.6,7.7,7.1,7.7,2233,0
BAL,D,20190624,000000,7.7,7.7,7.7,7.7,2,0
BAL,D,20190625,000000,7.9,7.9,7.9,7.9,3,0
BAL,D,20190626,000000,7.9,7.9,7.9,7.9,2,0
BAL,D,20190627,000000,8,8,7.5,7.95,1108,0
BAL,D,20190628,000000,8.00,8.30,8.00,8.30,7,0
BAL,D,20190701,000000,7.3,7.6,6.85,7.6,6559,0
BAL,D,20190702,000000,8.1,8.1,6.8,7.3,5498,0
BAL,D,20190703,000000,7.3,7.3,6.85,7.2,5276,0
BAL,D,20190704,000000,5.35,6.4,5.35,6,86495,0
BAL,D,20190705,000000,6.35,6.35,5.95,6.25,4684,0
BAL,D,20190708,000000,6.3,6.4,6.2,6.4,2196,0
BAL,D,20190709,000000,6.4,6.4,6.35,6.35,3,0
BAL,D,20190710,000000,6.35,6.4,6.15,6.4,1382,0
BAL,D,20190711,000000,6.5,6.5,6.2,6.4,421,0
BAL,D,20190712,000000,6,6.4,6,6.4,749,0
BAL,D,20190715,000000,6.4,6.45,6.4,6.45,346,0
BAL,D,20190716,000000,6.6,6.6,6.45,6.45,52,0
BAL,D,20190717,000000,6.6,6.6,6.25,6.45,476,0
BAL,D,20190718,000000,6.6,6.6,6.35,6.6,467,0
BAL,D,20190719,000000,6.6,6.6,6.3,6.4,844,0
BAL,D,20190722,000000,6.6,6.6,6.4,6.6,4291,0
BAL,D,20190723,000000,6.6,6.6,6.6,6.6,2,0
BAL,D,20190724,000000,6.6,6.6,6.4,6.6,267,0
BAL,D,20190725,000000,6.6,6.6,6.35,6.6,1843,0
BAL,D,20190726,000000,6.6,6.6,6.3,6.4,353,0
BAL,D,20190729,000000,6.7,6.85,6.7,6.85,2369,0
BAL,D,20190730,000000,6.85,6.9,6.6,6.9,2741,0
BAL,D,20190731,000000,6.95,6.95,6.95,6.95,2,0
BAL,D,20190801,000000,6.95,6.95,6.9,6.9,59,0
BAL,D,20190802,000000,6.95,7.45,6.8,7.1,8613,0
BAL,D,20190805,000000,7.2,7.2,6.9,7.1,512,0
BAL,D,20190806,000000,7.2,7.2,7.2,7.2,2,0
BAL,D,20190807,000000,7.2,7.2,7.1,7.2,101,0
BAL,D,20190808,000000,7.2,7.2,7.1,7.2,200,0
BAL,D,20190809,000000,7.2,7.2,6.7,7.1,4199,0
BAL,D,20190812,000000,6.9,6.9,6.5,6.9,756,0
BAL,D,20190813,000000,6.9,6.9,6.9,6.9,200,0
BAL,D,20190814,000000,6.9,6.9,6.6,6.9,1599,0
BAL,D,20190816,000000,6.9,6.9,6.7,6.9,201,0
BAL,D,20190819,000000,6.9,6.9,6.5,6.65,3878,0
BAL,D,20190820,000000,6.65,6.65,6.65,6.65,59,0
BAL,D,20190821,000000,6.15,6.65,6.15,6.65,3334,0
BAL,D,20190822,000000,6.65,6.65,6.3,6.5,2354,0
BAL,D,20190823,000000,6.5,6.5,6.1,6.35,2003,0
BAL,D,20190826,000000,6.45,6.45,6.3,6.45,104,0
BAL,D,20190827,000000,6.1,6.5,6.1,6.5,32,0
BAL,D,20190828,000000,6.5,6.5,5.95,5.95,1171,0
BAL,D,20190829,000000,6.45,6.45,6.05,6.45,1373,0
BAL,D,20190830,000000,6.45,7,6.45,7,802,0
BAL,D,20190902,000000,7,7,7,7,2,0
BAL,D,20190903,000000,7,7,6.35,6.35,2203,0
BAL,D,20190904,000000,6.6,6.6,6.4,6.6,252,0
BAL,D,20190905,000000,6.6,6.6,6.15,6.6,2198,0
BAL,D,20190906,000000,6.6,6.6,6.2,6.3,4491,0
BAL,D,20190909,000000,6.6,6.6,6,6.6,3468,0
BAL,D,20190910,000000,6.6,6.6,6.15,6.55,617,0
BAL,D,20190911,000000,6.3,6.55,6.1,6.55,547,0
BAL,D,20190912,000000,6.3,6.3,6.3,6.3,2,0
BAL,D,20190913,000000,6.25,6.25,6.25,6.25,12,0
BAL,D,20190916,000000,6.25,6.25,6,6.25,3008,0
BAL,D,20190917,000000,6.25,6.25,6.1,6.25,1003,0
BAL,D,20190918,000000,6.25,6.25,6,6.25,5852,0
BAL,D,20190919,000000,6.25,6.25,6.25,6.25,2,0
BAL,D,20190920,000000,6.25,6.25,6,6.2,1310,0
BAL,D,20190923,000000,6.25,6.25,5.95,6.25,4323,0
BAL,D,20190924,000000,6.25,6.25,6.25,6.25,2,0
BAL,D,20190925,000000,6.25,6.25,5.65,5.65,7360,0
BAL,D,20190926,000000,6.2,6.2,5.4,5.95,8587,0
BAL,D,20190927,000000,5.75,5.75,5.2,5.2,6575,0
BAL,D,20190930,000000,5.3,5.8,5.2,5.75,65381,0
BAL,D,20191001,000000,6.35,6.35,5.4,5.4,23026,0
BAL,D,20191002,000000,5.3,5.5,4.4,4.88,16866,0
BAL,D,20191003,000000,4.78,4.96,4.66,4.96,1677,0
BAL,D,20191004,000000,4.96,5.2,4.7,5.15,14611,0
BAL,D,20191007,000000,5.25,6,5.2,5.3,18908,0
BAL,D,20191008,000000,5.65,6,5.6,6,9533,0
BAL,D,20191009,000000,6.15,6.85,6.15,6.85,23348,0
BAL,D,20191010,000000,6.9,7,6.6,6.95,34392,0
BAL,D,20191011,000000,6.95,6.95,6.35,6.6,19878,0
BAL,D,20191014,000000,6.8,6.85,6.55,6.85,1936,0
BAL,D,20191015,000000,6.85,7,6.8,6.85,11894,0
BAL,D,20191016,000000,6.9,6.9,6.8,6.8,132684,0
BAL,D,20191017,000000,6.85,6.85,6.8,6.85,23210,0
BAL,D,20191018,000000,6.85,6.85,6.8,6.8,3223,0
BAL,D,20191021,000000,6.85,6.85,6.8,6.85,16839,0
BAL,D,20191022,000000,6.85,6.85,6.8,6.85,20052,0
BAL,D,20191023,000000,6.85,6.85,6.8,6.85,5327,0
BAL,D,20191024,000000,6.85,6.9,6.8,6.9,5223,0
BAL,D,20191025,000000,6.9,6.9,6.8,6.9,7207,0
BAL,D,20191028,000000,6.85,6.9,6.8,6.9,7302,0
BAL,D,20191029,000000,6.8,6.9,6.8,6.9,8384,0
BAL,D,20191030,000000,6.9,6.9,6.8,6.8,4721,0
BAL,D,20191031,000000,6.9,6.9,6.85,6.85,635,0
BAL,D,20191104,000000,6.85,6.9,6.85,6.9,903,0
BAL,D,20191105,000000,6.9,6.9,6.85,6.9,9886,0
BAL,D,20191106,000000,6.9,6.9,6.8,6.9,4220,0
BAL,D,20191107,000000,6.9,6.9,6.85,6.9,4594,0
BAL,D,20191108,000000,6.9,6.9,6.85,6.9,392,0
BAL,D,20191112,000000,6.9,6.9,6.85,6.9,2143,0
BAL,D,20191113,000000,6.85,6.85,6.8,6.85,7561,0
BAL,D,20191114,000000,6.85,6.9,6.85,6.9,3596,0
BAL,D,20191115,000000,6.9,6.9,6.8,6.85,10004,0
BAL,D,20191118,000000,6.85,6.85,6.8,6.85,31129,0
BAL,D,20191119,000000,6.85,6.85,6.8,6.85,8736,0
BAL,D,20191120,000000,6.85,6.85,6.8,6.8,3000,0
BAL,D,20191121,000000,6.85,6.85,6.8,6.85,6003,0
BAL,D,20191122,000000,6.85,6.9,6.8,6.9,9510,0
BAL,D,20191125,000000,6.85,6.85,6.75,6.85,28376,0
BAL,D,20191126,000000,6.9,6.9,6.75,6.9,9112,0
BAL,D,20191127,000000,6.8,6.9,6.75,6.85,28867,0
BAL,D,20191128,000000,6.85,6.85,6.6,6.75,15200,0
BAL,D,20191129,000000,6.75,6.75,6.6,6.7,19955,0
BAL,D,20191202,000000,6.65,6.8,6.6,6.8,14280,0
BAL,D,20191203,000000,6.8,6.8,6.45,6.6,15752,0
BAL,D,20191204,000000,6.6,6.6,6.3,6.4,2690,0
BAL,D,20191205,000000,6.8,6.8,6.4,6.8,504,0
BAL,D,20191206,000000,6.8,6.8,6.65,6.65,4232,0
BAL,D,20191209,000000,6.7,6.75,6.7,6.75,3297,0
BAL,D,20191210,000000,6.75,6.8,6.75,6.8,15031,0
BAL,D,20191211,000000,6.8,6.8,6.7,6.75,3923,0
BAL,D,20191212,000000,6.7,6.75,6.7,6.75,2113,0
BAL,D,20191213,000000,6.8,6.8,6.7,6.8,4381,0
BAL,D,20191216,000000,6.75,6.75,6.7,6.75,5051,0
BAL,D,20191217,000000,6.75,6.75,6.65,6.7,7192,0
BAL,D,20191218,000000,6.7,6.75,6.65,6.7,2009,0
BAL,D,20191219,000000,6.75,6.75,6.65,6.75,3004,0
BAL,D,20191220,000000,6.65,6.7,6.1,6.7,21822,0
BAL,D,20191223,000000,6.7,6.7,6.7,6.7,2,0
BAL,D,20191227,000000,6.65,6.65,6.45,6.65,1492,0
BAL,D,20191230,000000,6.7,6.7,6.45,6.7,3158,0
BAL,D,20200102,000000,6.65,6.65,6.5,6.65,188,0
BAL,D,20200103,000000,6.65,6.7,6.45,6.7,1094,0
BAL,D,20200107,000000,6.65,6.7,6.5,6.7,7075,0
BAL,D,20200108,000000,6.55,6.7,6.45,6.6,12547,0
BAL,D,20200109,000000,6.5,6.5,6.4,6.5,4079,0
BAL,D,20200110,000000,6.5,6.5,6.3,6.5,12992,0
BAL,D,20200113,000000,6.5,6.5,6.2,6.5,7305,0
BAL,D,20200114,000000,6.5,6.5,6.3,6.45,1062,0
BAL,D,20200115,000000,6.45,6.45,6.3,6.4,1400,0
BAL,D,20200116,000000,6.35,6.5,6.25,6.4,9073,0
BAL,D,20200117,000000,6.4,6.5,6.3,6.5,29560,0
BAL,D,20200120,000000,6.3,6.4,6.2,6.4,4262,0
BAL,D,20200121,000000,6.4,6.4,6.4,6.4,2,0
BAL,D,20200122,000000,6.4,6.4,6,6.35,1669,0
BAL,D,20200123,000000,6.4,6.4,6,6.4,185,0
BAL,D,20200124,000000,6.4,6.5,6.1,6.45,1068,0
BAL,D,20200127,000000,6.5,6.7,6.3,6.7,5413,0
BAL,D,20200128,000000,6.7,6.7,6.7,6.7,2,0
BAL,D,20200129,000000,6.65,6.65,6.65,6.65,2,0
BAL,D,20200130,000000,6.65,6.7,6.4,6.7,2068,0
BAL,D,20200131,000000,6.7,6.7,6.45,6.7,1202,0
BAL,D,20200203,000000,6.7,6.7,6.55,6.65,1025,0
BAL,D,20200204,000000,6.7,6.7,6.3,6.7,216,0
BAL,D,20200205,000000,6.7,6.7,6.4,6.65,2004,0
BAL,D,20200206,000000,6.7,6.7,6.7,6.7,1,0
BAL,D,20200207,000000,6.5,6.5,6.5,6.5,3761,0
BAL,D,20200210,000000,6.45,6.6,6.45,6.6,2551,0
BAL,D,20200211,000000,6.6,6.6,6.4,6.6,1898,0
BAL,D,20200212,000000,6.6,6.6,6.4,6.6,901,0
BAL,D,20200213,000000,6.6,6.6,6.5,6.6,4,0
BAL,D,20200214,000000,6.6,6.6,6.6,6.6,2,0
BAL,D,20200217,000000,6.6,6.65,6.55,6.65,6795,0
BAL,D,20200218,000000,6.65,6.65,6.65,6.65,1,0
BAL,D,20200219,000000,6.65,6.65,6.5,6.65,7871,0
BAL,D,20200220,000000,6.65,6.65,6.55,6.65,1203,0
BAL,D,20200221,000000,6.65,6.65,6.5,6.6,503,0
BAL,D,20200224,000000,6.8,6.95,6.8,6.95,82332,0
BAL,D,20200225,000000,6.95,6.95,6.3,6.3,3254,0
BAL,D,20200226,000000,6.35,6.35,6.35,6.35,10,0
BAL,D,20200227,000000,6.7,6.7,6.7,6.7,293,0
BAL,D,20200228,000000,6.7,6.8,6.4,6.8,530,0
BAL,D,20200302,000000,6.8,6.9,6.8,6.9,201,0
BAL,D,20200303,000000,6.9,6.9,6.75,6.85,2404,0
BAL,D,20200304,000000,6.85,6.9,6.7,6.9,1203,0
BAL,D,20200305,000000,6.9,6.9,6.8,6.9,548,0
BAL,D,20200306,000000,6.9,6.9,6.75,6.9,140,0
BAL,D,20200309,000000,6.8,6.9,6.75,6.85,844,0
BAL,D,20200310,000000,6.2,6.8,6.2,6.8,6402,0
BAL,D,20200311,000000,6.85,6.85,6.7,6.75,1588,0
BAL,D,20200312,000000,6.75,6.75,6.75,6.75,1,0
BAL,D,20200313,000000,6.8,6.8,6.45,6.5,7518,0
BAL,D,20200316,000000,6.45,6.45,5.6,6.25,7132,0
BAL,D,20200317,000000,6,6.5,6,6.5,1153,0
BAL,D,20200318,000000,6.2,6.4,6.1,6.4,5387,0
BAL,D,20200319,000000,6.35,6.35,6,6.35,3033,0
BAL,D,20200320,000000,6.4,6.5,6.3,6.4,4511,0
BAL,D,20200323,000000,6.5,6.5,6.1,6.4,3865,0
BAL,D,20200324,000000,6.5,6.5,6.2,6.4,711,0
BAL,D,20200325,000000,6.4,6.4,6.2,6.4,551,0
BAL,D,20200326,000000,6.3,6.4,6.3,6.4,1718,0
BAL,D,20200327,000000,6.4,6.5,6.3,6.5,4338,0
BAL,D,20200330,000000,6.4,6.4,6.3,6.4,3446,0
BAL,D,20200331,000000,6.4,6.4,6.3,6.3,203,0
