<TICKER>,<PER>,<DATE>,<TIME>,<OPEN>,<HIGH>,<LOW>,<CLOSE>,<VOL>,<OPENINT>
BBT,D,20190514,000000,22.695,22.9,21.2,21.8,381096,0
BBT,D,20190515,000000,22.1,27.3,22.1,27.3,325168,0
BBT,D,20190516,000000,28.6,29.6,24.5,25,346281,0
BBT,D,20190517,000000,25,26.2,23.23,25.4,147613,0
BBT,D,20190520,000000,25.8,25.8,23.3,23.42,48946,0
BBT,D,20190521,000000,23.5,24.3,22.12,22.9,60635,0
BBT,D,20190522,000000,22.58,22.58,20.055,20.67,164006,0
BBT,D,20190523,000000,20.3,21.63,20.02,21.05,31716,0
BBT,D,20190524,000000,21.2,24.7,21.01,24.7,122717,0
BBT,D,20190527,000000,24.2,24.67,22.705,23.4,71706,0
BBT,D,20190528,000000,23.6,24.5,23.02,23.2,34810,0
BBT,D,20190529,000000,23.48,23.6,21.88,22.6,23061,0
BBT,D,20190530,000000,21.8,23.8,20.6,22.11,99337,0
BBT,D,20190531,000000,22.11,22.59,21.24,21.8,25397,0
BBT,D,20190603,000000,22,22.34,21.4,21.4,10764,0
BBT,D,20190604,000000,21.5,22.29,21.5,21.75,14051,0
BBT,D,20190605,000000,21.7,22.3,21.41,21.8,10342,0
BBT,D,20190606,000000,21.6,21.6,19.5,20.69,71180,0
BBT,D,20190607,000000,20.49,21,20.045,20.3,31019,0
BBT,D,20190610,000000,20.49,20.49,19.5,20,23303,0
BBT,D,20190611,000000,19.4,20,19.01,19.1,20716,0
BBT,D,20190612,000000,19.01,19.59,17.28,17.6,43950,0
BBT,D,20190613,000000,17.6,19,17.4,17.4,22154,0
BBT,D,20190614,000000,17.92,18.4,17.28,18.238,10654,0
BBT,D,20190617,000000,18.5,18.5,17.5,18.1,2768,0
BBT,D,20190618,000000,18.4,18.4,17.2,17.6,8101,0
BBT,D,20190619,000000,17.6,17.6,16.2,16.32,29762,0
BBT,D,20190621,000000,16.4,17.45,16.4,17.006,19784,0
BBT,D,20190624,000000,17,17,16.12,16.58,5940,0
BBT,D,20190625,000000,16.58,17.69,15.11,17.2,34757,0
BBT,D,20190626,000000,16.92,17.44,16.412,17.25,3881,0
BBT,D,20190627,000000,17.55,18.2,17.056,17.25,13642,0
BBT,D,20190628,000000,17.50,17.87,16.90,17.70,8705,0
BBT,D,20190701,000000,18.392,18.99,17.7,18.5,22291,0
BBT,D,20190702,000000,18.45,20.88,18.45,20.2,53786,0
BBT,D,20190703,000000,20.2,20.2,19.322,19.9,16329,0
BBT,D,20190704,000000,19.94,20,18.5,19,20787,0
BBT,D,20190705,000000,18.8,19,18.1,18.45,22144,0
BBT,D,20190708,000000,18.85,19,18.2,18.6,6075,0
BBT,D,20190709,000000,18.8,19.3,18.6,19,4909,0
BBT,D,20190710,000000,19.288,19.4,18.8,19.08,4384,0
BBT,D,20190711,000000,19.294,19.294,18.68,19.248,3009,0
BBT,D,20190712,000000,19.24,19.24,19,19,2142,0
BBT,D,20190715,000000,19.248,20.23,19.2,19.548,16257,0
BBT,D,20190716,000000,19.796,20.5,19.2,19.7,20662,0
BBT,D,20190717,000000,20.19,20.3,19.84,20.005,11558,0
BBT,D,20190718,000000,20.39,20.39,19.7,20.145,5010,0
BBT,D,20190719,000000,20,20.4,19.74,20.27,3891,0
BBT,D,20190722,000000,20.28,20.35,19.512,20,4576,0
BBT,D,20190723,000000,20.21,20.21,19.5,19.8,5605,0
BBT,D,20190724,000000,19.8,19.8,19.5,19.5,3460,0
BBT,D,20190725,000000,19.7,19.7,18.2,18.65,26176,0
BBT,D,20190726,000000,18.65,18.7,18.34,18.666,6890,0
BBT,D,20190729,000000,18.666,18.77,18.3,18.55,6098,0
BBT,D,20190730,000000,18.648,19,18.3,18.5,4900,0
BBT,D,20190731,000000,18.93,18.93,17.9,18.5,10780,0
BBT,D,20190801,000000,18.598,18.598,18.4,18.5,3510,0
BBT,D,20190802,000000,18.6,18.6,18.11,18.5,2030,0
BBT,D,20190805,000000,18.5,18.5,17.5,17.798,6033,0
BBT,D,20190806,000000,17.524,21,17.524,18.46,93099,0
BBT,D,20190807,000000,18.8,20.45,18.79,19.95,31086,0
BBT,D,20190808,000000,20.395,22.3,20.395,21.9,111742,0
BBT,D,20190809,000000,22.22,22.5,21.15,21.885,36372,0
BBT,D,20190812,000000,21.8,21.995,20.595,21.5,22339,0
BBT,D,20190813,000000,21,21.395,20.35,21,16714,0
BBT,D,20190814,000000,21.25,21.25,20,20.7,16042,0
BBT,D,20190816,000000,20.21,21.19,20.21,21.18,17547,0
BBT,D,20190819,000000,21.2,22.19,21.2,21.9,28137,0
BBT,D,20190820,000000,21.9,22.115,21.56,21.99,16214,0
BBT,D,20190821,000000,21.92,21.97,21.06,21.595,10233,0
BBT,D,20190822,000000,21.2,21.495,20.5,21.14,9556,0
BBT,D,20190823,000000,21.14,21.74,20.65,21.34,6585,0
BBT,D,20190826,000000,21.3,23.89,20.9,23.6,72720,0
BBT,D,20190827,000000,23.35,24.39,23,23.4,59639,0
BBT,D,20190828,000000,23.7,23.7,22.64,22.8,17542,0
BBT,D,20190829,000000,22.98,23.695,22.8,23.3,7156,0
BBT,D,20190830,000000,23.5,23.7,22.995,23.47,9288,0
BBT,D,20190902,000000,23.47,23.5,23,23.025,9785,0
BBT,D,20190903,000000,23.19,23.29,21.92,22.84,19649,0
BBT,D,20190904,000000,22.98,23.39,22.4,23.15,6505,0
BBT,D,20190905,000000,23.5,23.8,22.51,22.555,16924,0
BBT,D,20190906,000000,22.82,22.98,22.35,22.47,4077,0
BBT,D,20190909,000000,22.5,22.8,21.34,21.65,17250,0
BBT,D,20190910,000000,21.6,22.17,20.6,21.375,13854,0
BBT,D,20190911,000000,21,21.98,20.73,21.8,10214,0
BBT,D,20190912,000000,21.8,21.98,21.21,21.8,8030,0
BBT,D,20190913,000000,21.9,22.5,21.9,22.29,13114,0
BBT,D,20190916,000000,22.56,22.59,21.52,22,7888,0
BBT,D,20190917,000000,22,22.295,21.005,21.6,8049,0
BBT,D,20190918,000000,21.5,21.5,19.6,20.38,57783,0
BBT,D,20190919,000000,20.3,20.8,19.802,20.7,7024,0
BBT,D,20190920,000000,20.8,20.9,20.2,20.3,4817,0
BBT,D,20190923,000000,20.38,20.75,20.14,20.205,4296,0
BBT,D,20190924,000000,20,20.395,19.1,19.29,18341,0
BBT,D,20190925,000000,19.11,20.69,19.1,20.69,15882,0
BBT,D,20190926,000000,21,21.9,20.7,21.4,17977,0
BBT,D,20190927,000000,19.5,19.96,17.8,17.9,88257,0
BBT,D,20190930,000000,17.5,17.5,14.18,14.45,208984,0
BBT,D,20191001,000000,14.19,14.75,12.92,14.3,135132,0
BBT,D,20191002,000000,14.28,14.85,13.26,13.7,26349,0
BBT,D,20191003,000000,14,14.29,13.202,13.92,21675,0
BBT,D,20191004,000000,14.13,15.38,13.9,14.5,22198,0
BBT,D,20191007,000000,14.3,14.48,13.86,13.86,27153,0
BBT,D,20191008,000000,14.18,14.18,13.5,13.95,13645,0
BBT,D,20191009,000000,13.93,14,12.9,12.9,41230,0
BBT,D,20191010,000000,12.3,12.6,9.99,9.99,117711,0
BBT,D,20191011,000000,9.7,11.25,9.7,10.302,85092,0
BBT,D,20191014,000000,10.49,10.76,10.15,10.388,12126,0
BBT,D,20191015,000000,10.38,10.38,10,10.37,20725,0
BBT,D,20191016,000000,10.16,10.4,10.07,10.07,5770,0
BBT,D,20191017,000000,10.1,10.7,10.1,10.154,9330,0
BBT,D,20191018,000000,10.154,10.296,9.58,9.96,20855,0
BBT,D,20191021,000000,9.72,10.3,9.72,10.22,11868,0
BBT,D,20191022,000000,10.22,10.7,10.1,10.3,10627,0
BBT,D,20191023,000000,10.45,10.7,10.2,10.38,3368,0
BBT,D,20191024,000000,10.4,10.57,10.08,10.08,4477,0
BBT,D,20191025,000000,10,10.25,9.9,10,5064,0
BBT,D,20191028,000000,10,10.49,9,9.67,20474,0
BBT,D,20191029,000000,9.35,9.6,8.415,8.67,48120,0
BBT,D,20191030,000000,8.5,8.6,8.12,8.12,11459,0
BBT,D,20191031,000000,7.84,8.11,7.4,7.938,39902,0
BBT,D,20191104,000000,7.99,8.68,7.99,8.222,19690,0
BBT,D,20191105,000000,8.54,8.56,7.7,8.24,13665,0
BBT,D,20191106,000000,8.24,8.35,7.91,7.91,7532,0
BBT,D,20191107,000000,7.8,8.28,7.6,7.9,15375,0
BBT,D,20191108,000000,7.8,8,7.74,7.99,3576,0
BBT,D,20191112,000000,7.99,7.99,7.62,7.85,4992,0
BBT,D,20191113,000000,7.81,7.85,7.6,7.6,4670,0
BBT,D,20191114,000000,7.7,7.7,7.41,7.68,1688,0
BBT,D,20191115,000000,7.849,7.849,7.42,7.75,3477,0
BBT,D,20191118,000000,7.849,7.98,7.5,7.84,10405,0
BBT,D,20191119,000000,7.84,7.84,7.72,7.8,408,0
BBT,D,20191120,000000,7.78,7.78,7.52,7.75,1988,0
BBT,D,20191121,000000,7.58,7.92,7.58,7.88,5278,0
BBT,D,20191122,000000,7.89,7.89,7.5,7.6,4364,0
BBT,D,20191125,000000,7.58,8.249,7.56,7.98,8924,0
BBT,D,20191126,000000,7.7,8,7.7,7.999,1303,0
BBT,D,20191127,000000,7.8,7.8,7.6,7.8,6223,0
BBT,D,20191128,000000,7.4,7.44,6.06,6.24,127515,0
BBT,D,20191129,000000,6.418,6.418,6.3,6.3,15272,0
BBT,D,20191202,000000,6.3,6.3,6.02,6.199,17118,0
BBT,D,20191203,000000,6.12,6.12,5.8,5.802,19326,0
BBT,D,20191204,000000,5.76,5.8,5.22,5.65,18486,0
BBT,D,20191205,000000,5.9,7.42,5.9,7.42,126606,0
BBT,D,20191206,000000,7.2,7.92,6.68,7,95753,0
BBT,D,20191209,000000,7,7.36,6.8,6.962,20566,0
BBT,D,20191210,000000,6.962,7.01,6.5,6.851,6954,0
BBT,D,20191211,000000,6.9,6.97,6.33,6.677,17611,0
BBT,D,20191212,000000,6.6,6.82,6.16,6.62,16814,0
BBT,D,20191213,000000,6.63,6.84,6.2,6.39,19334,0
BBT,D,20191216,000000,6.49,6.49,6.05,6.2,11120,0
BBT,D,20191217,000000,6.2,6.33,5.85,5.99,20339,0
BBT,D,20191218,000000,5.82,6.17,5.71,5.86,23636,0
BBT,D,20191219,000000,5.9,6.44,5.9,6.11,28800,0
BBT,D,20191220,000000,6.18,6.18,5.9,5.989,23492,0
BBT,D,20191223,000000,6,6.097,5.7,6.05,53035,0
BBT,D,20191227,000000,6.09,6.5,5.82,6.348,20740,0
BBT,D,20191230,000000,6.3,6.66,6.2,6.41,22591,0
BBT,D,20200102,000000,6.73,6.95,6.5,6.8,22090,0
BBT,D,20200103,000000,6.9,7.59,6.9,7.39,44164,0
BBT,D,20200107,000000,7.4,7.82,7.4,7.8,26966,0
BBT,D,20200108,000000,8.39,10.3,8.39,10.3,227249,0
BBT,D,20200109,000000,11.4,13.79,11,12.66,309469,0
BBT,D,20200110,000000,13,13.1,10.7,11.98,152005,0
BBT,D,20200113,000000,12,12,10.602,10.852,101651,0
BBT,D,20200114,000000,10.9,11.2,10.19,11.1,70233,0
BBT,D,20200115,000000,11.15,11.15,10.5,10.512,25730,0
BBT,D,20200116,000000,10.512,10.88,10.41,10.74,21247,0
BBT,D,20200117,000000,10.74,10.74,9.72,10.16,29462,0
BBT,D,20200120,000000,10.16,10.4,9.9,10.25,14174,0
BBT,D,20200121,000000,10.4,10.4,10.01,10.2,4014,0
BBT,D,20200122,000000,10.39,12.39,10.2,12.2,152602,0
BBT,D,20200123,000000,12,12.58,11.05,11.2,63671,0
BBT,D,20200124,000000,11.5,11.7,11.1,11.2,23228,0
BBT,D,20200127,000000,11.388,11.388,10.5,10.85,30995,0
BBT,D,20200128,000000,10.8,11.15,10.65,11.08,14689,0
BBT,D,20200129,000000,11.08,11.278,11.016,11.15,14665,0
BBT,D,20200130,000000,11.188,11.95,10.7,10.7,42947,0
BBT,D,20200131,000000,10.71,11,10.6,10.8,10188,0
BBT,D,20200203,000000,11.1,12.1,10.8,11.612,30202,0
BBT,D,20200204,000000,15.44,16.5,13.896,16.4,285918,0
BBT,D,20200205,000000,16.1,19.48,15.81,16.2,394681,0
BBT,D,20200206,000000,16,17.18,15.92,16.66,114760,0
BBT,D,20200207,000000,17.1,17.18,16.43,16.8,27006,0
BBT,D,20200210,000000,16.8,17.29,16.402,16.88,40690,0
BBT,D,20200211,000000,17.1,17.23,16.02,16.58,38130,0
BBT,D,20200212,000000,16.95,17.36,16.5,16.85,47287,0
BBT,D,20200213,000000,16.99,17.2,16.5,16.8,5485,0
BBT,D,20200214,000000,16.8,17,16.51,17,21089,0
BBT,D,20200217,000000,17.2,17.2,16.55,16.94,17414,0
BBT,D,20200218,000000,16.94,17.078,16.82,16.98,6069,0
BBT,D,20200219,000000,16.98,17,16.24,16.49,26104,0
BBT,D,20200220,000000,16.74,16.928,16.6,16.656,12252,0
BBT,D,20200221,000000,16.89,16.89,16.4,16.85,15085,0
BBT,D,20200224,000000,16.93,16.93,15.4,16.7,84512,0
BBT,D,20200225,000000,16.5,16.7,15.102,15.51,48075,0
BBT,D,20200226,000000,15.25,15.99,13.726,15.898,61329,0
BBT,D,20200227,000000,15.88,15.88,14.61,15,30198,0
BBT,D,20200228,000000,13.8,15,13.22,14.4,81281,0
BBT,D,20200302,000000,14.7,17.24,14.7,17,118850,0
BBT,D,20200303,000000,17.5,17.6,16.7,17.2,71213,0
BBT,D,20200304,000000,17.3,18.48,15.6,18,179490,0
BBT,D,20200305,000000,20.7,20.975,17.34,17.7,260978,0
BBT,D,20200306,000000,16.85,17.5,15.7,17.17,107890,0
BBT,D,20200309,000000,14.8,15.79,13.52,14.71,138872,0
BBT,D,20200310,000000,15.5,16.3,14.01,14.5,61954,0
BBT,D,20200311,000000,15.29,15.29,12.55,12.9,43852,0
BBT,D,20200312,000000,12,12,9.868,9.95,46851,0
BBT,D,20200313,000000,10.96,12.05,9.864,10.54,100025,0
BBT,D,20200316,000000,10.02,13.3,10.02,13.2,59851,0
BBT,D,20200317,000000,14.2,16,14.2,15.946,155889,0
BBT,D,20200318,000000,15.99,16.7,14.4,15.5,82523,0
BBT,D,20200319,000000,15,16.5,15,15.95,38758,0
BBT,D,20200320,000000,16,17.22,16,16.45,89782,0
BBT,D,20200323,000000,16.5,17.54,15.55,16.76,93787,0
BBT,D,20200324,000000,17.6,19.29,17.45,19,111114,0
BBT,D,20200325,000000,19.9,20.48,17.5,18.14,207111,0
BBT,D,20200326,000000,18.09,18.7,17,17.9,54810,0
BBT,D,20200327,000000,18,19.5,17.622,19.19,82306,0
BBT,D,20200330,000000,19.19,20.3,18.4,20.2,38714,0
BBT,D,20200331,000000,20.6,20.9,19.99,20.2,59309,0
BBT,D,20200401,000000,19.8,21.6,19,21.6,94555,0
BBT,D,20200402,000000,21.7,24.9,21.65,24.5,151879,0
BBT,D,20200403,000000,22.2,22.9,19.98,20.8,373136,0
BBT,D,20200406,000000,21,21.55,19.3,20.3,170653,0
BBT,D,20200407,000000,20.35,21.2,19.5,19.56,81585,0
BBT,D,20200408,000000,19.6,20.15,18.22,19.3,51363,0
BBT,D,20200409,000000,19.8,20,19.12,19.12,38264,0
BBT,D,20200414,000000,19.6,19.7,17.7,19.18,60365,0
BBT,D,20200415,000000,19.3,19.5,18.4,18.5,35418,0
BBT,D,20200416,000000,18.6,20,18.5,19.5,55602,0
BBT,D,20200417,000000,20.05,20.95,19.5,19.62,42550,0
BBT,D,20200420,000000,19.7,20.8,19.7,20.2,31330,0
BBT,D,20200421,000000,20.75,20.8,17.82,18.6,104665,0
BBT,D,20200422,000000,18.5,18.98,18.38,18.4,55342,0
BBT,D,20200423,000000,18.64,19.5,17.8,18.48,84504,0
BBT,D,20200424,000000,17.58,19.9,17,19.8,103539,0
BBT,D,20200427,000000,20.3,22.95,19.86,22,152856,0
BBT,D,20200428,000000,21.9,22.5,20.7,21,50616,0
BBT,D,20200429,000000,20.5,20.95,19.34,20.8,51591,0
BBT,D,20200430,000000,20.95,20.95,19.4,19.82,71140,0
BBT,D,20200504,000000,19.86,20.5,19.6,20.45,32669,0
BBT,D,20200505,000000,20.85,21.6,20,20.4,37688,0
BBT,D,20200506,000000,20.3,20.8,19.6,20.5,17574,0
BBT,D,20200507,000000,21.2,21.5,20,20.6,53758,0
BBT,D,20200508,000000,20.95,20.95,19.86,20.35,19333,0
BBT,D,20200511,000000,20.75,20.95,19.62,20,24287,0
BBT,D,20200512,000000,20.2,20.35,19.86,20.35,20511,0
BBT,D,20200513,000000,20,20.65,19.86,20.25,22659,0
BBT,D,20200514,000000,20.25,20.25,18.8,19.32,41996,0
BBT,D,20200515,000000,19.32,20.2,19.2,19.56,8288,0
BBT,D,20200518,000000,19.06,20.3,19.06,20.2,18141,0
BBT,D,20200519,000000,20.45,20.9,20.15,20.85,34613,0
BBT,D,20200520,000000,20.9,21.6,20.6,21.35,38794,0
BBT,D,20200521,000000,21.5,21.8,21.15,21.2,14857,0
BBT,D,20200522,000000,21,21.45,20.6,21.15,11884,0
BBT,D,20200525,000000,21.05,22.25,20.8,22.25,40650,0
BBT,D,20200526,000000,22.3,24,22.3,23.65,81042,0
BBT,D,20200527,000000,24,24.4,21,21.5,77434,0
BBT,D,20200528,000000,21.95,22.65,21.5,22.25,24976,0
BBT,D,20200529,000000,24.1,24.9,22.65,23.2,189604,0
BBT,D,20200601,000000,23.7,23.9,22.45,23,53822,0
BBT,D,20200602,000000,23,23.05,22.5,23,17443,0
BBT,D,20200603,000000,23,23.1,22.5,23,24536,0
BBT,D,20200604,000000,22.6,22.9,21.65,22.15,86714,0
BBT,D,20200605,000000,22.1,22.1,21,21.3,87455,0
BBT,D,20200608,000000,21.5,21.55,20.3,21.4,39939,0
BBT,D,20200609,000000,21.2,22.2,20.7,22.2,33219,0
BBT,D,20200610,000000,22.4,22.4,21,21.4,31981,0
BBT,D,20200612,000000,20.4,21,20.05,20.65,32733,0
BBT,D,20200615,000000,20.2,20.5,20.05,20.2,12532,0
BBT,D,20200616,000000,20.5,21.2,20.3,20.9,16124,0
BBT,D,20200617,000000,21,21,20.5,20.8,11027,0
BBT,D,20200618,000000,20.9,20.9,20.2,20.4,17439,0
BBT,D,20200619,000000,20.25,20.8,19.5,20.8,30326,0
BBT,D,20200622,000000,20.8,21.5,20.45,20.9,25245,0
BBT,D,20200623,000000,21.05,22.8,20.65,22.3,88812,0
BBT,D,20200624,000000,22.3,22.3,21.8,21.8,16981,0
BBT,D,20200625,000000,21.75,21.8,20.9,21.5,11793,0
BBT,D,20200626,000000,21.95,22.3,21.5,21.95,8225,0
BBT,D,20200629,000000,21.95,22.25,21.95,22.05,13838,0
BBT,D,20200630,000000,22.2,22.2,21.05,21.2,13163,0
BBT,D,20200701,000000,21.05,21.85,21.05,21.75,10335,0
BBT,D,20200702,000000,21.9,22.2,21.4,21.9,12544,0
BBT,D,20200703,000000,22,23.3,21.65,22.75,65447,0
BBT,D,20200706,000000,23,23,21.6,21.8,62572,0
BBT,D,20200707,000000,21.8,22.6,21.35,21.45,28362,0
BBT,D,20200708,000000,21.95,23.3,21.1,22.95,122157,0
BBT,D,20200709,000000,23.5,24,21.5,22.5,70898,0
BBT,D,20200710,000000,23,23.05,22,22.3,23066,0
