<TICKER>,<PER>,<DATE>,<TIME>,<OPEN>,<HIGH>,<LOW>,<CLOSE>,<VOL>,<OPENINT>
BKM,D,20160429,000000,45.942,49.187,45.923,49.187,41414,0
BKM,D,20160502,000000,49.675,51.102,47.857,49.752,6710,0
BKM,D,20160504,000000,48.058,49.292,47.857,48.718,1635,0
BKM,D,20160505,000000,48.823,49.005,48.077,48.814,5725,0
BKM,D,20160506,000000,48.814,49.771,48.708,49.369,5630,0
BKM,D,20160509,000000,49.292,49.369,48.814,48.814,5549,0
BKM,D,20160510,000000,49.292,49.292,46.995,47.569,3417,0
BKM,D,20160511,000000,48.718,49.005,48.671,49.005,1488,0
BKM,D,20160512,000000,49.292,49.292,48.517,48.517,698,0
BKM,D,20160513,000000,48.814,49.962,48.814,49.962,2238,0
BKM,D,20160516,000000,49.962,49.962,48.919,49.962,373,0
BKM,D,20160517,000000,49.962,49.962,49.579,49.579,229,0
BKM,D,20160518,000000,49.771,49.771,49.579,49.579,224,0
BKM,D,20160519,000000,49.962,50.709,48.958,48.958,102,0
BKM,D,20160520,000000,49.569,49.569,47.904,48.958,78,0
BKM,D,20160523,000000,49.053,49.062,49.053,49.062,53,0
BKM,D,20160524,000000,49.062,49.062,49.062,49.062,45,0
BKM,D,20160525,000000,49.56,49.56,48.575,49.465,804,0
BKM,D,20160527,000000,49.465,49.465,49.465,49.465,31,0
BKM,D,20160530,000000,49.455,49.465,49.455,49.465,42,0
BKM,D,20160531,000000,49.436,49.465,49.187,49.196,3270,0
BKM,D,20160601,000000,49.282,49.282,47.378,48.335,378,0
BKM,D,20160602,000000,48.814,48.814,48.814,48.814,21,0
BKM,D,20160603,000000,48.804,48.804,46.957,48.335,2979,0
BKM,D,20160606,000000,48.814,48.814,47.857,47.857,104,0
BKM,D,20160607,000000,48.671,48.814,46.995,47.857,93,0
BKM,D,20160608,000000,48.814,48.814,47.024,47.866,295,0
BKM,D,20160609,000000,48.335,48.335,47.378,48.335,320,0
BKM,D,20160610,000000,48.804,48.804,47.043,48.795,1242,0
BKM,D,20160613,000000,48.718,50.432,48.718,50.432,2762,0
BKM,D,20160614,000000,49.675,50.249,48.096,49.771,8706,0
BKM,D,20160615,000000,49.388,49.388,48.144,48.431,2455,0
BKM,D,20160616,000000,48.814,48.814,48.804,48.804,15,0
BKM,D,20160617,000000,48.795,48.795,48.517,48.671,3140,0
BKM,D,20160620,000000,48.718,48.718,48.431,48.431,11,0
BKM,D,20160621,000000,48.718,48.718,48.335,48.335,434,0
BKM,D,20160622,000000,48.335,48.575,47.474,47.474,507,0
BKM,D,20160623,000000,47.857,48.526,47.474,48.421,1293,0
BKM,D,20160624,000000,47.492,48.421,45.32,48.325,1851,0
BKM,D,20160627,000000,48.325,48.325,47.857,47.857,562,0
BKM,D,20160628,000000,48.325,48.325,47.282,47.857,1433,0
BKM,D,20160629,000000,48.221,49.474,47.474,49.474,2193,0
BKM,D,20160630,000000,49.474,49.474,47.895,48.239,8513,0
BKM,D,20160701,000000,48.814,48.814,47.091,47.857,133,0
BKM,D,20160704,000000,47.828,48.383,47.828,47.857,161,0
BKM,D,20160705,000000,47.838,47.838,47.838,47.838,1,0
BKM,D,20160706,000000,47.838,47.838,47.838,47.838,31,0
BKM,D,20160707,000000,47.808,47.808,46.9,47.808,115,0
BKM,D,20160708,000000,47.808,47.808,46.134,46.134,2,0
BKM,D,20160711,000000,47.808,48.048,46.287,47.742,781,0
BKM,D,20160712,000000,47.712,47.712,47.712,47.712,5,0
BKM,D,20160713,000000,47.684,47.684,46.421,46.823,240,0
BKM,D,20160714,000000,46.411,46.421,45.464,46.421,461,0
BKM,D,20160715,000000,46.23,46.23,46.153,46.181,75,0
BKM,D,20160718,000000,46.88,47.378,46.517,47.378,60,0
BKM,D,20160719,000000,47.378,47.378,45.942,47.378,973,0
BKM,D,20160720,000000,47.474,47.474,47.474,47.474,5,0
BKM,D,20160721,000000,47.378,47.474,46.909,47.474,45,0
BKM,D,20160722,000000,47.474,47.474,47.474,47.474,3,0
BKM,D,20160725,000000,47.474,47.474,47.474,47.474,1,0
BKM,D,20160726,000000,47.474,47.712,46.517,47.704,2418,0
BKM,D,20160727,000000,47.712,47.712,46.047,47.712,2164,0
BKM,D,20160728,000000,47.712,47.712,46.9,47.704,8380,0
BKM,D,20160729,000000,47.712,47.712,46.527,47.712,5390,0
BKM,D,20160801,000000,47.704,47.712,46.239,47.712,1573,0
BKM,D,20160802,000000,47.712,47.712,47.712,47.712,1,0
BKM,D,20160803,000000,47.378,47.378,47.378,47.378,1,0
BKM,D,20160804,000000,47.378,47.378,47.378,47.378,1,0
BKM,D,20160805,000000,47.378,47.712,47.378,47.712,2091,0
BKM,D,20160808,000000,47.712,47.712,46.517,47.712,13,0
BKM,D,20160809,000000,47.712,47.712,47.712,47.712,5,0
BKM,D,20160810,000000,46.527,47.712,46.421,47.712,3696,0
BKM,D,20160811,000000,47.712,47.712,47.712,47.712,5,0
BKM,D,20160812,000000,47.712,47.712,46.9,47.712,1573,0
BKM,D,20160816,000000,47.712,47.712,46.9,47.588,1885,0
BKM,D,20160817,000000,47.712,47.712,46.612,46.9,976,0
BKM,D,20160818,000000,47.378,47.378,46.9,47.33,376,0
BKM,D,20160819,000000,46.9,47.359,46.9,46.9,439,0
BKM,D,20160822,000000,47.34,47.34,47.34,47.34,5,0
BKM,D,20160823,000000,47.34,47.34,47.34,47.34,2,0
BKM,D,20160824,000000,47.321,49.292,47.301,47.857,30969,0
BKM,D,20160825,000000,48.718,48.718,47.857,47.857,53583,0
BKM,D,20160826,000000,48.718,48.718,48.718,48.718,150,0
BKM,D,20160829,000000,48.804,48.804,47.378,47.857,1557,0
BKM,D,20160830,000000,47.857,48.526,47.857,48.526,20,0
BKM,D,20160831,000000,48.431,51.245,48.431,50.249,12293,0
BKM,D,20160901,000000,51.302,51.302,49.771,49.771,2602,0
BKM,D,20160902,000000,50.536,50.536,49.292,49.771,1217,0
BKM,D,20160905,000000,50.202,51.159,50.202,50.728,19757,0
BKM,D,20160906,000000,50.728,50.823,50.728,50.728,10772,0
BKM,D,20160907,000000,51.206,51.685,50.249,51.302,1777,0
BKM,D,20160908,000000,51.685,51.685,51.58,51.58,10,0
BKM,D,20160909,000000,51.589,51.589,50.728,51.187,164,0
BKM,D,20160912,000000,49.982,50.728,49.982,50.728,45,0
BKM,D,20160913,000000,50.728,52.642,50.728,52.642,22743,0
BKM,D,20160914,000000,52.642,52.786,52.576,52.576,190,0
BKM,D,20160915,000000,52.576,52.576,51.206,52.01,72,0
BKM,D,20160916,000000,52.01,52.01,51.254,51.876,30,0
BKM,D,20160919,000000,52.02,52.02,51.666,51.685,203,0
BKM,D,20160920,000000,51.685,51.685,51.206,51.206,512,0
BKM,D,20160921,000000,51.312,54.461,51.302,54.461,33447,0
BKM,D,20160922,000000,55.035,57.428,55.035,56.068,733,0
BKM,D,20160923,000000,56.461,56.461,54.078,55.418,170,0
BKM,D,20160926,000000,55.514,55.514,55.504,55.504,8,0
BKM,D,20160927,000000,55.514,55.514,55.504,55.504,27,0
BKM,D,20160928,000000,53.6,55.705,53.6,55.705,10430,0
BKM,D,20160929,000000,55.035,55.035,54.557,54.748,1206,0
BKM,D,20160930,000000,54.374,55.035,54.097,55.035,5315,0
BKM,D,20161003,000000,55.035,55.035,55.035,55.035,3,0
BKM,D,20161004,000000,54.087,54.547,53.217,53.753,2266,0
BKM,D,20161005,000000,55.035,55.035,53.504,53.6,342,0
BKM,D,20161006,000000,54.547,54.547,53.6,53.6,350,0
BKM,D,20161007,000000,53.6,53.6,50.202,53.6,3540,0
BKM,D,20161010,000000,54.557,55.514,52.737,55.514,1830,0
BKM,D,20161011,000000,55.418,55.418,54.557,55.131,596,0
BKM,D,20161012,000000,55.131,55.418,55.131,55.418,323,0
BKM,D,20161013,000000,55.418,55.514,53.6,55.322,246,0
BKM,D,20161014,000000,55.514,55.514,53.609,55.457,25,0
BKM,D,20161017,000000,55.465,55.465,54.557,55.408,111,0
BKM,D,20161018,000000,55.514,55.514,54.557,55.178,367,0
BKM,D,20161019,000000,55.227,55.227,53.618,55.227,241,0
BKM,D,20161020,000000,55.227,55.227,53.791,55.111,329,0
BKM,D,20161021,000000,55.514,55.514,54.557,55.398,65,0
BKM,D,20161024,000000,54.557,54.557,53.743,54.557,1002,0
BKM,D,20161025,000000,54.461,55.035,53.6,54.557,1352,0
BKM,D,20161026,000000,54.557,54.557,53.609,54.557,120,0
BKM,D,20161027,000000,55.025,55.025,54.557,54.557,291,0
BKM,D,20161028,000000,54.557,54.557,52.642,53.321,364,0
BKM,D,20161031,000000,54.374,54.557,51.302,54.557,6123,0
BKM,D,20161102,000000,55.035,55.035,52.737,54.557,310,0
BKM,D,20161103,000000,54.557,54.557,50.823,54.365,838,0
BKM,D,20161104,000000,54.365,54.365,51.972,52.173,1245,0
BKM,D,20161107,000000,53.753,53.753,52.642,52.642,70,0
BKM,D,20161108,000000,52.642,53.6,51.78,53.6,548,0
BKM,D,20161109,000000,54.078,54.078,54.03,54.03,214,0
BKM,D,20161110,000000,54.078,54.078,51.876,51.876,64,0
BKM,D,20161114,000000,53.217,53.246,51.924,52.499,1063,0
BKM,D,20161115,000000,52.757,53.6,50.345,51.063,19611,0
BKM,D,20161116,000000,51.743,51.743,49.388,49.771,2700,0
BKM,D,20161117,000000,49.771,49.771,48.144,49.015,395,0
BKM,D,20161118,000000,50.029,50.029,46.038,48.814,6748,0
BKM,D,20161121,000000,48.814,52.212,48.622,52.212,77414,0
BKM,D,20161122,000000,52.355,52.355,52.355,52.355,2,0
BKM,D,20161123,000000,50.249,51.206,50.249,51.206,744,0
BKM,D,20161124,000000,51.206,53.762,51.206,53.6,5421,0
BKM,D,20161125,000000,53.838,54.068,53.15,53.6,6813,0
BKM,D,20161128,000000,53.6,54.078,53.6,53.6,47026,0
BKM,D,20161129,000000,53.6,53.6,52.69,52.93,117442,0
BKM,D,20161130,000000,53.6,53.6,51.685,51.685,10388,0
BKM,D,20161201,000000,53.217,53.217,50.823,50.823,88,0
BKM,D,20161202,000000,52.642,52.642,50.823,50.929,329,0
BKM,D,20161205,000000,51.35,52.556,51.35,51.78,199,0
BKM,D,20161206,000000,52.556,52.642,52.556,52.642,117,0
BKM,D,20161207,000000,52.642,52.642,51.426,51.426,137,0
BKM,D,20161208,000000,52.546,52.546,50.728,52.546,544,0
BKM,D,20161209,000000,52.527,52.527,50.833,50.833,64,0
BKM,D,20161212,000000,51.685,51.685,50.872,50.881,771,0
BKM,D,20161213,000000,51.206,52.527,51.206,52.527,1005,0
BKM,D,20161214,000000,52.537,52.537,51.206,52.537,39,0
BKM,D,20161215,000000,52.537,52.537,52.537,52.537,2,0
BKM,D,20161216,000000,51.685,51.685,51.685,51.685,264,0
BKM,D,20161219,000000,50.986,50.986,50.872,50.872,313,0
BKM,D,20161220,000000,51.637,51.637,50.872,51.637,374,0
BKM,D,20161221,000000,51.637,51.637,51.637,51.637,1,0
BKM,D,20161222,000000,52.355,52.355,52.163,52.259,190,0
BKM,D,20161223,000000,52.509,52.509,52.509,52.509,608,0
BKM,D,20161227,000000,52.45,52.489,52.163,52.163,386,0
BKM,D,20161228,000000,52.489,52.489,51.015,51.015,1355,0
BKM,D,20161229,000000,51.637,51.637,48.096,51.302,4659,0
BKM,D,20161230,000000,51.972,53.408,50.756,50.756,4885,0
BKM,D,20170102,000000,52.93,52.93,51.685,52.93,1840,0
BKM,D,20170103,000000,53.504,57.141,53.504,55.811,1877,0
BKM,D,20170104,000000,58.05,58.05,56.471,57.428,22130,0
BKM,D,20170105,000000,57.428,57.428,57.236,57.38,665,0
BKM,D,20170109,000000,57.389,57.428,57.332,57.332,806,0
BKM,D,20170110,000000,57.284,57.284,55.514,56.949,837,0
BKM,D,20170111,000000,56.949,56.949,55.992,55.992,173,0
BKM,D,20170112,000000,56.949,57.284,55.992,56.471,271,0
BKM,D,20170113,000000,56.471,57.284,55.992,57.236,490,0
BKM,D,20170116,000000,57.38,57.38,56.949,57.38,256,0
BKM,D,20170117,000000,57.811,57.811,56.04,57.332,1249,0
BKM,D,20170118,000000,57.332,57.332,56.231,57.322,584,0
BKM,D,20170119,000000,57.753,57.753,56.567,57.236,250,0
BKM,D,20170120,000000,57.332,57.332,57.236,57.332,300,0
BKM,D,20170123,000000,57.332,57.332,56.949,57.332,343,0
BKM,D,20170124,000000,57.428,57.428,57.045,57.045,302,0
BKM,D,20170125,000000,56.481,57.045,55.992,56.949,2175,0
BKM,D,20170126,000000,56.002,56.471,55.083,55.131,1225,0
BKM,D,20170127,000000,55.992,55.992,55.227,55.227,3135,0
BKM,D,20170130,000000,55.227,56.27,53.618,56.27,4053,0
BKM,D,20170131,000000,56.375,56.375,56.375,56.375,5,0
BKM,D,20170201,000000,56.327,56.327,56.135,56.327,1019,0
BKM,D,20170202,000000,56.375,57.045,56.327,56.471,1804,0
BKM,D,20170203,000000,57.045,57.045,56.949,56.949,26411,0
BKM,D,20170206,000000,56.901,56.901,56.471,56.901,75,0
BKM,D,20170207,000000,56.882,56.882,54.27,55.982,564,0
BKM,D,20170208,000000,55.705,55.705,55.705,55.705,16,0
BKM,D,20170209,000000,54.652,55.705,54.221,55.705,699,0
BKM,D,20170210,000000,55.609,55.609,54.557,55.6,129,0
BKM,D,20170213,000000,55.6,55.6,54.288,55.514,244,0
BKM,D,20170214,000000,55.6,55.6,54.69,55.514,34,0
BKM,D,20170215,000000,55.6,55.6,54.748,55.514,25,0
BKM,D,20170216,000000,55.514,55.514,54.652,55.514,140,0
BKM,D,20170217,000000,55.514,55.514,52.786,52.786,1140,0
BKM,D,20170220,000000,53.6,54.987,52.93,54.528,7434,0
BKM,D,20170221,000000,54.624,54.624,52.958,54.107,499,0
BKM,D,20170222,000000,54.107,54.337,53.13,53.915,1060,0
BKM,D,20170223,000000,53.915,53.973,53.14,53.896,849,0
BKM,D,20170224,000000,53.867,53.867,52.996,53.791,2424,0
BKM,D,20170227,000000,54.164,54.164,53.121,53.121,3955,0
BKM,D,20170228,000000,53.618,53.618,53.034,53.034,290,0
BKM,D,20170301,000000,53.618,55.035,53.618,55.035,491,0
BKM,D,20170302,000000,55.255,55.494,53.609,55.494,575,0
BKM,D,20170303,000000,55.494,55.514,54.394,55.514,365,0
BKM,D,20170306,000000,55.035,55.724,55.035,55.035,3484,0
BKM,D,20170307,000000,55.724,55.724,53.13,54.078,319,0
BKM,D,20170308,000000,54.068,54.068,53.025,53.025,400,0
BKM,D,20170309,000000,54.068,54.068,53.121,53.121,104,0
BKM,D,20170310,000000,53.983,53.983,51.906,52.737,1054,0
BKM,D,20170313,000000,53.983,54.174,53.963,54.174,1074,0
BKM,D,20170314,000000,54.461,54.461,54.461,54.461,118,0
BKM,D,20170315,000000,53.6,54.557,53.121,54.461,158,0
BKM,D,20170316,000000,54.461,56.854,54.461,55.514,7850,0
BKM,D,20170317,000000,55.868,55.868,55.035,55.514,1545,0
BKM,D,20170320,000000,55.801,55.992,55.514,55.523,1621,0
BKM,D,20170321,000000,55.868,55.868,54.461,55.294,399,0
BKM,D,20170322,000000,55.236,55.236,54.48,55.236,81,0
BKM,D,20170323,000000,54.652,55.236,53.6,54.557,793,0
BKM,D,20170324,000000,54.078,55.236,54.078,55.236,326,0
BKM,D,20170327,000000,55.514,56.088,55.236,56.088,215,0
BKM,D,20170328,000000,56.567,56.567,55.514,56.375,609,0
BKM,D,20170329,000000,56.346,56.346,54.557,55.982,39,0
BKM,D,20170330,000000,56.27,56.471,56.155,56.471,1277,0
BKM,D,20170331,000000,56.471,56.949,56.451,56.71,846,0
BKM,D,20170403,000000,56.71,59.151,56.471,58.002,16235,0
BKM,D,20170404,000000,57.906,57.906,57.428,57.906,2069,0
BKM,D,20170405,000000,58.375,58.375,58.165,58.279,1468,0
BKM,D,20170406,000000,58.289,58.289,57.428,57.428,1482,0
BKM,D,20170407,000000,57.896,57.896,57.619,57.619,465,0
BKM,D,20170410,000000,57.619,57.878,57.428,57.428,230,0
BKM,D,20170411,000000,57.045,57.428,57.045,57.428,56,0
BKM,D,20170412,000000,57.428,57.428,57.045,57.045,117,0
BKM,D,20170413,000000,57.045,57.045,57.045,57.045,2,0
BKM,D,20170418,000000,56.471,57.045,56.471,56.471,295,0
BKM,D,20170419,000000,56.471,56.471,55.227,56.471,965,0
BKM,D,20170420,000000,56.422,56.471,55.514,55.514,2030,0
BKM,D,20170421,000000,56.471,57.428,56.088,56.088,1432,0
BKM,D,20170424,000000,55.897,56.567,55.868,56.567,1179,0
BKM,D,20170425,000000,56.567,56.567,55.897,56.567,157,0
BKM,D,20170426,000000,56.567,56.567,56.088,56.471,50,0
BKM,D,20170427,000000,56.471,56.567,54.7,56.471,2466,0
BKM,D,20170428,000000,56.567,56.567,55.514,56.471,88,0
BKM,D,20170502,000000,56.471,56.471,54.891,54.891,6,0
BKM,D,20170504,000000,55.131,56.231,54.557,54.557,2584,0
BKM,D,20170505,000000,55.418,56.567,55.418,56.567,2189,0
BKM,D,20170508,000000,56.567,57.236,56.279,57.131,10600,0
BKM,D,20170509,000000,57.131,57.428,56.021,57.428,6618,0
BKM,D,20170510,000000,57.906,57.906,57.428,57.428,347,0
BKM,D,20170511,000000,58.193,58.193,57.428,57.906,263,0
BKM,D,20170512,000000,58.146,58.146,55.609,58.146,21,0
BKM,D,20170515,000000,57.801,58.193,57.763,58.193,465,0
BKM,D,20170516,000000,58.27,58.27,57.428,58.261,1207,0
BKM,D,20170517,000000,58.261,58.261,57.428,57.715,823,0
BKM,D,20170518,000000,57.772,58.251,57.428,58.251,246,0
BKM,D,20170519,000000,58.251,58.251,57.619,57.619,1144,0
BKM,D,20170522,000000,57.58,58.014,57.58,58.014,404,0
BKM,D,20170523,000000,58.014,58.014,58.014,58.014,1,0
BKM,D,20170524,000000,59.099,59.099,58.211,58.211,20642,0
BKM,D,20170525,000000,58.162,58.211,57.718,58.113,2939,0
BKM,D,20170526,000000,59.001,59.001,57.57,58.211,4877,0
BKM,D,20170529,000000,58.211,59.099,57.58,59.099,624,0
BKM,D,20170530,000000,58.705,59.129,57.225,57.225,5546,0
BKM,D,20170531,000000,56.238,58.201,56.09,58.014,2731,0
BKM,D,20170601,000000,57.955,57.955,55.952,56.337,4140,0
BKM,D,20170602,000000,57.905,57.905,56.731,57.185,3441,0
BKM,D,20170605,000000,56.731,56.731,56.238,56.712,21247,0
BKM,D,20170606,000000,56.731,56.731,56.238,56.238,5743,0
BKM,D,20170607,000000,56.721,56.721,56.09,56.238,5684,0
BKM,D,20170608,000000,56.633,56.633,56.139,56.238,1755,0
BKM,D,20170609,000000,56.593,56.593,56.09,56.09,1019,0
BKM,D,20170612,000000,55.972,55.972,54.659,55.636,1222,0
BKM,D,20170613,000000,55.626,56.139,55.626,56.139,10,0
BKM,D,20170614,000000,56.139,56.139,55.745,55.745,5,0
BKM,D,20170616,000000,56.129,56.129,54.699,55.725,1242,0
BKM,D,20170619,000000,55.725,55.912,54.955,55.715,265,0
BKM,D,20170620,000000,55.705,55.705,54.797,55.626,164,0
BKM,D,20170621,000000,55.439,55.439,54.482,54.482,1257,0
BKM,D,20170622,000000,55.251,55.251,55.251,55.251,6,0
BKM,D,20170623,000000,55.251,55.251,53.278,53.377,6587,0
BKM,D,20170626,000000,54.738,55.192,53.278,55.192,1899,0
BKM,D,20170627,000000,55.182,55.182,53.485,55.153,517,0
BKM,D,20170628,000000,54.659,55.251,53.683,55.251,1609,0
BKM,D,20170629,000000,55.251,55.685,55.251,55.251,4210,0
BKM,D,20170630,000000,55.251,55.251,53.239,55.005,8229,0
BKM,D,20170703,000000,55.232,55.232,55.005,55.005,123,0
BKM,D,20170704,000000,55.212,55.251,54.758,54.758,752,0
BKM,D,20170705,000000,54.758,54.758,53.278,53.426,289,0
BKM,D,20170706,000000,54.758,54.758,53.426,54.758,188,0
BKM,D,20170707,000000,54.758,54.758,54.659,54.709,134,0
BKM,D,20170710,000000,54.709,54.709,54.659,54.659,489,0
BKM,D,20170711,000000,54.659,54.758,54.462,54.561,874,0
BKM,D,20170712,000000,54.462,54.462,53.771,54.265,983,0
BKM,D,20170713,000000,54.265,54.265,52.834,53.268,1232,0
BKM,D,20170714,000000,53.771,53.771,52.696,53.278,2265,0
BKM,D,20170717,000000,53.179,53.179,52.568,52.834,5933,0
BKM,D,20170718,000000,52.587,52.933,52.587,52.933,891,0
BKM,D,20170719,000000,52.883,54.265,52.785,54.265,5642,0
BKM,D,20170720,000000,54.6,55.745,53.485,55.745,458,0
BKM,D,20170721,000000,55.251,55.251,55.241,55.241,106,0
BKM,D,20170724,000000,55.202,55.202,55.202,55.202,30,0
BKM,D,20170725,000000,55.232,55.232,55.232,55.232,5,0
BKM,D,20170726,000000,54.265,54.265,53.633,53.633,2375,0
BKM,D,20170727,000000,54.265,54.265,53.525,54.166,4023,0
BKM,D,20170728,000000,54.265,54.265,54.265,54.265,1520,0
BKM,D,20170731,000000,54.265,54.265,54.265,54.265,4054,0
BKM,D,20170801,000000,54.936,55.143,53.673,54.255,1023,0
BKM,D,20170802,000000,53.771,54.255,53.771,53.771,3217,0
BKM,D,20170803,000000,53.002,54.876,53.002,54.067,359,0
BKM,D,20170804,000000,54.067,54.067,52.982,53.031,1676,0
BKM,D,20170807,000000,54.265,54.857,54.265,54.758,65,0
BKM,D,20170808,000000,53.278,54.561,52.933,52.933,69,0
BKM,D,20170809,000000,54.511,54.511,52.982,52.982,1000,0
BKM,D,20170810,000000,54.462,54.462,52.883,53.278,1109,0
BKM,D,20170811,000000,53.91,53.91,52.844,52.844,666,0
BKM,D,20170814,000000,52.844,53.91,52.844,53.91,2552,0
BKM,D,20170816,000000,53.91,53.91,52.933,52.933,50,0
BKM,D,20170817,000000,52.952,53.278,52.952,53.278,94,0
BKM,D,20170818,000000,54.196,54.196,54.196,54.196,21,0
BKM,D,20170821,000000,54.196,54.196,54.166,54.166,11,0
BKM,D,20170822,000000,54.156,54.156,54.156,54.156,1,0
BKM,D,20170823,000000,54.018,54.018,53.288,53.762,6210,0
BKM,D,20170824,000000,53.762,53.762,53.268,53.268,572,0
BKM,D,20170825,000000,53.278,53.377,52.992,53.278,142,0
BKM,D,20170828,000000,53.278,54.146,53.278,53.278,40,0
BKM,D,20170829,000000,53.377,54.235,53.179,54.235,4135,0
BKM,D,20170830,000000,54.235,54.245,53.771,54.058,5886,0
BKM,D,20170831,000000,54.245,54.245,53.771,53.771,5186,0
BKM,D,20170901,000000,55.261,56.238,55.261,55.735,20520,0
BKM,D,20170904,000000,55.794,55.794,54.817,54.817,484,0
BKM,D,20170905,000000,54.817,55.547,54.58,55.547,2657,0
BKM,D,20170906,000000,55.784,57.57,55.695,57.225,9045,0
BKM,D,20170907,000000,57.422,57.915,57.225,57.915,5181,0
BKM,D,20170908,000000,57.965,58.211,57.432,58.191,8829,0
BKM,D,20170911,000000,58.705,60.471,58.606,59.642,4433,0
BKM,D,20170912,000000,59.691,59.691,58.705,59.001,1192,0
BKM,D,20170913,000000,58.428,59.691,58.428,59.198,6237,0
BKM,D,20170914,000000,59.198,59.198,59.188,59.188,6,0
BKM,D,20170915,000000,59.168,60.184,58.211,59.691,1596,0
BKM,D,20170918,000000,60.184,60.184,60.184,60.184,168,0
BKM,D,20170919,000000,60.184,63.144,60.184,61.664,3758,0
BKM,D,20170920,000000,62.947,62.947,61.763,62.552,152,0
BKM,D,20170921,000000,62.543,62.937,62.138,62.138,2476,0
BKM,D,20170922,000000,62.138,62.651,59.366,62.543,1603,0
BKM,D,20170925,000000,62.483,62.483,61.664,62.158,1207,0
BKM,D,20170926,000000,62.158,62.158,61.664,62.158,802,0
BKM,D,20170927,000000,62.158,62.158,60.678,62.158,576,0
BKM,D,20170928,000000,62.473,62.473,60.678,62.158,789,0
BKM,D,20170929,000000,62.158,62.158,62.158,62.158,1503,0
BKM,D,20171002,000000,62.158,62.158,60.431,61.96,58,0
BKM,D,20171003,000000,61.96,61.96,60.431,61.122,330,0
BKM,D,20171004,000000,60.974,60.974,60.431,60.678,312,0
BKM,D,20171005,000000,60.431,60.678,58.458,58.754,3363,0
BKM,D,20171006,000000,58.458,60.678,58.231,58.231,699,0
BKM,D,20171009,000000,58.211,60.372,57.225,57.718,495,0
BKM,D,20171010,000000,59.198,59.198,59.198,59.198,5,0
BKM,D,20171011,000000,59.139,59.198,58.705,59.198,149,0
BKM,D,20171012,000000,59.198,60.382,59.198,60.184,135,0
BKM,D,20171013,000000,58.221,59.198,58.211,59.198,385,0
BKM,D,20171016,000000,59.198,59.198,58.211,58.211,2617,0
BKM,D,20171017,000000,58.211,58.211,57.817,58.211,138,0
BKM,D,20171018,000000,58.211,58.211,57.225,57.619,1971,0
BKM,D,20171019,000000,58.113,58.113,57.225,58.004,817,0
BKM,D,20171020,000000,58.113,58.113,57.234,57.905,624,0
BKM,D,20171023,000000,58.606,58.606,57.521,57.521,12,0
BKM,D,20171024,000000,58.527,58.527,56.258,56.376,2514,0
BKM,D,20171025,000000,58.191,58.191,56.238,57.225,2392,0
BKM,D,20171026,000000,58.152,58.152,58.113,58.113,128,0
BKM,D,20171027,000000,58.103,58.428,58.014,58.359,2302,0
BKM,D,20171030,000000,58.695,59.149,58.211,59.149,1318,0
BKM,D,20171031,000000,59.178,59.987,57.323,59.79,2190,0
BKM,D,20171102,000000,59.642,59.642,59.642,59.642,10,0
BKM,D,20171103,000000,59.494,59.494,58.211,59.494,148,0
BKM,D,20171106,000000,59.494,59.494,57.57,59.001,75,0
BKM,D,20171107,000000,57.619,58.211,57.619,58.211,57,0
BKM,D,20171108,000000,58.705,58.705,58.705,58.705,2,0
BKM,D,20171109,000000,59.178,59.178,57.619,58.261,511,0
BKM,D,20171110,000000,59.178,59.178,58.261,58.261,57,0
BKM,D,20171113,000000,58.211,58.211,57.718,57.718,10,0
BKM,D,20171114,000000,57.718,57.718,56.238,57.718,1804,0
BKM,D,20171115,000000,58.113,58.113,58.113,58.113,5,0
BKM,D,20171116,000000,57.718,58.211,56.731,58.211,16841,0
BKM,D,20171117,000000,58.211,58.211,57.225,58.211,5246,0
BKM,D,20171120,000000,58.211,58.399,58.063,58.063,26540,0
BKM,D,20171121,000000,58.063,58.211,57.817,58.211,5568,0
BKM,D,20171122,000000,58.211,60.579,58.211,59.198,6244,0
BKM,D,20171123,000000,60.175,60.175,59.198,60.145,5629,0
BKM,D,20171124,000000,59.346,60.165,59.346,59.987,1209,0
BKM,D,20171127,000000,59.987,60.471,59.987,60.471,3279,0
BKM,D,20171128,000000,60.53,60.579,60.036,60.431,420,0
BKM,D,20171129,000000,60.678,62.651,60.678,62.651,77428,0
BKM,D,20171130,000000,62.651,62.651,61.368,62.158,3155,0
BKM,D,20171201,000000,62.908,62.908,61.22,61.664,1002,0
BKM,D,20171204,000000,61.664,62.01,61.201,61.664,288,0
BKM,D,20171205,000000,61.664,61.674,61.566,61.664,127,0
BKM,D,20171206,000000,61.635,61.635,59.405,61.102,1672,0
BKM,D,20171207,000000,61.102,61.102,60.184,60.184,64955,0
BKM,D,20171208,000000,61.102,61.102,60.244,60.717,121,0
BKM,D,20171211,000000,60.717,61.566,60.283,61.566,1625,0
BKM,D,20171212,000000,61.418,61.418,60.244,61.201,204,0
BKM,D,20171213,000000,61.29,61.29,60.313,60.382,299,0
BKM,D,20171214,000000,60.382,61.142,60.382,60.964,22875,0
BKM,D,20171215,000000,61.142,63.352,57.738,63.144,121510,0
BKM,D,20171218,000000,63.144,66.795,63.095,66.104,6478,0
BKM,D,20171219,000000,66.302,66.598,65.927,66.104,6598,0
BKM,D,20171220,000000,65.907,66.104,65.729,65.907,2487,0
BKM,D,20171221,000000,65.907,65.907,65.216,65.897,7684,0
BKM,D,20171222,000000,65.907,66.104,64.279,66.104,3776,0
BKM,D,20171227,000000,66.647,67.703,66.598,67.703,985,0
BKM,D,20171228,000000,67.703,70.889,67.703,69.597,1387,0
BKM,D,20171229,000000,69.952,69.952,69.015,69.064,19651,0
BKM,D,20180103,000000,69.064,69.459,65.315,68.472,3904,0
BKM,D,20180104,000000,68.472,68.867,66.104,68.67,1782,0
BKM,D,20180105,000000,69.064,69.064,68.078,68.078,2209,0
BKM,D,20180108,000000,68.078,68.078,67.091,67.288,4056,0
BKM,D,20180109,000000,67.88,68.078,67.683,67.88,4658,0
BKM,D,20180110,000000,67.88,67.88,67.091,67.091,444,0
BKM,D,20180111,000000,67.88,67.88,66.696,67.091,4314,0
BKM,D,20180112,000000,68.078,68.078,67.091,67.091,76,0
BKM,D,20180115,000000,68.078,68.472,67.091,68.275,2599,0
BKM,D,20180116,000000,68.472,69.261,67.88,68.867,14625,0
BKM,D,20180117,000000,69.064,71.037,68.867,69.064,24091,0
BKM,D,20180118,000000,69.261,71.432,69.064,71.432,11270,0
BKM,D,20180119,000000,72.024,75.773,72.024,74.984,3125,0
BKM,D,20180122,000000,74.984,74.984,73.603,73.997,16201,0
BKM,D,20180123,000000,73.997,73.997,73.011,73.997,1051,0
BKM,D,20180124,000000,74.984,74.984,71.432,72.813,2173,0
BKM,D,20180125,000000,73.405,73.405,72.024,72.024,12677,0
BKM,D,20180126,000000,73.603,73.8,72.024,73.405,1845,0
BKM,D,20180129,000000,73.603,73.603,72.024,72.024,2181,0
BKM,D,20180130,000000,72.024,73.405,72.024,73.405,278,0
BKM,D,20180131,000000,73.603,73.603,72.616,73.208,31059,0
BKM,D,20180201,000000,73.208,73.208,71.629,72.024,2208,0
BKM,D,20180202,000000,72.024,73.8,72.024,73.011,7051,0
BKM,D,20180205,000000,72.221,72.221,70.051,71.037,5218,0
BKM,D,20180206,000000,68.867,70.051,67.288,70.051,10127,0
BKM,D,20180207,000000,71.037,71.037,69.064,70.051,2307,0
BKM,D,20180208,000000,69.064,71.037,69.064,70.248,1180,0
BKM,D,20180209,000000,67.288,69.459,67.288,69.459,869,0
BKM,D,20180212,000000,68.472,71.037,68.472,71.037,404,0
BKM,D,20180213,000000,71.037,71.037,70.248,71.037,1475,0
BKM,D,20180214,000000,71.037,72.024,71.037,72.024,3422,0
BKM,D,20180215,000000,72.813,73.208,72.024,72.024,2184,0
BKM,D,20180216,000000,72.813,73.208,72.616,72.813,1539,0
BKM,D,20180219,000000,73.603,73.8,72.024,72.419,810,0
BKM,D,20180220,000000,72.419,72.419,70.643,72.419,993,0
BKM,D,20180221,000000,72.024,72.419,72.024,72.024,564,0
BKM,D,20180222,000000,70.643,72.024,70.643,70.643,1747,0
BKM,D,20180223,000000,72.024,72.024,70.643,72.024,922,0
BKM,D,20180226,000000,70.643,72.616,70.643,72.616,612,0
BKM,D,20180227,000000,72.419,72.616,70.248,72.616,859,0
BKM,D,20180228,000000,72.024,72.419,71.629,72.024,3462,0
BKM,D,20180301,000000,72.419,72.419,70.643,72.024,5615,0
BKM,D,20180302,000000,72.024,72.024,68.078,71.827,9648,0
BKM,D,20180305,000000,71.629,71.827,69.459,71.827,3117,0
BKM,D,20180306,000000,71.827,72.024,70.248,70.84,2639,0
BKM,D,20180307,000000,71.037,71.827,70.051,71.827,768,0
BKM,D,20180308,000000,70.248,71.827,70.051,71.235,7397,0
BKM,D,20180309,000000,71.235,71.235,70.051,70.051,3057,0
BKM,D,20180312,000000,70.84,70.84,69.853,70.643,340,0
BKM,D,20180313,000000,71.037,71.037,69.853,70.84,97,0
BKM,D,20180314,000000,70.84,70.84,69.853,70.643,214,0
BKM,D,20180315,000000,71.037,71.037,71.037,71.037,7,0
BKM,D,20180316,000000,70.84,70.84,70.445,70.445,30,0
BKM,D,20180319,000000,70.445,70.445,69.656,69.853,424,0
BKM,D,20180320,000000,69.853,71.432,69.656,71.432,7625,0
BKM,D,20180321,000000,71.827,72.813,71.629,72.813,8748,0
BKM,D,20180322,000000,73.011,74.195,72.419,73.997,4602,0
BKM,D,20180323,000000,73.8,76.957,72.024,76.957,40131,0
BKM,D,20180326,000000,76.957,78.93,75.971,78.733,934,0
BKM,D,20180327,000000,77.944,78.536,77.155,77.155,733,0
BKM,D,20180328,000000,76.957,77.944,74.589,77.944,32313,0
BKM,D,20180329,000000,76.563,77.747,76.168,77.747,5536,0
BKM,D,20180403,000000,77.747,77.747,75.971,76.563,19353,0
BKM,D,20180404,000000,77.747,77.747,75.181,75.971,619,0
BKM,D,20180405,000000,75.576,76.957,75.576,75.971,1033,0
BKM,D,20180406,000000,75.971,75.971,74.984,75.971,417,0
BKM,D,20180409,000000,75.971,77.549,75.971,77.549,1665,0
BKM,D,20180410,000000,77.747,79.917,76.957,79.917,48666,0
BKM,D,20180411,000000,79.917,79.917,76.957,76.957,7711,0
BKM,D,20180412,000000,77.747,77.747,74.984,77.549,5605,0
BKM,D,20180413,000000,77.747,77.747,75.773,76.563,2424,0
BKM,D,20180416,000000,76.76,76.957,74.984,76.563,2169,0
BKM,D,20180417,000000,76.76,77.549,74.984,76.168,2175,0
BKM,D,20180418,000000,74.984,76.957,74.787,74.984,11615,0
BKM,D,20180419,000000,74.787,74.787,72.221,73.997,4718,0
BKM,D,20180420,000000,74.984,74.984,73.011,73.997,1896,0
BKM,D,20180423,000000,74.787,74.787,73.011,74.589,318,0
BKM,D,20180424,000000,74.787,74.787,73.011,74.589,102,0
BKM,D,20180425,000000,74.589,74.589,73.405,73.997,977,0
BKM,D,20180426,000000,74.589,74.589,72.024,73.8,815,0
BKM,D,20180427,000000,73.8,73.997,72.221,73.997,2870,0
BKM,D,20180430,000000,73.8,73.997,73.011,73.997,203,0
BKM,D,20180502,000000,73.997,74.984,73.997,74.984,544,0
BKM,D,20180504,000000,74.984,75.971,73.997,75.971,3730,0
BKM,D,20180507,000000,75.971,76.365,74.984,74.984,1934,0
BKM,D,20180508,000000,75.181,75.379,74.984,74.984,294,0
BKM,D,20180509,000000,74.392,74.984,72.616,74.984,375,0
BKM,D,20180510,000000,74.984,75.181,73.405,74.589,43383,0
BKM,D,20180511,000000,75.181,75.181,74.589,74.984,3011,0
BKM,D,20180514,000000,75.181,75.181,74.195,74.787,3011,0
BKM,D,20180515,000000,74.195,74.589,73.011,73.997,2509,0
BKM,D,20180516,000000,72.813,74.195,71.432,73.011,3020,0
BKM,D,20180517,000000,71.827,73.011,71.037,72.813,2449,0
BKM,D,20180518,000000,73.011,75.379,73.011,74.392,128516,0
BKM,D,20180521,000000,74.392,74.392,73.997,73.997,1518,0
BKM,D,20180522,000000,74.195,74.195,73.8,73.997,30160,0
BKM,D,20180523,000000,73.8,73.997,73.011,73.603,1150,0
BKM,D,20180524,000000,72.616,73.8,72.616,73.603,75482,0
BKM,D,20180525,000000,72.813,73.8,72.221,73.208,235,0
BKM,D,20180528,000000,73.208,73.208,72.024,73.011,157,0
BKM,D,20180529,000000,72.813,72.813,72.024,72.813,403,0
BKM,D,20180530,000000,72.419,73.011,70.248,72.616,3273,0
BKM,D,20180601,000000,73.011,73.011,69.459,70.051,11513,0
BKM,D,20180604,000000,70.051,72.616,70.051,71.827,2121,0
BKM,D,20180605,000000,72.024,72.024,71.235,72.024,219,0
BKM,D,20180606,000000,72.813,73.208,72.813,73.208,1587,0
BKM,D,20180607,000000,73.603,73.603,72.221,73.208,1776,0
BKM,D,20180608,000000,73.208,73.208,72.419,73.011,1405,0
BKM,D,20180611,000000,73.011,73.011,71.432,73.011,823,0
BKM,D,20180612,000000,73.011,73.011,71.037,72.616,462,0
BKM,D,20180613,000000,72.616,72.616,71.629,71.629,381,0
BKM,D,20180614,000000,72.813,72.813,70.445,72.024,818,0
BKM,D,20180615,000000,73.011,73.011,70.643,72.813,1605,0
BKM,D,20180618,000000,72.813,72.813,71.037,72.616,126,0
BKM,D,20180619,000000,72.616,72.616,71.037,72.024,3450,0
BKM,D,20180620,000000,72.616,72.616,70.445,71.037,9386,0
BKM,D,20180621,000000,71.827,71.827,70.643,70.84,4977,0
BKM,D,20180622,000000,71.827,71.827,68.472,68.867,29608,0
BKM,D,20180625,000000,69.853,69.853,64.328,65.118,18441,0
BKM,D,20180626,000000,64.92,71.037,64.92,71.037,47727,0
BKM,D,20180627,000000,70.445,71.827,70.445,71.037,32493,0
BKM,D,20180628,000000,71.235,73.997,71.235,73.997,20325,0
BKM,D,20180629,000000,73.997,73.997,73.011,73.8,2140,0
BKM,D,20180702,000000,73.8,73.8,73.603,73.8,65796,0
BKM,D,20180703,000000,73.8,73.8,73.8,73.8,237,0
BKM,D,20180704,000000,73.8,73.8,73.8,73.8,19,0
BKM,D,20180705,000000,73.603,73.603,70.643,70.643,721,0
BKM,D,20180706,000000,72.813,72.813,70.84,70.84,367,0
BKM,D,20180709,000000,70.84,73.011,69.064,69.064,6440,0
BKM,D,20180710,000000,69.064,70.84,69.064,69.064,16833,0
BKM,D,20180711,000000,69.064,70.051,69.064,69.459,641,0
BKM,D,20180712,000000,69.064,69.459,68.67,68.67,1381,0
BKM,D,20180713,000000,70.051,71.037,68.867,68.867,3659,0
BKM,D,20180716,000000,70.051,72.221,70.051,72.221,3115,0
BKM,D,20180717,000000,72.221,73.997,72.221,73.8,8623,0
BKM,D,20180718,000000,74.589,75.971,73.603,73.8,6568,0
BKM,D,20180719,000000,74.6,75.6,73.4,73.4,2097,0
BKM,D,20180720,000000,73.2,73.8,72.4,73.6,1159,0
BKM,D,20180723,000000,73.6,73.6,73,73.2,1268,0
BKM,D,20180724,000000,73.6,73.6,73.4,73.6,1064,0
BKM,D,20180725,000000,73.6,73.6,72.6,73.4,68,0
BKM,D,20180726,000000,73.2,73.6,72.8,73.4,720,0
BKM,D,20180727,000000,72.8,73,71.4,72,789,0
BKM,D,20180730,000000,72.6,73,70.2,72.8,1700,0
BKM,D,20180731,000000,73,74,70.6,74,13374,0
BKM,D,20180801,000000,74.4,74.4,71.4,73.6,4281,0
BKM,D,20180802,000000,73.6,73.6,73,73.6,169,0
BKM,D,20180803,000000,71.6,73.6,71.6,73.6,473,0
BKM,D,20180806,000000,72,74,72,74,530,0
BKM,D,20180807,000000,74,74,72.4,72.4,937,0
BKM,D,20180808,000000,72.8,73,71,73,1038,0
BKM,D,20180809,000000,73.2,73.6,71.4,72.8,741,0
BKM,D,20180810,000000,72.8,72.8,71.2,72.8,395,0
BKM,D,20180813,000000,72.6,72.6,71,71.2,957,0
BKM,D,20180814,000000,71.2,71.2,69.2,69.8,1410,0
BKM,D,20180816,000000,72.4,72.4,69.2,71,263,0
BKM,D,20180817,000000,71,72,71,71.4,429,0
BKM,D,20180820,000000,72,72,70.2,71,357,0
BKM,D,20180821,000000,72,72,71,72,142,0
BKM,D,20180822,000000,70.6,72,70.6,72,761,0
BKM,D,20180823,000000,72,72,72,72,97,0
BKM,D,20180824,000000,72,73.4,72,73.4,39522,0
BKM,D,20180827,000000,73.4,73.4,73,73,133,0
BKM,D,20180828,000000,70.6,70.6,64.4,65.6,39341,0
BKM,D,20180829,000000,65.6,66.2,64.6,65,23591,0
BKM,D,20180830,000000,66.6,68.8,64.4,65,40129,0
BKM,D,20180831,000000,65,66.8,60.6,61.4,10913,0
BKM,D,20180903,000000,64,64,60.6,62,5571,0
BKM,D,20180904,000000,61,61.6,51.6,56,90995,0
BKM,D,20180905,000000,53,59,50.4,55.8,52086,0
BKM,D,20180906,000000,55.6,58,55.6,57.2,4318,0
BKM,D,20180907,000000,57.2,59.6,57,59,4685,0
BKM,D,20180910,000000,60,63,59.4,61.4,21039,0
BKM,D,20180911,000000,62,64,60,62.8,2410,0
BKM,D,20180912,000000,63.2,63.2,61.6,61.6,30668,0
BKM,D,20180913,000000,62.8,63.4,61.2,62,1779,0
BKM,D,20180914,000000,63,63.8,62,62.2,1827,0
BKM,D,20180917,000000,62.4,63.4,62.4,63.4,613,0
BKM,D,20180918,000000,66,66,64,64.2,947,0
BKM,D,20180919,000000,65,65,63,63,1233,0
BKM,D,20180920,000000,63.2,63.8,63,63,1450,0
BKM,D,20180921,000000,63.8,65,62,64.6,37122,0
BKM,D,20180924,000000,62.2,63.8,62.2,63.8,70,0
BKM,D,20180925,000000,63,63,60.4,60.4,2896,0
BKM,D,20180926,000000,61.4,61.4,57,57.2,92329,0
BKM,D,20180927,000000,57.4,59.6,57.4,58,880,0
BKM,D,20180928,000000,58.4,60.6,57.8,57.8,7289,0
BKM,D,20181001,000000,59.4,59.4,57,59.4,2160,0
BKM,D,20181002,000000,59.4,60.6,59.2,60.6,441,0
BKM,D,20181003,000000,60,61,59.6,59.6,3234,0
BKM,D,20181004,000000,60.2,62,60.2,62,2553,0
BKM,D,20181005,000000,61.6,61.6,59.6,60,4231,0
BKM,D,20181008,000000,58.8,60,58,60,2237,0
BKM,D,20181009,000000,59,60.8,59,60,1818,0
BKM,D,20181010,000000,59.6,60,58.4,58.6,1462,0
BKM,D,20181011,000000,57.4,59.2,57,59.2,1703,0
BKM,D,20181012,000000,58.4,59.2,58.4,59.2,473,0
BKM,D,20181015,000000,59,59.2,59,59,269,0
BKM,D,20181016,000000,59,59.2,57.6,57.6,4054,0
BKM,D,20181017,000000,58,58,57.6,58,1676,0
BKM,D,20181018,000000,58,58.6,57.6,58,28805,0
BKM,D,20181019,000000,59,61.2,58.2,61.2,912,0
BKM,D,20181022,000000,61.2,61.2,59,60.6,316,0
BKM,D,20181023,000000,60,60,58.6,58.6,44,0
BKM,D,20181024,000000,59.2,59.2,58,58.4,3024,0
BKM,D,20181025,000000,58,58,53.4,56,17935,0
BKM,D,20181026,000000,54.4,54.8,53,54,25686,0
BKM,D,20181029,000000,54,55.4,54,54,3673,0
BKM,D,20181030,000000,54,55,53.6,53.6,505,0
BKM,D,20181031,000000,53.6,55,53,53,455,0
BKM,D,20181102,000000,53.8,54.2,53.4,54,1356,0
BKM,D,20181105,000000,54.6,54.6,53.6,53.8,3718,0
BKM,D,20181106,000000,54.6,54.6,53,54,968,0
BKM,D,20181107,000000,54.2,54.2,53.4,54,648,0
BKM,D,20181108,000000,54,56,53.6,54.6,36598,0
BKM,D,20181109,000000,55.8,56,55,56,1196,0
BKM,D,20181113,000000,56,56,56,56,1,0
BKM,D,20181114,000000,55.8,57.6,55.8,56.2,705,0
BKM,D,20181115,000000,57.6,57.6,55,56.6,527,0
BKM,D,20181116,000000,57.4,57.4,55,57,36834,0
BKM,D,20181119,000000,55.2,57,53.4,56.8,1871,0
BKM,D,20181120,000000,57.4,57.4,56,56.2,383,0
BKM,D,20181121,000000,56.2,56.6,55.4,56.6,793,0
BKM,D,20181122,000000,56.4,61,56.4,61,2251,0
BKM,D,20181123,000000,58.4,62.6,57.6,58.4,3220,0
BKM,D,20181126,000000,60.6,61,58,58.4,7841,0
BKM,D,20181127,000000,58.4,58.4,57,57.8,10807,0
BKM,D,20181128,000000,57.8,58.8,57.6,58.8,2505,0
BKM,D,20181129,000000,58.6,61,58.6,59.8,21123,0
BKM,D,20181130,000000,61,61,59.4,60.4,30219,0
BKM,D,20181203,000000,60,60.8,59.8,60,3885,0
BKM,D,20181204,000000,60,62,60,62,437,0
BKM,D,20181205,000000,61.2,61.2,59,59.6,6112,0
BKM,D,20181206,000000,60,60,59.2,59.8,926,0
BKM,D,20181207,000000,59.8,59.8,59.2,59.2,9492,0
BKM,D,20181210,000000,59.8,59.8,58.2,58.2,4310,0
BKM,D,20181211,000000,58.4,59.6,58.4,59.6,86,0
BKM,D,20181212,000000,59.6,59.6,57.8,58,2777,0
BKM,D,20181213,000000,58.6,59.4,57,57.2,5553,0
BKM,D,20181214,000000,57.6,57.8,57.2,57.8,6267,0
BKM,D,20181217,000000,58,58,56.6,56.6,1747,0
BKM,D,20181218,000000,58,58,56,57,35897,0
BKM,D,20181219,000000,57.4,57.4,56,56,1225,0
BKM,D,20181220,000000,56,56,54.4,54.6,9709,0
BKM,D,20181221,000000,56,56.8,54.8,56.8,4264,0
BKM,D,20181227,000000,55.6,56.2,55.6,55.8,227,0
BKM,D,20181228,000000,55.8,58,54.6,58,16882,0
BKM,D,20190102,000000,58,60.6,58,59.2,22838,0
BKM,D,20190103,000000,59.2,59.6,58.4,59.2,4793,0
BKM,D,20190104,000000,60,60,57.4,59.8,429,0
BKM,D,20190107,000000,60,60,58.2,59.6,182,0
BKM,D,20190108,000000,60,60,58.8,60,443,0
BKM,D,20190109,000000,59.8,60,59,59.8,5170,0
BKM,D,20190110,000000,59,59.6,58,58,629,0
BKM,D,20190111,000000,58.2,59.4,57,58,1186,0
BKM,D,20190114,000000,59.6,59.6,58,59.4,557,0
BKM,D,20190115,000000,59.2,59.2,57.6,57.8,227,0
BKM,D,20190116,000000,57.8,59,57.4,59,1774,0
BKM,D,20190117,000000,59,59.8,58,59.6,6406,0
BKM,D,20190118,000000,59.6,60,59.6,60,2683,0
BKM,D,20190121,000000,59.8,60,59.8,60,2693,0
BKM,D,20190122,000000,60,60,58.2,59,4021,0
BKM,D,20190123,000000,59,59,58.2,58.8,4258,0
BKM,D,20190124,000000,60,60,58,58,1006,0
BKM,D,20190125,000000,58.6,58.8,57,57,2091,0
BKM,D,20190128,000000,57.4,59,57.2,59,1366,0
BKM,D,20190129,000000,59,59.2,57.6,58,3988,0
BKM,D,20190130,000000,59.6,59.6,58,58,4155,0
BKM,D,20190131,000000,59.4,59.4,57.6,57.6,1934,0
BKM,D,20190201,000000,59,59,57.2,58,55372,0
BKM,D,20190204,000000,58.2,59.2,58.2,59,9522,0
BKM,D,20190205,000000,59.4,61.2,59.4,61,7648,0
BKM,D,20190206,000000,61,61.2,60.6,61,4267,0
BKM,D,20190207,000000,61,61,60.6,60.6,1879,0
BKM,D,20190208,000000,60.6,62,60.4,61,7916,0
BKM,D,20190211,000000,61.6,61.6,59.4,61,79516,0
BKM,D,20190212,000000,61.6,64.4,61.6,62.2,803,0
BKM,D,20190213,000000,63,64.2,61.4,64.2,2980,0
BKM,D,20190214,000000,64.2,64.4,63.6,63.6,1188,0
BKM,D,20190215,000000,63.6,64.6,62.4,63.6,237,0
BKM,D,20190218,000000,63.6,65.4,63.6,63.6,1006,0
BKM,D,20190219,000000,65.2,66,64.4,66,36125,0
BKM,D,20190220,000000,66,67,66,66.6,394,0
BKM,D,20190221,000000,66.2,68.6,65.4,68,2258,0
BKM,D,20190222,000000,68.8,69.4,68,69.2,4196,0
BKM,D,20190225,000000,69.2,69.6,68,68.8,9939,0
BKM,D,20190226,000000,68.4,68.4,68,68,30596,0
BKM,D,20190227,000000,68.8,68.8,67.2,68,501,0
BKM,D,20190228,000000,68.2,68.4,67.2,68,608,0
BKM,D,20190301,000000,68,68,65.2,67.4,313,0
BKM,D,20190304,000000,67.4,69,67.4,68.8,858,0
BKM,D,20190305,000000,68,69,68,68.8,3028,0
BKM,D,20190306,000000,69,69,68,68,53640,0
BKM,D,20190307,000000,68,68.6,68,68.6,480,0
BKM,D,20190308,000000,68.6,68.6,66.6,68.6,629,0
BKM,D,20190311,000000,68.6,69.8,68.6,69.8,9376,0
BKM,D,20190312,000000,70,72,70,71.4,2787,0
BKM,D,20190313,000000,71.6,71.8,71,71,2103,0
BKM,D,20190314,000000,71.2,71.4,70,70.6,354,0
BKM,D,20190315,000000,71,71.4,70,70.2,10151,0
BKM,D,20190318,000000,70.8,70.8,69.2,69.8,335,0
BKM,D,20190319,000000,69.6,69.6,67.4,68,726,0
BKM,D,20190320,000000,69,69,66,67.4,774,0
BKM,D,20190321,000000,68,68,63,65,6503,0
BKM,D,20190322,000000,67,67,65.8,67,452,0
BKM,D,20190325,000000,66.8,68,66,68,434,0
BKM,D,20190326,000000,68.8,68.8,67,68,151,0
BKM,D,20190327,000000,68,68,67.8,68,134,0
BKM,D,20190328,000000,67,67.8,67,67.8,1975,0
BKM,D,20190329,000000,67.8,67.8,66,67.6,416,0
BKM,D,20190401,000000,67.8,68,66.6,68,2249,0
BKM,D,20190402,000000,68,68,67.6,67.6,387,0
BKM,D,20190403,000000,68,68,67,67.6,2468,0
BKM,D,20190404,000000,67.8,67.8,67,67.8,23591,0
BKM,D,20190405,000000,67.8,67.8,66.4,67.8,35054,0
BKM,D,20190408,000000,67.8,67.8,66.8,66.8,3198,0
BKM,D,20190409,000000,67.8,67.8,64.2,66.4,2157,0
BKM,D,20190410,000000,66.6,66.6,65.6,66.4,820,0
BKM,D,20190411,000000,66.4,66.4,65.6,66.4,228,0
BKM,D,20190412,000000,66.2,66.4,65.8,66.4,258,0
BKM,D,20190415,000000,66.4,66.6,66.4,66.4,1629,0
BKM,D,20190416,000000,65.6,66.4,64.4,64.4,2395,0
BKM,D,20190417,000000,64.2,65,63,63,4869,0
BKM,D,20190418,000000,64.6,64.6,63.2,64,234,0
BKM,D,20190423,000000,64,64.2,64,64,700,0
BKM,D,20190424,000000,64.2,64.2,64,64,5498,0
BKM,D,20190425,000000,64.4,65.8,64.4,65.2,121,0
BKM,D,20190426,000000,65.4,65.8,64.4,65.6,16,0
BKM,D,20190429,000000,65.6,65.8,65.6,65.8,101,0
BKM,D,20190430,000000,64.4,65.8,64.4,65.8,1537,0
BKM,D,20190502,000000,64,66,62.2,65.8,3922,0
BKM,D,20190506,000000,65.8,65.8,64,65.8,2056,0
BKM,D,20190507,000000,65.8,65.8,64.2,65,56,0
BKM,D,20190508,000000,65,66,64,66,1054,0
BKM,D,20190509,000000,66.2,67.4,66,67.4,6223,0
BKM,D,20190510,000000,67.4,69.8,66,69.8,31323,0
BKM,D,20190513,000000,69.8,69.8,65.8,65.8,2035,0
BKM,D,20190514,000000,68,68,66.4,68,20830,0
BKM,D,20190515,000000,68,69,67.4,69,2925,0
BKM,D,20190516,000000,69,69,67.4,69,20149,0
BKM,D,20190517,000000,68.6,68.6,68,68.6,42,0
BKM,D,20190520,000000,68,68,68,68,839,0
BKM,D,20190521,000000,68.2,68.2,67.6,68,316,0
BKM,D,20190522,000000,68.2,68.2,68,68.2,23,0
BKM,D,20190523,000000,67,68,67,68,1016,0
BKM,D,20190524,000000,67,67.8,66,67.6,5193,0
BKM,D,20190527,000000,67.8,68,67.6,68,328,0
BKM,D,20190528,000000,68,68,67,67.8,1293,0
BKM,D,20190529,000000,68,68.2,67.2,67.8,8343,0
BKM,D,20190530,000000,68,68,67.6,68,85,0
BKM,D,20190531,000000,68,68,67.8,68,17,0
BKM,D,20190603,000000,68,68,67.2,67.2,68,0
BKM,D,20190604,000000,67.2,67.8,67.2,67.8,61,0
BKM,D,20190605,000000,68,68,68,68,1,0
BKM,D,20190606,000000,68,68,67.6,67.8,888,0
BKM,D,20190607,000000,67.8,67.8,67.4,67.8,4034,0
BKM,D,20190610,000000,67.6,67.8,67,67.4,1235,0
BKM,D,20190611,000000,67.4,67.4,67,67.4,17,0
BKM,D,20190612,000000,67,67.6,67,67.6,262,0
BKM,D,20190613,000000,67.8,67.8,67,67.8,158,0
BKM,D,20190614,000000,67.8,68,67.8,68,370,0
BKM,D,20190617,000000,67.6,67.6,67,67.6,203,0
BKM,D,20190618,000000,67.6,67.6,67,67.2,3170,0
BKM,D,20190619,000000,67,67,64.6,65,2674,0
BKM,D,20190621,000000,65,65,65,65,572,0
BKM,D,20190624,000000,65,66,64.8,66,385,0
BKM,D,20190625,000000,66,66,64.8,66,685,0
BKM,D,20190626,000000,66,66,64.8,65,658,0
BKM,D,20190627,000000,65.8,65.8,64.6,65.8,237,0
BKM,D,20190628,000000,65.80,66.00,65.00,66.00,3529,0
BKM,D,20190701,000000,66.4,66.4,64.4,65,741,0
BKM,D,20190702,000000,65.8,65.8,64,64.8,118,0
BKM,D,20190703,000000,64.8,64.8,63.4,64.8,923,0
BKM,D,20190704,000000,64.8,64.8,60,62.8,2312,0
BKM,D,20190705,000000,60.4,64,60.4,63,859,0
BKM,D,20190708,000000,63,63,61,63,314,0
BKM,D,20190709,000000,61.2,63,61.2,62.8,262,0
BKM,D,20190710,000000,63,63,61.2,61.6,221,0
BKM,D,20190711,000000,63,63,62,63,63,0
BKM,D,20190712,000000,63,63,61.2,61.2,220,0
BKM,D,20190715,000000,62.8,62.8,62,62,24,0
BKM,D,20190716,000000,62.8,62.8,62.8,62.8,2,0
BKM,D,20190717,000000,61.2,62,60.4,60.4,1109,0
BKM,D,20190718,000000,60.4,61,60.4,60.4,1738,0
BKM,D,20190719,000000,61,63,61,62.2,438,0
BKM,D,20190722,000000,62.2,62.4,61.6,61.6,88,0
BKM,D,20190723,000000,62.4,63,62.4,63,821,0
BKM,D,20190724,000000,62.6,62.6,61.6,62.4,257,0
BKM,D,20190725,000000,61.6,61.6,61.6,61.6,527,0
BKM,D,20190726,000000,62.4,62.4,61.8,62.2,100,0
BKM,D,20190729,000000,62.4,62.6,61.8,62.6,50,0
BKM,D,20190730,000000,62.6,62.6,62,62.2,1253,0
BKM,D,20190731,000000,62.6,62.6,61.8,62.2,547,0
BKM,D,20190801,000000,62.2,62.6,61.6,62.6,271,0
BKM,D,20190802,000000,62.6,62.6,61,62.4,2621,0
BKM,D,20190805,000000,62.4,62.4,61,62,1251,0
BKM,D,20190806,000000,62,62,61.4,62,527,0
BKM,D,20190807,000000,61,62.4,60.4,62.4,844,0
BKM,D,20190808,000000,62.4,62.4,62,62,2554,0
BKM,D,20190809,000000,62.4,62.4,62,62,6,0
BKM,D,20190812,000000,62.2,62.2,62,62,527,0
BKM,D,20190813,000000,62,62.2,61.4,62,1534,0
BKM,D,20190814,000000,62,62,61.2,62,31,0
BKM,D,20190816,000000,59,60,57.2,59.8,5489,0
BKM,D,20190819,000000,60,60,57.8,59.6,475,0
BKM,D,20190820,000000,59,59.4,57.8,58,252,0
BKM,D,20190821,000000,59.6,59.6,58,59.4,62,0
BKM,D,20190822,000000,59.6,59.6,58,59.6,44,0
BKM,D,20190823,000000,58,59.6,57.8,59,146,0
BKM,D,20190826,000000,57.8,59,57.8,59,31,0
BKM,D,20190827,000000,57.8,59,56,57,4565,0
BKM,D,20190828,000000,57.6,58.6,56.4,57,3134,0
BKM,D,20190829,000000,57,57.6,56.2,57.6,4137,0
BKM,D,20190830,000000,58,58,57,57.2,275,0
BKM,D,20190902,000000,58,58.2,58,58,10181,0
BKM,D,20190903,000000,56.6,57.6,56.6,57.6,154000,0
BKM,D,20190904,000000,57.8,58.6,54.6,58.6,150489,0
BKM,D,20190905,000000,58,62.8,58,61,16415,0
BKM,D,20190906,000000,61.8,61.8,61,61.6,6882,0
BKM,D,20190909,000000,61.6,61.6,61,61.4,5536,0
BKM,D,20190910,000000,61.2,61.8,61,61.6,6213,0
BKM,D,20190911,000000,61.2,62.2,61.2,62.2,12607,0
BKM,D,20190912,000000,62.6,62.6,61.6,62,8609,0
BKM,D,20190913,000000,62.4,62.4,62,62.2,456,0
BKM,D,20190916,000000,61.6,62,61.6,62,878,0
BKM,D,20190917,000000,61.6,62,61.6,62,2141,0
BKM,D,20190918,000000,62.2,64,62,62,10293,0
BKM,D,20190919,000000,63.2,63.2,62.2,62.4,2072,0
BKM,D,20190920,000000,62,63,62,62.2,8228,0
BKM,D,20190923,000000,62.2,62.4,62.2,62.2,3063,0
BKM,D,20190924,000000,62.2,62.2,62,62.2,2178,0
BKM,D,20190925,000000,62.2,62.2,61.6,61.8,212,0
BKM,D,20190926,000000,62,62,62,62,22,0
BKM,D,20190927,000000,62,62,61.6,62,1035,0
BKM,D,20190930,000000,62,62,62,62,1,0
BKM,D,20191001,000000,62,62.8,60.6,62,190,0
BKM,D,20191002,000000,61,62,61,61.4,265,0
BKM,D,20191003,000000,62,62.4,61,61.4,780,0
BKM,D,20191004,000000,62,62,61.4,61.4,583,0
BKM,D,20191007,000000,62.8,62.8,61.2,61.2,1136,0
BKM,D,20191008,000000,62.8,62.8,61.4,61.4,261,0
BKM,D,20191009,000000,62.2,62.2,61.4,61.4,2025,0
BKM,D,20191010,000000,62.2,62.2,61.4,62,50655,0
BKM,D,20191011,000000,62.2,62.2,61.8,62,9915,0
BKM,D,20191014,000000,62,62,62,62,1090,0
BKM,D,20191015,000000,62.8,62.8,61.8,62.2,18010,0
BKM,D,20191016,000000,62.2,62.2,62,62,352,0
BKM,D,20191017,000000,62.2,62.2,62,62,12281,0
BKM,D,20191018,000000,62.8,62.8,62,62,1272,0
BKM,D,20191021,000000,62,62.2,62,62,57463,0
BKM,D,20191022,000000,62.8,62.8,62,62.2,4236,0
BKM,D,20191023,000000,62.8,62.8,62,62.4,5751,0
BKM,D,20191024,000000,62.8,62.8,61.6,61.6,48530,0
BKM,D,20191025,000000,63,63,61.4,63,157,0
BKM,D,20191028,000000,61.6,64,61.6,64,144,0
BKM,D,20191029,000000,63.8,63.8,63,63,3,0
BKM,D,20191030,000000,63,63,61.4,62,87,0
BKM,D,20191031,000000,62.6,63,62,62,551,0
BKM,D,20191104,000000,63,63,61.6,63,50,0
BKM,D,20191105,000000,61.6,63,61.6,63,51,0
BKM,D,20191106,000000,63,63,62.6,63,139,0
BKM,D,20191107,000000,63.2,63.2,61.6,62.6,82,0
BKM,D,20191108,000000,62.6,62.6,61.6,62,2351,0
BKM,D,20191112,000000,62.8,63.2,62,62,934,0
BKM,D,20191113,000000,62,62.2,62,62,620,0
BKM,D,20191114,000000,63.2,63.2,62,62,520,0
BKM,D,20191115,000000,63,63,62,62.2,518,0
BKM,D,20191118,000000,62,62.4,62,62.2,2945,0
BKM,D,20191119,000000,63.2,63.2,62,62.2,771,0
BKM,D,20191120,000000,62,62.6,62,62,1536,0
BKM,D,20191121,000000,62.4,62.4,62,62.2,801,0
BKM,D,20191122,000000,62.4,62.4,62,62.2,2543,0
BKM,D,20191125,000000,62.4,62.6,62.2,62.4,1196,0
BKM,D,20191126,000000,62.4,62.6,62.4,62.4,1129,0
BKM,D,20191127,000000,62.4,62.6,62.4,62.6,1212,0
BKM,D,20191128,000000,62.8,64.2,62.8,63.8,7572,0
BKM,D,20191129,000000,63.8,65.6,63.8,65,6415,0
BKM,D,20191202,000000,64.8,64.8,64,64,687,0
BKM,D,20191203,000000,64,64,63.8,63.8,1625,0
BKM,D,20191204,000000,63.8,63.8,63,63,191,0
BKM,D,20191205,000000,63.2,63.2,62.8,62.8,1170,0
BKM,D,20191206,000000,63,63,62.4,62.4,3702,0
BKM,D,20191209,000000,62.4,63.2,62.4,62.4,1032,0
BKM,D,20191210,000000,62.4,62.4,62.4,62.4,386,0
BKM,D,20191211,000000,62.4,62.4,62.4,62.4,689,0
BKM,D,20191212,000000,62.6,62.6,62.4,62.4,530,0
BKM,D,20191213,000000,62.4,62.6,62.4,62.4,1261,0
BKM,D,20191216,000000,62.6,63.6,62,62.4,5528,0
BKM,D,20191217,000000,62.4,63.2,62.4,62.6,2572,0
BKM,D,20191218,000000,62.4,63.2,61.4,62,44867,0
BKM,D,20191219,000000,62,62.2,61.4,62,630,0
BKM,D,20191220,000000,62.2,62.6,62,62.2,5799,0
BKM,D,20191223,000000,62.2,62.6,62.2,62.6,566,0
BKM,D,20191227,000000,63,63,62.6,62.6,498,0
BKM,D,20191230,000000,63,63,62.6,62.6,1467,0
BKM,D,20200102,000000,62,63,62,63,453,0
BKM,D,20200103,000000,63.8,63.8,62,63.6,1548,0
BKM,D,20200107,000000,63.6,63.6,63.6,63.6,45,0
BKM,D,20200108,000000,63,63.4,62.2,63.4,122,0
BKM,D,20200109,000000,63.2,63.4,63,63.4,97,0
BKM,D,20200110,000000,63.4,63.4,63.4,63.4,1,0
BKM,D,20200113,000000,63.4,63.6,62.2,63.4,352,0
BKM,D,20200114,000000,63,63.2,62.4,63.2,875,0
BKM,D,20200115,000000,63.4,63.4,63,63,98,0
BKM,D,20200116,000000,63.4,63.4,62,63,1786,0
BKM,D,20200117,000000,62.6,63.2,62.2,63,1336,0
BKM,D,20200120,000000,63.4,63.4,63.2,63.2,737,0
BKM,D,20200121,000000,63.4,63.4,63,63.4,1374,0
BKM,D,20200122,000000,63.6,63.6,63,63,155,0
BKM,D,20200123,000000,63.4,63.4,62,63.2,3058,0
BKM,D,20200124,000000,63.2,63.2,63,63,104,0
BKM,D,20200127,000000,63,63,59,63,659,0
BKM,D,20200128,000000,62.4,62.4,61.2,62,520,0
BKM,D,20200129,000000,63,63,62,63,523,0
BKM,D,20200130,000000,63.2,63.4,62.2,63,456,0
BKM,D,20200131,000000,62.8,64,62.8,64,1126,0
BKM,D,20200203,000000,63.6,63.6,63,63.6,161,0
BKM,D,20200204,000000,63.8,66,63.8,64.2,862,0
BKM,D,20200205,000000,65,65.6,63.6,65.2,358,0
BKM,D,20200206,000000,65,66.4,65,66.4,3913,0
BKM,D,20200207,000000,66.2,66.4,66.2,66.2,2126,0
BKM,D,20200210,000000,66.4,66.4,64.4,66.2,251,0
BKM,D,20200211,000000,66,66,66,66,1,0
BKM,D,20200212,000000,66,66,66,66,55,0
BKM,D,20200213,000000,66.4,66.6,64.6,66.6,11895,0
BKM,D,20200214,000000,66.8,67.6,66.6,67.2,888,0
BKM,D,20200217,000000,67.4,67.4,67,67.4,487,0
BKM,D,20200218,000000,67.2,67.4,66,67.4,84,0
BKM,D,20200219,000000,67,67,66.4,66.4,11,0
BKM,D,20200220,000000,66.6,66.6,65.8,65.8,335,0
BKM,D,20200221,000000,67.4,67.4,65.6,65.6,911,0
BKM,D,20200224,000000,66.4,66.4,64.4,65,349,0
BKM,D,20200225,000000,64.4,66.4,64.2,66.4,3600,0
BKM,D,20200226,000000,65,66.2,65,66.2,93,0
BKM,D,20200227,000000,66,66,63.8,63.8,198,0
BKM,D,20200228,000000,60.4,65.8,58.6,65.8,15858,0
BKM,D,20200302,000000,61.2,65.8,61.2,65,453,0
BKM,D,20200303,000000,65.6,65.6,63,65.6,792,0
BKM,D,20200304,000000,65.6,65.6,65,65,836,0
BKM,D,20200305,000000,65,65,62,64,1517,0
BKM,D,20200306,000000,65.2,65.2,62,62,700,0
BKM,D,20200309,000000,55.2,59,55.2,59,1954,0
BKM,D,20200310,000000,58,58,57,57.8,1041,0
BKM,D,20200311,000000,58,58,52.2,53,5299,0
BKM,D,20200312,000000,53,53.2,53,53.2,3667,0
BKM,D,20200313,000000,54.2,57.2,53.4,55,230,0
BKM,D,20200316,000000,55,56.8,53,56.8,1156,0
BKM,D,20200317,000000,55.6,56.6,54,56.6,242,0
BKM,D,20200318,000000,55,57.6,54.8,57.6,74,0
BKM,D,20200319,000000,56.8,57,55.8,57,515,0
BKM,D,20200320,000000,59.4,59.4,56.2,57,237,0
BKM,D,20200323,000000,56.8,56.8,56.8,56.8,2,0
BKM,D,20200324,000000,57.6,59.8,56.2,59.8,350,0
BKM,D,20200325,000000,59.8,59.8,56.4,58,8,0
BKM,D,20200326,000000,57.4,57.4,57,57,268,0
BKM,D,20200327,000000,57.4,57.4,56.8,56.8,175,0
BKM,D,20200330,000000,57.4,59,57,58.8,58,0
BKM,D,20200331,000000,58.8,59,58,59,73,0
BKM,D,20200401,000000,58,59,58,59,214,0
BKM,D,20200402,000000,59,59,57.8,58.8,66,0
BKM,D,20200403,000000,58.8,59.2,58.8,59.2,705,0
BKM,D,20200406,000000,59.4,60.6,58.2,60.6,2777,0
BKM,D,20200407,000000,60.6,61.8,58.4,59.8,1172,0
BKM,D,20200408,000000,59.8,60,58,60,1304,0
BKM,D,20200409,000000,61,61,60,61,362,0
BKM,D,20200414,000000,62.8,62.8,58.8,60.4,2303,0
BKM,D,20200415,000000,60.4,61,58.6,60.2,774,0
BKM,D,20200416,000000,60.6,60.6,56.8,57.2,1219,0
BKM,D,20200417,000000,57.2,58.8,57.2,58.8,79,0
BKM,D,20200420,000000,60.6,60.6,58.8,58.8,451,0
BKM,D,20200421,000000,59.6,59.6,58,58,276,0
BKM,D,20200422,000000,58.2,58.4,58.2,58.4,331,0
BKM,D,20200423,000000,58.4,58.4,56.6,56.6,22,0
BKM,D,20200424,000000,58.4,58.4,57,58.4,13160,0
BKM,D,20200427,000000,60.2,61,59.6,61,662,0
BKM,D,20200428,000000,61,61,60.6,61,1740,0
BKM,D,20200429,000000,61,61,61,61,26,0
BKM,D,20200430,000000,61,61,60,61,230,0
BKM,D,20200504,000000,60.8,60.8,59.6,60.6,72,0
BKM,D,20200505,000000,59.6,60.6,59.6,60.6,486,0
BKM,D,20200506,000000,60.8,60.8,60.8,60.8,1,0
BKM,D,20200507,000000,60.8,61,58,58,442,0
BKM,D,20200508,000000,61,61,59,59.8,64,0
BKM,D,20200511,000000,61,61,60,60.8,3342,0
BKM,D,20200512,000000,61,61,60.8,61,1206,0
BKM,D,20200513,000000,61,64.8,61,64.8,3907,0
BKM,D,20200514,000000,64.8,64.8,64.4,64.6,1135,0
BKM,D,20200515,000000,64,65.4,64,64.8,1665,0
BKM,D,20200518,000000,65.2,65.4,64.8,64.8,1082,0
BKM,D,20200519,000000,64.8,71.2,64.8,68,1025,0
BKM,D,20200520,000000,68,68,65.8,66,543,0
BKM,D,20200521,000000,65.8,66,65.8,66,60,0
BKM,D,20200522,000000,65.8,65.8,65.8,65.8,500,0
BKM,D,20200525,000000,65.8,66,65.8,65.8,1530,0
BKM,D,20200526,000000,66,71,66,70,5993,0
BKM,D,20200527,000000,70,70.4,70,70,1923,0
BKM,D,20200528,000000,70.6,71.2,70.2,70.2,456,0
BKM,D,20200529,000000,70,71,70,71,151,0
BKM,D,20200601,000000,75,88,75,82,7437,0
BKM,D,20200602,000000,82.8,89,82.8,85,5544,0
BKM,D,20200603,000000,85,85,82.2,85,1628,0
BKM,D,20200604,000000,84.8,85,83.8,84,2593,0
BKM,D,20200605,000000,85,85,81,83,1292,0
BKM,D,20200608,000000,85,85,76.6,85,414,0
BKM,D,20200609,000000,85,85,78.2,78.6,721,0
BKM,D,20200610,000000,82.8,82.8,79.6,82,1174,0
BKM,D,20200612,000000,82,82,81,81,576,0
BKM,D,20200615,000000,79,85,79,84.4,2912,0
BKM,D,20200616,000000,84.8,84.8,84.4,84.4,855,0
BKM,D,20200617,000000,85,85,83.6,84.8,62,0
BKM,D,20200618,000000,84.8,84.8,80.2,80.2,1164,0
BKM,D,20200619,000000,81,82,80.2,80.2,368,0
BKM,D,20200622,000000,80.4,82,80.4,81.8,881,0
BKM,D,20200623,000000,78.8,81.2,78.8,81.2,189,0
BKM,D,20200624,000000,79,82,79,82,340,0
BKM,D,20200625,000000,82.2,82.2,82.2,82.2,112,0
BKM,D,20200629,000000,81.8,81.8,79.4,80,217,0
BKM,D,20200630,000000,81,82,79.2,82,908,0
BKM,D,20200701,000000,82,82,82,82,1647,0
BKM,D,20200702,000000,80,82,79.6,82,4399,0
BKM,D,20200703,000000,82,82,82,82,15,0
BKM,D,20200706,000000,82,83,81.2,82,1739,0
BKM,D,20200707,000000,81.4,81.6,81.4,81.6,224,0
BKM,D,20200708,000000,82,82,81.4,81.4,673,0
BKM,D,20200709,000000,82,82,81.2,81.2,791,0
BKM,D,20200710,000000,82,82,80,80,1071,0
