<TICKER>,<PER>,<DATE>,<TIME>,<OPEN>,<HIGH>,<LOW>,<CLOSE>,<VOL>,<OPENINT>
BOW,D,20120125,000000,8.5287,14.205,8.5287,9.95,8005,0
BOW,D,20120126,000000,10.282,10.946,9.4766,9.95,21444,0
BOW,D,20120127,000000,10.471,10.471,9.523,9.523,2115,0
BOW,D,20120130,000000,9.713,9.713,9.713,9.713,167,0
BOW,D,20120131,000000,9.553,9.553,9.4578,9.4766,1116,0
BOW,D,20120201,000000,9.4766,9.4766,8.7183,9.4766,2186,0
BOW,D,20120202,000000,9.429,9.429,8.5761,9.3246,1334,0
BOW,D,20120203,000000,9.3719,9.3719,9.0121,9.3623,48,0
BOW,D,20120206,000000,9.3342,9.3342,9.0121,9.3053,49,0
BOW,D,20120207,000000,9.0499,9.0973,8.5761,8.8035,4817,0
BOW,D,20120208,000000,8.7657,8.7657,8.396,8.6709,2200,0
BOW,D,20120209,000000,8.7088,8.7088,8.5287,8.6992,348,0
BOW,D,20120210,000000,8.5287,8.5287,8.5287,8.5287,180,0
BOW,D,20120213,000000,8.5287,8.5287,8.5287,8.5287,74,0
BOW,D,20120214,000000,8.8035,8.8035,8.8035,8.8035,10,0
BOW,D,20120215,000000,8.6614,8.6614,8.1876,8.5287,5263,0
BOW,D,20120216,000000,8.1117,8.4339,7.7801,8.4339,2314,0
BOW,D,20120217,000000,8.5287,8.5287,8.3866,8.3866,158,0
BOW,D,20120220,000000,8.3391,8.3391,8.036,8.036,222,0
BOW,D,20120221,000000,8.1023,8.1023,7.2969,7.7707,1869,0
BOW,D,20120222,000000,7.6759,7.7232,7.6759,7.7232,1288,0
BOW,D,20120223,000000,8.0454,8.0454,7.7232,7.7232,21,0
BOW,D,20120224,000000,7.5811,7.6759,7.3821,7.6759,2412,0
BOW,D,20120227,000000,7.7232,7.7232,7.6664,7.6664,1025,0
BOW,D,20120228,000000,7.657,7.657,7.6379,7.6379,84,0
BOW,D,20120229,000000,7.657,7.657,7.6284,7.6284,12,0
BOW,D,20120301,000000,7.5811,7.5906,7.4389,7.5906,696,0
BOW,D,20120302,000000,7.7707,7.7707,7.7707,7.7707,2,0
BOW,D,20120305,000000,7.7707,7.7707,7.6759,7.6759,181,0
BOW,D,20120306,000000,7.619,7.619,7.619,7.619,52,0
BOW,D,20120307,000000,7.9602,7.9602,7.6759,7.6759,205,0
BOW,D,20120308,000000,7.7707,7.7707,7.0694,7.5811,2364,0
BOW,D,20120309,000000,7.3916,7.3916,7.3916,7.3916,332,0
BOW,D,20120312,000000,7.3916,7.3916,7.3916,7.3916,10,0
BOW,D,20120313,000000,7.3441,7.3441,7.022,7.1263,928,0
BOW,D,20120314,000000,7.2683,7.2683,6.9367,6.9367,1304,0
BOW,D,20120315,000000,7.2969,7.2969,7.0125,7.0125,363,0
BOW,D,20120316,000000,7.2969,7.2969,7.0125,7.0125,158,0
BOW,D,20120319,000000,7.1546,7.1546,7.022,7.022,131,0
BOW,D,20120320,000000,7.1546,7.1546,7.1546,7.1546,21,0
BOW,D,20120321,000000,7.1546,7.1546,7.1546,7.1546,21,0
BOW,D,20120322,000000,7.1546,7.1546,7.1546,7.1546,3,0
BOW,D,20120323,000000,7.1546,7.1546,7.1546,7.1546,2,0
BOW,D,20120326,000000,7.1546,7.2969,7.1546,7.2969,21,0
BOW,D,20120327,000000,7.2969,7.2969,7.1546,7.1546,106,0
BOW,D,20120328,000000,7.2969,7.2969,7.022,7.022,116,0
BOW,D,20120329,000000,7.0125,7.0125,6.7282,7.0125,32,0
BOW,D,20120330,000000,7.2778,7.2778,7.2778,7.2778,15,0
BOW,D,20120402,000000,7.2778,7.2778,7.2778,7.2778,2402,0
BOW,D,20120403,000000,7.2969,7.2969,7.2969,7.2969,47,0
BOW,D,20120404,000000,7.0125,7.0125,7.0125,7.0125,21,0
BOW,D,20120410,000000,7.2969,7.2969,6.9177,6.9177,1095,0
BOW,D,20120411,000000,7.1073,7.1073,6.7567,6.7567,145,0
BOW,D,20120412,000000,6.5861,6.5861,6.5387,6.5387,1150,0
BOW,D,20120413,000000,6.4439,6.4439,6.3966,6.4439,195,0
BOW,D,20120416,000000,6.8229,6.8229,6.8229,6.8229,21,0
BOW,D,20120417,000000,6.6714,6.6714,6.6714,6.6714,10,0
BOW,D,20120418,000000,7.2969,7.2969,7.0315,7.1073,15,0
BOW,D,20120419,000000,7.3821,7.3821,7.1452,7.1452,10,0
BOW,D,20120420,000000,7.1452,7.1452,7.1452,7.1452,21,0
BOW,D,20120423,000000,7.1452,7.1452,6.6334,6.6334,2286,0
BOW,D,20120424,000000,7.1452,7.1452,7.1452,7.1452,10,0
BOW,D,20120425,000000,6.6714,6.6714,6.6334,6.6334,26,0
BOW,D,20120426,000000,6.6809,6.6809,6.6809,6.6809,491,0
BOW,D,20120427,000000,7.1452,7.1452,6.6145,6.9651,196,0
BOW,D,20120430,000000,7.1452,7.1452,7.1452,7.1452,10,0
BOW,D,20120502,000000,7.1452,7.1452,7.1452,7.1452,10,0
BOW,D,20120504,000000,7.1452,7.1452,7.1073,7.1073,15,0
BOW,D,20120507,000000,7.0977,7.0977,6.7471,6.7471,106,0
BOW,D,20120508,000000,7.2115,7.2115,6.6429,6.6429,69,0
BOW,D,20120509,000000,6.6429,6.6429,6.4439,6.5103,1300,0
BOW,D,20120510,000000,6.5008,6.5008,6.5008,6.5008,158,0
BOW,D,20120511,000000,6.5008,6.5008,6.3491,6.3491,72,0
BOW,D,20120514,000000,6.3491,6.3491,6.3491,6.3491,1,0
BOW,D,20120515,000000,6.4439,6.4439,6.4439,6.4439,10,0
BOW,D,20120517,000000,6.1596,6.1596,6.0365,6.0365,205,0
BOW,D,20120524,000000,5.7332,5.7332,5.7332,5.7332,1308,0
BOW,D,20120528,000000,5.4489,5.4489,5.4489,5.4489,1377,0
BOW,D,20120529,000000,5.1741,5.1741,4.9277,4.9277,1452,0
BOW,D,20120530,000000,4.9088,4.9088,4.6339,4.9088,396,0
BOW,D,20120604,000000,4.9088,4.9088,4.8898,4.8898,375,0
BOW,D,20120605,000000,4.8803,4.8898,4.8803,4.8898,222,0
BOW,D,20120613,000000,5.7143,5.7237,5.7143,5.7237,126,0
BOW,D,20120614,000000,5.4963,5.4963,5.4963,5.4963,258,0
BOW,D,20120615,000000,5.4868,5.4868,5.2214,5.4868,100,0
BOW,D,20120618,000000,5.4868,5.4868,5.4868,5.4868,10,0
BOW,D,20120619,000000,5.4868,5.4868,5.2214,5.4868,1460,0
BOW,D,20120620,000000,5.4868,5.4868,5.4868,5.4868,5,0
BOW,D,20120621,000000,5.43,5.43,4.9561,5.43,1530,0
BOW,D,20120622,000000,5.4868,5.6859,5.1267,5.6859,372,0
BOW,D,20120625,000000,5.6859,5.6859,5.2214,5.6859,16,0
BOW,D,20120626,000000,5.6859,5.6859,5.2214,5.6859,559,0
BOW,D,20120627,000000,5.6859,5.6859,5.2214,5.4963,1446,0
BOW,D,20120628,000000,5.4963,5.4963,5.0414,5.4963,16,0
BOW,D,20120629,000000,5.4963,6.0459,5.1362,6.0459,2332,0
BOW,D,20120703,000000,5.4489,6.5008,5.4489,6.5008,2444,0
BOW,D,20120704,000000,6.5292,6.5292,6.5292,6.5292,5,0
BOW,D,20120705,000000,6.8229,6.8229,6.0365,6.8229,1259,0
BOW,D,20120706,000000,6.8229,6.8229,6.8229,6.8229,5,0
BOW,D,20120709,000000,6.8229,6.8229,6.1216,6.7471,860,0
BOW,D,20120710,000000,6.8135,6.8135,6.8135,6.8135,15,0
BOW,D,20120711,000000,6.8135,6.8135,6.3966,6.7757,1342,0
BOW,D,20120712,000000,6.804,6.804,6.1313,6.7946,443,0
BOW,D,20120713,000000,6.7946,6.7946,6.7946,6.7946,5,0
BOW,D,20120716,000000,6.7946,6.7946,6.7946,6.7946,21,0
BOW,D,20120717,000000,6.7946,6.7946,6.7946,6.7946,10,0
BOW,D,20120718,000000,6.7946,6.7946,6.7946,6.7946,4,0
BOW,D,20120719,000000,6.804,6.804,6.4723,6.804,1131,0
BOW,D,20120720,000000,6.7946,6.7946,6.7946,6.7946,4,0
BOW,D,20120723,000000,6.7946,6.7946,6.1407,6.7946,2129,0
BOW,D,20120724,000000,6.7946,6.7946,6.1313,6.7946,1710,0
BOW,D,20120725,000000,6.7946,6.7946,6.1313,6.7282,342,0
BOW,D,20120726,000000,6.7946,6.7946,6.2165,6.7946,324,0
BOW,D,20120727,000000,6.7946,6.7946,6.2544,6.7282,329,0
BOW,D,20120730,000000,6.7757,7.0599,6.1027,7.0599,305,0
BOW,D,20120731,000000,7.003,7.003,7.003,7.003,10,0
BOW,D,20120801,000000,6.8229,6.9177,6.8229,6.9177,2550,0
BOW,D,20120802,000000,6.9082,6.9082,6.9082,6.9082,5,0
BOW,D,20120803,000000,6.9177,6.9177,6.9177,6.9177,5,0
BOW,D,20120806,000000,6.9177,6.9177,6.9177,6.9177,2,0
BOW,D,20120807,000000,6.9082,6.9082,6.9082,6.9082,2,0
BOW,D,20120808,000000,6.8135,6.8135,6.8135,6.8135,5,0
BOW,D,20120809,000000,6.8135,6.8135,6.8135,6.8135,10,0
BOW,D,20120810,000000,6.7946,6.7946,6.7946,6.7946,3,0
BOW,D,20120813,000000,6.9177,6.9177,6.9177,6.9177,10,0
BOW,D,20120814,000000,6.9177,6.9177,6.1122,6.1122,227,0
BOW,D,20120816,000000,6.8893,6.8893,6.8229,6.8229,11,0
BOW,D,20120817,000000,6.8135,6.9082,6.8135,6.9082,80,0
BOW,D,20120820,000000,6.8988,6.8988,6.0365,6.8229,1795,0
BOW,D,20120821,000000,6.8988,6.8988,6.6051,6.6051,26,0
BOW,D,20120822,000000,6.6051,6.8229,6.207,6.5861,1627,0
BOW,D,20120823,000000,6.3491,6.804,6.0459,6.3966,508,0
BOW,D,20120824,000000,6.5387,6.5387,6.5292,6.5292,195,0
BOW,D,20120827,000000,6.5197,6.5197,6.5197,6.5197,5,0
BOW,D,20120828,000000,6.3491,6.5292,6.3491,6.5292,280,0
BOW,D,20120829,000000,6.3491,6.5292,5.6859,6.2354,2584,0
BOW,D,20120830,000000,6.0649,6.1785,6.0649,6.1785,301,0
BOW,D,20120831,000000,6.0649,6.0933,6.0649,6.0933,280,0
BOW,D,20120903,000000,6.1407,6.1407,5.6669,5.9701,1867,0
BOW,D,20120904,000000,5.9701,5.9701,5.9701,5.9701,3,0
BOW,D,20120905,000000,6.1027,6.1027,6.1027,6.1027,5,0
BOW,D,20120906,000000,6.1313,6.1313,6.1313,6.1313,5,0
BOW,D,20120907,000000,5.7332,6.1027,5.7332,6.1027,285,0
BOW,D,20120910,000000,6.1027,6.1407,5.5721,6.1027,3016,0
BOW,D,20120911,000000,6.0649,6.1502,5.6763,6.1502,1691,0
BOW,D,20120912,000000,6.1502,6.1502,5.6859,6.1502,1619,0
BOW,D,20120913,000000,6.1502,6.1502,5.7143,6.1122,272,0
BOW,D,20120914,000000,6.1122,6.1122,5.6859,5.9701,533,0
BOW,D,20120917,000000,5.989,6.0649,5.989,6.0649,7,0
BOW,D,20120918,000000,6.0649,6.0649,6.0649,6.0649,5,0
BOW,D,20120919,000000,5.9985,6.0649,5.5815,5.7901,1669,0
BOW,D,20120920,000000,5.8659,5.8659,5.1835,5.809,1717,0
BOW,D,20120921,000000,5.8943,5.9607,5.8943,5.9607,7,0
BOW,D,20120924,000000,5.9607,5.9607,5.9607,5.9607,5,0
BOW,D,20120925,000000,5.8279,5.9985,5.4395,5.9985,1883,0
BOW,D,20120926,000000,5.9321,5.9321,5.3541,5.9132,694,0
BOW,D,20120927,000000,5.8848,5.8943,5.4584,5.8943,235,0
BOW,D,20120928,000000,5.8943,5.8943,5.8943,5.8943,5,0
BOW,D,20121001,000000,5.8943,5.8943,5.3068,5.6384,398,0
BOW,D,20121002,000000,5.6859,5.6859,5.2878,5.6859,3116,0
BOW,D,20121003,000000,5.6859,5.6859,5.2878,5.6859,829,0
BOW,D,20121004,000000,5.6859,5.6859,5.6859,5.6859,5,0
BOW,D,20121005,000000,5.6859,5.8279,5.6859,5.8279,234,0
BOW,D,20121008,000000,5.8564,5.8564,5.411,5.411,224,0
BOW,D,20121009,000000,5.6006,5.8753,5.2025,5.629,1023,0
BOW,D,20121010,000000,5.6195,5.6859,5.6195,5.6859,8,0
BOW,D,20121011,000000,5.7521,5.7521,5.7521,5.7521,10,0
BOW,D,20121012,000000,5.5437,5.7806,5.5437,5.7806,92,0
BOW,D,20121015,000000,5.3447,5.4963,5.3447,5.4963,370,0
BOW,D,20121016,000000,5.7143,5.7143,5.7143,5.7143,5,0
BOW,D,20121018,000000,5.6574,5.6763,5.1552,5.6763,649,0
BOW,D,20121019,000000,5.6763,5.6763,5.2783,5.6669,317,0
BOW,D,20121022,000000,5.6669,5.6669,5.6574,5.6574,211,0
BOW,D,20121023,000000,5.7237,5.7237,4.7571,5.3068,2487,0
BOW,D,20121024,000000,5.629,5.629,5.629,5.629,5,0
BOW,D,20121025,000000,5.5721,5.5721,5.392,5.392,264,0
BOW,D,20121026,000000,5.629,5.629,5.212,5.5911,118,0
BOW,D,20121029,000000,5.1172,5.2594,5.1172,5.2594,662,0
BOW,D,20121030,000000,5.2783,5.3637,5.0888,5.3258,209,0
BOW,D,20121031,000000,5.25,5.2878,5.25,5.2878,6,0
BOW,D,20121102,000000,5.2594,5.3731,4.8803,5.3731,1331,0
BOW,D,20121105,000000,5.3068,5.3068,4.8234,5.3068,8,0
BOW,D,20121106,000000,5.3068,5.3068,5.3068,5.3068,5,0
BOW,D,20121107,000000,5.3068,5.3068,4.9277,5.2025,699,0
BOW,D,20121108,000000,4.9277,5.4395,4.9277,5.4395,349,0
BOW,D,20121109,000000,5.0225,5.212,4.8993,4.8993,568,0
BOW,D,20121112,000000,5.0225,5.0225,4.8234,4.8234,1815,0
BOW,D,20121113,000000,4.8234,5.0225,4.8234,5.0225,181,0
BOW,D,20121114,000000,5.212,5.212,4.8329,4.8329,131,0
BOW,D,20121115,000000,5.0888,5.0888,5.0888,5.0888,5,0
BOW,D,20121116,000000,5.013,5.013,5.013,5.013,5,0
BOW,D,20121119,000000,5.0983,5.0983,5.0983,5.0983,5,0
BOW,D,20121120,000000,5.0699,5.0699,4.6907,4.6907,491,0
BOW,D,20121121,000000,5.0035,5.0035,4.6907,4.9182,180,0
BOW,D,20121122,000000,5.0035,5.0319,5.0035,5.0319,10,0
BOW,D,20121123,000000,4.994,5.0225,4.994,5.0225,8,0
BOW,D,20121126,000000,5.013,5.013,5.013,5.013,5,0
BOW,D,20121127,000000,5.0225,5.0225,5.0225,5.0225,5,0
BOW,D,20121128,000000,5.0225,5.0225,5.0225,5.0225,29,0
BOW,D,20121129,000000,5.0035,5.0035,5.0035,5.0035,5,0
BOW,D,20121130,000000,5.0225,5.0225,5.0225,5.0225,2,0
BOW,D,20121203,000000,5.0225,5.0225,5.0225,5.0225,5,0
BOW,D,20121204,000000,5.0035,5.0035,4.615,4.7097,1743,0
BOW,D,20121205,000000,4.7382,4.7382,4.3687,4.5203,2625,0
BOW,D,20121206,000000,4.5297,4.6907,4.3212,4.6813,3720,0
BOW,D,20121207,000000,4.6813,4.6813,4.2644,4.5487,765,0
BOW,D,20121210,000000,4.5487,4.6718,4.4445,4.6718,29,0
BOW,D,20121211,000000,4.6528,4.6528,4.3402,4.596,220,0
BOW,D,20121212,000000,4.5771,4.5771,4.2453,4.5676,125,0
BOW,D,20121213,000000,4.5487,4.6718,4.5392,4.596,31,0
BOW,D,20121214,000000,4.6339,4.6339,4.2264,4.2264,1784,0
BOW,D,20121217,000000,4.2644,4.2644,3.9611,4.255,1297,0
BOW,D,20121218,000000,4.2453,4.2453,4.2453,4.2453,50,0
BOW,D,20121219,000000,4.2264,4.2264,3.9327,4.0558,666,0
BOW,D,20121220,000000,4.0369,4.0369,4.0275,4.0275,133,0
BOW,D,20121221,000000,4.018,4.018,4.018,4.018,5,0
BOW,D,20121227,000000,4.4065,4.4065,4.0844,4.0844,164,0
BOW,D,20121228,000000,4.0749,4.0749,3.6957,4.0085,319,0
BOW,D,20130102,000000,4.255,4.255,3.7905,4.217,285,0
BOW,D,20130103,000000,4.2644,4.2644,4.2644,4.2644,5,0
BOW,D,20130104,000000,4.255,4.255,4.255,4.255,5,0
BOW,D,20130107,000000,4.217,4.255,4.217,4.255,319,0
BOW,D,20130108,000000,4.4918,4.4918,3.8001,3.9706,7077,0
BOW,D,20130109,000000,4.3212,4.3212,3.8284,4.0275,1975,0
BOW,D,20130110,000000,4.0275,4.0275,4.0275,4.0275,5,0
BOW,D,20130111,000000,4.018,4.018,3.8852,3.9801,214,0
BOW,D,20130114,000000,4.255,4.255,3.838,3.838,612,0
BOW,D,20130115,000000,3.8001,4.018,3.6863,3.9706,2144,0
BOW,D,20130116,000000,4.1033,4.1033,4.1033,4.1033,5,0
BOW,D,20130117,000000,4.0844,4.0844,4.0844,4.0844,16,0
BOW,D,20130118,000000,4.0653,4.0653,3.7811,3.9801,8360,0
BOW,D,20130121,000000,3.9706,3.9706,3.7811,3.8852,4626,0
BOW,D,20130122,000000,3.8663,3.8663,3.6957,3.8663,371,0
BOW,D,20130123,000000,3.8663,3.8663,3.8569,3.8569,322,0
BOW,D,20130124,000000,3.8663,3.8663,3.8569,3.8663,17,0
BOW,D,20130125,000000,3.8663,3.8663,3.8663,3.8663,2,0
BOW,D,20130128,000000,3.8569,3.8663,3.8474,3.8663,270,0
BOW,D,20130129,000000,3.8663,3.8663,3.8663,3.8663,5,0
BOW,D,20130130,000000,3.8663,4.0749,3.8663,4.0749,690,0
BOW,D,20130131,000000,4.0749,4.0749,4.0749,4.0749,21,0
BOW,D,20130201,000000,4.0558,4.0558,3.8569,4.0558,1867,0
BOW,D,20130204,000000,4.0464,4.0464,4.0464,4.0464,345,0
BOW,D,20130205,000000,4.0275,4.0275,4.0275,4.0275,5,0
BOW,D,20130206,000000,4.018,4.018,3.7337,4.0085,546,0
BOW,D,20130207,000000,3.9706,3.9706,3.9706,3.9706,5,0
BOW,D,20130208,000000,3.8001,3.9611,3.7811,3.7811,1997,0
BOW,D,20130211,000000,3.9611,3.9706,3.7811,3.9706,2037,0
BOW,D,20130212,000000,3.9706,3.9706,3.9706,3.9706,5,0
BOW,D,20130214,000000,3.6105,3.7905,3.6105,3.7905,64,0
BOW,D,20130215,000000,3.9706,3.9706,3.6009,3.9611,1851,0
BOW,D,20130218,000000,3.9611,3.9611,3.9611,3.9611,2,0
BOW,D,20130219,000000,3.6957,3.9516,3.6957,3.9516,148,0
BOW,D,20130220,000000,3.582,3.8852,3.582,3.8758,2318,0
BOW,D,20130221,000000,3.7905,3.9516,3.7905,3.9516,4,0
BOW,D,20130222,000000,3.9516,3.9516,3.9516,3.9516,5,0
BOW,D,20130225,000000,3.9516,3.9516,3.9516,3.9516,3,0
BOW,D,20130226,000000,3.9516,3.9516,3.9516,3.9516,5,0
BOW,D,20130227,000000,3.9516,3.9516,3.9516,3.9516,3,0
BOW,D,20130228,000000,3.8284,3.9611,3.5537,3.9611,4647,0
BOW,D,20130301,000000,3.838,3.838,3.838,3.838,5,0
BOW,D,20130304,000000,3.838,3.838,3.838,3.838,5,0
BOW,D,20130305,000000,3.838,3.838,3.5631,3.8284,974,0
BOW,D,20130306,000000,3.7243,3.7811,3.7243,3.7811,15,0
BOW,D,20130307,000000,3.7337,3.7811,3.5631,3.7811,96,0
BOW,D,20130308,000000,3.838,3.838,3.838,3.838,35,0
BOW,D,20130311,000000,3.819,3.819,3.6389,3.819,2140,0
BOW,D,20130312,000000,3.819,3.819,3.6009,3.7811,328,0
BOW,D,20130313,000000,3.7811,3.7811,3.5157,3.6863,4064,0
BOW,D,20130314,000000,3.6863,3.7715,3.6863,3.7715,134,0
BOW,D,20130315,000000,3.7715,3.7715,3.7715,3.7715,47,0
BOW,D,20130318,000000,3.7715,3.7715,3.7715,3.7715,2,0
BOW,D,20130319,000000,3.6863,3.7526,3.6863,3.7526,2,0
BOW,D,20130320,000000,3.7337,3.7337,3.5631,3.6389,540,0
BOW,D,20130321,000000,3.6863,3.6863,3.6389,3.6389,18,0
BOW,D,20130322,000000,3.5915,3.5915,3.5915,3.5915,17,0
BOW,D,20130325,000000,3.5915,3.5915,3.3357,3.582,3605,0
BOW,D,20130326,000000,3.4115,3.5157,3.4115,3.5157,4,0
BOW,D,20130327,000000,3.4589,3.5915,3.2409,3.5915,3386,0
BOW,D,20130328,000000,3.9516,3.9516,3.9516,3.9516,21,0
BOW,D,20130402,000000,3.9611,3.9611,3.5726,3.5726,111,0
BOW,D,20130403,000000,3.7243,3.7243,3.2314,3.6389,2252,0
BOW,D,20130404,000000,3.7147,3.7147,3.222,3.5915,6296,0
BOW,D,20130405,000000,3.5915,3.5915,3.2503,3.5441,680,0
BOW,D,20130408,000000,3.5441,3.5441,3.5441,3.5441,5,0
BOW,D,20130409,000000,3.4873,3.4873,2.7765,2.843,5692,0
BOW,D,20130410,000000,3.1177,3.1177,2.5681,3.0608,437,0
BOW,D,20130411,000000,3.0608,3.0608,3.0608,3.0608,9,0
BOW,D,20130412,000000,3.0608,3.3072,3.0608,3.3072,11,0
BOW,D,20130415,000000,3.3072,3.4115,3.1556,3.4115,989,0
BOW,D,20130417,000000,3.4115,3.4115,3.4115,3.4115,2,0
BOW,D,20130418,000000,3.402,3.402,3.402,3.402,1,0
BOW,D,20130419,000000,3.5062,3.5062,3.5062,3.5062,1,0
BOW,D,20130422,000000,3.4968,3.4968,3.4968,3.4968,1,0
BOW,D,20130423,000000,3.402,3.402,3.402,3.402,9,0
BOW,D,20130424,000000,3.402,3.402,3.1556,3.3926,467,0
BOW,D,20130425,000000,3.3926,3.3926,3.3926,3.3926,1,0
BOW,D,20130426,000000,3.3737,3.402,3.1272,3.402,2695,0
BOW,D,20130429,000000,3.402,3.402,3.0608,3.3547,5447,0
BOW,D,20130430,000000,3.3547,3.3547,3.3547,3.3547,2,0
BOW,D,20130502,000000,3.2031,3.2031,3.004,3.1841,109,0
BOW,D,20130506,000000,3.0325,3.1272,2.8808,3.1272,2629,0
BOW,D,20130507,000000,3.3641,3.3737,3.0419,3.3737,296,0
BOW,D,20130508,000000,3.3737,3.3737,3.3737,3.3737,2,0
BOW,D,20130509,000000,3.3072,3.3072,2.985,2.985,116,0
BOW,D,20130510,000000,3.2599,3.2883,3.2599,3.2694,108,0
BOW,D,20130513,000000,3.2694,3.2694,3.2694,3.2694,4,0
BOW,D,20130514,000000,3.2503,3.2503,3.2503,3.2503,1,0
BOW,D,20130515,000000,3.1841,3.1841,3.1841,3.1841,1,0
BOW,D,20130516,000000,3.1367,3.1367,3.1367,3.1367,1,0
BOW,D,20130517,000000,3.0798,3.0798,3.0798,3.0798,10,0
BOW,D,20130520,000000,3.1177,3.1177,3.1177,3.1177,1,0
BOW,D,20130521,000000,3.1177,3.1177,3.1177,3.1177,12,0
BOW,D,20130522,000000,3.0988,3.0988,3.0988,3.0988,8,0
BOW,D,20130523,000000,3.0988,3.1177,3.0988,3.1177,8,0
BOW,D,20130524,000000,3.1177,3.1177,2.8334,3.0988,192,0
BOW,D,20130527,000000,3.0988,3.0988,3.0988,3.0988,10,0
BOW,D,20130528,000000,3.0988,3.0988,3.0988,3.0988,10,0
BOW,D,20130529,000000,3.0988,3.0988,3.0988,3.0988,15,0
BOW,D,20130531,000000,3.0988,3.0988,3.0988,3.0988,14,0
BOW,D,20130603,000000,3.0988,3.0988,2.7955,2.7955,397,0
BOW,D,20130604,000000,2.8997,2.8997,2.7955,2.8808,397,0
BOW,D,20130605,000000,2.8902,3.0988,2.8902,3.0988,1599,0
BOW,D,20130606,000000,3.0988,3.0988,2.7955,3.0988,1788,0
BOW,D,20130607,000000,3.0988,3.0988,3.0894,3.0894,25,0
BOW,D,20130610,000000,3.0894,3.0894,2.8808,2.8808,902,0
BOW,D,20130611,000000,3.0325,3.0325,3.0325,3.0325,14,0
BOW,D,20130612,000000,3.023,3.023,3.023,3.023,21,0
BOW,D,20130613,000000,3.023,3.023,2.9377,3.023,238,0
BOW,D,20130614,000000,2.8619,2.9377,2.8524,2.9377,290,0
BOW,D,20130617,000000,2.9377,2.9377,2.8524,2.9377,34,0
BOW,D,20130618,000000,2.9377,2.9377,2.8524,2.8902,69,0
BOW,D,20130619,000000,2.8902,2.8902,2.8902,2.8902,19,0
BOW,D,20130620,000000,2.8902,2.8902,2.8902,2.8902,16,0
BOW,D,20130621,000000,2.8902,2.8902,2.8902,2.8902,12,0
BOW,D,20130624,000000,2.8902,2.8902,2.8902,2.8902,24,0
BOW,D,20130625,000000,2.7955,2.7955,2.7387,2.7955,319,0
BOW,D,20130626,000000,2.7482,3.023,2.5396,3.023,2489,0
BOW,D,20130627,000000,3.0988,3.0988,2.843,3.0988,2658,0
BOW,D,20130628,000000,3.0988,3.402,2.8902,3.402,7686,0
BOW,D,20130701,000000,3.4589,3.4589,3.222,3.222,216,0
BOW,D,20130702,000000,3.4589,3.4589,3.0703,3.1177,3485,0
BOW,D,20130703,000000,3.2694,3.2694,2.9661,3.1177,2801,0
BOW,D,20130704,000000,3.2409,3.2409,3.2409,3.2409,2,0
BOW,D,20130705,000000,3.3072,3.3072,2.9945,2.9945,112,0
BOW,D,20130708,000000,3.2125,3.2125,2.7955,2.7955,3369,0
BOW,D,20130709,000000,2.7482,2.7482,2.6534,2.7482,216,0
BOW,D,20130710,000000,2.8334,2.8334,2.8334,2.8334,3,0
BOW,D,20130711,000000,2.8334,2.8334,2.8334,2.8334,16,0
BOW,D,20130712,000000,3.023,3.023,3.023,3.023,4,0
BOW,D,20130715,000000,3.2031,3.2031,3.2031,3.2031,5,0
BOW,D,20130716,000000,3.2789,3.2789,3.0325,3.2031,14791,0
BOW,D,20130717,000000,3.2789,3.2789,3.2789,3.2789,3,0
BOW,D,20130718,000000,3.2694,3.2694,3.2694,3.2694,9,0
BOW,D,20130719,000000,3.2694,3.2694,3.2694,3.2694,1,0
BOW,D,20130722,000000,3.2599,3.2599,3.2599,3.2599,1,0
BOW,D,20130723,000000,3.2599,3.2599,3.2599,3.2599,3,0
BOW,D,20130724,000000,3.222,3.222,3.222,3.222,7,0
BOW,D,20130725,000000,3.222,3.222,3.222,3.222,2,0
BOW,D,20130726,000000,3.2599,3.2599,3.2599,3.2599,5,0
BOW,D,20130729,000000,3.2599,3.2599,3.2599,3.2599,4,0
BOW,D,20130730,000000,3.2503,3.2503,3.2503,3.2503,3,0
BOW,D,20130731,000000,3.2503,3.2503,3.2503,3.2503,1,0
BOW,D,20130801,000000,3.2503,3.2503,3.2503,3.2503,5,0
BOW,D,20130802,000000,3.023,3.2599,2.8902,3.2599,223,0
BOW,D,20130805,000000,3.0135,3.2599,2.8619,3.2599,6445,0
BOW,D,20130806,000000,3.1936,3.1936,3.1936,3.1936,1,0
BOW,D,20130807,000000,3.2599,3.2599,3.2599,3.2599,8,0
BOW,D,20130808,000000,3.1272,3.1272,3.1272,3.1272,1,0
BOW,D,20130809,000000,3.2599,3.2599,3.2599,3.2599,10,0
BOW,D,20130812,000000,3.2599,3.2599,3.1083,3.1083,9,0
BOW,D,20130813,000000,3.2599,3.2599,3.2599,3.2599,7,0
BOW,D,20130814,000000,3.1272,3.1272,3.1272,3.1272,1,0
BOW,D,20130816,000000,3.2599,3.2599,3.2599,3.2599,1,0
BOW,D,20130819,000000,3.2599,3.2599,3.0798,3.2599,2443,0
BOW,D,20130820,000000,3.1083,3.1083,3.0798,3.0798,1058,0
BOW,D,20130821,000000,3.2599,3.2599,3.1272,3.1272,212,0
BOW,D,20130822,000000,3.1272,3.1272,3.1272,3.1272,1,0
BOW,D,20130823,000000,3.2599,3.2599,3.0135,3.1272,1788,0
BOW,D,20130826,000000,3.2599,3.2599,3.2599,3.2599,1,0
BOW,D,20130827,000000,3.2599,3.2599,2.985,3.2599,1309,0
BOW,D,20130828,000000,3.2599,3.2599,3.0703,3.222,292,0
BOW,D,20130829,000000,3.2031,3.2031,3.2031,3.2031,10,0
BOW,D,20130830,000000,3.2503,3.2503,3.2503,3.2503,10,0
BOW,D,20130902,000000,3.222,3.222,2.9756,2.9756,5555,0
BOW,D,20130903,000000,3.004,3.2503,2.9756,3.2503,923,0
BOW,D,20130904,000000,3.2503,3.2503,3.2503,3.2503,3,0
BOW,D,20130905,000000,3.2409,3.2409,3.2409,3.2409,2,0
BOW,D,20130906,000000,3.2409,3.2409,3.2409,3.2409,3,0
BOW,D,20130909,000000,3.2409,3.2409,3.2409,3.2409,3,0
BOW,D,20130910,000000,3.2125,3.2125,3.023,3.0798,319,0
BOW,D,20130911,000000,3.1177,3.1177,3.0325,3.0325,553,0
BOW,D,20130912,000000,3.023,3.1177,2.9093,3.1177,621,0
BOW,D,20130913,000000,3.1177,3.1272,2.9093,3.1177,860,0
BOW,D,20130916,000000,3.1177,3.1177,2.843,2.843,5290,0
BOW,D,20130917,000000,2.843,2.843,2.7007,2.7102,7145,0
BOW,D,20130918,000000,2.7007,2.7576,2.6534,2.6534,4019,0
BOW,D,20130919,000000,2.6249,2.6249,2.6155,2.6155,31,0
BOW,D,20130920,000000,2.6155,2.6249,2.6155,2.6249,1075,0
BOW,D,20130923,000000,2.6155,2.6249,2.6059,2.6249,486,0
BOW,D,20130924,000000,2.6249,2.6249,2.6249,2.6249,12,0
BOW,D,20130925,000000,2.6249,2.6249,2.6249,2.6249,12,0
BOW,D,20130926,000000,2.6249,2.6249,2.6249,2.6249,212,0
BOW,D,20130927,000000,2.6249,2.6249,2.6249,2.6249,2,0
BOW,D,20130930,000000,2.6249,2.6249,2.5587,2.5587,846,0
BOW,D,20131001,000000,2.6249,2.6249,2.5112,2.6249,244,0
BOW,D,20131002,000000,2.6249,2.6249,2.5018,2.6249,34,0
BOW,D,20131003,000000,2.587,2.6249,2.587,2.6249,3099,0
BOW,D,20131004,000000,2.6249,2.6249,2.6249,2.6249,1,0
BOW,D,20131007,000000,2.6249,2.6249,2.5018,2.5018,3159,0
BOW,D,20131008,000000,2.6724,2.6724,2.6724,2.6724,2,0
BOW,D,20131010,000000,2.8334,2.8334,2.6534,2.7671,745,0
BOW,D,20131011,000000,2.5112,2.6344,2.5112,2.5587,2030,0
BOW,D,20131014,000000,2.7387,2.7387,2.7387,2.7387,1,0
BOW,D,20131015,000000,2.6534,2.6534,2.6534,2.6534,5,0
BOW,D,20131016,000000,2.6439,2.6439,2.5587,2.6155,649,0
BOW,D,20131017,000000,2.6439,2.7293,2.6439,2.7293,415,0
BOW,D,20131018,000000,2.7293,2.7293,2.7293,2.7293,10,0
BOW,D,20131021,000000,2.7293,2.7293,2.7293,2.7293,2,0
BOW,D,20131022,000000,2.7293,2.7293,2.6534,2.7293,540,0
BOW,D,20131023,000000,2.7293,2.7293,2.7293,2.7293,1,0
BOW,D,20131024,000000,2.7293,2.7293,2.7293,2.7293,1,0
BOW,D,20131025,000000,2.7293,2.7293,2.7293,2.7293,5,0
BOW,D,20131028,000000,2.7293,2.7293,2.7293,2.7293,2,0
BOW,D,20131029,000000,2.7293,2.7293,2.7007,2.7007,107,0
BOW,D,20131030,000000,2.7007,2.7007,2.7007,2.7007,1,0
BOW,D,20131031,000000,2.6913,2.6913,2.6913,2.6913,2,0
BOW,D,20131104,000000,2.6913,2.6913,2.6913,2.6913,4,0
BOW,D,20131105,000000,2.6913,2.6913,2.6913,2.6913,1,0
BOW,D,20131106,000000,2.6913,2.6913,2.6913,2.6913,2,0
BOW,D,20131107,000000,2.6913,2.6913,2.6913,2.6913,2,0
BOW,D,20131108,000000,2.6913,2.6913,2.6913,2.6913,2,0
BOW,D,20131112,000000,2.6913,2.6913,2.6059,2.6534,2111,0
BOW,D,20131113,000000,2.6913,2.6913,2.6913,2.6913,1,0
BOW,D,20131114,000000,2.6913,2.6913,2.6913,2.6913,1,0
BOW,D,20131115,000000,2.6913,2.6913,2.6913,2.6913,1,0
BOW,D,20131118,000000,2.6913,2.843,2.6913,2.843,8270,0
BOW,D,20131119,000000,2.843,3.0325,2.824,3.0325,2714,0
BOW,D,20131120,000000,3.3357,3.3357,3.3168,3.3168,3204,0
BOW,D,20131121,000000,3.3547,3.3547,3.0988,3.0988,2438,0
BOW,D,20131122,000000,3.023,3.0988,2.9566,3.0988,169,0
BOW,D,20131125,000000,3.3357,3.3357,3.023,3.023,211,0
BOW,D,20131126,000000,3.2694,3.2694,3.2694,3.2694,2,0
BOW,D,20131127,000000,3.2694,3.2694,3.2694,3.2694,1,0
BOW,D,20131128,000000,3.2599,3.2599,3.0135,3.0325,2216,0
BOW,D,20131129,000000,3.0703,3.0703,3.0703,3.0703,959,0
BOW,D,20131202,000000,3.222,3.222,3.222,3.222,2115,0
BOW,D,20131203,000000,3.3357,3.3357,3.3357,3.3357,5,0
BOW,D,20131204,000000,3.222,3.222,3.222,3.222,317,0
BOW,D,20131205,000000,3.3357,3.3357,3.2031,3.2031,529,0
BOW,D,20131206,000000,3.1272,3.1272,3.1272,3.1272,839,0
BOW,D,20131209,000000,3.3357,3.3357,3.1651,3.3168,328,0
BOW,D,20131210,000000,3.3168,3.3168,3.1746,3.3168,3579,0
BOW,D,20131211,000000,3.3168,3.3926,3.2125,3.3926,3589,0
BOW,D,20131212,000000,3.4115,3.4115,3.222,3.4115,3483,0
BOW,D,20131213,000000,3.4115,3.4115,3.4115,3.4115,2254,0
BOW,D,20131216,000000,3.4589,3.4589,3.3168,3.3641,214,0
BOW,D,20131217,000000,3.4589,3.4589,3.3641,3.3641,581,0
BOW,D,20131218,000000,3.4115,3.4115,3.4115,3.4115,27,0
BOW,D,20131219,000000,3.4115,3.4115,3.3737,3.3737,86,0
BOW,D,20131220,000000,3.4115,3.4115,3.2125,3.2125,23,0
BOW,D,20131223,000000,3.5062,3.5062,3.222,3.222,198,0
BOW,D,20131227,000000,3.2503,3.5062,3.2503,3.5062,23,0
BOW,D,20131230,000000,3.5062,3.5062,3.5062,3.5062,2,0
BOW,D,20140102,000000,3.7811,3.7811,3.4304,3.4304,404,0
BOW,D,20140103,000000,3.7715,3.7715,3.7715,3.7715,2,0
BOW,D,20140107,000000,3.7715,3.7715,3.3451,3.3451,3016,0
BOW,D,20140108,000000,3.3926,3.3926,3.222,3.222,1519,0
BOW,D,20140109,000000,3.2314,3.2314,3.2314,3.2314,317,0
BOW,D,20140113,000000,3.5062,3.5062,3.5062,3.5062,10,0
BOW,D,20140114,000000,3.4873,3.4873,3.2409,3.3451,1636,0
BOW,D,20140115,000000,3.4873,3.4873,3.2409,3.2694,894,0
BOW,D,20140116,000000,3.3168,3.3168,3.3168,3.3168,2,0
BOW,D,20140117,000000,3.4589,3.4589,3.3357,3.3357,36,0
BOW,D,20140120,000000,3.4494,3.4494,3.2599,3.2599,87,0
BOW,D,20140121,000000,3.4399,3.4399,3.3168,3.3168,116,0
BOW,D,20140122,000000,3.4399,3.4399,3.222,3.2694,864,0
BOW,D,20140123,000000,3.2694,3.2694,3.2031,3.2694,121,0
BOW,D,20140124,000000,3.2599,3.2599,3.2599,3.2599,1,0
BOW,D,20140127,000000,3.2599,3.2599,3.2599,3.2599,2,0
BOW,D,20140128,000000,3.2599,3.2599,3.2599,3.2599,5,0
BOW,D,20140129,000000,3.2599,3.2599,3.2599,3.2599,2,0
BOW,D,20140130,000000,3.2599,3.2599,3.2599,3.2599,5,0
BOW,D,20140131,000000,3.2599,3.2599,3.2599,3.2599,2,0
BOW,D,20140203,000000,3.2599,3.2599,3.2409,3.2409,108,0
BOW,D,20140204,000000,3.2599,3.2599,3.2409,3.2409,845,0
BOW,D,20140205,000000,3.2409,3.2409,3.2409,3.2409,2,0
BOW,D,20140206,000000,3.2409,3.3168,3.2409,3.3168,2650,0
BOW,D,20140207,000000,3.3168,3.3168,3.3168,3.3168,3,0
BOW,D,20140210,000000,3.3168,3.3168,3.3168,3.3168,1,0
BOW,D,20140211,000000,3.3168,3.3168,3.3168,3.3168,90,0
BOW,D,20140212,000000,3.3168,3.3168,3.3168,3.3168,1057,0
BOW,D,20140213,000000,3.3168,3.3168,3.3168,3.3168,1588,0
BOW,D,20140214,000000,3.3168,3.3168,3.3168,3.3168,657,0
BOW,D,20140217,000000,3.3168,3.3168,3.3168,3.3168,350,0
BOW,D,20140218,000000,3.3168,3.3168,3.3072,3.3168,1058,0
BOW,D,20140219,000000,3.3168,3.3168,3.1272,3.2978,2454,0
BOW,D,20140220,000000,3.2978,3.3168,3.1651,3.3168,512,0
BOW,D,20140221,000000,3.3168,3.3168,3.1746,3.2978,2534,0
BOW,D,20140224,000000,3.2978,3.2978,3.2978,3.2978,1,0
BOW,D,20140225,000000,3.2978,3.2978,3.1746,3.2409,4223,0
BOW,D,20140226,000000,3.2978,3.2978,3.1841,3.2503,2112,0
BOW,D,20140227,000000,3.2503,3.2503,3.1651,3.2314,2112,0
BOW,D,20140228,000000,3.2978,3.2978,3.2978,3.2978,1,0
BOW,D,20140303,000000,3.222,3.222,3.222,3.222,2,0
BOW,D,20140304,000000,3.2978,3.2978,3.1746,3.2503,4731,0
BOW,D,20140305,000000,3.2978,3.2978,3.0988,3.0988,509,0
BOW,D,20140306,000000,3.0988,3.0988,3.0325,3.0798,3168,0
BOW,D,20140307,000000,3.0988,3.3168,2.7955,2.7955,10309,0
BOW,D,20140310,000000,2.805,2.9471,2.7955,2.7955,2219,0
BOW,D,20140311,000000,2.9471,2.9566,2.9471,2.9471,1399,0
BOW,D,20140312,000000,2.9471,3.1936,2.9471,3.1841,3314,0
BOW,D,20140313,000000,3.3168,3.3168,3.3168,3.3168,2,0
BOW,D,20140314,000000,3.3168,3.3168,3.3168,3.3168,2,0
BOW,D,20140317,000000,3.3168,3.3168,3.3168,3.3168,2,0
BOW,D,20140318,000000,3.3168,3.3168,3.0325,3.0894,3537,0
BOW,D,20140319,000000,3.1936,3.1936,3.1936,3.1936,5,0
BOW,D,20140320,000000,3.1936,3.1936,3.1841,3.1841,23,0
BOW,D,20140321,000000,3.1936,3.1936,3.0798,3.1936,2124,0
BOW,D,20140324,000000,3.1936,3.1936,3.0514,3.0514,243,0
BOW,D,20140325,000000,3.3168,3.3168,3.1272,3.1841,5278,0
BOW,D,20140326,000000,3.1841,3.1841,3.1841,3.1841,1,0
BOW,D,20140327,000000,3.1841,3.1841,3.0514,3.0514,207,0
BOW,D,20140328,000000,3.0325,3.0325,3.0325,3.0325,2,0
BOW,D,20140401,000000,3.222,3.222,3.222,3.222,2,0
BOW,D,20140402,000000,3.222,3.222,3.222,3.222,1,0
BOW,D,20140403,000000,3.222,3.222,3.222,3.222,1,0
BOW,D,20140404,000000,3.222,3.222,3.222,3.222,2,0
BOW,D,20140408,000000,3.222,3.222,3.222,3.222,1,0
BOW,D,20140409,000000,3.222,3.222,3.023,3.023,1280,0
BOW,D,20140410,000000,3.222,3.222,2.7482,2.7482,32238,0
BOW,D,20140411,000000,2.7576,3.0325,2.7576,2.985,1059,0
BOW,D,20140414,000000,2.985,2.985,2.985,2.985,1,0
BOW,D,20140415,000000,3.2031,3.2031,2.9566,2.9566,4435,0
BOW,D,20140416,000000,3.023,3.023,3.023,3.023,2110,0
BOW,D,20140417,000000,3.2031,3.2031,2.8902,2.9377,2357,0
BOW,D,20140424,000000,2.7955,2.9377,2.7955,2.7955,1070,0
BOW,D,20140430,000000,2.028,2.028,2.028,2.028,234,0
BOW,D,20140502,000000,2.1795,2.1795,2.1795,2.1795,2,0
BOW,D,20140505,000000,2.189,2.189,2.1795,2.1795,1000,0
BOW,D,20140507,000000,2.1795,2.1795,2.1795,2.1795,1,0
BOW,D,20140508,000000,2.1795,2.1795,2.0375,2.1701,3767,0
BOW,D,20140512,000000,2.1795,2.1795,2.1795,2.1795,1,0
BOW,D,20140513,000000,2.2175,2.3691,2.2175,2.3691,1056,0
BOW,D,20140514,000000,2.3691,2.3691,2.3691,2.3691,317,0
BOW,D,20140515,000000,2.3691,2.3691,2.3691,2.3691,1,0
BOW,D,20140516,000000,2.3217,2.3217,2.3217,2.3217,633,0
BOW,D,20140519,000000,2.3217,2.3217,2.3217,2.3217,1,0
BOW,D,20140520,000000,2.3217,2.3217,2.3217,2.3217,106,0
BOW,D,20140521,000000,2.1795,2.1795,2.1795,2.1795,52,0
BOW,D,20140522,000000,2.0848,2.1795,2.0469,2.1795,10595,0
BOW,D,20140523,000000,2.0848,2.2175,2.0848,2.2175,12779,0
BOW,D,20140527,000000,2.0848,2.227,2.0469,2.1795,10214,0
BOW,D,20140528,000000,2.0848,2.0848,2.0848,2.0848,623,0
BOW,D,20140529,000000,2.2743,2.2743,2.2743,2.2743,1,0
BOW,D,20140603,000000,2.227,2.227,2.227,2.227,1239,0
BOW,D,20140606,000000,2.2743,2.2743,2.2743,2.2743,106,0
BOW,D,20140609,000000,2.2743,2.2743,2.2743,2.2743,52,0
BOW,D,20140610,000000,2.2743,2.2743,2.2743,2.2743,106,0
BOW,D,20140612,000000,2.2743,2.2743,2.2743,2.2743,52,0
BOW,D,20140616,000000,2.2743,2.2743,2.2743,2.2743,52,0
BOW,D,20140617,000000,2.227,2.227,2.227,2.227,4221,0
BOW,D,20140618,000000,2.2649,2.2649,2.2649,2.2649,52,0
BOW,D,20140623,000000,2.2649,2.2649,2.0753,2.1701,4939,0
BOW,D,20140624,000000,2.189,2.189,2.189,2.189,4221,0
BOW,D,20140625,000000,2.2649,2.2649,2.1795,2.1795,6638,0
BOW,D,20140626,000000,2.227,2.227,2.227,2.227,5,0
BOW,D,20140627,000000,2.1795,2.2175,2.1795,2.2175,449,0
BOW,D,20140630,000000,2.2175,2.2175,2.2175,2.2175,527,0
BOW,D,20140707,000000,2.1227,2.1227,2.1133,2.1133,3450,0
BOW,D,20140709,000000,2.0375,2.0375,2.0375,2.0375,50,0
BOW,D,20140714,000000,2.1227,2.1227,2.0375,2.1227,148,0
BOW,D,20140715,000000,2.0375,2.227,2.0375,2.227,11314,0
BOW,D,20140716,000000,2.2743,2.3217,1.8952,2.0658,10445,0
BOW,D,20140717,000000,2.1606,2.1606,2.1606,2.1606,10,0
BOW,D,20140718,000000,2.2459,2.2459,2.2459,2.2459,10,0
BOW,D,20140723,000000,2.0089,2.0564,2.0089,2.0375,10965,0
BOW,D,20140725,000000,2.0658,2.0658,2.0469,2.0469,1251,0
BOW,D,20140728,000000,2.0564,2.0564,1.8858,1.8952,9557,0
BOW,D,20140729,000000,1.8952,1.9332,1.8952,1.9332,2243,0
BOW,D,20140730,000000,1.9332,1.9332,1.9332,1.9332,26,0
BOW,D,20140804,000000,1.9048,1.9048,1.8952,1.8952,1794,0
BOW,D,20140805,000000,1.9332,1.9616,1.9332,1.9616,950,0
BOW,D,20140806,000000,1.9616,1.9616,1.9616,1.9616,26,0
BOW,D,20140808,000000,1.9616,1.9616,1.9616,1.9616,10,0
BOW,D,20140811,000000,1.9616,1.9616,1.9616,1.9616,10,0
BOW,D,20140813,000000,1.9616,1.9616,1.9616,1.9616,10,0
BOW,D,20140820,000000,1.9616,1.9711,1.9616,1.9711,1952,0
BOW,D,20140821,000000,1.9806,1.9806,1.9806,1.9806,52,0
BOW,D,20140825,000000,1.9806,1.9806,1.9806,1.9806,10,0
BOW,D,20140828,000000,1.9806,1.9806,1.9806,1.9806,10,0
BOW,D,20140829,000000,2.0375,2.0375,2.0375,2.0375,169,0
BOW,D,20140901,000000,2.0658,2.0658,1.9521,1.9806,6791,0
BOW,D,20140902,000000,1.9806,1.9806,1.9806,1.9806,351,0
BOW,D,20140904,000000,1.9521,1.9616,1.8952,1.9616,1234,0
BOW,D,20140905,000000,1.8763,1.9427,1.8763,1.9427,291,0
BOW,D,20140908,000000,1.9238,1.9238,1.9238,1.9238,52,0
BOW,D,20140909,000000,1.9238,1.9238,1.8858,1.8858,7710,0
BOW,D,20140910,000000,1.8005,1.8005,1.8005,1.8005,3953,0
BOW,D,20140911,000000,1.8005,1.8005,1.8005,1.8005,143,0
BOW,D,20140915,000000,1.8005,1.8005,1.8005,1.8005,422,0
BOW,D,20140916,000000,1.8005,1.8005,1.7246,1.7342,8465,0
BOW,D,20140917,000000,1.7246,1.7246,1.5636,1.592,17500,0
BOW,D,20140918,000000,1.6109,1.7721,1.6109,1.7721,24796,0
BOW,D,20140919,000000,1.7532,1.7532,1.6774,1.6774,17550,0
BOW,D,20140922,000000,1.7152,1.7152,1.6774,1.7152,3334,0
BOW,D,20140923,000000,1.6774,1.6774,1.6678,1.6678,8066,0
BOW,D,20140924,000000,1.6678,1.6678,1.6678,1.6678,1229,0
BOW,D,20140925,000000,1.6678,1.7152,1.6678,1.7152,422,0
BOW,D,20140926,000000,1.6678,1.6678,1.5541,1.6678,18939,0
BOW,D,20140929,000000,1.6868,1.6868,1.6868,1.6868,10,0
BOW,D,20141001,000000,1.6015,1.6015,1.6015,1.6015,2639,0
BOW,D,20141006,000000,1.6584,1.6584,1.6584,1.6584,10,0
BOW,D,20141007,000000,1.6584,1.6584,1.6584,1.6584,1604,0
BOW,D,20141009,000000,1.6584,1.6584,1.6584,1.6584,21,0
BOW,D,20141010,000000,1.6488,1.6488,1.6488,1.6488,26,0
BOW,D,20141013,000000,1.6584,1.7532,1.6584,1.7532,4185,0
BOW,D,20141014,000000,1.7342,1.8289,1.7342,1.7721,3420,0
BOW,D,20141015,000000,1.8289,1.8289,1.8289,1.8289,207,0
BOW,D,20141016,000000,1.8194,1.8194,1.8194,1.8194,26,0
BOW,D,20141020,000000,1.7246,1.7246,1.7246,1.7246,1056,0
BOW,D,20141021,000000,1.7626,1.7626,1.7152,1.7626,1086,0
BOW,D,20141024,000000,1.7246,1.7532,1.7246,1.7532,623,0
BOW,D,20141028,000000,1.7532,1.7532,1.7532,1.7532,21,0
BOW,D,20141030,000000,1.7532,1.7532,1.7532,1.7532,1045,0
BOW,D,20141105,000000,1.7057,1.7057,1.7057,1.7057,1051,0
BOW,D,20141112,000000,1.6394,1.7057,1.6394,1.7057,539,0
BOW,D,20141113,000000,1.6678,1.6678,1.6488,1.6488,116,0
BOW,D,20141114,000000,1.6394,1.6394,1.6394,1.6394,15,0
BOW,D,20141117,000000,1.7057,1.7057,1.6584,1.7057,602,0
BOW,D,20141118,000000,1.6584,1.6584,1.592,1.592,5737,0
BOW,D,20141119,000000,1.5351,1.5351,1.5257,1.5257,2344,0
BOW,D,20141120,000000,1.5351,1.5351,1.5257,1.5257,1813,0
BOW,D,20141126,000000,1.6109,1.6109,1.6109,1.6109,10,0
BOW,D,20141201,000000,1.6109,1.6868,1.5351,1.5351,7136,0
BOW,D,20141202,000000,1.5351,1.5351,1.5351,1.5351,2596,0
BOW,D,20141204,000000,1.6015,1.6015,1.6015,1.6015,10,0
BOW,D,20141205,000000,1.6015,1.6015,1.6015,1.6015,10,0
BOW,D,20141208,000000,1.6015,1.6015,1.6015,1.6015,10,0
BOW,D,20141210,000000,1.6015,1.6015,1.6015,1.6015,10,0
BOW,D,20141215,000000,1.6015,1.6015,1.6015,1.6015,10,0
BOW,D,20141216,000000,1.5257,1.5257,1.5257,1.5257,613,0
BOW,D,20141217,000000,1.5257,1.5257,1.5257,1.5257,527,0
BOW,D,20141218,000000,1.5162,1.5162,1.4688,1.4688,143,0
BOW,D,20141219,000000,1.5068,1.5068,1.5068,1.5068,10,0
BOW,D,20141222,000000,1.5068,1.5068,1.4973,1.4973,345,0
BOW,D,20141223,000000,1.4214,1.4214,1.4214,1.4214,2110,0
BOW,D,20141230,000000,1.4593,1.4593,1.4593,1.4593,10,0
BOW,D,20150102,000000,1.374,1.374,1.2414,1.3267,2901,0
BOW,D,20150105,000000,1.3267,1.3456,1.3267,1.3456,369,0
BOW,D,20150107,000000,1.3362,1.3456,1.3362,1.3456,539,0
BOW,D,20150108,000000,1.2604,1.3362,1.2604,1.3362,683,0
BOW,D,20150109,000000,1.4025,1.4025,1.4025,1.4025,106,0
BOW,D,20150112,000000,1.4025,1.4025,1.3835,1.4025,564,0
BOW,D,20150113,000000,1.4404,1.4404,1.4404,1.4404,52,0
BOW,D,20150114,000000,1.4404,1.4404,1.4404,1.4404,15,0
BOW,D,20150123,000000,1.3645,1.4214,1.3645,1.4214,264,0
BOW,D,20150127,000000,1.4309,1.4404,1.3645,1.4404,433,0
BOW,D,20150129,000000,1.4404,1.6109,1.4404,1.6109,12019,0
BOW,D,20150130,000000,1.6109,1.7721,1.4878,1.5636,13226,0
BOW,D,20150202,000000,1.5636,1.5636,1.4878,1.5636,643,0
BOW,D,20150203,000000,1.5636,1.6488,1.5636,1.6488,5524,0
BOW,D,20150204,000000,1.6488,1.6488,1.6488,1.6488,180,0
BOW,D,20150205,000000,1.6205,1.7057,1.6109,1.6205,17084,0
BOW,D,20150206,000000,1.6205,1.6205,1.6205,1.6205,10,0
BOW,D,20150209,000000,1.6205,1.6205,1.6205,1.6205,10,0
BOW,D,20150213,000000,1.6205,1.6205,1.6205,1.6205,116,0
BOW,D,20150216,000000,1.5636,1.5636,1.5351,1.5351,3586,0
BOW,D,20150217,000000,1.6584,1.6774,1.6394,1.6394,23560,0
BOW,D,20150218,000000,1.6678,1.6678,1.6678,1.6678,3000,0
BOW,D,20150219,000000,1.6678,1.6678,1.6678,1.6678,21,0
BOW,D,20150220,000000,1.6678,1.6678,1.6678,1.6678,1802,0
BOW,D,20150224,000000,1.6299,1.6299,1.6015,1.6015,2521,0
BOW,D,20150226,000000,1.5636,1.5636,1.5636,1.5636,2847,0
BOW,D,20150304,000000,1.5826,1.5826,1.5826,1.5826,923,0
BOW,D,20150305,000000,1.6109,1.6299,1.5636,1.6299,135716,0
BOW,D,20150306,000000,1.6299,1.6299,1.6299,1.6299,3821,0
BOW,D,20150311,000000,1.5541,1.5541,1.5541,1.5541,1021,0
BOW,D,20150316,000000,1.5636,1.5636,1.4973,1.4973,5830,0
BOW,D,20150317,000000,1.4973,1.4973,1.4973,1.4973,932,0
BOW,D,20150318,000000,1.4593,1.4593,1.4404,1.4404,3705,0
BOW,D,20150319,000000,1.4499,1.4688,1.4499,1.4688,66825,0
BOW,D,20150320,000000,1.4878,1.6015,1.4878,1.5826,19493,0
BOW,D,20150324,000000,1.5636,1.5636,1.5636,1.5636,126,0
BOW,D,20150327,000000,1.592,1.592,1.592,1.592,1377,0
BOW,D,20150330,000000,1.5636,1.5636,1.5636,1.5636,1583,0
BOW,D,20150402,000000,1.6584,1.6584,1.5636,1.6394,8252,0
BOW,D,20150407,000000,1.5636,1.5636,1.5636,1.5636,3388,0
BOW,D,20150409,000000,1.5541,1.5541,1.5257,1.5257,1061,0
BOW,D,20150410,000000,1.4499,1.4688,1.4499,1.4688,11555,0
BOW,D,20150415,000000,1.4688,1.4688,1.4688,1.4688,3218,0
BOW,D,20150416,000000,1.4688,1.4688,1.4688,1.4688,2110,0
BOW,D,20150417,000000,1.4688,1.4688,1.4688,1.4688,527,0
BOW,D,20150420,000000,1.4688,1.4688,1.4688,1.4688,1583,0
BOW,D,20150422,000000,1.4404,1.4404,1.4404,1.4404,10,0
BOW,D,20150423,000000,1.4309,1.4309,1.3931,1.3931,3166,0
BOW,D,20150424,000000,1.4309,1.4404,1.4309,1.4404,739,0
BOW,D,20150428,000000,1.4404,1.4404,1.3835,1.3835,4221,0
BOW,D,20150429,000000,1.3835,1.3835,1.3835,1.3835,527,0
BOW,D,20150430,000000,1.3835,1.3835,1.3835,1.3835,527,0
BOW,D,20150504,000000,1.3835,1.4214,1.3835,1.4214,7775,0
BOW,D,20150505,000000,1.4214,1.4214,1.4214,1.4214,2804,0
BOW,D,20150506,000000,1.4214,1.5257,1.4214,1.5257,3996,0
BOW,D,20150508,000000,1.5068,1.5068,1.5068,1.5068,2337,0
BOW,D,20150511,000000,1.4309,1.5636,1.4309,1.4309,17890,0
BOW,D,20150514,000000,1.4688,1.5636,1.4688,1.4973,11933,0
BOW,D,20150515,000000,1.5541,1.5636,1.5162,1.5162,13074,0
BOW,D,20150518,000000,1.5068,1.5068,1.4214,1.4973,20816,0
BOW,D,20150519,000000,1.4973,1.4973,1.4973,1.4973,95,0
BOW,D,20150520,000000,1.4973,1.8005,1.4973,1.8005,119585,0
BOW,D,20150521,000000,1.7911,2.1512,1.7911,1.8384,35452,0
BOW,D,20150522,000000,1.8194,1.8763,1.7057,1.8005,16339,0
BOW,D,20150525,000000,1.8005,1.9427,1.6299,1.6299,3424,0
BOW,D,20150526,000000,1.7152,1.81,1.6584,1.7626,14801,0
BOW,D,20150527,000000,1.7342,1.7342,1.6299,1.6678,11816,0
BOW,D,20150528,000000,1.6584,1.6678,1.6299,1.6678,16337,0
BOW,D,20150529,000000,1.6584,1.6584,1.4973,1.592,25872,0
BOW,D,20150601,000000,1.6109,1.6109,1.5731,1.5731,5824,0
BOW,D,20150602,000000,1.6109,1.6868,1.5826,1.6109,12095,0
BOW,D,20150603,000000,1.6205,1.9521,1.6109,1.9142,208175,0
BOW,D,20150605,000000,2.189,2.3122,1.9142,1.9142,75296,0
BOW,D,20150608,000000,1.9238,1.9238,1.7532,1.8005,46115,0
BOW,D,20150609,000000,1.8005,1.848,1.7815,1.7815,12383,0
BOW,D,20150610,000000,1.8384,2.0185,1.7721,1.9427,55719,0
BOW,D,20150611,000000,1.9616,1.9616,1.9048,1.9238,2777,0
BOW,D,20150612,000000,1.9238,1.9238,1.7815,1.9142,4836,0
BOW,D,20150615,000000,1.9142,1.9142,1.9142,1.9142,527,0
BOW,D,20150616,000000,1.848,1.848,1.7815,1.8384,2769,0
BOW,D,20150617,000000,1.848,1.848,1.848,1.848,1,0
BOW,D,20150619,000000,1.7911,1.81,1.7815,1.81,2020,0
BOW,D,20150622,000000,1.7815,1.81,1.7152,1.8005,12633,0
BOW,D,20150623,000000,1.8005,1.8005,1.8005,1.8005,35,0
BOW,D,20150624,000000,1.7057,1.7815,1.7057,1.7721,42029,0
BOW,D,20150625,000000,1.8384,1.9332,1.8384,1.9332,7383,0
BOW,D,20150626,000000,1.8574,1.9048,1.8384,1.9048,686,0
BOW,D,20150629,000000,1.8194,1.9332,1.7815,1.8952,15913,0
BOW,D,20150630,000000,1.9332,1.9332,1.9238,1.9238,2,0
BOW,D,20150701,000000,1.7437,1.9142,1.7437,1.8384,2136,0
BOW,D,20150702,000000,1.9332,1.9332,1.9332,1.9332,5,0
BOW,D,20150703,000000,1.8952,1.9332,1.8669,1.9332,5049,0
BOW,D,20150707,000000,1.8763,2.2553,1.8763,1.9521,116016,0
BOW,D,20150708,000000,1.9616,1.9616,1.848,1.9238,7228,0
BOW,D,20150713,000000,1.9238,2.0658,1.9238,1.9995,6177,0
BOW,D,20150714,000000,1.9995,2.0185,1.9995,2.0185,4702,0
BOW,D,20150715,000000,2.0848,2.0848,2.0564,2.0564,7480,0
BOW,D,20150716,000000,2.0753,2.1512,2.0753,2.1512,4110,0
BOW,D,20150717,000000,2.1417,2.2364,2.1133,2.1133,27564,0
BOW,D,20150720,000000,2.1606,2.2743,2.1606,2.1795,19196,0
BOW,D,20150721,000000,2.2364,2.2933,2.1701,2.1701,4844,0
BOW,D,20150722,000000,2.1512,2.2839,2.1227,2.1227,10412,0
BOW,D,20150723,000000,2.2175,2.2175,2.1227,2.1227,1045,0
BOW,D,20150724,000000,2.1417,2.1417,2.0564,2.1417,1277,0
BOW,D,20150727,000000,2.0564,2.1133,2.0564,2.1133,3229,0
BOW,D,20150728,000000,2.1038,2.1038,2.1038,2.1038,1583,0
BOW,D,20150729,000000,2.028,2.1038,2.028,2.1038,1061,0
BOW,D,20150804,000000,2.028,2.1133,2.028,2.1133,1066,0
BOW,D,20150805,000000,2.1227,2.1227,2.1227,2.1227,1893,0
BOW,D,20150810,000000,2.028,2.1133,2.028,2.1133,4232,0
BOW,D,20150811,000000,2.1038,2.2839,2.1038,2.2743,20439,0
BOW,D,20150812,000000,2.2743,2.2839,2.189,2.2743,7583,0
BOW,D,20150813,000000,2.2175,2.2175,2.2175,2.2175,341,0
BOW,D,20150817,000000,2.1701,2.1701,2.1417,2.1417,3556,0
BOW,D,20150818,000000,2.189,2.189,2.1417,2.1417,1583,0
BOW,D,20150819,000000,2.1227,2.1795,2.1038,2.1417,4498,0
BOW,D,20150821,000000,2.0658,2.0658,2.0658,2.0658,3963,0
BOW,D,20150824,000000,1.8952,2.0375,1.8005,1.9711,15647,0
BOW,D,20150825,000000,1.8289,1.9711,1.8289,1.8763,8310,0
BOW,D,20150826,000000,1.8669,1.8669,1.8669,1.8669,3963,0
BOW,D,20150827,000000,1.8289,1.8669,1.8005,1.8669,1067,0
BOW,D,20150831,000000,1.8669,1.8952,1.8669,1.8952,5134,0
BOW,D,20150901,000000,1.8952,1.8952,1.8858,1.8858,16114,0
BOW,D,20150904,000000,1.9332,1.9332,1.9332,1.9332,2807,0
BOW,D,20150909,000000,1.8763,2.028,1.8763,2.028,5051,0
BOW,D,20150910,000000,1.9238,1.99,1.9238,1.99,4396,0
BOW,D,20150914,000000,1.9332,1.9332,1.9332,1.9332,469,0
BOW,D,20150915,000000,1.8669,1.9048,1.8669,1.8669,4310,0
BOW,D,20150917,000000,1.9142,1.9142,1.8384,1.9142,331,0
BOW,D,20150918,000000,1.8952,1.8952,1.8952,1.8952,42,0
BOW,D,20150921,000000,1.8384,1.9142,1.8384,1.9142,713,0
BOW,D,20150923,000000,1.8384,1.9142,1.6584,1.8574,6369,0
BOW,D,20150924,000000,1.7815,1.7911,1.7815,1.7911,1862,0
BOW,D,20150925,000000,1.7911,1.7911,1.7815,1.7815,3051,0
BOW,D,20150928,000000,1.8574,1.8574,1.8574,1.8574,10,0
BOW,D,20150929,000000,1.7815,1.7815,1.7815,1.7815,1296,0
BOW,D,20150930,000000,1.7815,1.7815,1.7815,1.7815,580,0
BOW,D,20151001,000000,1.7815,1.7815,1.7815,1.7815,1130,0
BOW,D,20151002,000000,1.7815,1.8574,1.7815,1.8574,1066,0
BOW,D,20151005,000000,1.848,1.99,1.7911,1.99,15676,0
BOW,D,20151006,000000,1.9521,2.0848,1.9427,2.0089,58419,0
BOW,D,20151007,000000,2.0089,2.0089,1.9806,1.9806,2759,0
BOW,D,20151008,000000,1.8952,2.0658,1.8952,2.0658,47914,0
BOW,D,20151009,000000,2.1227,2.1795,2.1227,2.1795,6822,0
BOW,D,20151012,000000,2.1038,2.1701,2.0848,2.1606,3163,0
BOW,D,20151013,000000,2.1512,2.1606,2.0753,2.1606,36416,0
BOW,D,20151014,000000,2.1038,2.1038,2.1038,2.1038,4078,0
BOW,D,20151015,000000,2.1512,2.1512,2.1512,2.1512,1056,0
BOW,D,20151016,000000,2.1417,2.1417,2.0848,2.0848,19594,0
BOW,D,20151019,000000,2.1417,2.1512,2.0848,2.1417,20980,0
BOW,D,20151020,000000,2.0848,2.0848,2.0848,2.0848,2110,0
BOW,D,20151021,000000,2.1417,2.1512,2.0185,2.0185,53924,0
BOW,D,20151022,000000,2.1227,2.1227,1.9142,1.9142,21964,0
BOW,D,20151023,000000,1.9142,1.9238,1.9142,1.9238,1266,0
BOW,D,20151026,000000,2.0089,2.0089,2.0089,2.0089,4032,0
BOW,D,20151027,000000,2.0089,2.0375,1.9427,1.9427,2565,0
BOW,D,20151028,000000,1.9427,1.9427,1.9427,1.9427,633,0
BOW,D,20151029,000000,1.9427,1.9427,1.9238,1.9427,5456,0
BOW,D,20151030,000000,1.9427,1.9427,1.9427,1.9427,685,0
BOW,D,20151102,000000,1.9427,1.9427,1.9427,1.9427,2301,0
BOW,D,20151103,000000,2.0375,2.0375,2.0375,2.0375,15,0
BOW,D,20151105,000000,1.9521,1.9521,1.9427,1.9427,4221,0
BOW,D,20151106,000000,2.028,2.028,2.028,2.028,5,0
BOW,D,20151113,000000,1.9427,1.9427,1.9427,1.9427,1056,0
BOW,D,20151116,000000,1.9427,1.9427,1.8952,1.8952,3218,0
BOW,D,20151117,000000,1.8952,1.8952,1.8384,1.8952,2448,0
BOW,D,20151119,000000,1.8858,1.8858,1.8858,1.8858,474,0
BOW,D,20151120,000000,1.8858,1.8858,1.8858,1.8858,101,0
BOW,D,20151123,000000,1.8858,1.8858,1.8858,1.8858,582,0
BOW,D,20151124,000000,1.8384,1.8384,1.8005,1.8005,5118,0
BOW,D,20151125,000000,1.848,1.848,1.8005,1.848,317,0
BOW,D,20151126,000000,1.7721,1.8005,1.7721,1.8005,3680,0
BOW,D,20151127,000000,1.8005,1.8005,1.8005,1.8005,211,0
BOW,D,20151130,000000,1.7721,1.7815,1.7721,1.7815,20985,0
BOW,D,20151201,000000,1.848,1.848,1.848,1.848,211,0
BOW,D,20151202,000000,1.7721,1.8384,1.7721,1.8384,2565,0
BOW,D,20151203,000000,1.7721,1.8384,1.7721,1.8289,1881,0
BOW,D,20151204,000000,1.7246,1.7246,1.7246,1.7246,4042,0
BOW,D,20151208,000000,1.7246,1.7246,1.7246,1.7246,598,0
BOW,D,20151210,000000,1.7057,1.7057,1.7057,1.7057,154,0
BOW,D,20151211,000000,1.7246,1.7246,1.7246,1.7246,1125,0
BOW,D,20151214,000000,1.6774,1.6774,1.6678,1.6678,9392,0
BOW,D,20151216,000000,1.6109,1.6774,1.6015,1.6774,7914,0
BOW,D,20151218,000000,1.5162,1.5162,1.4214,1.4214,17991,0
BOW,D,20151221,000000,1.5636,1.6394,1.5636,1.6109,5910,0
BOW,D,20151222,000000,1.6394,1.6678,1.6394,1.6678,2640,0
BOW,D,20151223,000000,1.6584,1.6584,1.6584,1.6584,1056,0
BOW,D,20160112,000000,1.5636,1.5636,1.5636,1.5636,4326,0
BOW,D,20160113,000000,1.5351,1.5351,1.5351,1.5351,5276,0
BOW,D,20160114,000000,1.4878,1.4878,1.4783,1.4783,5698,0
BOW,D,20160115,000000,1.4973,1.4973,1.4214,1.4214,21,0
BOW,D,20160118,000000,1.4214,1.4214,1.4214,1.4214,106,0
BOW,D,20160120,000000,1.4688,1.4688,1.4688,1.4688,1056,0
BOW,D,20160122,000000,1.5446,1.5446,1.5446,1.5446,1898,0
BOW,D,20160203,000000,1.5446,1.5446,1.5446,1.5446,84,0
BOW,D,20160205,000000,1.4688,1.4688,1.4688,1.4688,84,0
BOW,D,20160208,000000,1.5446,1.5446,1.4688,1.4688,734,0
BOW,D,20160209,000000,1.4688,1.4688,1.4688,1.4688,11,0
BOW,D,20160210,000000,1.5446,1.5446,1.5446,1.5446,1,0
BOW,D,20160216,000000,1.5446,1.6394,1.5446,1.6394,4303,0
BOW,D,20160217,000000,1.6678,1.6678,1.6678,1.6678,52,0
BOW,D,20160219,000000,1.592,1.6299,1.592,1.6299,5061,0
BOW,D,20160223,000000,1.6299,1.6299,1.6299,1.6299,106,0
BOW,D,20160229,000000,1.5826,1.6488,1.5826,1.6488,327,0
BOW,D,20160308,000000,1.7437,1.7437,1.7437,1.7437,1,0
BOW,D,20160321,000000,1.592,1.6488,1.5731,1.6488,3102,0
BOW,D,20160322,000000,1.6488,1.6488,1.6488,1.6488,1056,0
BOW,D,20160323,000000,1.6488,1.6488,1.6488,1.6488,1530,0
BOW,D,20160329,000000,1.6488,1.6488,1.6488,1.6488,106,0
BOW,D,20160331,000000,1.6205,1.6205,1.6205,1.6205,95852,0
BOW,D,20160401,000000,1.6299,1.6299,1.6299,1.6299,229,0
BOW,D,20160404,000000,1.6488,1.6774,1.6488,1.6774,1934,0
BOW,D,20160405,000000,1.6488,1.6488,1.6488,1.6488,580,0
BOW,D,20160407,000000,1.5731,1.6774,1.5731,1.6488,2681,0
BOW,D,20160411,000000,1.592,1.6488,1.592,1.6488,898,0
BOW,D,20160413,000000,1.6015,1.6488,1.6015,1.6488,82,0
BOW,D,20160415,000000,1.6488,1.8574,1.6488,1.8574,21063,0
BOW,D,20160418,000000,1.8574,1.9806,1.848,1.9142,68232,0
BOW,D,20160419,000000,1.8194,1.8669,1.7911,1.7911,4670,0
BOW,D,20160420,000000,1.8669,1.8669,1.8005,1.848,3864,0
BOW,D,20160421,000000,1.8858,2.0943,1.8858,2.0943,49131,0
BOW,D,20160422,000000,2.1227,2.227,1.9995,1.9995,3628,0
BOW,D,20160425,000000,2.1795,2.2553,2.1227,2.1701,47031,0
BOW,D,20160426,000000,2.1227,2.2081,2.0469,2.1322,71503,0
BOW,D,20160427,000000,2.1795,2.1795,2.1606,2.1606,18468,0
BOW,D,20160429,000000,2.1322,2.2553,2.1322,2.1986,3708,0
BOW,D,20160502,000000,2.1322,2.1322,2.1322,2.1322,106,0
BOW,D,20160504,000000,2.1795,2.1986,2.1322,2.1795,24377,0
BOW,D,20160505,000000,2.1795,2.1795,2.1417,2.1795,22912,0
BOW,D,20160506,000000,2.1795,2.189,2.1795,2.189,25378,0
BOW,D,20160510,000000,2.1795,2.1795,2.1795,2.1795,6121,0
BOW,D,20160511,000000,2.1795,2.1795,2.1417,2.1795,10076,0
BOW,D,20160512,000000,2.189,2.1986,2.189,2.1986,2123,0
BOW,D,20160513,000000,2.1417,2.1986,2.1417,2.1986,29035,0
BOW,D,20160516,000000,2.189,2.2933,2.189,2.2839,11966,0
BOW,D,20160517,000000,2.3217,2.4639,2.3217,2.4639,24800,0
BOW,D,20160518,000000,2.3501,2.4449,2.3501,2.4449,159,0
BOW,D,20160519,000000,2.4449,2.4449,2.4449,2.4449,158,0
BOW,D,20160520,000000,2.3501,2.407,2.3406,2.407,3799,0
BOW,D,20160523,000000,2.3028,2.3691,2.189,2.3691,11619,0
BOW,D,20160524,000000,2.3595,2.3595,2.3595,2.3595,16131,0
BOW,D,20160525,000000,2.3691,2.4259,2.3691,2.4259,3373,0
BOW,D,20160527,000000,2.4259,2.4354,2.4259,2.4259,1714,0
BOW,D,20160601,000000,2.3501,2.3501,2.3122,2.3312,7343,0
BOW,D,20160602,000000,2.2743,2.3312,2.2743,2.3217,2644,0
BOW,D,20160603,000000,2.2743,2.4259,2.2743,2.4259,165106,0
BOW,D,20160607,000000,2.407,2.6439,2.407,2.6439,12911,0
BOW,D,20160608,000000,2.6628,2.824,2.6059,2.7861,8808,0
BOW,D,20160609,000000,2.6724,2.7955,2.6724,2.7955,1984,0
BOW,D,20160610,000000,2.7007,2.7007,2.6534,2.6534,5184,0
BOW,D,20160613,000000,2.6534,2.7482,2.6059,2.7293,10146,0
BOW,D,20160614,000000,2.6059,2.7007,2.6059,2.7007,3166,0
BOW,D,20160615,000000,2.6534,2.6534,2.5587,2.6534,1631,0
BOW,D,20160616,000000,2.5587,2.5587,2.5112,2.5587,8459,0
BOW,D,20160617,000000,2.5112,2.5587,2.5112,2.5587,2500,0
BOW,D,20160621,000000,2.5587,2.5587,2.5587,2.5587,582,0
BOW,D,20160622,000000,2.4923,2.5301,2.4923,2.5301,2644,0
BOW,D,20160623,000000,2.4543,2.4543,2.4543,2.4543,1676,0
BOW,D,20160624,000000,2.4354,2.5492,2.4354,2.5492,1112,0
BOW,D,20160629,000000,2.5492,2.5492,2.5492,2.5492,3623,0
BOW,D,20160630,000000,2.5207,2.5492,2.5112,2.5492,4540,0
BOW,D,20160701,000000,2.5396,2.5492,2.5396,2.5492,180,0
BOW,D,20160704,000000,2.5112,2.5112,2.4639,2.4639,3298,0
BOW,D,20160706,000000,2.4639,2.4639,2.4639,2.4639,26,0
BOW,D,20160707,000000,2.4639,2.4639,2.3975,2.4639,2717,0
BOW,D,20160708,000000,2.3786,2.4259,2.3501,2.4259,2708,0
BOW,D,20160711,000000,2.4164,2.4164,2.4164,2.4164,10,0
BOW,D,20160712,000000,2.4164,2.4164,2.4164,2.4164,21,0
BOW,D,20160713,000000,2.4164,2.4639,2.4164,2.4639,630,0
BOW,D,20160719,000000,2.4639,2.7102,2.4639,2.6155,10657,0
BOW,D,20160720,000000,2.6249,2.7576,2.5681,2.7196,14547,0
BOW,D,20160721,000000,2.7196,2.7196,2.6155,2.7102,5466,0
BOW,D,20160722,000000,2.6913,2.7576,2.6818,2.7387,8270,0
BOW,D,20160726,000000,2.6818,2.7387,2.6628,2.6628,5699,0
BOW,D,20160727,000000,2.6249,2.8334,2.6249,2.7007,24135,0
BOW,D,20160728,000000,2.8144,2.8144,2.6249,2.6534,338,0
BOW,D,20160729,000000,2.805,2.8144,2.6249,2.7482,57184,0
BOW,D,20160801,000000,2.7955,2.7955,2.7861,2.7955,4363,0
BOW,D,20160802,000000,2.7955,3.7905,2.7955,3.7905,161435,0
BOW,D,20160803,000000,3.7905,4.1696,3.6009,3.6957,87068,0
BOW,D,20160804,000000,3.6957,3.9706,3.4115,3.7905,28545,0
BOW,D,20160805,000000,3.7905,3.8001,3.6009,3.7715,28332,0
BOW,D,20160808,000000,3.7905,3.819,3.4304,3.6768,38811,0
BOW,D,20160809,000000,3.5537,3.7147,3.222,3.5537,16188,0
BOW,D,20160810,000000,3.5537,3.7147,3.3641,3.6957,18239,0
BOW,D,20160811,000000,3.6957,3.6957,3.5251,3.6389,7713,0
BOW,D,20160812,000000,3.6389,3.6389,3.5157,3.6389,15862,0
BOW,D,20160817,000000,3.5441,3.5441,3.5062,3.5441,4050,0
BOW,D,20160818,000000,3.4589,3.4589,3.1367,3.4115,11793,0
BOW,D,20160819,000000,3.4115,3.6009,3.4115,3.5062,21702,0
BOW,D,20160822,000000,3.5062,3.582,3.4683,3.5726,14756,0
BOW,D,20160823,000000,3.5062,3.582,3.5062,3.5062,2127,0
BOW,D,20160824,000000,3.4683,3.5157,3.4209,3.4589,22076,0
BOW,D,20160825,000000,3.4304,3.4304,3.3547,3.3831,15932,0
BOW,D,20160826,000000,3.3831,3.5062,3.3831,3.4968,5778,0
BOW,D,20160829,000000,3.5441,3.5537,3.5441,3.5537,1430,0
BOW,D,20160830,000000,3.5537,3.6484,3.5537,3.6484,9610,0
BOW,D,20160831,000000,3.6957,3.7715,3.6484,3.7715,14540,0
BOW,D,20160901,000000,4.2928,4.4065,3.8852,4.2359,197822,0
BOW,D,20160902,000000,4.1602,4.1981,4.0464,4.0749,26005,0
BOW,D,20160905,000000,4.0749,4.0749,3.838,3.9138,50365,0
BOW,D,20160906,000000,3.8569,4.018,3.6009,3.6009,40444,0
BOW,D,20160907,000000,3.6199,3.6484,3.5062,3.5915,16319,0
BOW,D,20160908,000000,3.5251,3.582,3.5062,3.582,4496,0
BOW,D,20160909,000000,3.582,3.838,3.4683,3.7715,33107,0
BOW,D,20160912,000000,3.7715,3.7715,3.5726,3.6389,4609,0
BOW,D,20160913,000000,3.6957,3.6957,3.5537,3.6674,7463,0
BOW,D,20160914,000000,3.6578,3.6674,3.6484,3.6484,2186,0
BOW,D,20160915,000000,3.6484,3.6863,3.5915,3.6863,1184,0
BOW,D,20160916,000000,3.5631,3.6863,3.5537,3.6863,2052,0
BOW,D,20160919,000000,3.6484,3.6863,3.6484,3.6863,1674,0
BOW,D,20160920,000000,3.6863,3.6957,3.6009,3.6957,1750,0
BOW,D,20160921,000000,3.6105,3.6957,3.5537,3.6957,3981,0
BOW,D,20160923,000000,3.5631,3.6009,3.5631,3.6009,1711,0
BOW,D,20160926,000000,3.5631,3.6009,3.5347,3.6009,871,0
BOW,D,20160928,000000,3.5915,3.5915,3.5915,3.5915,1,0
BOW,D,20160929,000000,3.5915,3.5915,3.5915,3.5915,292,0
BOW,D,20160930,000000,3.5537,3.5537,3.5537,3.5537,492,0
BOW,D,20161003,000000,3.4873,3.5915,3.4589,3.5915,2653,0
BOW,D,20161004,000000,3.5157,3.5157,3.1462,3.1462,59262,0
BOW,D,20161005,000000,3.1746,3.3072,3.1746,3.3072,9624,0
BOW,D,20161006,000000,3.2694,3.3072,3.2599,3.3072,5343,0
BOW,D,20161007,000000,3.2694,3.3072,3.1746,3.2125,11646,0
BOW,D,20161010,000000,3.1556,3.2031,3.0798,3.1556,3664,0
BOW,D,20161011,000000,3.0988,3.2125,3.0988,3.1272,3627,0
BOW,D,20161012,000000,3.1272,3.1556,3.1083,3.1083,2556,0
BOW,D,20161013,000000,3.1272,3.2031,3.0894,3.2031,1192,0
BOW,D,20161014,000000,3.2031,3.2031,3.2031,3.2031,1,0
BOW,D,20161018,000000,3.1746,3.1746,3.1272,3.1746,2724,0
BOW,D,20161019,000000,3.1746,3.222,3.1746,3.222,5449,0
BOW,D,20161020,000000,3.222,3.3168,3.222,3.3168,37597,0
BOW,D,20161021,000000,3.3168,3.5915,3.3168,3.4589,19888,0
BOW,D,20161024,000000,3.4589,3.5915,3.4589,3.4589,4348,0
BOW,D,20161025,000000,3.4209,3.5441,3.4209,3.4589,5855,0
BOW,D,20161026,000000,3.4494,3.5726,3.4494,3.5441,8600,0
BOW,D,20161027,000000,3.5631,3.5915,3.4589,3.5915,3957,0
BOW,D,20161028,000000,3.4683,3.5251,3.4683,3.5062,1191,0
BOW,D,20161031,000000,3.5251,3.5347,3.3451,3.4778,10801,0
BOW,D,20161102,000000,3.4589,3.4589,3.3168,3.4399,4023,0
BOW,D,20161103,000000,3.4115,3.4589,3.4115,3.4589,6416,0
BOW,D,20161104,000000,3.3262,3.3451,3.222,3.3168,8115,0
BOW,D,20161107,000000,3.3072,3.3072,3.2314,3.3072,1759,0
BOW,D,20161109,000000,3.222,3.3072,3.1272,3.2503,5429,0
BOW,D,20161110,000000,3.2409,3.2409,3.2409,3.2409,746,0
BOW,D,20161114,000000,3.1367,3.2125,2.9377,3.0325,17370,0
BOW,D,20161115,000000,3.0325,3.0894,2.985,3.0894,4313,0
BOW,D,20161116,000000,3.023,3.023,2.9945,3.023,2259,0
BOW,D,20161117,000000,2.985,2.985,2.6913,2.8902,30083,0
BOW,D,20161118,000000,2.9282,3.0703,2.8713,3.023,5500,0
BOW,D,20161121,000000,3.0135,3.2694,3.0135,3.1746,13568,0
BOW,D,20161122,000000,3.1651,3.1651,3.1651,3.1651,10,0
BOW,D,20161123,000000,3.1651,3.1746,3.0419,3.1556,2603,0
BOW,D,20161124,000000,3.0419,3.0798,3.0325,3.0798,4010,0
BOW,D,20161128,000000,3.0703,3.0703,3.0703,3.0703,318,0
BOW,D,20161130,000000,3.0703,3.0703,3.0514,3.0514,665,0
BOW,D,20161201,000000,3.0703,3.2409,3.0608,3.222,5390,0
BOW,D,20161202,000000,3.222,3.222,2.9661,2.9661,5081,0
BOW,D,20161205,000000,3.1841,3.1841,3.0325,3.0325,2127,0
BOW,D,20161206,000000,3.1177,3.1272,3.0325,3.1272,5471,0
BOW,D,20161207,000000,3.1272,3.1272,3.0325,3.0325,2120,0
BOW,D,20161208,000000,3.0514,3.1746,3.0325,3.1746,2993,0
BOW,D,20161213,000000,3.1746,3.4778,3.1746,3.4589,17278,0
BOW,D,20161214,000000,3.5062,3.6768,3.4304,3.4589,42338,0
BOW,D,20161215,000000,3.4683,3.5062,3.4683,3.5062,563,0
BOW,D,20161216,000000,3.5062,3.838,3.5062,3.7715,43700,0
BOW,D,20161219,000000,3.5537,3.7147,3.5537,3.6009,34607,0
BOW,D,20161220,000000,3.6199,3.7432,3.6199,3.7432,3403,0
BOW,D,20161221,000000,3.7432,3.9516,3.7432,3.9138,13333,0
BOW,D,20161222,000000,3.9138,3.9138,3.9138,3.9138,251,0
BOW,D,20161223,000000,3.8948,3.8948,3.8569,3.8758,1552,0
BOW,D,20161227,000000,3.8758,3.8758,3.7905,3.7905,554,0
BOW,D,20161228,000000,3.8001,3.9801,3.7432,3.9801,9411,0
BOW,D,20161229,000000,3.9706,3.9801,3.7715,3.9801,8561,0
BOW,D,20161230,000000,3.8852,3.8852,3.8001,3.8758,5392,0
BOW,D,20170102,000000,3.9706,3.9706,3.9706,3.9706,303,0
BOW,D,20170103,000000,3.9706,4.217,3.9706,4.0369,14086,0
BOW,D,20170104,000000,4.1033,4.1696,3.9801,4.1412,5614,0
BOW,D,20170105,000000,4.1412,4.1412,3.9801,4.1412,6450,0
BOW,D,20170109,000000,4.1412,4.1602,4.1412,4.1602,905,0
BOW,D,20170110,000000,4.1506,4.1506,3.999,4.0749,1763,0
BOW,D,20170111,000000,4.0749,4.0749,4.0275,4.0749,1668,0
BOW,D,20170112,000000,4.1602,4.1696,4.1222,4.1696,9211,0
BOW,D,20170113,000000,4.1696,4.1885,4.0275,4.0275,18505,0
BOW,D,20170116,000000,4.0275,4.0275,4.0275,4.0275,6310,0
BOW,D,20170117,000000,4.0085,4.1412,3.9801,4.0749,2766,0
BOW,D,20170118,000000,3.999,4.0749,3.999,4.0749,1897,0
BOW,D,20170119,000000,4.1127,4.1127,4.1127,4.1127,125,0
BOW,D,20170120,000000,4.1127,4.1127,3.9896,4.1127,1059,0
BOW,D,20170123,000000,4.1127,4.1127,4.1033,4.1033,3007,0
BOW,D,20170124,000000,4.0369,4.1791,3.9801,4.1791,20773,0
BOW,D,20170125,000000,4.1791,4.6339,4.1791,4.6339,53259,0
BOW,D,20170126,000000,4.6245,4.9277,4.4445,4.4445,41107,0
BOW,D,20170127,000000,4.4065,4.6245,4.3118,4.4065,26391,0
BOW,D,20170130,000000,4.4539,4.5487,4.3591,4.5297,35186,0
BOW,D,20170131,000000,4.5203,4.5203,4.4065,4.4065,20332,0
BOW,D,20170201,000000,4.5203,4.6434,4.5013,4.6339,12356,0
BOW,D,20170202,000000,4.6624,4.7571,4.615,4.615,14575,0
BOW,D,20170203,000000,4.615,4.6434,4.5582,4.615,4799,0
BOW,D,20170206,000000,4.6056,4.615,4.5487,4.6056,5456,0
BOW,D,20170207,000000,4.5013,4.6056,4.4255,4.6056,8273,0
BOW,D,20170208,000000,4.596,4.596,4.435,4.435,9982,0
BOW,D,20170209,000000,4.4255,4.5107,4.3781,4.3781,10628,0
BOW,D,20170210,000000,4.2264,4.5676,4.2264,4.5676,14042,0
BOW,D,20170213,000000,4.5676,4.5676,4.4065,4.435,6046,0
BOW,D,20170214,000000,4.4539,4.5013,4.435,4.435,1385,0
BOW,D,20170215,000000,4.435,4.5582,4.3687,4.5582,9296,0
BOW,D,20170216,000000,4.5487,4.5676,4.5392,4.5487,5483,0
BOW,D,20170217,000000,4.4255,4.4539,4.4255,4.4255,3859,0
BOW,D,20170220,000000,4.5297,4.5297,4.4255,4.4255,808,0
BOW,D,20170221,000000,4.4255,4.5771,4.4255,4.5487,8568,0
BOW,D,20170222,000000,4.5676,5.0225,4.4728,4.4728,102247,0
BOW,D,20170223,000000,4.5487,4.5487,4.3781,4.5392,17989,0
BOW,D,20170224,000000,4.4159,4.5297,4.3591,4.4728,12504,0
BOW,D,20170227,000000,4.4634,4.5013,4.3591,4.5013,4718,0
BOW,D,20170228,000000,4.3591,4.4255,4.217,4.217,8318,0
BOW,D,20170301,000000,4.2644,4.4159,4.2264,4.3781,5111,0
BOW,D,20170302,000000,4.2739,4.4065,4.2739,4.3591,2694,0
BOW,D,20170303,000000,4.4065,4.5107,4.3402,4.4539,9394,0
BOW,D,20170306,000000,4.4634,4.4634,4.3118,4.3118,5804,0
BOW,D,20170307,000000,4.3212,4.4634,4.1696,4.1791,12733,0
BOW,D,20170308,000000,4.1791,4.255,4.1696,4.255,3930,0
BOW,D,20170309,000000,4.2644,4.3497,4.0275,4.0275,13324,0
BOW,D,20170310,000000,4.1696,4.1696,3.8474,4.1412,3079,0
BOW,D,20170313,000000,3.9327,4.2644,3.9327,4.2644,12240,0
BOW,D,20170314,000000,4.217,4.3497,4.0749,4.3118,3003,0
BOW,D,20170315,000000,4.2644,4.4539,4.2644,4.4445,7967,0
BOW,D,20170316,000000,4.4539,4.5392,4.4539,4.5392,21369,0
BOW,D,20170317,000000,4.5392,4.5392,4.5013,4.5013,270,0
BOW,D,20170320,000000,4.4539,4.4539,4.2644,4.4445,11715,0
BOW,D,20170321,000000,4.2833,4.4445,4.2833,4.4445,6190,0
BOW,D,20170322,000000,4.3022,4.435,4.3022,4.4255,1391,0
BOW,D,20170324,000000,4.3118,4.4445,4.3022,4.4445,3251,0
BOW,D,20170327,000000,4.3022,4.4634,4.2928,4.4634,318,0
BOW,D,20170328,000000,4.4445,4.7287,4.4445,4.7003,109201,0
BOW,D,20170329,000000,4.6907,4.6907,4.5582,4.5865,25945,0
BOW,D,20170330,000000,4.5771,4.596,4.5771,4.5771,4386,0
BOW,D,20170331,000000,4.5865,4.6528,4.4728,4.6528,7962,0
BOW,D,20170403,000000,4.596,4.6907,4.596,4.6718,6575,0
BOW,D,20170404,000000,4.5582,5.013,4.5582,4.6245,120892,0
BOW,D,20170405,000000,4.7761,4.8708,4.6907,4.6907,35980,0
BOW,D,20170406,000000,4.7003,4.8519,4.5582,4.7761,84405,0
BOW,D,20170407,000000,4.7382,4.7761,4.6907,4.7382,15621,0
BOW,D,20170410,000000,4.6624,4.7097,4.596,4.7097,2111,0
BOW,D,20170411,000000,4.7003,4.7003,4.596,4.6813,4569,0
BOW,D,20170412,000000,4.6718,4.6718,4.5582,4.5676,1741,0
BOW,D,20170413,000000,4.5771,4.5771,4.4918,4.5297,11669,0
BOW,D,20170418,000000,4.5392,4.5487,4.4255,4.5487,6542,0
BOW,D,20170420,000000,4.5487,4.5487,4.5487,4.5487,317,0
BOW,D,20170421,000000,4.5013,4.5487,4.5013,4.5487,6331,0
BOW,D,20170424,000000,4.5013,4.5865,4.4634,4.5865,1061,0
BOW,D,20170425,000000,4.4634,4.5487,4.4255,4.5487,5910,0
BOW,D,20170426,000000,4.397,4.5487,4.397,4.5487,496,0
BOW,D,20170427,000000,4.5392,4.5487,4.5392,4.5487,954,0
BOW,D,20170428,000000,4.5487,4.5487,4.5487,4.5487,1056,0
BOW,D,20170502,000000,4.4159,4.5487,4.4065,4.5487,3486,0
BOW,D,20170504,000000,4.5392,4.5392,4.5392,4.5392,65,0
BOW,D,20170505,000000,4.4728,4.5297,4.3876,4.4539,7406,0
BOW,D,20170508,000000,4.4539,4.596,4.4539,4.5771,7747,0
BOW,D,20170509,000000,4.5487,4.596,4.4159,4.5487,8900,0
BOW,D,20170510,000000,4.5487,4.5771,4.5487,4.5771,359,0
BOW,D,20170511,000000,4.5771,4.6907,4.5676,4.6907,24275,0
BOW,D,20170512,000000,4.6813,4.6907,4.5865,4.6434,45017,0
BOW,D,20170515,000000,4.7382,5.0699,4.6907,5.0699,387651,0
BOW,D,20170516,000000,5.0699,5.1646,4.8708,5.1172,82724,0
BOW,D,20170517,000000,5.1077,5.1552,4.9277,5.1552,41654,0
BOW,D,20170518,000000,5.2614,5.522,4.8366,5.1841,28724,0
BOW,D,20170519,000000,5.1841,5.1841,5.0007,5.1648,8020,0
BOW,D,20170522,000000,5.1938,5.213,5.0199,5.213,11294,0
BOW,D,20170523,000000,5.213,5.213,5.0199,5.213,8662,0
BOW,D,20170524,000000,5.213,5.213,5.0683,5.213,3557,0
BOW,D,20170525,000000,5.2034,5.242,4.8269,5.1165,26221,0
BOW,D,20170526,000000,5.1165,5.213,5.1165,5.213,11743,0
BOW,D,20170529,000000,5.242,5.2614,5.242,5.2614,4123,0
BOW,D,20170530,000000,5.2614,5.3096,5.1261,5.3096,14578,0
BOW,D,20170531,000000,5.3096,5.3385,5.1648,5.3385,39105,0
BOW,D,20170601,000000,5.3579,5.4061,5.1745,5.3192,78208,0
BOW,D,20170602,000000,5.3192,5.4061,5.3096,5.3965,30969,0
BOW,D,20170605,000000,5.3965,5.4061,5.3096,5.3772,10385,0
BOW,D,20170606,000000,5.3676,5.3676,5.213,5.271,14827,0
BOW,D,20170607,000000,5.2903,5.3676,5.213,5.3192,25564,0
BOW,D,20170608,000000,5.213,5.3096,5.213,5.3096,8374,0
BOW,D,20170609,000000,5.3482,5.3482,5.2999,5.2999,63,0
BOW,D,20170612,000000,5.2999,5.3579,5.213,5.2807,16194,0
BOW,D,20170613,000000,5.2903,5.2999,5.1648,5.2903,18744,0
BOW,D,20170614,000000,5.213,5.2903,5.1165,5.213,28450,0
BOW,D,20170616,000000,5.1261,5.2614,5.1165,5.2614,4133,0
BOW,D,20170619,000000,5.213,5.213,5.213,5.213,191,0
BOW,D,20170620,000000,5.213,5.213,4.9428,5.0199,28984,0
BOW,D,20170621,000000,5.1938,5.1938,4.8269,5.0199,2777,0
BOW,D,20170622,000000,5.0199,5.0199,4.8269,4.9235,3399,0
BOW,D,20170623,000000,5.0007,5.0007,5.0007,5.0007,51,0
BOW,D,20170626,000000,4.991,5.0199,4.9814,5.0199,7274,0
BOW,D,20170627,000000,4.9814,4.9814,4.9717,4.9814,1941,0
BOW,D,20170628,000000,4.9235,4.9814,4.8752,4.9814,2082,0
BOW,D,20170629,000000,4.8945,4.8945,4.8269,4.8752,9479,0
BOW,D,20170630,000000,4.8366,4.9428,4.5469,4.8269,10661,0
BOW,D,20170703,000000,4.8173,4.8173,4.5855,4.6339,880,0
BOW,D,20170704,000000,4.5469,4.5759,4.3442,4.5759,11621,0
BOW,D,20170705,000000,4.3442,4.3538,4.2573,4.3442,30225,0
BOW,D,20170706,000000,4.4891,4.5277,4.3538,4.5277,625,0
BOW,D,20170707,000000,4.5277,4.5277,4.5277,4.5277,1,0
BOW,D,20170710,000000,4.5084,4.5084,4.5084,4.5084,207,0
BOW,D,20170711,000000,4.3731,4.4697,4.3442,4.4697,2664,0
BOW,D,20170713,000000,4.3925,4.4891,4.3731,4.3731,6308,0
BOW,D,20170714,000000,4.3829,4.4891,4.3442,4.4891,1652,0
BOW,D,20170717,000000,4.4891,4.4891,4.3442,4.4891,409,0
BOW,D,20170718,000000,4.3442,4.4022,4.3442,4.4022,1264,0
BOW,D,20170719,000000,4.4118,4.4118,4.4118,4.4118,207,0
BOW,D,20170720,000000,4.3538,4.4311,4.3442,4.4311,2693,0
BOW,D,20170721,000000,4.4311,4.4311,4.4311,4.4311,1186,0
BOW,D,20170724,000000,4.4311,4.4311,4.3442,4.4311,3203,0
BOW,D,20170725,000000,4.3442,4.3442,3.9678,4.3442,11354,0
BOW,D,20170727,000000,4.3346,4.3346,4.3346,4.3346,231,0
BOW,D,20170731,000000,4.296,4.3346,4.0546,4.296,5581,0
BOW,D,20170801,000000,4.296,4.296,4.296,4.296,485,0
BOW,D,20170802,000000,4.1125,4.3249,4.1125,4.1318,388,0
BOW,D,20170803,000000,4.1318,4.1318,3.7457,3.7939,17646,0
BOW,D,20170804,000000,3.8616,4.0353,3.8616,4.0353,21910,0
BOW,D,20170807,000000,4.0353,4.0353,4.0353,4.0353,1,0
BOW,D,20170808,000000,3.9581,4.0256,3.9581,4.0256,311,0
BOW,D,20170809,000000,3.9485,3.9485,3.6781,3.8905,20122,0
BOW,D,20170810,000000,3.8519,3.8519,3.4754,3.6492,5598,0
BOW,D,20170811,000000,3.485,3.6588,3.3595,3.6492,7382,0
BOW,D,20170814,000000,3.4754,3.6492,3.4175,3.6492,2720,0
BOW,D,20170816,000000,3.6492,3.9967,3.6492,3.9967,5095,0
BOW,D,20170817,000000,3.8616,3.9967,3.765,3.8519,9068,0
BOW,D,20170818,000000,3.765,3.765,3.765,3.765,1,0
BOW,D,20170821,000000,3.765,3.9001,3.7457,3.9001,1136,0
BOW,D,20170822,000000,3.7843,4.1608,3.7843,3.8808,16807,0
BOW,D,20170823,000000,4.0353,4.0353,4.0353,4.0353,2,0
BOW,D,20170824,000000,3.8808,4.0353,3.8808,4.0353,2735,0
BOW,D,20170825,000000,4.0353,4.0353,4.0353,4.0353,991,0
BOW,D,20170828,000000,4.0353,4.0546,4.0353,4.0546,2382,0
BOW,D,20170829,000000,4.0256,4.0256,3.8423,4.0063,18935,0
BOW,D,20170830,000000,3.9581,3.9678,3.9485,3.9678,2538,0
BOW,D,20170831,000000,4.0063,4.0063,3.8423,3.8616,11849,0
BOW,D,20170901,000000,3.8325,3.8519,3.8325,3.8519,1517,0
BOW,D,20170904,000000,3.8132,3.8132,3.4754,3.6201,16908,0
BOW,D,20170905,000000,3.6201,3.765,3.4754,3.4947,1554,0
BOW,D,20170906,000000,3.4947,3.6685,3.4657,3.6685,4433,0
BOW,D,20170907,000000,3.6588,3.8036,3.3306,3.6588,6129,0
BOW,D,20170908,000000,3.485,3.6685,3.4754,3.4754,1392,0
BOW,D,20170911,000000,3.6201,3.6201,3.6201,3.6201,5,0
BOW,D,20170912,000000,3.6201,3.6201,3.3402,3.6201,1166,0
BOW,D,20170914,000000,3.5912,3.5912,3.3788,3.5237,2924,0
BOW,D,20170915,000000,3.3981,3.7167,3.3981,3.7167,2801,0
BOW,D,20170918,000000,3.7167,3.7167,3.4754,3.5719,1978,0
BOW,D,20170919,000000,3.485,3.707,3.485,3.6974,401,0
BOW,D,20170920,000000,3.6878,3.7167,3.6395,3.7167,1622,0
BOW,D,20170922,000000,3.6395,3.7167,3.6395,3.7167,1655,0
BOW,D,20170925,000000,3.7167,3.8616,3.7167,3.8616,11894,0
BOW,D,20170926,000000,3.8132,3.9581,3.8132,3.9485,2889,0
BOW,D,20170927,000000,3.9485,3.9581,3.9485,3.9581,3520,0
BOW,D,20170928,000000,3.8616,3.9581,3.5816,3.9581,30660,0
BOW,D,20170929,000000,3.9387,3.9485,3.9387,3.9485,2141,0
BOW,D,20171002,000000,3.9485,3.9485,3.5912,3.5912,4986,0
BOW,D,20171003,000000,3.5719,3.5719,3.234,3.3402,18565,0
BOW,D,20171004,000000,3.3692,3.3692,3.1857,3.2244,12492,0
BOW,D,20171005,000000,3.3306,3.8712,3.1857,3.8036,11859,0
BOW,D,20171006,000000,3.8036,3.8036,3.7554,3.7554,1352,0
BOW,D,20171010,000000,3.6685,3.6685,3.6685,3.6685,115,0
BOW,D,20171011,000000,3.6685,3.7554,3.485,3.7263,1850,0
BOW,D,20171012,000000,3.7361,3.7361,3.4947,3.7263,2649,0
BOW,D,20171013,000000,3.5719,3.6492,3.5719,3.6492,4368,0
BOW,D,20171016,000000,3.5043,3.6492,3.5043,3.6395,1111,0
BOW,D,20171017,000000,3.6492,3.6492,3.4368,3.485,7382,0
BOW,D,20171018,000000,3.4271,3.485,3.3595,3.485,4964,0
BOW,D,20171019,000000,3.485,3.485,3.485,3.485,1,0
BOW,D,20171020,000000,3.485,3.485,3.485,3.485,1042,0
BOW,D,20171023,000000,3.485,3.485,3.485,3.485,287,0
BOW,D,20171024,000000,3.2823,3.5139,2.9927,3.485,5460,0
BOW,D,20171025,000000,3.485,3.485,3.2244,3.2244,39655,0
BOW,D,20171026,000000,3.234,3.3499,3.0893,3.1375,9342,0
BOW,D,20171027,000000,3.1375,3.4175,3.1278,3.4078,9999,0
BOW,D,20171030,000000,3.3788,3.3788,3.0409,3.3788,4253,0
BOW,D,20171031,000000,3.2148,3.5139,3.1761,3.5139,7563,0
BOW,D,20171103,000000,3.5139,3.765,3.4271,3.707,1659,0
BOW,D,20171106,000000,3.765,3.765,3.5237,3.5237,2459,0
BOW,D,20171107,000000,3.5237,3.7263,3.4368,3.5043,4827,0
BOW,D,20171108,000000,3.6105,3.6105,3.3788,3.3788,5287,0
BOW,D,20171109,000000,3.3788,3.3788,3.2148,3.3209,3983,0
BOW,D,20171110,000000,3.3209,3.3788,3.234,3.3209,4154,0
BOW,D,20171113,000000,3.3692,3.3692,3.3209,3.3209,12,0
BOW,D,20171114,000000,3.2148,3.3113,3.1955,3.3113,3109,0
BOW,D,20171115,000000,3.234,3.2823,3.1857,3.2823,42828,0
BOW,D,20171116,000000,3.2726,3.3113,3.2726,3.3113,3235,0
BOW,D,20171117,000000,3.3113,3.3499,3.3113,3.3209,1668,0
BOW,D,20171120,000000,3.234,3.3402,3.2148,3.3402,1301,0
BOW,D,20171121,000000,3.3017,3.4657,3.3017,3.4561,12713,0
BOW,D,20171123,000000,3.4561,3.6685,3.4271,3.6201,31850,0
BOW,D,20171124,000000,3.6201,3.6588,3.6201,3.6588,5718,0
BOW,D,20171127,000000,3.6685,3.6685,3.5912,3.6395,820,0
BOW,D,20171128,000000,3.5912,3.6588,3.5912,3.6588,1821,0
BOW,D,20171129,000000,3.6588,3.6685,3.5719,3.6588,4001,0
BOW,D,20171130,000000,3.6588,3.6588,3.5719,3.6492,798,0
BOW,D,20171201,000000,3.6492,3.6492,3.5912,3.5912,1555,0
BOW,D,20171204,000000,3.5912,3.6201,3.5526,3.6201,1036,0
BOW,D,20171205,000000,3.485,3.6201,3.485,3.6201,329,0
BOW,D,20171206,000000,3.485,3.5719,3.485,3.5719,351,0
BOW,D,20171207,000000,3.485,3.5719,3.485,3.5623,1655,0
BOW,D,20171208,000000,3.5623,3.5623,3.5623,3.5623,797,0
BOW,D,20171211,000000,3.5623,3.5912,3.4754,3.5623,1359,0
BOW,D,20171213,000000,3.5526,3.5526,3.5526,3.5526,104,0
BOW,D,20171214,000000,3.5623,3.5623,3.543,3.543,7670,0
BOW,D,20171215,000000,3.4947,3.5333,3.4947,3.5333,934,0
BOW,D,20171218,000000,3.5237,3.5623,3.5237,3.5333,4213,0
BOW,D,20171219,000000,3.4947,3.5526,3.4754,3.5526,1152,0
BOW,D,20171220,000000,3.5526,3.5623,3.5526,3.5623,1036,0
BOW,D,20171221,000000,3.5526,3.5526,3.543,3.5526,28143,0
BOW,D,20171222,000000,3.5526,3.5526,3.4754,3.5526,3004,0
BOW,D,20171227,000000,3.5526,3.5526,3.5237,3.543,6888,0
BOW,D,20171228,000000,3.543,3.5526,3.543,3.5526,7920,0
BOW,D,20171229,000000,3.5623,3.8616,3.543,3.7554,62358,0
BOW,D,20180103,000000,3.8036,3.8036,3.5526,3.7747,8402,0
BOW,D,20180104,000000,3.7167,3.765,3.7167,3.765,1636,0
BOW,D,20180105,000000,3.7747,4.1511,3.7747,4.1415,12700,0
BOW,D,20180108,000000,4.1318,4.1415,3.8808,4.0546,10441,0
BOW,D,20180109,000000,4.0739,4.0739,3.9194,4.0449,5990,0
BOW,D,20180111,000000,4.0546,4.1029,4.0546,4.0546,660,0
BOW,D,20180112,000000,4.1029,4.1029,4.1029,4.1029,5179,0
BOW,D,20180115,000000,4.1415,4.1705,4.1318,4.1608,5528,0
BOW,D,20180116,000000,4.016,4.016,3.9098,4.0063,2532,0
BOW,D,20180117,000000,3.9485,3.9774,3.9485,3.9774,772,0
BOW,D,20180118,000000,3.9485,3.9678,3.9387,3.9678,1512,0
BOW,D,20180119,000000,3.9291,3.9291,3.9291,3.9291,197,0
BOW,D,20180122,000000,3.9098,3.9098,3.5237,3.8132,8823,0
BOW,D,20180123,000000,3.7167,3.9098,3.7167,3.9098,8817,0
BOW,D,20180124,000000,3.9098,3.9098,3.8132,3.9001,415,0
BOW,D,20180125,000000,3.8132,3.8616,3.8132,3.8616,3262,0
BOW,D,20180126,000000,3.8132,3.8616,3.8132,3.8616,906,0
BOW,D,20180129,000000,3.8616,3.8616,3.8616,3.8616,362,0
BOW,D,20180130,000000,3.8616,4.1222,3.8132,4.0353,1256,0
BOW,D,20180131,000000,3.9098,4.0353,3.8616,4.0353,3160,0
BOW,D,20180201,000000,3.9098,4.0256,3.765,3.8132,3400,0
BOW,D,20180202,000000,3.7843,3.7843,3.7843,3.7843,550,0
BOW,D,20180205,000000,3.7843,3.7843,3.7843,3.7843,790,0
BOW,D,20180206,000000,3.7167,3.7167,3.4078,3.5719,21376,0
BOW,D,20180207,000000,3.6588,3.6588,3.5719,3.5719,1044,0
BOW,D,20180208,000000,3.5719,3.6492,3.5719,3.6492,6854,0
BOW,D,20180209,000000,3.5237,3.6492,3.4271,3.5526,6601,0
BOW,D,20180212,000000,3.5526,3.5719,3.5526,3.5719,1037,0
BOW,D,20180213,000000,3.4464,3.5237,3.4271,3.5237,3109,0
BOW,D,20180214,000000,3.4078,3.4271,3.4078,3.4271,9841,0
BOW,D,20180215,000000,3.4754,3.4754,3.3885,3.4754,2069,0
BOW,D,20180216,000000,3.4754,3.765,3.4754,3.707,15243,0
BOW,D,20180219,000000,3.6974,3.707,3.6974,3.707,4305,0
BOW,D,20180220,000000,3.707,3.707,3.707,3.707,1854,0
BOW,D,20180221,000000,3.6201,3.6201,3.5719,3.5719,6816,0
BOW,D,20180222,000000,3.5719,3.5719,3.5719,3.5719,1398,0
BOW,D,20180223,000000,3.5719,3.5719,3.5719,3.5719,259,0
BOW,D,20180226,000000,3.6201,3.6201,3.6201,3.6201,519,0
BOW,D,20180227,000000,3.6201,3.6201,3.6201,3.6201,1,0
BOW,D,20180228,000000,3.6201,3.8132,3.6201,3.8132,8286,0
BOW,D,20180301,000000,3.8229,3.8229,3.8229,3.8229,1,0
BOW,D,20180302,000000,3.7167,3.7167,3.7167,3.7167,518,0
BOW,D,20180305,000000,3.7167,3.7167,3.7167,3.7167,777,0
BOW,D,20180306,000000,3.5719,3.5719,3.5719,3.5719,2748,0
BOW,D,20180308,000000,3.6201,3.6201,3.5719,3.5719,1469,0
BOW,D,20180309,000000,3.4754,3.4754,3.4754,3.4754,1660,0
BOW,D,20180312,000000,3.4754,3.6588,3.4754,3.6588,2919,0
BOW,D,20180313,000000,3.4271,3.4271,3.4271,3.4271,104,0
BOW,D,20180314,000000,3.4464,3.5719,3.4464,3.5719,2538,0
BOW,D,20180315,000000,3.5719,3.5719,3.5719,3.5719,139,0
BOW,D,20180316,000000,3.5719,3.5719,3.5719,3.5719,280,0
BOW,D,20180321,000000,3.5719,3.5719,3.5719,3.5719,1036,0
BOW,D,20180323,000000,3.5719,3.5719,3.4754,3.5719,1625,0
BOW,D,20180326,000000,3.6105,3.6105,3.6105,3.6105,280,0
BOW,D,20180328,000000,3.6105,3.6105,3.6105,3.6105,1554,0
BOW,D,20180329,000000,3.4754,3.7167,3.4754,3.7167,6293,0
BOW,D,20180403,000000,3.7167,3.7167,3.7167,3.7167,1244,0
BOW,D,20180404,000000,3.6201,3.6201,3.6201,3.6201,2071,0
BOW,D,20180405,000000,3.6201,3.6201,3.6201,3.6201,1822,0
BOW,D,20180406,000000,3.7167,3.7263,3.7167,3.7263,1697,0
BOW,D,20180409,000000,3.6008,3.7263,3.6008,3.7263,271,0
BOW,D,20180410,000000,3.7263,3.7263,3.6105,3.6105,2392,0
BOW,D,20180411,000000,3.5912,3.6685,3.5912,3.5912,5263,0
BOW,D,20180413,000000,3.5912,3.5912,3.5912,3.5912,2589,0
BOW,D,20180416,000000,3.5237,3.5237,3.5237,3.5237,2589,0
BOW,D,20180420,000000,3.4271,3.5237,3.4271,3.5237,914,0
BOW,D,20180425,000000,3.5043,3.5043,3.5043,3.5043,1,0
BOW,D,20180426,000000,3.4754,3.4754,3.4368,3.4368,2072,0
BOW,D,20180427,000000,3.4368,3.5237,3.4368,3.5237,4919,0
BOW,D,20180430,000000,3.4561,3.5912,3.3788,3.5912,18348,0
BOW,D,20180502,000000,3.5719,3.765,3.5719,3.765,21609,0
BOW,D,20180504,000000,3.6878,3.765,3.6685,3.765,8177,0
BOW,D,20180507,000000,3.765,3.8036,3.6781,3.8036,55793,0
BOW,D,20180508,000000,3.6974,3.765,3.6974,3.7554,15497,0
BOW,D,20180509,000000,3.6781,3.6781,3.6685,3.6685,725,0
BOW,D,20180510,000000,3.6685,3.6685,3.6201,3.6201,4538,0
BOW,D,20180511,000000,3.6588,3.765,3.6201,3.6299,14400,0
BOW,D,20180514,000000,3.6201,3.765,3.6201,3.765,18270,0
BOW,D,20180515,000000,3.6878,3.8905,3.6878,3.8808,22935,0
BOW,D,20180516,000000,3.8712,4.1318,3.8712,4.1029,82066,0
BOW,D,20180517,000000,4.0546,4.0932,3.987,4.0932,8589,0
BOW,D,20180518,000000,4.0739,4.1511,4.0739,4.1511,38187,0
BOW,D,20180521,000000,4.1511,4.1511,4.0546,4.1415,2674,0
BOW,D,20180522,000000,4.016,4.1415,4.016,4.1415,270,0
BOW,D,20180523,000000,4.016,4.1415,4.016,4.1415,21,0
BOW,D,20180524,000000,4.0256,4.1415,4.016,4.1318,1842,0
BOW,D,20180525,000000,4.016,4.1415,4.016,4.1415,1060,0
BOW,D,20180528,000000,4.0353,4.1318,4.0353,4.1318,314,0
BOW,D,20180529,000000,4.0546,4.1318,4.0546,4.1318,126,0
BOW,D,20180530,000000,4.0256,4.1415,3.9098,4.1415,15474,0
BOW,D,20180601,000000,4.1415,4.1415,3.9581,3.9581,2227,0
BOW,D,20180604,000000,3.9098,3.9581,3.765,3.9581,8461,0
BOW,D,20180607,000000,3.8616,3.8616,3.8616,3.8616,415,0
BOW,D,20180611,000000,3.8132,3.8132,3.6878,3.6878,2692,0
BOW,D,20180612,000000,3.7939,3.7939,3.7843,3.7843,725,0
BOW,D,20180615,000000,3.8041,3.8041,3.7645,3.7645,663,0
BOW,D,20180618,000000,3.6654,3.7645,3.5366,3.7645,10819,0
BOW,D,20180621,000000,3.715,3.7645,3.715,3.7645,3305,0
BOW,D,20180622,000000,3.7645,3.8636,3.7645,3.8636,506,0
BOW,D,20180628,000000,3.715,3.715,3.715,3.715,10,0
BOW,D,20180629,000000,3.7645,3.8437,3.7645,3.8437,506,0
BOW,D,20180702,000000,3.8437,3.8636,3.8437,3.8636,1289,0
BOW,D,20180703,000000,3.9131,3.9131,3.8437,3.9032,148,0
BOW,D,20180710,000000,3.7744,3.8735,3.7645,3.8735,2540,0
BOW,D,20180713,000000,3.7645,3.8735,3.715,3.7942,5098,0
BOW,D,20180718,000000,3.6357,3.6357,3.6357,3.6357,1978,0
BOW,D,20180719,000000,3.6456,3.6456,3.5961,3.5961,1503,0
BOW,D,20180723,000000,3.5961,3.5961,3.5168,3.5168,5491,0
BOW,D,20180724,000000,3.5168,3.6654,3.4772,3.6555,9164,0
BOW,D,20180725,000000,3.5465,3.5465,3.4178,3.5168,8081,0
BOW,D,20180726,000000,3.5168,3.5168,3.1701,3.4178,17582,0
BOW,D,20180727,000000,3.2692,3.4673,3.2692,3.4673,10029,0
BOW,D,20180730,000000,3.2791,3.388,3.071,3.3088,7637,0
BOW,D,20180731,000000,3.3088,3.3088,3.1701,3.3088,4784,0
BOW,D,20180801,000000,3.3088,3.3682,3.3088,3.3682,4490,0
BOW,D,20180802,000000,3.3682,3.3682,3.3682,3.3682,303,0
BOW,D,20180806,000000,3.388,3.388,3.388,3.388,4177,0
BOW,D,20180808,000000,3.4178,3.4178,3.4178,3.4178,565,0
BOW,D,20180809,000000,3.4178,3.4178,3.3781,3.3781,121,0
BOW,D,20180810,000000,3.4178,3.4673,3.4079,3.4673,5031,0
BOW,D,20180814,000000,3.3484,3.4574,3.3484,3.4574,555,0
BOW,D,20180820,000000,3.4475,3.4673,3.4178,3.4178,4139,0
BOW,D,20180821,000000,3.4178,3.4178,3.4178,3.4178,3122,0
BOW,D,20180822,000000,3.4673,3.5664,3.4673,3.5664,1541,0
BOW,D,20180823,000000,3.5664,3.8636,3.5664,3.5862,3720,0
BOW,D,20180824,000000,3.5862,3.5862,3.5862,3.5862,627,0
BOW,D,20180827,000000,3.6654,3.6654,3.6654,3.6654,303,0
BOW,D,20180829,000000,3.5168,3.5168,3.5168,3.5168,387,0
BOW,D,20180831,000000,3.5168,3.5168,3.5168,3.5168,2927,0
BOW,D,20180903,000000,3.5168,3.5168,3.1701,3.2196,10859,0
BOW,D,20180904,000000,3.2196,3.4178,3.2196,3.4178,17100,0
BOW,D,20180905,000000,3.4178,3.4178,2.9918,2.9918,24536,0
BOW,D,20180906,000000,3.1206,3.1701,3.071,3.071,12921,0
BOW,D,20180907,000000,3.071,3.071,2.9026,2.9026,6221,0
BOW,D,20180910,000000,3.071,3.071,3.071,3.071,20,0
BOW,D,20180913,000000,3.0512,3.071,3.0512,3.071,399,0
BOW,D,20180914,000000,2.9026,3.0611,2.9026,3.0611,1342,0
BOW,D,20180917,000000,3.071,3.071,3.071,3.071,1009,0
BOW,D,20180918,000000,2.972,3.071,2.9521,2.9521,2181,0
BOW,D,20180919,000000,3.071,3.071,2.9224,3.071,49,0
BOW,D,20180920,000000,2.9224,3.0215,2.8135,3.0116,17282,0
BOW,D,20180921,000000,3.0116,3.0215,3.0116,3.0215,3358,0
BOW,D,20180924,000000,3.0215,3.0215,3.0215,3.0215,149,0
BOW,D,20180925,000000,3.1206,3.1206,3.1206,3.1206,4176,0
BOW,D,20181001,000000,3.1206,3.1206,3.1206,3.1206,3743,0
BOW,D,20181002,000000,3.1305,3.2692,3.0908,3.2692,10269,0
BOW,D,20181003,000000,3.1206,3.2989,3.1206,3.2989,4624,0
BOW,D,20181004,000000,3.289,3.289,3.289,3.289,555,0
BOW,D,20181005,000000,3.289,3.289,3.289,3.289,2927,0
BOW,D,20181008,000000,3.289,3.2989,3.289,3.2989,2944,0
BOW,D,20181010,000000,3.1206,3.2989,3.1206,3.2989,3054,0
BOW,D,20181011,000000,3.1899,3.2692,3.1899,3.2692,1181,0
BOW,D,20181015,000000,3.2989,3.2989,3.2989,3.2989,132,0
BOW,D,20181016,000000,3.2989,3.3286,3.2989,3.3286,1716,0
BOW,D,20181017,000000,3.3286,3.4178,3.3286,3.3682,314,0
BOW,D,20181018,000000,3.3682,3.3682,3.3187,3.3682,152283,0
BOW,D,20181019,000000,3.3682,3.4178,3.3682,3.4178,353,0
BOW,D,20181024,000000,3.4178,3.7447,3.4178,3.5664,62153,0
BOW,D,20181025,000000,3.6159,3.6159,3.4475,3.5069,4065,0
BOW,D,20181026,000000,3.4178,3.5069,3.4178,3.5069,606,0
BOW,D,20181029,000000,3.4178,3.4178,3.3682,3.3682,3594,0
BOW,D,20181030,000000,3.3385,3.3682,3.2692,3.3682,7934,0
BOW,D,20181105,000000,3.4079,3.4178,3.4079,3.4178,1413,0
BOW,D,20181106,000000,3.289,3.4178,3.289,3.4178,2877,0
BOW,D,20181107,000000,3.5168,3.5168,3.5168,3.5168,2972,0
BOW,D,20181108,000000,3.3781,3.3781,3.3781,3.3781,707,0
BOW,D,20181114,000000,3.388,3.388,3.3781,3.3781,4240,0
BOW,D,20181115,000000,3.2692,3.2692,3.2593,3.2593,6662,0
BOW,D,20181116,000000,3.2791,3.2791,2.9621,3.1503,29836,0
BOW,D,20181119,000000,3.1998,3.1998,3.0512,3.1206,1100,0
BOW,D,20181120,000000,3.1998,3.1998,2.9125,3.0215,17546,0
BOW,D,20181121,000000,2.9125,2.972,2.9125,2.9125,4034,0
BOW,D,20181122,000000,2.9125,2.9125,2.9125,2.9125,10,0
BOW,D,20181127,000000,3.0116,3.0215,3.0116,3.0215,2,0
BOW,D,20181130,000000,3.0215,3.0215,3.0215,3.0215,888,0
BOW,D,20181203,000000,3.0116,3.1206,3.0116,3.1206,3480,0
BOW,D,20181204,000000,3.0215,3.1701,2.7243,2.8729,6607,0
BOW,D,20181206,000000,2.8828,2.8828,2.8828,2.8828,151,0
BOW,D,20181210,000000,2.9224,2.9224,2.9224,2.9224,1009,0
BOW,D,20181211,000000,2.972,2.972,2.972,2.972,1,0
BOW,D,20181212,000000,2.972,2.972,2.9224,2.9224,1111,0
BOW,D,20181213,000000,2.8828,2.9323,2.8828,2.9224,1145,0
BOW,D,20181214,000000,2.9224,2.9224,2.9125,2.9125,1514,0
BOW,D,20181218,000000,2.8828,2.972,2.8729,2.972,943,0
BOW,D,20181219,000000,2.9026,2.9026,2.9026,2.9026,3765,0
BOW,D,20181221,000000,2.9026,2.9125,2.9026,2.9125,1939,0
BOW,D,20181227,000000,2.972,2.972,2.9125,2.9125,1010,0
BOW,D,20181228,000000,2.972,2.972,2.6748,2.7441,5344,0
BOW,D,20190102,000000,2.6649,2.754,2.6649,2.754,993,0
BOW,D,20190103,000000,2.754,2.754,2.5262,2.6847,13223,0
BOW,D,20190104,000000,2.6054,2.6649,2.6054,2.6649,1240,0
BOW,D,20190107,000000,2.6054,2.6748,2.5757,2.6748,3123,0
BOW,D,20190108,000000,2.5757,2.5757,2.437,2.437,9333,0
BOW,D,20190109,000000,2.5559,2.5856,2.4766,2.5856,6284,0
BOW,D,20190111,000000,2.5955,2.5955,2.4766,2.4766,7934,0
BOW,D,20190114,000000,2.5658,2.5757,2.5658,2.5757,1045,0
BOW,D,20190115,000000,2.4766,2.5064,2.3974,2.5064,5278,0
BOW,D,20190117,000000,2.5757,2.5757,2.5757,2.5757,1009,0
BOW,D,20190118,000000,2.4766,2.5757,2.4766,2.4766,1530,0
BOW,D,20190121,000000,2.4865,2.4865,2.4766,2.4766,1514,0
BOW,D,20190122,000000,2.5262,2.5856,2.5262,2.5757,1483,0
BOW,D,20190123,000000,2.5262,2.5757,2.4766,2.5757,1670,0
BOW,D,20190129,000000,2.4865,2.4964,2.4865,2.4964,286,0
BOW,D,20190131,000000,2.5757,2.5757,2.5757,2.5757,808,0
BOW,D,20190201,000000,2.5757,2.5757,2.5757,2.5757,1,0
BOW,D,20190204,000000,2.5757,2.5856,2.5757,2.5856,2120,0
BOW,D,20190206,000000,2.6351,2.6946,2.5757,2.6946,6509,0
BOW,D,20190211,000000,2.6946,2.863,2.6748,2.863,13410,0
BOW,D,20190212,000000,2.8234,2.8234,2.8234,2.8234,1211,0
BOW,D,20190213,000000,2.7342,2.7342,2.7144,2.7144,4406,0
BOW,D,20190214,000000,2.8234,2.9621,2.7342,2.7342,9621,0
BOW,D,20190215,000000,2.7342,2.8234,2.7342,2.7342,1572,0
BOW,D,20190219,000000,2.7738,2.7738,2.6748,2.6748,6101,0
BOW,D,20190220,000000,2.6946,2.6946,2.6748,2.6748,1413,0
BOW,D,20190225,000000,2.6748,2.6748,2.6748,2.6748,505,0
BOW,D,20190228,000000,2.7144,2.7144,2.7144,2.7144,139,0
BOW,D,20190301,000000,2.7144,2.7144,2.6153,2.6153,3223,0
BOW,D,20190304,000000,2.6153,2.645,2.6153,2.645,3346,0
BOW,D,20190305,000000,2.6748,2.7144,2.6748,2.7144,3029,0
BOW,D,20190311,000000,2.6054,2.6054,2.5955,2.5955,1009,0
BOW,D,20190312,000000,2.5955,2.6847,2.5955,2.6847,1207,0
BOW,D,20190313,000000,2.5658,2.6351,2.5658,2.5757,4345,0
BOW,D,20190314,000000,2.6748,2.6748,2.5658,2.5658,1211,0
BOW,D,20190318,000000,2.5658,2.5658,2.5658,2.5658,1009,0
BOW,D,20190326,000000,2.6649,2.6748,2.6649,2.6748,3211,0
BOW,D,20190327,000000,2.6748,2.6748,2.6748,2.6748,10,0
BOW,D,20190329,000000,2.6748,2.8729,2.6748,2.8333,6412,0
BOW,D,20190401,000000,2.9521,2.9521,2.8333,2.9521,2523,0
BOW,D,20190402,000000,2.8531,2.8531,2.8531,2.8531,139,0
BOW,D,20190404,000000,2.8729,2.8729,2.8729,2.8729,101,0
BOW,D,20190408,000000,2.8729,2.8729,2.7738,2.7738,5264,0
BOW,D,20190410,000000,2.7738,2.7738,2.7738,2.7738,1414,0
BOW,D,20190411,000000,2.8729,2.8729,2.8729,2.8729,3836,0
BOW,D,20190412,000000,2.972,2.972,2.972,2.972,1009,0
BOW,D,20190417,000000,2.9521,2.9521,2.9521,2.9521,606,0
BOW,D,20190424,000000,2.8333,2.8333,2.8333,2.8333,1009,0
BOW,D,20190502,000000,2.8333,2.8333,2.8333,2.8333,32,0
BOW,D,20190507,000000,2.8333,2.8333,2.8333,2.8333,2794,0
BOW,D,20190514,000000,2.655,2.655,2.3974,2.4964,7220,0
BOW,D,20190515,000000,2.4964,2.4964,2.4568,2.4568,4108,0
BOW,D,20190516,000000,2.5559,2.6153,2.5559,2.5559,10215,0
BOW,D,20190523,000000,2.4964,2.4964,2.4964,2.4964,22,0
BOW,D,20190527,000000,2.4964,2.4964,2.3379,2.3379,8089,0
BOW,D,20190528,000000,2.3379,2.3379,2.2983,2.2983,6359,0
BOW,D,20190529,000000,2.2191,2.2983,2.2191,2.2983,360,0
BOW,D,20190530,000000,2.3181,2.3181,2.1993,2.1993,8580,0
BOW,D,20190531,000000,2.1398,2.1794,2.0804,2.0804,4545,0
BOW,D,20190603,000000,2.1794,2.1794,1.9813,1.9813,10560,0
BOW,D,20190604,000000,2.0804,2.2785,1.9813,2.2785,4487,0
BOW,D,20190605,000000,2.1794,2.1794,2.1794,2.1794,3634,0
BOW,D,20190607,000000,2.1993,2.1993,2.1993,2.1993,3634,0
BOW,D,20190612,000000,2.12,2.12,2.0606,2.0606,4581,0
BOW,D,20190613,000000,2.0606,2.0606,2.0407,2.0407,3338,0
BOW,D,20190614,000000,2.0209,2.0407,2.0209,2.0407,2351,0
BOW,D,20190617,000000,2.0407,2.0407,2.0209,2.0209,5047,0
BOW,D,20190618,000000,2.0209,2.0209,2.0209,2.0209,86,0
BOW,D,20190619,000000,2.12,2.12,2.12,2.12,1312,0
BOW,D,20190621,000000,2.12,2.12,2.12,2.12,2322,0
BOW,D,20190625,000000,2.12,2.12,2.12,2.12,90,0
BOW,D,20190626,000000,2.02,2.04,1.96,2.04,5040,0
BOW,D,20190627,000000,2.1,2.1,2,2,3855,0
BOW,D,20190628,000000,2.00,2.00,2.00,2.00,120,0
BOW,D,20190702,000000,2,2,2,2,130500,0
BOW,D,20190703,000000,1.96,1.96,1.92,1.92,3758,0
BOW,D,20190704,000000,1.92,2.02,1.92,2.02,1090,0
BOW,D,20190710,000000,2,2.04,1.98,2.04,7927,0
BOW,D,20190711,000000,2.08,2.08,2.08,2.08,600,0
BOW,D,20190715,000000,2.1,2.1,2.1,2.1,3700,0
BOW,D,20190716,000000,2.1,2.1,2.1,2.1,1500,0
BOW,D,20190717,000000,2.04,2.1,2.04,2.1,1820,0
BOW,D,20190722,000000,2.2,2.2,2.2,2.2,100,0
BOW,D,20190723,000000,2.1,2.1,2.1,2.1,1800,0
BOW,D,20190725,000000,2.1,2.1,2.1,2.1,205,0
BOW,D,20190729,000000,2.1,2.1,2.1,2.1,1000,0
BOW,D,20190801,000000,2.1,2.1,2.1,2.1,3040,0
BOW,D,20190805,000000,2.02,2.02,2.02,2.02,4200,0
BOW,D,20190807,000000,2,2,1.84,1.85,13130,0
BOW,D,20190808,000000,1.85,1.85,1.85,1.85,3075,0
BOW,D,20190809,000000,1.84,1.84,1.75,1.75,3770,0
BOW,D,20190812,000000,1.7,1.7,1.7,1.7,4400,0
BOW,D,20190814,000000,1.79,1.79,1.79,1.79,2200,0
BOW,D,20190816,000000,1.71,1.71,1.59,1.59,2700,0
BOW,D,20190819,000000,1.59,1.6,1.55,1.6,6300,0
BOW,D,20190820,000000,1.52,1.52,1.52,1.52,1044,0
BOW,D,20190821,000000,1.58,1.6,1.58,1.6,7000,0
BOW,D,20190823,000000,1.66,1.77,1.58,1.65,5275,0
BOW,D,20190826,000000,1.68,1.68,1.58,1.68,1561,0
BOW,D,20190828,000000,1.58,1.68,1.58,1.68,124,0
BOW,D,20190830,000000,1.68,1.84,1.68,1.8,4570,0
BOW,D,20190902,000000,1.86,1.86,1.86,1.86,301,0
BOW,D,20190903,000000,1.91,1.92,1.91,1.92,720,0
BOW,D,20190904,000000,1.94,1.94,1.94,1.94,100,0
BOW,D,20190905,000000,1.94,2,1.94,2,350,0
BOW,D,20190906,000000,2.04,2.04,2.04,2.04,50,0
BOW,D,20190909,000000,2,2,1.94,1.94,1160,0
BOW,D,20190910,000000,2.02,2.02,2,2,400,0
BOW,D,20190913,000000,1.98,1.98,1.96,1.96,4700,0
BOW,D,20190916,000000,1.9,1.9,1.9,1.9,3900,0
BOW,D,20190918,000000,1.88,1.88,1.88,1.88,31700,0
BOW,D,20190919,000000,1.81,1.81,1.8,1.8,500,0
BOW,D,20190927,000000,1.8,1.8,1.8,1.8,311,0
BOW,D,20191001,000000,1.89,1.89,1.89,1.89,120,0
BOW,D,20191008,000000,1.84,1.84,1.72,1.72,8950,0
BOW,D,20191010,000000,1.74,1.74,1.74,1.74,1,0
BOW,D,20191015,000000,1.65,1.78,1.65,1.78,6630,0
BOW,D,20191016,000000,1.78,1.78,1.78,1.78,130,0
BOW,D,20191017,000000,1.78,1.78,1.78,1.78,580,0
BOW,D,20191018,000000,1.7,1.75,1.7,1.75,582,0
BOW,D,20191022,000000,1.75,1.75,1.75,1.75,18,0
BOW,D,20191025,000000,1.75,1.75,1.75,1.75,600,0
BOW,D,20191104,000000,1.65,1.65,1.58,1.58,8366,0
BOW,D,20191106,000000,1.63,1.63,1.63,1.63,2400,0
BOW,D,20191107,000000,1.66,1.69,1.66,1.69,2423,0
BOW,D,20191112,000000,1.59,1.59,1.57,1.57,8200,0
BOW,D,20191114,000000,1.63,1.63,1.63,1.63,1000,0
BOW,D,20191118,000000,1.7,1.7,1.7,1.7,2000,0
BOW,D,20191119,000000,1.62,1.62,1.62,1.62,200,0
BOW,D,20191120,000000,1.62,1.62,1.62,1.62,3800,0
BOW,D,20191121,000000,1.61,1.61,1.6,1.6,2775,0
BOW,D,20191122,000000,1.67,1.67,1.67,1.67,656,0
BOW,D,20191128,000000,1.71,1.71,1.71,1.71,5000,0
BOW,D,20191202,000000,1.71,1.75,1.7,1.7,2075,0
BOW,D,20191203,000000,1.7,1.7,1.67,1.67,7425,0
BOW,D,20191204,000000,1.57,1.66,1.57,1.66,7820,0
BOW,D,20191210,000000,1.75,1.75,1.75,1.75,100,0
BOW,D,20191211,000000,1.75,1.75,1.75,1.75,400,0
BOW,D,20191213,000000,1.75,1.75,1.75,1.75,100,0
BOW,D,20191217,000000,1.8,1.8,1.8,1.8,1000,0
BOW,D,20191220,000000,1.9,1.91,1.9,1.91,1640,0
BOW,D,20191223,000000,1.85,1.85,1.85,1.85,500,0
BOW,D,20191227,000000,1.85,1.85,1.85,1.85,3000,0
BOW,D,20191230,000000,1.8,1.8,1.8,1.8,656,0
BOW,D,20200102,000000,1.8,1.95,1.8,1.95,4002,0
BOW,D,20200103,000000,1.95,2,1.95,2,7988,0
BOW,D,20200107,000000,2,2,2,2,190,0
BOW,D,20200108,000000,2.02,2.08,2.02,2.08,3900,0
BOW,D,20200109,000000,2.08,2.12,2.08,2.08,4800,0
BOW,D,20200110,000000,2.16,2.16,2.16,2.16,56,0
BOW,D,20200115,000000,2.14,2.3,2.14,2.24,18355,0
BOW,D,20200116,000000,2.24,2.24,2.14,2.14,7203,0
BOW,D,20200120,000000,2.08,2.08,2.04,2.04,8200,0
BOW,D,20200121,000000,2.04,2.04,2.04,2.04,250,0
BOW,D,20200122,000000,1.99,1.99,1.8,1.98,7897,0
BOW,D,20200123,000000,2,2,2,2,13999,0
BOW,D,20200124,000000,2,2.08,1.99,2.08,65921,0
BOW,D,20200127,000000,2.08,2.08,1.98,1.98,9681,0
BOW,D,20200129,000000,1.91,1.91,1.81,1.81,10000,0
BOW,D,20200130,000000,1.81,1.84,1.8,1.82,287022,0
BOW,D,20200131,000000,1.82,1.96,1.66,1.71,334751,0
BOW,D,20200203,000000,1.7,1.77,1.61,1.61,71509,0
BOW,D,20200204,000000,1.62,1.65,1.62,1.65,483,0
BOW,D,20200205,000000,1.7,1.78,1.64,1.78,17016,0
BOW,D,20200206,000000,1.77,1.84,1.74,1.84,6173,0
BOW,D,20200207,000000,1.76,1.76,1.74,1.74,6182,0
BOW,D,20200210,000000,1.74,1.88,1.69,1.69,79381,0
BOW,D,20200211,000000,1.76,1.82,1.69,1.69,26617,0
BOW,D,20200212,000000,1.73,1.73,1.63,1.63,13736,0
BOW,D,20200213,000000,1.67,1.67,1.51,1.51,38849,0
BOW,D,20200214,000000,1.55,1.68,1.52,1.68,32700,0
BOW,D,20200217,000000,1.68,1.72,1.65,1.7,3360,0
BOW,D,20200218,000000,1.7,1.72,1.62,1.65,6628,0
BOW,D,20200220,000000,1.65,1.65,1.58,1.64,4688,0
BOW,D,20200221,000000,1.55,1.6,1.55,1.6,940,0
BOW,D,20200224,000000,1.55,1.6,1.5,1.55,8594,0
BOW,D,20200225,000000,1.55,1.55,1.55,1.55,1310,0
BOW,D,20200226,000000,1.45,1.5,1.44,1.5,15510,0
BOW,D,20200227,000000,1.45,1.55,1.45,1.52,1026,0
BOW,D,20200228,000000,1.46,1.55,1.45,1.55,8170,0
BOW,D,20200302,000000,1.5,1.55,1.5,1.55,534,0
BOW,D,20200303,000000,1.5,1.53,1.5,1.53,6100,0
BOW,D,20200304,000000,1.52,1.52,1.5,1.5,1250,0
BOW,D,20200305,000000,1.46,1.5,1.44,1.5,2905,0
BOW,D,20200306,000000,1.44,1.53,1.44,1.44,611,0
BOW,D,20200309,000000,1.44,1.53,1.43,1.51,6101,0
BOW,D,20200310,000000,1.4,1.51,1.4,1.45,2215,0
BOW,D,20200311,000000,1.43,1.43,1.39,1.39,10050,0
BOW,D,20200312,000000,1.31,1.31,1.3,1.3,1113,0
BOW,D,20200313,000000,1.3,1.3,1.3,1.3,835,0
BOW,D,20200316,000000,1.19,1.19,1,1.12,14242,0
BOW,D,20200317,000000,1.1,1.1,1.1,1.1,1100,0
BOW,D,20200318,000000,1,1.2,1,1.2,495,0
BOW,D,20200319,000000,1.15,1.15,1.15,1.15,88,0
BOW,D,20200320,000000,1.15,1.15,1.15,1.15,7800,0
BOW,D,20200323,000000,1.1,1.1,1,1,3850,0
BOW,D,20200325,000000,1.1,1.1,1.1,1.1,130,0
BOW,D,20200326,000000,1.1,1.19,1.1,1.18,33699,0
BOW,D,20200327,000000,1.19,1.2,1.19,1.2,2031,0
BOW,D,20200330,000000,1.06,1.1,1.05,1.05,17000,0
BOW,D,20200331,000000,1.05,1.15,1.04,1.15,27056,0
BOW,D,20200402,000000,1.15,1.15,1.15,1.15,10,0
BOW,D,20200403,000000,1.14,1.14,1.06,1.06,25226,0
BOW,D,20200406,000000,1.06,1.14,1.06,1.12,15575,0
BOW,D,20200407,000000,1.14,1.26,1.13,1.26,17391,0
BOW,D,20200408,000000,1.27,1.27,1.1,1.2,15205,0
BOW,D,20200409,000000,1.2,1.2,1.2,1.2,8500,0
BOW,D,20200414,000000,1.2,1.2,1.19,1.19,1600,0
BOW,D,20200415,000000,1.19,1.19,1.19,1.19,400,0
BOW,D,20200416,000000,1.19,1.2,1.19,1.2,2500,0
BOW,D,20200417,000000,1.2,1.54,1.2,1.54,32023,0
BOW,D,20200420,000000,1.59,2,1.54,1.8,193080,0
BOW,D,20200421,000000,1.7,1.7,1.53,1.69,55086,0
BOW,D,20200422,000000,1.7,1.8,1.62,1.72,13428,0
BOW,D,20200423,000000,1.72,1.72,1.55,1.63,25701,0
BOW,D,20200424,000000,1.53,1.62,1.5,1.59,15891,0
BOW,D,20200427,000000,1.6,1.6,1.6,1.6,1130,0
BOW,D,20200428,000000,1.6,1.6,1.5,1.6,1096,0
BOW,D,20200429,000000,1.6,1.6,1.5,1.55,5623,0
BOW,D,20200430,000000,1.48,1.65,1.48,1.59,21618,0
BOW,D,20200504,000000,1.5,1.59,1.46,1.5,16610,0
BOW,D,20200505,000000,1.5,1.5,1.33,1.44,62938,0
BOW,D,20200506,000000,1.44,1.44,1.37,1.42,90,0
BOW,D,20200507,000000,1.35,1.44,1.35,1.35,12305,0
BOW,D,20200508,000000,1.35,1.36,1.35,1.35,9559,0
BOW,D,20200511,000000,1.36,1.79,1.36,1.7,96845,0
BOW,D,20200512,000000,1.69,1.7,1.54,1.68,18877,0
BOW,D,20200513,000000,1.6,1.66,1.52,1.66,19653,0
BOW,D,20200514,000000,1.5,1.51,1.4,1.48,39888,0
BOW,D,20200515,000000,1.5,1.6,1.45,1.6,12116,0
BOW,D,20200518,000000,1.59,1.86,1.59,1.77,57488,0
BOW,D,20200519,000000,1.77,1.87,1.7,1.78,39725,0
BOW,D,20200520,000000,1.78,1.84,1.73,1.81,30261,0
BOW,D,20200521,000000,1.79,1.79,1.73,1.79,2050,0
BOW,D,20200522,000000,1.76,1.76,1.67,1.67,7716,0
BOW,D,20200525,000000,1.69,1.8,1.69,1.8,10658,0
BOW,D,20200526,000000,1.8,1.87,1.79,1.87,3450,0
BOW,D,20200527,000000,1.84,1.87,1.7,1.79,20521,0
BOW,D,20200528,000000,1.7,1.87,1.7,1.8,27755,0
BOW,D,20200529,000000,1.85,2.06,1.82,1.82,110235,0
BOW,D,20200601,000000,1.82,1.88,1.72,1.8,28185,0
BOW,D,20200602,000000,1.79,1.81,1.75,1.81,7194,0
BOW,D,20200603,000000,1.82,1.9,1.8,1.82,9215,0
BOW,D,20200604,000000,1.81,1.82,1.8,1.82,5035,0
BOW,D,20200605,000000,1.78,1.82,1.75,1.82,16104,0
BOW,D,20200608,000000,1.77,1.78,1.71,1.75,17999,0
BOW,D,20200609,000000,1.75,1.85,1.7,1.84,9888,0
BOW,D,20200612,000000,1.75,1.82,1.71,1.82,12086,0
BOW,D,20200615,000000,1.73,1.76,1.73,1.76,4937,0
BOW,D,20200618,000000,1.71,1.75,1.6,1.75,16633,0
BOW,D,20200619,000000,1.72,1.74,1.72,1.72,10450,0
BOW,D,20200622,000000,1.74,1.75,1.74,1.75,2000,0
BOW,D,20200623,000000,1.67,1.75,1.67,1.75,1594,0
BOW,D,20200624,000000,1.71,1.71,1.71,1.71,5700,0
BOW,D,20200625,000000,1.7,1.77,1.65,1.68,9704,0
BOW,D,20200630,000000,1.77,1.77,1.77,1.77,10,0
BOW,D,20200701,000000,1.77,1.77,1.77,1.77,369,0
BOW,D,20200702,000000,1.75,1.87,1.75,1.87,49846,0
BOW,D,20200703,000000,1.85,2,1.85,2,37214,0
BOW,D,20200706,000000,2.04,2.3,2,2.3,30707,0
BOW,D,20200707,000000,2.3,2.3,2.2,2.26,25511,0
BOW,D,20200708,000000,2.28,2.56,2.26,2.5,37027,0
BOW,D,20200709,000000,2.54,2.54,2.5,2.52,3961,0
BOW,D,20200710,000000,2.52,2.76,2.5,2.6,51793,0
