<TICKER>,<PER>,<DATE>,<TIME>,<OPEN>,<HIGH>,<LOW>,<CLOSE>,<VOL>,<OPENINT>
BRA,D,20121220,000000,14.88,14.88,12.1,14.87,7434,0
BRA,D,20121221,000000,13.97,14,11.2,13.3,330,0
BRA,D,20121227,000000,12,12.99,10.64,11.59,13349,0
BRA,D,20121228,000000,11.5,11.5,10.64,11,533,0
BRA,D,20130102,000000,11.5,11.5,10.01,10.7,218,0
BRA,D,20130103,000000,10.7,10.7,10.01,10.01,83,0
BRA,D,20130104,000000,10.01,10.6,10.01,10.6,47,0
BRA,D,20130107,000000,10.4,10.4,10.4,10.4,10,0
BRA,D,20130108,000000,10.4,11.5,10,11.4,1239,0
BRA,D,20130109,000000,10.7,13,10.7,13,697,0
BRA,D,20130110,000000,11.5,13.43,10.4,10.51,3032,0
BRA,D,20130111,000000,10.79,10.79,10,10.64,529,0
BRA,D,20130114,000000,10.64,10.75,10.64,10.75,40,0
BRA,D,20130115,000000,10.75,12.3,10,11.2,933,0
BRA,D,20130116,000000,11.01,12,11,11.1,285,0
BRA,D,20130117,000000,11.1,11.1,10.33,11.1,163,0
BRA,D,20130118,000000,10.75,10.75,10.1,10.4,1080,0
BRA,D,20130121,000000,10.4,12.29,10.4,12,1017,0
BRA,D,20130122,000000,12,12,10.7,10.7,258,0
BRA,D,20130123,000000,10.75,10.75,10.7,10.7,120,0
BRA,D,20130124,000000,10.8,10.8,10.8,10.8,10,0
BRA,D,20130125,000000,10.8,12,10.8,11.82,302,0
BRA,D,20130128,000000,10.8,10.8,10.69,10.8,6039,0
BRA,D,20130129,000000,10.8,10.8,10.8,10.8,59,0
BRA,D,20130130,000000,10.8,10.8,10.65,10.65,1193,0
BRA,D,20130131,000000,10.65,10.8,10.65,10.8,306,0
BRA,D,20130201,000000,10.8,10.8,10.7,10.8,245,0
BRA,D,20130204,000000,10.8,10.8,10.2,10.79,791,0
BRA,D,20130205,000000,10.79,11.61,10.78,11.61,3360,0
BRA,D,20130206,000000,10.85,11.39,10.8,10.8,685,0
BRA,D,20130207,000000,10.8,10.8,10.8,10.8,20,0
BRA,D,20130208,000000,10.61,11,10.3,10.35,478,0
BRA,D,20130211,000000,10.15,10.75,10.03,10.4,730,0
BRA,D,20130212,000000,10.4,10.4,10.4,10.4,20,0
BRA,D,20130213,000000,10.4,10.75,10.4,10.75,50,0
BRA,D,20130214,000000,10.75,11.6,10.5,10.5,1677,0
BRA,D,20130215,000000,10.4,10.4,10.4,10.4,20,0
BRA,D,20130218,000000,10.4,10.74,10.4,10.74,1010,0
BRA,D,20130219,000000,10.74,10.74,10.3,10.3,1105,0
BRA,D,20130220,000000,10.3,10.3,10.3,10.3,145,0
BRA,D,20130221,000000,10.3,10.75,10.05,10.47,306,0
BRA,D,20130222,000000,10.47,10.47,10.02,10.21,2220,0
BRA,D,20130225,000000,10.02,10.02,10,10,34,0
BRA,D,20130226,000000,9.99,10.4,9.99,10.4,30,0
BRA,D,20130227,000000,10.39,11.34,10,10,630,0
BRA,D,20130228,000000,10,10,10,10,20,0
BRA,D,20130301,000000,9.8,9.84,9.8,9.84,75,0
BRA,D,20130304,000000,9.85,10.2,9.85,10.2,35,0
BRA,D,20130305,000000,10.2,10.2,10.2,10.2,10,0
BRA,D,20130306,000000,10.2,10.2,10.2,10.2,20,0
BRA,D,20130307,000000,10.2,10.2,10.2,10.2,40,0
BRA,D,20130308,000000,10.2,10.22,10.2,10.2,443,0
BRA,D,20130311,000000,10.1,10.1,10.1,10.1,10,0
BRA,D,20130312,000000,9.9,9.9,9.9,9.9,10,0
BRA,D,20130313,000000,9.9,9.9,9.9,9.9,5,0
BRA,D,20130314,000000,9.9,9.9,9.9,9.9,5,0
BRA,D,20130315,000000,9.9,9.9,9.9,9.9,5,0
BRA,D,20130318,000000,9.85,9.85,9.85,9.85,5,0
BRA,D,20130319,000000,10.1,11.5,10.1,10.4,569,0
BRA,D,20130320,000000,10.1,10.61,10.1,10.61,3026,0
BRA,D,20130321,000000,10.2,10.2,10.2,10.2,20,0
BRA,D,20130322,000000,10.2,10.2,10.2,10.2,5,0
BRA,D,20130326,000000,10,10,9,10,956,0
BRA,D,20130327,000000,9.5,10,9.5,9.5,399,0
BRA,D,20130328,000000,9.35,10,9.35,10,210,0
BRA,D,20130402,000000,9.99,10,9.5,9.99,4179,0
BRA,D,20130403,000000,9.99,10,9.99,10,5470,0
BRA,D,20130404,000000,9.99,9.99,9.99,9.99,5,0
BRA,D,20130405,000000,9.99,10,9.99,10,2646,0
BRA,D,20130408,000000,10,10.09,10,10.09,36,0
BRA,D,20130409,000000,10.1,10.1,10.1,10.1,3000,0
BRA,D,20130417,000000,10,10,9.55,9.55,300,0
BRA,D,20130418,000000,9.6,10,9.6,9.62,310,0
BRA,D,20130419,000000,9.65,9.9,9.65,9.9,100,0
BRA,D,20130422,000000,9.9,10.49,9.9,10.49,20561,0
BRA,D,20130423,000000,10.49,10.49,10.08,10.1,209,0
BRA,D,20130429,000000,9.9,9.9,9.61,9.61,357,0
BRA,D,20130430,000000,9.61,9.61,9.61,9.61,463,0
BRA,D,20130506,000000,9.61,10.49,9.61,10,470,0
BRA,D,20130508,000000,10,10.04,9.39,9.39,7236,0
BRA,D,20130509,000000,9.39,10,9.39,10,341,0
BRA,D,20130510,000000,10.03,10.03,9.38,9.75,264,0
BRA,D,20130513,000000,9.8,10.17,9.47,10.17,305,0
BRA,D,20130514,000000,9.62,9.62,9.62,9.62,20,0
BRA,D,20130515,000000,9.62,9.9,9.62,9.9,179,0
BRA,D,20130516,000000,9.9,11.38,9.9,11.38,760,0
BRA,D,20130517,000000,11.38,11.5,11.38,11.5,719,0
BRA,D,20130520,000000,11.5,11.5,10.87,11,11279,0
BRA,D,20130523,000000,10.99,11.5,10.99,11.5,13561,0
BRA,D,20130524,000000,11.4,11.4,11.4,11.4,50,0
BRA,D,20130527,000000,11.4,12,11.3,11.65,951,0
BRA,D,20130528,000000,11.6,11.65,10.96,11.13,699,0
BRA,D,20130529,000000,11.29,11.58,11.29,11.58,306,0
BRA,D,20130531,000000,11.65,11.8,11.65,11.8,124,0
BRA,D,20130603,000000,11.88,11.88,11.88,11.88,62,0
BRA,D,20130604,000000,11.88,11.88,11.88,11.88,2,0
BRA,D,20130605,000000,11.88,11.88,11.88,11.88,5,0
BRA,D,20130606,000000,11.88,11.88,11.88,11.88,55,0
BRA,D,20130607,000000,11.88,11.88,11.88,11.88,50,0
BRA,D,20130610,000000,11.88,14,11.88,14,381,0
BRA,D,20130611,000000,14,14,13.8,14,206,0
BRA,D,20130612,000000,14,14,13.9,13.9,181,0
BRA,D,20130613,000000,13.45,13.45,11.24,11.45,715,0
BRA,D,20130614,000000,11.5,11.5,11.5,11.5,100,0
BRA,D,20130617,000000,11.5,11.5,10.5,10.5,198,0
BRA,D,20130619,000000,10.5,10.5,10.5,10.5,21,0
BRA,D,20130620,000000,10,10,10,10,10,0
BRA,D,20130621,000000,10,10,10,10,5,0
BRA,D,20130624,000000,10,10.2,10,10.2,257,0
BRA,D,20130625,000000,10.01,10.01,10,10,915,0
BRA,D,20130626,000000,10.2,10.2,10.1,10.1,172,0
BRA,D,20130627,000000,10.3,10.3,9.91,9.91,1305,0
BRA,D,20130703,000000,10,10.2,10,10.2,50,0
BRA,D,20130712,000000,10.2,10.4,10.2,10.4,28035,0
BRA,D,20130715,000000,10.5,10.5,10.09,10.09,172,0
BRA,D,20130716,000000,10.08,10.08,10.08,10.08,57,0
BRA,D,20130717,000000,10.08,10.08,9.58,9.58,56,0
BRA,D,20130719,000000,9.6,9.6,8.73,9,266,0
BRA,D,20130722,000000,9,9,8.8,8.8,137,0
BRA,D,20130723,000000,8.8,8.8,8.8,8.8,5,0
BRA,D,20130724,000000,8.8,8.8,8.8,8.8,305,0
BRA,D,20130725,000000,8.8,8.8,8.8,8.8,5,0
BRA,D,20130726,000000,8.8,8.8,8.8,8.8,5,0
BRA,D,20130729,000000,8.8,8.8,8.8,8.8,5,0
BRA,D,20130730,000000,8.8,8.8,8.36,8.36,205,0
BRA,D,20130731,000000,8.4,8.4,8.1,8.16,360,0
BRA,D,20130801,000000,8.1,8.16,8,8,95,0
BRA,D,20130802,000000,8,8.4,8,8.07,559,0
BRA,D,20130805,000000,8.08,8.42,8.07,8.07,575,0
BRA,D,20130807,000000,8.07,8.07,8.07,8.07,5,0
BRA,D,20130808,000000,8.07,8.07,8.07,8.07,5,0
BRA,D,20130809,000000,8.07,8.07,8,8,345,0
BRA,D,20130814,000000,8,8,7.92,7.92,250,0
BRA,D,20130816,000000,7.92,7.92,7.61,7.7,363,0
BRA,D,20130819,000000,7.6,7.6,7,7,1342,0
BRA,D,20130821,000000,6.81,6.81,6.76,6.76,400,0
BRA,D,20130822,000000,6.76,6.76,6.76,6.76,205,0
BRA,D,20130823,000000,6.76,6.76,6.76,6.76,5,0
BRA,D,20130826,000000,6.76,6.76,5.21,6.3,1317,0
BRA,D,20130827,000000,5.86,5.86,5.3,5.3,523,0
BRA,D,20130828,000000,5.32,5.46,5.32,5.46,289,0
BRA,D,20130829,000000,5.72,6.8,5.65,6.8,539,0
BRA,D,20130830,000000,6.8,6.8,6.8,6.8,61,0
BRA,D,20130904,000000,6.6,7.7,6.21,7,100222,0
BRA,D,20130905,000000,7,8,6.52,8,90313,0
BRA,D,20130906,000000,7.99,7.99,7.45,7.6,577,0
BRA,D,20130910,000000,7.95,8.4,7.81,8.4,1122,0
BRA,D,20130911,000000,8.19,9.4,8.19,9.4,916,0
BRA,D,20130912,000000,9.4,9.4,9,9,15,0
BRA,D,20130913,000000,9.1,9.1,9.1,9.1,4,0
BRA,D,20130916,000000,9.04,9.04,9.04,9.04,3,0
BRA,D,20130917,000000,9.04,9.04,9.04,9.04,4,0
BRA,D,20130918,000000,9.04,9.04,8.59,8.59,175,0
BRA,D,20130919,000000,8.62,9.04,8.55,9.04,513,0
BRA,D,20130920,000000,9.04,9.19,8.55,8.9,621,0
BRA,D,20130930,000000,8.6,8.6,8.5,8.5,200,0
BRA,D,20131001,000000,8.5,8.5,8.5,8.5,585,0
BRA,D,20131004,000000,8.4,8.4,8.4,8.4,160,0
BRA,D,20131007,000000,8.4,8.4,8.4,8.4,5,0
BRA,D,20131008,000000,8.4,8.4,8.4,8.4,4,0
BRA,D,20131009,000000,8.4,8.4,8.4,8.4,3,0
BRA,D,20131010,000000,8.4,8.4,8.4,8.4,3,0
BRA,D,20131011,000000,8.4,8.4,8.4,8.4,4,0
BRA,D,20131014,000000,8.5,8.5,8.5,8.5,3,0
BRA,D,20131015,000000,8.5,8.5,8.5,8.5,154,0
BRA,D,20131016,000000,8.5,8.5,8.5,8.5,4,0
BRA,D,20131018,000000,8.5,8.5,8.5,8.5,105,0
BRA,D,20131021,000000,8.5,8.5,8.5,8.5,5,0
BRA,D,20131022,000000,8.5,8.5,8.5,8.5,4,0
BRA,D,20131023,000000,8.49,8.49,8.49,8.49,3,0
BRA,D,20131024,000000,8.49,8.49,8.49,8.49,5,0
BRA,D,20131025,000000,8.49,8.49,8.49,8.49,4,0
BRA,D,20131028,000000,8.49,8.49,8.49,8.49,5,0
BRA,D,20131029,000000,8.49,8.49,8.49,8.49,3,0
BRA,D,20131030,000000,8.49,8.49,8.49,8.49,3,0
BRA,D,20131031,000000,8.49,8.49,8.1,8.1,43,0
BRA,D,20131104,000000,8.9,8.9,8.9,8.9,85,0
BRA,D,20131105,000000,8.6,8.6,8.6,8.6,5,0
BRA,D,20131106,000000,8.6,8.6,8.6,8.6,3,0
BRA,D,20131107,000000,8.6,8.6,8.6,8.6,3,0
BRA,D,20131108,000000,8.59,8.59,8.59,8.59,3,0
BRA,D,20131113,000000,8.3,8.3,8,8,705,0
BRA,D,20131114,000000,8,8,8,8,3,0
BRA,D,20131115,000000,8,8,8,8,5,0
BRA,D,20131118,000000,8.05,8.05,8.05,8.05,3,0
BRA,D,20131119,000000,8.05,8.05,8.05,8.05,3,0
BRA,D,20131120,000000,8.05,8.05,8.05,8.05,3,0
BRA,D,20131121,000000,8.05,8.05,7.59,7.59,243,0
BRA,D,20131125,000000,7.6,7.6,7.31,7.4,580,0
BRA,D,20131126,000000,7.3,7.3,7,7,541,0
BRA,D,20131202,000000,6.9,6.9,6.5,6.6,421,0
BRA,D,20131204,000000,6.25,6.25,5.79,6,690,0
BRA,D,20131205,000000,6,6,6,6,5,0
BRA,D,20131206,000000,6,6,6,6,3,0
BRA,D,20131209,000000,6,6,6,6,5,0
BRA,D,20131210,000000,6,6,6,6,5,0
BRA,D,20131211,000000,6,6,6,6,3,0
BRA,D,20131212,000000,5.8,6,5,5,1815,0
BRA,D,20131213,000000,5.16,5.3,4.7,4.71,1572,0
BRA,D,20131216,000000,5,5,4.55,4.55,1090,0
BRA,D,20131217,000000,4.51,4.51,4.48,4.48,630,0
BRA,D,20131218,000000,4.48,4.78,4,4,2555,0
BRA,D,20131219,000000,4.02,4.02,4.02,4.02,6,0
BRA,D,20131220,000000,4.02,4.4,4,4,2385,0
BRA,D,20131227,000000,3.87,4.08,3.5,3.88,4392,0
BRA,D,20131230,000000,3.6,3.6,3.02,3.5,3760,0
BRA,D,20140102,000000,3.4,3.4,2.98,3.1,3250,0
BRA,D,20140103,000000,2.93,3.5,2.92,3.3,1734,0
BRA,D,20140107,000000,3.09,3.11,2.91,3.11,2400,0
BRA,D,20140108,000000,3.11,3.11,3.11,3.11,510,0
BRA,D,20140109,000000,3.11,3.11,2.9,2.9,2800,0
BRA,D,20140110,000000,2.95,3.49,2.95,3.49,6880,0
BRA,D,20140113,000000,4.05,4.4,3.8,4,4714,0
BRA,D,20140114,000000,3.61,4.2,3.12,4,9903,0
BRA,D,20140115,000000,3.8,4.1,3.51,4.1,6518,0
BRA,D,20140116,000000,3.76,3.76,3.7,3.7,966,0
BRA,D,20140117,000000,3.7,4,3.7,4,4043,0
BRA,D,20140120,000000,4,4,3.97,3.97,253,0
BRA,D,20140121,000000,4,4.4,3.97,4.4,728,0
BRA,D,20140122,000000,4.39,4.9,4.39,4.9,415,0
BRA,D,20140123,000000,6,7.2,6,7.2,5441,0
BRA,D,20140124,000000,8,8.5,7.17,7.97,4300,0
BRA,D,20140127,000000,7.4,7.4,6.08,6.5,3896,0
BRA,D,20140128,000000,6.46,6.46,6,6,2321,0
BRA,D,20140129,000000,5.6,5.8,5.59,5.8,479,0
BRA,D,20140130,000000,5.8,6.4,5.51,5.51,1200,0
BRA,D,20140131,000000,5.51,6.46,4.8,6.19,1672,0
BRA,D,20140204,000000,5.5,5.51,5.5,5.51,211,0
BRA,D,20140205,000000,5.3,6.12,5.3,5.41,6165,0
BRA,D,20140206,000000,5.45,6.5,5.45,6.46,11597,0
BRA,D,20140207,000000,6.46,9.3,6.46,9.3,37467,0
BRA,D,20140210,000000,10.1,12,10.1,10.98,53939,0
BRA,D,20140211,000000,11.51,12.5,11,11.71,30084,0
BRA,D,20140212,000000,11.81,12.19,10.7,11.53,14344,0
BRA,D,20140213,000000,11.52,11.72,9.22,9.65,29359,0
BRA,D,20140214,000000,10.45,10.49,9.43,10.49,15158,0
BRA,D,20140217,000000,10.92,12,10.55,10.61,17700,0
BRA,D,20140218,000000,10.99,11.45,10.11,10.4,4075,0
BRA,D,20140219,000000,10.03,10.5,9.9,10,8551,0
BRA,D,20140220,000000,10,11.4,9.81,10.9,32099,0
BRA,D,20140221,000000,10.9,11.37,10.06,10.79,2823,0
BRA,D,20140224,000000,11.2,11.2,10.43,10.43,1803,0
BRA,D,20140225,000000,11.19,11.19,10,10.5,1819,0
BRA,D,20140226,000000,10,10.38,9.4,10.09,3031,0
BRA,D,20140227,000000,10.09,10.09,9.17,9.5,3791,0
BRA,D,20140228,000000,9.17,9.45,8.5,9.45,3345,0
BRA,D,20140303,000000,8.86,8.86,8.01,8.1,3053,0
BRA,D,20140304,000000,8.15,9.61,8.15,8.5,2627,0
BRA,D,20140305,000000,8.92,9.89,8.92,9.5,7143,0
BRA,D,20140306,000000,9.89,11,9.89,10.9,16816,0
BRA,D,20140307,000000,11.5,13.5,11.05,13.2,57811,0
BRA,D,20140310,000000,13.5,14.7,13.5,14.06,30760,0
BRA,D,20140311,000000,14.1,14.96,14.06,14.8,26212,0
BRA,D,20140312,000000,14.77,14.77,13,13.61,7595,0
BRA,D,20140313,000000,13.6,13.6,12.86,12.86,23530,0
BRA,D,20140314,000000,12.27,12.83,11.12,12.54,22905,0
BRA,D,20140317,000000,12,13.5,11.36,13.11,4678,0
BRA,D,20140318,000000,13.41,13.49,13.15,13.16,5836,0
BRA,D,20140319,000000,13.44,13.49,13.2,13.2,1126,0
BRA,D,20140320,000000,12,13.39,12,12.43,7264,0
BRA,D,20140321,000000,12.45,13.31,12.45,13,1409,0
BRA,D,20140324,000000,13.49,13.94,12.83,12.83,2246,0
BRA,D,20140325,000000,13.1,13.93,13.1,13.4,321,0
BRA,D,20140326,000000,13.4,13.5,13.39,13.4,2306,0
BRA,D,20140327,000000,13.49,13.5,13.1,13.5,3065,0
BRA,D,20140328,000000,13.5,13.9,13.5,13.9,14430,0
BRA,D,20140331,000000,13.9,16.7,13.9,16.7,9759,0
BRA,D,20140401,000000,18,21.6,17,21,18695,0
BRA,D,20140402,000000,21.49,21.49,19.7,20.6,9301,0
BRA,D,20140403,000000,20.4,24.19,20.4,23.99,17107,0
BRA,D,20140404,000000,23.5,25.11,22.85,24.5,15381,0
BRA,D,20140407,000000,24.49,34.44,23.31,29.29,28004,0
BRA,D,20140408,000000,29.27,30,27.7,28.98,8645,0
BRA,D,20140409,000000,29.7,30,29,29.99,6894,0
BRA,D,20140410,000000,28.85,29.4,26.01,26.5,32451,0
BRA,D,20140411,000000,25.8,26.73,24.2,24.99,15850,0
BRA,D,20140414,000000,24.05,25.9,19.35,21.3,18310,0
BRA,D,20140415,000000,18.7,22.4,17.5,18.43,27610,0
BRA,D,20140416,000000,18.42,18.42,16.7,16.99,17082,0
BRA,D,20140417,000000,16.58,17.87,15.2,15.2,22600,0
BRA,D,20140422,000000,15,16.18,14.5,15.12,11471,0
BRA,D,20140423,000000,15.69,15.94,14.5,14.61,7921,0
BRA,D,20140424,000000,14.5,16.3,14.5,15.5,6669,0
BRA,D,20140425,000000,15.95,15.95,15,15.1,2249,0
BRA,D,20140428,000000,15.66,15.66,14.14,14.48,2374,0
BRA,D,20140429,000000,14.46,15.53,14.02,15.5,2025,0
BRA,D,20140430,000000,15.52,18.62,15.49,18.38,11540,0
BRA,D,20140502,000000,18.6,21.27,17.96,19.09,22673,0
BRA,D,20140505,000000,19.67,20.6,17.85,17.9,8813,0
BRA,D,20140506,000000,18.5,18.5,16,16.4,7645,0
BRA,D,20140507,000000,16.99,16.99,14.4,15.59,6682,0
BRA,D,20140508,000000,15,15.27,14.9,15.27,2125,0
BRA,D,20140509,000000,15.59,15.59,14.5,15,6397,0
BRA,D,20140512,000000,15,15,13.45,13.45,4720,0
BRA,D,20140513,000000,13.99,14.14,13.45,13.9,2670,0
BRA,D,20140514,000000,14.12,15,14,14.78,4351,0
BRA,D,20140515,000000,14.51,16.19,14.2,15.2,11352,0
BRA,D,20140516,000000,15.29,15.29,14.1,15.24,1349,0
BRA,D,20140519,000000,15.05,15.05,14.14,14.8,1253,0
BRA,D,20140520,000000,14.9,15.55,14.9,15.24,2374,0
BRA,D,20140521,000000,15.43,15.43,14.64,15.27,2696,0
BRA,D,20140522,000000,15.27,15.38,14.66,14.94,1511,0
BRA,D,20140523,000000,14.78,14.78,13.96,14.5,3019,0
BRA,D,20140526,000000,14.39,14.39,13.92,14,1665,0
BRA,D,20140527,000000,14.2,14.29,13.65,14.24,4610,0
BRA,D,20140528,000000,14.25,14.25,13.65,14.17,1969,0
BRA,D,20140529,000000,14.14,14.14,13.6,14,4226,0
BRA,D,20140530,000000,14.1,14.1,12.3,12.89,6971,0
BRA,D,20140602,000000,12.84,12.87,11.83,12.48,11835,0
BRA,D,20140603,000000,12.07,12.55,12.02,12.3,2615,0
BRA,D,20140604,000000,12.25,12.68,12.1,12.64,2212,0
BRA,D,20140605,000000,12.1,12.6,12,12.37,2384,0
BRA,D,20140606,000000,12.37,12.59,12.12,12.5,2234,0
BRA,D,20140609,000000,12.55,12.55,12,12.32,1135,0
BRA,D,20140610,000000,12.35,14.19,12.29,13.3,23905,0
BRA,D,20140611,000000,13.28,13.28,11.8,12,10169,0
BRA,D,20140612,000000,12.24,12.24,11.26,11.6,4524,0
BRA,D,20140613,000000,11.4,11.5,10.8,11.29,8136,0
BRA,D,20140616,000000,11.2,11.2,10.6,10.98,4988,0
BRA,D,20140617,000000,11.21,11.21,10.51,10.88,1546,0
BRA,D,20140618,000000,10.69,10.87,10.13,10.13,21020,0
BRA,D,20140620,000000,10.13,10.67,10.04,10.29,3145,0
BRA,D,20140623,000000,10.07,10.84,9.64,10.15,3445,0
BRA,D,20140624,000000,10.14,10.25,9.8,10.25,25371,0
BRA,D,20140625,000000,10.25,10.75,9.9,10.39,17200,0
BRA,D,20140626,000000,10.7,10.74,9.75,10,5302,0
BRA,D,20140627,000000,10.25,10.75,10.24,10.4,17279,0
BRA,D,20140630,000000,10.55,11.45,10.29,10.29,8059,0
BRA,D,20140701,000000,10.15,10.51,9.9,10.1,5074,0
BRA,D,20140702,000000,10.08,10.49,9.86,9.9,17967,0
BRA,D,20140703,000000,9.98,10.49,9.11,10.49,7987,0
BRA,D,20140704,000000,10.49,10.49,9.82,9.85,3150,0
BRA,D,20140707,000000,9.98,10.34,9.01,9.27,9343,0
BRA,D,20140708,000000,8.98,9.25,8.39,8.8,5372,0
BRA,D,20140709,000000,8.51,8.79,8.4,8.6,4228,0
BRA,D,20140710,000000,8.6,9.05,8.6,8.92,2270,0
BRA,D,20140711,000000,8.35,8.8,8.34,8.69,4942,0
BRA,D,20140714,000000,8.5,8.6,8.2,8.47,7556,0
BRA,D,20140715,000000,8.18,8.45,8.18,8.38,1965,0
BRA,D,20140716,000000,8.39,8.39,7.15,7.55,13514,0
BRA,D,20140717,000000,7.5,7.89,7.18,7.2,4775,0
BRA,D,20140718,000000,7.5,7.69,6.98,7.69,6891,0
BRA,D,20140721,000000,7.64,8.99,7.64,8.49,10611,0
BRA,D,20140722,000000,8.9,8.9,7.7,7.93,5408,0
BRA,D,20140723,000000,7.97,7.97,7.33,7.59,6026,0
BRA,D,20140724,000000,7.64,7.8,7.2,7.21,4686,0
BRA,D,20140725,000000,7.4,7.43,6.79,7.2,2515,0
BRA,D,20140728,000000,6.91,7.19,6.85,6.85,5838,0
BRA,D,20140729,000000,6.8,7.35,6.24,7.29,9832,0
BRA,D,20140730,000000,7.15,7.15,6.5,6.88,5595,0
BRA,D,20140731,000000,6.64,6.64,6.35,6.49,2008,0
BRA,D,20140801,000000,6.7,6.91,6.7,6.91,40,0
BRA,D,20140804,000000,6.53,6.53,6.19,6.42,7373,0
BRA,D,20140805,000000,6.45,6.45,5.9,6.43,4413,0
BRA,D,20140806,000000,6.07,6.43,5.9,6.37,5450,0
BRA,D,20140807,000000,6.09,7.08,6.09,6.8,11535,0
BRA,D,20140808,000000,6.7,6.7,6,6.21,4504,0
BRA,D,20140811,000000,6.19,6.58,5.73,5.87,13971,0
BRA,D,20140812,000000,5.86,5.86,5.25,5.25,16450,0
BRA,D,20140813,000000,5.5,5.5,4.94,5,18296,0
BRA,D,20140814,000000,5,5,4.81,4.96,5110,0
BRA,D,20140818,000000,4.81,5,4.32,4.41,18097,0
BRA,D,20140819,000000,4.6,5.15,4.24,4.5,53486,0
BRA,D,20140820,000000,4.61,4.74,3.4,3.66,101895,0
BRA,D,20140821,000000,4.01,4.34,3.72,4.2,27760,0
BRA,D,20140822,000000,4.29,5.5,4.25,5.24,33189,0
BRA,D,20140825,000000,5.38,5.76,4.63,4.89,26656,0
BRA,D,20140826,000000,4.89,5.2,4.49,5.1,7710,0
BRA,D,20140827,000000,5.1,5.25,4.65,4.94,10870,0
BRA,D,20140828,000000,4.85,5.18,4.7,4.74,10083,0
BRA,D,20140829,000000,5,5,4.7,4.85,2578,0
BRA,D,20140901,000000,4.85,4.9,4.5,4.9,1016,0
BRA,D,20140902,000000,4.9,4.9,4.85,4.89,1038,0
BRA,D,20140903,000000,4.98,4.98,4.2,4.21,14579,0
BRA,D,20140904,000000,4.06,4.29,3.86,3.9,21985,0
BRA,D,20140905,000000,3.85,4.35,3.84,3.9,8626,0
BRA,D,20140908,000000,3.97,4.16,3.75,3.8,18114,0
BRA,D,20140909,000000,3.75,4.29,3.5,4.2,30790,0
BRA,D,20140910,000000,4.18,4.87,3.84,4.79,29100,0
BRA,D,20140911,000000,4.8,4.82,4.13,4.44,8977,0
BRA,D,20140912,000000,4.52,4.52,4.11,4.37,10700,0
BRA,D,20140915,000000,4.37,4.37,3.84,4.01,8550,0
BRA,D,20140916,000000,4.14,4.22,4.04,4.1,1586,0
BRA,D,20140917,000000,4.11,4.44,4.05,4.35,21405,0
BRA,D,20140918,000000,4.35,4.43,4.26,4.26,9591,0
BRA,D,20140919,000000,4.28,4.5,3.9,4.27,28868,0
BRA,D,20140922,000000,4.36,4.36,4.16,4.33,919,0
BRA,D,20140923,000000,4.33,4.39,4.07,4.27,4160,0
BRA,D,20140924,000000,4.29,4.29,4.28,4.28,550,0
BRA,D,20140925,000000,4.27,4.27,4.15,4.23,1160,0
BRA,D,20140926,000000,4.12,4.2,3.96,4.2,2278,0
BRA,D,20140929,000000,4.2,4.25,4.13,4.25,203,0
BRA,D,20140930,000000,4.4,5.65,4.4,5.57,142466,0
BRA,D,20141001,000000,5.99,6.53,5.57,5.77,105852,0
BRA,D,20141002,000000,5.57,5.9,5.03,5.03,53622,0
BRA,D,20141003,000000,5.18,6.15,5.07,6.09,41041,0
BRA,D,20141006,000000,6.11,6.42,5.8,6,31323,0
BRA,D,20141007,000000,5.98,7.35,5.98,7.01,59190,0
BRA,D,20141008,000000,7,7.09,6.5,6.9,28272,0
BRA,D,20141009,000000,7.16,7.16,6.4,6.48,21900,0
BRA,D,20141010,000000,6.7,6.7,5.5,5.63,48739,0
BRA,D,20141013,000000,5.7,5.72,5.2,5.22,18400,0
BRA,D,20141014,000000,5.3,5.82,5.3,5.55,18314,0
BRA,D,20141015,000000,5.7,5.7,5.22,5.3,8441,0
BRA,D,20141016,000000,5.3,5.48,4.85,5,22463,0
BRA,D,20141017,000000,5.22,5.22,4.7,5.22,20827,0
BRA,D,20141020,000000,5.35,5.7,4.8,4.81,36858,0
BRA,D,20141021,000000,4.8,4.94,4.76,4.88,14423,0
BRA,D,20141022,000000,4.9,5.5,4.8,5.19,48307,0
BRA,D,20141023,000000,5.95,7.14,5.34,7.11,231618,0
BRA,D,20141024,000000,7.95,7.95,6.9,7.13,131758,0
BRA,D,20141027,000000,7.2,7.75,6.97,7.3,45541,0
BRA,D,20141028,000000,7.29,8.39,7.07,7.9,64954,0
BRA,D,20141029,000000,8.13,9.36,7.99,9.1,83804,0
BRA,D,20141030,000000,9.25,9.4,8.5,8.79,47431,0
BRA,D,20141031,000000,8.79,9.2,8.31,8.74,43901,0
BRA,D,20141103,000000,8.52,9.35,8.5,9.06,22267,0
BRA,D,20141104,000000,9,9.87,8.71,9.7,46337,0
BRA,D,20141105,000000,9.7,10.25,9.4,9.4,37606,0
BRA,D,20141106,000000,9.37,9.7,9.2,9.61,41290,0
BRA,D,20141107,000000,9.85,9.85,9.21,9.59,15991,0
BRA,D,20141110,000000,9.65,9.65,9.11,9.46,4163,0
BRA,D,20141112,000000,9.2,10.59,9.08,10.11,39982,0
BRA,D,20141113,000000,10.45,10.85,10.21,10.72,21741,0
BRA,D,20141114,000000,10.85,10.96,9.77,10.39,22507,0
BRA,D,20141117,000000,9.6,10.01,9.09,9.09,28564,0
BRA,D,20141118,000000,9,9.07,8.3,8.93,35903,0
BRA,D,20141119,000000,8.85,9.46,8.5,8.61,22489,0
BRA,D,20141120,000000,8.8,10,8.18,9.78,43970,0
BRA,D,20141121,000000,9.79,10.4,9.59,10.1,17220,0
BRA,D,20141124,000000,10.1,12.56,9.69,11.93,89048,0
BRA,D,20141125,000000,11.95,12,10.5,10.5,39595,0
BRA,D,20141126,000000,10.5,11,10.01,10.1,14983,0
BRA,D,20141127,000000,10.03,10.44,9.8,10.2,17354,0
BRA,D,20141128,000000,10.05,10.88,10.05,10.85,8181,0
BRA,D,20141201,000000,10.85,10.85,9.8,9.91,9507,0
BRA,D,20141202,000000,9.79,9.79,9.01,9.45,26398,0
BRA,D,20141203,000000,9.6,10.5,9.01,9.2,26422,0
BRA,D,20141204,000000,9.2,9.6,9,9.15,18376,0
BRA,D,20141205,000000,9.15,9.54,9.15,9.21,12424,0
BRA,D,20141208,000000,9.55,10.48,9.31,10.13,17171,0
BRA,D,20141209,000000,10.13,10.37,9.5,9.93,19995,0
BRA,D,20141210,000000,9.97,10.87,9.07,9.77,52783,0
BRA,D,20141211,000000,9.67,9.88,9,9.58,18691,0
BRA,D,20141212,000000,9.56,9.56,8.6,8.75,25281,0
BRA,D,20141215,000000,8.57,9.47,8.13,8.37,19296,0
BRA,D,20141216,000000,8.13,8.81,7.78,7.78,26969,0
BRA,D,20141217,000000,7.76,8.55,7.68,8.34,11159,0
BRA,D,20141218,000000,8.35,9.2,7.85,7.85,13800,0
BRA,D,20141219,000000,7.95,8.2,7.6,8.12,15961,0
BRA,D,20141222,000000,8.18,8.18,7.8,7.81,494,0
BRA,D,20141223,000000,7.75,7.99,7.6,7.7,11156,0
BRA,D,20141229,000000,7.7,8.14,7.6,7.99,2808,0
BRA,D,20141230,000000,7.72,7.99,7.65,7.71,4159,0
BRA,D,20150102,000000,7.8,8.36,7.72,8.15,4151,0
BRA,D,20150105,000000,8.2,8.28,7.81,8.03,5064,0
BRA,D,20150107,000000,7.99,8.09,7.73,7.73,6022,0
BRA,D,20150108,000000,7.9,8.5,7.73,8.22,8052,0
BRA,D,20150109,000000,8.3,8.5,8.05,8.2,5787,0
BRA,D,20150112,000000,8.23,8.81,8.23,8.69,13769,0
BRA,D,20150113,000000,8.5,8.98,8.35,8.98,5929,0
BRA,D,20150114,000000,9,9,7.71,8.75,5144,0
BRA,D,20150115,000000,8.78,8.78,8.21,8.3,2112,0
BRA,D,20150116,000000,8.16,8.5,7.91,8.29,6904,0
BRA,D,20150119,000000,8.27,8.48,8,8.4,4885,0
BRA,D,20150120,000000,8.59,9.5,8.52,8.83,26028,0
BRA,D,20150121,000000,8.83,9.5,8.83,9.2,25620,0
BRA,D,20150122,000000,9.4,9.55,8.8,9.09,21613,0
BRA,D,20150123,000000,9.1,9.19,9,9.14,7434,0
BRA,D,20150126,000000,9.01,9.45,9.01,9.45,4120,0
BRA,D,20150127,000000,9.45,9.98,9.45,9.5,12684,0
BRA,D,20150128,000000,9.5,9.65,9.19,9.22,4994,0
BRA,D,20150129,000000,9.35,9.4,8.93,9.1,10097,0
BRA,D,20150130,000000,9.02,9.43,9.01,9.43,6666,0
BRA,D,20150202,000000,9.43,9.85,9.25,9.76,5331,0
BRA,D,20150203,000000,9.85,9.89,9.38,9.42,3111,0
BRA,D,20150204,000000,9.42,9.42,9,9.18,5044,0
BRA,D,20150205,000000,9.18,9.18,9,9.15,2975,0
BRA,D,20150206,000000,9.29,9.51,9.22,9.4,2588,0
BRA,D,20150209,000000,9.4,9.5,9.05,9.5,1831,0
BRA,D,20150210,000000,9.45,9.5,9.15,9.5,4592,0
BRA,D,20150211,000000,9.75,10.37,9.3,10.2,38153,0
BRA,D,20150212,000000,10.21,10.6,10,10.55,13693,0
BRA,D,20150213,000000,10.46,12.55,10.46,11.8,51694,0
BRA,D,20150216,000000,11.77,11.8,11.11,11.7,14870,0
BRA,D,20150217,000000,11.8,12.92,10.81,12.82,42126,0
BRA,D,20150218,000000,12.82,12.85,12.25,12.72,14526,0
BRA,D,20150219,000000,12.66,13.84,12.55,13.12,51663,0
BRA,D,20150220,000000,13.2,13.32,12.5,12.5,20587,0
BRA,D,20150223,000000,12.6,13.27,12.5,12.65,8717,0
BRA,D,20150224,000000,12.65,13,12.45,12.93,9967,0
BRA,D,20150225,000000,12.51,13,12,12.49,19262,0
BRA,D,20150226,000000,12.45,12.45,11.7,11.73,12220,0
BRA,D,20150227,000000,11.5,11.74,11.01,11.16,15397,0
BRA,D,20150302,000000,11.5,12.49,11.5,12.15,23248,0
BRA,D,20150303,000000,12.5,13.98,12.27,13.82,26327,0
BRA,D,20150304,000000,14.05,15.05,13.53,14.91,45191,0
BRA,D,20150305,000000,14.88,15.6,14.55,14.81,30144,0
BRA,D,20150306,000000,14.91,15.6,14.91,15.4,20642,0
BRA,D,20150309,000000,15.2,15.48,14.9,15.15,9844,0
BRA,D,20150310,000000,14.8,14.9,14.53,14.75,11651,0
BRA,D,20150311,000000,15.25,16.19,15,16.15,39167,0
BRA,D,20150312,000000,16.2,16.4,15.93,16.25,12263,0
BRA,D,20150313,000000,16.3,16.3,15.61,16.26,16897,0
BRA,D,20150316,000000,16,16.28,15.75,16.04,4271,0
BRA,D,20150317,000000,15.99,16.2,15.95,16.03,6767,0
BRA,D,20150318,000000,16.03,18.16,15.85,17.39,33527,0
BRA,D,20150319,000000,17.85,21.41,17.49,20.5,61334,0
BRA,D,20150320,000000,20.59,21.48,19.62,20.35,32908,0
BRA,D,20150323,000000,21,24.72,19.52,21.99,77709,0
BRA,D,20150324,000000,20.5,22.29,19.8,20.1,40475,0
BRA,D,20150325,000000,19.98,20.89,18.5,20.79,26194,0
BRA,D,20150326,000000,21.05,21.05,19.85,20.55,15775,0
BRA,D,20150327,000000,20.01,20.52,19.8,20.38,6732,0
BRA,D,20150330,000000,20.5,22.7,20.26,22.52,24110,0
BRA,D,20150331,000000,22.7,24,22.27,23.2,17444,0
BRA,D,20150401,000000,23.44,23.44,20.59,21.83,11913,0
BRA,D,20150402,000000,21.8,22.82,20.5,21.54,6278,0
BRA,D,20150407,000000,21.55,21.55,19.99,19.99,10567,0
BRA,D,20150408,000000,19.8,20,16,18.77,44743,0
BRA,D,20150409,000000,18.98,19.9,17.8,19.9,32480,0
BRA,D,20150410,000000,19.9,20.82,19,19.99,22982,0
BRA,D,20150413,000000,20.83,20.85,19.52,20.42,9678,0
BRA,D,20150414,000000,20.41,20.41,19.5,20,3576,0
BRA,D,20150415,000000,20,20.4,19.72,20.24,2482,0
BRA,D,20150416,000000,20.24,21.59,20,21.59,11494,0
BRA,D,20150417,000000,21.9,22.1,20.6,20.94,8381,0
BRA,D,20150420,000000,20.5,20.5,20,20.33,4314,0
BRA,D,20150421,000000,20,20.87,19.85,20.38,2636,0
BRA,D,20150422,000000,20.2,20.2,19.27,19.86,2914,0
BRA,D,20150423,000000,19.8,20,19,19.99,8370,0
BRA,D,20150424,000000,20.8,20.8,19.84,20.44,1975,0
BRA,D,20150427,000000,20.8,20.8,19.8,19.8,4330,0
BRA,D,20150428,000000,19.8,20.41,19.5,19.5,3183,0
BRA,D,20150429,000000,19.49,20.4,18.9,20.4,5215,0
BRA,D,20150430,000000,20,20.2,19.7,20.1,5586,0
BRA,D,20150504,000000,20.1,20.37,19.33,20.37,19759,0
BRA,D,20150505,000000,20.38,20.38,18.53,19.39,20685,0
BRA,D,20150506,000000,19.01,19.48,17.6,18.52,13713,0
BRA,D,20150507,000000,18.4,18.5,17.61,18.49,5295,0
BRA,D,20150508,000000,18.47,19.15,18.4,18.91,6436,0
BRA,D,20150511,000000,18.99,19.2,18.6,18.7,7947,0
BRA,D,20150512,000000,18.7,18.85,18.3,18.68,4796,0
BRA,D,20150513,000000,18.5,18.5,16.13,17,35678,0
BRA,D,20150514,000000,17,17.44,16.5,16.5,10141,0
BRA,D,20150515,000000,15.88,16.5,15.4,16.39,15015,0
BRA,D,20150518,000000,16.01,16.3,15.84,15.99,8140,0
BRA,D,20150519,000000,15.9,16,15.55,15.82,4874,0
BRA,D,20150520,000000,16,16,15.51,15.84,12739,0
BRA,D,20150521,000000,16,19.2,15.9,18.68,25751,0
BRA,D,20150522,000000,18.67,18.67,17.52,18.19,6117,0
BRA,D,20150525,000000,18.35,18.35,17.03,17.5,1929,0
BRA,D,20150526,000000,17.49,17.99,17.17,17.46,1675,0
BRA,D,20150527,000000,17.46,18.25,17.46,18.25,2822,0
BRA,D,20150528,000000,18.25,18.92,18,18.9,6948,0
BRA,D,20150529,000000,18.91,19.99,17.63,18.11,19513,0
BRA,D,20150601,000000,18.98,19.5,18.98,19.11,3227,0
BRA,D,20150602,000000,19.44,19.44,18,18,3445,0
BRA,D,20150603,000000,18.29,19,17.8,19,2915,0
BRA,D,20150605,000000,18.9,18.9,17.88,18.1,1141,0
BRA,D,20150608,000000,18.69,18.69,17.99,18,3424,0
BRA,D,20150609,000000,18.46,18.58,17.35,17.35,4851,0
BRA,D,20150610,000000,17.5,17.65,16.3,17,5422,0
BRA,D,20150611,000000,17.5,17.98,17.3,17.88,1281,0
BRA,D,20150612,000000,17.99,17.99,17,17,5529,0
BRA,D,20150615,000000,17.16,17.16,16.82,16.82,2566,0
BRA,D,20150616,000000,16.95,16.95,16.5,16.71,947,0
BRA,D,20150617,000000,16.71,16.71,15.9,15.95,3269,0
BRA,D,20150618,000000,15.95,16,14.61,15.25,18783,0
BRA,D,20150619,000000,15.1,15.31,15,15.3,6702,0
BRA,D,20150622,000000,15.29,15.92,15.12,15.92,9129,0
BRA,D,20150623,000000,16,16.18,15.95,15.97,19566,0
BRA,D,20150624,000000,14.7,14.98,14,14.98,44541,0
BRA,D,20150625,000000,14.96,15.47,14.41,14.79,19113,0
BRA,D,20150626,000000,14.52,14.6,14.21,14.25,13966,0
BRA,D,20150629,000000,13,14.11,12,13.98,42590,0
BRA,D,20150630,000000,13.6,13.9,13,13.8,8106,0
BRA,D,20150701,000000,13.9,14.69,13.9,14.35,16765,0
BRA,D,20150702,000000,14.3,14.69,14,14.3,2833,0
BRA,D,20150703,000000,14.36,14.58,14.1,14.17,5182,0
BRA,D,20150706,000000,14.15,14.15,13.53,13.8,2127,0
BRA,D,20150707,000000,14.15,14.15,12.65,12.7,11950,0
BRA,D,20150708,000000,13.9,13.9,12.02,12.89,12314,0
BRA,D,20150709,000000,12.99,12.99,12.4,12.97,11627,0
BRA,D,20150710,000000,12.97,13.5,12.4,13,14164,0
BRA,D,20150713,000000,13,13.1,12.5,13,16130,0
BRA,D,20150714,000000,13.1,15.27,13.1,14.87,39148,0
BRA,D,20150715,000000,15.2,15.2,14.8,15.06,18505,0
BRA,D,20150716,000000,15.13,15.5,15.09,15.2,26139,0
BRA,D,20150717,000000,15.3,15.5,14.95,15,12573,0
BRA,D,20150720,000000,15.1,15.1,14.09,14.09,12697,0
BRA,D,20150721,000000,14,14.05,13.25,13.78,11877,0
BRA,D,20150722,000000,13.8,13.99,13.6,13.79,2060,0
BRA,D,20150723,000000,13.95,14.18,13.5,13.7,3612,0
BRA,D,20150724,000000,13.7,13.99,13.6,13.99,1955,0
BRA,D,20150727,000000,13.99,13.99,13.41,13.55,2415,0
BRA,D,20150728,000000,13.89,13.89,12.95,13.32,5722,0
BRA,D,20150729,000000,13.32,13.46,13.11,13.46,4200,0
BRA,D,20150730,000000,13.46,13.48,12.94,13.2,6641,0
BRA,D,20150731,000000,13.38,13.38,12.8,13.13,2731,0
BRA,D,20150803,000000,13.24,13.25,12.8,13.06,3790,0
BRA,D,20150804,000000,13.24,13.4,12.81,13.19,3481,0
BRA,D,20150805,000000,13.05,13.98,13.05,13.94,7969,0
BRA,D,20150806,000000,13.94,13.94,13.55,13.94,2634,0
BRA,D,20150807,000000,13.8,14.88,13.8,14.88,10775,0
BRA,D,20150810,000000,14.88,15.29,14.81,14.9,17270,0
BRA,D,20150811,000000,14.97,14.97,13.9,14.06,5597,0
BRA,D,20150812,000000,14.58,14.58,13.75,14,5333,0
BRA,D,20150813,000000,14,14.7,13.9,14.3,6335,0
BRA,D,20150814,000000,14.3,14.7,14.26,14.4,764,0
BRA,D,20150817,000000,14.7,14.7,14.24,14.3,2443,0
BRA,D,20150818,000000,14.23,14.3,14.17,14.29,2118,0
BRA,D,20150819,000000,14.2,14.22,13.95,13.97,3150,0
BRA,D,20150820,000000,14.29,14.29,13.57,14.28,6137,0
BRA,D,20150821,000000,14.28,14.28,13.65,14,3041,0
BRA,D,20150824,000000,13,13.6,11.7,12.15,31114,0
BRA,D,20150825,000000,11,12.1,11,11.6,14302,0
BRA,D,20150826,000000,12.06,12.14,11.35,11.92,20369,0
BRA,D,20150827,000000,12.09,13.25,11.9,13.25,24411,0
BRA,D,20150828,000000,13.25,13.7,12.6,13.3,8772,0
BRA,D,20150831,000000,13.39,13.39,12.55,12.9,5857,0
BRA,D,20150901,000000,12.5,12.66,12,12.1,10714,0
BRA,D,20150902,000000,12.01,12.3,12,12.13,3675,0
BRA,D,20150903,000000,12.2,12.59,12.17,12.59,3199,0
BRA,D,20150904,000000,12.6,12.7,12.25,12.47,3578,0
BRA,D,20150907,000000,12.49,12.65,12.4,12.4,1347,0
BRA,D,20150908,000000,12.38,12.5,12.1,12.33,1355,0
BRA,D,20150909,000000,12.4,12.99,12.26,12.99,4154,0
BRA,D,20150910,000000,12.98,13.38,12.82,13.3,11108,0
BRA,D,20150911,000000,13.3,13.3,12.5,12.66,3656,0
BRA,D,20150914,000000,12.85,12.99,12.31,12.59,11613,0
BRA,D,20150915,000000,12.42,13.2,12.4,12.75,4666,0
BRA,D,20150916,000000,12.95,13.25,12.9,12.96,5614,0
BRA,D,20150917,000000,12.97,13.7,12.96,13.69,12433,0
BRA,D,20150918,000000,13.9,14.98,13.8,14.2,32823,0
BRA,D,20150921,000000,14.3,14.7,14.21,14.62,5427,0
BRA,D,20150922,000000,14.7,14.8,13.72,13.72,5647,0
BRA,D,20150923,000000,14,14.25,13.79,14.2,3462,0
BRA,D,20150924,000000,14.3,14.3,13.75,13.93,2940,0
BRA,D,20150925,000000,13.94,14.2,12.81,13.57,13038,0
BRA,D,20150928,000000,13.78,13.78,12.96,12.96,4997,0
BRA,D,20150929,000000,13.22,13.4,12.97,13.1,4403,0
BRA,D,20150930,000000,13.6,13.99,13.39,13.99,2997,0
BRA,D,20151001,000000,13.8,13.87,13.01,13.29,4812,0
BRA,D,20151002,000000,13.45,13.61,13.15,13.36,1325,0
BRA,D,20151005,000000,13.5,13.59,13.34,13.55,2140,0
BRA,D,20151006,000000,13.4,13.5,13.2,13.49,2085,0
BRA,D,20151007,000000,13.49,13.56,12.97,13.5,3920,0
BRA,D,20151008,000000,13.02,13.49,12.92,13.49,5278,0
BRA,D,20151009,000000,13.49,13.49,13,13.45,2421,0
BRA,D,20151012,000000,13.21,13.42,13,13.09,5931,0
BRA,D,20151013,000000,13.22,13.55,13.09,13.09,3710,0
BRA,D,20151014,000000,13.1,13.43,13,13.28,5577,0
BRA,D,20151015,000000,13.28,13.39,13.01,13.39,5194,0
BRA,D,20151016,000000,13.4,13.4,13.23,13.3,1517,0
BRA,D,20151019,000000,13.4,14.2,13.26,13.97,14798,0
BRA,D,20151020,000000,14.06,14.8,14.06,14.37,23937,0
BRA,D,20151021,000000,14.45,14.58,13.75,14.35,10608,0
BRA,D,20151022,000000,14.35,14.35,13.95,14.26,4858,0
BRA,D,20151023,000000,14.27,14.27,13.91,14.07,3414,0
BRA,D,20151026,000000,13.85,14.15,13.85,14.06,2314,0
BRA,D,20151027,000000,14.06,14.06,13.8,13.99,3864,0
BRA,D,20151028,000000,13.98,14.35,13.85,14.35,3754,0
BRA,D,20151029,000000,14.5,14.76,14.2,14.59,7058,0
BRA,D,20151030,000000,14.6,14.8,14.35,14.5,15482,0
BRA,D,20151102,000000,14.56,14.56,14.12,14.14,6651,0
BRA,D,20151103,000000,14.6,14.6,14.17,14.55,3028,0
BRA,D,20151104,000000,14.3,14.65,14.04,14.65,10371,0
BRA,D,20151105,000000,14.38,14.52,14.04,14.1,20765,0
BRA,D,20151106,000000,14.15,14.2,13.61,13.98,6970,0
BRA,D,20151109,000000,13.97,13.97,13.35,13.58,4289,0
BRA,D,20151110,000000,13.58,13.79,13.5,13.6,2057,0
BRA,D,20151112,000000,13.75,13.75,13.47,13.5,706,0
BRA,D,20151113,000000,13.4,13.44,12.99,13,8172,0
BRA,D,20151116,000000,12.85,12.85,11.6,12.5,7647,0
BRA,D,20151117,000000,12.84,12.84,12.46,12.74,3805,0
BRA,D,20151118,000000,13.03,13.5,12.5,12.69,4266,0
BRA,D,20151119,000000,12.98,13.15,11.95,12.35,13027,0
BRA,D,20151120,000000,12.7,13.2,12.02,13.2,10614,0
BRA,D,20151123,000000,13.5,13.95,13,13,27925,0
BRA,D,20151124,000000,13.23,13.23,12.65,12.95,5444,0
BRA,D,20151125,000000,13.17,13.17,12.9,12.98,2355,0
BRA,D,20151126,000000,12.91,13.04,12.51,12.77,8709,0
BRA,D,20151127,000000,12.9,12.9,12.21,12.68,6505,0
BRA,D,20151130,000000,12.68,12.68,12.3,12.48,4535,0
BRA,D,20151201,000000,12.45,12.54,12.31,12.31,19275,0
BRA,D,20151202,000000,12.32,14.8,12.3,14.45,52435,0
BRA,D,20151203,000000,14.5,14.99,14.01,14.44,37514,0
BRA,D,20151204,000000,14.45,14.98,14.03,14.12,20589,0
BRA,D,20151207,000000,14.6,14.6,14.03,14.16,4622,0
BRA,D,20151208,000000,14.16,15.75,14.03,14.05,81380,0
BRA,D,20151209,000000,14.15,14.99,14.15,14.5,8378,0
BRA,D,20151210,000000,14.9,14.9,13.9,14.53,14010,0
BRA,D,20151211,000000,14.65,14.73,13.92,13.92,3132,0
BRA,D,20151214,000000,14.39,14.39,12.81,12.82,15532,0
BRA,D,20151215,000000,12.63,13.31,12.4,12.9,61597,0
BRA,D,20151216,000000,12.95,13.58,12.95,13.58,2167,0
BRA,D,20151217,000000,13.58,13.84,13.08,13.84,4166,0
BRA,D,20151218,000000,13.31,13.69,13.28,13.28,1049,0
BRA,D,20151221,000000,13.48,13.48,13.04,13.38,2591,0
BRA,D,20151222,000000,13.3,13.4,13,13.25,3174,0
BRA,D,20151223,000000,13.23,13.33,12.89,13.32,10348,0
BRA,D,20151228,000000,12.9,13.88,12.9,13.31,143264,0
BRA,D,20151229,000000,13.5,13.73,13.35,13.69,76037,0
BRA,D,20151230,000000,13.86,13.86,13.15,13.35,6514,0
BRA,D,20160104,000000,13.14,13.29,12.85,13.14,6328,0
BRA,D,20160105,000000,12.88,13.41,12.61,13.26,6942,0
BRA,D,20160107,000000,12.9,12.9,12.3,12.41,14211,0
BRA,D,20160108,000000,12.6,12.6,11.92,12.29,14495,0
BRA,D,20160111,000000,12.21,12.29,12.01,12.17,4822,0
BRA,D,20160112,000000,12.25,12.54,11.9,12.35,13848,0
BRA,D,20160113,000000,12.42,13.26,12.28,12.5,16776,0
BRA,D,20160114,000000,12.5,12.79,12.5,12.67,2990,0
BRA,D,20160115,000000,12.79,12.85,12,12.09,7423,0
BRA,D,20160118,000000,11.75,12,11.4,11.7,8326,0
BRA,D,20160119,000000,11.85,11.99,11.56,11.86,5687,0
BRA,D,20160120,000000,11.86,11.86,11.06,11.38,8890,0
BRA,D,20160121,000000,11.4,11.4,11.07,11.29,3583,0
BRA,D,20160122,000000,11.45,12,11.45,11.57,9274,0
BRA,D,20160125,000000,11.6,11.89,11.45,11.8,3956,0
BRA,D,20160126,000000,11.65,12,11.31,11.97,3791,0
BRA,D,20160127,000000,11.97,12,11.55,11.8,2762,0
BRA,D,20160128,000000,11.8,11.8,11.58,11.7,4802,0
BRA,D,20160129,000000,11.7,12.32,11.7,12,23780,0
BRA,D,20160201,000000,12,12.08,11.85,11.85,6504,0
BRA,D,20160202,000000,11.85,11.85,11.4,11.42,9765,0
BRA,D,20160203,000000,11.39,11.58,11.16,11.58,2930,0
BRA,D,20160204,000000,11.58,11.58,11.26,11.42,4283,0
BRA,D,20160205,000000,11.38,11.38,11,11.07,8502,0
BRA,D,20160208,000000,11.15,11.24,10.3,11.24,18100,0
BRA,D,20160209,000000,11.78,11.78,10.97,11.2,2648,0
BRA,D,20160210,000000,11.47,11.55,11.04,11.48,4255,0
BRA,D,20160211,000000,11.48,11.48,11.06,11.29,3803,0
BRA,D,20160212,000000,11.29,11.53,11.21,11.49,2453,0
BRA,D,20160215,000000,11.5,11.54,11.3,11.5,1972,0
BRA,D,20160216,000000,11.54,11.54,11.29,11.48,1192,0
BRA,D,20160217,000000,11.48,12.89,11.38,12.89,30991,0
BRA,D,20160218,000000,12.89,14.17,12.15,13.85,37945,0
BRA,D,20160219,000000,14.44,15.1,13.88,14.51,44437,0
BRA,D,20160222,000000,14.75,15,14.5,14.9,37461,0
BRA,D,20160223,000000,14.9,14.9,13.48,14.19,31715,0
BRA,D,20160224,000000,14.18,14.18,13.5,13.62,7342,0
BRA,D,20160225,000000,13.5,14.28,13.5,13.95,7993,0
BRA,D,20160226,000000,14.26,14.38,13.62,14.35,3579,0
BRA,D,20160229,000000,14.45,14.45,13.8,14,6676,0
BRA,D,20160301,000000,13.83,13.94,13,13.59,13403,0
BRA,D,20160302,000000,13.59,14,13.45,13.98,9913,0
BRA,D,20160303,000000,13.98,14.49,13.74,14.05,11231,0
BRA,D,20160304,000000,14.09,14.9,14.09,14.79,40216,0
BRA,D,20160307,000000,14.95,14.95,14,14.3,12541,0
BRA,D,20160308,000000,14.3,14.76,14.2,14.6,4452,0
BRA,D,20160309,000000,14.6,14.6,14.2,14.4,2900,0
BRA,D,20160310,000000,14.4,14.7,14.07,14.07,6325,0
BRA,D,20160311,000000,14.43,14.43,13.6,14.18,12091,0
BRA,D,20160314,000000,14.3,14.39,13.93,14.14,1331,0
BRA,D,20160315,000000,13.95,14.4,13.9,14.23,4911,0
BRA,D,20160316,000000,14.49,14.49,14,14.2,8225,0
BRA,D,20160317,000000,14.2,14.2,13.8,14.2,9328,0
BRA,D,20160318,000000,14.2,14.88,14.12,14.5,18217,0
BRA,D,20160321,000000,14.5,14.9,14.5,14.6,27079,0
BRA,D,20160322,000000,14.88,14.9,14.61,14.89,23104,0
BRA,D,20160323,000000,14.9,14.9,14.66,14.7,18549,0
BRA,D,20160324,000000,14.7,14.7,14.25,14.41,18414,0
BRA,D,20160329,000000,14.62,15.8,14.4,14.81,124190,0
BRA,D,20160330,000000,14.98,14.99,14.17,14.95,41564,0
BRA,D,20160331,000000,14.95,15.1,14.9,14.9,31375,0
BRA,D,20160401,000000,14.97,14.97,14.61,14.65,4751,0
BRA,D,20160404,000000,14.61,14.9,14.41,14.9,19179,0
BRA,D,20160405,000000,14.8,14.8,14.5,14.55,10379,0
BRA,D,20160406,000000,14.46,15.04,14.46,14.52,19517,0
BRA,D,20160407,000000,15,15,14.31,14.31,16285,0
BRA,D,20160408,000000,14.4,14.98,14.2,14.9,79226,0
BRA,D,20160411,000000,14.9,15,14.44,14.7,14529,0
BRA,D,20160412,000000,14.61,14.98,14.61,14.93,26237,0
BRA,D,20160413,000000,14.99,15,14.85,14.89,23679,0
BRA,D,20160414,000000,14.97,15.67,14.9,15.56,203949,0
BRA,D,20160415,000000,15.82,17.3,15.76,16.82,149966,0
BRA,D,20160418,000000,16.93,17.48,16.25,17.2,50915,0
BRA,D,20160419,000000,17.49,17.6,16.6,16.97,49434,0
BRA,D,20160420,000000,16.94,16.94,16.4,16.5,19322,0
BRA,D,20160421,000000,16.41,16.5,16.19,16.48,17210,0
BRA,D,20160422,000000,16.6,16.94,16.6,16.78,12650,0
BRA,D,20160425,000000,17,18.67,16.95,17.94,141786,0
BRA,D,20160426,000000,17.9,17.9,17.33,17.42,27936,0
BRA,D,20160427,000000,17.11,17.4,16.79,17,32181,0
BRA,D,20160428,000000,17,17,16.45,16.91,19478,0
BRA,D,20160429,000000,17,17,16.5,16.62,9175,0
BRA,D,20160502,000000,16.93,16.94,16.47,16.86,3709,0
BRA,D,20160504,000000,16.8,16.8,16,16.02,14177,0
BRA,D,20160505,000000,16.1,16.1,15.5,15.5,56976,0
BRA,D,20160506,000000,15.21,16.5,15.2,15.79,25377,0
BRA,D,20160509,000000,15.8,16.3,15.68,15.7,14298,0
BRA,D,20160510,000000,15.79,16.2,15.66,16,15428,0
BRA,D,20160511,000000,16.17,16.19,15.71,15.85,4904,0
BRA,D,20160512,000000,16,16.05,15.4,15.51,12969,0
BRA,D,20160513,000000,15.51,15.51,15,15.23,14605,0
BRA,D,20160516,000000,15.35,15.78,15.1,15.6,6785,0
BRA,D,20160517,000000,15.71,16.02,15.4,15.4,14695,0
BRA,D,20160518,000000,15.32,15.32,14.7,15,30659,0
BRA,D,20160519,000000,14.9,15.56,14.77,15.56,14445,0
BRA,D,20160520,000000,15.63,15.8,15.2,15.27,5522,0
BRA,D,20160523,000000,15.3,16.1,15.28,16,13044,0
BRA,D,20160524,000000,16.16,16.92,16.1,16.61,25290,0
BRA,D,20160525,000000,16.9,16.9,16.33,16.33,14101,0
BRA,D,20160527,000000,16.76,16.76,15.83,15.97,7647,0
BRA,D,20160530,000000,15.97,15.97,15.8,15.86,2563,0
BRA,D,20160531,000000,15.8,16.12,15.8,15.89,3364,0
BRA,D,20160601,000000,15.8,15.89,15.02,15.2,19174,0
BRA,D,20160602,000000,14.95,15.24,14.9,15.22,12133,0
BRA,D,20160603,000000,15.4,15.58,15.15,15.19,11879,0
BRA,D,20160606,000000,15.2,15.38,14.85,15,23702,0
BRA,D,20160607,000000,15,15.17,14.85,14.95,25917,0
BRA,D,20160608,000000,15,15.02,14.9,14.95,5674,0
BRA,D,20160609,000000,15.02,15.02,14.34,14.5,20914,0
BRA,D,20160610,000000,14.66,14.9,14.45,14.59,8118,0
BRA,D,20160613,000000,14.23,14.95,13.46,13.84,54456,0
BRA,D,20160614,000000,13.84,13.84,12.9,13.15,44651,0
BRA,D,20160615,000000,13.25,13.7,12.02,12.75,24871,0
BRA,D,20160616,000000,12.42,13.47,12.3,13.11,13400,0
BRA,D,20160617,000000,13.47,13.69,13.2,13.3,20353,0
BRA,D,20160620,000000,13.5,15.7,13.4,14.95,51032,0
BRA,D,20160621,000000,15.13,15.13,14.8,15.09,9163,0
BRA,D,20160622,000000,15.09,15.09,14.71,14.8,9026,0
BRA,D,20160623,000000,14.87,15.44,14.51,15.35,18061,0
BRA,D,20160624,000000,13.8,14.81,13.22,14.21,44708,0
BRA,D,20160627,000000,14.48,14.6,13.77,14,8634,0
BRA,D,20160628,000000,14,14.39,13.52,13.89,29044,0
BRA,D,20160629,000000,13.9,14,13.7,13.7,22539,0
BRA,D,20160630,000000,14.3,14.3,14,14.18,5687,0
BRA,D,20160701,000000,14.1,14.19,13.92,14.07,9252,0
BRA,D,20160704,000000,13.9,13.97,13.75,13.89,2432,0
BRA,D,20160705,000000,14.09,14.94,14.09,14.66,11421,0
BRA,D,20160706,000000,14.66,15.42,14.66,15.07,10101,0
BRA,D,20160707,000000,15,15.48,14.9,15.43,12034,0
BRA,D,20160708,000000,15.44,15.99,15.44,15.78,14133,0
BRA,D,20160711,000000,15.81,16.29,15.81,16.22,7148,0
BRA,D,20160712,000000,16.17,16.17,15.22,15.93,11869,0
BRA,D,20160713,000000,15.9,15.9,15.5,15.75,6265,0
BRA,D,20160714,000000,15.92,16.04,15.75,16,16809,0
BRA,D,20160715,000000,15.9,16.06,15.65,15.88,9891,0
BRA,D,20160718,000000,15.86,15.86,15.51,15.6,3305,0
BRA,D,20160719,000000,15.5,16,15.12,15.98,9374,0
BRA,D,20160720,000000,16.04,16.04,15.5,15.8,12200,0
BRA,D,20160721,000000,15.89,17.2,15.51,16.99,50136,0
BRA,D,20160722,000000,16.92,16.99,15.9,16.15,43320,0
BRA,D,20160725,000000,16.15,16.8,16.15,16.8,18090,0
BRA,D,20160726,000000,17,17,16.41,16.85,11069,0
BRA,D,20160727,000000,16.97,18.22,16.85,18.03,63406,0
BRA,D,20160728,000000,18.4,18.46,18.02,18.12,53028,0
BRA,D,20160729,000000,18.1,18.2,17.78,17.79,31543,0
BRA,D,20160801,000000,17.94,18,17.53,17.85,5967,0
BRA,D,20160802,000000,17.54,18.32,17.53,18.01,23463,0
BRA,D,20160803,000000,18,18,17.8,18,7708,0
BRA,D,20160804,000000,18,20.3,18,20.1,63998,0
BRA,D,20160805,000000,20.48,23.49,19.65,23.17,118323,0
BRA,D,20160808,000000,24.7,24.97,22.79,22.8,101082,0
BRA,D,20160809,000000,22.6,24,22.07,23.95,45451,0
BRA,D,20160810,000000,24,24.8,23.56,24.56,51736,0
BRA,D,20160811,000000,24.8,27.42,24,27.42,120859,0
BRA,D,20160812,000000,28.48,29.89,27,28.15,143409,0
BRA,D,20160816,000000,28.23,29.5,27.65,28.41,61704,0
BRA,D,20160817,000000,28.5,28.5,27.67,27.75,34466,0
BRA,D,20160818,000000,27.8,27.94,25.5,26.72,78706,0
BRA,D,20160819,000000,26.01,28,25.5,26.8,42375,0
BRA,D,20160822,000000,26.99,26.99,25.86,25.9,24753,0
BRA,D,20160823,000000,25.52,26.72,25.5,26.1,27531,0
BRA,D,20160824,000000,26,28.3,26,27.07,52596,0
BRA,D,20160825,000000,27.01,27.6,26,26.48,21103,0
BRA,D,20160826,000000,26.19,26.5,26,26,15060,0
BRA,D,20160829,000000,26.43,26.45,24,25,41488,0
BRA,D,20160830,000000,24.5,24.9,23.5,23.7,35389,0
BRA,D,20160831,000000,23.4,24.89,23.12,24.41,29384,0
BRA,D,20160901,000000,25,26.99,24.99,25.8,42425,0
BRA,D,20160902,000000,26,26.29,25.14,25.44,9643,0
BRA,D,20160905,000000,25.5,25.5,24.51,25.2,16090,0
BRA,D,20160906,000000,25.18,25.18,23.81,24.56,21434,0
BRA,D,20160907,000000,24.8,26,24.66,25.65,18910,0
BRA,D,20160908,000000,25.78,27.99,25.78,27.99,44059,0
BRA,D,20160909,000000,27.94,27.96,26.74,27.09,20318,0
BRA,D,20160912,000000,26.95,27,26.21,26.9,19418,0
BRA,D,20160913,000000,27.09,27.3,26.74,26.96,19989,0
BRA,D,20160914,000000,26.93,26.96,25.87,26.18,14843,0
BRA,D,20160915,000000,26,26,25.52,25.66,11287,0
BRA,D,20160916,000000,25.62,28.5,25.32,28.5,58877,0
BRA,D,20160919,000000,28.7,30,27.6,27.69,107511,0
BRA,D,20160920,000000,28,28,26,26.78,43425,0
BRA,D,20160921,000000,27.34,27.48,25.71,26.87,61388,0
BRA,D,20160922,000000,27.11,27.38,26.03,26.43,20443,0
BRA,D,20160923,000000,26.19,27.4,26.05,27.19,25249,0
BRA,D,20160926,000000,27.2,27.8,26.61,26.69,31257,0
BRA,D,20160927,000000,26.8,26.94,26.6,26.75,15935,0
BRA,D,20160928,000000,26.77,26.88,26.3,26.72,12853,0
BRA,D,20160929,000000,26.21,26.7,26.03,26.29,19236,0
BRA,D,20160930,000000,26.29,26.29,25.82,25.97,13181,0
BRA,D,20161003,000000,26,26.05,23.36,24.38,84177,0
BRA,D,20161004,000000,24,25.5,23.45,23.9,58565,0
BRA,D,20161005,000000,24.43,27.43,24.15,25.4,109519,0
BRA,D,20161006,000000,26,26.5,25.4,26,31357,0
BRA,D,20161007,000000,26.3,27.95,26.3,27.95,90408,0
BRA,D,20161010,000000,28.13,28.7,27,27.89,50731,0
BRA,D,20161011,000000,27.89,27.89,27.02,27.25,24723,0
BRA,D,20161012,000000,27.29,27.75,27.2,27.23,10557,0
BRA,D,20161013,000000,27.23,27.35,26.39,26.6,12362,0
BRA,D,20161014,000000,26.6,26.62,26.2,26.2,9819,0
BRA,D,20161017,000000,26.5,26.69,25.61,26.38,14002,0
BRA,D,20161018,000000,26.8,27.6,26.7,27.6,12263,0
BRA,D,20161019,000000,27.99,28.98,24.99,25.35,108156,0
BRA,D,20161020,000000,25.45,26.79,24.66,25.89,37727,0
BRA,D,20161021,000000,25.99,25.99,24,24.06,37806,0
BRA,D,20161024,000000,24.06,24.06,21.85,21.93,132450,0
BRA,D,20161025,000000,21.39,21.39,19.76,20.88,161133,0
BRA,D,20161026,000000,20.8,22.2,20.3,20.31,76338,0
BRA,D,20161027,000000,20.6,20.9,18.77,19.6,102190,0
BRA,D,20161028,000000,19.61,19.61,18.81,19.01,48512,0
BRA,D,20161031,000000,19.2,21.45,19.19,21.12,73406,0
BRA,D,20161102,000000,21.66,23,21.3,21.47,121735,0
BRA,D,20161103,000000,21.47,21.5,20.1,20.75,39697,0
BRA,D,20161104,000000,20.95,22.17,20.65,21.33,31042,0
BRA,D,20161107,000000,21.05,21.64,21.04,21.14,15349,0
BRA,D,20161108,000000,21.06,21.15,20.4,20.69,14504,0
BRA,D,20161109,000000,19.8,20.5,19.72,20.25,26612,0
BRA,D,20161110,000000,20.44,21.27,20.25,20.61,19146,0
BRA,D,20161114,000000,21.24,21.27,19.9,20,16066,0
BRA,D,20161115,000000,19.9,20.3,19.8,20.25,7448,0
BRA,D,20161116,000000,20,20.1,18.82,18.9,42561,0
BRA,D,20161117,000000,18.69,18.7,16.96,17.02,99945,0
BRA,D,20161118,000000,17.02,17.89,15.51,15.66,137879,0
BRA,D,20161121,000000,15.1,16.97,15,16.4,133583,0
BRA,D,20161122,000000,16.6,17.3,16.6,17.3,52708,0
BRA,D,20161123,000000,17.3,17.8,16.6,16.71,41708,0
BRA,D,20161124,000000,17,17.15,16.7,17.09,18759,0
BRA,D,20161125,000000,17.09,17.5,16.7,16.86,23628,0
BRA,D,20161128,000000,16.91,16.95,15.76,15.99,62227,0
BRA,D,20161129,000000,15.99,16.4,15.96,16,41472,0
BRA,D,20161130,000000,16.24,16.4,15.97,16.05,18299,0
BRA,D,20161201,000000,16.07,16.09,15.97,16.04,10239,0
BRA,D,20161202,000000,16.04,16.3,16.04,16.15,12345,0
BRA,D,20161205,000000,16.18,16.48,15.97,16.01,27755,0
BRA,D,20161206,000000,16.21,18.73,16.2,18.5,141199,0
BRA,D,20161207,000000,18.78,18.83,17.52,17.94,131332,0
BRA,D,20161208,000000,17.9,17.9,17.3,17.55,38558,0
BRA,D,20161209,000000,17.67,17.69,16.7,16.82,44527,0
BRA,D,20161212,000000,16.76,16.76,16.14,16.51,125549,0
BRA,D,20161213,000000,16.65,17.25,16.35,16.67,77467,0
BRA,D,20161214,000000,16.71,17.1,16.18,16.66,80236,0
BRA,D,20161215,000000,16.72,18.01,16.4,17.44,71933,0
BRA,D,20161216,000000,17.6,17.7,17.15,17.3,12896,0
BRA,D,20161219,000000,17.3,17.3,16.5,16.6,36812,0
BRA,D,20161220,000000,16.61,16.9,16.6,16.7,26028,0
BRA,D,20161221,000000,16.86,17.34,16.73,17.17,19731,0
BRA,D,20161222,000000,17.35,17.7,16.91,17.1,29914,0
BRA,D,20161223,000000,17.18,17.18,16.92,17.08,13405,0
BRA,D,20161227,000000,17.19,17.19,16.7,17.08,17823,0
BRA,D,20161228,000000,16.82,17.1,16.7,17.1,37247,0
BRA,D,20161229,000000,17,17.77,16.8,17.7,30688,0
BRA,D,20161230,000000,17.7,18,17.25,18,70823,0
BRA,D,20170102,000000,18.5,19.48,17.79,18.87,206438,0
BRA,D,20170103,000000,19.01,19.1,18.4,18.72,42841,0
BRA,D,20170104,000000,18.72,18.82,18.01,18.21,29445,0
BRA,D,20170105,000000,18.3,18.76,18.08,18.25,22864,0
BRA,D,20170109,000000,18.04,18.32,18.04,18.28,9615,0
BRA,D,20170110,000000,18.15,18.33,17.73,17.81,19139,0
BRA,D,20170111,000000,17.82,18.6,17.5,18.45,48504,0
BRA,D,20170112,000000,18.59,18.59,17.6,17.9,37028,0
BRA,D,20170113,000000,17.85,18.1,17.61,17.99,16779,0
BRA,D,20170116,000000,17.65,17.65,15.09,16.39,277292,0
BRA,D,20170117,000000,16.53,16.74,16.24,16.5,45010,0
BRA,D,20170118,000000,16.46,16.58,16.05,16.05,38901,0
BRA,D,20170119,000000,15.8,15.8,15.11,15.4,71659,0
BRA,D,20170120,000000,15.18,15.45,15,15.44,35536,0
BRA,D,20170123,000000,15.02,15.48,14.8,14.9,46913,0
BRA,D,20170124,000000,14.91,15.18,13.82,15.05,111595,0
BRA,D,20170125,000000,15.2,15.45,15.15,15.2,31737,0
BRA,D,20170126,000000,15.2,15.2,14.4,14.7,30907,0
BRA,D,20170127,000000,14.56,15.3,14.56,15,25042,0
BRA,D,20170130,000000,15.05,15.15,14.8,15.15,17876,0
BRA,D,20170131,000000,15.11,15.78,14.9,15.6,54099,0
BRA,D,20170201,000000,15.58,16.16,15.22,15.3,37036,0
BRA,D,20170202,000000,15.33,15.5,15,15.48,29086,0
BRA,D,20170203,000000,15.47,15.8,15.05,15.5,17561,0
BRA,D,20170206,000000,15.6,15.6,15.2,15.4,13533,0
BRA,D,20170207,000000,15.21,15.3,15.01,15.09,20314,0
BRA,D,20170208,000000,15.09,15.1,14.7,14.87,29449,0
BRA,D,20170209,000000,14.8,15.03,14.65,14.86,17896,0
BRA,D,20170210,000000,14.95,15,14.45,14.99,30357,0
BRA,D,20170213,000000,15.31,15.4,14.76,14.76,32538,0
BRA,D,20170214,000000,14.81,15.04,14.5,14.76,15059,0
BRA,D,20170215,000000,14.85,15.1,14.73,14.86,16635,0
BRA,D,20170216,000000,14.75,14.9,14.4,14.48,23351,0
BRA,D,20170217,000000,14.52,14.52,14.23,14.29,18274,0
BRA,D,20170220,000000,14.23,14.32,13.86,13.95,21722,0
BRA,D,20170221,000000,13.93,14.09,13.3,13.7,40800,0
BRA,D,20170222,000000,13.51,14.12,13.48,14.11,18719,0
BRA,D,20170223,000000,14.61,18.5,14.61,18.5,517183,0
BRA,D,20170224,000000,20.25,23.4,18.61,18.61,863244,0
BRA,D,20170227,000000,19.6,20.8,18.8,20.17,382483,0
BRA,D,20170228,000000,20.6,21.5,20.3,20.55,282037,0
BRA,D,20170301,000000,20.9,21,19,20.45,236957,0
BRA,D,20170302,000000,20.8,20.9,20.01,20.46,88172,0
BRA,D,20170303,000000,20,20.43,19.63,20.11,67211,0
BRA,D,20170306,000000,20.11,20.38,19.35,19.9,76837,0
BRA,D,20170307,000000,19.9,20.1,17.91,18,217844,0
BRA,D,20170308,000000,17.85,17.92,16.75,17.6,77497,0
BRA,D,20170309,000000,17.97,18.65,17.41,17.53,49672,0
BRA,D,20170310,000000,17.79,17.91,17.5,17.6,10495,0
BRA,D,20170313,000000,17.89,18.1,17.6,17.8,15941,0
BRA,D,20170314,000000,17.99,18.6,17.82,18.5,42265,0
BRA,D,20170315,000000,18.5,18.78,18.5,18.69,18984,0
BRA,D,20170316,000000,18.75,18.8,17.9,18.3,22649,0
BRA,D,20170317,000000,18.25,18.8,18.12,18.52,14168,0
BRA,D,20170320,000000,18.5,18.5,18.03,18.12,16631,0
BRA,D,20170321,000000,18.15,18.15,17.3,17.38,26680,0
BRA,D,20170322,000000,16.95,17.08,16.03,17.08,49866,0
BRA,D,20170323,000000,17.08,17.08,16.7,16.89,13963,0
BRA,D,20170324,000000,16.89,16.89,16.5,16.52,10186,0
BRA,D,20170327,000000,15.85,16.48,15.67,16.35,21053,0
BRA,D,20170328,000000,16.29,18.7,16.29,18.7,89043,0
BRA,D,20170329,000000,19.11,19.27,18,18.05,56893,0
BRA,D,20170330,000000,17.85,18.37,17.85,17.97,17306,0
BRA,D,20170331,000000,17.99,18.87,17.88,18.41,52913,0
BRA,D,20170403,000000,18.55,18.6,18,18.02,16816,0
BRA,D,20170404,000000,18.23,18.56,17.9,18.2,6009,0
BRA,D,20170405,000000,18.37,18.37,18,18.19,2875,0
BRA,D,20170406,000000,18,18.09,17.85,17.99,6342,0
BRA,D,20170407,000000,17.99,17.99,17.51,17.7,7250,0
BRA,D,20170410,000000,17.7,17.7,17.45,17.56,6708,0
BRA,D,20170411,000000,17.6,17.68,17.52,17.65,8745,0
BRA,D,20170412,000000,17.68,17.93,17.5,17.65,6366,0
BRA,D,20170413,000000,17.78,17.78,17.45,17.64,5677,0
BRA,D,20170418,000000,17.48,18.34,17.48,17.79,14381,0
BRA,D,20170419,000000,17.99,18.46,17.98,18.3,24650,0
BRA,D,20170420,000000,18.35,18.46,18.01,18.38,8898,0
BRA,D,20170421,000000,18.35,18.68,18,18.2,23784,0
BRA,D,20170424,000000,18.3,18.38,17.8,17.97,14544,0
BRA,D,20170425,000000,17.97,17.97,17.34,17.41,14432,0
BRA,D,20170426,000000,17.45,17.45,17,17.15,24010,0
BRA,D,20170427,000000,17.09,17.64,17.02,17.59,7211,0
BRA,D,20170428,000000,17.59,18,17.55,17.71,6272,0
BRA,D,20170502,000000,17.69,17.69,16.51,17.2,12294,0
BRA,D,20170504,000000,17.11,17.64,17.11,17.43,11513,0
BRA,D,20170505,000000,17.5,17.5,16.9,17.19,8756,0
BRA,D,20170508,000000,17.1,17.1,16.74,16.8,7804,0
BRA,D,20170509,000000,16.94,17,16.6,16.75,10692,0
BRA,D,20170510,000000,16.79,16.8,15.95,16.16,24495,0
BRA,D,20170511,000000,16.17,16.17,15.41,15.81,18241,0
BRA,D,20170512,000000,16,16.56,15.9,16.4,15026,0
BRA,D,20170515,000000,16.42,16.7,16.03,16.48,9720,0
BRA,D,20170516,000000,16.5,16.69,16.25,16.36,11096,0
BRA,D,20170517,000000,15.97,16.55,15.43,15.43,27954,0
BRA,D,20170518,000000,15.38,15.38,14.53,15.36,33654,0
BRA,D,20170519,000000,15.45,15.6,15.06,15.6,14147,0
BRA,D,20170522,000000,15.79,15.79,15.17,15.5,5146,0
BRA,D,20170523,000000,15.5,15.67,15.22,15.6,7280,0
BRA,D,20170524,000000,15.6,15.98,15.25,15.75,7237,0
BRA,D,20170525,000000,15.96,16.49,15.75,16.26,23213,0
BRA,D,20170526,000000,16.17,16.45,16.07,16.18,5799,0
BRA,D,20170529,000000,16.2,16.25,15.98,16.1,6355,0
BRA,D,20170530,000000,16.08,16.08,15.8,16,6985,0
BRA,D,20170531,000000,16,16.13,15.51,15.51,5584,0
BRA,D,20170601,000000,15.8,15.8,15.39,15.58,4058,0
BRA,D,20170602,000000,15.63,15.77,15.23,15.76,7684,0
BRA,D,20170605,000000,15.7,15.7,15.34,15.53,3669,0
BRA,D,20170606,000000,15.49,15.49,15.27,15.48,3310,0
BRA,D,20170607,000000,15.38,16,15.37,15.88,24732,0
BRA,D,20170608,000000,16,17.19,15.99,16.88,83380,0
BRA,D,20170609,000000,16.73,17.34,16.42,16.43,30132,0
BRA,D,20170612,000000,16.29,16.43,15.2,15.31,36722,0
BRA,D,20170613,000000,15.45,15.7,15.32,15.46,4381,0
BRA,D,20170614,000000,15.5,15.5,15.17,15.17,4669,0
BRA,D,20170616,000000,15.07,15.56,15,15.54,8604,0
BRA,D,20170619,000000,15.56,15.56,14.98,15.12,12375,0
BRA,D,20170620,000000,15.05,15.19,14.7,14.8,12594,0
BRA,D,20170621,000000,14.8,14.97,14.75,14.85,5038,0
BRA,D,20170622,000000,14.98,15.28,14.9,15.08,7907,0
BRA,D,20170623,000000,14.9,15.25,14.9,15.01,3745,0
BRA,D,20170626,000000,14.95,15.97,14.9,15.5,32763,0
BRA,D,20170627,000000,15.49,15.81,14.83,15.41,15279,0
BRA,D,20170628,000000,15.7,15.72,15.35,15.59,18670,0
BRA,D,20170629,000000,15.62,15.62,15.14,15.36,15390,0
BRA,D,20170630,000000,15.3,15.3,15.02,15.03,26759,0
BRA,D,20170703,000000,15.15,16.35,15.15,15.5,82812,0
BRA,D,20170704,000000,15.77,15.77,15.41,15.5,37629,0
BRA,D,20170705,000000,15.52,15.54,15.41,15.5,37712,0
BRA,D,20170706,000000,15.62,15.7,15.45,15.7,26016,0
BRA,D,20170707,000000,16.5,16.7,15.48,15.52,40030,0
BRA,D,20170710,000000,15.12,15.3,14.83,14.97,34297,0
BRA,D,20170711,000000,14.99,16.13,14.95,15.85,24372,0
BRA,D,20170712,000000,15.8,16.3,15.8,16.1,20381,0
BRA,D,20170713,000000,16.28,16.28,15.85,15.98,156119,0
BRA,D,20170714,000000,16,16.1,15.95,16,19680,0
BRA,D,20170717,000000,16,16.19,15.7,16.19,9940,0
BRA,D,20170718,000000,16.19,16.19,15.8,15.8,5903,0
BRA,D,20170719,000000,13.95,14.6,13.64,14.35,202619,0
BRA,D,20170720,000000,14.3,14.6,13.9,14.1,25874,0
BRA,D,20170721,000000,14.15,14.16,13.92,14.09,11769,0
BRA,D,20170724,000000,14.17,14.36,13.95,14.06,12653,0
BRA,D,20170725,000000,13.92,14.2,13.86,13.98,16299,0
BRA,D,20170726,000000,13.92,13.97,13.79,13.8,7777,0
BRA,D,20170727,000000,13.8,13.96,13.75,13.87,28273,0
BRA,D,20170728,000000,13.85,13.86,13.5,13.86,15977,0
BRA,D,20170731,000000,13.66,14,13.65,14,7533,0
BRA,D,20170801,000000,13.95,14.1,13.8,13.89,5533,0
BRA,D,20170802,000000,13.89,13.89,13.6,13.72,7196,0
BRA,D,20170803,000000,13.73,13.85,13.7,13.75,5284,0
BRA,D,20170804,000000,13.92,13.92,13.75,13.91,4027,0
BRA,D,20170807,000000,14,14.06,13.85,13.91,2138,0
BRA,D,20170808,000000,13.85,14.01,13.8,13.81,13158,0
BRA,D,20170809,000000,13.91,13.91,13.06,13.34,43619,0
BRA,D,20170810,000000,13.35,13.45,12.88,12.97,34786,0
BRA,D,20170811,000000,12.95,13.05,12.42,12.42,43141,0
BRA,D,20170814,000000,12.42,12.55,12.13,12.45,19621,0
BRA,D,20170816,000000,12.5,13.25,12.45,13.23,20434,0
BRA,D,20170817,000000,13.23,13.23,12.75,13.19,5169,0
BRA,D,20170818,000000,13.14,14.2,13,14.2,30786,0
BRA,D,20170821,000000,14.2,14.2,13.8,13.98,13797,0
BRA,D,20170822,000000,14,14,13.6,13.79,7923,0
BRA,D,20170823,000000,13.83,13.98,13.6,13.9,6220,0
BRA,D,20170824,000000,13.9,14.44,13.69,14.25,21207,0
BRA,D,20170825,000000,14.4,14.9,14.2,14.82,40599,0
BRA,D,20170828,000000,14.8,14.85,14.52,14.52,6920,0
BRA,D,20170829,000000,13.9,13.9,13.1,13.56,66287,0
BRA,D,20170830,000000,13.48,13.69,13.3,13.45,21605,0
BRA,D,20170831,000000,13.49,13.5,13.13,13.42,11221,0
BRA,D,20170901,000000,13.36,13.49,13.27,13.31,6128,0
BRA,D,20170904,000000,13.2,13.49,13.1,13.31,8517,0
BRA,D,20170905,000000,13.31,13.51,13.31,13.41,13472,0
BRA,D,20170906,000000,13.47,13.51,13.22,13.22,11126,0
BRA,D,20170907,000000,13.25,13.36,13.1,13.12,9766,0
BRA,D,20170908,000000,13.19,13.19,12.85,12.95,17996,0
BRA,D,20170911,000000,12.94,12.94,12.45,12.52,38165,0
BRA,D,20170912,000000,12.52,13.34,12.5,12.89,21364,0
BRA,D,20170913,000000,13.13,13.13,12.56,12.68,11209,0
BRA,D,20170914,000000,12.56,12.67,12.42,12.65,12142,0
BRA,D,20170915,000000,12.65,12.65,12.01,12.33,21930,0
BRA,D,20170918,000000,12.35,12.6,12.28,12.53,4181,0
BRA,D,20170919,000000,12.59,12.64,12.3,12.44,3324,0
BRA,D,20170920,000000,12.4,12.55,12.33,12.38,3862,0
BRA,D,20170921,000000,12.4,12.4,12.08,12.37,2724,0
BRA,D,20170922,000000,12.22,12.37,12,12.06,9220,0
BRA,D,20170925,000000,12.06,12.38,12,12.1,5636,0
BRA,D,20170926,000000,12.1,12.24,11.97,12.11,11361,0
BRA,D,20170927,000000,12.11,12.17,11.32,12,11345,0
BRA,D,20170928,000000,12,12,11.79,11.79,3529,0
BRA,D,20170929,000000,11.79,12.19,11.48,12.19,9716,0
BRA,D,20171002,000000,11.99,11.99,11.5,11.71,11002,0
BRA,D,20171003,000000,11.69,11.7,11.19,11.4,16498,0
BRA,D,20171004,000000,11.24,11.4,11.1,11.11,7981,0
BRA,D,20171005,000000,11.1,11.35,11,11.2,10063,0
BRA,D,20171006,000000,11.2,11.29,10.11,10.3,43486,0
BRA,D,20171009,000000,10.38,11,10.02,10.16,24125,0
BRA,D,20171010,000000,10.05,10.05,9,9,139807,0
BRA,D,20171011,000000,9.01,9.3,9.01,9.06,49715,0
BRA,D,20171012,000000,9.28,9.28,9.05,9.14,33676,0
BRA,D,20171013,000000,9.18,9.94,9.15,9.75,74610,0
BRA,D,20171016,000000,9.9,9.9,9.31,9.33,13156,0
BRA,D,20171017,000000,9.34,9.45,9.11,9.16,13927,0
BRA,D,20171018,000000,9.21,9.3,8.62,8.71,37803,0
BRA,D,20171019,000000,8.8,8.8,7.97,8.03,96634,0
BRA,D,20171020,000000,8.07,8.17,7.71,8,44425,0
BRA,D,20171023,000000,8,8,7.64,7.65,27234,0
BRA,D,20171024,000000,7.74,7.74,7.05,7.05,72300,0
BRA,D,20171025,000000,6.9,7.72,6.9,7.56,109701,0
BRA,D,20171026,000000,7.56,7.75,7.26,7.4,63024,0
BRA,D,20171027,000000,7.62,7.93,7.3,7.8,59731,0
BRA,D,20171030,000000,7.83,8.05,7.6,7.64,53520,0
BRA,D,20171031,000000,7.64,7.7,7.33,7.48,36568,0
BRA,D,20171102,000000,7.42,7.5,7.35,7.38,12211,0
BRA,D,20171103,000000,7.42,7.45,7.3,7.4,9318,0
BRA,D,20171106,000000,7.35,7.43,7.15,7.18,13588,0
BRA,D,20171107,000000,7.2,7.2,6.6,6.6,84290,0
BRA,D,20171108,000000,6.59,6.6,6.3,6.33,46188,0
BRA,D,20171109,000000,6.32,6.45,6.3,6.45,17131,0
BRA,D,20171110,000000,6.5,6.77,6.29,6.29,34905,0
BRA,D,20171113,000000,6.05,6.3,5.81,5.87,59390,0
BRA,D,20171114,000000,5.8,5.99,5.8,5.81,27833,0
BRA,D,20171115,000000,5.6,6.3,5.56,6.11,123338,0
BRA,D,20171116,000000,6.17,6.17,6,6.02,24446,0
BRA,D,20171117,000000,6.02,6.19,5.77,6.19,19472,0
BRA,D,20171120,000000,6.3,7.7,6.3,7.7,123296,0
BRA,D,20171121,000000,8,8.54,7.6,7.76,195074,0
BRA,D,20171122,000000,7.74,7.74,7.03,7.2,60329,0
BRA,D,20171123,000000,7.2,7.77,7.2,7.4,52718,0
BRA,D,20171124,000000,7.64,7.64,6.92,7.3,27328,0
BRA,D,20171127,000000,7.21,7.31,7.15,7.29,11425,0
BRA,D,20171128,000000,7.29,7.98,7.05,7.8,59421,0
BRA,D,20171129,000000,7.9,8.44,7.3,7.48,124201,0
BRA,D,20171130,000000,7.56,7.88,7.3,7.3,34027,0
BRA,D,20171201,000000,7.31,7.48,6.91,6.97,28029,0
BRA,D,20171204,000000,6.92,7.09,6.63,7.09,23157,0
BRA,D,20171205,000000,7.09,7.28,7.07,7.09,17841,0
BRA,D,20171206,000000,7.09,7.21,6.77,6.91,25963,0
BRA,D,20171207,000000,6.85,6.98,6.7,6.84,14005,0
BRA,D,20171208,000000,6.9,6.97,6.67,6.79,24168,0
BRA,D,20171211,000000,6.6,6.6,6.33,6.41,25425,0
BRA,D,20171212,000000,6.41,6.68,6.35,6.38,52630,0
BRA,D,20171213,000000,6.41,7.3,6.41,7.09,56177,0
BRA,D,20171214,000000,7.09,7.09,6.75,6.85,28083,0
BRA,D,20171215,000000,6.85,6.85,6.74,6.85,6352,0
BRA,D,20171218,000000,6.8,7.38,6.8,7.09,39793,0
BRA,D,20171219,000000,7,8.3,6.85,8.15,251823,0
BRA,D,20171220,000000,8.34,8.36,7.42,7.5,143397,0
BRA,D,20171221,000000,7.6,7.67,6.94,7.2,93190,0
BRA,D,20171222,000000,7.09,7.23,6.97,6.97,52078,0
BRA,D,20171227,000000,7,7,6.39,6.48,130605,0
BRA,D,20171228,000000,6.55,6.95,6.4,6.66,57169,0
BRA,D,20171229,000000,6.7,7.18,6.57,6.91,44116,0
BRA,D,20180103,000000,7.1,7.25,7.04,7.17,30848,0
BRA,D,20180104,000000,7.17,7.55,7.17,7.49,34950,0
BRA,D,20180105,000000,7.54,7.69,7.21,7.39,28311,0
BRA,D,20180108,000000,7.39,7.39,7.11,7.26,18708,0
BRA,D,20180109,000000,7.27,7.75,7.27,7.58,39700,0
BRA,D,20180110,000000,7.69,7.88,7.65,7.69,44345,0
BRA,D,20180111,000000,7.83,8.37,7.71,8.1,144798,0
BRA,D,20180112,000000,8.11,8.18,8,8.04,52972,0
BRA,D,20180115,000000,8.11,9.24,8.08,9.22,158936,0
BRA,D,20180116,000000,9.33,10.06,8.73,9.5,237728,0
BRA,D,20180117,000000,9.6,9.89,9.3,9.55,91624,0
BRA,D,20180118,000000,9.4,9.73,9.1,9.18,77648,0
BRA,D,20180119,000000,9.2,9.48,9.17,9.41,23042,0
BRA,D,20180122,000000,9.57,9.77,9.35,9.47,38859,0
BRA,D,20180123,000000,9.59,9.66,8.84,8.91,48021,0
BRA,D,20180124,000000,8.92,8.98,8.35,8.36,116709,0
BRA,D,20180125,000000,8.4,8.48,8.04,8.13,78360,0
BRA,D,20180126,000000,8.35,8.35,7.78,8.2,147952,0
BRA,D,20180129,000000,8.57,8.89,8.37,8.6,156896,0
BRA,D,20180130,000000,8.7,8.8,8.49,8.6,67111,0
BRA,D,20180131,000000,8.6,8.62,8.4,8.59,27860,0
BRA,D,20180201,000000,8.6,9.07,8.5,8.6,72385,0
BRA,D,20180202,000000,8.6,8.74,8.5,8.6,18328,0
BRA,D,20180205,000000,8.43,8.63,8.21,8.32,39102,0
BRA,D,20180206,000000,7.9,7.95,6.5,7.94,146706,0
BRA,D,20180207,000000,8.4,8.4,8.03,8.15,29042,0
BRA,D,20180208,000000,8.15,8.23,7.85,8.02,25527,0
BRA,D,20180209,000000,7.8,7.98,7.75,7.97,17266,0
BRA,D,20180212,000000,8.02,8.16,7.9,7.9,14081,0
BRA,D,20180213,000000,7.97,8.03,7.7,7.82,16267,0
BRA,D,20180214,000000,7.85,7.85,7.65,7.7,15537,0
BRA,D,20180215,000000,7.68,7.85,7.61,7.8,16185,0
BRA,D,20180216,000000,7.87,7.98,7.75,7.92,9528,0
BRA,D,20180219,000000,7.85,8,7.69,7.7,10589,0
BRA,D,20180220,000000,7.78,7.92,7.7,7.89,4735,0
BRA,D,20180221,000000,7.95,7.95,7.62,7.69,18160,0
BRA,D,20180222,000000,7.63,7.71,7.6,7.63,8585,0
BRA,D,20180223,000000,7.66,7.66,7.56,7.63,5574,0
BRA,D,20180226,000000,7.6,7.89,7.48,7.84,12734,0
BRA,D,20180227,000000,7.79,7.9,7.6,7.78,8470,0
BRA,D,20180228,000000,7.77,7.77,7.23,7.4,21517,0
BRA,D,20180301,000000,7.37,7.48,7.06,7.27,16006,0
BRA,D,20180302,000000,7.15,7.22,6.8,6.88,36656,0
BRA,D,20180305,000000,6.9,6.9,6.65,6.65,18248,0
BRA,D,20180306,000000,6.79,7.44,6.54,7.39,62565,0
BRA,D,20180307,000000,7.34,7.34,7.02,7.1,23661,0
BRA,D,20180308,000000,7.03,7.03,6.84,6.85,14924,0
BRA,D,20180309,000000,6.82,6.9,6.75,6.75,16868,0
BRA,D,20180312,000000,6.86,7,6.8,6.85,26557,0
BRA,D,20180313,000000,6.81,6.85,6.7,6.75,11506,0
BRA,D,20180314,000000,6.67,6.88,6.11,6.45,61251,0
BRA,D,20180315,000000,6.45,6.56,6.04,6.19,36069,0
BRA,D,20180316,000000,6.07,6.65,6.07,6.35,24356,0
BRA,D,20180319,000000,6.42,6.44,6.23,6.44,10564,0
BRA,D,20180320,000000,6.36,6.47,6.15,6.38,12490,0
BRA,D,20180321,000000,6.44,6.44,6.32,6.38,1748,0
BRA,D,20180322,000000,6.39,6.39,6.25,6.25,4365,0
BRA,D,20180323,000000,6.28,6.39,6.15,6.3,10126,0
BRA,D,20180326,000000,6.35,6.4,5.76,6.1,28111,0
BRA,D,20180327,000000,6.1,6.4,6.06,6.34,12708,0
BRA,D,20180328,000000,6.38,6.38,6.09,6.3,8646,0
BRA,D,20180329,000000,6.13,6.34,5.92,6.13,10672,0
BRA,D,20180403,000000,6.19,6.19,5.83,5.83,9222,0
BRA,D,20180404,000000,5.65,5.65,5.24,5.4,53844,0
BRA,D,20180405,000000,5.47,6.25,5.36,6.18,36321,0
BRA,D,20180406,000000,6.17,6.94,6.15,6.56,102775,0
BRA,D,20180409,000000,6.7,6.7,6.05,6.1,35172,0
BRA,D,20180410,000000,6.09,6.18,5.8,6.15,23757,0
BRA,D,20180411,000000,6.16,6.16,5.95,6,12114,0
BRA,D,20180412,000000,6,6.06,5.76,5.89,21262,0
BRA,D,20180413,000000,5.96,5.96,5.62,5.75,23690,0
BRA,D,20180416,000000,5.75,5.75,5.51,5.55,20677,0
BRA,D,20180417,000000,5.59,5.59,5.22,5.22,20033,0
BRA,D,20180418,000000,5.15,5.2,4.85,5,45162,0
BRA,D,20180419,000000,5,5.37,5,5.05,32023,0
BRA,D,20180420,000000,5.09,5.19,5,5.12,6236,0
BRA,D,20180423,000000,5.01,5.09,4.8,4.82,19736,0
BRA,D,20180424,000000,4.8,4.8,4.07,4.07,81208,0
BRA,D,20180425,000000,4.08,4.15,3.55,3.61,124678,0
BRA,D,20180426,000000,3.66,3.94,3.57,3.88,73596,0
BRA,D,20180427,000000,3.94,4.13,3.88,3.88,64625,0
BRA,D,20180430,000000,3.97,3.97,3.72,3.9,29437,0
BRA,D,20180502,000000,3.92,3.97,3.81,3.92,34847,0
BRA,D,20180504,000000,4.1,4.17,3.99,4,38965,0
BRA,D,20180507,000000,4.05,4.14,3.9,3.92,20272,0
BRA,D,20180508,000000,3.95,3.96,3.84,3.9,10903,0
BRA,D,20180509,000000,3.84,3.84,3.66,3.78,15812,0
BRA,D,20180510,000000,3.78,3.99,3.73,3.99,20587,0
BRA,D,20180511,000000,3.99,4,3.83,3.88,21191,0
BRA,D,20180514,000000,3.86,3.94,3.84,3.85,17059,0
BRA,D,20180515,000000,3.9,3.9,3.65,3.75,21979,0
BRA,D,20180516,000000,3.75,3.8,3.57,3.64,10548,0
BRA,D,20180517,000000,3.57,4.31,3.57,4.23,257845,0
BRA,D,20180518,000000,4.3,4.34,3.87,4,97589,0
BRA,D,20180521,000000,4,4.17,3.9,3.91,19078,0
BRA,D,20180522,000000,3.95,4.49,3.9,4.4,58658,0
BRA,D,20180523,000000,4.42,4.86,4.4,4.54,98554,0
BRA,D,20180524,000000,4.45,4.64,4.4,4.5,25117,0
BRA,D,20180525,000000,4.55,5.18,4.55,4.91,104377,0
BRA,D,20180528,000000,4.96,5.43,4.81,5.43,55171,0
BRA,D,20180529,000000,5.43,6.2,5.4,5.7,149589,0
BRA,D,20180530,000000,5.79,5.82,4.82,5.3,75205,0
BRA,D,20180601,000000,5.31,5.65,5.3,5.58,26669,0
BRA,D,20180604,000000,5.6,5.75,5.2,5.69,27855,0
BRA,D,20180605,000000,5.6,5.92,5.52,5.68,18834,0
BRA,D,20180606,000000,5.65,6.1,5.6,5.6,50818,0
BRA,D,20180607,000000,5.63,5.85,5.5,5.5,30105,0
BRA,D,20180608,000000,5.59,5.59,5.04,5.1,37908,0
BRA,D,20180611,000000,5.15,5.15,4.64,4.7,45109,0
BRA,D,20180612,000000,4.7,5.08,4.53,4.98,20853,0
BRA,D,20180613,000000,4.97,5.33,4.9,5,26021,0
BRA,D,20180614,000000,5.15,5.16,4.9,5.1,18209,0
BRA,D,20180615,000000,5.12,5.12,4.91,4.93,10522,0
BRA,D,20180618,000000,5.03,5.05,4.72,4.74,14321,0
BRA,D,20180619,000000,4.9,4.9,4.45,4.56,22974,0
BRA,D,20180620,000000,4.6,4.6,4.5,4.55,1649,0
BRA,D,20180621,000000,4.55,4.74,4.55,4.74,10124,0
BRA,D,20180622,000000,4.76,4.8,4.6,4.61,8065,0
BRA,D,20180625,000000,4.69,4.7,4.5,4.7,8278,0
BRA,D,20180626,000000,4.76,4.76,4.51,4.55,8358,0
BRA,D,20180627,000000,4.13,4.54,4.13,4.36,22626,0
BRA,D,20180628,000000,4.36,4.6,4.33,4.41,9929,0
BRA,D,20180629,000000,4.4,4.5,4.26,4.34,4468,0
BRA,D,20180702,000000,4.49,4.49,4.34,4.46,4158,0
BRA,D,20180703,000000,4.5,4.55,4.48,4.51,5349,0
BRA,D,20180704,000000,4.4,4.4,4.32,4.4,9250,0
BRA,D,20180705,000000,4.4,4.4,4.33,4.37,2214,0
BRA,D,20180706,000000,4.39,5.2,4.35,5.18,55493,0
BRA,D,20180709,000000,5.34,5.44,4.82,4.95,89427,0
BRA,D,20180710,000000,4.78,4.82,4.54,4.74,38900,0
BRA,D,20180711,000000,4.7,4.7,4.58,4.65,9263,0
BRA,D,20180712,000000,4.57,4.57,4.45,4.47,18533,0
BRA,D,20180713,000000,4.61,4.61,4.45,4.45,17326,0
BRA,D,20180716,000000,4.49,4.49,4.11,4.11,37941,0
BRA,D,20180717,000000,4.16,4.75,3.77,4.75,87506,0
BRA,D,20180718,000000,4.79,4.99,4.4,4.56,105413,0
BRA,D,20180719,000000,4.53,4.53,4.2,4.37,16428,0
BRA,D,20180720,000000,4.37,4.57,4.3,4.46,15930,0
BRA,D,20180723,000000,4.56,4.56,4.43,4.51,10261,0
BRA,D,20180724,000000,4.51,4.51,4.34,4.43,14341,0
BRA,D,20180725,000000,4.35,4.48,4.34,4.4,4850,0
BRA,D,20180726,000000,4.35,4.39,4.3,4.33,4509,0
BRA,D,20180727,000000,4.38,4.38,4.2,4.37,15462,0
BRA,D,20180730,000000,4.44,4.55,4.33,4.46,10577,0
BRA,D,20180731,000000,4.4,4.5,4.32,4.37,29798,0
BRA,D,20180801,000000,4.3,4.3,4.15,4.17,12135,0
BRA,D,20180802,000000,4.1,4.11,3.92,4.05,68594,0
BRA,D,20180803,000000,3.93,4.05,3.8,3.98,31675,0
BRA,D,20180806,000000,3.9,3.97,3.78,3.93,18603,0
BRA,D,20180807,000000,3.93,4.01,3.77,3.84,19164,0
BRA,D,20180808,000000,3.77,3.9,3.77,3.8,14395,0
BRA,D,20180809,000000,3.8,4.15,3.63,3.98,47346,0
BRA,D,20180810,000000,4.05,4.05,3.85,3.9,16866,0
BRA,D,20180813,000000,3.98,4.12,3.87,4.05,17380,0
BRA,D,20180814,000000,4.1,4.1,3.77,3.93,21678,0
BRA,D,20180816,000000,3.86,4.01,3.8,3.97,5110,0
BRA,D,20180817,000000,3.97,4.24,3.9,4.15,56953,0
BRA,D,20180820,000000,4.15,4.29,3.98,4.19,26819,0
BRA,D,20180821,000000,4.18,4.56,4.02,4.31,121965,0
BRA,D,20180822,000000,4.22,4.22,3.92,4,42911,0
BRA,D,20180823,000000,3.99,3.99,3.84,3.94,10713,0
BRA,D,20180824,000000,4.08,4.08,3.86,4,6803,0
BRA,D,20180827,000000,3.99,3.99,3.87,3.98,12644,0
BRA,D,20180828,000000,4,4.07,3.89,3.89,4883,0
BRA,D,20180829,000000,3.96,3.96,3.69,3.77,16208,0
BRA,D,20180830,000000,3.71,3.88,3.7,3.77,7828,0
BRA,D,20180831,000000,3.75,3.89,3.75,3.88,11034,0
BRA,D,20180903,000000,3.87,3.9,3.49,3.7,35132,0
BRA,D,20180904,000000,3.69,3.72,3.51,3.52,19420,0
BRA,D,20180905,000000,3.55,3.62,3.45,3.5,14843,0
BRA,D,20180906,000000,3.52,3.52,3.17,3.25,33621,0
BRA,D,20180907,000000,3.25,3.56,3.18,3.55,30315,0
BRA,D,20180910,000000,3.59,3.59,3.24,3.49,9601,0
BRA,D,20180911,000000,3.56,3.56,3.4,3.48,5849,0
BRA,D,20180912,000000,3.41,3.48,3.21,3.27,30175,0
BRA,D,20180913,000000,3.33,3.37,3.06,3.06,28625,0
BRA,D,20180914,000000,3.06,3.25,3,3.06,16283,0
BRA,D,20180917,000000,3,3.06,2.94,3.05,16407,0
BRA,D,20180918,000000,3.05,3.19,3,3.09,8847,0
BRA,D,20180919,000000,3.08,3.15,3.01,3.11,1244,0
BRA,D,20180920,000000,3.11,3.11,2.98,3.07,13102,0
BRA,D,20180921,000000,3.1,3.13,3.06,3.1,4531,0
BRA,D,20180924,000000,3.1,3.1,2.8,2.98,22714,0
BRA,D,20180925,000000,2.99,3.09,2.86,3.09,8214,0
BRA,D,20180926,000000,3.11,3.11,3.07,3.11,2378,0
BRA,D,20180927,000000,3.13,3.25,3.11,3.16,9850,0
BRA,D,20180928,000000,3.3,3.5,3.09,3.13,51225,0
BRA,D,20181001,000000,3.11,3.27,2.8,2.8,30862,0
BRA,D,20181002,000000,2.77,2.89,2.41,2.49,92578,0
BRA,D,20181003,000000,2.57,2.64,2.06,2.06,196519,0
BRA,D,20181004,000000,2.02,2.37,1.95,2.03,246514,0
BRA,D,20181005,000000,2.1,2.1,1.96,2.02,49285,0
BRA,D,20181008,000000,2.04,2.04,1.56,1.56,406933,0
BRA,D,20181009,000000,1.54,1.63,1.3,1.35,725661,0
BRA,D,20181010,000000,1.36,1.66,1.35,1.66,1411623,0
BRA,D,20181011,000000,1.71,1.93,1.43,1.5,1309499,0
BRA,D,20181012,000000,1.55,1.62,1.35,1.35,509914,0
BRA,D,20181015,000000,1.35,1.35,1.17,1.19,653987,0
BRA,D,20181016,000000,1.22,1.47,1.22,1.4,466649,0
BRA,D,20181017,000000,1.42,1.49,1.26,1.26,313996,0
BRA,D,20181018,000000,1.25,1.33,1.2,1.25,439557,0
BRA,D,20181019,000000,1.22,1.37,1.22,1.31,185787,0
BRA,D,20181022,000000,1.33,1.33,1.22,1.25,173130,0
BRA,D,20181023,000000,1.26,1.29,1.16,1.27,359820,0
BRA,D,20181024,000000,1.28,1.36,1.25,1.28,273675,0
BRA,D,20181025,000000,1.25,1.32,1.23,1.3,46531,0
BRA,D,20181026,000000,1.31,1.33,1.21,1.26,110419,0
BRA,D,20181029,000000,1.27,1.28,1.22,1.27,59947,0
BRA,D,20181030,000000,1.28,1.29,1.24,1.27,44494,0
BRA,D,20181031,000000,1.27,1.34,1.23,1.3,58826,0
BRA,D,20181102,000000,1.3,1.32,1.23,1.26,51676,0
BRA,D,20181105,000000,1.22,1.25,1.17,1.18,84753,0
BRA,D,20181106,000000,1.2,1.2,1,1,247357,0
BRA,D,20181107,000000,0.98,1,0.92,0.99,135628,0
BRA,D,20181108,000000,0.99,1.08,0.98,1.05,159079,0
BRA,D,20181109,000000,1.05,1.08,1,1,71931,0
BRA,D,20181113,000000,1,1,0.96,0.96,17956,0
BRA,D,20181114,000000,0.96,1,0.82,0.87,143619,0
BRA,D,20181115,000000,0.86,0.93,0.86,0.87,61657,0
BRA,D,20181116,000000,0.87,0.9,0.82,0.84,44014,0
BRA,D,20181119,000000,0.84,0.86,0.82,0.84,14356,0
BRA,D,20181120,000000,1.18,1.18,0.88,1.16,1441670,0
BRA,D,20181121,000000,1.27,1.52,1.19,1.4,1276065,0
BRA,D,20181122,000000,1.44,1.47,1.2,1.24,527485,0
BRA,D,20181123,000000,1.27,1.52,1.25,1.47,561962,0
BRA,D,20181126,000000,1.48,1.95,1.43,1.95,1116941,0
BRA,D,20181127,000000,1.82,1.96,1.64,1.7,904240,0
BRA,D,20181128,000000,1.78,1.85,1.63,1.64,222966,0
BRA,D,20181129,000000,1.7,1.77,1.64,1.64,225822,0
BRA,D,20181130,000000,1.64,1.69,1.4,1.46,498896,0
BRA,D,20181203,000000,1.46,1.48,1.32,1.32,324300,0
BRA,D,20181204,000000,1.25,1.57,1.25,1.44,711408,0
BRA,D,20181205,000000,1.45,1.78,1.4,1.75,887599,0
BRA,D,20181206,000000,1.69,2.23,1.69,2.23,1907408,0
BRA,D,20181207,000000,2.33,2.36,2.05,2.11,1116917,0
BRA,D,20181210,000000,2.06,2.48,2.06,2.31,1330311,0
BRA,D,20181211,000000,2.19,2.35,2.07,2.12,726766,0
BRA,D,20181212,000000,2.11,2.27,1.98,2.21,656489,0
BRA,D,20181213,000000,2.24,2.42,2.14,2.18,490972,0
BRA,D,20181214,000000,2.16,2.26,2.03,2.15,227690,0
BRA,D,20181217,000000,2.25,2.38,2.15,2.29,580236,0
BRA,D,20181218,000000,2.35,2.45,2.17,2.24,520888,0
BRA,D,20181219,000000,2.28,2.29,2.14,2.16,161264,0
BRA,D,20181220,000000,2.11,2.22,2.05,2.12,223202,0
BRA,D,20181221,000000,2.12,2.19,2.07,2.07,129649,0
BRA,D,20181227,000000,2.07,2.12,2.02,2.02,80632,0
BRA,D,20181228,000000,2.02,2.09,1.96,2,79026,0
BRA,D,20190102,000000,2.01,2.15,2.01,2.14,109759,0
BRA,D,20190103,000000,2.15,2.36,2.14,2.36,332176,0
BRA,D,20190104,000000,2.36,2.53,2.21,2.24,769170,0
BRA,D,20190107,000000,2.29,2.31,2.16,2.21,115898,0
BRA,D,20190108,000000,2.19,2.24,2.15,2.2,98713,0
BRA,D,20190109,000000,2.15,2.15,1.83,1.97,592064,0
BRA,D,20190110,000000,1.95,1.97,1.63,1.66,790939,0
BRA,D,20190111,000000,1.68,1.81,1.64,1.73,437672,0
BRA,D,20190114,000000,1.79,1.85,1.77,1.78,167579,0
BRA,D,20190115,000000,1.84,1.86,1.71,1.77,121072,0
BRA,D,20190116,000000,1.81,1.83,1.74,1.79,82477,0
BRA,D,20190117,000000,1.79,1.8,1.72,1.79,54558,0
BRA,D,20190118,000000,1.78,1.78,1.73,1.76,20764,0
BRA,D,20190121,000000,1.75,1.77,1.72,1.77,42511,0
BRA,D,20190122,000000,1.72,1.78,1.72,1.76,17326,0
BRA,D,20190123,000000,1.77,1.77,1.68,1.7,49257,0
BRA,D,20190124,000000,1.68,1.7,1.66,1.69,37460,0
BRA,D,20190125,000000,1.7,1.7,1.54,1.69,123239,0
BRA,D,20190128,000000,1.72,1.72,1.6,1.63,48479,0
BRA,D,20190129,000000,1.67,1.72,1.58,1.72,68884,0
BRA,D,20190130,000000,1.76,1.83,1.69,1.72,102468,0
BRA,D,20190131,000000,1.7,1.73,1.63,1.65,44366,0
BRA,D,20190201,000000,1.69,1.69,1.63,1.66,25163,0
BRA,D,20190204,000000,1.66,1.71,1.63,1.7,25057,0
BRA,D,20190205,000000,1.64,1.71,1.64,1.66,67904,0
BRA,D,20190206,000000,1.67,1.67,1.58,1.62,78482,0
BRA,D,20190207,000000,1.61,1.62,1.55,1.6,78415,0
BRA,D,20190208,000000,1.6,1.6,1.49,1.49,89842,0
BRA,D,20190211,000000,1.49,1.55,1.42,1.53,102539,0
BRA,D,20190212,000000,1.54,1.54,1.45,1.54,74447,0
BRA,D,20190213,000000,1.48,1.53,1.48,1.5,27773,0
BRA,D,20190214,000000,1.52,1.52,1.46,1.49,20518,0
BRA,D,20190215,000000,1.5,1.51,1.45,1.49,27916,0
BRA,D,20190218,000000,1.51,1.51,1.4,1.42,30135,0
BRA,D,20190219,000000,1.41,2.2,1.34,2.2,752218,0
BRA,D,20190220,000000,2.6,2.8,2.21,2.3,1462302,0
BRA,D,20190221,000000,2.24,2.3,2.06,2.06,626666,0
BRA,D,20190222,000000,2.07,2.11,1.97,2.07,292911,0
BRA,D,20190225,000000,2.04,2.37,2.02,2.25,561883,0
BRA,D,20190226,000000,2.24,2.24,2.02,2.05,366963,0
BRA,D,20190227,000000,2.07,2.11,2,2.01,168138,0
BRA,D,20190228,000000,2,2.17,1.96,2.1,219237,0
BRA,D,20190301,000000,2.3,2.35,2.17,2.22,860810,0
BRA,D,20190304,000000,2.31,2.31,2.12,2.26,184670,0
BRA,D,20190305,000000,2.26,2.26,2.165,2.18,110831,0
BRA,D,20190306,000000,2.35,2.84,2.25,2.84,1677270,0
BRA,D,20190307,000000,2.86,3.95,2.86,3.5,3388124,0
BRA,D,20190308,000000,3.36,3.645,3.17,3.22,1418314,0
BRA,D,20190311,000000,3.22,3.44,3.2,3.28,349576,0
BRA,D,20190312,000000,3.3,3.32,3.01,3.08,541371,0
BRA,D,20190313,000000,3.05,3.47,2.88,3.13,1666246,0
BRA,D,20190314,000000,3.23,3.33,3.07,3.085,533025,0
BRA,D,20190315,000000,3.04,3.06,2.93,2.955,421440,0
BRA,D,20190318,000000,2.81,2.84,2.68,2.7,693813,0
BRA,D,20190319,000000,2.7,2.95,2.665,2.75,523581,0
BRA,D,20190320,000000,2.715,2.93,2.715,2.81,193923,0
BRA,D,20190321,000000,2.86,2.87,2.75,2.825,81863,0
BRA,D,20190322,000000,2.835,2.84,2.725,2.75,89487,0
BRA,D,20190325,000000,2.8,2.845,2.665,2.685,142405,0
BRA,D,20190326,000000,2.7,2.8,2.67,2.71,76821,0
BRA,D,20190327,000000,2.72,2.755,2.525,2.525,170284,0
BRA,D,20190328,000000,2.525,2.575,2.32,2.34,263502,0
BRA,D,20190329,000000,2.34,2.61,2.24,2.48,378371,0
BRA,D,20190401,000000,3.2,3.2,2.91,2.96,1349888,0
BRA,D,20190402,000000,3.03,3.04,2.69,2.69,788295,0
BRA,D,20190403,000000,2.7,2.79,2.65,2.66,335584,0
BRA,D,20190404,000000,2.72,2.74,2.615,2.66,195469,0
BRA,D,20190405,000000,2.655,2.67,2.605,2.62,85541,0
BRA,D,20190408,000000,2.6,2.78,2.6,2.61,116888,0
BRA,D,20190409,000000,2.665,2.67,2.52,2.535,72973,0
BRA,D,20190410,000000,2.55,2.98,2.52,2.735,439608,0
BRA,D,20190411,000000,2.76,2.86,2.655,2.705,181529,0
BRA,D,20190412,000000,2.7,2.7,2.615,2.67,81902,0
BRA,D,20190415,000000,2.46,2.595,2.45,2.45,307885,0
BRA,D,20190416,000000,2.35,2.38,2.15,2.29,617392,0
BRA,D,20190417,000000,2.2,2.29,1.98,1.98,521069,0
BRA,D,20190418,000000,1.96,2.14,1.96,2.085,260540,0
BRA,D,20190423,000000,2.14,2.14,1.91,1.91,200692,0
BRA,D,20190424,000000,1.93,2.34,1.93,2.34,826913,0
BRA,D,20190425,000000,2.32,2.42,2.195,2.22,475052,0
BRA,D,20190426,000000,2.19,2.19,2.07,2.125,336408,0
BRA,D,20190429,000000,2.1,2.19,2.07,2.085,132299,0
BRA,D,20190430,000000,2.1,2.31,2.05,2.19,271228,0
BRA,D,20190502,000000,2.145,2.2,2.08,2.13,60829,0
BRA,D,20190506,000000,2.15,2.22,2.01,2.08,80569,0
BRA,D,20190507,000000,1.97,1.97,1.774,1.824,163888,0
BRA,D,20190508,000000,1.824,1.878,1.562,1.61,134348,0
BRA,D,20190509,000000,1.62,1.894,1.62,1.848,145645,0
BRA,D,20190510,000000,1.86,1.9,1.7,1.73,84316,0
BRA,D,20190513,000000,1.73,1.73,1.6,1.68,106857,0
BRA,D,20190514,000000,1.7,1.77,1.6,1.614,118443,0
BRA,D,20190515,000000,1.65,1.65,1.53,1.55,54002,0
BRA,D,20190516,000000,1.584,1.584,1.54,1.57,52709,0
BRA,D,20190517,000000,1.86,2.045,1.714,1.75,678509,0
BRA,D,20190520,000000,1.808,1.85,1.63,1.752,177571,0
BRA,D,20190521,000000,1.754,1.784,1.64,1.686,103340,0
BRA,D,20190522,000000,1.7,1.7,1.65,1.654,20230,0
BRA,D,20190523,000000,1.682,1.85,1.62,1.79,158548,0
BRA,D,20190524,000000,1.82,1.82,1.64,1.716,124115,0
BRA,D,20190527,000000,1.716,1.716,1.662,1.672,29660,0
BRA,D,20190528,000000,1.7,2.055,1.646,2,736276,0
BRA,D,20190529,000000,1.924,1.95,1.67,1.67,428253,0
BRA,D,20190530,000000,1.7,1.846,1.62,1.714,283539,0
BRA,D,20190531,000000,1.66,1.798,1.66,1.75,332903,0
BRA,D,20190603,000000,1.768,1.788,1.67,1.73,96615,0
BRA,D,20190604,000000,1.726,1.75,1.684,1.714,54807,0
BRA,D,20190605,000000,1.748,1.748,1.636,1.66,72034,0
BRA,D,20190606,000000,1.678,1.688,1.63,1.636,105416,0
BRA,D,20190607,000000,1.65,1.75,1.63,1.66,127115,0
BRA,D,20190610,000000,1.71,1.728,1.61,1.668,124645,0
BRA,D,20190611,000000,1.668,1.668,1.51,1.588,173662,0
BRA,D,20190612,000000,1.59,1.748,1.57,1.614,191955,0
BRA,D,20190613,000000,1.656,1.9,1.624,1.84,473135,0
BRA,D,20190614,000000,1.846,1.846,1.71,1.734,102297,0
BRA,D,20190617,000000,1.788,1.788,1.63,1.69,123164,0
BRA,D,20190618,000000,1.7,1.7,1.64,1.65,18492,0
BRA,D,20190619,000000,1.69,1.69,1.64,1.668,34590,0
BRA,D,20190621,000000,1.668,1.678,1.63,1.668,17248,0
BRA,D,20190624,000000,1.61,1.68,1.61,1.678,37242,0
BRA,D,20190625,000000,1.678,1.7,1.644,1.656,20226,0
BRA,D,20190626,000000,1.662,1.69,1.64,1.664,16068,0
BRA,D,20190627,000000,1.65,1.69,1.65,1.68,68434,0
BRA,D,20190628,000000,1.70,1.70,1.63,1.64,58161,0
BRA,D,20190701,000000,1.622,1.782,1.622,1.64,261537,0
BRA,D,20190702,000000,1.642,1.68,1.61,1.664,73895,0
BRA,D,20190703,000000,1.68,1.74,1.654,1.736,115136,0
BRA,D,20190704,000000,1.75,1.97,1.75,1.812,503307,0
BRA,D,20190705,000000,1.812,1.812,1.72,1.722,146744,0
BRA,D,20190708,000000,1.732,1.758,1.7,1.718,73519,0
BRA,D,20190709,000000,1.722,1.736,1.684,1.686,26407,0
BRA,D,20190710,000000,1.714,1.99,1.68,1.8,689892,0
BRA,D,20190711,000000,1.824,1.86,1.74,1.74,156118,0
BRA,D,20190712,000000,1.756,1.81,1.744,1.75,84081,0
BRA,D,20190715,000000,1.778,1.874,1.764,1.85,102726,0
BRA,D,20190716,000000,1.866,1.9,1.822,1.85,75937,0
BRA,D,20190717,000000,1.87,1.9,1.832,1.834,75204,0
BRA,D,20190718,000000,1.85,1.85,1.766,1.784,65320,0
BRA,D,20190719,000000,1.82,1.82,1.74,1.774,56880,0
BRA,D,20190722,000000,1.774,1.78,1.73,1.73,46449,0
BRA,D,20190723,000000,1.72,1.746,1.7,1.73,60492,0
BRA,D,20190724,000000,1.744,1.758,1.72,1.72,41612,0
BRA,D,20190725,000000,1.746,1.746,1.68,1.68,205836,0
BRA,D,20190726,000000,1.66,1.72,1.66,1.684,43515,0
BRA,D,20190729,000000,1.728,1.778,1.682,1.71,68716,0
BRA,D,20190730,000000,1.73,1.73,1.66,1.706,29327,0
BRA,D,20190731,000000,1.68,1.744,1.68,1.708,29447,0
BRA,D,20190801,000000,1.69,1.736,1.664,1.664,35014,0
BRA,D,20190802,000000,1.694,1.71,1.62,1.65,89808,0
BRA,D,20190805,000000,1.65,1.7,1.63,1.66,48834,0
BRA,D,20190806,000000,1.652,1.678,1.59,1.638,98477,0
BRA,D,20190807,000000,1.592,1.646,1.51,1.564,155178,0
BRA,D,20190808,000000,1.59,1.6,1.532,1.572,24528,0
BRA,D,20190809,000000,1.598,1.598,1.442,1.5,117903,0
BRA,D,20190812,000000,1.5,1.5,1.45,1.45,37456,0
BRA,D,20190813,000000,1.46,1.478,1.442,1.442,26352,0
BRA,D,20190814,000000,1.444,1.582,1.44,1.53,212851,0
BRA,D,20190816,000000,1.54,1.59,1.45,1.452,96781,0
BRA,D,20190819,000000,1.452,1.49,1.43,1.444,53427,0
BRA,D,20190820,000000,1.44,1.456,1.43,1.43,35756,0
BRA,D,20190821,000000,1.43,1.46,1.4,1.41,30731,0
BRA,D,20190822,000000,1.41,1.436,1.322,1.36,103699,0
BRA,D,20190823,000000,1.38,1.38,1.272,1.31,88756,0
BRA,D,20190826,000000,1.33,1.334,1.23,1.26,173851,0
BRA,D,20190827,000000,1.224,1.274,1.18,1.244,265969,0
BRA,D,20190828,000000,1.226,1.256,1.204,1.214,59278,0
BRA,D,20190829,000000,1.236,1.262,1.19,1.2,158222,0
BRA,D,20190830,000000,1.2,1.248,1.186,1.22,136141,0
BRA,D,20190902,000000,1.236,1.278,1.2,1.2,170509,0
BRA,D,20190903,000000,1.198,1.22,1.184,1.2,89017,0
BRA,D,20190904,000000,1.198,1.316,1.198,1.316,824490,0
BRA,D,20190905,000000,1.348,1.446,1.298,1.398,537705,0
BRA,D,20190906,000000,1.4,1.41,1.274,1.3,484953,0
BRA,D,20190909,000000,1.328,1.328,1.24,1.3,185684,0
BRA,D,20190910,000000,1.31,1.31,1.226,1.27,127808,0
BRA,D,20190911,000000,1.278,1.278,1.216,1.25,151048,0
BRA,D,20190912,000000,1.25,1.296,1.22,1.276,97975,0
BRA,D,20190913,000000,1.274,1.29,1.24,1.24,86121,0
BRA,D,20190916,000000,1.248,1.29,1.22,1.286,79102,0
BRA,D,20190917,000000,1.286,1.32,1.25,1.27,91362,0
BRA,D,20190918,000000,1.298,1.298,1.222,1.24,90231,0
BRA,D,20190919,000000,1.268,1.268,1.196,1.196,173791,0
BRA,D,20190920,000000,1.2,1.2,1.12,1.16,114243,0
BRA,D,20190923,000000,1.206,1.206,1.134,1.19,158384,0
BRA,D,20190924,000000,1.154,1.344,1.06,1.11,1149299,0
BRA,D,20190925,000000,1.126,1.126,1.07,1.08,122472,0
BRA,D,20190926,000000,1.08,1.17,1.07,1.11,168594,0
BRA,D,20190927,000000,1.166,1.166,1.068,1.11,93759,0
BRA,D,20190930,000000,1.136,1.136,1.07,1.078,41343,0
BRA,D,20191001,000000,1.08,1.108,1.04,1.04,146267,0
BRA,D,20191002,000000,1.026,1.054,1,1,138784,0
BRA,D,20191003,000000,1,1.01,0.941,0.95,486453,0
BRA,D,20191004,000000,0.96,0.98,0.948,0.978,77580,0
BRA,D,20191007,000000,0.978,1.06,0.955,0.98,121013,0
BRA,D,20191008,000000,0.98,1.06,0.96,1.056,110956,0
BRA,D,20191009,000000,1.04,1.04,0.94,0.946,323800,0
BRA,D,20191010,000000,0.959,0.96,0.891,0.937,587098,0
BRA,D,20191011,000000,0.949,1.036,0.924,0.986,253757,0
BRA,D,20191014,000000,0.99,1.034,0.892,0.899,352894,0
BRA,D,20191015,000000,0.897,0.897,0.84,0.887,769219,0
BRA,D,20191016,000000,0.887,0.938,0.855,0.88,354734,0
BRA,D,20191017,000000,0.87,0.89,0.805,0.848,337883,0
BRA,D,20191018,000000,0.85,0.85,0.822,0.83,147249,0
BRA,D,20191021,000000,0.835,0.84,0.77,0.772,372636,0
BRA,D,20191022,000000,0.779,0.854,0.751,0.835,1025063,0
BRA,D,20191023,000000,0.835,0.876,0.81,0.83,271657,0
BRA,D,20191024,000000,0.844,1.162,0.78,1.162,1959184,0
BRA,D,20191025,000000,1.198,1.198,0.98,0.98,2201586,0
BRA,D,20191028,000000,0.98,1.078,0.891,0.9,1981883,0
BRA,D,20191029,000000,0.89,0.912,0.801,0.81,1731461,0
BRA,D,20191030,000000,0.81,0.849,0.77,0.798,698952,0
BRA,D,20191031,000000,0.8,0.808,0.72,0.731,1064304,0
BRA,D,20191104,000000,0.731,0.77,0.702,0.749,1253843,0
BRA,D,20191105,000000,0.768,0.97,0.706,0.901,2179256,0
BRA,D,20191106,000000,0.83,0.879,0.8,0.816,1588561,0
BRA,D,20191107,000000,0.803,0.84,0.742,0.751,1472544,0
BRA,D,20191108,000000,0.75,0.788,0.733,0.78,440350,0
BRA,D,20191112,000000,0.78,0.786,0.752,0.77,141910,0
BRA,D,20191113,000000,0.775,0.775,0.732,0.746,271198,0
BRA,D,20191114,000000,0.736,0.758,0.724,0.745,139968,0
BRA,D,20191115,000000,0.74,0.758,0.722,0.735,503940,0
BRA,D,20191118,000000,0.735,0.753,0.724,0.725,397856,0
BRA,D,20191119,000000,0.726,0.742,0.713,0.726,180493,0
BRA,D,20191120,000000,0.728,0.728,0.66,0.705,946550,0
BRA,D,20191121,000000,0.709,0.728,0.69,0.72,77511,0
BRA,D,20191122,000000,0.701,0.708,0.662,0.682,419109,0
BRA,D,20191125,000000,0.671,0.69,0.647,0.674,399667,0
BRA,D,20191126,000000,0.65,0.67,0.641,0.649,251076,0
BRA,D,20191127,000000,0.649,0.649,0.61,0.62,374415,0
BRA,D,20191128,000000,0.614,0.638,0.585,0.619,331273,0
BRA,D,20191129,000000,0.611,0.63,0.6,0.604,146148,0
BRA,D,20191202,000000,0.617,0.624,0.58,0.58,419427,0
BRA,D,20191203,000000,0.58,0.6,0.571,0.571,181266,0
BRA,D,20191204,000000,0.579,0.579,0.54,0.54,522625,0
BRA,D,20191205,000000,0.56,0.56,0.522,0.53,351267,0
BRA,D,20191206,000000,0.53,0.53,0.498,0.504,524630,0
BRA,D,20191209,000000,0.514,0.607,0.49,0.55,1941972,0
BRA,D,20191210,000000,0.56,0.585,0.543,0.56,525897,0
BRA,D,20191211,000000,0.558,0.63,0.545,0.596,992870,0
BRA,D,20191212,000000,0.618,0.619,0.563,0.569,669999,0
BRA,D,20191213,000000,0.568,0.577,0.535,0.55,486562,0
BRA,D,20191216,000000,0.55,0.564,0.503,0.512,1162001,0
BRA,D,20191217,000000,0.515,0.536,0.495,0.515,645943,0
BRA,D,20191218,000000,0.512,0.537,0.505,0.52,557188,0
BRA,D,20191219,000000,0.51,0.522,0.5,0.506,232023,0
BRA,D,20191220,000000,0.502,0.527,0.5,0.51,315563,0
BRA,D,20191223,000000,0.52,0.54,0.505,0.525,665302,0
BRA,D,20191227,000000,0.515,0.55,0.515,0.54,278117,0
BRA,D,20191230,000000,0.548,0.594,0.54,0.558,608491,0
BRA,D,20200102,000000,0.55,0.558,0.515,0.53,191642,0
BRA,D,20200103,000000,0.527,0.539,0.52,0.524,212587,0
BRA,D,20200107,000000,0.53,0.53,0.502,0.51,175980,0
BRA,D,20200108,000000,0.502,0.508,0.478,0.5,517644,0
BRA,D,20200109,000000,0.514,0.515,0.492,0.512,173201,0
BRA,D,20200110,000000,0.515,0.564,0.506,0.53,1230315,0
BRA,D,20200113,000000,0.53,0.54,0.503,0.515,390694,0
BRA,D,20200114,000000,0.507,0.521,0.5,0.501,379071,0
BRA,D,20200115,000000,0.505,0.511,0.4815,0.492,409676,0
BRA,D,20200116,000000,0.497,0.5,0.482,0.494,397337,0
BRA,D,20200117,000000,0.499,0.499,0.472,0.48,433950,0
BRA,D,20200120,000000,0.4845,0.4845,0.465,0.48,142864,0
BRA,D,20200121,000000,0.4685,0.475,0.465,0.47,121250,0
BRA,D,20200122,000000,0.474,0.487,0.469,0.478,202517,0
BRA,D,20200123,000000,0.478,0.487,0.47,0.471,177953,0
BRA,D,20200124,000000,0.47,0.476,0.4605,0.4715,215549,0
BRA,D,20200127,000000,0.4755,0.4785,0.46,0.4605,280788,0
BRA,D,20200128,000000,0.46,0.464,0.4505,0.452,220034,0
BRA,D,20200129,000000,0.451,0.459,0.425,0.434,319797,0
BRA,D,20200130,000000,0.429,0.437,0.424,0.4295,117638,0
BRA,D,20200131,000000,0.43,0.435,0.412,0.4265,296549,0
BRA,D,20200203,000000,0.4375,0.45,0.41,0.411,312897,0
BRA,D,20200204,000000,0.3995,0.405,0.3905,0.3965,372348,0
BRA,D,20200205,000000,0.39,0.39,0.362,0.3775,654092,0
BRA,D,20200206,000000,0.372,0.388,0.372,0.3725,100934,0
BRA,D,20200207,000000,0.3725,0.47,0.3725,0.411,1173546,0
BRA,D,20200210,000000,0.425,0.429,0.3845,0.39,599526,0
BRA,D,20200211,000000,0.397,0.403,0.38,0.385,376763,0
BRA,D,20200212,000000,0.39,0.393,0.381,0.389,82697,0
BRA,D,20200213,000000,0.384,0.385,0.373,0.3775,261903,0
BRA,D,20200214,000000,0.3775,0.428,0.374,0.3805,1042012,0
BRA,D,20200217,000000,0.379,0.387,0.3625,0.37,390673,0
BRA,D,20200218,000000,0.368,0.38,0.3505,0.354,428151,0
BRA,D,20200219,000000,0.358,0.37,0.3505,0.36,327279,0
BRA,D,20200220,000000,0.356,0.386,0.356,0.362,169242,0
BRA,D,20200221,000000,0.369,0.375,0.36,0.37,134805,0
BRA,D,20200224,000000,0.3585,0.37,0.33,0.337,217158,0
BRA,D,20200225,000000,0.33,0.3495,0.301,0.3395,256809,0
BRA,D,20200226,000000,0.3395,0.35,0.33,0.343,129346,0
BRA,D,20200227,000000,0.347,0.355,0.31,0.3145,638357,0
BRA,D,20200228,000000,0.3,0.31,0.27,0.309,355631,0
BRA,D,20200302,000000,0.309,0.33,0.305,0.316,149386,0
BRA,D,20200303,000000,0.32,0.34,0.316,0.33,231997,0
BRA,D,20200304,000000,0.32,0.33,0.31,0.3235,140976,0
BRA,D,20200305,000000,0.301,0.323,0.301,0.306,96072,0
BRA,D,20200306,000000,0.303,0.31,0.3,0.3,85426,0
BRA,D,20200309,000000,0.29,0.29,0.254,0.255,441999,0
BRA,D,20200310,000000,0.262,0.28,0.255,0.266,161216,0
BRA,D,20200311,000000,0.27,0.27,0.23,0.23,206923,0
BRA,D,20200312,000000,0.215,0.2215,0.2,0.2,401167,0
BRA,D,20200313,000000,0.2005,0.24,0.2,0.212,275472,0
BRA,D,20200316,000000,0.212,0.239,0.192,0.239,478458,0
BRA,D,20200317,000000,0.247,0.254,0.236,0.25,328644,0
BRA,D,20200318,000000,0.249,0.249,0.232,0.24,85443,0
BRA,D,20200319,000000,0.23,0.246,0.226,0.246,197014,0
BRA,D,20200320,000000,0.246,0.246,0.23,0.244,133806,0
BRA,D,20200323,000000,0.24,0.244,0.23,0.24,42668,0
BRA,D,20200324,000000,0.24,0.27,0.225,0.27,207866,0
BRA,D,20200325,000000,0.26,0.2695,0.246,0.2695,102881,0
BRA,D,20200326,000000,0.27,0.279,0.256,0.265,149450,0
BRA,D,20200327,000000,0.274,0.274,0.26,0.26,62978,0
BRA,D,20200330,000000,0.26,0.32,0.254,0.32,865739,0
BRA,D,20200331,000000,0.33,0.415,0.33,0.3615,1464170,0
BRA,D,20200401,000000,0.3,0.32,0.265,0.3,1577895,0
BRA,D,20200402,000000,0.28,0.319,0.272,0.3,578681,0
BRA,D,20200403,000000,0.3,0.32,0.288,0.309,373918,0
BRA,D,20200406,000000,0.325,0.383,0.313,0.381,1373381,0
BRA,D,20200407,000000,0.39,0.429,0.381,0.392,1016389,0
BRA,D,20200408,000000,0.392,0.392,0.3425,0.37,299311,0
BRA,D,20200409,000000,0.366,0.407,0.365,0.386,107152,0
BRA,D,20200414,000000,0.39,0.419,0.386,0.405,415741,0
BRA,D,20200415,000000,0.403,0.405,0.363,0.38,261068,0
BRA,D,20200416,000000,0.385,0.388,0.371,0.386,52342,0
BRA,D,20200417,000000,0.38,0.38,0.365,0.379,192673,0
BRA,D,20200420,000000,0.38,0.38,0.37,0.378,71665,0
BRA,D,20200421,000000,0.378,0.378,0.341,0.355,192009,0
BRA,D,20200422,000000,0.36,0.384,0.351,0.382,133788,0
BRA,D,20200423,000000,0.38,0.38,0.369,0.369,61546,0
BRA,D,20200424,000000,0.365,0.365,0.33,0.35,252794,0
BRA,D,20200427,000000,0.344,0.366,0.3405,0.352,72419,0
BRA,D,20200428,000000,0.345,0.35,0.33,0.3465,117255,0
BRA,D,20200429,000000,0.33,0.34,0.321,0.333,51068,0
BRA,D,20200430,000000,0.333,0.335,0.3145,0.325,111813,0
BRA,D,20200504,000000,0.3145,0.416,0.312,0.38,887195,0
BRA,D,20200505,000000,0.378,0.378,0.334,0.3495,712850,0
BRA,D,20200506,000000,0.34,0.345,0.32,0.3275,319017,0
BRA,D,20200507,000000,0.32,0.3465,0.318,0.33,148741,0
BRA,D,20200508,000000,0.33,0.331,0.32,0.321,102598,0
BRA,D,20200511,000000,0.3205,0.328,0.3205,0.327,36439,0
BRA,D,20200512,000000,0.328,0.333,0.327,0.3325,56981,0
BRA,D,20200513,000000,0.3295,0.3345,0.322,0.327,45232,0
BRA,D,20200514,000000,0.3335,0.349,0.33,0.33,103375,0
BRA,D,20200515,000000,0.348,0.348,0.333,0.335,20525,0
BRA,D,20200518,000000,0.339,0.345,0.3335,0.345,18693,0
BRA,D,20200519,000000,0.335,0.366,0.335,0.35,133817,0
BRA,D,20200520,000000,0.35,0.355,0.335,0.335,55348,0
BRA,D,20200521,000000,0.345,0.345,0.33,0.3335,57373,0
BRA,D,20200522,000000,0.334,0.3395,0.33,0.334,58093,0
BRA,D,20200525,000000,0.3345,0.3345,0.3215,0.333,84166,0
BRA,D,20200526,000000,0.335,0.339,0.3215,0.33,78763,0
BRA,D,20200527,000000,0.322,0.3475,0.3215,0.337,91522,0
BRA,D,20200528,000000,0.337,0.4,0.3245,0.395,653257,0
BRA,D,20200529,000000,0.386,0.387,0.35,0.367,303880,0
BRA,D,20200601,000000,0.37,0.38,0.352,0.38,155944,0
BRA,D,20200602,000000,0.397,0.4995,0.396,0.4735,3193920,0
BRA,D,20200603,000000,0.485,0.4975,0.4225,0.449,1598241,0
BRA,D,20200604,000000,0.455,0.48,0.43,0.47,416662,0
BRA,D,20200605,000000,0.4695,0.4695,0.43,0.436,519497,0
BRA,D,20200608,000000,0.4365,0.44,0.394,0.412,601116,0
BRA,D,20200609,000000,0.4,0.4075,0.394,0.4075,77302,0
BRA,D,20200610,000000,0.4,0.42,0.4,0.4175,98066,0
BRA,D,20200612,000000,0.38,0.418,0.38,0.415,184932,0
BRA,D,20200615,000000,0.415,0.415,0.402,0.41,46489,0
BRA,D,20200616,000000,0.41,0.411,0.38,0.38,328808,0
BRA,D,20200617,000000,0.382,0.397,0.375,0.383,131548,0
BRA,D,20200618,000000,0.383,0.386,0.37,0.385,71326,0
BRA,D,20200619,000000,0.388,0.394,0.379,0.379,130645,0
BRA,D,20200622,000000,0.38,0.4,0.37,0.396,184127,0
BRA,D,20200623,000000,0.4,0.54,0.396,0.54,1354477,0
BRA,D,20200624,000000,0.59,0.62,0.51,0.51,2033907,0
BRA,D,20200625,000000,0.518,0.632,0.51,0.62,2193864,0
BRA,D,20200626,000000,0.63,0.737,0.576,0.65,2480696,0
BRA,D,20200629,000000,0.65,0.75,0.605,0.605,2012910,0
BRA,D,20200630,000000,0.6,0.62,0.557,0.575,682964,0
BRA,D,20200701,000000,0.56,0.63,0.532,0.601,709055,0
BRA,D,20200702,000000,0.614,0.62,0.555,0.567,523401,0
BRA,D,20200703,000000,0.574,0.66,0.552,0.595,549424,0
BRA,D,20200706,000000,0.577,0.594,0.565,0.57,512079,0
BRA,D,20200707,000000,0.565,0.59,0.555,0.562,186594,0
BRA,D,20200708,000000,0.572,0.572,0.537,0.55,212469,0
BRA,D,20200709,000000,0.547,0.548,0.512,0.512,418817,0
BRA,D,20200710,000000,0.516,0.533,0.49,0.53,354155,0
