<TICKER>,<PER>,<DATE>,<TIME>,<OPEN>,<HIGH>,<LOW>,<CLOSE>,<VOL>,<OPENINT>
CPD,D,20101223,000000,23.874,49.727,23.874,49.727,1713,0
CPD,D,20101227,000000,54.76,60.231,54.76,60.231,169,0
CPD,D,20101228,000000,65.653,71.621,54.711,54.711,7172,0
CPD,D,20101229,000000,49.737,49.737,39.79,39.79,4376,0
CPD,D,20101230,000000,34.816,34.816,31.334,32.826,6589,0
CPD,D,20101231,000000,30.34,30.34,29.84,30.24,3575,0
CPD,D,20110103,000000,29.345,29.345,25.465,25.754,10983,0
CPD,D,20110104,000000,24.471,26.918,24.471,25.067,15700,0
CPD,D,20110105,000000,25.067,25.067,22.561,23.854,12425,0
CPD,D,20110107,000000,23.864,24.371,23.854,24.371,6531,0
CPD,D,20110110,000000,24.301,24.301,21.884,22.322,7462,0
CPD,D,20110111,000000,22.68,23.018,20.502,21.884,6759,0
CPD,D,20110112,000000,21.785,21.884,21.088,21.775,1829,0
CPD,D,20110113,000000,21.138,21.974,20.89,21.367,519,0
CPD,D,20110114,000000,21.088,21.088,20.153,20.153,1874,0
CPD,D,20110117,000000,20.84,20.84,19.298,19.785,2186,0
CPD,D,20110118,000000,19.756,19.795,19.009,19.099,2043,0
CPD,D,20110119,000000,19.885,19.895,19.208,19.397,995,0
CPD,D,20110120,000000,19.497,19.855,19,19.348,724,0
CPD,D,20110121,000000,18.92,19.616,18.91,19.189,2498,0
CPD,D,20110124,000000,19.189,19.795,18.91,19.586,630,0
CPD,D,20110125,000000,19.099,19.298,18.482,19.198,792,0
CPD,D,20110126,000000,18.303,19.567,18.303,18.85,1064,0
CPD,D,20110127,000000,18.154,19.318,17.756,18.502,1851,0
CPD,D,20110128,000000,17.418,17.438,16.94,17.338,2192,0
CPD,D,20110131,000000,16.99,17.87,15.93,17.86,1326,0
CPD,D,20110201,000000,17.856,19.338,17.03,18.85,2716,0
CPD,D,20110202,000000,18.403,18.89,18.005,18.83,4737,0
CPD,D,20110203,000000,17.905,18.492,17.905,18.492,453,0
CPD,D,20110204,000000,18.602,18.811,18.005,18.602,700,0
CPD,D,20110207,000000,18.711,19.348,18.502,19.179,1724,0
CPD,D,20110208,000000,19,19,18.403,18.9,394,0
CPD,D,20110209,000000,18.413,18.791,17.866,18.751,2841,0
CPD,D,20110210,000000,18.403,18.701,18.353,18.701,956,0
CPD,D,20110211,000000,17.905,18.502,17.706,18.502,67,0
CPD,D,20110214,000000,18.403,19.696,18.055,19.696,8067,0
CPD,D,20110215,000000,19.795,24.759,19.795,24.759,20755,0
CPD,D,20110216,000000,24.67,25.744,22.213,22.76,9705,0
CPD,D,20110217,000000,22.76,22.76,21.685,22.531,2587,0
CPD,D,20110218,000000,21.616,21.984,20.999,21.984,1402,0
CPD,D,20110221,000000,21.984,23.774,21.347,23.078,2974,0
CPD,D,20110222,000000,23.068,23.068,21.636,22.74,1649,0
CPD,D,20110223,000000,21.884,21.884,20.71,20.89,3349,0
CPD,D,20110224,000000,20.939,21.387,20.671,20.691,795,0
CPD,D,20110225,000000,21.088,21.675,20.89,21.675,313,0
CPD,D,20110228,000000,21.864,22.859,21.864,22.461,912,0
CPD,D,20110301,000000,22.083,22.402,21.586,22.402,797,0
CPD,D,20110302,000000,22.302,22.302,20.919,22.262,1009,0
CPD,D,20110303,000000,20.989,21.884,20.989,21.884,162,0
CPD,D,20110304,000000,21.387,21.785,20.999,21.785,864,0
CPD,D,20110307,000000,21.188,21.188,21.188,21.188,201,0
CPD,D,20110308,000000,20.223,21.088,20.223,21.088,1019,0
CPD,D,20110309,000000,21.088,21.437,21.088,21.437,1001,0
CPD,D,20110310,000000,21.138,21.536,21.138,21.536,147,0
CPD,D,20110311,000000,21.118,21.118,21.118,21.118,434,0
CPD,D,20110314,000000,21.118,21.118,21.118,21.118,365,0
CPD,D,20110315,000000,21.118,21.496,20.89,21.297,1722,0
CPD,D,20110316,000000,21.377,21.506,21.377,21.506,302,0
CPD,D,20110317,000000,20.472,20.89,20.472,20.89,563,0
CPD,D,20110318,000000,20.89,20.89,20.541,20.541,382,0
CPD,D,20110321,000000,20.89,20.89,20.541,20.541,121,0
CPD,D,20110322,000000,20.939,20.939,20.591,20.89,352,0
CPD,D,20110323,000000,20.561,20.929,20.561,20.641,1279,0
CPD,D,20110324,000000,20.581,20.581,20.442,20.442,1056,0
CPD,D,20110325,000000,20.442,20.88,19.964,20.88,463,0
CPD,D,20110328,000000,19.964,20.392,19.964,20.392,80,0
CPD,D,20110330,000000,19.954,20.004,19.954,20.004,784,0
CPD,D,20110331,000000,20,20.04,19.94,19.94,1900,0
CPD,D,20110401,000000,19.954,19.954,19.954,19.954,101,0
CPD,D,20110404,000000,19.954,19.954,19.895,19.895,89,0
CPD,D,20110405,000000,20.293,21.387,20.293,21.387,176,0
CPD,D,20110406,000000,21.506,21.506,20.392,20.392,935,0
CPD,D,20110407,000000,20.591,20.959,20.392,20.701,474,0
CPD,D,20110408,000000,20.74,20.969,20.392,20.969,265,0
CPD,D,20110411,000000,20.442,20.442,20.293,20.313,153,0
CPD,D,20110412,000000,20.492,21.069,20.313,21.069,302,0
CPD,D,20110413,000000,21.238,21.238,21.238,21.238,101,0
CPD,D,20110414,000000,20.313,20.313,19.895,19.895,1015,0
CPD,D,20110415,000000,20.104,20.193,20.104,20.193,105,0
CPD,D,20110418,000000,20.104,20.104,19.895,19.895,2614,0
CPD,D,20110419,000000,19.895,19.895,19.656,19.656,391,0
CPD,D,20110420,000000,19.656,19.656,19.656,19.656,54,0
CPD,D,20110421,000000,19.109,19.109,19.109,19.109,362,0
CPD,D,20110426,000000,19.109,19.109,19.109,19.109,50,0
CPD,D,20110427,000000,19.109,19.248,18.85,18.86,709,0
CPD,D,20110428,000000,18.512,18.751,18.393,18.403,4764,0
CPD,D,20110429,000000,18.5,18.6,18.5,18.5,565,0
CPD,D,20110502,000000,18.552,19,18.552,18.9,315,0
CPD,D,20110505,000000,18.403,18.403,18.403,18.403,250,0
CPD,D,20110506,000000,18.403,18.651,18.403,18.651,266,0
CPD,D,20110509,000000,18.403,18.403,18.303,18.303,232,0
CPD,D,20110512,000000,17.02,18.602,17.02,18.602,131,0
CPD,D,20110513,000000,18.005,18.005,18.005,18.005,1,0
CPD,D,20110517,000000,17.408,17.408,16.911,16.911,1223,0
CPD,D,20110518,000000,16.911,16.911,16.911,16.911,251,0
CPD,D,20110519,000000,16.901,20.89,15.349,20.89,16203,0
CPD,D,20110520,000000,21.258,21.287,19.139,21.248,2613,0
CPD,D,20110523,000000,20.89,20.89,19.198,19.397,1555,0
CPD,D,20110524,000000,17.905,20.392,17.905,20.392,1481,0
CPD,D,20110525,000000,19.895,20.442,19.795,19.905,799,0
CPD,D,20110526,000000,20.143,20.143,20.143,20.143,20,0
CPD,D,20110527,000000,19.895,20.432,19.895,20.392,247,0
CPD,D,20110530,000000,19.706,19.706,19.696,19.696,980,0
CPD,D,20110531,000000,19.308,20.094,19.308,20.094,180,0
CPD,D,20110601,000000,19.308,19.308,19.298,19.308,310,0
CPD,D,20110607,000000,19.845,19.845,19.845,19.845,11,0
CPD,D,20110609,000000,18.064,19.845,18.055,19.845,252,0
CPD,D,20110610,000000,18.9,19.945,18.9,19.895,1328,0
CPD,D,20110613,000000,19.895,20.492,19.895,20.392,993,0
CPD,D,20110614,000000,19.895,20.313,19.099,20.313,515,0
CPD,D,20110615,000000,19.397,20.143,19.397,19.895,916,0
CPD,D,20110616,000000,18.9,20.392,18.9,20.392,584,0
CPD,D,20110617,000000,18.91,20.332,18.91,20.332,63,0
CPD,D,20110620,000000,18.92,20.392,18.92,20.392,2575,0
CPD,D,20110621,000000,20.392,20.392,20.392,20.392,342,0
CPD,D,20110622,000000,20.392,20.392,19.447,19.447,7897,0
CPD,D,20110624,000000,19.427,19.427,19.427,19.427,25,0
CPD,D,20110627,000000,19.427,19.427,19.427,19.427,327,0
CPD,D,20110628,000000,18.9,18.9,18.9,18.9,101,0
CPD,D,20110630,000000,19.89,20.39,19.89,20.39,183,0
CPD,D,20110706,000000,18.9,19.895,18.353,19.895,4433,0
CPD,D,20110708,000000,19.895,19.895,19.895,19.895,201,0
CPD,D,20110711,000000,19.895,19.994,19.895,19.994,201,0
CPD,D,20110712,000000,19.994,19.994,19.994,19.994,2,0
CPD,D,20110718,000000,18.94,18.94,18.93,18.93,312,0
CPD,D,20110727,000000,17.129,20.87,17.129,20.87,3925,0
CPD,D,20110728,000000,20.74,20.87,20.392,20.392,626,0
CPD,D,20110729,000000,19.925,20.87,19.925,20.87,211,0
CPD,D,20110803,000000,18.82,18.82,17.209,18.82,229,0
CPD,D,20110805,000000,16.93,18.602,15.269,18.602,796,0
CPD,D,20110808,000000,16.811,17.408,16.811,16.911,690,0
CPD,D,20110809,000000,15.916,15.916,15.468,15.468,110,0
CPD,D,20110810,000000,16.911,16.911,16.911,16.911,322,0
CPD,D,20110812,000000,15.916,16.015,15.916,16.015,210,0
CPD,D,20110816,000000,16.811,16.811,16.811,16.811,18,0
CPD,D,20110817,000000,16.921,16.921,16.921,16.921,48,0
CPD,D,20110818,000000,15.936,18.602,15.936,18.602,93,0
CPD,D,20110819,000000,16.741,17.905,16.741,17.905,111,0
CPD,D,20110824,000000,16.911,16.911,16.911,16.911,26,0
CPD,D,20110825,000000,16.911,16.911,16.513,16.513,362,0
CPD,D,20110829,000000,15.916,15.916,15.916,15.916,201,0
CPD,D,20110830,000000,16.712,16.712,16.712,16.712,251,0
CPD,D,20110831,000000,18.37,21.88,18.37,21.88,11451,0
CPD,D,20110901,000000,20.83,20.83,18.9,19.387,1576,0
CPD,D,20110902,000000,19.89,19.89,19.89,19.89,3,0
CPD,D,20110906,000000,19.397,19.397,17.905,17.905,83,0
CPD,D,20110909,000000,18.005,19.696,17.915,19.696,764,0
CPD,D,20110912,000000,17.905,19.646,17.905,19.646,1755,0
CPD,D,20110916,000000,18.9,18.9,18.9,18.9,40,0
CPD,D,20110919,000000,17.119,17.806,17.119,17.806,30,0
CPD,D,20110920,000000,19.576,19.646,19.477,19.646,392,0
CPD,D,20110921,000000,19.656,19.656,18.403,19.447,347,0
CPD,D,20110922,000000,19.447,19.447,18.95,18.95,383,0
CPD,D,20110923,000000,19.298,19.447,19.298,19.447,392,0
CPD,D,20110927,000000,20.432,22.879,20.432,22.581,5307,0
CPD,D,20110928,000000,20.323,21.088,20.323,20.89,6454,0
CPD,D,20110929,000000,20.84,21.088,20.84,20.989,886,0
CPD,D,20110930,000000,21.04,21.04,20.99,20.99,175,0
CPD,D,20111003,000000,18.91,18.91,18.91,18.91,5,0
CPD,D,20111010,000000,20.79,20.79,18.701,18.701,804,0
CPD,D,20111014,000000,17.428,17.428,17.428,17.428,2,0
CPD,D,20111017,000000,19.895,19.895,19.895,19.895,1004,0
CPD,D,20111018,000000,19.925,20.094,19.895,20.094,1106,0
CPD,D,20111019,000000,19.905,19.905,19.905,19.905,1508,0
CPD,D,20111020,000000,18.502,20.193,18.502,20.193,102,0
CPD,D,20111021,000000,20.143,20.143,20.094,20.094,4,0
CPD,D,20111024,000000,20.094,20.094,19.895,20.094,603,0
CPD,D,20111108,000000,18.353,18.353,18.353,18.353,5,0
CPD,D,20111118,000000,17.517,17.905,17.517,17.905,608,0
CPD,D,20111125,000000,16.57,17.91,16.57,17.91,270,0
CPD,D,20111128,000000,16.622,16.622,16.622,16.622,77,0
CPD,D,20111129,000000,16.642,18.303,16.642,18.303,79,0
CPD,D,20111130,000000,18.7,18.9,16.91,18.9,31,0
CPD,D,20111205,000000,18.9,18.9,18.9,18.9,5,0
CPD,D,20111213,000000,17.03,17.5,17.03,17.5,260,0
CPD,D,20111220,000000,17,17,17,17,400,0
CPD,D,20111227,000000,17,17,16.5,16.5,110,0
CPD,D,20111230,000000,17.5,17.5,17.5,17.5,5,0
CPD,D,20120102,000000,19.24,19.24,19.24,19.24,10,0
CPD,D,20120103,000000,17.32,17.32,17.32,17.32,150,0
CPD,D,20120104,000000,17.51,17.51,17.51,17.51,25,0
CPD,D,20120105,000000,17.53,17.53,17.52,17.52,500,0
CPD,D,20120111,000000,17,17,17,17,200,0
CPD,D,20120112,000000,16.8,16.8,16.8,16.8,200,0
CPD,D,20120116,000000,16.51,16.51,16.5,16.5,620,0
CPD,D,20120119,000000,16.51,16.51,16.51,16.51,300,0
CPD,D,20120124,000000,16.5,16.5,15.7,15.7,1280,0
CPD,D,20120131,000000,15.6,15.6,15.6,15.6,210,0
CPD,D,20120201,000000,16,16,16,16,50,0
CPD,D,20120202,000000,17,17.3,17,17.3,549,0
CPD,D,20120203,000000,16,16.4,15.57,16.4,1300,0
CPD,D,20120206,000000,17,17,16.95,16.95,200,0
CPD,D,20120207,000000,16.95,17.99,16.21,17.18,1064,0
CPD,D,20120208,000000,17.35,17.35,17.35,17.35,100,0
CPD,D,20120209,000000,17.55,17.7,17.55,17.69,284,0
CPD,D,20120210,000000,17.7,17.7,17.7,17.7,17,0
CPD,D,20120213,000000,16.4,19.38,16.4,19.38,243,0
CPD,D,20120214,000000,17.45,18.5,17.45,17.5,758,0
CPD,D,20120215,000000,17.53,17.55,17.53,17.55,450,0
CPD,D,20120216,000000,17.57,17.84,16.82,17.84,650,0
CPD,D,20120217,000000,16.72,17.79,16.72,17.79,314,0
CPD,D,20120220,000000,16.72,17.69,16.72,17.5,340,0
CPD,D,20120221,000000,17.51,17.51,17.51,17.51,23,0
CPD,D,20120222,000000,16.62,17.43,16.62,17.43,314,0
CPD,D,20120223,000000,17.44,17.44,17.44,17.44,23,0
CPD,D,20120224,000000,17.4,17.4,17.4,17.4,42,0
CPD,D,20120227,000000,17.4,17.4,17,17,323,0
CPD,D,20120305,000000,16.3,17,16.3,17,600,0
CPD,D,20120308,000000,17.02,17.02,17.02,17.02,23,0
CPD,D,20120312,000000,16,16,16,16,35,0
CPD,D,20120313,000000,17.89,17.89,17.89,17.89,50,0
CPD,D,20120314,000000,16.47,16.5,16.47,16.5,51,0
CPD,D,20120315,000000,17,17,16.55,16.55,1200,0
CPD,D,20120316,000000,16.55,16.55,16.55,16.55,49,0
CPD,D,20120321,000000,16.1,16.1,16.1,16.1,30,0
CPD,D,20120322,000000,16,17.71,15,17.71,621,0
CPD,D,20120323,000000,16,16,15.94,16,890,0
CPD,D,20120326,000000,16.02,16.02,15,15,520,0
CPD,D,20120327,000000,15.5,15.5,15.5,15.5,60,0
CPD,D,20120330,000000,15.5,15.5,15.5,15.5,50,0
CPD,D,20120402,000000,14.3,14.99,13.5,14.99,616,0
CPD,D,20120403,000000,13.82,14.52,13.82,13.82,504,0
CPD,D,20120404,000000,13.85,15.12,13,15.12,551,0
CPD,D,20120410,000000,13.65,13.65,13.65,13.65,267,0
CPD,D,20120419,000000,12.95,12.95,12.95,12.95,50,0
CPD,D,20120423,000000,14.15,14.15,14.15,14.15,1,0
CPD,D,20120430,000000,12.76,12.76,12.76,12.76,100,0
CPD,D,20120528,000000,12.99,12.99,12.99,12.99,15,0
CPD,D,20120529,000000,12.99,12.99,12.9,12.9,20,0
CPD,D,20120530,000000,12.99,12.99,12.99,12.99,5,0
CPD,D,20120531,000000,12.95,12.95,12.95,12.95,5,0
CPD,D,20120601,000000,12.95,12.95,12.95,12.95,100,0
CPD,D,20120608,000000,14.17,14.17,14.17,14.17,1,0
CPD,D,20120611,000000,13,14.17,13,14.17,2,0
CPD,D,20120612,000000,14.17,14.17,14.14,14.14,153,0
CPD,D,20120613,000000,14.18,14.18,14.14,14.14,72,0
CPD,D,20120614,000000,13.5,13.5,13.5,13.5,205,0
CPD,D,20120615,000000,13.52,13.52,13.32,13.32,207,0
CPD,D,20120618,000000,13.34,13.34,12.8,12.8,101,0
CPD,D,20120619,000000,12.6,12.8,12.6,12.8,200,0
CPD,D,20120627,000000,12,12,12,12,39,0
CPD,D,20120702,000000,12,12,11,11,305,0
CPD,D,20120703,000000,10.2,10.5,10,10,500,0
CPD,D,20120712,000000,9.4,9.48,9,9.48,235,0
CPD,D,20120713,000000,9,9,9,9,150,0
CPD,D,20120716,000000,9,9,9,9,100,0
CPD,D,20120719,000000,8,8.8,8,8.8,114,0
CPD,D,20120724,000000,8.01,8.01,8.01,8.01,200,0
CPD,D,20120725,000000,8,8,8,8,400,0
CPD,D,20120803,000000,7,7.65,7,7.65,3945,0
CPD,D,20120807,000000,7.5,7.5,7.02,7.02,160,0
CPD,D,20120808,000000,7.49,7.65,7.49,7.65,223,0
CPD,D,20120809,000000,7.65,7.65,7.65,7.65,34,0
CPD,D,20120810,000000,7.99,7.99,7.99,7.99,10,0
CPD,D,20120813,000000,8.1,10,8.1,10,3160,0
CPD,D,20120816,000000,10.15,12.44,10.15,11.92,5639,0
CPD,D,20120817,000000,11.98,11.98,11.98,11.98,20,0
CPD,D,20120820,000000,11.5,11.9,11.2,11.4,574,0
CPD,D,20120821,000000,10.26,11,10.26,10.99,555,0
CPD,D,20120822,000000,9.9,10.2,9.9,10.2,1260,0
CPD,D,20120823,000000,10.2,10.86,10.15,10.86,411,0
CPD,D,20120824,000000,9.83,10.69,9.83,10.69,100,0
CPD,D,20120827,000000,10.52,10.52,10.52,10.52,10,0
CPD,D,20120828,000000,10.3,10.6,9.5,10.6,89,0
CPD,D,20120829,000000,9.54,10.3,9.54,10.3,8,0
CPD,D,20120830,000000,9.99,10.25,9.99,10.25,327,0
CPD,D,20120831,000000,10.24,10.3,9.83,10.3,89,0
CPD,D,20120903,000000,10.3,10.59,10.3,10.59,104,0
CPD,D,20120904,000000,9.7,10.5,9.7,10.5,186,0
CPD,D,20120905,000000,9.45,10.49,9.45,10.49,114,0
CPD,D,20120910,000000,10.48,10.48,10.48,10.48,100,0
CPD,D,20120912,000000,9.13,9.13,9.13,9.13,195,0
CPD,D,20120913,000000,10,10,9,9,1242,0
CPD,D,20120914,000000,8.52,8.98,8.3,8.31,1101,0
CPD,D,20120917,000000,8.32,8.8,7.49,7.71,357,0
CPD,D,20120918,000000,8,8,7.11,7.11,6,0
CPD,D,20120919,000000,7.82,8.2,7.65,7.65,320,0
CPD,D,20120920,000000,8.41,8.41,8.41,8.41,96,0
CPD,D,20120921,000000,7.57,8.99,7.57,8.99,295,0
CPD,D,20120924,000000,9.2,9.2,9.2,9.2,5,0
CPD,D,20120925,000000,9.18,9.18,9.18,9.18,2,0
CPD,D,20120926,000000,9.18,9.2,8.51,8.51,571,0
CPD,D,20120927,000000,9.18,9.18,8.3,8.3,730,0
CPD,D,20120928,000000,8.2,9.02,8.2,9.02,2004,0
CPD,D,20121001,000000,8.15,8.98,8.12,8.98,701,0
CPD,D,20121002,000000,8.09,8.09,8.09,8.09,1000,0
CPD,D,20121003,000000,8.09,8.48,8.09,8.47,843,0
CPD,D,20121004,000000,7.93,8.45,7.93,8.45,102,0
CPD,D,20121008,000000,8.87,8.87,8.87,8.87,2,0
CPD,D,20121009,000000,7.93,7.93,7.93,7.93,1447,0
CPD,D,20121010,000000,8.57,8.57,8.1,8.1,82,0
CPD,D,20121011,000000,8,8.1,7.72,8.1,435,0
CPD,D,20121012,000000,7.74,7.74,7.63,7.63,567,0
CPD,D,20121015,000000,7.73,7.73,7.73,7.73,5,0
CPD,D,20121016,000000,7.95,7.95,6.76,7.09,4554,0
CPD,D,20121017,000000,6.52,6.52,6.52,6.52,2,0
CPD,D,20121018,000000,7.14,7.15,6.85,7.15,750,0
CPD,D,20121019,000000,7.86,7.86,7.5,7.5,341,0
CPD,D,20121024,000000,6.61,6.61,6.28,6.28,849,0
CPD,D,20121025,000000,6.28,6.55,6.28,6.3,506,0
CPD,D,20121026,000000,6.69,6.69,6.69,6.69,10,0
CPD,D,20121030,000000,6.7,6.98,6.7,6.88,658,0
CPD,D,20121031,000000,6.69,7.29,6.69,7.09,416,0
CPD,D,20121105,000000,6.28,6.28,5.76,6,1623,0
CPD,D,20121106,000000,5.4,5.93,5.01,5.01,3890,0
CPD,D,20121107,000000,4.52,4.93,4.4,4.93,4627,0
CPD,D,20121108,000000,4.9,4.9,4.9,4.9,2,0
CPD,D,20121109,000000,4.33,4.5,3.9,4.29,11338,0
CPD,D,20121112,000000,4.01,4.3,4.01,4.3,2956,0
CPD,D,20121113,000000,4.29,4.29,4.29,4.29,4,0
CPD,D,20121114,000000,4.27,4.27,4.27,4.27,7,0
CPD,D,20121115,000000,4.2,4.2,4.2,4.2,3,0
CPD,D,20121116,000000,4.27,4.27,4.27,4.27,5,0
CPD,D,20121120,000000,3.9,3.9,3.9,3.9,860,0
CPD,D,20121121,000000,3.9,3.9,3.9,3.9,200,0
CPD,D,20121122,000000,3.8,3.8,3.8,3.8,864,0
CPD,D,20121127,000000,3.8,3.8,3.8,3.8,205,0
CPD,D,20121128,000000,3.74,3.74,3.74,3.74,30,0
CPD,D,20121204,000000,3.5,3.75,3.5,3.75,2309,0
CPD,D,20121206,000000,3.65,4,3.65,4,2145,0
CPD,D,20121211,000000,3.75,3.75,3.75,3.75,20,0
CPD,D,20121212,000000,3.75,3.75,3.75,3.75,195,0
CPD,D,20121213,000000,3.75,3.99,3.75,3.99,743,0
CPD,D,20121217,000000,4.18,4.28,4.16,4.28,4470,0
CPD,D,20121218,000000,4.19,4.3,4.19,4.3,5268,0
CPD,D,20121219,000000,4.48,4.49,4.48,4.49,1000,0
CPD,D,20121220,000000,4.49,4.6,4.49,4.5,183,0
CPD,D,20121221,000000,4.6,4.6,4.21,4.21,295,0
CPD,D,20121227,000000,3.97,3.97,3.97,3.97,100,0
CPD,D,20121228,000000,4.33,4.55,4.33,4.51,3409,0
CPD,D,20130102,000000,4.21,4.75,4.21,4.75,2200,0
CPD,D,20130103,000000,4.74,4.75,4.5,4.5,1955,0
CPD,D,20130104,000000,4.25,4.7,4.25,4.7,425,0
CPD,D,20130107,000000,4.71,5,4.51,4.66,9099,0
CPD,D,20130108,000000,4.73,4.75,4.73,4.75,3324,0
CPD,D,20130109,000000,4.81,5.1,4.81,5,3995,0
CPD,D,20130110,000000,5.07,5.25,5.06,5.25,1300,0
CPD,D,20130111,000000,5.3,5.95,5.02,5.95,3896,0
CPD,D,20130114,000000,5.89,5.9,5.8,5.8,7000,0
CPD,D,20130115,000000,5.24,5.97,5.24,5.8,1820,0
CPD,D,20130116,000000,5.61,5.61,5.61,5.61,837,0
CPD,D,20130117,000000,5.85,5.85,5.2,5.48,8496,0
CPD,D,20130118,000000,5.48,5.48,5.48,5.48,1000,0
CPD,D,20130121,000000,5.47,5.47,5.47,5.47,100,0
CPD,D,20130122,000000,5.47,5.47,5.47,5.47,50,0
CPD,D,20130124,000000,5.47,5.47,5.47,5.47,50,0
CPD,D,20130125,000000,5.47,5.5,5.47,5.47,2556,0
CPD,D,20130128,000000,4.95,4.95,4.95,4.95,50,0
CPD,D,20130129,000000,4.77,5.94,4.77,5.94,9881,0
CPD,D,20130130,000000,5.9,5.9,5.9,5.9,330,0
CPD,D,20130201,000000,5.31,5.92,5.31,5.92,809,0
CPD,D,20130204,000000,5.95,6,5.95,6,6237,0
CPD,D,20130205,000000,6,6,5.4,5.55,13721,0
CPD,D,20130206,000000,5.55,5.55,5.54,5.55,1942,0
CPD,D,20130208,000000,5.2,5.2,4.5,4.99,1982,0
CPD,D,20130211,000000,5.14,5.14,5,5.1,251,0
CPD,D,20130215,000000,5.13,5.13,5.13,5.13,5,0
CPD,D,20130220,000000,5.1,5.1,5.1,5.1,1000,0
CPD,D,20130226,000000,4.59,4.98,4.59,4.98,628,0
CPD,D,20130228,000000,4.97,4.97,4.97,4.97,2235,0
CPD,D,20130301,000000,4.99,5.23,4.98,4.98,1139,0
CPD,D,20130305,000000,4.5,4.8,4.5,4.8,621,0
CPD,D,20130306,000000,4.69,4.69,4.2,4.65,1604,0
CPD,D,20130307,000000,4.22,4.62,4.22,4.62,392,0
CPD,D,20130311,000000,4.51,4.64,4.51,4.64,235,0
CPD,D,20130312,000000,4.95,4.95,4.95,4.95,10,0
CPD,D,20130327,000000,4.65,4.65,4.65,4.65,27,0
CPD,D,20130328,000000,4.85,5.2,4.72,4.95,4575,0
CPD,D,20130402,000000,4.6,5.2,4.46,4.46,3549,0
CPD,D,20130403,000000,4.55,4.87,4.55,4.87,451,0
CPD,D,20130404,000000,4.95,4.95,4.95,4.95,2000,0
CPD,D,20130405,000000,4.46,4.9,4.46,4.9,50,0
CPD,D,20130408,000000,4.42,4.77,4.42,4.77,161,0
CPD,D,20130409,000000,4.3,4.3,3.2,3.24,16158,0
CPD,D,20130410,000000,3.1,3.29,3.1,3.29,7084,0
CPD,D,20130411,000000,3.2,3.49,3.2,3.2,776,0
CPD,D,20130412,000000,3.2,3.3,3,3.3,725,0
CPD,D,20130417,000000,3.59,3.59,3,3,661,0
CPD,D,20130418,000000,2.71,2.71,2.45,2.45,34,0
CPD,D,20130419,000000,2.51,2.51,2.51,2.51,2640,0
CPD,D,20130422,000000,2.45,2.45,2.22,2.25,1501,0
CPD,D,20130423,000000,2.5,2.64,2.25,2.25,1297,0
CPD,D,20130424,000000,2.47,2.47,2.47,2.47,400,0
CPD,D,20130425,000000,3.05,3.05,2.8,2.8,5002,0
CPD,D,20130426,000000,3.1,3.1,2.82,2.82,5016,0
CPD,D,20130502,000000,3.05,3.07,3,3.05,30996,0
CPD,D,20130508,000000,3.06,3.29,3.06,3.29,8536,0
CPD,D,20130510,000000,3.11,3.3,3.11,3.11,392,0
CPD,D,20130514,000000,3.29,3.29,3.29,3.29,5,0
CPD,D,20130515,000000,2.8,2.8,2.8,2.8,120,0
CPD,D,20130516,000000,3.08,3.45,3.08,3.45,8298,0
CPD,D,20130517,000000,3.45,3.45,3.45,3.45,740,0
CPD,D,20130520,000000,3.15,3.3,3.15,3.3,102,0
CPD,D,20130521,000000,3,3.35,3,3.35,503,0
CPD,D,20130527,000000,3.02,3.04,3.02,3.04,59,0
CPD,D,20130528,000000,3.05,3.05,2.98,2.98,700,0
CPD,D,20130529,000000,2.98,2.98,2.98,2.98,250,0
CPD,D,20130607,000000,3,3,3,3,340,0
CPD,D,20130611,000000,3.01,3.01,3.01,3.01,63,0
CPD,D,20130612,000000,2.85,2.85,2.85,2.85,332,0
CPD,D,20130618,000000,3,3,3,3,100,0
CPD,D,20130619,000000,3,3,3,3,563,0
CPD,D,20130620,000000,3,3,3,3,25,0
CPD,D,20130628,000000,3.01,3.01,3.01,3.01,100,0
CPD,D,20130701,000000,2.9,2.9,2.9,2.9,200,0
CPD,D,20130704,000000,2.8,2.9,2.8,2.9,900,0
CPD,D,20130718,000000,2.65,2.8,2.65,2.8,600,0
CPD,D,20130719,000000,2.6,2.6,2.6,2.6,100,0
CPD,D,20130722,000000,2.65,2.65,2.65,2.65,50,0
CPD,D,20130723,000000,2.6,2.6,2.6,2.6,400,0
CPD,D,20130730,000000,2.6,2.6,2.6,2.6,91,0
CPD,D,20130808,000000,2.78,2.85,2.78,2.85,437,0
CPD,D,20130813,000000,2.9,2.9,2.9,2.9,490,0
CPD,D,20130827,000000,3.04,3.04,3.04,3.04,500,0
CPD,D,20130829,000000,3.04,3.04,3.04,3.04,150,0
CPD,D,20130905,000000,3,3,3,3,2,0
CPD,D,20130911,000000,2.7,2.7,2.7,2.7,1000,0
CPD,D,20130912,000000,2.71,2.71,2.71,2.71,700,0
CPD,D,20130913,000000,2.72,2.72,2.72,2.72,69,0
CPD,D,20130919,000000,2.72,2.93,2.5,2.93,3806,0
CPD,D,20130920,000000,2.9,2.9,2.9,2.9,1,0
CPD,D,20130923,000000,2.9,2.9,2.9,2.9,2,0
CPD,D,20130924,000000,2.62,2.62,2.5,2.6,4598,0
CPD,D,20130925,000000,2.61,2.63,2.35,2.35,17585,0
CPD,D,20130926,000000,2.25,2.25,2.25,2.25,4,0
CPD,D,20131001,000000,2.25,2.25,2.25,2.25,40,0
CPD,D,20131002,000000,2.28,2.5,2.28,2.5,60,0
CPD,D,20131003,000000,2.74,2.74,2.74,2.74,3200,0
CPD,D,20131004,000000,2.9,2.91,2.9,2.9,2800,0
CPD,D,20131011,000000,2.7,2.7,2.55,2.55,3340,0
CPD,D,20131014,000000,2.55,2.55,2.55,2.55,50,0
CPD,D,20131015,000000,2.6,2.6,2.6,2.6,6,0
CPD,D,20131016,000000,2.44,2.44,2.43,2.43,1688,0
CPD,D,20131017,000000,2.3,2.32,2.3,2.32,3345,0
CPD,D,20131018,000000,2.35,2.35,2.34,2.34,2249,0
CPD,D,20131021,000000,2.31,2.52,2.25,2.26,6823,0
CPD,D,20131022,000000,2.26,2.26,2.05,2.11,3315,0
CPD,D,20131023,000000,2.31,2.31,2.11,2.11,470,0
CPD,D,20131024,000000,2.11,2.29,2.11,2.18,2300,0
CPD,D,20131025,000000,2.2,2.2,2.15,2.2,5205,0
CPD,D,20131028,000000,2.2,2.2,2.15,2.15,5000,0
CPD,D,20131029,000000,2.15,2.15,2.14,2.14,1120,0
CPD,D,20131030,000000,2.2,2.2,2.2,2.2,2073,0
CPD,D,20131031,000000,2.2,2.2,2.2,2.2,99,0
CPD,D,20131104,000000,2.22,2.3,2.22,2.3,1823,0
CPD,D,20131105,000000,2.35,2.35,2.35,2.35,1244,0
CPD,D,20131106,000000,2.45,2.45,2.45,2.45,1000,0
CPD,D,20131107,000000,2.45,2.95,2.45,2.74,31560,0
CPD,D,20131108,000000,2.74,2.74,2.55,2.55,146,0
CPD,D,20131112,000000,2.55,3.03,2.55,2.77,10695,0
CPD,D,20131114,000000,2.61,2.74,2.6,2.74,1500,0
CPD,D,20131118,000000,2.73,2.99,2.64,2.64,9213,0
CPD,D,20131119,000000,2.7,2.7,2.7,2.7,200,0
CPD,D,20131120,000000,2.74,2.83,2.74,2.83,2225,0
CPD,D,20131121,000000,2.82,2.82,2.66,2.66,562,0
CPD,D,20131122,000000,2.69,2.69,2.69,2.69,236,0
CPD,D,20131127,000000,2.72,2.9,2.72,2.72,8196,0
CPD,D,20131128,000000,2.72,2.72,2.7,2.72,10830,0
CPD,D,20131202,000000,2.79,2.79,2.7,2.7,604,0
CPD,D,20131203,000000,2.44,2.65,2.2,2.25,11778,0
CPD,D,20131204,000000,2.36,2.48,2.26,2.48,1595,0
CPD,D,20131205,000000,2.48,2.5,2.48,2.5,1574,0
CPD,D,20131210,000000,2.51,2.51,2.51,2.51,75,0
CPD,D,20131211,000000,2.46,2.51,2.2,2.33,5233,0
CPD,D,20131212,000000,2.34,2.49,2.33,2.49,675,0
CPD,D,20131213,000000,2.4,2.4,2.4,2.4,100,0
CPD,D,20131216,000000,2.4,2.4,2.4,2.4,50,0
CPD,D,20131217,000000,2.25,2.25,2.05,2.05,10,0
CPD,D,20131218,000000,2.12,2.22,2.11,2.22,2740,0
CPD,D,20131219,000000,2.43,2.47,2.42,2.45,3732,0
CPD,D,20131220,000000,2.45,2.46,2.4,2.44,4411,0
CPD,D,20131223,000000,2.47,2.47,2.47,2.47,1303,0
CPD,D,20131230,000000,2.4,2.6,2.4,2.6,3016,0
CPD,D,20140102,000000,2.59,2.59,2.35,2.35,236,0
CPD,D,20140107,000000,2.3,2.3,2.3,2.3,151,0
CPD,D,20140109,000000,2.3,2.53,2.3,2.53,1003,0
CPD,D,20140113,000000,2.42,2.42,2.42,2.42,1,0
CPD,D,20140114,000000,2.42,2.42,2.2,2.34,1600,0
CPD,D,20140115,000000,2.32,2.32,2.31,2.31,1700,0
CPD,D,20140116,000000,2.46,2.67,2.36,2.36,1411,0
CPD,D,20140117,000000,2.29,2.29,2.28,2.28,1772,0
CPD,D,20140120,000000,2.31,2.31,2.3,2.3,2988,0
CPD,D,20140121,000000,2.53,2.53,2.5,2.5,300,0
CPD,D,20140123,000000,2.5,2.5,2.5,2.5,1000,0
CPD,D,20140130,000000,2.31,2.39,2.3,2.39,2830,0
CPD,D,20140203,000000,2.21,2.35,2.21,2.35,1239,0
CPD,D,20140206,000000,2.22,2.35,2.21,2.35,2698,0
CPD,D,20140207,000000,2.35,2.5,2.35,2.5,2,0
CPD,D,20140210,000000,2.25,2.25,2.25,2.25,1317,0
CPD,D,20140211,000000,2.45,2.59,2.45,2.57,3321,0
CPD,D,20140212,000000,2.67,2.89,2.62,2.75,9205,0
CPD,D,20140213,000000,2.79,2.79,2.54,2.77,2230,0
CPD,D,20140214,000000,2.58,2.83,2.58,2.83,3100,0
CPD,D,20140217,000000,2.82,2.82,2.79,2.8,3210,0
CPD,D,20140218,000000,2.82,2.9,2.82,2.87,4583,0
CPD,D,20140219,000000,2.72,2.84,2.72,2.84,2391,0
CPD,D,20140220,000000,2.84,2.84,2.84,2.84,10,0
CPD,D,20140221,000000,2.84,2.84,2.84,2.84,999,0
CPD,D,20140225,000000,2.57,2.58,2.57,2.58,219,0
CPD,D,20140226,000000,2.55,2.55,2.55,2.55,10,0
CPD,D,20140303,000000,2.3,2.44,2.12,2.44,4449,0
CPD,D,20140305,000000,2.52,2.52,2.48,2.48,4297,0
CPD,D,20140306,000000,2.57,2.58,2.57,2.58,1000,0
CPD,D,20140307,000000,2.43,2.43,2.41,2.41,1471,0
CPD,D,20140314,000000,2.2,2.21,2.2,2.21,590,0
CPD,D,20140318,000000,2.2,2.4,2.2,2.4,3100,0
CPD,D,20140320,000000,2.4,2.4,2.4,2.4,2000,0
CPD,D,20140325,000000,2.4,2.4,2.4,2.4,1299,0
CPD,D,20140327,000000,2.5,2.5,2.5,2.5,200,0
CPD,D,20140328,000000,2.57,2.57,2.57,2.57,170,0
CPD,D,20140408,000000,2.56,2.7,2.56,2.7,2555,0
CPD,D,20140409,000000,2.6,2.6,2.6,2.6,4355,0
CPD,D,20140411,000000,2.8,2.8,2.8,2.8,4316,0
CPD,D,20140414,000000,2.9,2.92,2.9,2.92,458,0
CPD,D,20140415,000000,2.92,2.92,2.91,2.92,2065,0
CPD,D,20140416,000000,2.93,2.96,2.92,2.96,2912,0
CPD,D,20140417,000000,2.99,2.99,2.99,2.99,3148,0
CPD,D,20140423,000000,3.27,3.4,3.05,3.4,9930,0
CPD,D,20140424,000000,3.28,3.52,3,3.37,9550,0
CPD,D,20140425,000000,3.37,3.37,3.37,3.37,1008,0
CPD,D,20140428,000000,3.49,3.49,3.28,3.28,2300,0
CPD,D,20140429,000000,3.08,3.33,3.08,3.15,2184,0
CPD,D,20140430,000000,3.26,3.26,3.26,3.26,300,0
CPD,D,20140505,000000,3.05,3.05,3.05,3.05,520,0
CPD,D,20140508,000000,2.8,2.8,2.8,2.8,19,0
CPD,D,20140513,000000,2.8,2.8,2.8,2.8,1310,0
CPD,D,20140514,000000,3,3,3,3,100,0
CPD,D,20140519,000000,2.84,2.84,2.84,2.84,250,0
CPD,D,20140520,000000,2.8,2.93,2.8,2.93,230,0
CPD,D,20140523,000000,2.99,3,2.99,3,3633,0
CPD,D,20140527,000000,3,3,2.95,2.95,2399,0
CPD,D,20140529,000000,2.95,3,2.95,3,10800,0
CPD,D,20140602,000000,3,3.18,3,3.18,3000,0
CPD,D,20140603,000000,3.18,3.18,3,3,2600,0
CPD,D,20140604,000000,3.19,3.2,3.19,3.2,4700,0
CPD,D,20140605,000000,3.2,3.39,3.2,3.35,4268,0
CPD,D,20140606,000000,3.48,3.8,3.48,3.69,17086,0
CPD,D,20140609,000000,3.85,4.2,3.52,3.65,21512,0
CPD,D,20140610,000000,3.69,3.69,3.69,3.69,500,0
CPD,D,20140611,000000,3.6,3.6,3.6,3.6,576,0
CPD,D,20140612,000000,3.8,3.8,3.8,3.8,2000,0
CPD,D,20140613,000000,3.65,3.7,3.55,3.61,6621,0
CPD,D,20140616,000000,3.96,3.96,3.96,3.96,1500,0
CPD,D,20140617,000000,3.95,3.99,3.95,3.99,3729,0
CPD,D,20140618,000000,4.19,4.44,4.19,4.44,6101,0
CPD,D,20140620,000000,4.7,4.7,4.67,4.7,5874,0
CPD,D,20140623,000000,4.85,5.3,4.85,5.1,9986,0
CPD,D,20140624,000000,5.05,5.08,4.71,4.72,4888,0
CPD,D,20140625,000000,4.62,4.7,4.62,4.7,12417,0
CPD,D,20140626,000000,4.63,5.4,4.63,5.4,6738,0
CPD,D,20140627,000000,5.01,5.5,5.01,5.5,3937,0
CPD,D,20140630,000000,5.49,5.85,5.3,5.85,8508,0
CPD,D,20140701,000000,5.99,7.5,5.99,7.5,14006,0
CPD,D,20140702,000000,7.8,8.52,7.8,8.52,6687,0
CPD,D,20140704,000000,9.9,10,7.5,8,30068,0
CPD,D,20140707,000000,7.23,8.5,7.23,8,5766,0
CPD,D,20140708,000000,7.9,8.3,7.8,7.9,5542,0
CPD,D,20140709,000000,7.9,8.19,7.9,8.1,715,0
CPD,D,20140710,000000,8.3,8.6,8.1,8.45,1918,0
CPD,D,20140711,000000,8.45,8.9,8.45,8.6,8010,0
CPD,D,20140714,000000,8.55,8.6,8.55,8.6,5900,0
CPD,D,20140715,000000,8.6,8.6,8.6,8.6,1742,0
CPD,D,20140716,000000,7.75,8.6,7.75,8.6,1228,0
CPD,D,20140717,000000,8.5,8.5,8.45,8.5,140,0
CPD,D,20140718,000000,7.85,8.29,7.85,8.29,2358,0
CPD,D,20140721,000000,8.1,8.13,7.86,7.86,922,0
CPD,D,20140722,000000,7.85,8.19,7.46,8.15,1298,0
CPD,D,20140723,000000,8.1,8.14,8.1,8.14,155,0
CPD,D,20140724,000000,8.1,8.14,8,8.14,171,0
CPD,D,20140725,000000,8.14,8.14,8.14,8.14,26,0
CPD,D,20140728,000000,8.14,8.14,8.14,8.14,31,0
CPD,D,20140729,000000,8.14,8.14,8.14,8.14,289,0
CPD,D,20140730,000000,7.8,8,7.8,7.8,881,0
CPD,D,20140731,000000,7.3,7.67,7.3,7.67,480,0
CPD,D,20140801,000000,7.7,7.79,7.7,7.79,120,0
CPD,D,20140804,000000,7.8,7.8,7.8,7.8,141,0
CPD,D,20140806,000000,7.8,7.8,7.8,7.8,100,0
CPD,D,20140807,000000,7.51,7.51,7.5,7.5,1200,0
CPD,D,20140808,000000,7.5,7.5,6.5,7,2231,0
CPD,D,20140811,000000,6.8,6.9,6.32,6.37,2508,0
CPD,D,20140812,000000,6.53,6.7,6.21,6.61,764,0
CPD,D,20140813,000000,6.6,6.69,6.5,6.69,250,0
CPD,D,20140814,000000,6.89,6.89,6.7,6.7,309,0
CPD,D,20140818,000000,7,7,6.85,6.85,337,0
CPD,D,20140819,000000,6.42,6.7,6.42,6.7,1200,0
CPD,D,20140820,000000,6.69,6.69,6.69,6.69,100,0
CPD,D,20140821,000000,6.59,6.59,6.59,6.59,50,0
CPD,D,20140825,000000,6.2,6.5,6.2,6.5,150,0
CPD,D,20140826,000000,6.5,6.5,6.2,6.5,1510,0
CPD,D,20140829,000000,6.21,6.21,6.21,6.21,32,0
CPD,D,20140901,000000,6.2,6.2,6.2,6.2,113,0
CPD,D,20140903,000000,6.4,6.4,6.3,6.4,260,0
CPD,D,20140904,000000,6.4,6.4,6.4,6.4,50,0
CPD,D,20140905,000000,6.3,6.3,6.3,6.3,95,0
CPD,D,20140908,000000,5.85,6,5.85,6,599,0
CPD,D,20140909,000000,6.1,6.15,6.1,6.15,565,0
CPD,D,20140910,000000,6.15,6.4,6.15,6.4,35,0
CPD,D,20140912,000000,6.75,6.8,6.7,6.7,1975,0
CPD,D,20140915,000000,6.7,6.7,6.7,6.7,230,0
CPD,D,20140917,000000,6.7,7.37,6.7,7.36,1386,0
CPD,D,20140919,000000,7.33,7.49,7.01,7.48,107,0
CPD,D,20140922,000000,7.01,7.32,7.01,7.32,58,0
CPD,D,20140923,000000,7.49,7.49,7,7.3,1302,0
CPD,D,20140925,000000,7.49,7.49,7.49,7.49,1,0
CPD,D,20140926,000000,6.76,7.05,6.76,6.76,1099,0
CPD,D,20140929,000000,7.4,7.4,7,7,111,0
CPD,D,20140930,000000,7.45,7.45,7.02,7.02,21,0
CPD,D,20141001,000000,7.35,7.35,7.1,7.1,71,0
CPD,D,20141002,000000,6.76,7.1,6.76,7.1,928,0
CPD,D,20141003,000000,7.48,7.48,7.4,7.4,2841,0
CPD,D,20141006,000000,7.3,7.83,7.3,7.83,1346,0
CPD,D,20141007,000000,8,8,8,8,201,0
CPD,D,20141008,000000,8.3,8.3,7.51,7.99,246,0
CPD,D,20141009,000000,7.55,7.76,7.55,7.76,2,0
CPD,D,20141013,000000,7.87,7.87,7.87,7.87,18,0
CPD,D,20141016,000000,7.2,7.5,7.2,7.21,299,0
CPD,D,20141017,000000,7.39,7.39,7.39,7.39,39,0
CPD,D,20141020,000000,7.38,7.79,7.38,7.4,501,0
CPD,D,20141021,000000,6.81,7.39,6.81,7.39,160,0
CPD,D,20141022,000000,6.82,7.39,6.82,7.39,596,0
CPD,D,20141023,000000,7.55,7.55,7.55,7.55,1,0
CPD,D,20141028,000000,7,7.07,7,7,1034,0
CPD,D,20141104,000000,7.19,7.19,7.19,7.19,1,0
CPD,D,20141106,000000,6.5,6.59,6.3,6.55,5786,0
CPD,D,20141107,000000,6.8,6.8,5.4,5.4,1501,0
CPD,D,20141110,000000,5.4,5.64,5.4,5.49,344,0
CPD,D,20141112,000000,5.8,6.2,5.8,5.85,584,0
CPD,D,20141113,000000,5.86,6,5.86,6,310,0
CPD,D,20141114,000000,6,6.6,6,6.6,333,0
CPD,D,20141117,000000,6.9,6.9,6.9,6.9,500,0
CPD,D,20141119,000000,6.6,6.6,6.6,6.6,200,0
CPD,D,20141120,000000,6,6.6,6,6.6,13,0
CPD,D,20141125,000000,7,7,6,6.3,552,0
CPD,D,20141201,000000,6.08,6.08,5.75,6.08,119,0
CPD,D,20141202,000000,5.8,6.19,5.5,6.19,1320,0
CPD,D,20141205,000000,5.58,5.8,5.58,5.8,398,0
CPD,D,20141208,000000,6.28,6.28,6,6,50,0
CPD,D,20141215,000000,5.5,5.61,5.5,5.57,476,0
CPD,D,20141216,000000,5.9,6.23,5.9,6.23,2,0
CPD,D,20141218,000000,5.5,5.5,5.5,5.5,500,0
CPD,D,20141219,000000,5.5,6.21,5.5,6.19,224,0
CPD,D,20141230,000000,5.75,5.75,5.5,5.5,929,0
CPD,D,20150102,000000,5.89,6.38,5.5,5.5,1326,0
CPD,D,20150105,000000,6,6,6,6,19,0
CPD,D,20150107,000000,5.4,5.8,5.4,5.8,276,0
CPD,D,20150108,000000,5.6,5.6,5.6,5.6,100,0
CPD,D,20150112,000000,5.4,5.4,5.4,5.4,331,0
CPD,D,20150113,000000,5,5.5,5,5.5,76,0
CPD,D,20150114,000000,5.5,5.5,5.5,5.5,130,0
CPD,D,20150119,000000,5,5.2,4.81,4.81,217,0
CPD,D,20150120,000000,5.2,5.2,4.8,5.19,21,0
CPD,D,20150122,000000,4.8,4.8,4.62,4.75,850,0
CPD,D,20150123,000000,5,5,5,5,51,0
CPD,D,20150126,000000,5.29,5.29,5.29,5.29,1,0
CPD,D,20150129,000000,5.17,5.17,4.8,4.8,1440,0
CPD,D,20150130,000000,5.08,5.08,5.08,5.08,1,0
CPD,D,20150205,000000,4.98,5,4.98,5,398,0
CPD,D,20150206,000000,5.18,5.18,4.95,4.95,551,0
CPD,D,20150209,000000,4.55,4.55,4.1,4.28,10934,0
CPD,D,20150210,000000,4.28,4.42,4,4,3506,0
CPD,D,20150211,000000,4.19,4.19,4.19,4.19,19,0
CPD,D,20150213,000000,4.36,4.36,4.36,4.36,1,0
CPD,D,20150218,000000,3.97,3.97,3.97,3.97,283,0
CPD,D,20150219,000000,3.97,3.97,3.8,3.8,890,0
CPD,D,20150220,000000,4,4,4,4,20,0
CPD,D,20150223,000000,3.9,3.99,3.8,3.99,15,0
CPD,D,20150225,000000,3.61,3.61,3.5,3.55,1477,0
CPD,D,20150226,000000,3.89,3.89,3.88,3.88,472,0
CPD,D,20150227,000000,3.85,3.85,3.7,3.7,223,0
CPD,D,20150302,000000,3.86,3.86,3.86,3.86,10,0
CPD,D,20150303,000000,3.5,3.5,3.5,3.5,587,0
CPD,D,20150304,000000,3.7,3.7,3.5,3.5,1264,0
CPD,D,20150305,000000,3.53,3.74,3.53,3.74,739,0
CPD,D,20150306,000000,3.74,3.75,3.72,3.75,5819,0
CPD,D,20150309,000000,3.56,3.6,3.5,3.6,3008,0
CPD,D,20150310,000000,3.52,3.52,3.52,3.52,250,0
CPD,D,20150313,000000,3.87,3.87,3.87,3.87,100,0
CPD,D,20150317,000000,3.86,4.15,3.86,4.15,13957,0
CPD,D,20150318,000000,4.15,4.18,4.05,4.05,560,0
CPD,D,20150319,000000,3.72,4,3.72,4,579,0
CPD,D,20150320,000000,4,4.4,4,4.39,11838,0
CPD,D,20150323,000000,4.6,5,4.6,4.96,27873,0
CPD,D,20150324,000000,4.99,5,4.85,4.96,8121,0
CPD,D,20150325,000000,4.99,4.99,4.99,4.99,1200,0
CPD,D,20150327,000000,5,5,4.52,4.78,11377,0
CPD,D,20150330,000000,4.4,4.77,4.4,4.77,1475,0
CPD,D,20150402,000000,4.7,4.7,4.5,4.5,38101,0
CPD,D,20150407,000000,4.5,4.79,4.5,4.79,268,0
CPD,D,20150408,000000,4.5,4.5,4.5,4.5,1000,0
CPD,D,20150409,000000,4.55,4.55,4.55,4.55,200,0
CPD,D,20150413,000000,4.75,5.22,4.75,5.1,14116,0
CPD,D,20150414,000000,5.2,6.2,5.2,6.2,3413,0
CPD,D,20150415,000000,6.2,7.46,6.05,7.1,6212,0
CPD,D,20150416,000000,7.05,7.05,6.5,7,1341,0
CPD,D,20150417,000000,6.42,6.42,6.42,6.42,871,0
CPD,D,20150420,000000,6.26,6.31,6.26,6.31,400,0
CPD,D,20150421,000000,6.31,6.4,6.31,6.31,545,0
CPD,D,20150423,000000,6.25,6.25,6.25,6.25,105,0
CPD,D,20150424,000000,6.25,6.64,6.25,6.25,601,0
CPD,D,20150427,000000,6.3,6.3,6.3,6.3,532,0
CPD,D,20150428,000000,6.3,6.3,6.3,6.3,16,0
CPD,D,20150429,000000,6.61,6.61,6.6,6.6,1438,0
CPD,D,20150430,000000,6.55,6.55,6.3,6.3,662,0
CPD,D,20150506,000000,5.8,6.29,5.8,6.29,37,0
CPD,D,20150507,000000,6.2,6.4,6.2,6.4,4821,0
CPD,D,20150508,000000,6.55,6.55,6.55,6.55,720,0
CPD,D,20150512,000000,6.55,6.55,6.55,6.55,500,0
CPD,D,20150513,000000,6.6,6.98,6.6,6.75,726,0
CPD,D,20150515,000000,6.4,6.75,6.4,6.75,183,0
CPD,D,20150518,000000,6.7,6.7,6.4,6.4,1323,0
CPD,D,20150519,000000,6.46,6.46,6.46,6.46,200,0
CPD,D,20150520,000000,6.46,6.46,6.46,6.46,847,0
CPD,D,20150525,000000,6.46,6.7,6.3,6.7,608,0
CPD,D,20150526,000000,6.36,6.36,6.36,6.36,2000,0
CPD,D,20150528,000000,5.9,6.38,5.9,6.38,1155,0
CPD,D,20150601,000000,5.75,5.75,5.18,5.18,4425,0
CPD,D,20150602,000000,5.22,5.5,5.22,5.5,2836,0
CPD,D,20150605,000000,5.78,5.78,5.78,5.78,1,0
CPD,D,20150622,000000,5.2,5.2,5.2,5.2,10,0
CPD,D,20150623,000000,5.7,5.7,5.7,5.7,100,0
CPD,D,20150624,000000,5.2,5.2,5.2,5.2,200,0
CPD,D,20150625,000000,5.2,5.2,5.2,5.2,250,0
CPD,D,20150703,000000,4.68,4.8,4.5,4.8,22801,0
CPD,D,20150706,000000,5.2,5.2,5.2,5.2,1,0
CPD,D,20150708,000000,4.8,4.8,4.6,4.6,1774,0
CPD,D,20150709,000000,4.6,4.6,4.6,4.6,10,0
CPD,D,20150710,000000,4.2,4.39,3.99,4.39,1375,0
CPD,D,20150713,000000,4.39,4.39,3.8,4.1,6670,0
CPD,D,20150714,000000,4.29,4.29,4.29,4.29,10,0
CPD,D,20150715,000000,3.85,3.9,3.85,3.9,1250,0
CPD,D,20150716,000000,4,4.01,4,4.01,6754,0
CPD,D,20150717,000000,3.88,4,3.88,4,119,0
CPD,D,20150720,000000,4.06,4.06,4.06,4.06,300,0
CPD,D,20150723,000000,4.05,4.38,4.05,4.38,332,0
CPD,D,20150724,000000,4.13,4.13,4.13,4.13,419,0
CPD,D,20150729,000000,4.18,4.18,4.18,4.18,300,0
CPD,D,20150730,000000,4.37,4.8,4.18,4.8,41173,0
CPD,D,20150731,000000,5.2,5.2,4.77,4.77,1202,0
CPD,D,20150803,000000,4.78,4.9,4.78,4.9,208,0
CPD,D,20150807,000000,5.3,5.3,5.3,5.3,1104,0
CPD,D,20150810,000000,4.87,4.9,4.87,4.9,430,0
CPD,D,20150817,000000,5.21,5.21,5.21,5.21,1,0
CPD,D,20150818,000000,5.29,5.29,5.29,5.29,384,0
CPD,D,20150824,000000,5.13,5.13,4.66,4.68,7169,0
CPD,D,20150825,000000,4.68,5.13,4.68,5.13,1319,0
CPD,D,20150826,000000,5.13,5.13,5.13,5.13,400,0
CPD,D,20150827,000000,5.28,5.5,5.28,5.5,3001,0
CPD,D,20150828,000000,4.9,5.13,4.9,5.12,1674,0
CPD,D,20150831,000000,5.45,5.45,5.45,5.45,18,0
CPD,D,20150902,000000,5.5,5.5,5.5,5.5,18,0
CPD,D,20150908,000000,5.8,5.8,5.8,5.8,1,0
CPD,D,20150909,000000,5.75,5.75,5.75,5.75,209,0
CPD,D,20150915,000000,5.4,5.4,5.3,5.3,1700,0
CPD,D,20150917,000000,5.12,5.12,5.12,5.12,236,0
CPD,D,20150923,000000,4.8,4.8,4.8,4.8,1500,0
CPD,D,20151001,000000,4.62,4.62,4.62,4.62,175,0
CPD,D,20151006,000000,4.5,4.75,4.3,4.75,2083,0
CPD,D,20151007,000000,4.8,4.8,4.8,4.8,100,0
CPD,D,20151014,000000,4.72,4.74,4.72,4.74,640,0
CPD,D,20151019,000000,4.95,4.95,4.95,4.95,1,0
CPD,D,20151022,000000,4.72,4.72,4.72,4.72,650,0
CPD,D,20151028,000000,4.8,4.8,4.57,4.57,208,0
CPD,D,20151116,000000,4.59,4.59,4.59,4.59,700,0
CPD,D,20151117,000000,4.57,4.6,4.57,4.6,235,0
CPD,D,20151124,000000,4.68,4.68,4.4,4.4,865,0
CPD,D,20151125,000000,4.2,4.2,4.2,4.2,500,0
CPD,D,20151126,000000,4.68,4.68,4.68,4.68,20,0
CPD,D,20151127,000000,4.68,4.68,4.68,4.68,100,0
CPD,D,20151130,000000,4.68,4.75,4.68,4.75,1870,0
CPD,D,20151201,000000,4.8,4.8,4.8,4.8,2181,0
CPD,D,20151202,000000,5.18,5.18,4.82,4.82,700,0
CPD,D,20151203,000000,4.99,4.99,4.99,4.99,48,0
CPD,D,20151207,000000,4.94,4.95,4.94,4.95,987,0
CPD,D,20151209,000000,4.96,4.96,4.96,4.96,540,0
CPD,D,20151210,000000,4.96,5,4.96,5,1006,0
CPD,D,20151211,000000,5.15,5.15,4.8,4.8,200,0
CPD,D,20151214,000000,4.61,4.61,4.61,4.61,35,0
CPD,D,20151215,000000,4.62,4.62,4.61,4.61,641,0
CPD,D,20151216,000000,4.61,4.79,4.57,4.57,926,0
CPD,D,20151222,000000,5,5,4.65,4.65,6,0
CPD,D,20151228,000000,5,5,4.71,4.8,3051,0
CPD,D,20160104,000000,4.44,4.56,4.44,4.53,960,0
CPD,D,20160114,000000,4.5,4.5,4.5,4.5,100,0
CPD,D,20160118,000000,4.5,4.55,4.45,4.45,1885,0
CPD,D,20160119,000000,4.45,4.45,4.45,4.45,600,0
CPD,D,20160125,000000,4.41,4.41,4.41,4.41,1800,0
CPD,D,20160202,000000,4.5,4.5,4.5,4.5,74,0
CPD,D,20160209,000000,4.42,4.86,4.41,4.41,4110,0
CPD,D,20160210,000000,4.63,4.63,4.63,4.63,5,0
CPD,D,20160211,000000,4.86,4.86,4.86,4.86,2,0
CPD,D,20160212,000000,5,5,5,5,1415,0
CPD,D,20160215,000000,4.75,4.88,4.73,4.73,1395,0
CPD,D,20160218,000000,4.73,4.95,4.73,4.95,3665,0
CPD,D,20160219,000000,4.95,4.95,4.95,4.95,100,0
CPD,D,20160224,000000,4.77,4.77,4.77,4.77,100,0
CPD,D,20160226,000000,4.82,4.84,4.7,4.7,392,0
CPD,D,20160229,000000,4.81,4.81,4.8,4.8,666,0
CPD,D,20160304,000000,4.8,4.8,4.8,4.8,280,0
CPD,D,20160309,000000,4.7,4.7,4.7,4.7,1000,0
CPD,D,20160314,000000,4.83,4.83,4.83,4.83,50,0
CPD,D,20160315,000000,4.83,4.83,4.83,4.83,10,0
CPD,D,20160316,000000,4.6,4.6,4.6,4.6,3,0
CPD,D,20160317,000000,4.45,4.45,4.45,4.45,2,0
CPD,D,20160318,000000,4.47,4.9,4.47,4.9,2210,0
CPD,D,20160321,000000,4.93,5.5,4.93,5.5,1965,0
CPD,D,20160322,000000,5.45,5.49,5,5.09,2910,0
CPD,D,20160323,000000,5.01,5.1,5.01,5.1,397,0
CPD,D,20160329,000000,5.09,5.09,5.09,5.09,100,0
CPD,D,20160330,000000,5.09,5.59,5.09,5.59,1701,0
CPD,D,20160331,000000,5.57,6.12,5.57,6.12,1932,0
CPD,D,20160401,000000,6.25,6.63,6,6.44,2189,0
CPD,D,20160404,000000,5.99,6.55,5.61,6.36,1878,0
CPD,D,20160405,000000,6.39,6.39,6.39,6.39,50,0
CPD,D,20160406,000000,6,6,5.7,5.84,3950,0
CPD,D,20160407,000000,5.7,5.7,5.48,5.53,1768,0
CPD,D,20160408,000000,5.5,5.5,5.35,5.35,565,0
CPD,D,20160411,000000,5.3,5.3,5.3,5.3,6,0
CPD,D,20160412,000000,5.3,5.3,5.17,5.17,1001,0
CPD,D,20160413,000000,5.1,5.56,5.1,5.56,3002,0
CPD,D,20160414,000000,5.65,5.8,5.11,5.11,20039,0
CPD,D,20160415,000000,5.21,5.35,5.21,5.35,857,0
CPD,D,20160420,000000,5.33,5.9,5.31,5.89,5194,0
CPD,D,20160421,000000,6,6.5,5.8,5.9,3427,0
CPD,D,20160422,000000,6.45,6.45,5.5,5.61,3261,0
CPD,D,20160425,000000,5.45,5.45,5.33,5.33,1434,0
CPD,D,20160426,000000,5.31,5.33,5.31,5.33,164,0
CPD,D,20160427,000000,5.35,5.55,5.35,5.42,9177,0
CPD,D,20160428,000000,5.49,5.49,5.4,5.4,876,0
CPD,D,20160429,000000,5.5,5.98,5.48,5.98,1667,0
CPD,D,20160502,000000,5.66,5.66,5.4,5.41,6351,0
CPD,D,20160504,000000,5.4,5.4,5.33,5.33,3111,0
CPD,D,20160506,000000,5.33,5.33,5.25,5.25,2000,0
CPD,D,20160509,000000,5.4,5.4,5.4,5.4,1950,0
CPD,D,20160510,000000,5.33,5.33,5.33,5.33,11870,0
CPD,D,20160511,000000,5.35,5.5,5.35,5.5,7418,0
CPD,D,20160512,000000,5.37,5.5,5.37,5.5,4603,0
CPD,D,20160513,000000,5.31,5.31,5.31,5.31,4225,0
CPD,D,20160516,000000,5.3,5.3,5.3,5.3,5000,0
CPD,D,20160517,000000,5.3,5.3,5.3,5.3,1000,0
CPD,D,20160518,000000,5.3,5.3,5.3,5.3,3000,0
CPD,D,20160519,000000,5.3,5.3,5.29,5.29,2774,0
CPD,D,20160520,000000,5.15,5.28,5.15,5.28,1140,0
CPD,D,20160524,000000,5.11,5.2,5.11,5.2,1200,0
CPD,D,20160525,000000,5.1,5.19,5.1,5.19,70,0
CPD,D,20160527,000000,5.19,5.19,4.69,4.69,630,0
CPD,D,20160530,000000,4.7,4.7,4.7,4.7,2,0
CPD,D,20160531,000000,4.23,4.41,3.82,4.41,214,0
CPD,D,20160601,000000,4.45,4.46,4.45,4.46,726,0
CPD,D,20160602,000000,4.69,4.89,4.69,4.86,3172,0
CPD,D,20160603,000000,4.56,4.69,4.56,4.69,6090,0
CPD,D,20160606,000000,4.62,5.08,4.58,4.58,13832,0
CPD,D,20160607,000000,4.6,4.6,4.45,4.45,1068,0
CPD,D,20160608,000000,4.55,4.55,4.55,4.55,600,0
CPD,D,20160610,000000,4.44,4.6,4.44,4.6,309,0
CPD,D,20160616,000000,4.62,4.62,4.5,4.5,333,0
CPD,D,20160617,000000,4.62,4.62,4.62,4.62,598,0
CPD,D,20160621,000000,4.5,4.5,4.5,4.5,2018,0
CPD,D,20160622,000000,4.5,4.5,4.5,4.5,550,0
CPD,D,20160623,000000,4.5,4.5,4.5,4.5,55,0
CPD,D,20160627,000000,4.3,4.3,4.3,4.3,5,0
CPD,D,20160630,000000,4.5,4.5,4.5,4.5,10,0
CPD,D,20160701,000000,4.4,4.5,4.4,4.5,1212,0
CPD,D,20160705,000000,4.4,4.84,4.4,4.84,17587,0
CPD,D,20160706,000000,4.51,4.6,4.5,4.6,24649,0
CPD,D,20160707,000000,4.6,4.6,4.6,4.6,3000,0
CPD,D,20160711,000000,4.5,4.7,4.5,4.7,21308,0
CPD,D,20160712,000000,4.5,4.65,4.5,4.57,16815,0
CPD,D,20160713,000000,4.61,4.72,4.56,4.56,8001,0
CPD,D,20160718,000000,4.6,4.6,4.6,4.6,590,0
CPD,D,20160722,000000,4.61,4.61,4.61,4.61,590,0
CPD,D,20160725,000000,4.55,4.55,4.55,4.55,1649,0
CPD,D,20160727,000000,4.4,4.4,4.4,4.4,1000,0
CPD,D,20160728,000000,4.4,4.4,4,4,3605,0
CPD,D,20160729,000000,4.39,4.39,4.39,4.39,600,0
CPD,D,20160801,000000,4,4.14,4,4.14,1380,0
CPD,D,20160802,000000,4.14,4.14,4.14,4.14,1630,0
CPD,D,20160803,000000,3.98,4.31,3.98,4.31,3666,0
CPD,D,20160804,000000,4.31,4.4,4.2,4.2,16777,0
CPD,D,20160805,000000,4.2,4.2,4.11,4.11,1595,0
CPD,D,20160808,000000,4.14,4.14,4.12,4.12,550,0
CPD,D,20160809,000000,4.01,4.3,3.98,4.3,7602,0
CPD,D,20160811,000000,4.31,4.4,4.31,4.4,597,0
CPD,D,20160812,000000,4.4,4.4,4.4,4.4,250,0
CPD,D,20160816,000000,4.25,4.25,4.25,4.25,1050,0
CPD,D,20160822,000000,4.3,4.3,4.3,4.3,200,0
CPD,D,20160826,000000,4.21,4.21,4.21,4.21,1300,0
CPD,D,20160829,000000,4.2,4.2,4.2,4.2,570,0
CPD,D,20160908,000000,4.05,4.05,4.05,4.05,250,0
CPD,D,20160914,000000,4.2,4.2,4.2,4.2,2,0
CPD,D,20160915,000000,4,4,4,4,1880,0
CPD,D,20160919,000000,4,4,4,4,1980,0
CPD,D,20160920,000000,3.91,3.91,3.91,3.91,251,0
CPD,D,20160921,000000,4.05,4.05,4,4,840,0
CPD,D,20160928,000000,3.91,3.91,3.91,3.91,259,0
CPD,D,20160930,000000,3.87,3.87,3.87,3.87,500,0
CPD,D,20161003,000000,3.89,3.89,3.83,3.83,250,0
CPD,D,20161004,000000,3.83,3.83,3.83,3.83,990,0
CPD,D,20161007,000000,3.81,3.81,3.81,3.81,275,0
CPD,D,20161010,000000,3.77,3.77,3.77,3.77,2650,0
CPD,D,20161012,000000,3.85,3.85,3.85,3.85,221,0
CPD,D,20161021,000000,3.76,3.76,3.65,3.65,915,0
CPD,D,20161025,000000,3.5,3.5,3.5,3.5,300,0
CPD,D,20161026,000000,3.41,3.41,3.41,3.41,500,0
CPD,D,20161027,000000,3.49,3.49,3.49,3.49,500,0
CPD,D,20161031,000000,3.31,3.4,3.31,3.4,1150,0
CPD,D,20161110,000000,3.65,3.65,3.65,3.65,3000,0
CPD,D,20161114,000000,3.65,3.65,3.65,3.65,500,0
CPD,D,20161122,000000,3.65,3.65,3.65,3.65,331,0
CPD,D,20161123,000000,3.9,3.9,3.9,3.9,201,0
CPD,D,20161125,000000,3.86,3.86,3.65,3.65,30365,0
CPD,D,20161129,000000,3.65,3.65,3.5,3.5,58157,0
CPD,D,20161202,000000,3.55,3.65,3.54,3.65,3046,0
CPD,D,20161206,000000,3.75,3.75,3.74,3.75,101,0
CPD,D,20161207,000000,3.7,3.75,3.7,3.75,439,0
CPD,D,20161209,000000,3.75,3.75,3.75,3.75,500,0
CPD,D,20161213,000000,3.84,3.84,3.84,3.84,12,0
CPD,D,20161214,000000,3.82,3.82,3.74,3.8,3110,0
CPD,D,20161215,000000,3.88,3.88,3.88,3.88,2370,0
CPD,D,20161216,000000,3.88,4.25,3.88,4.24,4263,0
CPD,D,20161219,000000,4.24,4.44,4.24,4.44,3123,0
CPD,D,20161220,000000,4.21,4.21,4.21,4.21,701,0
CPD,D,20161221,000000,4.2,4.2,4.2,4.2,2000,0
CPD,D,20161222,000000,4.3,4.3,4.3,4.3,3361,0
CPD,D,20161223,000000,4.06,4.3,4.06,4.3,1011,0
CPD,D,20161227,000000,4.1,4.1,4.1,4.1,1,0
CPD,D,20161228,000000,4,4.14,3.95,4.14,337,0
CPD,D,20161229,000000,4.3,4.44,4.3,4.44,227,0
CPD,D,20161230,000000,4.45,4.55,4.14,4.14,2184,0
CPD,D,20170102,000000,3.91,3.91,3.91,3.91,1,0
CPD,D,20170103,000000,3.93,3.93,3.93,3.93,9,0
CPD,D,20170109,000000,3.92,4.7,3.92,4.69,2591,0
CPD,D,20170110,000000,4.68,4.68,4.56,4.56,677,0
CPD,D,20170111,000000,4.2,4.2,3.92,3.92,2091,0
CPD,D,20170112,000000,3.93,4.1,3.93,3.97,1093,0
CPD,D,20170113,000000,4.12,4.53,4.12,4.53,6586,0
CPD,D,20170116,000000,4.4,4.41,4.06,4.25,4765,0
CPD,D,20170117,000000,4.3,4.67,4.3,4.67,6874,0
CPD,D,20170118,000000,4.41,4.67,4.41,4.5,967,0
CPD,D,20170119,000000,4.47,4.6,4.47,4.6,647,0
CPD,D,20170120,000000,4.68,5.45,4.68,5.45,15853,0
CPD,D,20170123,000000,5.31,5.7,5.19,5.21,7021,0
CPD,D,20170124,000000,5.21,5.67,5.02,5.65,2101,0
CPD,D,20170125,000000,5.64,5.8,5.26,5.63,1765,0
CPD,D,20170126,000000,5.8,5.9,5.42,5.8,3124,0
CPD,D,20170127,000000,5.79,5.85,5.76,5.79,2361,0
CPD,D,20170130,000000,5.8,5.8,5.55,5.67,3402,0
CPD,D,20170131,000000,5.72,5.72,5.25,5.5,3106,0
CPD,D,20170201,000000,5.7,5.7,5.25,5.3,2209,0
CPD,D,20170202,000000,5.47,5.47,5.01,5.01,241,0
CPD,D,20170203,000000,5.45,5.45,5.44,5.45,1048,0
CPD,D,20170206,000000,5.45,5.45,5.15,5.41,1329,0
CPD,D,20170207,000000,5.01,5.01,4.61,4.63,5498,0
CPD,D,20170208,000000,4.98,5.42,4.7,5.42,34667,0
CPD,D,20170209,000000,5.15,5.44,5,5.1,23681,0
CPD,D,20170210,000000,5.12,5.14,4.91,5.1,9841,0
CPD,D,20170213,000000,4.97,4.97,4.97,4.97,10500,0
CPD,D,20170214,000000,4.9,4.91,4.76,4.76,18246,0
CPD,D,20170215,000000,4.76,5,4.76,4.87,18584,0
CPD,D,20170216,000000,4.91,5.08,4.91,5.08,1000,0
CPD,D,20170217,000000,5.08,5.08,5.08,5.08,50,0
CPD,D,20170221,000000,5.08,5.08,5.08,5.08,100,0
CPD,D,20170222,000000,4.7,5.35,4.7,5.35,52502,0
CPD,D,20170223,000000,5.34,5.7,5.3,5.7,5593,0
CPD,D,20170224,000000,5.9,6.24,5.8,6.08,4340,0
CPD,D,20170227,000000,6,6.1,5.98,5.98,312,0
CPD,D,20170228,000000,5.99,5.99,5.6,5.8,2662,0
CPD,D,20170301,000000,5.5,5.55,5.35,5.55,2670,0
CPD,D,20170303,000000,5.4,5.4,5.4,5.4,2500,0
CPD,D,20170306,000000,5.46,5.99,5.46,5.56,1911,0
CPD,D,20170307,000000,5.67,5.67,5.4,5.67,397,0
CPD,D,20170308,000000,5.68,5.68,5.67,5.67,251,0
CPD,D,20170309,000000,5.4,5.4,5.4,5.4,1015,0
CPD,D,20170310,000000,5.35,5.35,5.35,5.35,6,0
CPD,D,20170313,000000,5.16,5.16,5.16,5.16,200,0
CPD,D,20170315,000000,5.21,5.45,5.21,5.45,155,0
CPD,D,20170317,000000,5.46,5.46,5.46,5.46,590,0
CPD,D,20170321,000000,5.5,5.6,5.5,5.5,2080,0
CPD,D,20170322,000000,5.5,5.5,5.5,5.5,1619,0
CPD,D,20170323,000000,5.59,5.81,5.59,5.6,37301,0
CPD,D,20170324,000000,5.75,5.75,5.6,5.6,6912,0
CPD,D,20170327,000000,5.78,5.78,5.78,5.78,50,0
CPD,D,20170328,000000,5.55,5.55,5.55,5.55,3356,0
CPD,D,20170329,000000,5.78,5.78,5.78,5.78,50,0
CPD,D,20170330,000000,5.79,5.79,5.79,5.79,690,0
CPD,D,20170331,000000,5.6,5.6,5.6,5.6,4378,0
CPD,D,20170403,000000,5.75,5.75,5.75,5.75,50,0
CPD,D,20170404,000000,5.88,5.88,5.8,5.8,1550,0
CPD,D,20170405,000000,5.85,6.42,5.85,6.42,5067,0
CPD,D,20170406,000000,6.35,6.37,6.02,6.37,742,0
CPD,D,20170410,000000,6.35,6.35,5.85,5.9,1443,0
CPD,D,20170411,000000,6.18,6.18,6,6,979,0
CPD,D,20170412,000000,6.19,6.19,5.9,5.9,140,0
CPD,D,20170413,000000,5.95,5.95,5.95,5.95,1121,0
CPD,D,20170418,000000,6.05,6.05,6.05,6.05,10,0
CPD,D,20170419,000000,6.05,6.05,6.05,6.05,100,0
CPD,D,20170420,000000,6.05,6.14,6.05,6.14,244,0
CPD,D,20170421,000000,5.85,6,5.5,5.8,5140,0
CPD,D,20170424,000000,5.5,5.5,5.5,5.5,306,0
CPD,D,20170425,000000,5.41,5.65,5.4,5.65,722,0
CPD,D,20170426,000000,5.41,5.5,5.15,5.5,3120,0
CPD,D,20170427,000000,5.3,5.55,5,5.55,1363,0
CPD,D,20170502,000000,5.46,6,5.46,6,38,0
CPD,D,20170504,000000,5.89,5.89,5.31,5.5,1652,0
CPD,D,20170508,000000,5.58,5.58,5.58,5.58,102,0
CPD,D,20170509,000000,5.04,5.4,4.92,5.4,53,0
CPD,D,20170510,000000,5.45,5.9,5.45,5.9,27598,0
CPD,D,20170511,000000,5.9,6.09,5.83,6.09,4656,0
CPD,D,20170512,000000,6,6,6,6,201,0
CPD,D,20170515,000000,5.9,6.14,5.9,6.06,9598,0
CPD,D,20170516,000000,6.25,6.25,6,6,870,0
CPD,D,20170517,000000,6.05,6.05,6.05,6.05,200,0
CPD,D,20170522,000000,6.18,6.18,6.18,6.18,10,0
CPD,D,20170523,000000,5.85,5.85,5.85,5.85,85,0
CPD,D,20170525,000000,5.85,5.85,5.5,5.5,3480,0
CPD,D,20170526,000000,5.52,5.52,5.2,5.2,4950,0
CPD,D,20170530,000000,5.2,5.3,5.2,5.3,35292,0
CPD,D,20170531,000000,5.5,5.5,5.5,5.5,1500,0
CPD,D,20170602,000000,5.31,5.72,5.15,5.72,14625,0
CPD,D,20170608,000000,5.62,5.62,5.6,5.6,24100,0
CPD,D,20170609,000000,5.6,5.6,5.6,5.6,21738,0
CPD,D,20170614,000000,5.64,5.64,5.64,5.64,6150,0
CPD,D,20170622,000000,5.83,5.83,5.83,5.83,1575,0
CPD,D,20170623,000000,5.91,5.91,5.91,5.91,1000,0
CPD,D,20170626,000000,6.08,6.08,6.08,6.08,70,0
CPD,D,20170627,000000,6.1,6.1,6.1,6.1,16,0
CPD,D,20170628,000000,6.08,6.08,6.08,6.08,20,0
CPD,D,20170629,000000,6.08,6.15,5.9,6.15,2002,0
CPD,D,20170630,000000,6.18,6.18,6,6.18,898,0
CPD,D,20170703,000000,6.18,6.18,5.9,5.9,14572,0
CPD,D,20170705,000000,5.9,5.9,5.9,5.9,13686,0
CPD,D,20170706,000000,6.02,6.02,6.02,6.02,13,0
CPD,D,20170707,000000,6.02,6.02,6.02,6.02,16,0
CPD,D,20170711,000000,5.9,5.9,5.9,5.9,3900,0
CPD,D,20170713,000000,5.9,5.9,5.9,5.9,40,0
CPD,D,20170717,000000,5.8,5.8,5.8,5.8,1100,0
CPD,D,20170720,000000,6.02,6.02,6.02,6.02,18,0
CPD,D,20170721,000000,5.82,5.82,5.6,5.6,3000,0
CPD,D,20170728,000000,5.57,5.57,5.57,5.57,204,0
CPD,D,20170731,000000,5.57,5.88,5.57,5.88,3100,0
CPD,D,20170801,000000,5.88,6.4,5.88,6.4,2750,0
CPD,D,20170808,000000,6,6,6,6,1500,0
CPD,D,20170809,000000,6,6,6,6,2075,0
CPD,D,20170811,000000,5.94,6.12,5.94,5.94,9632,0
CPD,D,20170816,000000,6,6,6,6,11400,0
CPD,D,20170818,000000,6,6,6,6,4202,0
CPD,D,20170821,000000,6.13,6.13,6.13,6.13,500,0
CPD,D,20170822,000000,6.24,6.24,6.24,6.24,1566,0
CPD,D,20170823,000000,6,6,6,6,4200,0
CPD,D,20170830,000000,6.08,6.08,6.08,6.08,10,0
CPD,D,20170831,000000,6.08,6.08,6.08,6.08,100,0
CPD,D,20170901,000000,6.18,6.18,5.95,5.95,2144,0
CPD,D,20170913,000000,5.7,5.7,5.7,5.7,330,0
CPD,D,20170914,000000,5.6,5.6,5.6,5.6,21,0
CPD,D,20170915,000000,5.77,5.82,5.77,5.82,1718,0
CPD,D,20170918,000000,5.82,5.98,5.82,5.98,3000,0
CPD,D,20170920,000000,6.15,7,6.15,7,7615,0
CPD,D,20170921,000000,7.45,9,7.45,8.5,28624,0
CPD,D,20170922,000000,8.5,8.5,8.01,8.01,3447,0
CPD,D,20170925,000000,7.99,8.19,7.8,7.9,2893,0
CPD,D,20170926,000000,8.05,8.84,7.7,8.4,7582,0
CPD,D,20170927,000000,8.65,8.65,8.55,8.55,2369,0
CPD,D,20170928,000000,8.58,8.58,8.5,8.5,659,0
CPD,D,20170929,000000,7.9,8.1,7.6,7.88,34177,0
CPD,D,20171002,000000,7.95,7.95,7.5,7.5,9208,0
CPD,D,20171003,000000,7.7,8.55,7.7,8.5,2986,0
CPD,D,20171004,000000,8.5,8.5,8.01,8.01,1764,0
CPD,D,20171005,000000,8.19,8.19,8,8.19,1080,0
CPD,D,20171006,000000,8,8.19,8,8.19,1890,0
CPD,D,20171009,000000,8.19,8.2,8,8.1,2708,0
CPD,D,20171010,000000,7.9,8.05,7.9,8.05,1012,0
CPD,D,20171011,000000,8,8.8,8,8.8,2251,0
CPD,D,20171012,000000,8.69,8.7,8.3,8.5,939,0
CPD,D,20171013,000000,8.25,8.49,8.2,8.49,449,0
CPD,D,20171017,000000,8.29,8.29,8.29,8.29,100,0
CPD,D,20171018,000000,8.05,8.05,8.05,8.05,150,0
CPD,D,20171019,000000,8.27,8.27,8.27,8.27,40,0
CPD,D,20171023,000000,8.05,8.05,8.05,8.05,45,0
CPD,D,20171024,000000,8.44,8.44,8.44,8.44,10,0
CPD,D,20171025,000000,8.44,8.44,8.44,8.44,125,0
CPD,D,20171027,000000,8.05,8.05,8.05,8.05,1945,0
CPD,D,20171030,000000,8.02,8.05,8,8.05,1919,0
CPD,D,20171031,000000,8,8.04,8,8.04,3207,0
CPD,D,20171102,000000,8,8,8,8,870,0
CPD,D,20171103,000000,8,8.02,8,8,11000,0
CPD,D,20171107,000000,7.8,8.01,7.8,8.01,5800,0
CPD,D,20171108,000000,8.01,8.01,7.8,8,2518,0
CPD,D,20171109,000000,8.02,8.02,8,8,5041,0
CPD,D,20171110,000000,7.9,8,7.75,8,3751,0
CPD,D,20171115,000000,7.65,7.97,7.65,7.97,51,0
CPD,D,20171116,000000,7.6,7.6,7.6,7.6,1000,0
CPD,D,20171120,000000,7.34,7.4,7,7.4,1261,0
CPD,D,20171121,000000,7.1,7.1,7.1,7.1,1000,0
CPD,D,20171122,000000,7.14,7.14,7.14,7.14,140,0
CPD,D,20171123,000000,6.65,6.65,6.65,6.65,1151,0
CPD,D,20171124,000000,6.22,6.75,6.22,6.75,94,0
CPD,D,20171127,000000,6.97,6.97,6.45,6.69,612,0
CPD,D,20171201,000000,6.69,6.69,6.69,6.69,10,0
CPD,D,20171204,000000,6.2,6.2,5.6,6.2,1599,0
CPD,D,20171205,000000,6.3,6.3,6,6,40661,0
CPD,D,20171207,000000,5.8,6,5.8,5.8,20585,0
CPD,D,20171208,000000,5.42,6.4,5.42,6.4,1769,0
CPD,D,20171211,000000,6.34,6.34,6,6,6552,0
CPD,D,20171214,000000,6,6,6,6,20000,0
CPD,D,20171218,000000,6.13,6.14,6,6.14,525,0
CPD,D,20171219,000000,6.05,6.05,6.05,6.05,100,0
CPD,D,20171220,000000,6.05,6.05,5.7,6,10265,0
CPD,D,20171221,000000,5.7,6.01,5.7,6,11333,0
CPD,D,20171222,000000,6.08,6.1,6,6,5000,0
CPD,D,20171227,000000,6.2,6.82,6.2,6.8,420,0
CPD,D,20171228,000000,6.42,6.42,6.01,6.31,2322,0
CPD,D,20171229,000000,6.03,6.48,6.03,6.47,7584,0
CPD,D,20180103,000000,6.45,6.45,6.45,6.45,200,0
CPD,D,20180108,000000,6.4,6.45,6.2,6.2,1200,0
CPD,D,20180109,000000,6.5,6.5,6.5,6.5,10,0
CPD,D,20180111,000000,6.2,6.2,6.2,6.2,884,0
CPD,D,20180112,000000,6.15,6.4,6.15,6.4,1302,0
CPD,D,20180115,000000,6.5,6.5,6.5,6.5,123,0
CPD,D,20180117,000000,6.5,6.5,6.5,6.5,100,0
CPD,D,20180118,000000,6.1,6.7,6.1,6.7,2305,0
CPD,D,20180119,000000,6.65,6.65,6.45,6.45,44538,0
CPD,D,20180122,000000,6.5,6.55,6.5,6.55,231,0
CPD,D,20180124,000000,6.3,6.3,6,6.1,5174,0
CPD,D,20180125,000000,6.1,6.2,6.1,6.2,1020,0
CPD,D,20180126,000000,6.1,6.2,6.1,6.2,2242,0
CPD,D,20180131,000000,6.25,6.25,6.2,6.2,1010,0
CPD,D,20180201,000000,6.2,6.2,6.2,6.2,500,0
CPD,D,20180202,000000,6.35,6.35,6.35,6.35,15,0
CPD,D,20180205,000000,6.3,6.3,6.1,6.1,529,0
CPD,D,20180206,000000,6.3,6.3,6.05,6.1,1510,0
CPD,D,20180207,000000,6.3,6.9,6.3,6.5,2014,0
CPD,D,20180208,000000,6.5,6.5,6.5,6.5,87,0
CPD,D,20180209,000000,6.4,6.4,6.25,6.25,1407,0
CPD,D,20180212,000000,6.5,6.65,6.4,6.4,1100,0
CPD,D,20180213,000000,6.4,6.4,6.4,6.4,2420,0
CPD,D,20180214,000000,6.4,6.4,6.2,6.2,3330,0
CPD,D,20180215,000000,6.2,7,6.2,7,5946,0
CPD,D,20180216,000000,7.7,7.7,7.4,7.5,2700,0
CPD,D,20180219,000000,7.45,7.5,7.1,7.2,1196,0
CPD,D,20180220,000000,7.25,7.5,7.1,7.5,1546,0
CPD,D,20180221,000000,7.3,7.4,7,7.05,1718,0
CPD,D,20180222,000000,7.2,7.45,7.2,7.45,930,0
CPD,D,20180223,000000,7.85,7.85,7.4,7.4,1020,0
CPD,D,20180226,000000,7.15,7.2,7.15,7.2,2000,0
CPD,D,20180228,000000,7.05,7.2,7,7.2,2450,0
CPD,D,20180301,000000,7.05,7.2,7.05,7.2,4680,0
CPD,D,20180302,000000,7.1,7.1,7.1,7.1,1000,0
CPD,D,20180305,000000,7.1,7.1,7,7,3387,0
CPD,D,20180307,000000,7,7,7,7,100,0
CPD,D,20180308,000000,7,7,7,7,20100,0
CPD,D,20180315,000000,7.1,7.1,7.1,7.1,150,0
CPD,D,20180316,000000,7.1,7.1,7.1,7.1,810,0
CPD,D,20180319,000000,7,7,7,7,2300,0
CPD,D,20180322,000000,7.15,7.45,7,7.4,3880,0
CPD,D,20180323,000000,7.3,7.3,7.3,7.3,164,0
CPD,D,20180326,000000,7.1,7.4,7.1,7.4,970,0
CPD,D,20180327,000000,7.4,7.4,7.4,7.4,200,0
CPD,D,20180328,000000,7.35,7.35,7.05,7.2,1290,0
CPD,D,20180329,000000,7.3,7.45,7.2,7.2,1025,0
CPD,D,20180403,000000,7.2,7.2,7.1,7.1,1150,0
CPD,D,20180405,000000,7.1,7.15,7,7.15,2451,0
CPD,D,20180406,000000,7.15,7.15,7.15,7.15,26,0
CPD,D,20180409,000000,7.15,7.35,7.15,7.35,510,0
CPD,D,20180410,000000,7.35,7.35,7.3,7.3,1035,0
CPD,D,20180411,000000,7.45,7.45,7.45,7.45,650,0
CPD,D,20180412,000000,7.5,7.5,7.5,7.5,700,0
CPD,D,20180416,000000,7.5,7.5,7.5,7.5,100,0
CPD,D,20180417,000000,7.2,7.5,7.2,7.5,37,0
CPD,D,20180419,000000,7.5,7.5,7.5,7.5,20,0
CPD,D,20180420,000000,7.2,7.2,7.2,7.2,786,0
CPD,D,20180423,000000,7.2,7.2,7.2,7.2,100,0
CPD,D,20180424,000000,7.2,7.2,7.15,7.15,430,0
CPD,D,20180425,000000,7.35,7.35,7.35,7.35,51,0
CPD,D,20180426,000000,7.2,7.2,7.2,7.2,300,0
CPD,D,20180502,000000,7.2,7.2,7.2,7.2,135,0
CPD,D,20180507,000000,7.05,7.05,7.05,7.05,760,0
CPD,D,20180508,000000,6.85,6.85,6.85,6.85,401,0
CPD,D,20180511,000000,6.75,6.75,6.75,6.75,40,0
CPD,D,20180514,000000,6.75,6.75,6.4,6.4,1434,0
CPD,D,20180515,000000,6.9,6.9,6.9,6.9,10,0
CPD,D,20180516,000000,6.5,6.8,6.5,6.7,373,0
CPD,D,20180517,000000,6.8,6.8,6.6,6.6,750,0
CPD,D,20180518,000000,6.8,7.2,6.8,7.2,3614,0
CPD,D,20180521,000000,7,7,7,7,2586,0
CPD,D,20180522,000000,6.8,7.1,6.8,7.1,223,0
CPD,D,20180524,000000,7,7,7,7,1264,0
CPD,D,20180528,000000,6.75,6.8,6.6,6.8,1362,0
CPD,D,20180530,000000,6.95,7.1,6.95,7.1,28100,0
CPD,D,20180601,000000,7.3,7.3,7.3,7.3,890,0
CPD,D,20180604,000000,7.05,7.25,7.05,7.25,16035,0
CPD,D,20180605,000000,7.35,7.5,7.35,7.5,801,0
CPD,D,20180606,000000,7.5,7.5,7.5,7.5,692,0
CPD,D,20180608,000000,7.3,7.3,7.3,7.3,900,0
CPD,D,20180611,000000,7.35,7.35,7.1,7.1,504,0
CPD,D,20180612,000000,7.1,7.1,7.1,7.1,29,0
CPD,D,20180613,000000,7.45,7.45,7.15,7.3,1271,0
CPD,D,20180619,000000,7.15,7.5,7.15,7.5,3,0
CPD,D,20180620,000000,7.5,7.5,7.5,7.5,130,0
CPD,D,20180621,000000,6.75,6.9,6.5,6.7,2950,0
CPD,D,20180622,000000,6.8,6.8,6.8,6.8,200,0
CPD,D,20180702,000000,6.5,6.6,6.2,6.6,3280,0
CPD,D,20180704,000000,6.5,6.7,6.5,6.7,1391,0
CPD,D,20180706,000000,6.7,7.15,6.7,7.15,2525,0
CPD,D,20180711,000000,7.25,7.4,7.25,7.4,750,0
CPD,D,20180712,000000,7.2,7.4,7.2,7.4,350,0
CPD,D,20180713,000000,7.25,7.55,7.15,7.15,886,0
CPD,D,20180717,000000,7.35,7.4,7.1,7.4,7150,0
CPD,D,20180719,000000,7.5,8.25,7.5,8.25,1222,0
CPD,D,20180720,000000,7.95,8.1,7.95,8.1,1904,0
CPD,D,20180723,000000,8.1,8.2,8.1,8.2,343,0
CPD,D,20180724,000000,8.4,8.5,8.4,8.5,360,0
CPD,D,20180725,000000,8.5,8.5,8.15,8.15,1268,0
CPD,D,20180730,000000,8,8.5,8,8.15,2771,0
CPD,D,20180731,000000,8.15,8.25,8,8,2680,0
CPD,D,20180801,000000,7.2,7.7,7.2,7.7,801,0
CPD,D,20180802,000000,7.65,7.7,7.4,7.4,579,0
CPD,D,20180803,000000,7.8,8.5,7.8,8.5,1224,0
CPD,D,20180808,000000,8.1,8.4,8,8.05,1383,0
CPD,D,20180809,000000,8.15,8.15,8.1,8.1,313,0
CPD,D,20180810,000000,8.1,8.1,8.1,8.1,2037,0
CPD,D,20180813,000000,8.05,8.1,8,8.1,375,0
CPD,D,20180814,000000,8.15,8.15,8.15,8.15,60,0
CPD,D,20180816,000000,8.15,8.15,8.15,8.15,29,0
CPD,D,20180822,000000,8,8.2,8,8.2,500,0
CPD,D,20180823,000000,8,8,8,8,837,0
CPD,D,20180831,000000,8,8,8,8,200,0
CPD,D,20180903,000000,8,8,8,8,111,0
CPD,D,20180906,000000,7.85,7.85,7.55,7.55,911,0
CPD,D,20180907,000000,7.4,7.4,7.4,7.4,382,0
CPD,D,20180910,000000,7.7,7.75,7.7,7.75,804,0
CPD,D,20180911,000000,7.9,8,7.9,8,3530,0
CPD,D,20180912,000000,8,8,8,8,1400,0
CPD,D,20180914,000000,8.1,8.2,8.1,8.2,2288,0
CPD,D,20180917,000000,8.05,8.05,8.05,8.05,1125,0
CPD,D,20180920,000000,8.05,8.05,8.05,8.05,1500,0
CPD,D,20180924,000000,7.6,8.2,7.6,8.05,7295,0
CPD,D,20180927,000000,8.05,8.05,8.05,8.05,207,0
CPD,D,20181001,000000,8.05,8.05,8.05,8.05,1900,0
CPD,D,20181008,000000,8.05,8.05,8.05,8.05,180,0
CPD,D,20181009,000000,7.8,7.8,7.8,7.8,1000,0
CPD,D,20181010,000000,8,8,8,8,30,0
CPD,D,20181011,000000,7.65,7.65,7.65,7.65,500,0
CPD,D,20181012,000000,7.65,7.9,7.65,7.9,950,0
CPD,D,20181015,000000,7.85,7.9,7.85,7.9,1125,0
CPD,D,20181016,000000,8,8,7.65,7.65,5375,0
CPD,D,20181017,000000,7.5,7.6,7,7.15,6643,0
CPD,D,20181018,000000,7.15,7.15,7.15,7.15,2000,0
CPD,D,20181019,000000,7.1,7.1,7.1,7.1,3250,0
CPD,D,20181023,000000,6.6,6.6,6.6,6.6,37,0
CPD,D,20181024,000000,6.6,6.6,6.6,6.6,113,0
CPD,D,20181026,000000,6.45,6.45,6.45,6.45,3,0
CPD,D,20181031,000000,6.4,6.5,6.4,6.5,303,0
CPD,D,20181102,000000,6.4,6.4,6.4,6.4,500,0
CPD,D,20181106,000000,6.8,7,6.8,7,2200,0
CPD,D,20181107,000000,6.6,6.9,6.4,6.75,5562,0
CPD,D,20181108,000000,6.95,7,6.95,7,2000,0
CPD,D,20181109,000000,7.1,7.1,7.1,7.1,1000,0
CPD,D,20181116,000000,7.2,7.2,7.2,7.2,1000,0
CPD,D,20181128,000000,7.1,7.15,7.1,7.15,50,0
CPD,D,20181203,000000,7.2,7.2,7,7,2000,0
CPD,D,20181204,000000,7,7,7,7,95,0
CPD,D,20181210,000000,6.9,6.9,6.4,6.4,3000,0
CPD,D,20181214,000000,6.5,6.5,6.1,6.3,1060,0
CPD,D,20181217,000000,5.95,5.95,5.95,5.95,1000,0
CPD,D,20181218,000000,5.9,5.9,5.9,5.9,140,0
CPD,D,20181219,000000,5.4,5.4,5,5.35,12340,0
CPD,D,20181220,000000,4.7,4.72,4.6,4.6,26270,0
CPD,D,20181221,000000,4.5,5.4,4.5,5.4,17515,0
CPD,D,20181227,000000,5.4,5.4,5.4,5.4,29,0
CPD,D,20181228,000000,5.1,5.1,5,5,1200,0
CPD,D,20190102,000000,5.35,5.35,5.3,5.3,2500,0
CPD,D,20190103,000000,5,5,5,5,1000,0
CPD,D,20190104,000000,5.2,5.2,5,5,1360,0
CPD,D,20190107,000000,5,5,5,5,3659,0
CPD,D,20190108,000000,5.1,5.1,5.1,5.1,200,0
CPD,D,20190111,000000,5.15,5.5,5.15,5.5,1001,0
CPD,D,20190114,000000,5.2,5.2,5.15,5.15,1001,0
CPD,D,20190117,000000,5.1,5.3,4.9,4.9,13814,0
CPD,D,20190118,000000,5.1,5.1,5.1,5.1,25,0
CPD,D,20190123,000000,5.1,5.1,5.1,5.1,20,0
CPD,D,20190125,000000,4.9,5.05,4.9,5.05,2184,0
CPD,D,20190131,000000,5.05,5.1,5.05,5.1,2116,0
CPD,D,20190201,000000,5.2,5.2,5.2,5.2,694,0
CPD,D,20190204,000000,5.4,5.4,5.2,5.2,2305,0
CPD,D,20190205,000000,5.2,5.2,5.2,5.2,100,0
CPD,D,20190206,000000,5.4,5.5,5.4,5.5,2400,0
CPD,D,20190207,000000,5.6,5.8,5.2,5.45,6638,0
CPD,D,20190208,000000,5.2,5.55,5.2,5.55,12,0
CPD,D,20190211,000000,5.35,5.35,5.35,5.35,47,0
CPD,D,20190213,000000,5.15,5.5,5.15,5.45,3666,0
CPD,D,20190214,000000,5.5,5.5,5.5,5.5,58,0
CPD,D,20190215,000000,5.6,5.6,5.6,5.6,100,0
CPD,D,20190218,000000,5.6,5.6,5.6,5.6,100,0
CPD,D,20190219,000000,5.85,5.85,5.85,5.85,30,0
CPD,D,20190222,000000,5.95,5.95,5.95,5.95,1000,0
CPD,D,20190225,000000,5.8,5.8,5.8,5.8,100,0
CPD,D,20190226,000000,6,6,6,6,500,0
CPD,D,20190227,000000,5.95,5.95,5.95,5.95,80,0
CPD,D,20190304,000000,7,7.55,7,7.55,1159,0
CPD,D,20190305,000000,9,9.05,8.2,8.75,8775,0
CPD,D,20190306,000000,8.4,8.4,7.6,7.6,2660,0
CPD,D,20190307,000000,7.9,7.9,7.9,7.9,10,0
CPD,D,20190308,000000,7.85,7.85,7.4,7.6,1311,0
CPD,D,20190311,000000,7.3,7.3,7.2,7.2,861,0
CPD,D,20190312,000000,7.45,7.8,7.45,7.45,200,0
CPD,D,20190313,000000,7.5,7.75,7.5,7.75,45,0
CPD,D,20190314,000000,7.75,7.75,7.4,7.4,360,0
CPD,D,20190322,000000,7.15,7.15,7.15,7.15,1000,0
CPD,D,20190325,000000,7.15,7.15,6.9,7,475,0
CPD,D,20190326,000000,6.7,6.7,6.7,6.7,1200,0
CPD,D,20190327,000000,6.8,6.8,6.55,6.8,136,0
CPD,D,20190328,000000,6.55,6.55,6.55,6.55,100,0
CPD,D,20190401,000000,6.55,6.55,6.5,6.5,973,0
CPD,D,20190402,000000,6.4,6.4,6.4,6.4,1183,0
CPD,D,20190403,000000,6.5,6.5,6.5,6.5,20,0
CPD,D,20190408,000000,6.55,6.55,6.2,6.55,327,0
CPD,D,20190409,000000,6.55,6.55,6.55,6.55,10,0
CPD,D,20190417,000000,6.2,6.5,6.2,6.5,8,0
CPD,D,20190429,000000,6.35,6.35,6.35,6.35,100,0
CPD,D,20190430,000000,6.35,6.35,6.35,6.35,2,0
CPD,D,20190507,000000,6.25,6.3,6.25,6.3,63,0
CPD,D,20190509,000000,6.2,6.2,6.2,6.2,83,0
CPD,D,20190510,000000,6.3,6.3,6.3,6.3,10,0
CPD,D,20190514,000000,6.3,6.3,6.3,6.3,83,0
CPD,D,20190517,000000,6.3,6.3,6.3,6.3,10,0
CPD,D,20190603,000000,6.2,6.2,6.2,6.2,32,0
CPD,D,20190604,000000,6.2,6.2,6.2,6.2,382,0
CPD,D,20190605,000000,5.9,5.9,5.9,5.9,500,0
CPD,D,20190611,000000,5.8,5.8,5.8,5.8,400,0
CPD,D,20190618,000000,6,6,6,6,250,0
CPD,D,20190619,000000,5.9,5.9,5.9,5.9,100,0
CPD,D,20190621,000000,6.2,6.2,6.2,6.2,15,0
CPD,D,20190701,000000,6.3,6.3,6.3,6.3,5,0
CPD,D,20190702,000000,6.3,6.3,6.3,6.3,5,0
CPD,D,20190709,000000,6.05,6.05,6,6,33166,0
CPD,D,20190715,000000,5.9,5.9,5.9,5.9,5100,0
CPD,D,20190716,000000,6,6,6,6,5,0
CPD,D,20190724,000000,6,6,6,6,12,0
CPD,D,20190725,000000,6,6,6,6,20,0
CPD,D,20190726,000000,5.9,6,5.9,6,1970,0
CPD,D,20190729,000000,6,6,6,6,10,0
CPD,D,20190730,000000,6,6,5.9,5.9,5010,0
CPD,D,20190731,000000,5.85,6.05,5.85,6.05,121,0
CPD,D,20190807,000000,6.05,6.05,6.05,6.05,305,0
CPD,D,20190812,000000,5.9,5.9,5.9,5.9,5005,0
CPD,D,20190813,000000,5.9,5.9,5.9,5.9,1511,0
CPD,D,20190819,000000,5.9,5.9,5.9,5.9,35,0
CPD,D,20190820,000000,5.9,5.9,5.9,5.9,10,0
CPD,D,20190902,000000,5.8,5.95,5.8,5.95,1100,0
CPD,D,20190906,000000,5.7,5.8,5.35,5.5,8578,0
CPD,D,20190909,000000,5.55,5.7,5.55,5.7,910,0
CPD,D,20190912,000000,5.7,5.75,5.7,5.75,1282,0
CPD,D,20190913,000000,5.7,5.8,5.4,5.8,1475,0
CPD,D,20190918,000000,5.55,5.9,5.55,5.9,1083,0
CPD,D,20190920,000000,6.05,6.05,6.05,6.05,83,0
CPD,D,20191011,000000,6.1,6.1,6.1,6.1,50,0
CPD,D,20191017,000000,6.1,6.1,6.1,6.1,35,0
CPD,D,20191018,000000,6.15,6.15,6.15,6.15,25,0
CPD,D,20191021,000000,5.9,6,5.9,6,21005,0
CPD,D,20191022,000000,5.8,5.9,5.8,5.9,33500,0
CPD,D,20191023,000000,5.95,5.95,5.9,5.9,1150,0
CPD,D,20191024,000000,5.75,5.9,5.75,5.9,2226,0
CPD,D,20191025,000000,6.15,6.15,6.15,6.15,2,0
CPD,D,20191029,000000,6,6,6,6,15,0
CPD,D,20191031,000000,5.7,5.7,5.7,5.7,878,0
CPD,D,20191105,000000,6,6,6,6,20,0
CPD,D,20191114,000000,5.8,6,5.8,6,3593,0
CPD,D,20191122,000000,5.85,5.85,5.85,5.85,1785,0
CPD,D,20191125,000000,5.85,5.85,5.85,5.85,4000,0
CPD,D,20191129,000000,6.15,6.3,6,6.2,1713,0
CPD,D,20191202,000000,6,6.3,6,6.3,320,0
CPD,D,20191203,000000,6.3,6.3,6.3,6.3,830,0
CPD,D,20191204,000000,6.3,6.5,6.1,6.5,2500,0
CPD,D,20191205,000000,6.25,6.6,6.25,6.5,810,0
CPD,D,20191206,000000,6.35,6.45,6.35,6.45,1009,0
CPD,D,20191209,000000,6.5,6.5,6.5,6.5,1000,0
CPD,D,20191211,000000,6.25,6.25,6.15,6.15,1691,0
CPD,D,20191213,000000,6.05,6.05,6,6,2000,0
CPD,D,20191216,000000,6.1,6.1,6.1,6.1,400,0
CPD,D,20191218,000000,6.2,6.2,6.2,6.2,10,0
CPD,D,20191220,000000,6.2,6.3,6.2,6.3,100,0
CPD,D,20191223,000000,6.05,6.05,6.05,6.05,900,0
CPD,D,20191227,000000,6.45,6.45,6.45,6.45,270,0
CPD,D,20200108,000000,6.45,6.45,6.45,6.45,170,0
CPD,D,20200109,000000,6.15,6.55,6,6.55,2000,0
CPD,D,20200110,000000,6.55,6.6,6.55,6.6,1044,0
CPD,D,20200113,000000,6.6,6.6,6.6,6.6,151,0
CPD,D,20200114,000000,6.4,6.4,6.4,6.4,1600,0
CPD,D,20200116,000000,6.4,6.4,6.4,6.4,20000,0
CPD,D,20200117,000000,6.3,6.3,6.3,6.3,4430,0
CPD,D,20200121,000000,6.4,6.4,6.4,6.4,460,0
CPD,D,20200123,000000,6.3,6.3,6.25,6.25,688,0
CPD,D,20200127,000000,6.4,6.4,6.4,6.4,10,0
CPD,D,20200129,000000,6.4,6.4,6.4,6.4,10,0
CPD,D,20200130,000000,6.3,6.3,6.3,6.3,130,0
CPD,D,20200203,000000,6.3,6.3,6.25,6.25,970,0
CPD,D,20200207,000000,6.2,6.2,6.2,6.2,40,0
CPD,D,20200213,000000,6.2,6.2,6.2,6.2,68,0
CPD,D,20200225,000000,6.35,6.35,6.35,6.35,14,0
CPD,D,20200228,000000,5.85,6.3,5.8,6.3,216,0
CPD,D,20200302,000000,6.1,6.1,5.95,5.95,782,0
CPD,D,20200304,000000,5.9,5.9,5.9,5.9,20,0
CPD,D,20200306,000000,5.95,5.95,5.95,5.95,40,0
CPD,D,20200311,000000,5.9,5.9,5.9,5.9,50,0
CPD,D,20200312,000000,5.65,5.65,5.65,5.65,600,0
CPD,D,20200313,000000,5.95,5.95,5.95,5.95,20,0
CPD,D,20200316,000000,5.65,5.65,5.5,5.5,400,0
CPD,D,20200318,000000,5.7,5.7,5.7,5.7,1000,0
CPD,D,20200319,000000,5.2,5.2,5.2,5.2,2000,0
CPD,D,20200320,000000,5.5,5.5,5.5,5.5,530,0
CPD,D,20200327,000000,5.35,5.35,5.35,5.35,179,0
CPD,D,20200331,000000,5,5,5,5,650,0
CPD,D,20200401,000000,5,5,5,5,418,0
CPD,D,20200414,000000,4.6,4.78,4.6,4.62,7205,0
CPD,D,20200415,000000,4.8,4.8,4.8,4.8,1824,0
CPD,D,20200416,000000,4.64,4.9,4.64,4.9,1500,0
CPD,D,20200417,000000,4.7,4.98,4.7,4.98,1068,0
CPD,D,20200421,000000,4.6,4.6,4.5,4.5,1317,0
CPD,D,20200422,000000,4.6,4.86,4.6,4.86,159,0
CPD,D,20200424,000000,4.8,4.98,4.8,4.98,19,0
CPD,D,20200427,000000,4.7,4.8,4.6,4.6,1802,0
CPD,D,20200429,000000,4.92,4.96,4.86,4.96,3599,0
CPD,D,20200430,000000,4.9,4.98,4.9,4.98,205,0
CPD,D,20200504,000000,5,5.4,5,5.4,8569,0
CPD,D,20200505,000000,5.45,5.7,5.3,5.7,3510,0
CPD,D,20200506,000000,5.7,5.75,5.5,5.6,918,0
CPD,D,20200507,000000,5.75,5.75,5.75,5.75,990,0
CPD,D,20200508,000000,5.8,6,5.8,6,772,0
CPD,D,20200511,000000,6.05,6.15,6.05,6.1,1695,0
CPD,D,20200512,000000,6.15,6.15,6.15,6.15,40,0
CPD,D,20200513,000000,6.15,6.4,6.15,6.4,2302,0
CPD,D,20200514,000000,6.15,6.15,6.15,6.15,209,0
CPD,D,20200519,000000,6.4,6.4,6.2,6.2,1688,0
CPD,D,20200525,000000,6.3,6.3,6.3,6.3,397,0
CPD,D,20200526,000000,6.35,6.35,6.35,6.35,315,0
CPD,D,20200527,000000,6.5,6.6,6.4,6.4,3145,0
CPD,D,20200528,000000,6.4,6.4,6.2,6.4,1746,0
CPD,D,20200529,000000,6.1,6.1,6.1,6.1,600,0
CPD,D,20200601,000000,6.1,6.1,6.1,6.1,900,0
CPD,D,20200603,000000,9,10,8.1,10,24686,0
CPD,D,20200604,000000,11,11,8.45,8.5,63582,0
CPD,D,20200605,000000,8.5,8.5,8.2,8.5,2924,0
CPD,D,20200608,000000,8.85,8.85,8.2,8.25,2988,0
CPD,D,20200609,000000,8.5,8.5,8,8.25,9543,0
CPD,D,20200610,000000,8.25,8.3,8.1,8.3,8390,0
CPD,D,20200612,000000,8,8.4,8,8.3,781,0
CPD,D,20200615,000000,8.35,8.35,8,8.2,589,0
CPD,D,20200616,000000,8,8.45,7.8,8.1,2889,0
CPD,D,20200617,000000,8.2,8.4,8.1,8.1,732,0
CPD,D,20200618,000000,8.05,8.2,8,8,2688,0
CPD,D,20200619,000000,7.9,7.95,7.2,7.65,6742,0
CPD,D,20200622,000000,7.65,7.65,7.15,7.45,1483,0
CPD,D,20200623,000000,7.2,7.55,7.15,7.5,764,0
CPD,D,20200624,000000,7.5,7.5,7.2,7.5,36,0
CPD,D,20200625,000000,7.5,7.5,7.5,7.5,275,0
CPD,D,20200626,000000,7.15,7.15,6.6,6.75,12880,0
CPD,D,20200629,000000,7,7,6.55,6.85,7001,0
CPD,D,20200630,000000,6.5,6.85,6.5,6.85,248,0
CPD,D,20200703,000000,6.5,6.8,6.5,6.8,128,0
CPD,D,20200707,000000,6.5,6.5,6.5,6.5,712,0
CPD,D,20200709,000000,6.3,6.4,6.3,6.3,2891,0
CPD,D,20200710,000000,6.65,6.65,6.3,6.6,802,0
