<TICKER>,<PER>,<DATE>,<TIME>,<OPEN>,<HIGH>,<LOW>,<CLOSE>,<VOL>,<OPENINT>
CPL,D,20111205,000000,12.37,13.5,10.1,11.1,5203,0
CPL,D,20111206,000000,11.1,13.9,10,13.9,2319,0
CPL,D,20111207,000000,13.89,15.7,12.7,13.7,1965,0
CPL,D,20111208,000000,13.75,15.69,12.7,13.7,3481,0
CPL,D,20111209,000000,13.7,13.7,13.19,13.64,440,0
CPL,D,20111212,000000,13.8,13.8,13,13.5,359,0
CPL,D,20111213,000000,13.25,13.25,12.7,13,1123,0
CPL,D,20111214,000000,12.71,12.71,12.4,12.4,295,0
CPL,D,20111215,000000,12.51,12.51,12.51,12.51,700,0
CPL,D,20111216,000000,12.51,12.51,12.51,12.51,20,0
CPL,D,20111219,000000,12.75,12.75,12.75,12.75,20,0
CPL,D,20111220,000000,12.75,12.75,12.7,12.7,10,0
CPL,D,20111221,000000,12.51,12.51,12.51,12.51,25,0
CPL,D,20111222,000000,12.51,15,12.51,15,1875,0
CPL,D,20111223,000000,15.7,15.7,15.7,15.7,10,0
CPL,D,20111227,000000,15.7,15.7,15.7,15.7,10,0
CPL,D,20111228,000000,15.6,15.6,14.5,15.3,40,0
CPL,D,20111229,000000,15.6,15.6,15.6,15.6,10,0
CPL,D,20111230,000000,15.6,15.6,15.6,15.6,20,0
CPL,D,20120102,000000,15.7,15.7,15.7,15.7,10,0
CPL,D,20120103,000000,15.7,16,15.7,16,21,0
CPL,D,20120110,000000,15.2,15.2,15,15,30,0
CPL,D,20120111,000000,14.8,14.8,14.8,14.8,20,0
CPL,D,20120124,000000,15.3,17.6,15.3,17.6,654,0
CPL,D,20120125,000000,18.38,18.4,18.38,18.4,50,0
CPL,D,20120126,000000,18.4,18.4,18.4,18.4,20,0
CPL,D,20120127,000000,18.4,19.1,18.4,19.1,956,0
CPL,D,20120130,000000,19.1,19.1,19.1,19.1,5,0
CPL,D,20120131,000000,19.1,19.1,17.38,17.4,673,0
CPL,D,20120202,000000,17,17,16.8,16.8,15,0
CPL,D,20120203,000000,16.8,20.2,16.8,20.2,794,0
CPL,D,20120206,000000,20.2,20.2,20.16,20.17,193,0
CPL,D,20120207,000000,20.17,20.17,19.2,19.42,385,0
CPL,D,20120208,000000,19.99,19.99,19.99,19.99,2,0
CPL,D,20120209,000000,19.95,19.95,19.5,19.5,260,0
CPL,D,20120210,000000,19.8,19.8,19.8,19.8,2,0
CPL,D,20120213,000000,19.8,19.8,19.8,19.8,151,0
CPL,D,20120214,000000,20.09,20.09,20.09,20.09,10,0
CPL,D,20120215,000000,20.09,20.19,20.08,20.19,270,0
CPL,D,20120216,000000,20.18,22.9,20.18,22.9,3192,0
CPL,D,20120217,000000,23,27.4,23,27.4,1404,0
CPL,D,20120220,000000,31.4,31.4,29.9,30.2,2308,0
CPL,D,20120221,000000,31,31,29,29,590,0
CPL,D,20120222,000000,29,29,29,29,5,0
CPL,D,20120227,000000,27.91,27.91,27.91,27.91,73,0
CPL,D,20120228,000000,27,27,26.7,26.7,105,0
CPL,D,20120229,000000,26,26.7,26,26.7,329,0
CPL,D,20120301,000000,26.7,26.7,26.7,26.7,19,0
CPL,D,20120302,000000,26.7,26.7,26.7,26.7,5,0
CPL,D,20120309,000000,26.88,26.88,26.88,26.88,5,0
CPL,D,20120312,000000,26.88,28.5,26.88,28.5,95,0
CPL,D,20120319,000000,28.13,29,28.13,29,100,0
CPL,D,20120320,000000,29.55,29.55,29,29,14,0
CPL,D,20120328,000000,28.7,28.7,28.7,28.7,10,0
CPL,D,20120329,000000,28.5,28.5,28.1,28.1,100,0
CPL,D,20120330,000000,27.3,27.3,26.95,26.95,100,0
CPL,D,20120402,000000,27.03,27.03,27.03,27.03,7,0
CPL,D,20120412,000000,26.8,26.8,26.8,26.8,10,0
CPL,D,20120413,000000,27,27,27,27,20,0
CPL,D,20120416,000000,27,27.14,27,27.14,40,0
CPL,D,20120417,000000,27,28.4,27,28.4,42,0
CPL,D,20120419,000000,28,28,27.8,27.8,8,0
CPL,D,20120420,000000,28.5,28.77,28,28,40,0
CPL,D,20120424,000000,28.5,28.87,28.5,28.87,20,0
CPL,D,20120425,000000,28.9,29.19,28.9,29.19,20,0
CPL,D,20120426,000000,29.19,29.7,29.19,29.7,29,0
CPL,D,20120504,000000,29.7,29.7,29.7,29.7,5,0
CPL,D,20120507,000000,29.7,29.7,29,29,22,0
CPL,D,20120509,000000,29.55,30.65,29.55,30,178,0
CPL,D,20120511,000000,30.4,30.45,30,30,100,0
CPL,D,20120514,000000,29.5,29.5,29,29,63,0
CPL,D,20120515,000000,28.7,28.7,27.8,27.8,50,0
CPL,D,20120522,000000,27.7,28.87,27.7,28.87,190,0
CPL,D,20120523,000000,29.5,29.5,29,29,40,0
CPL,D,20120525,000000,29,29,29,29,10,0
CPL,D,20120530,000000,29,29,28.7,28.7,90,0
CPL,D,20120611,000000,28.7,28.7,27.91,27.91,110,0
CPL,D,20120621,000000,27.6,27.6,26.6,26.6,117,0
CPL,D,20120622,000000,26,26.19,26,26.19,133,0
CPL,D,20120709,000000,26.5,26.5,26.5,26.5,3,0
CPL,D,20120710,000000,26.9,30.1,26.9,30,710,0
CPL,D,20120711,000000,28,28,27.5,27.8,20,0
CPL,D,20120731,000000,27.5,27.5,27,27,7,0
CPL,D,20120803,000000,27,27,27,27,8,0
CPL,D,20120806,000000,26.7,26.7,25.5,25.5,89,0
CPL,D,20120814,000000,25.4,25.67,25.4,25.67,69,0
CPL,D,20120827,000000,26.5,26.5,26.5,26.5,5,0
CPL,D,20120905,000000,27.2,27.41,27.2,27.41,50,0
CPL,D,20120906,000000,27.5,30.48,27.5,30.48,30,0
CPL,D,20120907,000000,30.45,30.48,30.45,30.48,10,0
CPL,D,20120910,000000,30.48,30.48,30.48,30.48,11,0
CPL,D,20120911,000000,31.8,33,31.8,33,60,0
CPL,D,20120912,000000,33,35.67,33,35.67,30,0
CPL,D,20120913,000000,36,36,36,36,5,0
CPL,D,20120917,000000,35.3,35.3,34.34,34.34,39,0
CPL,D,20120918,000000,33.5,33.5,31.3,31.3,83,0
CPL,D,20120927,000000,31.7,32.57,30.3,30.3,75,0
CPL,D,20120928,000000,30.53,30.53,30.2,30.42,150,0
CPL,D,20121001,000000,30,30,30,30,50,0
CPL,D,20121004,000000,29.4,29.4,28.1,28.1,64,0
CPL,D,20121005,000000,28.48,28.48,26.5,26.66,99,0
CPL,D,20121008,000000,26,26,25.3,25.3,65,0
CPL,D,20121010,000000,25.42,25.42,25.42,25.42,59,0
CPL,D,20121016,000000,24.4,24.4,20,20,294,0
CPL,D,20121017,000000,20.13,20.13,20.13,20.13,75,0
CPL,D,20121019,000000,20.13,20.13,20.13,20.13,19,0
CPL,D,20121106,000000,20.3,20.73,20.3,20.73,103,0
CPL,D,20121107,000000,21,25,21,25,115,0
CPL,D,20121108,000000,24.4,24.4,23.52,23.52,68,0
CPL,D,20121109,000000,23.75,25,22.1,25,208,0
CPL,D,20121122,000000,24,24.2,24,24.2,100,0
CPL,D,20121123,000000,25,25,25,25,1,0
CPL,D,20121126,000000,23.7,25,23.7,25,72,0
CPL,D,20121130,000000,24.07,24.07,24.07,24.07,25,0
CPL,D,20121203,000000,24.35,24.56,23.8,23.8,149,0
CPL,D,20121204,000000,23.3,24.49,22.65,24,252,0
CPL,D,20121205,000000,22,22,21.4,21.87,141,0
CPL,D,20121207,000000,22.2,23,22.2,23,77,0
CPL,D,20121211,000000,22.2,22.2,21.7,21.7,80,0
CPL,D,20121213,000000,21.2,21.2,20.6,20.6,80,0
CPL,D,20121214,000000,20.96,22.14,20.96,22.14,78,0
CPL,D,20121217,000000,22.1,22.1,21.3,21.3,148,0
CPL,D,20121218,000000,20.5,20.5,20,20,83,0
CPL,D,20121220,000000,19.8,19.8,19.05,19.05,254,0
CPL,D,20130104,000000,19,19.35,19,19.35,83,0
CPL,D,20130107,000000,19.35,19.35,18.61,18.61,92,0
CPL,D,20130109,000000,19,19,19,19,95,0
CPL,D,20130110,000000,19.45,19.45,18.85,18.85,158,0
CPL,D,20130118,000000,18.5,18.5,17.83,17.83,92,0
CPL,D,20130125,000000,17.7,17.7,16.8,16.8,17,0
CPL,D,20130130,000000,16.55,17.9,16.55,17.9,100,0
CPL,D,20130131,000000,17.52,19.8,17.52,19.8,105,0
CPL,D,20130204,000000,18.94,19.8,18.94,19.8,1991,0
CPL,D,20130205,000000,19.5,19.5,18.61,18.61,93,0
CPL,D,20130206,000000,18.61,18.61,17.6,17.6,295,0
CPL,D,20130215,000000,17.8,17.8,17.6,17.6,267,0
CPL,D,20130218,000000,17.6,18.1,17.6,17.6,2192,0
CPL,D,20130220,000000,17.6,17.6,17.6,17.6,200,0
CPL,D,20130226,000000,17.6,17.6,17.6,17.6,200,0
CPL,D,20130228,000000,18,19.2,18,19.2,15,0
CPL,D,20130311,000000,18.2,18.2,17.4,17.5,191,0
CPL,D,20130314,000000,17.5,17.5,17.5,17.5,5,0
CPL,D,20130403,000000,17.45,17.45,16.9,16.9,109,0
CPL,D,20130408,000000,16.91,17.75,16.2,17.75,953,0
CPL,D,20130411,000000,17.5,19.15,17.5,19.15,110,0
CPL,D,20130412,000000,18.7,18.7,18.2,18.2,113,0
CPL,D,20130418,000000,18.2,18.2,18.2,18.2,1,0
CPL,D,20130422,000000,18.15,18.15,18.15,18.15,5,0
CPL,D,20130424,000000,18.2,18.2,18.2,18.2,83,0
CPL,D,20130425,000000,18.7,18.7,18.7,18.7,1,0
CPL,D,20130506,000000,18.6,18.6,18.48,18.48,2,0
CPL,D,20130508,000000,18.48,18.7,18.48,18.7,81,0
CPL,D,20130514,000000,18.8,19.2,18.8,19.2,120,0
CPL,D,20130515,000000,19.2,19.2,19.19,19.2,846,0
CPL,D,20130516,000000,19.3,20.04,19,19,492,0
CPL,D,20130521,000000,19.31,20.99,19,20.6,3497,0
CPL,D,20130522,000000,20.6,21.6,20.6,20.6,1183,0
CPL,D,20130523,000000,20.6,21.92,19.5,21.92,1236,0
CPL,D,20130524,000000,21.15,22.38,21,22.38,296,0
CPL,D,20130527,000000,22.9,24,22.4,24,2293,0
CPL,D,20130528,000000,24.18,24.18,23,23,499,0
CPL,D,20130529,000000,23.2,23.2,21,21,705,0
CPL,D,20130531,000000,21.5,22.77,20.5,20.5,491,0
CPL,D,20130603,000000,20.6,20.6,20.4,20.6,399,0
CPL,D,20130604,000000,20.6,20.6,20.44,20.5,70,0
CPL,D,20130605,000000,20.5,20.5,20.5,20.5,35,0
CPL,D,20130606,000000,20.45,20.45,20.45,20.45,5,0
CPL,D,20130607,000000,20.55,21.4,20.55,21.4,11,0
CPL,D,20130611,000000,20.85,21.4,20.85,21.4,20,0
CPL,D,20130612,000000,21.4,21.4,21,21,80,0
CPL,D,20130617,000000,21.1,21.1,21.1,21.1,22,0
CPL,D,20130618,000000,21.1,21.1,16.9,19.13,484,0
CPL,D,20130619,000000,18.7,20.4,18.5,20.4,383,0
CPL,D,20130625,000000,19.88,20.1,19.88,20.05,4,0
CPL,D,20130626,000000,20,20,20,20,6,0
CPL,D,20130627,000000,19.9,20,19.01,20,111,0
CPL,D,20130628,000000,20,20,20,20,1,0
CPL,D,20130704,000000,19.5,19.5,19.5,19.5,300,0
CPL,D,20130708,000000,19.1,19.1,18,18,481,0
CPL,D,20130709,000000,18.15,18.7,18.15,18.7,50,0
CPL,D,20130711,000000,18.5,18.9,18.5,18.9,169,0
CPL,D,20130712,000000,18.9,19.88,18.75,19.5,8155,0
CPL,D,20130715,000000,19,19,18.5,18.5,115,0
CPL,D,20130716,000000,18.5,18.5,18,18.2,108,0
CPL,D,20130717,000000,18.1,20.05,16,20.05,888,0
CPL,D,20130718,000000,19.67,20.2,19.5,19.5,527,0
CPL,D,20130719,000000,19,19,19,19,345,0
CPL,D,20130722,000000,17.02,17.02,17.02,17.02,116,0
CPL,D,20130723,000000,18.5,18.81,18.5,18.81,11,0
CPL,D,20130724,000000,18.81,18.81,18,18,3,0
CPL,D,20130725,000000,18.01,18.06,18.01,18.06,173,0
CPL,D,20130726,000000,18.31,18.31,18.31,18.31,42,0
CPL,D,20130729,000000,18.7,18.7,18.7,18.7,10,0
CPL,D,20130731,000000,18.9,19,18.7,18.7,175,0
CPL,D,20130801,000000,18.8,18.8,18.55,18.55,282,0
CPL,D,20130805,000000,18.26,18.26,18.26,18.26,1,0
CPL,D,20130806,000000,18.26,18.6,17.9,17.9,653,0
CPL,D,20130807,000000,17.89,17.89,17.89,17.89,5,0
CPL,D,20130808,000000,17.9,18,17.9,18,8,0
CPL,D,20130809,000000,18,18.06,18,18.06,15,0
CPL,D,20130812,000000,18.06,18.39,18,18.02,416,0
CPL,D,20130813,000000,18.08,19.14,18,18.4,2360,0
CPL,D,20130814,000000,18.47,18.47,18,18,2485,0
CPL,D,20130816,000000,18.18,18.19,17.9,18.19,310,0
CPL,D,20130819,000000,18,18,17.1,17.7,589,0
CPL,D,20130820,000000,17.7,17.7,17.5,17.5,516,0
CPL,D,20130821,000000,17.5,17.99,17.4,17.99,397,0
CPL,D,20130823,000000,17.85,18,17.8,18,1850,0
CPL,D,20130826,000000,18,18,17.99,18,741,0
CPL,D,20130827,000000,18,18,17.99,18,1005,0
CPL,D,20130828,000000,18,18,17.4,17.4,40,0
CPL,D,20130829,000000,17.85,18.15,17.19,18,1613,0
CPL,D,20130830,000000,17.95,17.95,17.95,17.95,2,0
CPL,D,20130902,000000,17.2,17.2,17.05,17.05,410,0
CPL,D,20130903,000000,17.05,17.8,17.05,17.8,155,0
CPL,D,20130904,000000,17.5,17.5,15.51,17.3,1159,0
CPL,D,20130905,000000,16.5,16.87,16.5,16.87,229,0
CPL,D,20130906,000000,16.9,16.9,16.85,16.9,685,0
CPL,D,20130909,000000,17,19,16.2,17.25,4044,0
CPL,D,20130911,000000,17,17.5,17,17.5,100,0
CPL,D,20130912,000000,17.25,17.25,17.25,17.25,202,0
CPL,D,20130913,000000,17.2,17.2,17.2,17.2,5,0
CPL,D,20130916,000000,17.15,18.3,17.15,18.3,145,0
CPL,D,20130917,000000,18,18,17.5,18,61,0
CPL,D,20130918,000000,18,18,17.95,17.95,12,0
CPL,D,20130919,000000,18,18,18,18,532,0
CPL,D,20130920,000000,18,18.39,18,18,974,0
CPL,D,20130923,000000,18,18.55,18,18.55,835,0
CPL,D,20130924,000000,18.5,19.2,18.5,19.2,854,0
CPL,D,20130925,000000,19.5,19.5,19.1,19.1,1030,0
CPL,D,20130926,000000,19,19.45,19,19.45,52,0
CPL,D,20130927,000000,19.5,19.5,18.6,19.49,1608,0
CPL,D,20130930,000000,19.49,19.5,19.4,19.4,225,0
CPL,D,20131001,000000,19.4,19.4,19.35,19.4,92,0
CPL,D,20131002,000000,19.4,20.2,19.4,20.2,366,0
CPL,D,20131003,000000,20.4,20.4,20.4,20.4,200,0
CPL,D,20131004,000000,20.37,20.5,19.9,20.5,716,0
CPL,D,20131007,000000,20.58,20.58,19.6,20.2,862,0
CPL,D,20131009,000000,19,19.74,19,19.74,406,0
CPL,D,20131010,000000,19.3,20,19.2,19.2,804,0
CPL,D,20131011,000000,19.3,19.74,19.2,19.5,1266,0
CPL,D,20131014,000000,19,19,18.55,19,675,0
CPL,D,20131015,000000,18.8,20,18.8,20,173,0
CPL,D,20131016,000000,18.5,18.5,18.5,18.5,10,0
CPL,D,20131017,000000,19,20.99,19,20.98,1816,0
CPL,D,20131018,000000,20.99,20.99,20.5,20.5,81,0
CPL,D,20131021,000000,20.8,21.8,20,21.2,13922,0
CPL,D,20131022,000000,21.2,21.2,21.2,21.2,5,0
CPL,D,20131023,000000,21.2,22.3,21.2,22.3,1002,0
CPL,D,20131024,000000,22.3,22.57,21.9,21.9,430,0
CPL,D,20131025,000000,21.85,22.99,21.85,22.2,881,0
CPL,D,20131028,000000,22.99,26,22.5,26,2546,0
CPL,D,20131029,000000,25,28,25,27.6,740,0
CPL,D,20131030,000000,25,28,25,27.9,541,0
CPL,D,20131031,000000,27,27,27,27,25,0
CPL,D,20131104,000000,27.51,27.8,27,27.8,513,0
CPL,D,20131105,000000,27.75,27.75,27,27,96,0
CPL,D,20131106,000000,26.98,27.75,26.98,27.75,113,0
CPL,D,20131107,000000,27.75,27.75,26.5,27,285,0
CPL,D,20131108,000000,26.5,26.56,26.5,26.56,247,0
CPL,D,20131112,000000,26.56,26.98,26.55,26.55,210,0
CPL,D,20131113,000000,27.6,27.6,26.75,27.5,747,0
CPL,D,20131114,000000,27.5,27.5,27.5,27.5,430,0
CPL,D,20131115,000000,27.2,27.2,27.1,27.1,809,0
CPL,D,20131118,000000,27.1,27.1,27.1,27.1,10,0
CPL,D,20131119,000000,27.1,27.29,26.65,26.65,159,0
CPL,D,20131120,000000,26.7,26.7,26.61,26.61,49,0
CPL,D,20131121,000000,26.7,26.7,26.7,26.7,10,0
CPL,D,20131122,000000,26.3,27.2,26,27.2,257,0
CPL,D,20131125,000000,26.5,26.5,26,26,295,0
CPL,D,20131126,000000,26,26,26,26,320,0
CPL,D,20131127,000000,26,26,26,26,10,0
CPL,D,20131128,000000,26,26,26,26,1,0
CPL,D,20131129,000000,26,26,25.3,25.8,110,0
CPL,D,20131202,000000,25,25,24.2,24.2,164,0
CPL,D,20131203,000000,23.6,23.6,23.5,23.55,372,0
CPL,D,20131204,000000,23.52,25,23.52,25,128,0
CPL,D,20131205,000000,24.57,25,24.57,25,28,0
CPL,D,20131206,000000,25,25,25,25,5,0
CPL,D,20131212,000000,24,24.9,23.75,24.9,90,0
CPL,D,20131213,000000,24.04,24.04,24.04,24.04,100,0
CPL,D,20131216,000000,24.05,24.6,23.7,24.6,337,0
CPL,D,20131219,000000,24,24,24,24,5,0
CPL,D,20131220,000000,23.75,24.5,23.75,24.5,105,0
CPL,D,20131223,000000,24,24,24,24,10,0
CPL,D,20131227,000000,24,24,24,24,1,0
CPL,D,20131230,000000,23.52,23.52,22.8,23.5,225,0
CPL,D,20140102,000000,23,23.5,22.5,22.8,366,0
CPL,D,20140103,000000,23.44,23.56,22.66,22.66,131,0
CPL,D,20140107,000000,22.5,22.5,22.11,22.3,533,0
CPL,D,20140108,000000,22,22.35,21,22.35,338,0
CPL,D,20140109,000000,21.3,21.3,21.3,21.3,413,0
CPL,D,20140110,000000,23,23,21.26,21.3,368,0
CPL,D,20140113,000000,20.5,22.9,20.5,22,649,0
CPL,D,20140114,000000,21.5,21.5,21.5,21.5,128,0
CPL,D,20140115,000000,21.12,21.9,21,21.9,2617,0
CPL,D,20140116,000000,22,22.75,21.9,22.75,1057,0
CPL,D,20140117,000000,22.6,22.6,22.6,22.6,800,0
CPL,D,20140122,000000,22.6,22.6,22.4,22.4,10,0
CPL,D,20140123,000000,22.55,22.6,22.4,22.4,224,0
CPL,D,20140124,000000,22.3,22.3,21.9,21.9,94,0
CPL,D,20140127,000000,21.69,22,21.69,21.9,171,0
CPL,D,20140128,000000,21.9,23,21.75,23,1184,0
CPL,D,20140129,000000,22.28,23,22.28,23,138,0
CPL,D,20140130,000000,23.1,23.29,22.7,23,338,0
CPL,D,20140131,000000,23,23,21.7,22.4,732,0
CPL,D,20140203,000000,22.05,23,22.05,22.92,4547,0
CPL,D,20140204,000000,22.92,24.5,22.92,24.48,5002,0
CPL,D,20140205,000000,24.7,26.3,24.51,26,4566,0
CPL,D,20140206,000000,26.19,26.99,25.2,25.7,1751,0
CPL,D,20140207,000000,25.7,25.7,23.51,25,5204,0
CPL,D,20140210,000000,25.4,25.4,23.9,25.02,821,0
CPL,D,20140211,000000,25,25,23.1,23.1,870,0
CPL,D,20140212,000000,23.5,23.5,22.4,23,757,0
CPL,D,20140213,000000,22.89,22.89,22.38,22.7,103,0
CPL,D,20140214,000000,22.7,22.7,22.6,22.7,53,0
CPL,D,20140217,000000,22.6,22.7,22.5,22.7,1300,0
CPL,D,20140218,000000,22.7,22.7,22.68,22.7,88,0
CPL,D,20140219,000000,22.7,22.7,22.65,22.7,21,0
CPL,D,20140220,000000,22.65,22.65,22.65,22.65,10,0
CPL,D,20140221,000000,22.65,22.7,22.6,22.7,68,0
CPL,D,20140224,000000,22.7,22.7,22.68,22.68,10,0
CPL,D,20140225,000000,22.67,22.68,22.58,22.68,16,0
CPL,D,20140226,000000,22.58,22.58,22.5,22.53,202,0
CPL,D,20140227,000000,22.53,22.53,21.29,22,448,0
CPL,D,20140228,000000,22.15,22.15,22.15,22.15,1,0
CPL,D,20140303,000000,22,22,19.79,19.79,719,0
CPL,D,20140304,000000,19.95,20.9,19.95,20.4,2724,0
CPL,D,20140305,000000,20.47,20.47,20.2,20.3,5,0
CPL,D,20140306,000000,20.3,20.3,20.3,20.3,3,0
CPL,D,20140307,000000,20.3,20.89,20.3,20.89,289,0
CPL,D,20140310,000000,20.89,20.89,20.41,20.77,28,0
CPL,D,20140311,000000,20.75,20.75,20.73,20.74,80,0
CPL,D,20140312,000000,20.7,20.7,20.55,20.7,16,0
CPL,D,20140313,000000,20.7,20.7,20.7,20.7,10,0
CPL,D,20140314,000000,20.55,20.7,19.9,19.9,294,0
CPL,D,20140317,000000,19.8,19.9,19.55,19.6,333,0
CPL,D,20140318,000000,19.8,20.6,19.65,20.26,774,0
CPL,D,20140319,000000,20.2,20.4,20.1,20.4,37,0
CPL,D,20140320,000000,20.4,20.4,20.29,20.4,236,0
CPL,D,20140321,000000,20.35,20.4,20.3,20.4,338,0
CPL,D,20140324,000000,20.4,20.4,20.3,20.4,26,0
CPL,D,20140325,000000,20.19,20.19,19,19.15,5436,0
CPL,D,20140326,000000,19.15,19.85,19.15,19.8,4740,0
CPL,D,20140327,000000,19.8,19.8,19.3,19.5,324,0
CPL,D,20140328,000000,19.4,19.5,19.2,19.49,1824,0
CPL,D,20140331,000000,19.01,19.44,19.01,19.4,262,0
CPL,D,20140401,000000,19.3,19.3,19,19,1775,0
CPL,D,20140402,000000,19,20.05,19,19.7,4093,0
CPL,D,20140403,000000,19.7,19.7,19.5,19.58,30,0
CPL,D,20140404,000000,19.7,19.7,19,19.2,163,0
CPL,D,20140407,000000,19.7,19.7,19.2,19.2,67,0
CPL,D,20140408,000000,19.5,19.5,19.35,19.4,46,0
CPL,D,20140409,000000,19.7,19.7,18.01,19,704,0
CPL,D,20140410,000000,18.5,19.5,18.03,19.5,4020,0
CPL,D,20140411,000000,19.49,19.49,18.1,18.8,2273,0
CPL,D,20140414,000000,19.09,19.09,18.28,18.5,525,0
CPL,D,20140415,000000,18.5,19.08,18.4,18.99,84,0
CPL,D,20140416,000000,18.8,18.8,18.3,18.8,924,0
CPL,D,20140417,000000,18.8,18.8,18.4,18.4,6870,0
CPL,D,20140422,000000,18.25,18.4,18.15,18.4,2144,0
CPL,D,20140423,000000,18.4,18.7,18.3,18.4,2150,0
CPL,D,20140424,000000,18.8,19,18.36,19,1323,0
CPL,D,20140425,000000,19,19,18.4,19,597,0
CPL,D,20140428,000000,19,19,18.39,19,459,0
CPL,D,20140429,000000,19.5,20.03,19,19.97,6116,0
CPL,D,20140430,000000,20,20.19,19.73,20.12,2792,0
CPL,D,20140502,000000,20.49,20.49,20,20,1406,0
CPL,D,20140505,000000,20.49,20.49,20,20,1112,0
CPL,D,20140506,000000,20,20,19.49,20,108,0
CPL,D,20140507,000000,19.6,20,18.8,20,2244,0
CPL,D,20140508,000000,19.98,19.99,19.5,19.95,687,0
CPL,D,20140509,000000,19.92,19.92,19.5,19.8,407,0
CPL,D,20140512,000000,19.9,19.9,18.8,19.9,343,0
CPL,D,20140513,000000,19.88,19.88,19.4,19.78,162,0
CPL,D,20140514,000000,19.78,19.78,19.55,19.66,817,0
CPL,D,20140515,000000,19.55,19.55,18.9,19.49,2053,0
CPL,D,20140516,000000,18.95,19.6,18.95,19.6,2233,0
CPL,D,20140519,000000,19.6,19.6,19.6,19.6,1,0
CPL,D,20140520,000000,19.51,19.6,18.75,19.6,1527,0
CPL,D,20140521,000000,19.6,19.6,17.8,19.6,1504,0
CPL,D,20140522,000000,19.6,19.72,18.25,19.72,1111,0
CPL,D,20140523,000000,19.72,19.72,19.1,19.72,353,0
CPL,D,20140526,000000,19.71,19.71,18.78,19.59,919,0
CPL,D,20140527,000000,19.7,19.7,19.21,19.68,8491,0
CPL,D,20140528,000000,19.68,19.68,19.65,19.68,124,0
CPL,D,20140529,000000,19.7,19.7,19.5,19.5,18322,0
CPL,D,20140530,000000,19.4,19.7,19.16,19.7,335,0
CPL,D,20140602,000000,19.72,20.1,19.5,20.1,4118,0
CPL,D,20140603,000000,20.08,20.08,19.92,20.08,28,0
CPL,D,20140604,000000,19,19.94,19,19.94,123,0
CPL,D,20140605,000000,19.79,20.08,19.79,20.05,1936,0
CPL,D,20140606,000000,20,20.6,19.85,20.4,13239,0
CPL,D,20140609,000000,20.39,20.39,20.21,20.3,2530,0
CPL,D,20140610,000000,19.51,20.3,19.51,19.9,14326,0
CPL,D,20140611,000000,20.3,20.3,20.3,20.3,1,0
CPL,D,20140612,000000,20.3,20.3,19.6,20,292,0
CPL,D,20140613,000000,20,20,19.06,19.25,465,0
CPL,D,20140616,000000,18.84,19.25,18.84,19.25,215,0
CPL,D,20140617,000000,19.25,19.25,19.18,19.25,19,0
CPL,D,20140618,000000,19.25,20.2,19.16,19.7,3096,0
CPL,D,20140620,000000,19.99,20,19.36,20,14231,0
CPL,D,20140623,000000,19.96,20.1,19.06,20.1,1380,0
CPL,D,20140624,000000,20.1,20.25,19.42,20.25,1268,0
CPL,D,20140625,000000,20.25,20.25,19.66,19.7,1353,0
CPL,D,20140626,000000,19.8,20.15,19.67,19.9,4781,0
CPL,D,20140627,000000,20.1,20.1,19.9,20,1661,0
CPL,D,20140630,000000,20.15,20.15,19.9,20.15,6326,0
CPL,D,20140701,000000,20.1,20.1,20,20.1,32,0
CPL,D,20140702,000000,20.07,20.8,19.9,20.39,36791,0
CPL,D,20140703,000000,20.48,20.87,20.4,20.8,31495,0
CPL,D,20140704,000000,20.8,21.65,20.8,21.35,15169,0
CPL,D,20140707,000000,21.2,21.7,21.2,21.7,2614,0
CPL,D,20140708,000000,21.8,21.8,21.2,21.4,3448,0
CPL,D,20140709,000000,21.5,21.64,21.01,21.01,3309,0
CPL,D,20140710,000000,21.1,21.1,20.39,20.4,10571,0
CPL,D,20140711,000000,20.69,20.69,20.2,20.6,585,0
CPL,D,20140714,000000,20.6,20.87,20.5,20.85,607,0
CPL,D,20140715,000000,20.85,20.9,20.3,20.67,2197,0
CPL,D,20140716,000000,20.67,20.7,20.4,20.5,454,0
CPL,D,20140717,000000,20.7,20.8,20.42,20.78,211,0
CPL,D,20140718,000000,20.41,20.7,20.41,20.7,1071,0
CPL,D,20140721,000000,20.7,20.7,20.4,20.65,957,0
CPL,D,20140722,000000,20.65,20.65,20.4,20.65,470,0
CPL,D,20140723,000000,20.65,20.65,20,20,2315,0
CPL,D,20140724,000000,20,20.4,20,20.3,816,0
CPL,D,20140725,000000,20.4,20.4,19.5,19.55,7375,0
CPL,D,20140728,000000,20,20,19.55,20,312,0
CPL,D,20140729,000000,20.1,20.16,19.65,20.16,220,0
CPL,D,20140730,000000,20.15,20.15,19.7,19.7,301,0
CPL,D,20140731,000000,20,20.23,19.65,20.06,3104,0
CPL,D,20140801,000000,20.3,20.3,19.55,20.15,3230,0
CPL,D,20140804,000000,20,20.15,20,20.15,906,0
CPL,D,20140805,000000,20.15,20.15,19.5,19.88,1775,0
CPL,D,20140806,000000,19.92,19.92,19,19.4,956,0
CPL,D,20140807,000000,19.45,19.45,19.2,19.2,724,0
CPL,D,20140808,000000,19.4,19.4,19,19.2,298,0
CPL,D,20140811,000000,19.3,19.38,19,19.34,220,0
CPL,D,20140812,000000,19.34,19.43,19.34,19.43,10,0
CPL,D,20140813,000000,19.31,19.31,18.65,19.2,3960,0
CPL,D,20140814,000000,19.43,19.43,18.7,18.71,376,0
CPL,D,20140818,000000,18.99,18.99,18.5,18.5,644,0
CPL,D,20140819,000000,18.75,18.75,18.5,18.75,164,0
CPL,D,20140820,000000,18.75,19.1,18.75,19.1,673,0
CPL,D,20140821,000000,19.1,19.2,18.51,19.2,1037,0
CPL,D,20140822,000000,18.99,19.28,18.99,19.27,490,0
CPL,D,20140825,000000,19.26,19.26,18.77,18.9,262,0
CPL,D,20140826,000000,19.1,19.4,19.1,19.38,229,0
CPL,D,20140827,000000,19,19.3,18.32,18.98,2962,0
CPL,D,20140828,000000,18.99,18.99,18.1,18.48,1653,0
CPL,D,20140829,000000,18.48,18.8,18.48,18.8,202,0
CPL,D,20140901,000000,18.4,18.85,18.4,18.85,236,0
CPL,D,20140902,000000,19.39,19.39,18.1,18.25,7114,0
CPL,D,20140903,000000,18.6,18.61,17.67,17.67,4050,0
CPL,D,20140904,000000,17.7,17.93,17.67,17.67,1623,0
CPL,D,20140905,000000,17.87,17.87,17.5,17.5,965,0
CPL,D,20140908,000000,17.49,18,17.16,17.68,7177,0
CPL,D,20140909,000000,17.69,17.69,17,17.45,634,0
CPL,D,20140910,000000,17.46,17.46,17.06,17.1,33720,0
CPL,D,20140911,000000,17.68,17.69,17,17,8872,0
CPL,D,20140912,000000,17,17.5,17,17,1848,0
CPL,D,20140915,000000,16.6,17.5,16.6,17.25,7423,0
CPL,D,20140916,000000,17.3,17.67,16.9,17,1709,0
CPL,D,20140917,000000,17.49,17.49,16.91,17.39,12554,0
CPL,D,20140918,000000,17.4,18.1,17.39,18.1,1938,0
CPL,D,20140919,000000,18.1,18.22,17.5,18.22,2685,0
CPL,D,20140922,000000,18.22,18.22,17.41,17.86,1655,0
CPL,D,20140923,000000,17.9,18.22,17.9,18.22,2808,0
CPL,D,20140924,000000,18.28,18.5,18,18.5,2017,0
CPL,D,20140925,000000,18.54,18.54,18.05,18.45,450,0
CPL,D,20140926,000000,18.4,18.45,18.4,18.45,1504,0
CPL,D,20140929,000000,18.45,18.6,18.45,18.6,1505,0
CPL,D,20140930,000000,18.6,18.75,18.4,18.75,209,0
CPL,D,20141001,000000,18.75,18.75,18.5,18.5,496,0
CPL,D,20141002,000000,18.4,18.48,18.2,18.48,751,0
CPL,D,20141003,000000,18.45,18.74,18.45,18.74,949,0
CPL,D,20141006,000000,18.73,18.74,18.3,18.7,919,0
CPL,D,20141007,000000,18.4,18.7,18.3,18.7,300,0
CPL,D,20141008,000000,18.55,18.7,18.3,18.65,582,0
CPL,D,20141009,000000,18.65,19,18.65,18.65,8693,0
CPL,D,20141010,000000,18.57,18.7,18.3,18.7,534,0
CPL,D,20141013,000000,18.59,18.59,18.3,18.3,100,0
CPL,D,20141014,000000,18.3,18.5,18.3,18.3,1049,0
CPL,D,20141015,000000,18.5,18.5,18.5,18.5,50,0
CPL,D,20141016,000000,18.5,18.6,18.3,18.31,234,0
CPL,D,20141017,000000,18.28,18.8,18.28,18.79,1831,0
CPL,D,20141020,000000,18.8,18.8,18.75,18.78,3017,0
CPL,D,20141021,000000,18.7,18.72,18.3,18.3,1409,0
CPL,D,20141022,000000,18.3,18.64,18.3,18.64,195,0
CPL,D,20141023,000000,18.77,19.35,18.7,19.24,5989,0
CPL,D,20141024,000000,19.19,19.19,19,19.19,151,0
CPL,D,20141027,000000,19.01,19.3,19.01,19.3,255,0
CPL,D,20141028,000000,19.2,19.2,18.62,18.8,1229,0
CPL,D,20141029,000000,18.79,18.79,18.51,18.51,93,0
CPL,D,20141030,000000,18.37,18.82,18.3,18.6,1396,0
CPL,D,20141031,000000,18.6,18.9,18.5,18.89,265,0
CPL,D,20141103,000000,18.89,19.14,18.5,19.14,488,0
CPL,D,20141104,000000,19.05,19.05,18.7,19,131,0
CPL,D,20141105,000000,18.9,18.9,18.35,18.35,952,0
CPL,D,20141106,000000,18.3,18.63,18.3,18.63,150,0
CPL,D,20141107,000000,18.3,18.64,18.3,18.3,678,0
CPL,D,20141110,000000,18.3,18.62,18.3,18.62,56,0
CPL,D,20141112,000000,18.31,18.55,18.15,18.53,849,0
CPL,D,20141113,000000,18.14,18.39,18.14,18.39,180,0
CPL,D,20141114,000000,18.38,18.39,18.29,18.29,233,0
CPL,D,20141117,000000,18.28,18.54,18.01,18.3,2562,0
CPL,D,20141118,000000,18.55,19.1,18.5,19.1,5666,0
CPL,D,20141119,000000,19.1,19.48,19.1,19.48,1921,0
CPL,D,20141120,000000,19.48,20.77,19.44,20.5,8960,0
CPL,D,20141121,000000,20.2,21,19.65,20.25,3042,0
CPL,D,20141124,000000,20.19,20.2,19.75,20.01,648,0
CPL,D,20141125,000000,19.75,19.75,19.31,19.7,1274,0
CPL,D,20141126,000000,19.7,21,19.61,20.99,6374,0
CPL,D,20141127,000000,21,21,20.8,21,2389,0
CPL,D,20141128,000000,21,21.65,21,21.49,8096,0
CPL,D,20141201,000000,21.49,21.75,21.2,21.74,4355,0
CPL,D,20141202,000000,21.7,21.7,21.45,21.6,286,0
CPL,D,20141203,000000,21.4,21.53,21,21.5,1956,0
CPL,D,20141204,000000,21.5,21.8,21.3,21.7,4820,0
CPL,D,20141205,000000,21.7,21.7,21,21.29,12700,0
CPL,D,20141208,000000,21.27,21.7,21,21.6,1046,0
CPL,D,20141209,000000,21.19,21.3,21,21.29,1745,0
CPL,D,20141210,000000,21.33,21.6,21.33,21.49,3635,0
CPL,D,20141211,000000,21.25,21.78,21.25,21.78,4419,0
CPL,D,20141212,000000,21.7,21.9,21.7,21.9,3091,0
CPL,D,20141215,000000,21.94,22.9,21.94,22.9,2284,0
CPL,D,20141216,000000,22.8,23,21.85,23,4538,0
CPL,D,20141217,000000,22.7,22.85,22,22.85,1014,0
CPL,D,20141218,000000,22.7,22.7,22.3,22.5,335,0
CPL,D,20141219,000000,22.5,23,22.5,22.5,3359,0
CPL,D,20141222,000000,22.3,23.77,22.1,23,2495,0
CPL,D,20141223,000000,22.5,22.6,22.4,22.6,1674,0
CPL,D,20141229,000000,22.3,22.3,21.91,22.1,2997,0
CPL,D,20141230,000000,22,22.25,21.95,22.1,3815,0
CPL,D,20150102,000000,22,22.23,21.7,22.2,565,0
CPL,D,20150107,000000,21.7,22,21.2,21.9,4090,0
CPL,D,20150108,000000,21.2,21.79,20.15,21.79,6543,0
CPL,D,20150109,000000,21.25,21.75,20.58,21.75,4533,0
CPL,D,20150112,000000,21.73,22,20.65,22,2263,0
CPL,D,20150113,000000,21.66,22.2,21.66,22,1473,0
CPL,D,20150114,000000,22,22.49,21.9,21.99,1112,0
CPL,D,20150115,000000,21.76,22,21.47,22,1187,0
CPL,D,20150116,000000,21.69,21.8,21.69,21.8,21,0
CPL,D,20150119,000000,21.47,21.47,21.47,21.47,73,0
CPL,D,20150120,000000,21.32,21.32,20.51,20.52,2095,0
CPL,D,20150122,000000,20.85,20.9,20.85,20.9,35,0
CPL,D,20150123,000000,20.9,21.35,20.9,21.35,598,0
CPL,D,20150126,000000,21.35,21.35,21.35,21.35,5,0
CPL,D,20150127,000000,21,21,20.5,20.5,95,0
CPL,D,20150128,000000,21,21,20.75,21,202,0
CPL,D,20150130,000000,21.34,21.34,20.76,21.15,170,0
CPL,D,20150202,000000,21.16,21.16,20.75,20.75,246,0
CPL,D,20150203,000000,21.5,21.5,21.2,21.2,1250,0
CPL,D,20150204,000000,21,21,19.76,19.99,9845,0
CPL,D,20150205,000000,20.24,20.24,19.7,19.7,408,0
CPL,D,20150206,000000,19.98,19.98,19.98,19.98,108,0
CPL,D,20150209,000000,19.7,19.7,19.21,19.49,785,0
CPL,D,20150210,000000,19.68,19.94,19.52,19.94,522,0
CPL,D,20150211,000000,19.95,20.48,19.52,20.48,1165,0
CPL,D,20150212,000000,20.05,20.05,20,20,383,0
CPL,D,20150213,000000,20,20.19,19.65,20,1270,0
CPL,D,20150216,000000,19.62,20,19.62,20,259,0
CPL,D,20150217,000000,19.62,19.99,19.55,19.99,295,0
CPL,D,20150218,000000,19.7,20,19.5,20,215,0
CPL,D,20150219,000000,19.5,20.02,19.47,20.02,305,0
CPL,D,20150220,000000,19.25,20.02,19.15,20.02,15035,0
CPL,D,20150223,000000,20.1,20.1,20,20,330,0
CPL,D,20150224,000000,19.7,19.74,19.2,19.21,2763,0
CPL,D,20150225,000000,19.18,19.25,19,19.24,2022,0
CPL,D,20150226,000000,19.24,19.45,19.17,19.39,1744,0
CPL,D,20150227,000000,19.4,19.78,19.4,19.65,606,0
CPL,D,20150302,000000,19.4,19.4,19.32,19.32,150,0
CPL,D,20150303,000000,19.6,19.6,19.4,19.4,29,0
CPL,D,20150304,000000,19.17,19.3,19.05,19.3,811,0
CPL,D,20150305,000000,19.3,19.4,19.3,19.4,266,0
CPL,D,20150306,000000,19.55,20.34,19.55,20.34,1256,0
CPL,D,20150309,000000,20.54,20.54,19.8,20.37,250,0
CPL,D,20150310,000000,20.4,20.4,19.8,19.8,1109,0
CPL,D,20150311,000000,19.8,19.8,19.8,19.8,856,0
CPL,D,20150312,000000,19.62,19.62,19.62,19.62,102,0
CPL,D,20150313,000000,19.63,20,19.63,20,235,0
CPL,D,20150316,000000,19.9,20.95,19.9,20.95,2042,0
CPL,D,20150317,000000,20.9,20.9,19.57,19.76,2061,0
CPL,D,20150318,000000,19.76,19.9,19.57,19.9,1308,0
CPL,D,20150319,000000,19.99,20.05,19.99,20.05,1114,0
CPL,D,20150320,000000,20.25,20.5,19.29,19.8,3150,0
CPL,D,20150323,000000,19.29,19.6,18.85,19.34,3984,0
CPL,D,20150324,000000,19.5,19.5,19.2,19.4,678,0
CPL,D,20150326,000000,19.2,19.2,19,19.12,293,0
CPL,D,20150327,000000,19.12,19.12,19,19.12,598,0
CPL,D,20150330,000000,19,19.99,19,19.99,5653,0
CPL,D,20150331,000000,19.99,20.16,19.45,19.5,24033,0
CPL,D,20150401,000000,19.8,19.8,19.75,19.8,10250,0
CPL,D,20150402,000000,19.8,19.9,19.4,19.7,786,0
CPL,D,20150407,000000,19.8,19.89,19.75,19.75,306,0
CPL,D,20150408,000000,19.87,19.98,19.85,19.98,12105,0
CPL,D,20150409,000000,19.98,19.98,19.9,19.9,162,0
CPL,D,20150410,000000,19.87,20.1,19.6,20.1,1470,0
CPL,D,20150413,000000,20.15,20.15,20.15,20.15,257,0
CPL,D,20150414,000000,20,20,19.6,19.6,272,0
CPL,D,20150415,000000,19.6,19.8,19.6,19.8,340,0
CPL,D,20150416,000000,19.6,19.8,19.6,19.8,56,0
CPL,D,20150417,000000,19.4,19.64,19.4,19.64,155,0
CPL,D,20150420,000000,19.64,19.64,19.64,19.64,100,0
CPL,D,20150421,000000,19.4,19.64,19.4,19.64,207,0
CPL,D,20150422,000000,19.64,19.64,19.64,19.64,198,0
CPL,D,20150423,000000,19.8,19.8,19.3,19.6,209,0
CPL,D,20150424,000000,19.6,19.95,19.6,19.95,62599,0
CPL,D,20150427,000000,20,20.7,20,20.25,2183,0
CPL,D,20150428,000000,20.25,20.3,20,20.3,60,0
CPL,D,20150429,000000,20,20,19.93,19.93,150,0
CPL,D,20150430,000000,20,20.3,20,20.29,204,0
CPL,D,20150504,000000,20.16,20.16,19.7,19.7,750,0
CPL,D,20150505,000000,19.96,19.97,19.96,19.97,1000,0
CPL,D,20150506,000000,19.7,20,19.7,20,1810,0
CPL,D,20150508,000000,20,20,19.75,20,424,0
CPL,D,20150511,000000,19.8,19.8,19.8,19.8,600,0
CPL,D,20150512,000000,20,20.1,20,20.1,250,0
CPL,D,20150513,000000,20.19,20.4,20.19,20.4,448,0
CPL,D,20150514,000000,20,20.1,19.8,20.1,825,0
CPL,D,20150515,000000,20,20.2,19.73,20.2,973,0
CPL,D,20150518,000000,20,20.2,19.9,20.2,233,0
CPL,D,20150519,000000,20.2,20.4,19.86,20.4,920,0
CPL,D,20150520,000000,20.01,20.3,20.01,20.3,68,0
CPL,D,20150521,000000,20.3,20.3,20,20.2,81,0
CPL,D,20150522,000000,19.72,19.75,19.72,19.75,376,0
CPL,D,20150525,000000,19.53,19.7,19.3,19.7,1054,0
CPL,D,20150526,000000,19.7,19.7,19.65,19.7,158,0
CPL,D,20150527,000000,19.7,20,19.7,20,515,0
CPL,D,20150528,000000,20,20.2,20,20.2,820,0
CPL,D,20150529,000000,20.2,20.2,20,20,200,0
CPL,D,20150601,000000,20.2,20.2,19.7,19.7,988,0
CPL,D,20150602,000000,20,20,20,20,127,0
CPL,D,20150605,000000,19.99,19.99,19.99,19.99,49,0
CPL,D,20150608,000000,19.7,19.7,19.55,19.55,325,0
CPL,D,20150609,000000,19.5,19.55,19.5,19.5,385,0
CPL,D,20150610,000000,19.99,20,19.99,20,7,0
CPL,D,20150615,000000,19.4,19.4,19.4,19.4,1,0
CPL,D,20150616,000000,19.35,19.35,19.35,19.35,100,0
CPL,D,20150617,000000,19.25,19.7,19.25,19.7,85,0
CPL,D,20150618,000000,19.25,19.69,19.25,19.69,53,0
CPL,D,20150619,000000,19.15,19.68,19.15,19.68,262,0
CPL,D,20150623,000000,19.05,19.68,19.03,19.68,187,0
CPL,D,20150624,000000,19,19.35,19,19.35,95,0
CPL,D,20150625,000000,19.68,19.68,18.85,19.5,446,0
CPL,D,20150626,000000,19.4,19.65,19.4,19.6,155,0
CPL,D,20150629,000000,19,19.8,19,19.8,650,0
CPL,D,20150630,000000,19.8,19.8,19.8,19.8,30,0
CPL,D,20150701,000000,19.69,19.69,19.65,19.65,55,0
CPL,D,20150702,000000,19.65,19.65,19.65,19.65,10,0
CPL,D,20150703,000000,19.2,19.8,19.2,19.8,2127,0
CPL,D,20150706,000000,19.2,19.25,19.2,19.25,72,0
CPL,D,20150707,000000,19.25,19.25,19.25,19.25,43,0
CPL,D,20150708,000000,19.25,19.25,18.6,19,238,0
CPL,D,20150710,000000,18.5,19.22,18.5,19.22,180,0
CPL,D,20150713,000000,18.35,19.4,18.35,19.4,783,0
CPL,D,20150715,000000,19,19,19,19,75,0
CPL,D,20150716,000000,19.3,20,19,19.99,2619,0
CPL,D,20150717,000000,19.9,19.9,19.8,19.9,824,0
CPL,D,20150720,000000,19.55,20,19.51,20,182,0
CPL,D,20150721,000000,20.08,20.4,20,20.4,5010,0
CPL,D,20150722,000000,20.02,20.4,19.99,19.99,437,0
CPL,D,20150723,000000,19.83,20.1,19.83,20.09,1058,0
CPL,D,20150724,000000,20.4,20.41,19.91,20.25,1823,0
CPL,D,20150727,000000,19.83,19.83,19.83,19.83,104,0
CPL,D,20150728,000000,19.99,19.99,19.99,19.99,10,0
CPL,D,20150730,000000,19.9,19.9,18.58,19.82,927,0
CPL,D,20150731,000000,19.6,19.99,19.6,19.99,287,0
CPL,D,20150803,000000,19.8,19.99,19.8,19.99,2165,0
CPL,D,20150804,000000,19.99,20.2,19.02,20.2,8985,0
CPL,D,20150805,000000,20.49,20.5,20.49,20.5,777,0
CPL,D,20150810,000000,19.6,20.39,19.6,20.01,1100,0
CPL,D,20150811,000000,20.05,20.05,20.05,20.05,32,0
CPL,D,20150812,000000,20.01,20.01,20.01,20.01,180,0
CPL,D,20150813,000000,20.5,20.5,20.5,20.5,1,0
CPL,D,20150814,000000,20.01,20.3,20.01,20.3,51,0
CPL,D,20150817,000000,20.02,20.3,20.02,20.3,91,0
CPL,D,20150818,000000,20.01,20.3,20.01,20.2,623,0
CPL,D,20150819,000000,20.3,20.3,20.3,20.3,1,0
CPL,D,20150821,000000,20.01,20.01,20.01,20.01,1001,0
CPL,D,20150824,000000,19.6,19.6,19.6,19.6,1000,0
CPL,D,20150827,000000,19,19.75,18.35,19.75,143,0
CPL,D,20150828,000000,19.75,19.75,19.75,19.75,100,0
CPL,D,20150831,000000,19,19.4,19,19.4,820,0
CPL,D,20150901,000000,19,19.4,18.4,19.4,53,0
CPL,D,20150907,000000,18.77,19.28,18.77,19.28,147,0
CPL,D,20150908,000000,19.27,19.27,19.27,19.27,100,0
CPL,D,20150909,000000,18.77,18.77,18.36,18.36,251,0
CPL,D,20150910,000000,18.37,18.37,18.37,18.37,100,0
CPL,D,20150911,000000,18.58,18.58,18.44,18.44,170,0
CPL,D,20150914,000000,18.4,18.7,18.4,18.7,464,0
CPL,D,20150915,000000,19,19,19,19,586,0
CPL,D,20150916,000000,19,19,19,19,2525,0
CPL,D,20150917,000000,19,19,19,19,244,0
CPL,D,20150918,000000,19,19.1,19,19.1,291,0
CPL,D,20150921,000000,19.1,19.1,19.1,19.1,100,0
CPL,D,20150922,000000,19.08,19.08,19.08,19.08,10,0
CPL,D,20150923,000000,18.58,19,18.58,19,37,0
CPL,D,20150924,000000,19,19,19,19,30,0
CPL,D,20150925,000000,19,19,19,19,300,0
CPL,D,20150928,000000,18.95,19.02,18.95,19.02,1850,0
CPL,D,20150929,000000,18.5,19.08,18.5,19.08,241,0
CPL,D,20150930,000000,19.08,19.08,19.08,19.08,20,0
CPL,D,20151002,000000,19,19,19,19,190,0
CPL,D,20151006,000000,19.08,19.08,19.08,19.08,38,0
CPL,D,20151012,000000,19,19,18.4,18.4,2053,0
CPL,D,20151013,000000,18.4,18.99,18.4,18.99,1948,0
CPL,D,20151014,000000,18.41,18.99,18.41,18.99,154,0
CPL,D,20151015,000000,18.4,18.4,18.4,18.4,1111,0
CPL,D,20151016,000000,18.41,18.41,18.41,18.41,186,0
CPL,D,20151019,000000,18.41,18.41,18.41,18.41,15,0
CPL,D,20151020,000000,18.4,18.4,18.4,18.4,3000,0
CPL,D,20151021,000000,18.4,18.4,18.4,18.4,108,0
CPL,D,20151022,000000,18.4,18.4,18.4,18.4,100,0
CPL,D,20151023,000000,18.4,18.4,18.4,18.4,145,0
CPL,D,20151026,000000,18.4,18.4,18.4,18.4,3,0
CPL,D,20151028,000000,18.4,18.4,18.4,18.4,150,0
CPL,D,20151029,000000,18.4,18.4,18.4,18.4,20,0
CPL,D,20151102,000000,18.97,18.97,18.97,18.97,60,0
CPL,D,20151103,000000,18.4,18.4,18.4,18.4,1194,0
CPL,D,20151104,000000,18.4,18.4,18.4,18.4,2371,0
CPL,D,20151106,000000,18.4,18.4,18.4,18.4,357,0
CPL,D,20151109,000000,18.4,18.4,18.4,18.4,175,0
CPL,D,20151110,000000,18.27,18.58,18.27,18.58,252,0
CPL,D,20151112,000000,17.7,17.7,17.7,17.7,674,0
CPL,D,20151113,000000,17,17,17,17,9625,0
CPL,D,20151116,000000,16.27,16.27,16.25,16.25,512,0
CPL,D,20151117,000000,15,15,15,15,877,0
CPL,D,20151118,000000,14.49,14.49,14.49,14.49,1200,0
CPL,D,20151119,000000,14,14,14,14,2040,0
CPL,D,20151120,000000,13.88,13.88,13.88,13.88,649,0
CPL,D,20151123,000000,13.5,13.5,13.5,13.5,850,0
CPL,D,20151124,000000,13,13.5,13,13.5,776,0
CPL,D,20151125,000000,13.44,13.44,13.44,13.44,200,0
CPL,D,20151126,000000,13.44,13.44,13.44,13.44,106,0
CPL,D,20151130,000000,12.55,13.8,12.55,13.8,81,0
CPL,D,20151203,000000,12.4,12.49,12.4,12.49,325,0
CPL,D,20151204,000000,11.06,11.06,9.02,9.02,1292,0
CPL,D,20151207,000000,10,10,10,10,549,0
CPL,D,20151208,000000,10,10,10,10,805,0
CPL,D,20151209,000000,10.5,11.5,10.5,11.5,332,0
CPL,D,20151210,000000,11.5,11.5,11.5,11.5,8,0
CPL,D,20151211,000000,11.49,11.5,11.49,11.5,5,0
CPL,D,20151214,000000,10,10,10,10,503,0
CPL,D,20151216,000000,10,10,10,10,1931,0
CPL,D,20151217,000000,9.9,9.9,9.9,9.9,5727,0
CPL,D,20151218,000000,9.9,9.9,9.9,9.9,1019,0
CPL,D,20151223,000000,8,10,8,10,1073,0
CPL,D,20151229,000000,9.99,9.99,9.99,9.99,5,0
CPL,D,20151230,000000,9,9,8.2,8.2,5381,0
CPL,D,20160104,000000,8.2,8.2,8,8,2283,0
CPL,D,20160105,000000,7.8,7.8,7.6,7.6,1240,0
CPL,D,20160107,000000,7.7,7.77,7,7.45,6791,0
CPL,D,20160108,000000,7.45,7.7,7.25,7.7,1096,0
CPL,D,20160111,000000,7.7,8.25,7.7,8.25,1441,0
CPL,D,20160112,000000,9,9.25,9,9.25,552,0
CPL,D,20160113,000000,9.5,9.5,9,9,685,0
CPL,D,20160114,000000,8.99,9,8.49,8.9,1131,0
CPL,D,20160115,000000,8.9,8.9,8.54,8.9,256,0
CPL,D,20160118,000000,8.9,8.9,8.49,8.49,858,0
CPL,D,20160119,000000,8.49,8.49,8.48,8.48,13483,0
CPL,D,20160120,000000,8.05,8.05,8,8,150,0
CPL,D,20160121,000000,7.4,7.4,7.4,7.4,250,0
CPL,D,20160122,000000,7.39,7.9,7,7.01,1173,0
CPL,D,20160125,000000,7.6,7.6,7.6,7.6,10,0
CPL,D,20160128,000000,7.25,7.25,7.1,7.1,2732,0
CPL,D,20160129,000000,7.22,7.22,6.7,6.7,1752,0
CPL,D,20160201,000000,6.6,7.23,6.6,7.23,22,0
CPL,D,20160202,000000,6.85,7.11,6.8,7.11,805,0
CPL,D,20160203,000000,6.8,6.99,6.6,6.99,2584,0
CPL,D,20160204,000000,6.98,6.98,6.98,6.98,143,0
CPL,D,20160205,000000,6.7,7.19,6.7,7.19,2946,0
CPL,D,20160208,000000,7.14,7.35,7.14,7.35,1877,0
CPL,D,20160209,000000,7.2,7.33,7.2,7.33,1361,0
CPL,D,20160210,000000,7.35,7.43,7.35,7.43,415,0
CPL,D,20160215,000000,7.52,8,7.25,7.25,1244,0
CPL,D,20160216,000000,7.5,7.8,7.5,7.8,418,0
CPL,D,20160217,000000,7.8,8.3,7.8,8.3,180,0
CPL,D,20160218,000000,8.3,8.3,8,8.3,1022,0
CPL,D,20160222,000000,8.3,8.32,8.3,8.32,1000,0
CPL,D,20160224,000000,8,8.32,8,8.32,32,0
CPL,D,20160301,000000,8.05,8.32,8.05,8.3,207,0
CPL,D,20160302,000000,8.89,8.89,8.89,8.89,20,0
CPL,D,20160303,000000,8.2,8.89,8.2,8.89,856,0
CPL,D,20160307,000000,8.2,8.88,8.2,8.88,271,0
CPL,D,20160308,000000,8.88,8.89,8.88,8.89,280,0
CPL,D,20160315,000000,8.89,8.89,8.89,8.89,10,0
CPL,D,20160316,000000,8.88,9.48,8.5,9.48,168,0
CPL,D,20160318,000000,8.54,8.99,8.54,8.99,321,0
CPL,D,20160321,000000,8.9,10,8.21,10,4186,0
CPL,D,20160322,000000,10.1,11,10.1,11,4482,0
CPL,D,20160323,000000,11.9,11.9,11.9,11.9,337,0
CPL,D,20160324,000000,11,11.5,11,11.5,336,0
CPL,D,20160329,000000,10.8,11.5,10.8,11.5,255,0
CPL,D,20160331,000000,11.49,11.49,11.49,11.49,44,0
CPL,D,20160405,000000,11.49,11.49,11.45,11.45,1189,0
CPL,D,20160406,000000,11,11,11,11,8260,0
CPL,D,20160408,000000,10.9,10.9,10.9,10.9,10,0
CPL,D,20160412,000000,10.1,10.11,10.1,10.11,781,0
CPL,D,20160413,000000,10.1,10.5,10.1,10.5,102,0
CPL,D,20160418,000000,10.4,10.4,10.4,10.4,6,0
CPL,D,20160421,000000,9.81,10,9.81,10,65,0
CPL,D,20160502,000000,10,10.49,9.8,10,2085,0
CPL,D,20160504,000000,10,10,10,10,61,0
CPL,D,20160505,000000,10,10,9.63,10,257,0
CPL,D,20160506,000000,10.04,10.04,10,10,2,0
CPL,D,20160509,000000,10.04,10.04,10,10,2,0
CPL,D,20160510,000000,10.04,10.04,9.63,10,207,0
CPL,D,20160511,000000,10,10,10,10,2,0
CPL,D,20160512,000000,10,10,10,10,2,0
CPL,D,20160513,000000,9.6,9.6,9.6,9.6,1271,0
CPL,D,20160516,000000,8.9,8.9,6.86,7.15,13432,0
CPL,D,20160517,000000,7.19,7.19,6.98,6.98,5147,0
CPL,D,20160518,000000,6.98,6.98,6.4,6.4,4267,0
CPL,D,20160519,000000,6.75,6.75,6,6,12670,0
CPL,D,20160520,000000,6.09,6.25,6,6.06,7471,0
CPL,D,20160523,000000,6.4,6.4,5.94,5.95,2556,0
CPL,D,20160524,000000,6.29,6.29,5.81,6.09,3285,0
CPL,D,20160525,000000,6.19,6.19,5.82,5.99,1843,0
CPL,D,20160527,000000,5.99,5.99,5.72,5.8,1352,0
CPL,D,20160530,000000,5.99,5.99,5.98,5.98,2,0
CPL,D,20160531,000000,5.98,5.98,5.66,5.8,3456,0
CPL,D,20160601,000000,5.8,5.8,5.03,5.44,5437,0
CPL,D,20160602,000000,5.44,5.44,5.43,5.43,502,0
CPL,D,20160603,000000,5.43,5.43,5.25,5.25,158,0
CPL,D,20160606,000000,5.43,5.43,5.1,5.1,3666,0
CPL,D,20160607,000000,5.1,5.1,4.69,4.75,789,0
CPL,D,20160608,000000,4.69,4.92,4.62,4.65,11850,0
CPL,D,20160609,000000,4.72,5,4.72,4.84,4585,0
CPL,D,20160610,000000,4.95,4.95,4.63,4.63,4327,0
CPL,D,20160613,000000,4.67,4.67,4.48,4.62,4166,0
CPL,D,20160614,000000,4.62,4.62,4.01,4.28,7582,0
CPL,D,20160615,000000,4.28,4.28,3.97,4,5128,0
CPL,D,20160616,000000,3.96,3.96,3.75,3.8,4256,0
CPL,D,20160617,000000,3.75,4.3,3.53,4.3,10028,0
CPL,D,20160620,000000,4.3,4.51,4.3,4.51,1731,0
CPL,D,20160621,000000,4.52,5.05,4.52,5.05,3606,0
CPL,D,20160622,000000,5.57,5.65,5.51,5.65,1117,0
CPL,D,20160623,000000,5.65,6.21,5.48,6.21,5627,0
CPL,D,20160624,000000,5.45,7.09,5.45,7.09,3284,0
CPL,D,20160627,000000,7.08,7.08,6.5,6.5,961,0
CPL,D,20160628,000000,6.5,6.5,6.44,6.44,45,0
CPL,D,20160629,000000,6.44,6.44,6,6,1014,0
CPL,D,20160630,000000,5.8,5.8,5.5,5.52,2751,0
CPL,D,20160701,000000,5.5,5.69,5.5,5.69,17,0
CPL,D,20160704,000000,5.6,5.6,5.5,5.51,1846,0
CPL,D,20160705,000000,5.78,5.78,5.1,5.4,71,0
CPL,D,20160706,000000,5.75,5.75,5.4,5.4,260,0
CPL,D,20160707,000000,5.4,5.4,5.4,5.4,40,0
CPL,D,20160708,000000,5.75,5.75,5.39,5.39,236,0
CPL,D,20160711,000000,5.75,5.75,5.75,5.75,31,0
CPL,D,20160712,000000,5.75,5.75,5.75,5.75,4,0
CPL,D,20160713,000000,5.75,5.75,5.75,5.75,2,0
CPL,D,20160714,000000,5.75,5.75,5.47,5.75,6,0
CPL,D,20160715,000000,5.75,5.75,5.34,5.58,3598,0
CPL,D,20160718,000000,5.45,5.75,5.28,5.75,8485,0
CPL,D,20160719,000000,5.74,5.74,5.74,5.74,2,0
CPL,D,20160720,000000,5.75,5.75,5.75,5.75,15,0
CPL,D,20160721,000000,5.73,5.73,5.73,5.73,2,0
CPL,D,20160722,000000,5.75,5.75,5.39,5.39,1557,0
CPL,D,20160725,000000,5.5,5.5,5,5.07,2337,0
CPL,D,20160726,000000,5.02,5.03,5,5,202,0
CPL,D,20160727,000000,4.98,5.46,4.97,5.46,4187,0
CPL,D,20160728,000000,5.64,5.64,5.09,5.44,2769,0
CPL,D,20160729,000000,5.63,6.01,5.31,6,3108,0
CPL,D,20160801,000000,6,6.5,6,6.5,510,0
CPL,D,20160802,000000,6,6.47,5.65,6.3,3599,0
CPL,D,20160804,000000,6.46,6.6,6.3,6.3,445,0
CPL,D,20160805,000000,6.66,6.66,6.66,6.66,30,0
CPL,D,20160808,000000,6.11,6.41,6.11,6.12,938,0
CPL,D,20160809,000000,6.51,6.51,6.4,6.5,865,0
CPL,D,20160810,000000,6.5,6.9,6.11,6.9,4381,0
CPL,D,20160811,000000,6.95,6.95,6.8,6.8,17,0
CPL,D,20160812,000000,6.7,7,6.21,6.41,5591,0
CPL,D,20160816,000000,6.42,7,6.42,7,1982,0
CPL,D,20160817,000000,7.04,7.04,6.42,6.95,748,0
CPL,D,20160818,000000,6.52,6.95,6.52,6.95,65,0
CPL,D,20160819,000000,6.95,6.95,6.95,6.95,10,0
CPL,D,20160822,000000,7,7.39,7,7.39,793,0
CPL,D,20160823,000000,7.39,7.99,7.39,7.93,450,0
CPL,D,20160824,000000,7.9,7.9,7.9,7.9,11,0
CPL,D,20160829,000000,6.75,7.39,6.7,6.7,18,0
CPL,D,20160830,000000,7.4,7.4,6,6,3771,0
CPL,D,20160831,000000,5.51,6.06,5.51,5.95,2437,0
CPL,D,20160901,000000,5.9,5.95,5.9,5.95,130,0
CPL,D,20160902,000000,5.98,6.18,5.5,6.18,2884,0
CPL,D,20160905,000000,5.61,6.18,5.61,6.18,349,0
CPL,D,20160906,000000,5.65,6.1,5.65,5.65,399,0
CPL,D,20160907,000000,5.7,6.18,5.7,6.18,110,0
CPL,D,20160916,000000,5.65,5.95,5.65,5.95,414,0
CPL,D,20160919,000000,5.6,5.94,5.6,5.94,320,0
CPL,D,20160920,000000,5.88,5.88,5.88,5.88,74,0
CPL,D,20160922,000000,5.94,5.94,5.94,5.94,10,0
CPL,D,20160923,000000,5.94,5.94,5.94,5.94,30,0
CPL,D,20160929,000000,5.55,5.85,5.02,5.02,999,0
CPL,D,20160930,000000,5.02,5.29,4.52,4.8,4591,0
CPL,D,20161003,000000,4.54,4.54,4.53,4.53,430,0
CPL,D,20161004,000000,4.53,4.53,4.53,4.53,300,0
CPL,D,20161010,000000,4.79,4.79,4.79,4.79,58,0
CPL,D,20161012,000000,4.06,4.06,4.06,4.06,56,0
CPL,D,20161018,000000,4.06,4.06,4.06,4.06,58,0
CPL,D,20161020,000000,4.1,4.1,4.1,4.1,100,0
CPL,D,20161021,000000,4.76,4.76,4.76,4.76,30,0
CPL,D,20161024,000000,4.8,4.8,4.8,4.8,700,0
CPL,D,20161026,000000,4.8,4.8,4.8,4.8,3,0
CPL,D,20161121,000000,4.55,4.55,4.55,4.55,1783,0
CPL,D,20161122,000000,3.9,3.9,3.88,3.88,8605,0
CPL,D,20161123,000000,3.38,3.38,3,3,16166,0
CPL,D,20161124,000000,3,3,3,3,17699,0
CPL,D,20161125,000000,3,3,3,3,6500,0
CPL,D,20161128,000000,3,3,3,3,21000,0
CPL,D,20161129,000000,3,3,2.9,2.9,398,0
CPL,D,20161130,000000,3,3,3,3,10769,0
CPL,D,20161201,000000,3,3,3,3,500,0
CPL,D,20161202,000000,2.71,2.71,2.71,2.71,500,0
CPL,D,20161205,000000,2.71,2.71,2.71,2.71,500,0
CPL,D,20161207,000000,2.72,2.8,2.72,2.8,4831,0
CPL,D,20161208,000000,3,3,3,3,9758,0
CPL,D,20161209,000000,3,3,3,3,1060,0
CPL,D,20161212,000000,3.48,3.48,3.48,3.48,100,0
CPL,D,20161213,000000,3.65,3.66,3.65,3.66,26776,0
CPL,D,20161214,000000,3.66,3.89,3.66,3.89,606,0
CPL,D,20161215,000000,4.2,4.2,4.2,4.2,50,0
CPL,D,20161216,000000,4.19,4.19,4.19,4.19,10,0
CPL,D,20161219,000000,4.29,4.29,4.29,4.29,8,0
CPL,D,20161220,000000,4.2,4.2,4.2,4.2,5,0
CPL,D,20161222,000000,4.1,4.1,4.1,4.1,100,0
CPL,D,20161228,000000,3.17,3.17,3.17,3.17,367,0
CPL,D,20161229,000000,3.5,3.5,3.5,3.5,50,0
CPL,D,20170102,000000,3.6,3.6,3.6,3.6,821,0
CPL,D,20170103,000000,3.5,3.5,3.5,3.5,476,0
CPL,D,20170110,000000,3.5,3.5,3.5,3.5,331,0
CPL,D,20170111,000000,3.45,3.45,3.45,3.45,10398,0
CPL,D,20170118,000000,3.5,3.5,3.5,3.5,3,0
CPL,D,20170119,000000,3.6,3.6,3.6,3.6,5,0
CPL,D,20170124,000000,3.95,3.95,3.95,3.95,50,0
CPL,D,20170126,000000,3.93,3.93,3.93,3.93,1084,0
CPL,D,20170130,000000,3.93,3.93,3.93,3.93,2010,0
CPL,D,20170201,000000,3.61,3.9,3.61,3.9,1202,0
CPL,D,20170202,000000,3.7,3.7,3.7,3.7,1330,0
CPL,D,20170203,000000,3.7,3.7,3.7,3.7,21,0
CPL,D,20170206,000000,3.7,3.7,3.7,3.7,100,0
CPL,D,20170208,000000,3.7,3.98,3.7,3.98,59,0
CPL,D,20170214,000000,3.98,3.98,3.98,3.98,1933,0
CPL,D,20170215,000000,3.62,4,3.62,4,4049,0
CPL,D,20170220,000000,3.62,3.62,3.62,3.62,170,0
CPL,D,20170221,000000,3.63,3.63,3.63,3.63,790,0
CPL,D,20170222,000000,3.99,3.99,3.62,3.62,210,0
CPL,D,20170223,000000,3.62,3.62,3.62,3.62,587,0
CPL,D,20170227,000000,3.63,3.63,3.63,3.63,6,0
CPL,D,20170301,000000,3.63,3.63,3.63,3.63,99,0
CPL,D,20170302,000000,3.99,3.99,3.99,3.99,923,0
CPL,D,20170303,000000,4,4,4,4,3436,0
CPL,D,20170307,000000,4.01,4.01,4.01,4.01,200,0
CPL,D,20170308,000000,4.07,4.07,4.07,4.07,2320,0
CPL,D,20170314,000000,4.46,4.46,4.2,4.2,697,0
CPL,D,20170324,000000,4.19,4.19,4.19,4.19,260,0
CPL,D,20170328,000000,4.18,4.2,4.18,4.2,23428,0
CPL,D,20170329,000000,4.21,4.21,4.21,4.21,2266,0
CPL,D,20170330,000000,4.6,4.6,4.6,4.6,524,0
CPL,D,20170404,000000,4.5,4.5,4.5,4.5,13333,0
CPL,D,20170508,000000,4.19,4.38,4.19,4.38,600,0
CPL,D,20170510,000000,4.4,4.4,4.4,4.4,1154,0
CPL,D,20170518,000000,4.5,4.5,4.5,4.5,5585,0
CPL,D,20170519,000000,4.5,4.5,4.5,4.5,50,0
CPL,D,20170524,000000,4.75,4.75,4.75,4.75,290,0
CPL,D,20170525,000000,4.5,4.8,4.5,4.8,809,0
CPL,D,20170526,000000,4.8,4.8,4.8,4.8,665,0
CPL,D,20170529,000000,4.99,4.99,4.99,4.99,5,0
CPL,D,20170530,000000,4.99,4.99,4.99,4.99,1487,0
CPL,D,20170601,000000,5,5,5,5,1300,0
CPL,D,20170602,000000,5.2,5.2,5.2,5.2,350,0
CPL,D,20170605,000000,5.5,5.5,5.5,5.5,3296,0
CPL,D,20170606,000000,5.8,5.8,5.79,5.79,71,0
CPL,D,20170607,000000,6.15,6.15,6.15,6.15,296,0
CPL,D,20170608,000000,6.2,6.2,6.2,6.2,1943,0
CPL,D,20170609,000000,6.4,6.4,6,6,519,0
CPL,D,20170613,000000,6,6.15,6,6.15,386,0
CPL,D,20170616,000000,6.4,6.4,6.4,6.4,1,0
CPL,D,20170619,000000,6.4,6.4,6.4,6.4,1000,0
CPL,D,20170623,000000,6.4,6.4,6.4,6.4,10,0
CPL,D,20170627,000000,6.1,6.1,6.1,6.1,750,0
CPL,D,20170628,000000,6.4,6.4,6.4,6.4,1,0
CPL,D,20170717,000000,6.4,6.4,6.4,6.4,450,0
CPL,D,20170725,000000,5,5,5,5,116,0
CPL,D,20170727,000000,6.4,6.4,6.4,6.4,20,0
CPL,D,20170801,000000,6.37,6.38,6.37,6.38,1842,0
CPL,D,20170802,000000,6.37,6.37,6.37,6.37,3301,0
CPL,D,20170823,000000,6,6,6,6,30000,0
CPL,D,20170824,000000,6,6,6,6,1842,0
CPL,D,20170830,000000,6,6,6,6,7500,0
CPL,D,20170831,000000,6,6,6,6,1179,0
CPL,D,20170901,000000,6.3,6.3,6.3,6.3,5,0
CPL,D,20170911,000000,6,6,6,6,813,0
CPL,D,20170914,000000,6,6,6,6,300,0
CPL,D,20170918,000000,6,6.4,6,6.4,305,0
CPL,D,20171009,000000,6,6,6,6,400,0
CPL,D,20171010,000000,6.4,6.4,6.4,6.4,208,0
CPL,D,20171020,000000,6,6.2,6,6.2,1027,0
CPL,D,20171023,000000,6.2,6.2,6.2,6.2,3000,0
CPL,D,20171027,000000,6,6,6,6,140207,0
CPL,D,20171030,000000,6.4,6.4,6.4,6.4,5,0
CPL,D,20171107,000000,5.8,6,5.8,6,470,0
CPL,D,20171108,000000,6,6,6,6,130,0
CPL,D,20171109,000000,6,6,6,6,4050,0
CPL,D,20171113,000000,6.4,6.4,6.4,6.4,10,0
CPL,D,20171117,000000,6.4,6.4,6.4,6.4,341,0
CPL,D,20171122,000000,6.5,6.5,6.5,6.5,5,0
CPL,D,20171129,000000,6.18,6.18,6.18,6.18,680,0
CPL,D,20171204,000000,6.49,6.49,6.49,6.49,5,0
CPL,D,20171205,000000,6,6,6,6,2046,0
CPL,D,20171207,000000,6.49,6.49,6.49,6.49,5,0
CPL,D,20171208,000000,5.9,5.9,5.9,5.9,1252,0
CPL,D,20171212,000000,6,6.49,6,6.49,199,0
CPL,D,20171213,000000,6.49,6.49,6.01,6.01,2156,0
CPL,D,20171214,000000,6.49,6.49,6.06,6.06,770,0
CPL,D,20171215,000000,6.48,6.48,6.48,6.48,5,0
CPL,D,20171220,000000,5.84,6.39,5.84,6.39,633,0
CPL,D,20171221,000000,6.37,6.37,6.37,6.37,400,0
CPL,D,20171222,000000,6.37,6.37,6.37,6.37,1960,0
CPL,D,20171227,000000,5.74,6.3,5.74,6.3,975,0
CPL,D,20171228,000000,6.39,6.39,6.39,6.39,1550,0
CPL,D,20171229,000000,7,7,7,7,2118,0
CPL,D,20180103,000000,6.5,6.5,6.5,6.5,86,0
CPL,D,20180104,000000,6.5,6.95,6.5,6.95,2210,0
CPL,D,20180108,000000,6.6,6.6,6.6,6.6,1700,0
CPL,D,20180109,000000,6.6,6.6,6.6,6.6,875,0
CPL,D,20180110,000000,6.7,6.7,6.7,6.7,151300,0
CPL,D,20180111,000000,6.65,6.65,6.65,6.65,101125,0
CPL,D,20180112,000000,6,6,6,6,561,0
CPL,D,20180115,000000,6.95,6.95,6.95,6.95,55,0
CPL,D,20180119,000000,6.9,6.9,6.9,6.9,2,0
CPL,D,20180125,000000,6.8,6.8,6.8,6.8,5000,0
CPL,D,20180130,000000,6.95,7,6.95,7,5000,0
CPL,D,20180201,000000,6,7,6,7,917,0
CPL,D,20180202,000000,7.5,7.5,7.5,7.5,5,0
CPL,D,20180206,000000,7,7,7,7,340,0
CPL,D,20180208,000000,7,7,7,7,106,0
CPL,D,20180212,000000,7,7,7,7,15,0
CPL,D,20180214,000000,7,7,7,7,545,0
CPL,D,20180228,000000,7.5,7.5,7.5,7.5,250,0
CPL,D,20180305,000000,7.5,7.5,7.5,7.5,639,0
CPL,D,20180309,000000,7.5,7.5,7.5,7.5,2938,0
CPL,D,20180313,000000,7.45,7.5,7.45,7.5,5795,0
CPL,D,20180315,000000,7.5,7.5,7.5,7.5,349,0
CPL,D,20180319,000000,7.5,7.5,7.5,7.5,900,0
CPL,D,20180323,000000,7.5,7.5,7.5,7.5,380,0
CPL,D,20180326,000000,7.5,7.5,7.5,7.5,410,0
CPL,D,20180327,000000,7.5,7.5,7.5,7.5,300,0
CPL,D,20180328,000000,7.5,7.7,7.5,7.7,1212,0
CPL,D,20180329,000000,7.7,8.2,7.7,8.2,167,0
CPL,D,20180417,000000,8,8,8,8,15040,0
CPL,D,20180423,000000,8.1,8.1,8.1,8.1,1209,0
CPL,D,20180424,000000,8.1,8.1,8.1,8.1,1399,0
CPL,D,20180425,000000,8.1,8.1,8.1,8.1,1025,0
CPL,D,20180430,000000,7.7,8.15,7.7,8.15,71,0
CPL,D,20180516,000000,7.35,8.1,7.35,8.1,2000,0
CPL,D,20180525,000000,8.1,8.55,8.1,8.55,1483,0
CPL,D,20180528,000000,8.6,8.6,8.6,8.6,1,0
CPL,D,20180530,000000,8.5,8.5,8.5,8.5,1,0
CPL,D,20180601,000000,8.5,8.5,8.5,8.5,2,0
CPL,D,20180604,000000,8.45,8.45,8.45,8.45,2500,0
CPL,D,20180716,000000,8.4,8.4,8.4,8.4,3,0
CPL,D,20180717,000000,8.4,8.4,8.4,8.4,50,0
CPL,D,20180828,000000,8.1,8.1,8.1,8.1,43,0
CPL,D,20180829,000000,8.1,8.1,8.1,8.1,37,0
CPL,D,20180831,000000,8.45,8.45,8.45,8.45,5,0
CPL,D,20180907,000000,8.45,8.45,8.45,8.45,8,0
CPL,D,20180926,000000,8,8,8,8,28000,0
CPL,D,20181001,000000,7,7,7,7,325,0
CPL,D,20181010,000000,7,7,7,7,11001,0
CPL,D,20181012,000000,7,7,7,7,41,0
CPL,D,20181016,000000,6.95,6.95,6.95,6.95,80,0
CPL,D,20181022,000000,7,7,7,7,144,0
CPL,D,20181031,000000,8,8,8,8,2000,0
CPL,D,20181106,000000,7.95,7.95,7.95,7.95,23,0
CPL,D,20181108,000000,7.75,7.75,7.75,7.75,400,0
CPL,D,20181129,000000,8,8,8,8,1,0
CPL,D,20181203,000000,7.5,7.5,7.5,7.5,400,0
CPL,D,20181211,000000,7.7,7.7,7.7,7.7,6001,0
CPL,D,20181218,000000,6.2,6.2,6.2,6.2,178,0
CPL,D,20181219,000000,7.3,7.3,7.3,7.3,600,0
CPL,D,20181220,000000,7.3,7.3,7.3,7.3,1711,0
CPL,D,20181221,000000,7.25,7.25,7.25,7.25,125,0
CPL,D,20181227,000000,6.95,6.95,6.95,6.95,1080,0
CPL,D,20181228,000000,6.9,6.9,6.9,6.9,10,0
CPL,D,20190102,000000,7,7,7,7,1,0
CPL,D,20190103,000000,6.7,6.7,6.4,6.4,2400,0
CPL,D,20190104,000000,6.4,6.6,6.3,6.6,1380,0
CPL,D,20190109,000000,6,6.15,6,6.15,1001,0
CPL,D,20190110,000000,5.9,6.1,5.85,5.85,1117,0
CPL,D,20190114,000000,5.65,5.65,5.65,5.65,1000,0
CPL,D,20190122,000000,5.5,5.85,5.5,5.6,2740,0
CPL,D,20190123,000000,5.35,5.35,5.35,5.35,1012,0
CPL,D,20190124,000000,5.25,5.25,5.25,5.25,75,0
CPL,D,20190125,000000,5.3,5.3,5.3,5.3,1,0
CPL,D,20190130,000000,5.15,5.15,5.15,5.15,1282,0
CPL,D,20190201,000000,5,5.15,5,5.15,593,0
CPL,D,20190206,000000,5,5.1,5,5.1,133,0
CPL,D,20190211,000000,5,5,4.9,4.9,1111,0
CPL,D,20190212,000000,4.78,4.78,4.54,4.54,3300,0
CPL,D,20190213,000000,4.46,4.46,4.44,4.44,113,0
CPL,D,20190215,000000,4.18,4.18,4.18,4.18,1850,0
CPL,D,20190218,000000,4.18,4.18,3.6,3.6,1903,0
CPL,D,20190220,000000,3.96,3.96,3.82,3.82,1821,0
CPL,D,20190227,000000,3.94,3.94,3.94,3.94,1,0
CPL,D,20190304,000000,3.76,3.94,3.76,3.94,31,0
CPL,D,20190318,000000,3.76,3.94,3.76,3.94,129,0
CPL,D,20190319,000000,3.94,3.94,3.94,3.94,100,0
CPL,D,20190326,000000,3.76,3.92,3.76,3.92,44,0
CPL,D,20190401,000000,3.92,3.92,3.92,3.92,100,0
CPL,D,20190404,000000,3.94,3.94,3.94,3.94,200,0
CPL,D,20190405,000000,3.94,3.94,3.94,3.94,100,0
CPL,D,20190409,000000,3.94,3.94,3.94,3.94,100,0
CPL,D,20190510,000000,3.76,3.94,3.76,3.94,2144,0
CPL,D,20190524,000000,3.76,3.92,3.76,3.92,321,0
CPL,D,20190531,000000,3.9,3.94,3.9,3.94,15495,0
CPL,D,20190603,000000,3.76,3.76,3.76,3.76,2000,0
CPL,D,20190611,000000,3.62,3.78,3.62,3.78,2231,0
CPL,D,20190612,000000,3.64,3.64,3.62,3.62,14001,0
CPL,D,20190617,000000,3.64,3.64,3.62,3.64,1811,0
CPL,D,20190626,000000,3.5,3.64,3.5,3.64,35,0
CPL,D,20190711,000000,3.5,3.64,3.48,3.64,771,0
CPL,D,20190719,000000,3.48,3.48,3.48,3.48,171,0
CPL,D,20190722,000000,3.6,3.6,3.6,3.6,1,0
CPL,D,20190730,000000,3.44,3.6,3.44,3.6,2301,0
CPL,D,20190808,000000,3.28,3.44,3.14,3.14,5001,0
CPL,D,20190812,000000,3.1,3.24,3.1,3.24,61,0
CPL,D,20190813,000000,3.1,3.24,3.1,3.24,118,0
CPL,D,20190909,000000,3.1,3.24,3.1,3.24,101,0
CPL,D,20190930,000000,3.24,3.3,3.24,3.3,4999,0
CPL,D,20191002,000000,3.18,3.18,3.18,3.18,2600,0
CPL,D,20191003,000000,3.18,3.36,3.18,3.36,3050,0
CPL,D,20191009,000000,3.36,3.46,3.36,3.46,2500,0
CPL,D,20191022,000000,3.46,3.46,3.46,3.46,2399,0
CPL,D,20191023,000000,4,4,4,4,1,0
CPL,D,20191030,000000,4,4.14,4,4.14,5338,0
CPL,D,20191104,000000,3.98,4.14,3.98,4.14,215,0
CPL,D,20191114,000000,4.06,4.06,4.06,4.06,10,0
CPL,D,20191120,000000,3.98,3.98,3.9,3.9,2000,0
CPL,D,20191202,000000,3.72,3.72,3.58,3.72,2620,0
CPL,D,20191203,000000,3.56,3.56,3.5,3.5,3300,0
CPL,D,20191204,000000,3.4,3.4,3.3,3.4,2630,0
CPL,D,20191209,000000,3.26,3.4,3.26,3.4,2401,0
CPL,D,20191210,000000,3.26,3.26,3.14,3.26,1085,0
CPL,D,20191220,000000,3.12,3.12,3.12,3.12,3179,0
CPL,D,20191223,000000,3.1,3.1,2.94,2.94,33858,0
CPL,D,20191227,000000,2.92,2.92,2.8,2.8,794,0
CPL,D,20191230,000000,2.8,2.8,2.8,2.8,700,0
CPL,D,20200102,000000,2.82,2.82,2.8,2.8,5550,0
CPL,D,20200108,000000,2.68,2.68,2.56,2.68,4200,0
CPL,D,20200113,000000,2.68,2.68,2.68,2.68,1908,0
CPL,D,20200115,000000,2.68,2.68,2.58,2.68,1248,0
CPL,D,20200117,000000,2.68,2.68,2.68,2.68,560,0
CPL,D,20200123,000000,2.56,2.56,2.56,2.56,2308,0
CPL,D,20200128,000000,2.48,2.6,2.48,2.6,61,0
CPL,D,20200129,000000,2.6,2.6,2.56,2.56,1764,0
CPL,D,20200130,000000,2.56,2.88,2.56,2.88,30727,0
CPL,D,20200131,000000,3.02,3.06,3,3.02,7433,0
CPL,D,20200204,000000,3.04,3.04,2.9,2.92,2820,0
CPL,D,20200206,000000,2.92,2.92,2.88,2.92,18100,0
CPL,D,20200207,000000,2.92,2.92,2.82,2.9,3551,0
CPL,D,20200211,000000,2.86,2.86,2.78,2.78,5800,0
CPL,D,20200212,000000,2.68,2.8,2.68,2.8,101,0
CPL,D,20200213,000000,2.8,2.8,2.8,2.8,1,0
CPL,D,20200220,000000,2.7,2.8,2.68,2.8,3701,0
CPL,D,20200224,000000,2.58,2.62,2.52,2.62,1831,0
CPL,D,20200225,000000,2.5,2.62,2.5,2.62,91,0
CPL,D,20200228,000000,2.5,2.6,2.5,2.6,3601,0
CPL,D,20200305,000000,2.6,2.6,2.6,2.6,250,0
CPL,D,20200306,000000,2.6,2.6,2.6,2.6,2010,0
CPL,D,20200309,000000,2.5,2.5,2.4,2.4,3425,0
CPL,D,20200310,000000,2.4,2.4,2.4,2.4,739,0
CPL,D,20200312,000000,2.46,2.46,2.4,2.4,3300,0
CPL,D,20200331,000000,2.4,2.4,2.4,2.4,830,0
CPL,D,20200403,000000,2.38,2.38,2.3,2.3,1319,0
CPL,D,20200406,000000,2.3,2.3,2.3,2.3,1866,0
CPL,D,20200407,000000,2.3,2.3,2.3,2.3,200,0
CPL,D,20200414,000000,2.38,2.4,2.38,2.4,4293,0
CPL,D,20200415,000000,2.4,2.4,2.36,2.36,2483,0
CPL,D,20200424,000000,2.36,2.36,2.36,2.36,84,0
CPL,D,20200430,000000,2.46,2.46,2.46,2.46,10,0
CPL,D,20200512,000000,2.42,2.46,2.42,2.46,172,0
CPL,D,20200513,000000,2.4,2.4,2.4,2.4,608,0
CPL,D,20200519,000000,2.46,2.46,2.46,2.46,628,0
CPL,D,20200520,000000,2.5,2.5,2.5,2.5,2500,0
CPL,D,20200521,000000,2.56,2.62,2.56,2.62,1403,0
CPL,D,20200522,000000,2.66,2.92,2.4,2.56,17505,0
CPL,D,20200525,000000,2.56,2.56,2.56,2.56,3100,0
CPL,D,20200526,000000,2.34,2.68,2.34,2.58,7504,0
CPL,D,20200527,000000,2.56,2.7,2.4,2.48,11476,0
CPL,D,20200528,000000,2.4,2.64,2.4,2.5,14159,0
CPL,D,20200529,000000,2.5,2.5,2.5,2.5,3000,0
CPL,D,20200601,000000,2.6,2.72,2.6,2.72,4500,0
CPL,D,20200603,000000,2.72,2.72,2.6,2.6,11550,0
CPL,D,20200605,000000,2.6,2.62,2.6,2.62,6390,0
CPL,D,20200608,000000,2.56,2.56,2.4,2.56,44494,0
CPL,D,20200609,000000,2.56,2.7,2.56,2.7,3784,0
CPL,D,20200610,000000,2.68,2.9,2.68,2.74,21406,0
CPL,D,20200612,000000,2.7,2.74,2.64,2.7,1080,0
CPL,D,20200615,000000,2.6,2.6,2.6,2.6,1000,0
CPL,D,20200616,000000,2.6,2.86,2.6,2.72,16812,0
CPL,D,20200617,000000,2.74,2.82,2.74,2.82,370,0
CPL,D,20200618,000000,2.8,2.8,2.8,2.8,100,0
CPL,D,20200619,000000,2.7,2.7,2.68,2.68,3548,0
CPL,D,20200622,000000,2.64,2.64,2.6,2.6,8600,0
CPL,D,20200623,000000,2.7,2.7,2.7,2.7,1533,0
CPL,D,20200624,000000,2.6,2.7,2.6,2.6,2860,0
CPL,D,20200626,000000,2.62,2.62,2.62,2.62,650,0
CPL,D,20200629,000000,2.62,2.62,2.52,2.52,6038,0
CPL,D,20200630,000000,2.62,2.62,2.52,2.52,1598,0
CPL,D,20200702,000000,2.58,2.62,2.58,2.62,600,0
CPL,D,20200703,000000,2.6,2.6,2.6,2.6,500,0
CPL,D,20200706,000000,2.52,2.62,2.52,2.62,3680,0
CPL,D,20200707,000000,2.7,2.7,2.52,2.6,7258,0
CPL,D,20200708,000000,2.52,2.52,2.42,2.5,5101,0
CPL,D,20200709,000000,2.42,2.42,2.32,2.4,5208,0
CPL,D,20200710,000000,2.4,2.4,2.4,2.4,1000,0
