<TICKER>,<PER>,<DATE>,<TIME>,<OPEN>,<HIGH>,<LOW>,<CLOSE>,<VOL>,<OPENINT>
CZT,D,20121228,000000,10,13.4,9.06,11.64,193560,0
CZT,D,20130102,000000,11.9,12.19,10.09,10.5,101696,0
CZT,D,20130103,000000,10.5,10.8,10.4,10.5,37696,0
CZT,D,20130104,000000,10.5,11.49,10.45,11.4,44035,0
CZT,D,20130107,000000,11.66,11.8,11,11.44,16132,0
CZT,D,20130108,000000,11.7,11.7,11.2,11.2,7525,0
CZT,D,20130109,000000,11.4,11.4,10.5,10.6,34225,0
CZT,D,20130110,000000,10.72,10.72,10.52,10.58,3712,0
CZT,D,20130111,000000,10.7,10.94,10.67,10.91,4263,0
CZT,D,20130114,000000,11.15,11.54,10.98,11.48,14477,0
CZT,D,20130115,000000,11.3,11.5,11.02,11.05,2158,0
CZT,D,20130116,000000,11.11,11.2,11.05,11.2,1284,0
CZT,D,20130117,000000,11.15,11.15,10.93,11.05,951,0
CZT,D,20130118,000000,11.07,11.18,10.96,11.1,2888,0
CZT,D,20130121,000000,11.18,11.44,11,11.3,6035,0
CZT,D,20130122,000000,11.42,11.45,11.16,11.41,7093,0
CZT,D,20130123,000000,11.21,11.44,11.21,11.4,5003,0
CZT,D,20130124,000000,11.25,11.4,11.23,11.25,1185,0
CZT,D,20130125,000000,11.15,11.37,11.15,11.31,7195,0
CZT,D,20130128,000000,11.4,11.9,11.4,11.9,36936,0
CZT,D,20130129,000000,11.77,12.35,11.77,12.3,15992,0
CZT,D,20130130,000000,12.25,14.2,12.25,14.2,86639,0
CZT,D,20130131,000000,14.3,15.2,14.3,15,20975,0
CZT,D,20130201,000000,14.8,14.99,13.3,13.3,38683,0
CZT,D,20130204,000000,13.5,13.72,13.31,13.67,24406,0
CZT,D,20130205,000000,13.9,14.4,13.87,14,33347,0
CZT,D,20130206,000000,14.39,14.39,13.8,13.99,73513,0
CZT,D,20130207,000000,14,14,13.9,13.98,170678,0
CZT,D,20130208,000000,14.19,14.2,13.51,14,5770,0
CZT,D,20130211,000000,14,14,13.8,13.85,2878,0
CZT,D,20130212,000000,13.95,13.95,13.61,13.87,51748,0
CZT,D,20130213,000000,13.52,13.9,13.3,13.58,5644,0
CZT,D,20130214,000000,13.31,13.5,13.3,13.3,1964,0
CZT,D,20130215,000000,13.2,13.2,11.88,11.97,38994,0
CZT,D,20130218,000000,11.67,12.75,11.43,12.5,14580,0
CZT,D,20130219,000000,12.7,12.99,12.65,12.8,5913,0
CZT,D,20130220,000000,13,13.1,12.43,12.43,3769,0
CZT,D,20130221,000000,12.29,12.29,11.2,11.27,20033,0
CZT,D,20130222,000000,11.51,11.51,10.75,11.5,32961,0
CZT,D,20130225,000000,11.51,11.78,11.21,11.78,5171,0
CZT,D,20130226,000000,11.75,11.75,11.21,11.21,1851,0
CZT,D,20130227,000000,11.3,11.4,11.19,11.19,2049,0
CZT,D,20130228,000000,11.6,11.6,11.1,11.6,4456,0
CZT,D,20130301,000000,11.58,11.59,11.22,11.22,2316,0
CZT,D,20130304,000000,11.3,11.59,11.3,11.4,619,0
CZT,D,20130305,000000,11.26,11.26,11.1,11.1,29786,0
CZT,D,20130306,000000,11.14,11.43,10.85,11.15,7643,0
CZT,D,20130307,000000,11,11.4,11,11.24,58405,0
CZT,D,20130308,000000,11.24,11.98,11.24,11.92,5168,0
CZT,D,20130311,000000,11.7,12.13,11.7,12,15178,0
CZT,D,20130312,000000,12.02,12.95,12.02,12.7,474021,0
CZT,D,20130313,000000,12.87,12.9,12.41,12.69,2889,0
CZT,D,20130314,000000,12.69,12.82,12.5,12.82,4053,0
CZT,D,20130315,000000,12.82,12.98,12.6,12.97,3677,0
CZT,D,20130318,000000,12.9,12.95,11.71,11.82,10725,0
CZT,D,20130319,000000,11.82,12.19,11.8,12.19,6330,0
CZT,D,20130320,000000,12.05,12.3,12.01,12.29,3720,0
CZT,D,20130321,000000,12.29,12.29,12.01,12.28,20466,0
CZT,D,20130322,000000,12.2,12.2,11.81,12.19,3779,0
CZT,D,20130325,000000,12.06,12.5,12.06,12.5,4368,0
CZT,D,20130326,000000,12.1,12.59,12.1,12.32,42400,0
CZT,D,20130327,000000,12.3,12.89,12.3,12.7,39218,0
CZT,D,20130328,000000,12.8,13.1,12.52,13.1,7233,0
CZT,D,20130402,000000,13.1,13.8,13.1,13.6,5403,0
CZT,D,20130403,000000,13.75,14.39,13,13.28,7675,0
CZT,D,20130404,000000,13.09,13.2,12.7,13.1,1737,0
CZT,D,20130405,000000,13.47,13.5,13.11,13.35,1862,0
CZT,D,20130408,000000,13.66,13.66,12.8,12.98,2447,0
CZT,D,20130409,000000,12.97,13.3,12.72,13.3,2579,0
CZT,D,20130410,000000,13.01,13.3,12.9,13.3,11947,0
CZT,D,20130411,000000,13,13.1,12.85,13.1,2256,0
CZT,D,20130412,000000,13.1,13.3,13,13.3,355,0
CZT,D,20130415,000000,13.7,13.7,12.65,12.65,2118,0
CZT,D,20130417,000000,12.5,12.5,11.52,11.52,3596,0
CZT,D,20130418,000000,11.51,11.85,11.5,11.84,9031,0
CZT,D,20130419,000000,12,12,11.6,11.6,2892,0
CZT,D,20130422,000000,11.52,11.88,11.5,11.88,3746,0
CZT,D,20130423,000000,11.8,11.88,11.65,11.87,585,0
CZT,D,20130424,000000,11.88,12.07,11.62,12.07,634,0
CZT,D,20130425,000000,12.07,12.5,11.8,12.5,1304,0
CZT,D,20130426,000000,12.61,13,12.6,12.99,4794,0
CZT,D,20130429,000000,12.98,12.98,12.5,12.5,3661,0
CZT,D,20130430,000000,12.96,13,12.9,12.9,3482,0
CZT,D,20130502,000000,13,13,12.6,13,1241,0
CZT,D,20130506,000000,12.8,12.97,12.8,12.97,428,0
CZT,D,20130507,000000,13,13,12.99,12.99,241,0
CZT,D,20130508,000000,13,13,12.85,12.85,351,0
CZT,D,20130509,000000,12.85,13,12.85,13,745,0
CZT,D,20130510,000000,12.85,12.85,12.75,12.8,28173,0
CZT,D,20130513,000000,12.99,12.99,12.8,12.95,444,0
CZT,D,20130514,000000,12.85,12.94,12.51,12.94,564,0
CZT,D,20130515,000000,12.94,13.09,12.5,12.99,12427,0
CZT,D,20130516,000000,12.95,13.07,12.9,13,19866,0
CZT,D,20130517,000000,13,13,12.9,12.99,344,0
CZT,D,20130520,000000,13.08,13.08,12.12,12.92,2869,0
CZT,D,20130521,000000,12.92,12.92,12.6,12.92,400,0
CZT,D,20130522,000000,12.92,13,12.92,13,6698,0
CZT,D,20130523,000000,12.62,12.95,12.58,12.95,6709,0
CZT,D,20130524,000000,13,13.07,12.95,13.07,4488,0
CZT,D,20130527,000000,12.9,13.05,12.9,12.95,2831,0
CZT,D,20130528,000000,13.05,13.05,12.47,12.54,10258,0
CZT,D,20130529,000000,12.55,12.6,12.13,12.4,36490,0
CZT,D,20130531,000000,12.43,12.43,11.84,12,5986,0
CZT,D,20130603,000000,12,12,11.95,12,8894,0
CZT,D,20130604,000000,12,12,11.85,11.9,1588,0
CZT,D,20130605,000000,11.93,11.99,11.8,11.8,2957,0
CZT,D,20130606,000000,12,12.08,12,12,871,0
CZT,D,20130607,000000,12.03,12.58,11.81,12,4234,0
CZT,D,20130610,000000,11.8,12.5,11.8,12,3148,0
CZT,D,20130611,000000,11.85,11.85,11.4,11.79,14445,0
CZT,D,20130612,000000,11.6,12.01,11.6,12,6551,0
CZT,D,20130613,000000,11.62,12,11.62,12,206,0
CZT,D,20130614,000000,12,12,11.63,11.63,661,0
CZT,D,20130617,000000,12,12,11.9,12,966,0
CZT,D,20130618,000000,12,12,11.65,11.7,2710,0
CZT,D,20130619,000000,11.61,11.65,11.61,11.65,957,0
CZT,D,20130620,000000,11.6,11.62,11.39,11.49,832,0
CZT,D,20130621,000000,11.29,11.45,11,11.45,2817,0
CZT,D,20130624,000000,11.24,11.3,11.18,11.3,763,0
CZT,D,20130625,000000,11.15,11.5,11.15,11.23,258,0
CZT,D,20130626,000000,11.2,11.22,11.2,11.22,57,0
CZT,D,20130627,000000,11.5,11.64,11.45,11.45,405,0
CZT,D,20130628,000000,11.15,11.15,11,11.01,1954,0
CZT,D,20130701,000000,11.1,11.29,11,11,808,0
CZT,D,20130702,000000,11,11.39,11,11,131,0
CZT,D,20130703,000000,11.37,11.37,11.37,11.37,87,0
CZT,D,20130704,000000,11.37,11.37,11,11,254,0
CZT,D,20130705,000000,11,11.35,11,11,950,0
CZT,D,20130708,000000,11.02,11.05,11,11,920,0
CZT,D,20130709,000000,11,11,10.9,11,301,0
CZT,D,20130710,000000,11.09,11.09,10.5,10.6,1890,0
CZT,D,20130711,000000,10.6,10.6,9.76,10.28,6240,0
CZT,D,20130712,000000,10.28,10.5,10.28,10.5,2765,0
CZT,D,20130715,000000,10.45,10.8,10.45,10.8,2414,0
CZT,D,20130716,000000,10.8,10.8,10.8,10.8,351,0
CZT,D,20130717,000000,10.8,10.8,10.51,10.7,174,0
CZT,D,20130718,000000,10.7,10.7,10.46,10.7,451,0
CZT,D,20130719,000000,10.75,10.75,10.7,10.7,1140,0
CZT,D,20130722,000000,10.85,11.66,10.85,11.5,3566,0
CZT,D,20130723,000000,11.5,11.74,11.36,11.7,244,0
CZT,D,20130724,000000,11.7,12.12,11.7,12.1,3523,0
CZT,D,20130725,000000,11.9,12.48,11.54,12.3,3621,0
CZT,D,20130726,000000,12.25,12.48,12.07,12.2,107727,0
CZT,D,20130729,000000,12.05,12.2,12,12,641,0
CZT,D,20130730,000000,12.19,12.19,11.91,12.15,3501,0
CZT,D,20130731,000000,12,12,11.9,11.9,5502,0
CZT,D,20130801,000000,11.58,11.7,11.43,11.7,71287,0
CZT,D,20130802,000000,11.7,11.7,11.5,11.5,1539,0
CZT,D,20130805,000000,11.7,11.7,11.5,11.6,131,0
CZT,D,20130806,000000,11.78,11.78,11.27,11.3,303,0
CZT,D,20130807,000000,11.3,11.7,11.3,11.65,2153,0
CZT,D,20130808,000000,11.8,11.8,11.3,11.8,1305,0
CZT,D,20130809,000000,11.79,11.79,11.26,11.79,939,0
CZT,D,20130812,000000,11.27,11.79,11.27,11.7,78,0
CZT,D,20130813,000000,11.79,11.79,11.3,11.6,285,0
CZT,D,20130814,000000,11.79,11.79,11.41,11.41,65,0
CZT,D,20130816,000000,11.41,11.41,11.29,11.29,746,0
CZT,D,20130819,000000,11.4,11.4,11.17,11.17,680,0
CZT,D,20130820,000000,11.39,11.39,11.39,11.39,69,0
CZT,D,20130821,000000,11.39,11.39,11.13,11.36,543,0
CZT,D,20130822,000000,11.03,11.4,10.77,11.4,4414,0
CZT,D,20130823,000000,11.4,11.4,11.39,11.39,240,0
CZT,D,20130826,000000,11.39,11.39,11.15,11.39,1081,0
CZT,D,20130827,000000,11.39,11.63,11.38,11.63,748,0
CZT,D,20130828,000000,11.5,11.6,11.48,11.52,2049,0
CZT,D,20130829,000000,11.52,11.98,11.52,11.95,954,0
CZT,D,20130830,000000,11.9,11.9,11.6,11.62,1482,0
CZT,D,20130902,000000,11.62,11.65,11.56,11.57,501,0
CZT,D,20130903,000000,11.6,11.65,11.57,11.58,781,0
CZT,D,20130904,000000,11.65,11.66,11.33,11.33,881,0
CZT,D,20130905,000000,11.33,11.54,11,11,1537,0
CZT,D,20130906,000000,10.95,11,10.95,11,1389,0
CZT,D,20130909,000000,11.2,11.33,11.18,11.2,175,0
CZT,D,20130910,000000,11.2,11.2,10.89,11.2,2624,0
CZT,D,20130911,000000,10.94,10.99,10,10.33,5108,0
CZT,D,20130912,000000,10.41,11.08,10.41,11.08,3756,0
CZT,D,20130913,000000,11.1,11.28,11.1,11.28,400,0
CZT,D,20130916,000000,11.28,11.68,11.28,11.41,708,0
CZT,D,20130917,000000,11.5,11.6,11.5,11.59,3606,0
CZT,D,20130918,000000,11.6,11.65,11.44,11.59,1639,0
CZT,D,20130919,000000,11.7,11.7,11.5,11.6,1048,0
CZT,D,20130920,000000,11.74,11.74,11.51,11.74,5035,0
CZT,D,20130923,000000,11.53,11.7,11.53,11.68,621,0
CZT,D,20130924,000000,11.54,11.69,11.54,11.69,1851,0
CZT,D,20130925,000000,11.69,11.74,11.6,11.74,4731,0
CZT,D,20130926,000000,11.74,11.8,11.69,11.75,4440,0
CZT,D,20130927,000000,11.8,12.3,11.8,12.3,35942,0
CZT,D,20130930,000000,12.31,12.45,11.69,11.73,2788,0
CZT,D,20131001,000000,11.7,11.7,11.65,11.65,170,0
CZT,D,20131002,000000,11.8,12.05,11.8,11.8,370,0
CZT,D,20131003,000000,12,12.07,11.8,11.8,1296,0
CZT,D,20131007,000000,11.8,11.8,11.69,11.8,587,0
CZT,D,20131008,000000,11.8,11.8,11.62,11.62,272,0
CZT,D,20131009,000000,11.63,11.63,11.54,11.54,549,0
CZT,D,20131010,000000,11.54,11.9,11.54,11.9,50132,0
CZT,D,20131011,000000,11.9,11.99,11.63,11.99,336,0
CZT,D,20131014,000000,11.99,11.99,11.53,11.8,254,0
CZT,D,20131015,000000,11.53,11.55,11.47,11.48,2729,0
CZT,D,20131016,000000,11.5,11.5,10.95,11.1,3023,0
CZT,D,20131017,000000,11.11,11.11,10.7,10.99,3503,0
CZT,D,20131018,000000,11,11,9.9,10.01,13024,0
CZT,D,20131021,000000,10.29,10.75,10.24,10.73,6508,0
CZT,D,20131022,000000,10.75,10.76,10.47,10.51,3977,0
CZT,D,20131023,000000,10.55,10.6,10.47,10.6,1170,0
CZT,D,20131024,000000,10.93,10.93,10.6,10.88,1445,0
CZT,D,20131025,000000,10.9,10.9,10.6,10.79,3312,0
CZT,D,20131028,000000,10.7,10.82,10.65,10.72,2190,0
CZT,D,20131029,000000,10.8,10.8,10.65,10.77,1113,0
CZT,D,20131030,000000,10.8,10.8,10.7,10.7,1561,0
CZT,D,20131031,000000,10.79,10.8,10.78,10.8,1683,0
CZT,D,20131104,000000,10.8,10.83,10.65,10.83,875,0
CZT,D,20131105,000000,10.83,10.83,10.5,10.63,1302,0
CZT,D,20131106,000000,10.75,10.75,10.56,10.56,737,0
CZT,D,20131107,000000,10.61,10.8,10.55,10.8,1877,0
CZT,D,20131108,000000,10.8,10.8,10.7,10.8,1104,0
CZT,D,20131112,000000,10.87,10.88,10.74,10.74,1278,0
CZT,D,20131113,000000,10.88,10.88,10.88,10.88,1,0
CZT,D,20131114,000000,10.65,10.85,10.65,10.85,51,0
CZT,D,20131115,000000,10.79,10.79,10.48,10.48,2505,0
CZT,D,20131118,000000,10.5,10.7,10.1,10.4,3222,0
CZT,D,20131119,000000,10.39,10.4,9.93,10.38,14305,0
CZT,D,20131121,000000,10.04,10.29,10.04,10.28,389,0
CZT,D,20131122,000000,10.27,10.3,10.2,10.2,2255,0
CZT,D,20131125,000000,10.06,10.2,9.75,10.14,8152,0
CZT,D,20131126,000000,9.9,10,9.9,10,300,0
CZT,D,20131127,000000,10,10,9.9,10,642,0
CZT,D,20131128,000000,10.02,10.17,10.02,10.06,428,0
CZT,D,20131129,000000,10.2,10.2,10.06,10.1,158,0
CZT,D,20131202,000000,10.27,10.49,10.25,10.49,96613,0
CZT,D,20131203,000000,10.6,10.6,10.36,10.49,960,0
CZT,D,20131204,000000,10.5,10.51,10.4,10.5,484,0
CZT,D,20131205,000000,10.71,10.71,10.5,10.5,79,0
CZT,D,20131206,000000,10.6,10.89,10.6,10.88,1777,0
CZT,D,20131209,000000,10.88,10.88,10.36,10.69,587,0
CZT,D,20131210,000000,10.65,10.77,10.5,10.77,562,0
CZT,D,20131211,000000,10.5,10.77,10.4,10.77,559,0
CZT,D,20131212,000000,10.85,10.85,10.4,10.8,39077,0
CZT,D,20131213,000000,10.8,10.8,10.8,10.8,1,0
CZT,D,20131216,000000,10.44,10.44,10.44,10.44,320,0
CZT,D,20131217,000000,10.45,10.6,10.45,10.45,296,0
CZT,D,20131218,000000,10.45,10.45,10.15,10.15,926,0
CZT,D,20131219,000000,10.15,10.7,10.15,10.7,1959,0
CZT,D,20131220,000000,10.65,11,10.55,11,10437,0
CZT,D,20131223,000000,11.01,11.6,10.85,11.6,5361,0
CZT,D,20131227,000000,11.7,11.81,11.3,11.67,815,0
CZT,D,20131230,000000,11.67,12,11.29,12,31493,0
CZT,D,20140102,000000,11.5,11.89,11.45,11.45,2403,0
CZT,D,20140103,000000,11.37,11.55,11.37,11.5,1071,0
CZT,D,20140107,000000,11.5,11.5,11.4,11.5,399,0
CZT,D,20140108,000000,11.5,11.5,11.5,11.5,86,0
CZT,D,20140109,000000,11.5,11.5,11.3,11.3,116,0
CZT,D,20140110,000000,11.45,11.45,11.44,11.45,241,0
CZT,D,20140113,000000,11.45,11.45,11,11.45,306,0
CZT,D,20140114,000000,11.43,11.43,11.1,11.1,357,0
CZT,D,20140115,000000,11.1,11.11,11,11.1,773,0
CZT,D,20140116,000000,11.1,11.1,10.83,10.83,718,0
CZT,D,20140117,000000,10.84,11,10.6,11,1456,0
CZT,D,20140120,000000,10.99,10.99,10.87,10.9,203,0
CZT,D,20140121,000000,10.92,11,10.79,10.95,4244,0
CZT,D,20140122,000000,11.1,11.41,10.8,10.87,2445,0
CZT,D,20140123,000000,10.88,11.43,10.88,11.43,170,0
CZT,D,20140124,000000,11.43,11.43,10.88,10.88,1453,0
CZT,D,20140127,000000,10.9,10.9,10.9,10.9,211,0
CZT,D,20140128,000000,11,11.1,10.9,11.1,1100,0
CZT,D,20140129,000000,11.35,11.41,11.35,11.41,1405,0
CZT,D,20140130,000000,11.42,11.5,11.4,11.5,1009,0
CZT,D,20140131,000000,11.5,11.5,11.35,11.35,201,0
CZT,D,20140203,000000,11.4,11.45,11.4,11.42,239,0
CZT,D,20140204,000000,11.4,11.4,11.33,11.34,928,0
CZT,D,20140205,000000,11.35,11.58,11.33,11.33,492,0
CZT,D,20140206,000000,11.5,11.5,11.05,11.15,426,0
CZT,D,20140207,000000,11.2,11.45,11.15,11.45,414,0
CZT,D,20140210,000000,11.45,11.6,11.4,11.6,6419,0
CZT,D,20140211,000000,11.6,11.65,11.5,11.5,744,0
CZT,D,20140212,000000,11.51,12.1,11.51,12,11563,0
CZT,D,20140213,000000,12.07,12.07,11.99,12.03,43081,0
CZT,D,20140214,000000,12.09,12.09,12,12.05,604,0
CZT,D,20140217,000000,12.1,12.25,12,12.02,1211,0
CZT,D,20140218,000000,12,12.1,11.74,11.74,26081,0
CZT,D,20140219,000000,11.52,11.6,11.5,11.6,1098,0
CZT,D,20140221,000000,11.6,11.7,11.6,11.7,510,0
CZT,D,20140224,000000,11.8,11.99,11.71,11.99,33395,0
CZT,D,20140225,000000,12,12.02,11.74,12,227,0
CZT,D,20140226,000000,11.96,11.96,11.4,11.84,375,0
CZT,D,20140227,000000,11.95,11.95,11.29,11.45,2945,0
CZT,D,20140228,000000,11.45,11.45,11.45,11.45,50,0
CZT,D,20140303,000000,11.2,11.22,10.15,10.17,9928,0
CZT,D,20140304,000000,10.59,10.8,10.59,10.63,1914,0
CZT,D,20140305,000000,10.63,10.65,10.2,10.5,7069,0
CZT,D,20140306,000000,10.81,10.9,10.77,10.9,708,0
CZT,D,20140307,000000,10.56,11.27,10.56,11.27,1190,0
CZT,D,20140310,000000,11.31,11.32,11.3,11.3,479,0
CZT,D,20140311,000000,11.01,11.01,11.01,11.01,502,0
CZT,D,20140312,000000,11,11,10.8,10.8,461,0
CZT,D,20140313,000000,10.8,11,10.77,10.77,242,0
CZT,D,20140314,000000,10.77,10.78,10.5,10.5,1173,0
CZT,D,20140317,000000,10.5,10.5,10.5,10.5,151,0
CZT,D,20140318,000000,10.45,10.9,10.45,10.9,152,0
CZT,D,20140319,000000,10.9,10.9,10.9,10.9,160,0
CZT,D,20140320,000000,10.91,10.91,10.91,10.91,52,0
CZT,D,20140321,000000,10.91,10.95,10.91,10.95,929,0
CZT,D,20140324,000000,10.95,10.95,10.95,10.95,10,0
CZT,D,20140325,000000,10.97,11.19,10.75,10.95,11281,0
CZT,D,20140326,000000,11,11.18,11,11.18,121,0
CZT,D,20140327,000000,11.18,11.18,10.8,10.8,49,0
CZT,D,20140328,000000,10.8,10.8,10.8,10.8,151,0
CZT,D,20140331,000000,11,11,11,11,177,0
CZT,D,20140401,000000,11,11.24,11,11.24,71304,0
CZT,D,20140402,000000,11.25,11.25,11.19,11.19,46,0
CZT,D,20140403,000000,11.09,11.25,11.07,11.07,125,0
CZT,D,20140404,000000,11.07,11.14,11,11.14,303,0
CZT,D,20140407,000000,11.25,11.25,11.25,11.25,4,0
CZT,D,20140408,000000,11.25,11.25,10.82,10.9,884,0
CZT,D,20140409,000000,10.9,10.9,10.86,10.86,230,0
CZT,D,20140410,000000,10.86,11.03,10.86,11.03,818,0
CZT,D,20140411,000000,11.08,11.14,11.08,11.14,41,0
CZT,D,20140414,000000,11.14,11.14,10.86,11.12,170,0
CZT,D,20140415,000000,11.12,11.12,10.86,11,272,0
CZT,D,20140416,000000,11,11,10.85,10.99,4796,0
CZT,D,20140417,000000,10.8,10.93,10.77,10.93,155,0
CZT,D,20140422,000000,10.93,10.93,10.77,10.9,128,0
CZT,D,20140423,000000,10.85,10.85,10.85,10.85,10,0
CZT,D,20140424,000000,10.85,10.85,10.85,10.85,25,0
CZT,D,20140425,000000,10.9,10.9,10.8,10.8,39,0
CZT,D,20140428,000000,10.8,10.8,10.51,10.79,64,0
CZT,D,20140429,000000,10.79,10.79,10.46,10.79,77,0
CZT,D,20140430,000000,10.79,10.79,10.46,10.79,102,0
CZT,D,20140502,000000,10.8,10.8,10.8,10.8,2,0
CZT,D,20140505,000000,10.8,10.8,10.46,10.46,721,0
CZT,D,20140506,000000,10.5,10.5,10.1,10.5,1073,0
CZT,D,20140507,000000,10.31,10.33,10.31,10.33,4643,0
CZT,D,20140508,000000,10.5,10.5,10,10.02,3093,0
CZT,D,20140509,000000,10.11,10.11,10.05,10.05,317,0
CZT,D,20140512,000000,10.06,10.24,10,10,1311,0
CZT,D,20140513,000000,10,10.15,9.99,9.99,105637,0
CZT,D,20140514,000000,10.1,10.25,10.1,10.25,246,0
CZT,D,20140515,000000,10.3,10.3,10.15,10.15,16,0
CZT,D,20140516,000000,10.29,10.3,10.29,10.3,429,0
CZT,D,20140519,000000,10.3,10.3,9.9,9.91,2234,0
CZT,D,20140520,000000,9.96,9.99,9.91,9.97,594,0
CZT,D,20140521,000000,9.97,9.99,9.97,9.99,197,0
CZT,D,20140522,000000,10.19,10.19,10.19,10.19,540,0
CZT,D,20140523,000000,10.2,10.2,9.96,9.97,1260,0
CZT,D,20140526,000000,10.17,10.17,9.85,9.89,1786,0
CZT,D,20140527,000000,9.9,9.91,9.7,9.7,1919,0
CZT,D,20140528,000000,9.7,9.7,9.45,9.45,4345,0
CZT,D,20140529,000000,9.24,9.3,9.24,9.3,1460,0
CZT,D,20140530,000000,9.3,9.3,9.28,9.28,262,0
CZT,D,20140602,000000,9.25,9.3,9.2,9.29,1589,0
CZT,D,20140603,000000,9.23,9.31,9.23,9.31,24393,0
CZT,D,20140604,000000,9.33,9.33,9.33,9.33,4,0
CZT,D,20140605,000000,9.35,9.43,9.35,9.43,889,0
CZT,D,20140606,000000,9.45,10.2,9.45,10.18,3876,0
CZT,D,20140609,000000,10.15,10.15,9.81,9.81,2070,0
CZT,D,20140610,000000,10,10,9.65,9.77,417,0
CZT,D,20140611,000000,9.77,9.77,9.77,9.77,68,0
CZT,D,20140612,000000,9.77,9.77,9.4,9.46,39,0
CZT,D,20140613,000000,9.5,9.51,9.46,9.51,228,0
CZT,D,20140616,000000,9.6,9.68,9.6,9.68,375,0
CZT,D,20140617,000000,9.75,9.75,9.38,9.52,25219,0
CZT,D,20140620,000000,9.5,9.5,9.3,9.3,2462,0
CZT,D,20140623,000000,9.3,9.3,9.3,9.3,24,0
CZT,D,20140624,000000,9.25,9.25,9.25,9.25,1660,0
CZT,D,20140625,000000,9.19,9.5,9.19,9.5,648,0
CZT,D,20140626,000000,9.5,9.5,9.49,9.49,10577,0
CZT,D,20140627,000000,9.55,9.55,9.55,9.55,1,0
CZT,D,20140630,000000,9.05,9.4,9.05,9.4,6971,0
CZT,D,20140701,000000,9.5,9.5,9.2,9.28,36,0
CZT,D,20140702,000000,9.28,9.28,9.05,9.12,1167,0
CZT,D,20140703,000000,9.15,9.24,9.15,9.24,82,0
CZT,D,20140704,000000,9,9,9,9,150,0
CZT,D,20140707,000000,9.02,9.02,8.55,8.95,2159,0
CZT,D,20140708,000000,8.55,8.55,8.55,8.55,45,0
CZT,D,20140709,000000,8.2,8.9,8.14,8.7,4825,0
CZT,D,20140711,000000,8.5,8.6,8.5,8.6,660,0
CZT,D,20140714,000000,8.5,8.5,8.29,8.5,2795,0
CZT,D,20140715,000000,8.61,8.61,8.6,8.6,1760,0
CZT,D,20140716,000000,8.6,8.75,8.6,8.75,273,0
CZT,D,20140717,000000,8.75,8.75,8.7,8.75,103,0
CZT,D,20140718,000000,8.75,8.75,8.75,8.75,126,0
CZT,D,20140721,000000,8.8,9.19,8.8,9.19,6300,0
CZT,D,20140722,000000,9.19,9.19,9.19,9.19,28,0
CZT,D,20140723,000000,9.1,9.1,8.85,8.85,1004,0
CZT,D,20140724,000000,8.94,8.94,8.85,8.85,531,0
CZT,D,20140725,000000,8.85,8.85,8.85,8.85,52,0
CZT,D,20140728,000000,8.8,8.82,8.8,8.82,42,0
CZT,D,20140729,000000,8.8,8.81,8.8,8.81,1139,0
CZT,D,20140801,000000,8.54,8.75,8.54,8.75,148,0
CZT,D,20140804,000000,8.77,8.81,8.7,8.81,1002,0
CZT,D,20140805,000000,9.1,9.1,9.1,9.1,50,0
CZT,D,20140806,000000,8.9,9.15,8.9,9.14,76,0
CZT,D,20140807,000000,9.14,9.14,8.8,8.88,1864,0
CZT,D,20140808,000000,8.9,8.9,8.7,8.84,972,0
CZT,D,20140811,000000,8.84,8.84,8.8,8.82,226,0
CZT,D,20140812,000000,8.84,8.84,8.84,8.84,13,0
CZT,D,20140813,000000,8.84,8.84,8.8,8.8,14,0
CZT,D,20140814,000000,8.8,8.8,8.8,8.8,4,0
CZT,D,20140818,000000,8.8,9,8.8,9,1105,0
CZT,D,20140819,000000,9,9,8.8,8.8,804,0
CZT,D,20140820,000000,8.93,8.93,8.93,8.93,40002,0
CZT,D,20140821,000000,8.95,8.95,8.65,8.65,275,0
CZT,D,20140825,000000,8.65,8.65,8.65,8.65,10,0
CZT,D,20140826,000000,8.65,8.66,8.65,8.66,251,0
CZT,D,20140827,000000,8.65,8.73,8.53,8.73,902,0
CZT,D,20140828,000000,8.73,8.73,8.53,8.53,55,0
CZT,D,20140829,000000,8.33,8.52,7.5,7.94,19531,0
CZT,D,20140901,000000,7.95,7.95,7.5,7.55,2714,0
CZT,D,20140902,000000,7.51,7.55,7.51,7.55,1322,0
CZT,D,20140903,000000,7.56,7.85,7.48,7.48,630,0
CZT,D,20140904,000000,7.48,7.48,7.45,7.45,13427,0
CZT,D,20140905,000000,7.6,7.6,7.5,7.5,2577,0
CZT,D,20140908,000000,7.5,7.5,7.5,7.5,339,0
CZT,D,20140909,000000,7.5,7.65,7.4,7.65,3182,0
CZT,D,20140910,000000,7.75,7.75,7.65,7.65,566,0
CZT,D,20140911,000000,7.85,7.85,7.8,7.85,50141,0
CZT,D,20140912,000000,7.85,7.85,7.66,7.85,600,0
CZT,D,20140915,000000,7.49,7.85,7.49,7.85,92,0
CZT,D,20140916,000000,7.85,7.86,7.85,7.86,101,0
CZT,D,20140917,000000,7.9,7.9,7.9,7.9,716,0
CZT,D,20140918,000000,7.9,7.9,7.85,7.9,308,0
CZT,D,20140919,000000,7.94,7.94,7.94,7.94,30,0
CZT,D,20140922,000000,7.97,7.97,7.86,7.95,419,0
CZT,D,20140923,000000,7.95,7.95,7.95,7.95,93,0
CZT,D,20140924,000000,7.95,7.95,7.95,7.95,224,0
CZT,D,20140925,000000,7.95,7.95,7.6,7.6,503,0
CZT,D,20140929,000000,7.8,7.8,7.8,7.8,1,0
CZT,D,20141001,000000,7.8,7.8,7.8,7.8,11,0
CZT,D,20141002,000000,7.8,7.8,7.8,7.8,114,0
CZT,D,20141003,000000,7.81,7.81,7.81,7.81,29,0
CZT,D,20141006,000000,7.81,7.81,7.81,7.81,3,0
CZT,D,20141008,000000,7.94,7.94,7.5,7.8,462,0
CZT,D,20141009,000000,7.81,7.81,7.65,7.65,3796,0
CZT,D,20141010,000000,7.65,7.65,7.65,7.65,10,0
CZT,D,20141015,000000,7.65,7.65,7.65,7.65,26,0
CZT,D,20141016,000000,7.5,7.5,7.14,7.49,734,0
CZT,D,20141017,000000,7.48,7.48,7.48,7.48,1,0
CZT,D,20141020,000000,7.14,7.17,7.14,7.17,673,0
CZT,D,20141021,000000,7,7.29,6.9,6.9,750,0
CZT,D,20141022,000000,6.9,6.9,6.51,6.75,3233,0
CZT,D,20141023,000000,6.43,6.58,6.22,6.27,2582,0
CZT,D,20141024,000000,6.31,6.41,6.31,6.33,666,0
CZT,D,20141027,000000,6.53,6.53,6.27,6.27,1078,0
CZT,D,20141028,000000,6.2,6.2,6.2,6.2,1420,0
CZT,D,20141029,000000,6.3,6.3,6.3,6.3,270,0
CZT,D,20141030,000000,6.3,6.3,6.2,6.2,1060,0
CZT,D,20141031,000000,6.3,6.3,6.3,6.3,5,0
CZT,D,20141103,000000,6.32,6.32,6.3,6.3,418,0
CZT,D,20141104,000000,6.3,6.38,6.3,6.38,373,0
CZT,D,20141105,000000,6.38,6.38,6.35,6.35,258,0
CZT,D,20141106,000000,6.37,6.37,6.37,6.37,1,0
CZT,D,20141110,000000,6.1,6.1,6.1,6.1,1241,0
CZT,D,20141113,000000,5.84,5.91,5.58,5.6,3118,0
CZT,D,20141114,000000,5.6,5.6,5.4,5.4,1337,0
CZT,D,20141117,000000,5.34,5.7,5.34,5.61,15600,0
CZT,D,20141118,000000,5.6,5.6,5.33,5.38,5972,0
CZT,D,20141119,000000,5.14,5.38,5.14,5.15,2318,0
CZT,D,20141120,000000,5.14,5.14,5,5.13,5059,0
CZT,D,20141121,000000,5.1,5.1,4.98,4.98,421,0
CZT,D,20141124,000000,5,5,4.89,4.89,1897,0
CZT,D,20141125,000000,4.89,4.89,4.2,4.2,7600,0
CZT,D,20141126,000000,4.2,4.2,3.08,3.2,57704,0
CZT,D,20141127,000000,3.04,3.28,2.78,2.97,273754,0
CZT,D,20141128,000000,3.01,3.16,2.99,3,168654,0
CZT,D,20141201,000000,3.14,3.7,2.5,2.5,1066105,0
CZT,D,20141202,000000,2.65,3.2,2.65,3.1,478199,0
CZT,D,20141203,000000,3.1,3.27,2.96,2.98,326257,0
CZT,D,20141204,000000,2.98,3.05,2.77,2.82,153967,0
CZT,D,20141205,000000,2.8,2.81,2.65,2.7,212749,0
CZT,D,20141208,000000,2.7,2.72,2.52,2.56,301300,0
CZT,D,20141209,000000,2.6,2.65,2.52,2.55,88738,0
CZT,D,20141210,000000,2.52,2.55,2.36,2.4,246086,0
CZT,D,20141211,000000,2.4,2.64,2.36,2.47,221183,0
CZT,D,20141212,000000,2.47,2.47,2.35,2.36,259201,0
CZT,D,20141215,000000,2.4,2.45,2.25,2.39,137711,0
CZT,D,20141216,000000,2.39,2.44,2.28,2.34,51889,0
CZT,D,20141217,000000,2.34,2.46,2.31,2.44,65312,0
CZT,D,20141218,000000,2.45,2.53,2.3,2.31,143085,0
CZT,D,20141219,000000,2.31,2.34,2.23,2.29,46061,0
CZT,D,20141222,000000,2.3,2.3,2.12,2.2,233336,0
CZT,D,20141223,000000,2.15,2.3,2.11,2.25,84931,0
CZT,D,20141229,000000,2.68,3,2.52,3,856698,0
CZT,D,20141230,000000,3.08,3.1,2.83,2.9,433402,0
CZT,D,20150102,000000,2.85,2.95,2.65,2.74,235089,0
CZT,D,20150105,000000,2.77,2.78,2.52,2.52,187803,0
CZT,D,20150107,000000,2.5,2.64,2.38,2.56,223132,0
CZT,D,20150108,000000,2.58,2.64,2.48,2.53,80877,0
CZT,D,20150109,000000,2.57,2.64,2.5,2.6,105999,0
CZT,D,20150112,000000,2.61,2.63,2.45,2.48,134106,0
CZT,D,20150113,000000,2.45,2.45,2.35,2.45,69489,0
CZT,D,20150114,000000,2.43,2.51,2.43,2.5,23092,0
CZT,D,20150115,000000,2.49,2.49,2.4,2.45,23788,0
CZT,D,20150116,000000,2.45,2.49,2.38,2.38,15402,0
CZT,D,20150119,000000,2.22,2.35,2.2,2.24,121194,0
CZT,D,20150120,000000,2.25,2.27,2.19,2.23,32306,0
CZT,D,20150121,000000,2.25,2.27,2.19,2.2,105215,0
CZT,D,20150122,000000,2.2,2.62,2.2,2.59,274719,0
CZT,D,20150123,000000,2.61,2.69,2.51,2.59,163690,0
CZT,D,20150126,000000,2.5,2.57,2.45,2.48,59543,0
CZT,D,20150127,000000,2.5,2.53,2.46,2.5,37274,0
CZT,D,20150128,000000,2.56,2.56,2.4,2.46,31242,0
CZT,D,20150129,000000,2.41,2.77,2.41,2.73,172215,0
CZT,D,20150130,000000,2.72,2.81,2.63,2.74,84478,0
CZT,D,20150202,000000,2.73,2.74,2.65,2.73,59558,0
CZT,D,20150203,000000,2.7,2.95,2.7,2.89,96853,0
CZT,D,20150204,000000,2.92,3.45,2.85,3.09,516024,0
CZT,D,20150205,000000,3.01,3.2,2.96,3.17,150627,0
CZT,D,20150206,000000,3.17,3.44,3.17,3.36,200607,0
CZT,D,20150209,000000,3.48,3.69,3.36,3.69,524866,0
CZT,D,20150210,000000,3.79,3.86,3.53,3.53,452466,0
CZT,D,20150211,000000,3.57,3.64,3.4,3.4,207088,0
CZT,D,20150212,000000,3.4,3.74,3.32,3.73,234999,0
CZT,D,20150213,000000,3.73,3.85,3.66,3.75,105839,0
CZT,D,20150216,000000,3.82,3.82,3.72,3.79,83431,0
CZT,D,20150217,000000,3.79,3.79,3.65,3.69,60870,0
CZT,D,20150218,000000,3.69,3.69,3.41,3.56,46362,0
CZT,D,20150219,000000,3.56,3.61,3.45,3.45,110694,0
CZT,D,20150220,000000,3.52,3.58,3.41,3.49,36085,0
CZT,D,20150223,000000,3.52,3.59,3.5,3.53,20342,0
CZT,D,20150224,000000,3.53,3.56,3.33,3.44,71655,0
CZT,D,20150225,000000,3.44,3.52,3.3,3.52,48861,0
CZT,D,20150226,000000,3.47,3.49,3.34,3.4,42248,0
CZT,D,20150227,000000,3.4,3.44,3.35,3.42,20616,0
CZT,D,20150302,000000,3.42,3.42,3.21,3.24,81069,0
CZT,D,20150303,000000,3.21,3.34,3.09,3.28,108226,0
CZT,D,20150304,000000,3.31,3.31,3.18,3.23,29584,0
CZT,D,20150305,000000,3.23,3.3,3.2,3.28,29249,0
CZT,D,20150306,000000,3.28,3.39,3.28,3.36,47128,0
CZT,D,20150309,000000,3.4,3.5,3.15,3.15,63886,0
CZT,D,20150310,000000,3.18,3.3,3.15,3.3,55073,0
CZT,D,20150311,000000,3.38,3.38,3.24,3.34,24936,0
CZT,D,20150312,000000,3.34,3.34,3.3,3.32,8958,0
CZT,D,20150313,000000,3.32,3.32,3.19,3.2,16724,0
CZT,D,20150316,000000,3.19,3.25,3.05,3.2,6475,0
CZT,D,20150317,000000,3.2,3.23,3.06,3.17,17826,0
CZT,D,20150318,000000,3.2,3.3,3.14,3.3,22060,0
CZT,D,20150319,000000,3.31,3.35,3.28,3.31,9615,0
CZT,D,20150320,000000,3.31,3.31,3.1,3.18,25419,0
CZT,D,20150323,000000,3.1,3.16,3.05,3.14,32746,0
CZT,D,20150324,000000,3.09,3.16,3.07,3.14,12627,0
CZT,D,20150325,000000,3.06,3.1,2.85,3.1,52104,0
CZT,D,20150326,000000,3.1,3.1,2.84,2.88,93089,0
CZT,D,20150327,000000,2.89,2.98,2.81,2.93,8179,0
CZT,D,20150330,000000,2.93,2.93,2.69,2.76,21423,0
CZT,D,20150331,000000,2.81,2.81,2.71,2.79,18720,0
CZT,D,20150401,000000,2.7,2.82,2.7,2.74,11937,0
CZT,D,20150402,000000,2.78,2.88,2.78,2.85,9388,0
CZT,D,20150407,000000,2.78,2.84,2.7,2.78,20486,0
CZT,D,20150408,000000,2.8,2.8,2.61,2.66,31738,0
CZT,D,20150409,000000,2.66,2.75,2.62,2.68,11775,0
CZT,D,20150410,000000,2.69,2.8,2.69,2.79,36557,0
CZT,D,20150413,000000,2.79,2.9,2.77,2.9,29375,0
CZT,D,20150414,000000,2.94,3.05,2.83,2.83,76425,0
CZT,D,20150415,000000,2.85,2.92,2.83,2.91,20262,0
CZT,D,20150416,000000,2.93,2.95,2.82,2.85,52805,0
CZT,D,20150417,000000,2.86,2.9,2.81,2.87,9506,0
CZT,D,20150420,000000,2.84,2.84,2.69,2.79,36406,0
CZT,D,20150421,000000,2.83,2.83,2.65,2.68,55182,0
CZT,D,20150422,000000,2.57,2.57,2.12,2.36,463132,0
CZT,D,20150423,000000,2.28,2.32,2.2,2.3,126702,0
CZT,D,20150424,000000,2.33,2.35,2.25,2.32,20658,0
CZT,D,20150427,000000,2.27,2.33,2.18,2.18,88897,0
CZT,D,20150428,000000,2.19,2.23,2.15,2.22,57636,0
CZT,D,20150429,000000,2.22,2.34,2.22,2.27,53108,0
CZT,D,20150430,000000,2.26,2.3,2.21,2.26,14922,0
CZT,D,20150504,000000,2.29,2.4,2.27,2.27,135736,0
CZT,D,20150505,000000,2.29,2.32,2.22,2.27,35739,0
CZT,D,20150506,000000,2.29,2.33,2.24,2.32,11974,0
CZT,D,20150507,000000,2.32,2.34,2.25,2.29,4956,0
CZT,D,20150508,000000,2.3,2.3,2.22,2.29,6537,0
CZT,D,20150511,000000,2.3,2.45,2.3,2.4,95301,0
CZT,D,20150512,000000,2.41,2.41,2.36,2.39,26362,0
CZT,D,20150513,000000,2.37,2.39,2.28,2.34,51281,0
CZT,D,20150514,000000,2.34,2.36,2.28,2.36,11306,0
CZT,D,20150515,000000,2.36,2.36,2.26,2.32,8699,0
CZT,D,20150518,000000,2.36,2.36,2.3,2.32,5522,0
CZT,D,20150519,000000,2.35,2.35,2.26,2.31,9117,0
CZT,D,20150520,000000,2.25,2.31,2.25,2.29,5952,0
CZT,D,20150521,000000,2.34,2.34,2.11,2.27,38536,0
CZT,D,20150522,000000,2.27,2.27,2.2,2.27,27273,0
CZT,D,20150525,000000,2.28,2.28,2.21,2.24,3415,0
CZT,D,20150526,000000,2.24,2.24,2.2,2.24,5341,0
CZT,D,20150527,000000,2.19,2.26,2.19,2.25,8080,0
CZT,D,20150528,000000,2.26,2.32,2.21,2.32,6363,0
CZT,D,20150529,000000,2.32,2.32,2.26,2.3,7049,0
CZT,D,20150601,000000,2.3,2.32,2.21,2.24,26743,0
CZT,D,20150602,000000,2.26,2.26,2.19,2.25,5550,0
CZT,D,20150603,000000,2.25,2.25,2.22,2.22,421,0
CZT,D,20150605,000000,2.26,2.26,2.21,2.26,2075,0
CZT,D,20150608,000000,2.26,2.26,2.19,2.2,3266,0
CZT,D,20150609,000000,2.2,2.25,2.15,2.25,12548,0
CZT,D,20150610,000000,2.25,2.25,2.16,2.22,2929,0
CZT,D,20150611,000000,2.23,2.28,2.15,2.28,15101,0
CZT,D,20150612,000000,2.28,2.28,2.17,2.18,17109,0
CZT,D,20150615,000000,2.15,2.2,2.13,2.18,16427,0
CZT,D,20150616,000000,2.2,2.2,2.03,2.05,19892,0
CZT,D,20150617,000000,2.1,2.13,2.05,2.05,8463,0
CZT,D,20150618,000000,2.08,2.08,1.77,1.89,56427,0
CZT,D,20150619,000000,1.89,1.89,1.67,1.77,77108,0
CZT,D,20150622,000000,1.8,1.83,1.8,1.82,24880,0
CZT,D,20150623,000000,1.83,1.85,1.71,1.71,14662,0
CZT,D,20150624,000000,1.83,1.84,1.72,1.72,51604,0
CZT,D,20150625,000000,1.78,1.82,1.71,1.82,9786,0
CZT,D,20150626,000000,1.82,1.9,1.8,1.84,25529,0
CZT,D,20150629,000000,1.74,1.79,1.71,1.79,27338,0
CZT,D,20150630,000000,1.74,1.9,1.74,1.78,16100,0
CZT,D,20150701,000000,1.8,1.8,1.78,1.8,4314,0
CZT,D,20150702,000000,1.8,1.8,1.74,1.74,9026,0
CZT,D,20150703,000000,1.8,1.8,1.68,1.68,23731,0
CZT,D,20150706,000000,1.74,1.74,1.63,1.69,29771,0
CZT,D,20150707,000000,1.77,1.77,1.63,1.63,11158,0
CZT,D,20150708,000000,1.7,1.7,1.53,1.57,47928,0
CZT,D,20150709,000000,1.58,1.63,1.51,1.63,35092,0
CZT,D,20150710,000000,1.53,1.55,1.4,1.44,213078,0
CZT,D,20150713,000000,1.45,1.48,1.43,1.47,64449,0
CZT,D,20150714,000000,1.48,1.48,1.41,1.44,11864,0
CZT,D,20150715,000000,1.41,1.42,1.36,1.39,52405,0
CZT,D,20150716,000000,1.4,1.44,1.39,1.42,15500,0
CZT,D,20150717,000000,1.41,1.5,1.41,1.46,89972,0
CZT,D,20150720,000000,1.49,1.55,1.39,1.43,81968,0
CZT,D,20150721,000000,1.43,1.43,1.33,1.35,40241,0
CZT,D,20150722,000000,1.35,1.35,1.13,1.18,120227,0
CZT,D,20150723,000000,1.2,1.25,1.16,1.16,42794,0
CZT,D,20150724,000000,1.16,1.2,1.14,1.15,39126,0
CZT,D,20150727,000000,1.14,1.16,1.07,1.1,55265,0
CZT,D,20150728,000000,1.1,1.18,1.1,1.13,51173,0
CZT,D,20150729,000000,1.16,1.27,1.15,1.2,251708,0
CZT,D,20150730,000000,1.21,1.21,1.07,1.13,294056,0
CZT,D,20150731,000000,1.11,1.11,1.03,1.1,180463,0
CZT,D,20150803,000000,1.1,1.17,1.1,1.15,56497,0
CZT,D,20150804,000000,1.13,1.16,1.09,1.13,27970,0
CZT,D,20150805,000000,1.1,1.12,1.08,1.12,25317,0
CZT,D,20150806,000000,1.1,1.13,1.08,1.11,21014,0
CZT,D,20150807,000000,1.11,1.13,1.09,1.1,9229,0
CZT,D,20150810,000000,1.12,1.12,1.12,1.12,2,0
CZT,D,20150811,000000,1.13,1.13,1.04,1.11,18309,0
CZT,D,20150812,000000,1.07,1.09,1.04,1.09,19544,0
CZT,D,20150813,000000,1.06,1.15,1,1.12,41421,0
CZT,D,20150814,000000,1.14,1.14,1.08,1.08,2260,0
CZT,D,20150817,000000,1.08,1.1,1.07,1.1,6939,0
CZT,D,20150818,000000,1.1,1.1,1.1,1.1,650,0
CZT,D,20150819,000000,1.1,1.1,0.99,0.99,122367,0
CZT,D,20150820,000000,1,1.01,0.97,1.01,33251,0
CZT,D,20150821,000000,1.01,1.01,0.88,0.9,52115,0
CZT,D,20150824,000000,0.86,0.86,0.71,0.73,133829,0
CZT,D,20150825,000000,0.73,0.84,0.73,0.8,81102,0
CZT,D,20150826,000000,0.8,0.82,0.75,0.78,14686,0
CZT,D,20150827,000000,0.78,0.8,0.74,0.8,12281,0
CZT,D,20150828,000000,0.76,0.78,0.73,0.77,54613,0
CZT,D,20150831,000000,0.77,0.78,0.73,0.75,56387,0
CZT,D,20150901,000000,0.78,0.78,0.72,0.73,75616,0
CZT,D,20150902,000000,0.75,0.75,0.68,0.68,114964,0
CZT,D,20150903,000000,0.67,0.76,0.59,0.75,447800,0
CZT,D,20150904,000000,0.78,0.85,0.68,0.68,483036,0
CZT,D,20150907,000000,0.7,0.7,0.65,0.66,62800,0
CZT,D,20150908,000000,0.66,0.68,0.64,0.66,50404,0
CZT,D,20150909,000000,0.66,0.66,0.64,0.64,78754,0
CZT,D,20150910,000000,0.64,0.69,0.61,0.64,179916,0
CZT,D,20150911,000000,0.66,0.67,0.62,0.67,49863,0
CZT,D,20150914,000000,0.63,0.67,0.63,0.67,20509,0
CZT,D,20150915,000000,0.67,0.88,0.64,0.88,179218,0
CZT,D,20150916,000000,0.95,1.14,0.95,1.14,791964,0
CZT,D,20150917,000000,1.22,1.47,1.19,1.47,455917,0
CZT,D,20150918,000000,1.6,1.8,1.55,1.69,792738,0
CZT,D,20150921,000000,1.71,1.99,1.71,1.92,680435,0
CZT,D,20150922,000000,1.95,1.99,1.43,1.43,630299,0
CZT,D,20150923,000000,1.45,1.58,1.43,1.47,184769,0
CZT,D,20150924,000000,1.47,1.47,1.08,1.13,351921,0
CZT,D,20150925,000000,1.13,1.51,1.13,1.51,439559,0
CZT,D,20150928,000000,1.55,1.68,1.28,1.31,477999,0
CZT,D,20150929,000000,1.45,1.45,1.25,1.26,183907,0
CZT,D,20150930,000000,1.26,1.27,1.2,1.26,104769,0
CZT,D,20151001,000000,1.26,1.26,1.15,1.18,90450,0
CZT,D,20151002,000000,1.2,1.45,1.14,1.3,263478,0
CZT,D,20151005,000000,1.3,1.47,1.3,1.38,223022,0
CZT,D,20151006,000000,1.37,1.42,1.34,1.39,61897,0
CZT,D,20151007,000000,1.34,1.41,1.21,1.28,171851,0
CZT,D,20151008,000000,1.28,1.28,1.2,1.25,105069,0
CZT,D,20151009,000000,1.27,1.31,1.21,1.29,31232,0
CZT,D,20151012,000000,1.25,1.45,1.23,1.26,155987,0
CZT,D,20151013,000000,1.27,1.31,1.24,1.28,63436,0
CZT,D,20151014,000000,1.26,1.29,1.22,1.27,51681,0
CZT,D,20151015,000000,1.28,1.28,1.23,1.26,61001,0
CZT,D,20151016,000000,1.26,1.3,1.23,1.24,54545,0
CZT,D,20151019,000000,1.13,1.17,1.1,1.15,124144,0
CZT,D,20151020,000000,1.18,1.18,1.13,1.15,53295,0
CZT,D,20151021,000000,1.16,1.18,1.13,1.15,29069,0
CZT,D,20151022,000000,1.15,1.23,1.1,1.22,241486,0
CZT,D,20151023,000000,1.22,1.26,1.13,1.16,130145,0
CZT,D,20151026,000000,1.16,1.16,1.12,1.13,28007,0
CZT,D,20151027,000000,1.13,1.15,1.11,1.11,50058,0
CZT,D,20151028,000000,1.14,1.14,1.11,1.14,9735,0
CZT,D,20151029,000000,1.15,1.15,1.07,1.1,75539,0
CZT,D,20151030,000000,1.1,1.1,1.06,1.06,14303,0
CZT,D,20151102,000000,1.06,1.07,0.96,1,87237,0
CZT,D,20151103,000000,0.99,1,0.87,0.87,79878,0
CZT,D,20151104,000000,0.83,0.9,0.81,0.82,108020,0
CZT,D,20151105,000000,0.88,0.88,0.86,0.88,26681,0
CZT,D,20151106,000000,0.88,0.93,0.88,0.92,47145,0
CZT,D,20151109,000000,0.92,0.92,0.84,0.86,42141,0
CZT,D,20151110,000000,0.86,0.91,0.86,0.88,43780,0
CZT,D,20151112,000000,0.88,0.89,0.86,0.89,4950,0
CZT,D,20151113,000000,0.86,0.9,0.86,0.89,12790,0
CZT,D,20151116,000000,0.86,0.88,0.83,0.85,11167,0
CZT,D,20151117,000000,0.82,0.87,0.8,0.84,33482,0
CZT,D,20151118,000000,0.81,0.86,0.81,0.85,38993,0
CZT,D,20151119,000000,0.85,0.91,0.85,0.89,36254,0
CZT,D,20151120,000000,0.9,0.95,0.89,0.93,79834,0
CZT,D,20151123,000000,0.93,0.93,0.84,0.84,29539,0
CZT,D,20151124,000000,0.84,0.88,0.82,0.82,29197,0
CZT,D,20151125,000000,0.85,0.85,0.85,0.85,3568,0
CZT,D,20151126,000000,0.85,0.9,0.85,0.9,37143,0
CZT,D,20151127,000000,0.92,0.92,0.88,0.88,4638,0
CZT,D,20151130,000000,0.91,0.97,0.91,0.91,47243,0
CZT,D,20151201,000000,0.93,0.93,0.87,0.88,20880,0
CZT,D,20151202,000000,0.88,0.88,0.83,0.84,15169,0
CZT,D,20151203,000000,0.84,0.84,0.83,0.83,10227,0
CZT,D,20151204,000000,0.8,0.87,0.77,0.87,24236,0
CZT,D,20151207,000000,0.85,0.85,0.81,0.82,19207,0
CZT,D,20151208,000000,0.82,0.82,0.77,0.78,15371,0
CZT,D,20151209,000000,0.78,0.78,0.76,0.78,12614,0
CZT,D,20151210,000000,0.8,0.86,0.8,0.86,16756,0
CZT,D,20151211,000000,0.87,0.87,0.82,0.86,15304,0
CZT,D,20151214,000000,0.86,0.86,0.83,0.83,2105,0
CZT,D,20151215,000000,0.82,0.84,0.81,0.81,13264,0
CZT,D,20151216,000000,0.83,0.83,0.79,0.83,16204,0
CZT,D,20151217,000000,0.81,0.89,0.81,0.89,15000,0
CZT,D,20151218,000000,0.88,0.88,0.83,0.84,8544,0
CZT,D,20151221,000000,0.83,0.83,0.83,0.83,8000,0
CZT,D,20151222,000000,0.83,0.83,0.81,0.81,5666,0
CZT,D,20151223,000000,0.81,0.82,0.78,0.82,30883,0
CZT,D,20151228,000000,0.8,0.81,0.78,0.81,15440,0
CZT,D,20151229,000000,0.81,0.81,0.79,0.79,4802,0
CZT,D,20151230,000000,0.8,0.8,0.79,0.8,6981,0
CZT,D,20160104,000000,0.79,0.81,0.77,0.81,8000,0
CZT,D,20160105,000000,0.8,0.82,0.8,0.82,1527,0
CZT,D,20160107,000000,0.8,0.82,0.78,0.82,6399,0
CZT,D,20160108,000000,0.82,0.82,0.81,0.82,2686,0
CZT,D,20160111,000000,0.82,0.82,0.82,0.82,1230,0
CZT,D,20160112,000000,0.82,0.82,0.82,0.82,7157,0
CZT,D,20160113,000000,0.8,0.83,0.78,0.82,15498,0
CZT,D,20160114,000000,0.8,0.8,0.77,0.78,3705,0
CZT,D,20160115,000000,0.78,0.78,0.74,0.77,17229,0
CZT,D,20160118,000000,0.72,0.78,0.72,0.75,10765,0
CZT,D,20160119,000000,0.82,0.82,0.76,0.76,1800,0
CZT,D,20160120,000000,0.76,0.78,0.76,0.78,2800,0
CZT,D,20160121,000000,0.82,0.82,0.82,0.82,2,0
CZT,D,20160122,000000,0.8,0.8,0.76,0.79,13339,0
CZT,D,20160125,000000,0.81,0.82,0.79,0.82,9552,0
CZT,D,20160126,000000,0.82,0.82,0.78,0.81,5060,0
CZT,D,20160127,000000,0.82,0.82,0.82,0.82,2,0
CZT,D,20160128,000000,0.81,0.81,0.78,0.78,5505,0
CZT,D,20160129,000000,0.8,0.8,0.77,0.79,3204,0
CZT,D,20160201,000000,0.75,0.75,0.7,0.7,94576,0
CZT,D,20160202,000000,0.76,0.76,0.71,0.71,27864,0
CZT,D,20160203,000000,0.72,0.72,0.68,0.72,16685,0
CZT,D,20160204,000000,0.71,0.71,0.69,0.7,10625,0
CZT,D,20160205,000000,0.7,0.7,0.69,0.69,25508,0
CZT,D,20160208,000000,0.69,0.7,0.69,0.7,30165,0
CZT,D,20160209,000000,0.69,0.71,0.68,0.7,10974,0
CZT,D,20160210,000000,0.71,0.71,0.67,0.7,11952,0
CZT,D,20160211,000000,0.71,0.71,0.67,0.7,5869,0
CZT,D,20160212,000000,0.71,0.71,0.68,0.69,4267,0
CZT,D,20160215,000000,0.7,0.7,0.69,0.69,1999,0
CZT,D,20160216,000000,0.7,0.7,0.7,0.7,1,0
CZT,D,20160217,000000,0.69,0.71,0.68,0.71,13976,0
CZT,D,20160218,000000,0.71,0.71,0.67,0.69,25114,0
CZT,D,20160219,000000,0.7,0.81,0.7,0.77,101424,0
CZT,D,20160222,000000,0.78,0.95,0.77,0.95,241314,0
CZT,D,20160223,000000,0.99,1.01,0.9,0.91,130241,0
CZT,D,20160224,000000,0.89,0.89,0.83,0.88,59904,0
CZT,D,20160225,000000,0.88,0.88,0.83,0.87,4582,0
CZT,D,20160226,000000,0.82,0.86,0.81,0.85,23158,0
CZT,D,20160229,000000,0.85,0.85,0.8,0.84,18265,0
CZT,D,20160301,000000,0.84,0.9,0.79,0.89,76829,0
CZT,D,20160302,000000,0.9,1.06,0.89,0.89,310460,0
CZT,D,20160303,000000,0.91,0.91,0.84,0.89,28504,0
CZT,D,20160304,000000,0.89,0.94,0.88,0.91,39332,0
CZT,D,20160307,000000,0.91,0.91,0.86,0.9,11942,0
CZT,D,20160308,000000,0.9,0.9,0.85,0.9,6951,0
CZT,D,20160309,000000,0.9,0.9,0.84,0.9,16009,0
CZT,D,20160310,000000,0.89,0.89,0.84,0.89,5143,0
CZT,D,20160311,000000,0.9,0.9,0.84,0.88,25941,0
CZT,D,20160314,000000,0.88,0.88,0.85,0.87,9022,0
CZT,D,20160315,000000,0.87,0.87,0.84,0.87,20687,0
CZT,D,20160316,000000,0.86,0.86,0.83,0.86,9249,0
CZT,D,20160317,000000,0.86,0.87,0.84,0.86,13243,0
CZT,D,20160318,000000,0.87,0.92,0.84,0.9,34724,0
CZT,D,20160321,000000,0.9,0.92,0.9,0.91,12033,0
CZT,D,20160322,000000,0.91,0.91,0.81,0.81,90656,0
CZT,D,20160323,000000,0.86,0.88,0.84,0.87,28761,0
CZT,D,20160324,000000,0.87,0.87,0.8,0.85,187804,0
CZT,D,20160329,000000,0.85,0.86,0.83,0.85,9500,0
CZT,D,20160330,000000,0.86,0.86,0.83,0.83,675,0
CZT,D,20160331,000000,0.85,0.97,0.84,0.94,325547,0
CZT,D,20160401,000000,1,1.13,0.99,1.03,578869,0
CZT,D,20160404,000000,1,1.05,0.95,0.98,122284,0
CZT,D,20160405,000000,0.98,0.98,0.93,0.97,56840,0
CZT,D,20160406,000000,0.99,1.04,0.98,1,86273,0
CZT,D,20160407,000000,1.02,1.17,1.02,1.07,326278,0
CZT,D,20160408,000000,1.08,1.12,1.04,1.08,53154,0
CZT,D,20160411,000000,1.1,1.12,1.03,1.05,67817,0
CZT,D,20160412,000000,1.05,1.05,1,1.04,30916,0
CZT,D,20160413,000000,1.03,1.05,1,1.03,39765,0
CZT,D,20160414,000000,1.04,1.04,1.01,1.02,16139,0
CZT,D,20160415,000000,1.03,1.24,1,1.24,235317,0
CZT,D,20160418,000000,1.24,1.36,1.09,1.17,498789,0
CZT,D,20160419,000000,1.15,1.24,1.13,1.22,143265,0
CZT,D,20160420,000000,1.2,1.26,1.15,1.16,161407,0
CZT,D,20160421,000000,1.16,1.2,1.11,1.13,53653,0
CZT,D,20160422,000000,1.1,1.24,1.1,1.17,166595,0
CZT,D,20160425,000000,1.17,1.22,1.14,1.14,70676,0
CZT,D,20160426,000000,1.17,1.17,1.12,1.13,32106,0
CZT,D,20160427,000000,1.15,1.16,1.12,1.13,8887,0
CZT,D,20160428,000000,1.15,1.17,1.12,1.13,35892,0
CZT,D,20160429,000000,1.13,1.16,1.12,1.16,17067,0
CZT,D,20160502,000000,1.16,1.22,1.14,1.15,67565,0
CZT,D,20160504,000000,1.15,1.15,1.12,1.12,24704,0
CZT,D,20160505,000000,1.13,1.16,1.11,1.13,27318,0
CZT,D,20160506,000000,1.13,1.13,1.1,1.1,40847,0
CZT,D,20160509,000000,1.14,1.15,1.05,1.14,44548,0
CZT,D,20160510,000000,1.14,1.17,1.12,1.12,59665,0
CZT,D,20160511,000000,1.11,1.15,1.11,1.14,17598,0
CZT,D,20160512,000000,1.14,1.14,1.12,1.12,19531,0
CZT,D,20160513,000000,1.14,1.14,1.14,1.14,5,0
CZT,D,20160516,000000,1.12,1.13,1.12,1.13,2199,0
CZT,D,20160517,000000,1.13,1.36,1.13,1.18,445952,0
CZT,D,20160518,000000,1.19,1.23,1.14,1.15,254901,0
CZT,D,20160519,000000,1.16,1.16,1.12,1.16,33529,0
CZT,D,20160520,000000,1.14,1.16,1.13,1.15,11763,0
CZT,D,20160523,000000,1.15,1.16,1.11,1.11,48882,0
CZT,D,20160524,000000,1.15,1.16,1.07,1.16,77687,0
CZT,D,20160525,000000,1.16,1.18,1.13,1.18,31277,0
CZT,D,20160527,000000,1.18,1.18,1.18,1.18,5,0
CZT,D,20160530,000000,1.17,1.17,1.11,1.14,19042,0
CZT,D,20160531,000000,1.14,1.14,1.1,1.13,35883,0
CZT,D,20160601,000000,1.13,1.13,1.08,1.11,42446,0
CZT,D,20160602,000000,1.11,1.11,1.06,1.1,23788,0
CZT,D,20160603,000000,1.1,1.1,1.06,1.1,16894,0
CZT,D,20160606,000000,1.09,1.09,1.07,1.09,6813,0
CZT,D,20160607,000000,1.05,1.09,1.05,1.07,6146,0
CZT,D,20160608,000000,1.09,1.09,1.05,1.07,26063,0
CZT,D,20160609,000000,1.08,1.08,1.07,1.07,15405,0
CZT,D,20160610,000000,1.07,1.07,0.97,1,57623,0
CZT,D,20160613,000000,0.99,0.99,0.93,0.93,30519,0
CZT,D,20160614,000000,0.92,0.99,0.92,0.94,20469,0
CZT,D,20160615,000000,0.95,0.97,0.94,0.94,7592,0
CZT,D,20160616,000000,0.95,0.95,0.92,0.92,20942,0
CZT,D,20160617,000000,0.93,0.97,0.9,0.95,19485,0
CZT,D,20160620,000000,0.98,0.98,0.94,0.94,4950,0
CZT,D,20160621,000000,0.94,0.95,0.94,0.95,9094,0
CZT,D,20160622,000000,0.99,0.99,0.92,0.92,11085,0
CZT,D,20160623,000000,0.98,0.98,0.93,0.94,21484,0
CZT,D,20160624,000000,0.92,0.92,0.85,0.91,64162,0
CZT,D,20160627,000000,0.94,0.94,0.9,0.92,9346,0
CZT,D,20160628,000000,0.92,0.97,0.92,0.93,21811,0
CZT,D,20160629,000000,0.96,0.96,0.96,0.96,6125,0
CZT,D,20160630,000000,0.96,0.96,0.93,0.93,1802,0
CZT,D,20160701,000000,0.96,0.96,0.92,0.94,13976,0
CZT,D,20160704,000000,0.94,0.94,0.94,0.94,60,0
CZT,D,20160705,000000,0.94,0.94,0.91,0.91,5005,0
CZT,D,20160706,000000,0.91,0.91,0.91,0.91,6820,0
CZT,D,20160707,000000,0.91,0.91,0.91,0.91,1730,0
CZT,D,20160708,000000,0.94,0.94,0.9,0.9,4250,0
CZT,D,20160711,000000,0.93,0.94,0.93,0.94,3982,0
CZT,D,20160712,000000,0.94,0.94,0.94,0.94,5,0
CZT,D,20160713,000000,0.94,0.94,0.9,0.94,1070,0
CZT,D,20160714,000000,0.94,0.94,0.9,0.92,9177,0
CZT,D,20160715,000000,0.94,0.94,0.93,0.93,2902,0
CZT,D,20160718,000000,0.93,0.94,0.93,0.94,5010,0
CZT,D,20160719,000000,0.94,0.94,0.9,0.91,6357,0
CZT,D,20160720,000000,0.9,0.93,0.9,0.92,5800,0
CZT,D,20160721,000000,0.94,0.94,0.94,0.94,5,0
CZT,D,20160722,000000,0.93,0.93,0.89,0.9,20944,0
CZT,D,20160725,000000,0.92,0.93,0.9,0.9,8505,0
CZT,D,20160726,000000,0.93,0.93,0.9,0.9,14365,0
CZT,D,20160727,000000,0.92,0.92,0.9,0.9,4480,0
CZT,D,20160728,000000,0.93,0.93,0.89,0.89,4155,0
CZT,D,20160729,000000,0.89,0.89,0.88,0.88,6822,0
CZT,D,20160801,000000,0.9,0.9,0.86,0.88,17901,0
CZT,D,20160802,000000,0.88,0.88,0.85,0.88,10824,0
CZT,D,20160803,000000,0.88,0.88,0.85,0.86,2408,0
CZT,D,20160804,000000,0.86,0.88,0.85,0.85,3495,0
CZT,D,20160805,000000,0.84,0.85,0.83,0.84,4855,0
CZT,D,20160808,000000,0.84,0.85,0.84,0.85,1810,0
CZT,D,20160809,000000,0.89,0.89,0.84,0.84,5520,0
CZT,D,20160810,000000,0.87,0.87,0.87,0.87,320,0
CZT,D,20160811,000000,0.87,0.87,0.83,0.83,449,0
CZT,D,20160812,000000,0.83,0.88,0.83,0.88,5190,0
CZT,D,20160816,000000,0.89,0.89,0.83,0.88,70,0
CZT,D,20160817,000000,0.88,0.88,0.83,0.88,1642,0
CZT,D,20160818,000000,0.87,0.87,0.86,0.86,10,0
CZT,D,20160819,000000,0.87,0.87,0.83,0.86,1045,0
CZT,D,20160822,000000,0.86,0.86,0.83,0.86,2004,0
CZT,D,20160823,000000,0.85,0.85,0.84,0.84,498,0
CZT,D,20160824,000000,0.85,0.85,0.85,0.85,1502,0
CZT,D,20160825,000000,0.86,0.86,0.82,0.82,5002,0
CZT,D,20160826,000000,0.86,0.86,0.81,0.83,4321,0
CZT,D,20160829,000000,0.84,0.84,0.82,0.82,660,0
CZT,D,20160830,000000,0.82,0.84,0.8,0.8,20821,0
CZT,D,20160831,000000,0.83,0.83,0.8,0.8,13607,0
CZT,D,20160901,000000,0.81,0.83,0.79,0.79,6990,0
CZT,D,20160902,000000,0.8,0.84,0.8,0.84,9249,0
CZT,D,20160905,000000,0.84,0.88,0.8,0.83,31669,0
CZT,D,20160906,000000,0.86,0.86,0.84,0.86,6564,0
CZT,D,20160907,000000,0.86,0.87,0.86,0.87,6112,0
CZT,D,20160908,000000,0.88,0.88,0.83,0.86,5802,0
CZT,D,20160909,000000,0.86,0.88,0.81,0.88,15834,0
CZT,D,20160912,000000,0.88,0.88,0.84,0.88,5605,0
CZT,D,20160913,000000,0.88,0.9,0.88,0.9,12607,0
CZT,D,20160914,000000,0.89,0.89,0.85,0.86,15808,0
CZT,D,20160915,000000,0.88,0.88,0.85,0.85,7049,0
CZT,D,20160916,000000,0.88,0.88,0.85,0.85,2968,0
CZT,D,20160919,000000,0.88,0.88,0.82,0.85,10565,0
CZT,D,20160920,000000,0.85,0.85,0.83,0.85,3332,0
CZT,D,20160921,000000,0.85,0.85,0.83,0.85,1614,0
CZT,D,20160922,000000,0.86,0.86,0.83,0.86,6580,0
CZT,D,20160923,000000,0.86,0.86,0.82,0.85,5414,0
CZT,D,20160926,000000,0.81,0.82,0.8,0.82,28030,0
CZT,D,20160927,000000,0.82,0.84,0.82,0.84,1250,0
CZT,D,20160928,000000,0.84,0.84,0.81,0.84,1669,0
CZT,D,20160929,000000,0.84,0.84,0.81,0.84,5945,0
CZT,D,20160930,000000,0.83,0.87,0.83,0.87,12543,0
CZT,D,20161003,000000,0.87,0.87,0.85,0.86,872,0
CZT,D,20161004,000000,0.86,0.86,0.82,0.82,12561,0
CZT,D,20161005,000000,0.85,0.85,0.8,0.8,17709,0
CZT,D,20161006,000000,0.8,0.83,0.8,0.83,7874,0
CZT,D,20161007,000000,0.83,0.83,0.8,0.83,5237,0
CZT,D,20161010,000000,0.83,0.83,0.82,0.82,2510,0
CZT,D,20161011,000000,0.82,0.82,0.8,0.82,3915,0
CZT,D,20161012,000000,0.81,0.83,0.79,0.83,10680,0
CZT,D,20161013,000000,0.83,0.83,0.83,0.83,10,0
CZT,D,20161014,000000,0.83,1,0.83,1,164203,0
CZT,D,20161017,000000,1.1,1.1,0.91,0.98,237282,0
CZT,D,20161018,000000,0.97,0.97,0.9,0.92,66823,0
CZT,D,20161019,000000,0.91,0.92,0.9,0.91,11625,0
CZT,D,20161020,000000,0.89,0.95,0.87,0.92,26256,0
CZT,D,20161021,000000,0.92,0.94,0.89,0.94,9334,0
CZT,D,20161024,000000,0.94,0.94,0.92,0.92,2097,0
CZT,D,20161025,000000,0.92,0.93,0.9,0.9,13236,0
CZT,D,20161026,000000,0.9,0.92,0.89,0.91,9321,0
CZT,D,20161027,000000,0.91,0.91,0.88,0.88,18689,0
CZT,D,20161028,000000,0.88,0.88,0.88,0.88,16822,0
CZT,D,20161031,000000,0.9,0.9,0.87,0.9,5071,0
CZT,D,20161102,000000,0.9,0.9,0.83,0.84,24403,0
CZT,D,20161103,000000,0.84,0.84,0.8,0.83,35314,0
CZT,D,20161104,000000,0.83,0.85,0.82,0.85,19798,0
CZT,D,20161107,000000,0.85,0.85,0.8,0.84,2223,0
CZT,D,20161108,000000,0.85,0.85,0.81,0.81,14876,0
CZT,D,20161109,000000,0.8,0.85,0.8,0.85,3535,0
CZT,D,20161110,000000,0.85,0.85,0.8,0.8,41847,0
CZT,D,20161114,000000,0.8,0.8,0.8,0.8,5,0
CZT,D,20161115,000000,0.84,0.84,0.8,0.8,8505,0
CZT,D,20161116,000000,0.8,0.81,0.8,0.8,2460,0
CZT,D,20161117,000000,0.83,0.83,0.8,0.8,122,0
CZT,D,20161118,000000,0.8,0.83,0.8,0.83,311,0
CZT,D,20161121,000000,0.82,0.82,0.75,0.79,20089,0
CZT,D,20161122,000000,0.78,0.8,0.78,0.8,2511,0
CZT,D,20161123,000000,0.8,0.83,0.79,0.83,16179,0
CZT,D,20161124,000000,0.8,0.8,0.78,0.78,15910,0
CZT,D,20161125,000000,0.8,0.8,0.77,0.78,8280,0
CZT,D,20161128,000000,0.81,0.81,0.76,0.76,17212,0
CZT,D,20161129,000000,0.8,0.8,0.8,0.8,1000,0
CZT,D,20161130,000000,0.8,0.8,0.76,0.77,5168,0
CZT,D,20161201,000000,0.8,0.8,0.76,0.8,2103,0
CZT,D,20161202,000000,0.79,0.8,0.76,0.8,638,0
CZT,D,20161205,000000,0.79,0.79,0.79,0.79,1,0
CZT,D,20161206,000000,0.8,0.8,0.79,0.8,16063,0
CZT,D,20161207,000000,0.79,0.79,0.79,0.79,10,0
CZT,D,20161208,000000,0.79,0.79,0.76,0.79,14020,0
CZT,D,20161209,000000,0.78,0.78,0.77,0.77,1035,0
CZT,D,20161212,000000,0.79,0.79,0.78,0.78,416,0
CZT,D,20161213,000000,0.79,0.79,0.76,0.78,2100,0
CZT,D,20161214,000000,0.79,0.86,0.79,0.79,83831,0
CZT,D,20161215,000000,0.8,0.81,0.79,0.79,4936,0
CZT,D,20161216,000000,0.81,0.81,0.79,0.81,1367,0
CZT,D,20161219,000000,0.81,0.81,0.79,0.79,110,0
CZT,D,20161220,000000,0.8,0.8,0.77,0.77,15518,0
CZT,D,20161221,000000,0.78,0.78,0.74,0.78,18507,0
CZT,D,20161222,000000,0.81,0.81,0.76,0.76,3329,0
CZT,D,20161223,000000,0.75,0.79,0.75,0.75,37042,0
CZT,D,20161227,000000,0.75,0.78,0.75,0.78,3685,0
CZT,D,20161228,000000,0.78,0.78,0.74,0.75,31076,0
CZT,D,20161229,000000,0.75,0.78,0.75,0.78,792,0
CZT,D,20161230,000000,0.77,0.78,0.77,0.78,22524,0
CZT,D,20170102,000000,0.8,0.8,0.78,0.78,4489,0
CZT,D,20170103,000000,0.78,0.79,0.75,0.79,10672,0
CZT,D,20170104,000000,0.8,0.8,0.79,0.79,2402,0
CZT,D,20170105,000000,0.8,0.84,0.79,0.84,62200,0
CZT,D,20170109,000000,0.85,0.85,0.84,0.84,12290,0
CZT,D,20170110,000000,0.82,0.82,0.8,0.82,8269,0
CZT,D,20170111,000000,0.8,0.81,0.79,0.81,12180,0
CZT,D,20170112,000000,0.81,0.81,0.79,0.8,2248,0
CZT,D,20170113,000000,0.79,0.79,0.78,0.78,112,0
CZT,D,20170116,000000,0.78,0.82,0.78,0.82,1163,0
CZT,D,20170117,000000,0.82,0.82,0.82,0.82,25,0
CZT,D,20170118,000000,0.82,0.82,0.78,0.8,5485,0
CZT,D,20170119,000000,0.8,0.8,0.78,0.8,3423,0
CZT,D,20170120,000000,0.8,0.8,0.8,0.8,345,0
CZT,D,20170123,000000,0.8,0.8,0.8,0.8,3320,0
CZT,D,20170124,000000,0.82,0.82,0.79,0.81,12312,0
CZT,D,20170125,000000,0.82,0.9,0.79,0.86,172552,0
CZT,D,20170126,000000,0.86,0.88,0.81,0.81,63001,0
CZT,D,20170127,000000,0.86,0.86,0.81,0.81,18565,0
CZT,D,20170130,000000,0.86,0.86,0.81,0.86,45153,0
CZT,D,20170131,000000,0.86,0.86,0.82,0.84,11295,0
CZT,D,20170201,000000,0.84,0.84,0.81,0.81,14400,0
CZT,D,20170202,000000,0.83,0.84,0.83,0.84,1420,0
CZT,D,20170203,000000,0.84,0.84,0.84,0.84,9314,0
CZT,D,20170206,000000,0.84,0.84,0.84,0.84,7113,0
CZT,D,20170207,000000,0.84,0.84,0.82,0.84,6516,0
CZT,D,20170208,000000,0.84,0.84,0.82,0.83,1494,0
CZT,D,20170209,000000,0.84,0.92,0.83,0.91,148844,0
CZT,D,20170210,000000,0.86,0.91,0.86,0.87,29745,0
CZT,D,20170213,000000,0.89,0.92,0.87,0.92,36222,0
CZT,D,20170214,000000,0.94,0.96,0.88,0.92,97453,0
CZT,D,20170215,000000,0.92,0.92,0.85,0.86,96815,0
CZT,D,20170216,000000,0.86,0.87,0.84,0.86,16379,0
CZT,D,20170217,000000,0.86,0.86,0.86,0.86,3598,0
CZT,D,20170220,000000,0.86,0.89,0.85,0.89,35579,0
CZT,D,20170221,000000,0.89,0.89,0.84,0.86,55019,0
CZT,D,20170222,000000,0.86,0.88,0.85,0.86,19158,0
CZT,D,20170223,000000,0.88,0.88,0.84,0.87,14290,0
CZT,D,20170224,000000,0.87,0.87,0.84,0.86,15778,0
CZT,D,20170227,000000,0.86,0.86,0.86,0.86,900,0
CZT,D,20170228,000000,0.86,0.92,0.86,0.92,75426,0
CZT,D,20170301,000000,0.92,0.94,0.89,0.94,40913,0
CZT,D,20170302,000000,0.95,1.04,0.95,0.96,122673,0
CZT,D,20170303,000000,1.01,1.01,0.96,1,75461,0
CZT,D,20170306,000000,1,1.06,1,1.06,98320,0
CZT,D,20170307,000000,1.02,1.04,0.98,0.98,44568,0
CZT,D,20170308,000000,1.01,1.01,0.95,0.99,20851,0
CZT,D,20170309,000000,1.01,1.04,0.95,1,40302,0
CZT,D,20170310,000000,0.99,0.99,0.95,0.98,6723,0
CZT,D,20170313,000000,0.98,1.01,0.95,0.98,3231,0
CZT,D,20170314,000000,1,1,0.95,0.97,18688,0
CZT,D,20170315,000000,0.98,1,0.98,1,11382,0
CZT,D,20170316,000000,0.98,0.99,0.96,0.98,8021,0
CZT,D,20170317,000000,0.99,0.99,0.95,0.99,9119,0
CZT,D,20170320,000000,0.98,0.98,0.94,0.97,15943,0
CZT,D,20170321,000000,0.94,0.94,0.87,0.91,55294,0
CZT,D,20170322,000000,0.91,0.91,0.82,0.88,67876,0
CZT,D,20170323,000000,0.88,0.91,0.85,0.9,55818,0
CZT,D,20170324,000000,0.89,0.89,0.85,0.85,13974,0
CZT,D,20170327,000000,0.85,0.89,0.85,0.89,6230,0
CZT,D,20170328,000000,0.89,0.89,0.86,0.87,11889,0
CZT,D,20170329,000000,0.86,0.86,0.84,0.85,11390,0
CZT,D,20170330,000000,0.87,0.87,0.82,0.87,32202,0
CZT,D,20170331,000000,0.87,0.87,0.82,0.85,13967,0
CZT,D,20170403,000000,0.84,0.85,0.81,0.85,4450,0
CZT,D,20170404,000000,0.85,0.85,0.77,0.8,140916,0
CZT,D,20170405,000000,0.8,0.81,0.78,0.8,25578,0
CZT,D,20170406,000000,0.81,0.81,0.77,0.79,24681,0
CZT,D,20170407,000000,0.79,0.83,0.78,0.83,29407,0
CZT,D,20170410,000000,0.8,0.83,0.78,0.83,20909,0
CZT,D,20170411,000000,0.82,0.83,0.82,0.83,1321,0
CZT,D,20170412,000000,0.83,0.83,0.78,0.81,18122,0
CZT,D,20170413,000000,0.81,0.82,0.81,0.82,106,0
CZT,D,20170418,000000,0.83,0.83,0.77,0.83,16117,0
CZT,D,20170419,000000,0.81,0.81,0.77,0.81,10910,0
CZT,D,20170420,000000,0.81,0.81,0.8,0.8,2004,0
CZT,D,20170421,000000,0.8,0.83,0.78,0.82,47054,0
CZT,D,20170424,000000,0.82,0.82,0.78,0.82,2322,0
CZT,D,20170425,000000,0.82,0.82,0.82,0.82,2,0
CZT,D,20170426,000000,0.82,0.82,0.77,0.77,21706,0
CZT,D,20170427,000000,0.78,0.8,0.78,0.8,2145,0
CZT,D,20170428,000000,0.8,0.8,0.77,0.8,1035,0
CZT,D,20170502,000000,0.77,0.8,0.77,0.8,8500,0
CZT,D,20170504,000000,0.8,0.8,0.78,0.79,1315,0
CZT,D,20170505,000000,0.8,0.8,0.76,0.77,8911,0
CZT,D,20170508,000000,0.79,0.8,0.76,0.8,2168,0
CZT,D,20170509,000000,0.8,0.8,0.76,0.79,4393,0
CZT,D,20170510,000000,0.79,0.79,0.79,0.79,5,0
CZT,D,20170511,000000,0.78,0.79,0.77,0.77,6040,0
CZT,D,20170512,000000,0.79,0.79,0.79,0.79,4,0
CZT,D,20170515,000000,0.79,0.79,0.75,0.79,23,0
CZT,D,20170516,000000,0.77,0.79,0.74,0.79,4220,0
CZT,D,20170517,000000,0.8,0.8,0.74,0.8,8597,0
CZT,D,20170518,000000,0.79,0.79,0.72,0.79,14114,0
CZT,D,20170519,000000,0.72,0.79,0.71,0.79,6050,0
CZT,D,20170522,000000,0.78,0.78,0.74,0.78,3347,0
CZT,D,20170523,000000,0.77,0.77,0.73,0.75,989,0
CZT,D,20170524,000000,0.77,0.77,0.77,0.77,5,0
CZT,D,20170525,000000,0.82,0.99,0.81,0.99,569925,0
CZT,D,20170526,000000,0.96,0.97,0.86,0.86,277904,0
CZT,D,20170529,000000,0.89,0.89,0.82,0.82,87526,0
CZT,D,20170530,000000,0.86,0.86,0.81,0.83,20464,0
CZT,D,20170531,000000,0.84,0.84,0.73,0.78,101312,0
CZT,D,20170601,000000,0.76,0.8,0.75,0.76,9236,0
CZT,D,20170602,000000,0.76,0.79,0.75,0.79,19734,0
CZT,D,20170605,000000,0.79,0.8,0.76,0.8,2564,0
CZT,D,20170606,000000,0.78,0.79,0.75,0.79,5623,0
CZT,D,20170607,000000,0.79,0.79,0.74,0.79,30909,0
CZT,D,20170608,000000,0.74,0.77,0.74,0.77,3500,0
CZT,D,20170609,000000,0.77,0.77,0.75,0.77,7675,0
CZT,D,20170612,000000,0.76,0.76,0.73,0.76,13501,0
CZT,D,20170613,000000,0.77,0.77,0.76,0.77,11942,0
CZT,D,20170614,000000,0.77,0.77,0.73,0.77,23207,0
CZT,D,20170616,000000,0.77,0.77,0.74,0.77,6610,0
CZT,D,20170619,000000,0.77,0.77,0.74,0.77,2029,0
CZT,D,20170620,000000,0.77,0.77,0.74,0.77,4249,0
CZT,D,20170621,000000,0.77,0.77,0.76,0.77,7912,0
CZT,D,20170622,000000,0.77,0.77,0.77,0.77,5,0
CZT,D,20170623,000000,0.77,0.77,0.77,0.77,5,0
CZT,D,20170626,000000,0.77,0.77,0.73,0.77,6226,0
CZT,D,20170627,000000,0.73,0.75,0.7,0.75,19778,0
CZT,D,20170628,000000,0.74,0.75,0.73,0.74,2403,0
CZT,D,20170629,000000,0.75,0.75,0.72,0.75,10413,0
CZT,D,20170630,000000,0.75,0.75,0.72,0.75,1712,0
CZT,D,20170703,000000,0.75,0.75,0.75,0.75,5,0
CZT,D,20170704,000000,0.75,0.75,0.75,0.75,5,0
CZT,D,20170705,000000,0.74,0.74,0.7,0.72,20988,0
CZT,D,20170706,000000,0.74,0.74,0.74,0.74,100,0
CZT,D,20170707,000000,0.74,0.74,0.71,0.74,124,0
CZT,D,20170710,000000,0.74,0.74,0.71,0.73,3202,0
CZT,D,20170711,000000,0.74,0.74,0.74,0.74,2,0
CZT,D,20170712,000000,0.74,0.74,0.7,0.74,604,0
CZT,D,20170713,000000,0.73,0.73,0.69,0.73,13,0
CZT,D,20170714,000000,0.73,0.73,0.69,0.73,1506,0
CZT,D,20170717,000000,0.74,0.74,0.72,0.74,9938,0
CZT,D,20170718,000000,0.74,0.74,0.74,0.74,1,0
CZT,D,20170719,000000,0.74,0.74,0.7,0.74,12996,0
CZT,D,20170720,000000,0.74,0.75,0.73,0.75,1275,0
CZT,D,20170721,000000,0.75,0.75,0.74,0.75,539,0
CZT,D,20170724,000000,0.75,0.75,0.73,0.75,55,0
CZT,D,20170725,000000,0.75,0.75,0.75,0.75,4,0
CZT,D,20170726,000000,0.75,0.75,0.75,0.75,5,0
CZT,D,20170727,000000,0.75,0.75,0.75,0.75,2,0
CZT,D,20170728,000000,0.73,0.73,0.71,0.73,3377,0
CZT,D,20170731,000000,0.73,0.73,0.69,0.73,7262,0
CZT,D,20170801,000000,0.74,0.74,0.71,0.73,30138,0
CZT,D,20170802,000000,0.73,0.74,0.71,0.74,1912,0
CZT,D,20170803,000000,0.74,0.74,0.74,0.74,10,0
CZT,D,20170804,000000,0.74,0.74,0.74,0.74,91,0
CZT,D,20170807,000000,0.74,0.74,0.7,0.74,2670,0
CZT,D,20170808,000000,0.74,0.74,0.71,0.73,5024,0
CZT,D,20170809,000000,0.72,0.73,0.7,0.73,2010,0
CZT,D,20170810,000000,0.73,0.73,0.73,0.73,5,0
CZT,D,20170811,000000,0.73,0.73,0.7,0.71,3550,0
CZT,D,20170814,000000,0.73,0.73,0.73,0.73,5,0
CZT,D,20170816,000000,0.73,0.73,0.7,0.73,3005,0
CZT,D,20170817,000000,0.73,0.73,0.73,0.73,5,0
CZT,D,20170818,000000,0.71,0.72,0.68,0.72,7885,0
CZT,D,20170821,000000,0.69,0.77,0.69,0.75,44776,0
CZT,D,20170822,000000,0.76,0.76,0.7,0.73,12450,0
CZT,D,20170823,000000,0.71,0.74,0.69,0.74,13889,0
CZT,D,20170824,000000,0.75,0.75,0.69,0.71,56299,0
CZT,D,20170825,000000,0.71,0.71,0.66,0.7,158924,0
CZT,D,20170828,000000,0.73,0.73,0.73,0.73,2,0
CZT,D,20170829,000000,0.71,0.71,0.68,0.69,11835,0
CZT,D,20170830,000000,0.71,0.71,0.67,0.7,5001,0
CZT,D,20170831,000000,0.7,0.7,0.67,0.7,1749,0
CZT,D,20170901,000000,0.7,0.7,0.64,0.7,32284,0
CZT,D,20170904,000000,0.72,0.72,0.67,0.7,6333,0
CZT,D,20170905,000000,0.7,0.7,0.67,0.7,3899,0
CZT,D,20170906,000000,0.7,0.7,0.67,0.68,3881,0
CZT,D,20170907,000000,0.72,0.72,0.67,0.67,12,0
CZT,D,20170908,000000,0.71,0.71,0.68,0.7,2001,0
CZT,D,20170911,000000,0.72,0.72,0.67,0.7,2473,0
CZT,D,20170912,000000,0.71,0.71,0.71,0.71,6,0
CZT,D,20170913,000000,0.7,0.7,0.67,0.7,1407,0
CZT,D,20170914,000000,0.7,0.7,0.7,0.7,5,0
CZT,D,20170915,000000,0.7,0.7,0.7,0.7,5,0
CZT,D,20170918,000000,0.7,0.7,0.63,0.63,40339,0
CZT,D,20170919,000000,0.65,0.65,0.63,0.65,9905,0
CZT,D,20170920,000000,0.65,0.69,0.65,0.65,8219,0
CZT,D,20170921,000000,0.65,0.65,0.62,0.64,18655,0
CZT,D,20170922,000000,0.65,0.65,0.62,0.64,3118,0
CZT,D,20170925,000000,0.65,0.65,0.62,0.62,1935,0
CZT,D,20170926,000000,0.64,0.64,0.58,0.61,9307,0
CZT,D,20170927,000000,0.61,0.64,0.61,0.64,3055,0
CZT,D,20170928,000000,0.64,0.64,0.64,0.64,4,0
CZT,D,20170929,000000,0.58,0.63,0.58,0.61,9444,0
CZT,D,20171002,000000,0.64,0.64,0.61,0.61,1381,0
CZT,D,20171003,000000,0.64,0.64,0.58,0.64,3449,0
CZT,D,20171004,000000,0.64,0.64,0.58,0.59,1084,0
CZT,D,20171005,000000,0.58,0.59,0.57,0.59,2608,0
CZT,D,20171006,000000,0.58,0.58,0.58,0.58,5,0
CZT,D,20171009,000000,0.55,0.59,0.55,0.56,16730,0
CZT,D,20171010,000000,0.56,0.59,0.56,0.59,2300,0
CZT,D,20171011,000000,0.59,0.64,0.58,0.64,17714,0
CZT,D,20171012,000000,0.64,0.64,0.6,0.6,1442,0
CZT,D,20171013,000000,0.61,0.62,0.61,0.62,5419,0
CZT,D,20171016,000000,0.64,0.64,0.6,0.63,6139,0
CZT,D,20171017,000000,0.61,0.63,0.6,0.63,4209,0
CZT,D,20171018,000000,0.64,0.64,0.6,0.63,37282,0
CZT,D,20171019,000000,0.64,0.64,0.6,0.63,3602,0
CZT,D,20171020,000000,0.63,0.63,0.6,0.61,5391,0
CZT,D,20171023,000000,0.63,0.64,0.61,0.62,8965,0
CZT,D,20171024,000000,0.65,0.65,0.61,0.64,3523,0
CZT,D,20171025,000000,0.65,0.65,0.61,0.62,2887,0
CZT,D,20171026,000000,0.65,0.65,0.61,0.64,6985,0
CZT,D,20171027,000000,0.64,0.68,0.64,0.68,15588,0
CZT,D,20171030,000000,0.68,0.68,0.65,0.68,57861,0
CZT,D,20171031,000000,0.69,0.69,0.68,0.68,4969,0
CZT,D,20171102,000000,0.67,0.68,0.62,0.65,12498,0
CZT,D,20171103,000000,0.65,0.65,0.62,0.65,4011,0
CZT,D,20171106,000000,0.62,0.64,0.6,0.64,9503,0
CZT,D,20171107,000000,0.64,0.65,0.63,0.65,7009,0
CZT,D,20171108,000000,0.65,0.65,0.62,0.62,409,0
CZT,D,20171109,000000,0.65,0.65,0.65,0.65,4,0
CZT,D,20171110,000000,0.61,0.63,0.59,0.63,12221,0
CZT,D,20171113,000000,0.6,0.62,0.6,0.6,2790,0
CZT,D,20171114,000000,0.65,0.65,0.59,0.64,573,0
CZT,D,20171115,000000,0.65,0.65,0.58,0.64,4281,0
CZT,D,20171116,000000,0.65,0.65,0.65,0.65,2,0
CZT,D,20171117,000000,0.64,0.64,0.64,0.64,4,0
CZT,D,20171120,000000,0.65,0.65,0.65,0.65,4,0
CZT,D,20171121,000000,0.64,0.64,0.64,0.64,2,0
CZT,D,20171122,000000,0.6,0.63,0.6,0.62,3114,0
CZT,D,20171123,000000,0.64,0.64,0.58,0.63,6128,0
CZT,D,20171124,000000,0.62,0.62,0.62,0.62,1303,0
CZT,D,20171127,000000,0.59,0.62,0.59,0.62,105,0
CZT,D,20171128,000000,0.62,0.62,0.6,0.62,2100,0
CZT,D,20171129,000000,0.62,0.62,0.62,0.62,4,0
CZT,D,20171130,000000,0.62,0.62,0.56,0.6,5844,0
CZT,D,20171201,000000,0.62,0.62,0.6,0.6,44,0
CZT,D,20171204,000000,0.58,0.61,0.58,0.61,1335,0
CZT,D,20171205,000000,0.62,0.62,0.62,0.62,2,0
CZT,D,20171206,000000,0.62,0.62,0.56,0.61,301,0
CZT,D,20171207,000000,0.61,0.61,0.61,0.61,4,0
CZT,D,20171208,000000,0.62,0.62,0.6,0.6,1004,0
CZT,D,20171211,000000,0.58,0.6,0.58,0.6,82,0
CZT,D,20171212,000000,0.6,0.61,0.58,0.61,1304,0
CZT,D,20171213,000000,0.61,0.61,0.6,0.6,107,0
CZT,D,20171214,000000,0.61,0.61,0.6,0.6,489,0
CZT,D,20171215,000000,0.6,0.6,0.6,0.6,225,0
CZT,D,20171218,000000,0.6,0.6,0.56,0.59,4290,0
CZT,D,20171219,000000,0.59,0.59,0.56,0.57,2607,0
CZT,D,20171220,000000,0.57,0.57,0.55,0.56,8959,0
CZT,D,20171221,000000,0.56,0.56,0.53,0.54,7066,0
CZT,D,20171222,000000,0.53,0.54,0.48,0.5,90778,0
CZT,D,20171227,000000,0.48,0.52,0.45,0.5,89762,0
CZT,D,20171228,000000,0.52,0.52,0.5,0.51,1204,0
CZT,D,20171229,000000,0.51,0.51,0.46,0.5,9719,0
CZT,D,20180103,000000,0.52,0.52,0.48,0.51,1561,0
CZT,D,20180104,000000,0.47,0.58,0.47,0.58,33038,0
CZT,D,20180105,000000,0.63,0.63,0.57,0.57,19843,0
CZT,D,20180108,000000,0.55,0.57,0.52,0.55,12973,0
CZT,D,20180109,000000,0.55,0.55,0.51,0.53,15006,0
CZT,D,20180110,000000,0.53,0.62,0.53,0.55,138737,0
CZT,D,20180111,000000,0.54,0.55,0.51,0.54,35710,0
CZT,D,20180112,000000,0.54,0.54,0.51,0.52,11645,0
CZT,D,20180115,000000,0.53,0.53,0.52,0.52,3504,0
CZT,D,20180116,000000,0.52,0.52,0.51,0.52,4476,0
CZT,D,20180117,000000,0.52,0.52,0.52,0.52,4000,0
CZT,D,20180118,000000,0.52,0.52,0.5,0.52,20180,0
CZT,D,20180119,000000,0.52,0.53,0.51,0.53,69,0
CZT,D,20180122,000000,0.53,0.53,0.49,0.52,15278,0
CZT,D,20180123,000000,0.52,0.52,0.49,0.51,278,0
CZT,D,20180124,000000,0.52,0.52,0.51,0.52,5004,0
CZT,D,20180125,000000,0.49,0.52,0.49,0.52,1908,0
CZT,D,20180126,000000,0.52,0.52,0.49,0.52,12530,0
CZT,D,20180129,000000,0.52,0.52,0.48,0.48,315,0
CZT,D,20180130,000000,0.52,0.57,0.51,0.54,81742,0
CZT,D,20180131,000000,0.52,0.54,0.51,0.54,25831,0
CZT,D,20180201,000000,0.53,0.55,0.5,0.54,18969,0
CZT,D,20180202,000000,0.54,0.54,0.54,0.54,4,0
CZT,D,20180205,000000,0.54,0.54,0.49,0.51,22811,0
CZT,D,20180206,000000,0.51,0.51,0.46,0.48,56437,0
CZT,D,20180207,000000,0.51,0.51,0.48,0.5,7508,0
CZT,D,20180208,000000,0.51,0.51,0.47,0.5,2064,0
CZT,D,20180209,000000,0.5,0.5,0.47,0.5,797,0
CZT,D,20180212,000000,0.51,0.51,0.49,0.49,20373,0
CZT,D,20180213,000000,0.49,0.49,0.49,0.49,2020,0
CZT,D,20180214,000000,0.49,0.5,0.49,0.5,1131,0
CZT,D,20180215,000000,0.5,0.5,0.48,0.5,2002,0
CZT,D,20180216,000000,0.5,0.5,0.48,0.5,6098,0
CZT,D,20180219,000000,0.5,0.5,0.5,0.5,4,0
CZT,D,20180220,000000,0.5,0.5,0.5,0.5,604,0
CZT,D,20180221,000000,0.5,0.5,0.5,0.5,212,0
CZT,D,20180222,000000,0.5,0.5,0.5,0.5,4,0
CZT,D,20180223,000000,0.5,0.5,0.5,0.5,4,0
CZT,D,20180226,000000,0.5,0.5,0.47,0.48,2355,0
CZT,D,20180227,000000,0.52,0.52,0.48,0.52,6024,0
CZT,D,20180228,000000,0.52,0.52,0.51,0.51,1001,0
CZT,D,20180301,000000,0.51,0.51,0.51,0.51,2,0
CZT,D,20180302,000000,0.51,0.51,0.48,0.51,25,0
CZT,D,20180305,000000,0.49,0.52,0.49,0.52,1357,0
CZT,D,20180306,000000,0.52,0.52,0.51,0.52,208,0
CZT,D,20180307,000000,0.52,0.52,0.48,0.48,2005,0
CZT,D,20180308,000000,0.5,0.51,0.48,0.51,950,0
CZT,D,20180309,000000,0.51,0.52,0.51,0.52,12,0
CZT,D,20180312,000000,0.52,0.52,0.5,0.5,700,0
CZT,D,20180313,000000,0.5,0.5,0.5,0.5,4,0
CZT,D,20180314,000000,0.5,0.5,0.46,0.5,10007,0
CZT,D,20180315,000000,0.49,0.49,0.49,0.49,2,0
CZT,D,20180316,000000,0.48,0.49,0.45,0.49,8004,0
CZT,D,20180319,000000,0.49,0.49,0.49,0.49,2278,0
CZT,D,20180320,000000,0.49,0.49,0.49,0.49,221,0
CZT,D,20180321,000000,0.49,0.49,0.48,0.49,342,0
CZT,D,20180322,000000,0.49,0.49,0.45,0.49,20176,0
CZT,D,20180323,000000,0.48,0.48,0.48,0.48,107,0
CZT,D,20180326,000000,0.46,0.48,0.46,0.48,1868,0
CZT,D,20180327,000000,0.49,0.49,0.48,0.48,232,0
CZT,D,20180328,000000,0.49,0.49,0.45,0.49,1695,0
CZT,D,20180329,000000,0.49,0.49,0.45,0.48,4470,0
CZT,D,20180403,000000,0.49,0.49,0.49,0.49,2,0
CZT,D,20180404,000000,0.49,0.49,0.49,0.49,2,0
CZT,D,20180405,000000,0.49,0.49,0.49,0.49,4,0
CZT,D,20180406,000000,0.48,0.48,0.48,0.48,4,0
CZT,D,20180409,000000,0.49,0.49,0.49,0.49,2,0
CZT,D,20180410,000000,0.49,0.49,0.49,0.49,4,0
CZT,D,20180411,000000,0.42,0.46,0.42,0.46,37270,0
CZT,D,20180412,000000,0.46,0.46,0.45,0.45,504,0
CZT,D,20180413,000000,0.46,0.46,0.43,0.45,3999,0
CZT,D,20180416,000000,0.45,0.48,0.45,0.48,5206,0
CZT,D,20180417,000000,0.48,0.48,0.48,0.48,4,0
CZT,D,20180418,000000,0.48,0.48,0.48,0.48,2,0
CZT,D,20180419,000000,0.48,0.59,0.47,0.59,202997,0
CZT,D,20180420,000000,0.56,0.56,0.42,0.45,127406,0
CZT,D,20180423,000000,0.44,0.48,0.43,0.46,22563,0
CZT,D,20180424,000000,0.44,0.48,0.43,0.43,9637,0
CZT,D,20180425,000000,0.46,0.46,0.46,0.46,139,0
CZT,D,20180426,000000,0.46,0.46,0.42,0.46,4006,0
CZT,D,20180427,000000,0.46,0.46,0.41,0.41,5493,0
CZT,D,20180430,000000,0.43,0.46,0.4,0.44,4911,0
CZT,D,20180502,000000,0.43,0.46,0.43,0.46,13217,0
CZT,D,20180504,000000,0.46,0.46,0.45,0.45,101,0
CZT,D,20180507,000000,0.46,0.46,0.45,0.45,12,0
CZT,D,20180508,000000,0.46,0.46,0.46,0.46,5,0
CZT,D,20180509,000000,0.46,0.46,0.45,0.45,814,0
CZT,D,20180510,000000,0.46,0.46,0.45,0.46,420,0
CZT,D,20180511,000000,0.46,0.46,0.46,0.46,4,0
CZT,D,20180514,000000,0.46,0.46,0.46,0.46,4,0
CZT,D,20180515,000000,0.46,0.46,0.45,0.46,502,0
CZT,D,20180516,000000,0.46,0.46,0.44,0.46,2163,0
CZT,D,20180517,000000,0.46,0.46,0.46,0.46,4,0
CZT,D,20180518,000000,0.46,0.46,0.41,0.46,4675,0
CZT,D,20180521,000000,0.46,0.46,0.46,0.46,4,0
CZT,D,20180522,000000,0.46,0.46,0.46,0.46,1,0
CZT,D,20180523,000000,0.46,0.46,0.42,0.42,1883,0
CZT,D,20180524,000000,0.46,0.46,0.45,0.45,102,0
CZT,D,20180525,000000,0.46,0.46,0.46,0.46,3004,0
CZT,D,20180528,000000,0.46,0.46,0.41,0.44,8121,0
CZT,D,20180529,000000,0.44,0.44,0.42,0.44,918,0
CZT,D,20180530,000000,0.44,0.46,0.4,0.46,15017,0
CZT,D,20180601,000000,0.46,0.46,0.42,0.42,3598,0
CZT,D,20180604,000000,0.41,0.45,0.4,0.45,3426,0
CZT,D,20180605,000000,0.47,0.47,0.47,0.47,4,0
CZT,D,20180606,000000,0.45,0.45,0.45,0.45,4,0
CZT,D,20180607,000000,0.45,0.45,0.41,0.45,509,0
CZT,D,20180608,000000,0.45,0.45,0.44,0.44,11,0
CZT,D,20180611,000000,0.45,0.45,0.45,0.45,2,0
CZT,D,20180612,000000,0.45,0.45,0.41,0.43,6928,0
CZT,D,20180613,000000,0.43,0.44,0.43,0.44,1088,0
CZT,D,20180614,000000,0.45,0.45,0.45,0.45,200,0
CZT,D,20180615,000000,0.45,0.45,0.41,0.41,6198,0
CZT,D,20180618,000000,0.44,0.45,0.44,0.45,447,0
CZT,D,20180619,000000,0.45,0.45,0.45,0.45,1640,0
CZT,D,20180620,000000,0.44,0.45,0.41,0.45,9383,0
CZT,D,20180621,000000,0.46,0.46,0.45,0.46,123,0
CZT,D,20180622,000000,0.46,0.46,0.45,0.45,180,0
CZT,D,20180625,000000,0.46,0.46,0.46,0.46,2,0
CZT,D,20180626,000000,0.46,0.46,0.46,0.46,239,0
CZT,D,20180627,000000,0.46,0.46,0.46,0.46,4,0
CZT,D,20180628,000000,0.46,0.46,0.42,0.46,3702,0
CZT,D,20180629,000000,0.46,0.46,0.45,0.46,507,0
CZT,D,20180703,000000,0.42,0.44,0.42,0.44,3600,0
CZT,D,20180704,000000,0.44,0.44,0.44,0.44,20,0
CZT,D,20180705,000000,0.41,0.44,0.41,0.44,520,0
CZT,D,20180706,000000,0.44,0.44,0.42,0.42,848,0
CZT,D,20180709,000000,0.44,0.44,0.44,0.44,20,0
CZT,D,20180710,000000,0.44,0.44,0.44,0.44,10,0
CZT,D,20180711,000000,0.44,0.44,0.44,0.44,10,0
CZT,D,20180712,000000,0.44,0.44,0.44,0.44,10,0
CZT,D,20180713,000000,0.44,0.44,0.44,0.44,25,0
CZT,D,20180716,000000,0.44,0.44,0.44,0.44,10,0
CZT,D,20180717,000000,0.44,0.44,0.44,0.44,10,0
CZT,D,20180718,000000,0.44,0.44,0.41,0.41,3510,0
CZT,D,20180719,000000,0.44,0.44,0.41,0.41,3010,0
CZT,D,20180723,000000,0.41,0.41,0.41,0.41,6795,0
CZT,D,20180724,000000,0.44,0.44,0.41,0.41,1292,0
CZT,D,20180726,000000,0.44,0.44,0.44,0.44,10,0
CZT,D,20180730,000000,0.4,0.41,0.4,0.41,8000,0
CZT,D,20180731,000000,0.43,0.43,0.43,0.43,10,0
CZT,D,20180802,000000,0.43,0.43,0.43,0.43,10,0
CZT,D,20180803,000000,0.43,0.43,0.43,0.43,20,0
CZT,D,20180806,000000,0.43,0.43,0.43,0.43,10,0
CZT,D,20180807,000000,0.41,0.42,0.41,0.42,1439,0
CZT,D,20180809,000000,0.4,0.4,0.4,0.4,2996,0
CZT,D,20180810,000000,0.41,0.41,0.4,0.4,9261,0
CZT,D,20180813,000000,0.43,0.43,0.43,0.43,30,0
CZT,D,20180816,000000,0.4,0.4,0.4,0.4,7983,0
CZT,D,20180817,000000,0.39,0.42,0.39,0.42,1812,0
CZT,D,20180821,000000,0.37,0.37,0.37,0.37,45000,0
CZT,D,20180822,000000,0.37,0.37,0.37,0.37,11680,0
CZT,D,20180823,000000,0.4,0.4,0.4,0.4,210,0
CZT,D,20180827,000000,0.37,0.4,0.37,0.4,3226,0
CZT,D,20180828,000000,0.4,0.4,0.36,0.36,27244,0
CZT,D,20180829,000000,0.36,0.36,0.36,0.36,2100,0
CZT,D,20180831,000000,0.36,0.36,0.36,0.36,10000,0
CZT,D,20180905,000000,0.36,0.36,0.36,0.36,1,0
CZT,D,20180906,000000,0.35,0.35,0.35,0.35,1,0
CZT,D,20180907,000000,0.36,0.36,0.36,0.36,1,0
CZT,D,20180910,000000,0.36,0.36,0.36,0.36,10,0
CZT,D,20180911,000000,0.35,0.35,0.35,0.35,4343,0
CZT,D,20180912,000000,0.36,0.36,0.36,0.36,1,0
CZT,D,20180913,000000,0.36,0.36,0.36,0.36,1,0
CZT,D,20180914,000000,0.36,0.36,0.36,0.36,1,0
CZT,D,20180917,000000,0.36,0.36,0.36,0.36,1,0
CZT,D,20180918,000000,0.36,0.36,0.36,0.36,1,0
CZT,D,20180919,000000,0.36,0.36,0.36,0.36,2506,0
CZT,D,20180920,000000,0.36,0.36,0.36,0.36,1,0
CZT,D,20180921,000000,0.36,0.36,0.36,0.36,801,0
CZT,D,20180924,000000,0.35,0.36,0.35,0.36,16,0
CZT,D,20180925,000000,0.37,0.37,0.36,0.36,8582,0
CZT,D,20180926,000000,0.36,0.36,0.36,0.36,250,0
CZT,D,20180927,000000,0.35,0.35,0.35,0.35,1004,0
CZT,D,20180928,000000,0.35,0.35,0.35,0.35,1,0
CZT,D,20181001,000000,0.33,0.33,0.33,0.33,30,0
CZT,D,20181002,000000,0.33,0.33,0.33,0.33,971,0
CZT,D,20181003,000000,0.33,0.33,0.33,0.33,1,0
CZT,D,20181004,000000,0.33,0.33,0.33,0.33,1000,0
CZT,D,20181005,000000,0.31,0.33,0.31,0.33,1201,0
CZT,D,20181008,000000,0.34,0.34,0.34,0.34,1,0
CZT,D,20181015,000000,0.3,0.3,0.3,0.3,3299,0
CZT,D,20181016,000000,0.33,0.33,0.32,0.32,194,0
CZT,D,20181017,000000,0.28,0.29,0.28,0.29,3600,0
CZT,D,20181018,000000,0.29,0.29,0.29,0.29,120,0
CZT,D,20181019,000000,0.32,0.32,0.32,0.32,10,0
CZT,D,20181026,000000,0.3,0.3,0.3,0.3,435,0
CZT,D,20181029,000000,0.28,0.28,0.28,0.28,1100,0
CZT,D,20181030,000000,0.28,0.28,0.27,0.27,1780,0
CZT,D,20181031,000000,0.27,0.27,0.27,0.27,500,0
CZT,D,20181102,000000,0.3,0.3,0.3,0.3,10,0
CZT,D,20181108,000000,0.3,0.3,0.27,0.27,4639,0
CZT,D,20181109,000000,0.26,0.26,0.26,0.26,3633,0
CZT,D,20181114,000000,0.26,0.26,0.26,0.26,3399,0
CZT,D,20181115,000000,0.26,0.26,0.26,0.26,1847,0
CZT,D,20181116,000000,0.25,0.25,0.25,0.25,10698,0
CZT,D,20181119,000000,0.25,0.25,0.25,0.25,33,0
CZT,D,20181120,000000,0.24,0.24,0.24,0.24,2000,0
CZT,D,20181121,000000,0.22,0.22,0.22,0.22,4693,0
CZT,D,20181122,000000,0.25,0.25,0.25,0.25,10,0
CZT,D,20181128,000000,0.22,0.22,0.22,0.22,39,0
CZT,D,20181129,000000,0.22,0.22,0.22,0.22,196,0
CZT,D,20181130,000000,0.22,0.23,0.22,0.23,1015,0
CZT,D,20181203,000000,0.23,0.23,0.23,0.23,1299,0
CZT,D,20181204,000000,0.24,0.24,0.24,0.24,400,0
CZT,D,20181205,000000,0.24,0.24,0.22,0.22,581,0
CZT,D,20181207,000000,0.23,0.23,0.23,0.23,500,0
CZT,D,20181210,000000,0.24,0.24,0.24,0.24,5,0
CZT,D,20181211,000000,0.22,0.24,0.22,0.24,2001,0
CZT,D,20181213,000000,0.23,0.23,0.23,0.23,450,0
CZT,D,20181214,000000,0.22,0.24,0.22,0.24,6760,0
CZT,D,20181217,000000,0.23,0.23,0.23,0.23,250,0
CZT,D,20181218,000000,0.23,0.23,0.23,0.23,250,0
CZT,D,20181219,000000,0.22,0.22,0.22,0.22,13675,0
CZT,D,20181220,000000,0.21,0.21,0.2,0.2,12561,0
CZT,D,20181221,000000,0.2,0.2,0.2,0.2,2280,0
CZT,D,20181227,000000,0.2,0.21,0.2,0.21,10927,0
CZT,D,20181228,000000,0.23,0.23,0.23,0.23,400,0
CZT,D,20190104,000000,0.22,0.22,0.22,0.22,1079,0
CZT,D,20190107,000000,0.24,0.24,0.24,0.24,350,0
CZT,D,20190108,000000,0.22,0.24,0.22,0.24,624,0
CZT,D,20190114,000000,0.22,0.22,0.22,0.22,800,0
CZT,D,20190115,000000,0.23,0.23,0.23,0.23,1402,0
CZT,D,20190117,000000,0.22,0.22,0.22,0.22,3000,0
CZT,D,20190118,000000,0.23,0.23,0.23,0.23,6005,0
CZT,D,20190121,000000,0.23,0.23,0.23,0.23,1,0
CZT,D,20190122,000000,0.22,0.22,0.22,0.22,9768,0
CZT,D,20190123,000000,0.22,0.22,0.22,0.22,1,0
CZT,D,20190125,000000,0.22,0.22,0.22,0.22,1,0
CZT,D,20190128,000000,0.23,0.23,0.23,0.23,2,0
CZT,D,20190129,000000,0.23,0.23,0.23,0.23,5238,0
CZT,D,20190130,000000,0.25,0.25,0.25,0.25,50238,0
CZT,D,20190131,000000,0.26,0.26,0.26,0.26,2,0
CZT,D,20190201,000000,0.26,0.26,0.26,0.26,9944,0
CZT,D,20190205,000000,0.23,0.25,0.23,0.25,9000,0
CZT,D,20190206,000000,0.25,0.25,0.25,0.25,1000,0
CZT,D,20190207,000000,0.25,0.25,0.25,0.25,250,0
CZT,D,20190208,000000,0.25,0.25,0.24,0.24,17257,0
CZT,D,20190211,000000,0.24,0.27,0.24,0.27,16285,0
CZT,D,20190212,000000,0.27,0.27,0.27,0.27,4500,0
CZT,D,20190213,000000,0.27,0.27,0.27,0.27,492,0
CZT,D,20190215,000000,0.27,0.27,0.27,0.27,5,0
CZT,D,20190218,000000,0.27,0.27,0.27,0.27,2,0
CZT,D,20190219,000000,0.27,0.27,0.26,0.26,1005,0
CZT,D,20190220,000000,0.26,0.26,0.26,0.26,7200,0
CZT,D,20190221,000000,0.26,0.27,0.26,0.27,2718,0
CZT,D,20190222,000000,0.27,0.27,0.27,0.27,5,0
CZT,D,20190225,000000,0.23,0.23,0.22,0.22,97830,0
CZT,D,20190226,000000,0.23,0.25,0.23,0.25,13927,0
CZT,D,20190227,000000,0.25,0.25,0.25,0.25,10,0
CZT,D,20190228,000000,0.25,0.27,0.25,0.27,1990,0
CZT,D,20190301,000000,0.26,0.26,0.26,0.26,4000,0
CZT,D,20190304,000000,0.26,0.278,0.26,0.278,7010,0
CZT,D,20190307,000000,0.26,0.26,0.26,0.26,14337,0
CZT,D,20190308,000000,0.26,0.26,0.26,0.26,10000,0
CZT,D,20190311,000000,0.275,0.275,0.275,0.275,1975,0
CZT,D,20190312,000000,0.28,0.28,0.28,0.28,34000,0
CZT,D,20190313,000000,0.28,0.28,0.28,0.28,6179,0
CZT,D,20190315,000000,0.286,0.3,0.286,0.3,11923,0
CZT,D,20190318,000000,0.305,0.305,0.3,0.3,31146,0
CZT,D,20190319,000000,0.3,0.3,0.3,0.3,1094,0
CZT,D,20190320,000000,0.32,0.321,0.32,0.321,9646,0
CZT,D,20190321,000000,0.33,0.36,0.33,0.36,87620,0
CZT,D,20190322,000000,0.39,0.39,0.36,0.36,18913,0
CZT,D,20190326,000000,0.35,0.35,0.35,0.35,1919,0
CZT,D,20190328,000000,0.35,0.35,0.35,0.35,81,0
CZT,D,20190329,000000,0.35,0.35,0.35,0.35,2,0
CZT,D,20190401,000000,0.38,0.38,0.37,0.37,12378,0
CZT,D,20190402,000000,0.37,0.4,0.37,0.4,81203,0
CZT,D,20190403,000000,0.44,0.44,0.44,0.44,57311,0
CZT,D,20190404,000000,0.438,0.438,0.438,0.438,5081,0
CZT,D,20190408,000000,0.426,0.426,0.426,0.426,1000,0
CZT,D,20190409,000000,0.42,0.42,0.42,0.42,10716,0
CZT,D,20190411,000000,0.43,0.43,0.42,0.42,422,0
CZT,D,20190412,000000,0.42,0.42,0.42,0.42,1226,0
CZT,D,20190415,000000,0.36,0.36,0.36,0.36,5000,0
CZT,D,20190416,000000,0.36,0.38,0.36,0.38,1005,0
CZT,D,20190417,000000,0.41,0.41,0.41,0.41,10,0
CZT,D,20190418,000000,0.408,0.408,0.408,0.408,2,0
CZT,D,20190423,000000,0.41,0.41,0.41,0.41,203,0
CZT,D,20190424,000000,0.41,0.41,0.41,0.41,5,0
CZT,D,20190426,000000,0.406,0.406,0.406,0.406,2000,0
CZT,D,20190429,000000,0.406,0.406,0.406,0.406,15,0
CZT,D,20190430,000000,0.406,0.406,0.406,0.406,2,0
CZT,D,20190502,000000,0.41,0.41,0.41,0.41,485,0
CZT,D,20190506,000000,0.41,0.41,0.41,0.41,2,0
CZT,D,20190507,000000,0.36,0.36,0.36,0.36,2000,0
CZT,D,20190508,000000,0.406,0.406,0.406,0.406,40,0
CZT,D,20190513,000000,0.38,0.38,0.37,0.37,6636,0
CZT,D,20190514,000000,0.37,0.37,0.37,0.37,500,0
CZT,D,20190522,000000,0.3,0.3,0.3,0.3,2300,0
CZT,D,20190524,000000,0.32,0.32,0.32,0.32,6000,0
CZT,D,20190527,000000,0.32,0.32,0.32,0.32,6,0
CZT,D,20190531,000000,0.35,0.35,0.35,0.35,20400,0
CZT,D,20190603,000000,0.35,0.35,0.35,0.35,33,0
CZT,D,20190604,000000,0.35,0.35,0.35,0.35,2,0
CZT,D,20190605,000000,0.34,0.34,0.34,0.34,200,0
CZT,D,20190606,000000,0.34,0.34,0.34,0.34,2,0
CZT,D,20190610,000000,0.34,0.34,0.34,0.34,2,0
CZT,D,20190612,000000,0.34,0.34,0.34,0.34,25,0
CZT,D,20190613,000000,0.35,0.35,0.35,0.35,5,0
CZT,D,20190614,000000,0.36,0.36,0.36,0.36,3600,0
CZT,D,20190617,000000,0.36,0.36,0.36,0.36,2,0
CZT,D,20190621,000000,0.33,0.35,0.33,0.35,328,0
CZT,D,20190625,000000,0.33,0.33,0.33,0.33,245,0
CZT,D,20190627,000000,0.33,0.33,0.33,0.33,10430,0
CZT,D,20190628,000000,0.32,0.32,0.32,0.32,4012,0
CZT,D,20190701,000000,0.33,0.33,0.33,0.33,5,0
CZT,D,20190702,000000,0.34,0.34,0.34,0.34,320,0
CZT,D,20190703,000000,0.35,0.35,0.35,0.35,3,0
CZT,D,20190704,000000,0.35,0.35,0.35,0.35,1,0
CZT,D,20190708,000000,0.35,0.35,0.35,0.35,2,0
CZT,D,20190711,000000,0.34,0.34,0.328,0.328,1068,0
CZT,D,20190716,000000,0.35,0.35,0.35,0.35,5,0
CZT,D,20190722,000000,0.35,0.35,0.35,0.35,2,0
CZT,D,20190801,000000,0.28,0.28,0.28,0.28,5205,0
CZT,D,20190802,000000,0.282,0.32,0.282,0.32,905,0
CZT,D,20190807,000000,0.32,0.32,0.32,0.32,51,0
CZT,D,20190809,000000,0.37,0.37,0.37,0.37,7505,0
CZT,D,20190812,000000,0.35,0.35,0.35,0.35,13264,0
CZT,D,20190813,000000,0.37,0.37,0.37,0.37,3620,0
CZT,D,20190816,000000,0.37,0.37,0.37,0.37,1000,0
CZT,D,20190819,000000,0.38,0.38,0.38,0.38,10,0
CZT,D,20190822,000000,0.38,0.41,0.38,0.41,2789,0
CZT,D,20190823,000000,0.41,0.41,0.41,0.41,114,0
CZT,D,20190826,000000,0.41,0.41,0.41,0.41,2,0
CZT,D,20190827,000000,0.35,0.35,0.35,0.35,1000,0
CZT,D,20190830,000000,0.36,0.36,0.36,0.36,15,0
CZT,D,20190902,000000,0.36,0.36,0.36,0.36,8,0
CZT,D,20190903,000000,0.4,0.4,0.4,0.4,20,0
CZT,D,20190904,000000,0.4,0.4,0.4,0.4,5,0
CZT,D,20190910,000000,0.4,0.4,0.4,0.4,14763,0
CZT,D,20190911,000000,0.41,0.41,0.4,0.4,837,0
CZT,D,20190912,000000,0.4,0.4,0.4,0.4,8197,0
CZT,D,20190917,000000,0.4,0.4,0.4,0.4,2,0
CZT,D,20190918,000000,0.37,0.37,0.37,0.37,1000,0
CZT,D,20190919,000000,0.4,0.4,0.4,0.4,5,0
CZT,D,20190924,000000,0.4,0.4,0.4,0.4,2,0
CZT,D,20190925,000000,0.36,0.36,0.36,0.36,5000,0
CZT,D,20190926,000000,0.4,0.4,0.4,0.4,568,0
CZT,D,20190930,000000,0.37,0.37,0.37,0.37,6000,0
CZT,D,20200401,000000,0.29,0.29,0.29,0.29,5500,0
CZT,D,20200402,000000,0.29,0.29,0.29,0.29,21058,0
CZT,D,20200403,000000,0.3,0.3,0.3,0.3,3333,0
CZT,D,20200406,000000,0.35,0.35,0.35,0.35,100,0
CZT,D,20200407,000000,0.28,0.28,0.28,0.28,10400,0
CZT,D,20200408,000000,0.27,0.27,0.27,0.27,548,0
CZT,D,20200409,000000,0.33,0.33,0.33,0.33,4000,0
CZT,D,20200414,000000,0.33,0.33,0.328,0.328,3279,0
CZT,D,20200415,000000,0.328,0.328,0.302,0.302,2465,0
CZT,D,20200416,000000,0.302,0.33,0.302,0.33,9841,0
CZT,D,20200417,000000,0.32,0.328,0.32,0.328,3427,0
CZT,D,20200420,000000,0.328,0.328,0.28,0.28,2300,0
CZT,D,20200422,000000,0.334,0.334,0.328,0.328,1303,0
CZT,D,20200423,000000,0.32,0.32,0.32,0.32,370,0
CZT,D,20200424,000000,0.328,0.328,0.328,0.328,100,0
CZT,D,20200427,000000,0.302,0.302,0.302,0.302,360,0
CZT,D,20200428,000000,0.302,0.302,0.302,0.302,130,0
CZT,D,20200430,000000,0.32,0.32,0.32,0.32,4500,0
CZT,D,20200504,000000,0.328,0.34,0.328,0.34,1945,0
CZT,D,20200505,000000,0.328,0.338,0.328,0.338,3013,0
CZT,D,20200506,000000,0.34,0.35,0.34,0.35,9346,0
CZT,D,20200507,000000,0.38,0.38,0.33,0.33,377,0
CZT,D,20200508,000000,0.38,0.39,0.38,0.39,12022,0
CZT,D,20200511,000000,0.41,0.41,0.41,0.41,13881,0
CZT,D,20200512,000000,0.398,0.398,0.398,0.398,2679,0
CZT,D,20200513,000000,0.332,0.332,0.332,0.332,8503,0
CZT,D,20200514,000000,0.39,0.39,0.39,0.39,13025,0
CZT,D,20200515,000000,0.39,0.39,0.39,0.39,7178,0
CZT,D,20200518,000000,0.41,0.41,0.41,0.41,50,0
CZT,D,20200519,000000,0.41,0.41,0.41,0.41,1540,0
CZT,D,20200520,000000,0.436,0.436,0.436,0.436,3030,0
CZT,D,20200521,000000,0.436,0.44,0.436,0.44,7428,0
CZT,D,20200522,000000,0.45,0.45,0.448,0.448,16825,0
CZT,D,20200525,000000,0.448,0.448,0.448,0.448,1000,0
CZT,D,20200526,000000,0.44,0.44,0.44,0.44,2194,0
CZT,D,20200527,000000,0.448,0.448,0.448,0.448,2263,0
CZT,D,20200528,000000,0.41,0.41,0.41,0.41,148,0
CZT,D,20200529,000000,0.41,0.41,0.41,0.41,900,0
CZT,D,20200602,000000,0.412,0.412,0.41,0.41,3616,0
CZT,D,20200603,000000,0.412,0.412,0.41,0.41,6992,0
CZT,D,20200605,000000,0.41,0.41,0.41,0.41,300,0
CZT,D,20200608,000000,0.37,0.38,0.37,0.38,1300,0
CZT,D,20200609,000000,0.41,0.41,0.41,0.41,100,0
CZT,D,20200610,000000,0.39,0.39,0.39,0.39,4084,0
CZT,D,20200612,000000,0.39,0.39,0.39,0.39,1506,0
CZT,D,20200615,000000,0.39,0.39,0.39,0.39,100,0
CZT,D,20200616,000000,0.44,0.44,0.44,0.44,50,0
CZT,D,20200618,000000,0.44,0.44,0.44,0.44,100,0
CZT,D,20200619,000000,0.42,0.42,0.42,0.42,100,0
CZT,D,20200622,000000,0.39,0.39,0.39,0.39,7700,0
CZT,D,20200623,000000,0.42,0.42,0.42,0.42,240,0
CZT,D,20200624,000000,0.39,0.39,0.39,0.39,7271,0
CZT,D,20200625,000000,0.39,0.39,0.39,0.39,4807,0
CZT,D,20200626,000000,0.39,0.39,0.39,0.39,7123,0
CZT,D,20200629,000000,0.39,0.39,0.39,0.39,3208,0
CZT,D,20200630,000000,0.39,0.39,0.39,0.39,1526,0
CZT,D,20200701,000000,0.39,0.39,0.39,0.39,3089,0
CZT,D,20200702,000000,0.37,0.42,0.37,0.42,560,0
CZT,D,20200703,000000,0.42,0.42,0.38,0.38,11944,0
CZT,D,20200706,000000,0.4,0.4,0.4,0.4,500,0
CZT,D,20200707,000000,0.4,0.4,0.4,0.4,2600,0
CZT,D,20200708,000000,0.38,0.42,0.38,0.42,13448,0
CZT,D,20200709,000000,0.418,0.44,0.418,0.44,6540,0
CZT,D,20200710,000000,0.42,0.42,0.42,0.42,3041,0
