<TICKER>,<PER>,<DATE>,<TIME>,<OPEN>,<HIGH>,<LOW>,<CLOSE>,<VOL>,<OPENINT>
DAT,D,20120720,000000,3,3.6,2.9,3.6,20354,0
DAT,D,20120723,000000,4.32,5.16,4.03,5.16,14065,0
DAT,D,20120724,000000,5.99,7.18,4.8,7.18,9453,0
DAT,D,20120725,000000,7.22,8.66,5.78,6.2,15887,0
DAT,D,20120726,000000,6.89,7.7,6.19,6.19,4113,0
DAT,D,20120727,000000,6.99,6.99,5.6,6.95,2671,0
DAT,D,20120730,000000,7,7,5.16,5.16,4727,0
DAT,D,20120731,000000,4.25,6,4.25,6,746,0
DAT,D,20120801,000000,6.1,7.15,6,7.14,7004,0
DAT,D,20120802,000000,7.14,8,7,8,6136,0
DAT,D,20120803,000000,8.88,8.88,7,7,298,0
DAT,D,20120806,000000,7.5,7.5,6,6,1321,0
DAT,D,20120807,000000,5.05,5.5,4.8,4.8,11030,0
DAT,D,20120808,000000,4.8,5.45,4.57,5.45,10501,0
DAT,D,20120809,000000,5.5,5.5,4.8,4.8,2430,0
DAT,D,20120810,000000,4.8,5.7,4.8,5.7,3709,0
DAT,D,20120814,000000,5.5,5.5,5,5,97,0
DAT,D,20120816,000000,5.5,5.5,5.5,5.5,200,0
DAT,D,20120817,000000,5.3,5.5,5.3,5.5,215,0
DAT,D,20120820,000000,4.5,6.6,4.5,6.6,414,0
DAT,D,20120822,000000,7,7,7,7,42,0
DAT,D,20120823,000000,7.4,7.4,7.4,7.4,416,0
DAT,D,20120824,000000,7.95,8,7.95,8,450,0
DAT,D,20120827,000000,8.88,8.9,8.88,8.9,540,0
DAT,D,20120828,000000,9.3,9.5,9,9,171,0
DAT,D,20120829,000000,8.5,8.5,6.5,6.5,972,0
DAT,D,20120830,000000,6.5,6.5,5.9,5.9,200,0
DAT,D,20120831,000000,6.5,6.5,5.61,5.61,400,0
DAT,D,20120904,000000,5,5,5,5,10,0
DAT,D,20120905,000000,6,6,6,6,645,0
DAT,D,20120906,000000,6,6,6,6,490,0
DAT,D,20120907,000000,5.05,6,5.05,6,300,0
DAT,D,20120910,000000,6.06,6.06,6.05,6.05,1500,0
DAT,D,20120911,000000,6.11,7,6.11,7,200,0
DAT,D,20120912,000000,7.5,8,7.3,7.3,2700,0
DAT,D,20120913,000000,8,8.6,8,8.6,67,0
DAT,D,20120918,000000,8,8,6.9,6.9,900,0
DAT,D,20120919,000000,6.6,6.6,6,6,751,0
DAT,D,20120924,000000,6,6,5,5.9,2109,0
DAT,D,20120926,000000,6,6,6,6,100,0
DAT,D,20120927,000000,6,6,5,5.11,211,0
DAT,D,20120928,000000,5.6,5.6,5.5,5.5,4400,0
DAT,D,20121001,000000,5.5,5.5,5.5,5.5,1189,0
DAT,D,20121003,000000,6,6,6,6,13,0
DAT,D,20121004,000000,5.35,5.35,5.35,5.35,255,0
DAT,D,20121005,000000,5.3,5.3,5.1,5.1,705,0
DAT,D,20121008,000000,5.15,5.4,5.15,5.4,912,0
DAT,D,20121009,000000,5.16,5.16,4.8,4.8,1850,0
DAT,D,20121010,000000,4.2,4.2,4.2,4.2,1200,0
DAT,D,20121011,000000,4.21,4.21,4.21,4.21,20,0
DAT,D,20121015,000000,4.9,4.9,4.9,4.9,1,0
DAT,D,20121017,000000,4.9,4.99,4.9,4.99,299,0
DAT,D,20121019,000000,5,5,5,5,100,0
DAT,D,20121022,000000,5,5.2,5,5.2,200,0
DAT,D,20121024,000000,5.01,5.01,5,5,310,0
DAT,D,20121102,000000,5.49,5.49,5.49,5.49,2,0
DAT,D,20121106,000000,4.6,4.6,4.41,4.41,900,0
DAT,D,20121107,000000,3.8,3.99,3.53,3.6,500,0
DAT,D,20121109,000000,3.8,4.3,3.01,4.3,688,0
DAT,D,20121112,000000,5,5,5,5,100,0
DAT,D,20121114,000000,5.8,5.8,5.8,5.8,2,0
DAT,D,20121119,000000,5.45,5.45,4.8,4.8,200,0
DAT,D,20121120,000000,4.01,4.01,4,4,1100,0
DAT,D,20121121,000000,4.01,4.01,4,4,400,0
DAT,D,20121122,000000,4.01,4.3,4.01,4.3,1300,0
DAT,D,20121126,000000,4.2,5,4.2,5,2400,0
DAT,D,20121127,000000,5.41,5.65,4.9,5.4,6621,0
DAT,D,20121128,000000,5.88,7,5.88,7,7188,0
DAT,D,20121129,000000,7,7,5.6,5.6,1902,0
DAT,D,20121130,000000,5.56,6.49,5.1,5.1,7154,0
DAT,D,20121203,000000,6.12,6.12,6.12,6.12,2,0
DAT,D,20121204,000000,5.5,5.52,5.5,5.51,18522,0
DAT,D,20121206,000000,5.41,5.5,5.41,5.5,2189,0
DAT,D,20121210,000000,5.5,5.5,5.5,5.5,3000,0
DAT,D,20121211,000000,5.5,5.9,5.5,5.9,8100,0
DAT,D,20121213,000000,6.6,7.08,6.6,7.08,200,0
DAT,D,20121214,000000,6.8,8.15,6.8,8.15,490,0
DAT,D,20121217,000000,8.5,8.5,8.5,8.5,300,0
DAT,D,20121218,000000,9,9,9,9,50,0
DAT,D,20121220,000000,9.99,9.99,9,9,229,0
DAT,D,20121221,000000,8,8,7.2,7.2,200,0
DAT,D,20121227,000000,7.5,7.85,7.5,7.85,200,0
DAT,D,20121228,000000,8,9.4,8,9.4,300,0
DAT,D,20130102,000000,9,9,8.99,9,990,0
DAT,D,20130103,000000,8.6,8.99,8.6,8.99,306,0
DAT,D,20130110,000000,8.99,9.9,8.99,9,1492,0
DAT,D,20130111,000000,9,9,8,8.2,790,0
DAT,D,20130114,000000,8.01,9.15,8.01,9.15,1791,0
DAT,D,20130115,000000,8.21,8.21,8.21,8.21,4,0
DAT,D,20130116,000000,9.2,9.2,9.1,9.1,549,0
DAT,D,20130117,000000,9.69,10.92,9.69,10.92,1071,0
DAT,D,20130118,000000,11.5,11.5,9.9,9.9,250,0
DAT,D,20130121,000000,10,10,10,10,100,0
DAT,D,20130122,000000,10.85,10.85,10.85,10.85,10,0
DAT,D,20130128,000000,9.9,9.9,9.9,9.9,100,0
DAT,D,20130131,000000,9.01,9.01,9.01,9.01,501,0
DAT,D,20130206,000000,9.01,9.01,9.01,9.01,599,0
DAT,D,20130207,000000,10,10,10,10,100,0
DAT,D,20130208,000000,10,10,9.21,9.21,595,0
DAT,D,20130211,000000,10,10.05,9.31,9.31,1300,0
DAT,D,20130212,000000,10,10,10,10,186,0
DAT,D,20130214,000000,10.01,10.01,9.31,9.31,148,0
DAT,D,20130215,000000,10,10,10,10,100,0
DAT,D,20130219,000000,10.55,11.15,10.55,11.15,500,0
DAT,D,20130220,000000,11.4,11.4,10.55,10.55,263,0
DAT,D,20130221,000000,10.5,10.5,10.5,10.5,5,0
DAT,D,20130222,000000,10.9,10.9,9.22,9.22,208,0
DAT,D,20130225,000000,9.6,9.6,9.6,9.6,3,0
DAT,D,20130226,000000,9.55,9.6,9.55,9.6,200,0
DAT,D,20130227,000000,10,10,10,10,50,0
DAT,D,20130228,000000,10,10,9.5,9.5,515,0
DAT,D,20130301,000000,10,10,10,10,40,0
DAT,D,20130306,000000,10.3,10.3,10.3,10.3,70,0
DAT,D,20130307,000000,10,10,10,10,150,0
DAT,D,20130313,000000,10,10,10,10,200,0
DAT,D,20130319,000000,10,10,10,10,65,0
DAT,D,20130325,000000,10.3,10.3,9.33,9.33,700,0
DAT,D,20130326,000000,9.31,9.31,9.31,9.31,2857,0
DAT,D,20130327,000000,9.99,9.99,9.2,9.2,1312,0
DAT,D,20130328,000000,9,9.2,9,9.2,3261,0
DAT,D,20130402,000000,9,9.5,8.5,9.3,12792,0
DAT,D,20130403,000000,9.3,9.4,9,9,1800,0
DAT,D,20130404,000000,8.9,9.3,8.9,8.9,4800,0
DAT,D,20130405,000000,8.9,8.95,8.9,8.95,835,0
DAT,D,20130408,000000,9.3,9.3,9.3,9.3,1830,0
DAT,D,20130409,000000,9.01,9.3,8.85,8.85,1808,0
DAT,D,20130410,000000,8.8,9.22,8.6,8.6,2140,0
DAT,D,20130411,000000,8.6,9.1,8.6,9.1,1290,0
DAT,D,20130412,000000,8.6,8.8,8.6,8.6,1690,0
DAT,D,20130415,000000,8.6,8.6,8.5,8.5,1050,0
DAT,D,20130417,000000,8.5,8.5,8.5,8.5,100,0
DAT,D,20130418,000000,9.2,10.3,9.2,10.3,101,0
DAT,D,20130419,000000,9.2,9.2,9.2,9.2,100,0
DAT,D,20130422,000000,8.6,9.15,8.6,9.15,1002,0
DAT,D,20130423,000000,8.6,9.15,8.5,9.15,1265,0
DAT,D,20130425,000000,8.5,8.75,7.8,7.8,2311,0
DAT,D,20130426,000000,8.2,9.15,8.2,9.15,2200,0
DAT,D,20130429,000000,9.15,9.19,8.4,9.17,7739,0
DAT,D,20130430,000000,9.18,9.18,9.18,9.18,1061,0
DAT,D,20130502,000000,8.5,8.5,8.5,8.5,100,0
DAT,D,20130506,000000,8.35,8.35,8.3,8.3,141,0
DAT,D,20130508,000000,8.3,8.5,8.2,8.5,129,0
DAT,D,20130509,000000,8.2,8.8,8.2,8.8,6553,0
DAT,D,20130510,000000,8.88,8.88,8.82,8.82,3410,0
DAT,D,20130513,000000,8.4,8.5,8.3,8.5,240,0
DAT,D,20130514,000000,8.55,8.69,8.5,8.55,6165,0
DAT,D,20130515,000000,8.69,8.69,8.35,8.35,4080,0
DAT,D,20130516,000000,8.43,8.43,7.5,7.5,1398,0
DAT,D,20130517,000000,8.39,8.39,8.38,8.39,401,0
DAT,D,20130520,000000,8.34,8.34,8,8,780,0
DAT,D,20130521,000000,8.01,8.01,7,7,3471,0
DAT,D,20130522,000000,7.12,7.12,5.9,6.16,4065,0
DAT,D,20130523,000000,6.2,6.9,6,6.73,3781,0
DAT,D,20130524,000000,6.16,6.16,6,6,2752,0
DAT,D,20130527,000000,6.2,6.7,5.8,5.8,5097,0
DAT,D,20130528,000000,6,6,6,6,1000,0
DAT,D,20130529,000000,6.59,6.7,6,6.7,2518,0
DAT,D,20130531,000000,6.7,6.7,6.7,6.7,1000,0
DAT,D,20130603,000000,6.01,6.01,6,6,1534,0
DAT,D,20130604,000000,6,6.2,5.8,6.2,2005,0
DAT,D,20130605,000000,5.2,6,5.2,6,1010,0
DAT,D,20130606,000000,5.75,6.19,5.7,5.7,1723,0
DAT,D,20130607,000000,5.16,5.99,5,5.99,5932,0
DAT,D,20130610,000000,5.88,5.88,5,5,2088,0
DAT,D,20130611,000000,5.2,6.1,4.9,6.1,368,0
DAT,D,20130612,000000,5.8,6.15,5.8,6.15,203,0
DAT,D,20130613,000000,6.15,7,6,7,2078,0
DAT,D,20130614,000000,7,7,6,6.4,1234,0
DAT,D,20130617,000000,5.25,5.9,5,5,8042,0
DAT,D,20130618,000000,4.86,5.09,4.5,5.09,921,0
DAT,D,20130619,000000,5.09,5.18,5.09,5.17,5202,0
DAT,D,20130620,000000,4.6,5.18,4.56,5.18,1502,0
DAT,D,20130624,000000,4.35,5.12,4.35,5,140,0
DAT,D,20130625,000000,5.02,5.02,5.02,5.02,11,0
DAT,D,20130626,000000,5.02,5.02,4.9,5.02,5230,0
DAT,D,20130627,000000,5.04,5.04,5.04,5.04,100,0
DAT,D,20130628,000000,5,5.12,5,5.12,992,0
DAT,D,20130702,000000,5,5,5,5,1180,0
DAT,D,20130703,000000,5.19,5.19,4.9,5.19,352,0
DAT,D,20130705,000000,4.9,5.19,4.9,5.19,1203,0
DAT,D,20130708,000000,5.19,5.68,5.19,5.68,545,0
DAT,D,20130709,000000,5.89,5.89,5.89,5.89,53,0
DAT,D,20130716,000000,5.88,5.88,5.88,5.88,2,0
DAT,D,20130717,000000,5.89,6.45,5.89,6.45,551,0
DAT,D,20130718,000000,5.7,5.7,5.6,5.7,420,0
DAT,D,20130719,000000,5.6,5.9,5.5,5.85,1840,0
DAT,D,20130722,000000,5.6,5.6,4.9,5.4,7946,0
DAT,D,20130723,000000,5.01,5.05,4.5,4.5,1703,0
DAT,D,20130724,000000,5.09,5.09,4.9,4.9,401,0
DAT,D,20130725,000000,5.09,5.09,5.09,5.09,200,0
DAT,D,20130726,000000,5.09,5.09,5.09,5.09,1,0
DAT,D,20130729,000000,4.3,4.3,4.3,4.3,10,0
DAT,D,20130730,000000,5.04,5.04,5.04,5.04,1,0
DAT,D,20130731,000000,4.2,4.94,4.2,4.94,20,0
DAT,D,20130802,000000,4.45,4.45,4,4.44,6550,0
DAT,D,20130805,000000,4.45,4.45,4.4,4.44,9306,0
DAT,D,20130806,000000,4.02,4.44,4.02,4.44,2075,0
DAT,D,20130807,000000,4.44,5,4.44,5,5089,0
DAT,D,20130808,000000,4.5,5.9,4.5,5.9,2018,0
DAT,D,20130809,000000,5.87,5.88,5.85,5.88,717,0
DAT,D,20130812,000000,5.5,5.5,5.5,5.5,500,0
DAT,D,20130813,000000,5.49,5.49,5.49,5.49,900,0
DAT,D,20130814,000000,5.5,5.5,5.5,5.5,10,0
DAT,D,20130816,000000,5,5,4.02,4.2,1234,0
DAT,D,20130819,000000,4.6,5.07,3.75,4.4,3630,0
DAT,D,20130820,000000,5,5,4.95,5,6685,0
DAT,D,20130821,000000,4.95,4.95,4.5,4.9,755,0
DAT,D,20130822,000000,4.93,5.49,4.81,4.81,4540,0
DAT,D,20130823,000000,4.67,4.98,4.55,4.98,5720,0
DAT,D,20130826,000000,4.93,4.94,4.55,4.55,4140,0
DAT,D,20130827,000000,4.52,4.76,4.41,4.76,2811,0
DAT,D,20130828,000000,4.88,4.88,4.88,4.88,10,0
DAT,D,20130829,000000,4.88,5.55,4.88,5.55,913,0
DAT,D,20130830,000000,4.99,5.4,4.8,4.8,401,0
DAT,D,20130902,000000,5.6,5.6,5.6,5.6,1000,0
DAT,D,20130903,000000,5.69,5.79,5.09,5.48,1700,0
DAT,D,20130904,000000,5.62,5.62,5.62,5.62,60,0
DAT,D,20130905,000000,5.6,5.6,5.6,5.6,453,0
DAT,D,20130906,000000,5.6,5.6,5.6,5.6,10,0
DAT,D,20130909,000000,5.2,5.2,4.7,4.75,7823,0
DAT,D,20130910,000000,5.07,5.41,4.7,5.41,6233,0
DAT,D,20130911,000000,5.6,5.6,5.6,5.6,37,0
DAT,D,20130916,000000,5,5.43,5,5.43,110,0
DAT,D,20130918,000000,5.1,5.39,4.95,5.39,965,0
DAT,D,20130919,000000,5.55,5.55,5.05,5.05,150,0
DAT,D,20130920,000000,5.56,5.56,5.56,5.56,220,0
DAT,D,20130923,000000,5.55,6.3,5.55,6.3,5280,0
DAT,D,20130924,000000,6.9,7.29,6.5,6.5,1610,0
DAT,D,20130925,000000,6.9,6.9,6,6.3,209,0
DAT,D,20130926,000000,6.3,6.95,6.3,6.95,842,0
DAT,D,20130927,000000,6.3,6.35,6,6.35,1601,0
DAT,D,20130930,000000,6.35,6.4,6,6.4,2380,0
DAT,D,20131001,000000,6.4,6.9,6.4,6.9,80,0
DAT,D,20131002,000000,6.5,6.9,5.71,6.9,155,0
DAT,D,20131003,000000,6.9,6.9,6.9,6.9,10,0
DAT,D,20131004,000000,6.9,6.9,6.9,6.9,20,0
DAT,D,20131007,000000,6.9,6.9,6.9,6.9,10,0
DAT,D,20131009,000000,6.5,6.6,6,6.6,365,0
DAT,D,20131010,000000,6.69,6.8,6.69,6.8,800,0
DAT,D,20131011,000000,6.5,6.8,6,6.8,1200,0
DAT,D,20131014,000000,6.8,6.8,6.5,6.8,600,0
DAT,D,20131015,000000,6.45,6.65,6.25,6.65,450,0
DAT,D,20131017,000000,6.74,6.74,6.74,6.74,1,0
DAT,D,20131018,000000,6.74,6.74,6.74,6.74,50,0
DAT,D,20131021,000000,6.11,6.5,5.7,6.49,3476,0
DAT,D,20131023,000000,6.5,6.74,6.5,6.74,51,0
DAT,D,20131024,000000,6,6.55,6,6.55,302,0
DAT,D,20131025,000000,6.06,6.4,5.51,6.39,5540,0
DAT,D,20131028,000000,6.2,6.25,6,6.25,5050,0
DAT,D,20131029,000000,6.05,6.25,6.05,6.25,500,0
DAT,D,20131031,000000,6.25,6.28,6.25,6.28,200,0
DAT,D,20131104,000000,6.2,6.2,6,6,9876,0
DAT,D,20131105,000000,5.72,6,5.7,5.97,781,0
DAT,D,20131107,000000,6.04,6.58,6,6.58,4039,0
DAT,D,20131108,000000,6.58,6.58,6.3,6.3,1998,0
DAT,D,20131112,000000,6.31,7.57,6.31,7.57,10767,0
DAT,D,20131113,000000,7.98,7.98,7.43,7.43,1641,0
DAT,D,20131114,000000,7.46,8.5,7.46,8.5,5955,0
DAT,D,20131115,000000,10,10,8.7,9,3239,0
DAT,D,20131118,000000,8.7,9,8.5,9,1803,0
DAT,D,20131119,000000,8.51,8.7,8.5,8.7,1194,0
DAT,D,20131120,000000,8.25,8.5,8.2,8.2,1618,0
DAT,D,20131121,000000,8,8.1,8,8.1,1111,0
DAT,D,20131122,000000,8.49,8.66,8.49,8.66,200,0
DAT,D,20131126,000000,8.14,8.39,7.5,8.35,1040,0
DAT,D,20131128,000000,7.5,7.7,7.5,7.7,201,0
DAT,D,20131202,000000,7.7,7.7,7.22,7.7,1100,0
DAT,D,20131203,000000,7.6,8.4,7.6,8,850,0
DAT,D,20131204,000000,8.5,9.25,8.35,8.35,3831,0
DAT,D,20131205,000000,8.9,8.9,8.9,8.9,500,0
DAT,D,20131206,000000,9.1,9.5,9.1,9.5,1490,0
DAT,D,20131209,000000,9.1,10.8,9.1,10.7,7050,0
DAT,D,20131210,000000,10.9,11.5,10.48,11.01,7255,0
DAT,D,20131211,000000,11.7,12.5,11,11.13,1561,0
DAT,D,20131212,000000,12.2,12.23,11.16,12.23,1339,0
DAT,D,20131213,000000,11.8,12.3,11.21,11.31,1794,0
DAT,D,20131216,000000,11.28,11.28,11,11,4790,0
DAT,D,20131217,000000,11,11,10.22,10.99,2914,0
DAT,D,20131218,000000,10.22,11.2,10.22,11.2,1650,0
DAT,D,20131219,000000,11.8,11.8,10.22,10.5,14050,0
DAT,D,20131220,000000,11,11,10.5,10.5,1199,0
DAT,D,20131223,000000,11.5,11.8,11.5,11.8,3787,0
DAT,D,20131227,000000,11.9,13.99,11.75,13.5,3261,0
DAT,D,20131230,000000,13.5,13.5,13.4,13.5,1352,0
DAT,D,20140102,000000,13,14,11.6,13,7309,0
DAT,D,20140103,000000,13.5,13.5,12.1,13.49,6040,0
DAT,D,20140107,000000,13.9,13.9,12.5,13.2,2110,0
DAT,D,20140108,000000,13.2,13.8,12.2,12.2,10657,0
DAT,D,20140109,000000,12.5,12.5,12.5,12.5,250,0
DAT,D,20140110,000000,12.99,13,12,12,760,0
DAT,D,20140113,000000,12.2,12.2,11.5,12,1060,0
DAT,D,20140114,000000,12.2,12.2,12.2,12.2,50,0
DAT,D,20140115,000000,12.02,12.96,12.02,12.96,2010,0
DAT,D,20140116,000000,12.91,12.91,12.91,12.91,100,0
DAT,D,20140117,000000,12.96,12.99,12.02,12.99,4090,0
DAT,D,20140120,000000,12.5,12.5,12.5,12.5,50,0
DAT,D,20140121,000000,12.5,12.5,12,12.01,1300,0
DAT,D,20140123,000000,12.19,12.19,11.61,11.61,1636,0
DAT,D,20140124,000000,12.19,12.19,11.71,11.71,150,0
DAT,D,20140128,000000,12,12.48,12,12.48,250,0
DAT,D,20140129,000000,12.89,12.89,12.89,12.89,100,0
DAT,D,20140130,000000,12,12,12,12,110,0
DAT,D,20140131,000000,12.49,12.49,12.49,12.49,10,0
DAT,D,20140203,000000,12,12,11.61,11.95,460,0
DAT,D,20140204,000000,11.95,12,11.53,11.53,466,0
DAT,D,20140205,000000,12,12,11.58,12,660,0
DAT,D,20140206,000000,11.62,12,11.62,12,250,0
DAT,D,20140207,000000,11.99,11.99,11.99,11.99,5,0
DAT,D,20140210,000000,11.67,11.8,11.6,11.8,930,0
DAT,D,20140211,000000,11.98,11.98,11.8,11.8,150,0
DAT,D,20140212,000000,11.95,11.95,11,11.95,1100,0
DAT,D,20140213,000000,11.02,11.89,11.02,11.89,700,0
DAT,D,20140214,000000,11.89,11.89,11.83,11.83,1250,0
DAT,D,20140217,000000,11.5,11.8,11.5,11.8,1522,0
DAT,D,20140218,000000,11.85,11.85,11.85,11.85,1350,0
DAT,D,20140219,000000,11.85,11.85,11.85,11.85,50,0
DAT,D,20140220,000000,11.85,11.85,11.85,11.85,900,0
DAT,D,20140221,000000,11.85,11.85,11.85,11.85,400,0
DAT,D,20140224,000000,11.85,11.85,11.85,11.85,90,0
DAT,D,20140225,000000,11.85,11.85,11.82,11.82,804,0
DAT,D,20140228,000000,11.5,11.85,11.35,11.85,160,0
DAT,D,20140303,000000,11.05,11.85,11.05,11.85,340,0
DAT,D,20140304,000000,11.5,11.95,11.2,11.8,1210,0
DAT,D,20140305,000000,11.1,11.99,11.1,11.11,2865,0
DAT,D,20140306,000000,11.15,11.3,11.15,11.25,350,0
DAT,D,20140307,000000,11.2,11.7,11.2,11.5,1540,0
DAT,D,20140310,000000,11.9,11.9,11.9,11.9,10,0
DAT,D,20140311,000000,11.5,11.5,11.5,11.5,150,0
DAT,D,20140312,000000,11.31,11.35,11,11.3,3060,0
DAT,D,20140313,000000,10.69,11.29,10,10.75,1101,0
DAT,D,20140314,000000,11,11,10.01,11,5520,0
DAT,D,20140317,000000,10.1,11,10.1,10.99,1350,0
DAT,D,20140318,000000,11,11.1,11,11,1100,0
DAT,D,20140319,000000,11,11,11,11,1000,0
DAT,D,20140320,000000,11,11.5,10.5,10.99,2395,0
DAT,D,20140324,000000,11,11,11,11,1339,0
DAT,D,20140325,000000,11.4,11.5,11,11,390,0
DAT,D,20140326,000000,10.99,11,10.99,11,2855,0
DAT,D,20140327,000000,11,11,10.99,10.99,715,0
DAT,D,20140328,000000,10.99,11,10.99,11,900,0
DAT,D,20140331,000000,10.99,11.5,10.25,11.5,557,0
DAT,D,20140401,000000,11.48,11.49,10.52,11.4,1655,0
DAT,D,20140402,000000,10.8,10.99,10.8,10.99,100,0
DAT,D,20140403,000000,10.52,10.52,9.95,10.17,3311,0
DAT,D,20140404,000000,10.3,10.98,10,10.98,1060,0
DAT,D,20140407,000000,10.8,10.8,10.8,10.8,1050,0
DAT,D,20140408,000000,10.8,10.8,10.8,10.8,922,0
DAT,D,20140409,000000,10.9,10.9,10,10.8,2130,0
DAT,D,20140410,000000,10.6,10.9,10.6,10.9,148,0
DAT,D,20140411,000000,10.9,10.9,10.9,10.9,100,0
DAT,D,20140414,000000,10.5,10.8,10,10.7,4238,0
DAT,D,20140415,000000,11.4,11.4,9.8,10.5,1870,0
DAT,D,20140416,000000,9.8,10.5,8.89,8.89,6199,0
DAT,D,20140417,000000,9,9.5,8.73,9.5,1375,0
DAT,D,20140422,000000,10,10,9.6,9.6,662,0
DAT,D,20140423,000000,10.3,10.99,10.3,10.4,621,0
DAT,D,20140424,000000,10.99,10.99,10.5,10.97,880,0
DAT,D,20140425,000000,10.6,10.6,10,10.5,1760,0
DAT,D,20140430,000000,10.95,11.2,10.95,10.99,2050,0
DAT,D,20140502,000000,10.5,11.19,10.5,11.19,432,0
DAT,D,20140505,000000,10.5,10.99,10.5,10.99,100,0
DAT,D,20140506,000000,10.6,10.6,10.4,10.5,731,0
DAT,D,20140507,000000,10.59,10.97,10.59,10.95,722,0
DAT,D,20140508,000000,10.98,10.98,10.4,10.97,575,0
DAT,D,20140509,000000,10.85,10.85,10.85,10.85,138,0
DAT,D,20140512,000000,10.85,10.85,10.3,10.5,1940,0
DAT,D,20140513,000000,10.76,10.76,10.31,10.5,925,0
DAT,D,20140514,000000,10.49,10.5,10.49,10.5,690,0
DAT,D,20140515,000000,10.65,10.65,10.65,10.65,170,0
DAT,D,20140516,000000,10.66,10.78,10.66,10.78,140,0
DAT,D,20140519,000000,10.75,10.76,10.5,10.5,800,0
DAT,D,20140520,000000,10.6,10.78,10.6,10.78,600,0
DAT,D,20140521,000000,10.79,10.79,10.5,10.77,1035,0
DAT,D,20140523,000000,10.5,10.77,10.5,10.77,464,0
DAT,D,20140526,000000,10.5,10.77,10.5,10.77,640,0
DAT,D,20140527,000000,10.77,10.77,10.5,10.5,1800,0
DAT,D,20140528,000000,10.5,10.5,10.5,10.5,595,0
DAT,D,20140530,000000,10.7,10.7,10.7,10.7,50,0
DAT,D,20140602,000000,10.78,10.78,10.25,10.78,550,0
DAT,D,20140603,000000,10.77,10.77,10.73,10.73,415,0
DAT,D,20140604,000000,10.77,10.77,10.76,10.77,512,0
DAT,D,20140606,000000,10.5,10.5,10.5,10.5,300,0
DAT,D,20140609,000000,10.5,11.11,10.5,11,1470,0
DAT,D,20140610,000000,11.6,12.12,11.59,12.12,1294,0
DAT,D,20140611,000000,12.12,12.12,11.71,12,2401,0
DAT,D,20140612,000000,12.11,12.12,12.1,12.1,600,0
DAT,D,20140613,000000,12.12,12.12,11.51,11.51,1050,0
DAT,D,20140616,000000,11.99,11.99,11.99,11.99,50,0
DAT,D,20140617,000000,11.99,12.05,11.99,12.05,500,0
DAT,D,20140618,000000,12,12,11.64,11.64,1855,0
DAT,D,20140620,000000,11.99,11.99,11.5,11.98,3172,0
DAT,D,20140623,000000,11.99,11.99,11.99,11.99,50,0
DAT,D,20140624,000000,11.53,11.98,11.53,11.98,448,0
DAT,D,20140625,000000,11.99,12.05,11.8,12.05,1700,0
DAT,D,20140626,000000,11.67,12.05,11.67,12.05,150,0
DAT,D,20140627,000000,12.2,12.21,12.1,12.1,360,0
DAT,D,20140630,000000,12,12.22,12,12,1050,0
DAT,D,20140701,000000,12.19,12.19,12.19,12.19,50,0
DAT,D,20140702,000000,12.19,12.25,12.19,12.25,490,0
DAT,D,20140704,000000,12.27,12.28,12.27,12.28,220,0
DAT,D,20140707,000000,12.24,12.25,12,12.25,1250,0
DAT,D,20140708,000000,12.28,12.28,12.28,12.28,383,0
DAT,D,20140715,000000,12.27,12.28,12.27,12.28,333,0
DAT,D,20140716,000000,12,12,12,12,140,0
DAT,D,20140717,000000,11.82,11.82,11.8,11.8,553,0
DAT,D,20140725,000000,11.53,11.79,11.53,11.79,620,0
DAT,D,20140728,000000,11.41,11.41,11.41,11.41,100,0
DAT,D,20140730,000000,11.39,11.79,11.39,11.79,459,0
DAT,D,20140804,000000,11.22,11.3,11.22,11.3,390,0
DAT,D,20140805,000000,11.3,11.3,11,11,4460,0
DAT,D,20140806,000000,11,11.01,11,11,1050,0
DAT,D,20140807,000000,11.3,11.48,11,11,691,0
DAT,D,20140808,000000,11.2,11.2,11.2,11.2,249,0
DAT,D,20140811,000000,11.19,11.45,10.86,10.86,400,0
DAT,D,20140812,000000,11.45,11.45,11.44,11.45,430,0
DAT,D,20140813,000000,11.3,11.37,10.45,11.2,2252,0
DAT,D,20140814,000000,11.28,11.28,10.81,10.81,1290,0
DAT,D,20140818,000000,11.29,11.29,11,11,4466,0
DAT,D,20140819,000000,11.45,11.45,11.44,11.44,180,0
DAT,D,20140820,000000,11.39,11.39,11,11,2091,0
DAT,D,20140821,000000,11.11,11.35,11,11.25,6131,0
DAT,D,20140822,000000,11.24,11.24,10.86,11,6851,0
DAT,D,20140825,000000,11.19,11.19,11.19,11.19,400,0
DAT,D,20140826,000000,11.18,11.18,10.9,10.99,865,0
DAT,D,20140827,000000,10.9,10.9,10.61,10.61,2025,0
DAT,D,20140828,000000,10.9,10.91,10.8,10.8,1600,0
DAT,D,20140829,000000,10.84,10.84,10.6,10.73,1970,0
DAT,D,20140901,000000,10.71,10.77,10.7,10.7,1810,0
DAT,D,20140903,000000,10.59,10.77,10.59,10.72,81,0
DAT,D,20140904,000000,10.5,10.5,10.5,10.5,100,0
DAT,D,20140905,000000,11,11,10.5,11,460,0
DAT,D,20140908,000000,11.17,11.17,10.51,10.51,118,0
DAT,D,20140909,000000,11.12,11.12,11.1,11.1,210,0
DAT,D,20140910,000000,11.14,11.49,11.14,11.48,6229,0
DAT,D,20140911,000000,11.2,11.3,10.99,11,5120,0
DAT,D,20140912,000000,11.15,11.15,11,11,400,0
DAT,D,20140915,000000,11.2,11.29,11.02,11.22,4288,0
DAT,D,20140916,000000,11.22,11.35,11.22,11.34,2400,0
DAT,D,20140917,000000,11.1,11.33,11,11,2106,0
DAT,D,20140918,000000,11.1,11.32,11,11.32,1310,0
DAT,D,20140919,000000,11,11,11,11,300,0
DAT,D,20140922,000000,11.22,11.22,11,11,700,0
DAT,D,20140923,000000,11,11.59,10.95,11.59,3817,0
DAT,D,20140924,000000,11.58,12.68,11.09,12.5,4104,0
DAT,D,20140925,000000,12.5,12.5,12.1,12.1,1060,0
DAT,D,20140926,000000,12.5,12.55,12.03,12.03,2530,0
DAT,D,20140929,000000,12.48,12.48,12.48,12.48,100,0
DAT,D,20140930,000000,12.5,12.92,12.5,12.92,550,0
DAT,D,20141001,000000,12.9,12.9,12.88,12.88,1206,0
DAT,D,20141003,000000,12.06,12.5,12.05,12.5,2140,0
DAT,D,20141006,000000,12.02,12.02,12.02,12.02,200,0
DAT,D,20141008,000000,11.63,11.63,11.63,11.63,1,0
DAT,D,20141009,000000,12.19,12.19,11.7,12.18,203,0
DAT,D,20141010,000000,12.09,12.18,12.09,12.18,620,0
DAT,D,20141013,000000,12.1,12.1,12.1,12.1,200,0
DAT,D,20141014,000000,11.83,11.83,11.8,11.8,857,0
DAT,D,20141015,000000,11.12,11.4,11.12,11.4,570,0
DAT,D,20141017,000000,11.98,11.98,11.98,11.98,10,0
DAT,D,20141021,000000,11.31,11.31,11.3,11.3,450,0
DAT,D,20141022,000000,11.78,12.9,11.78,12.9,1150,0
DAT,D,20141023,000000,12.99,12.99,12.97,12.97,140,0
DAT,D,20141024,000000,13.45,13.45,13.45,13.45,100,0
DAT,D,20141027,000000,13.39,13.4,12.4,12.4,731,0
DAT,D,20141028,000000,12.4,13,12.01,13,150,0
DAT,D,20141029,000000,12.3,12.3,12.3,12.3,1,0
DAT,D,20141030,000000,12.94,12.95,12.94,12.95,500,0
DAT,D,20141031,000000,12.94,12.94,12.94,12.94,359,0
DAT,D,20141103,000000,12.92,12.92,12.92,12.92,300,0
DAT,D,20141104,000000,12.01,12.01,12.01,12.01,250,0
DAT,D,20141105,000000,12.02,12.02,12,12,1414,0
DAT,D,20141106,000000,12,12,11.96,12,1180,0
DAT,D,20141107,000000,12.15,12.15,11.76,12,1085,0
DAT,D,20141110,000000,12,12,12,12,20,0
DAT,D,20141112,000000,11.78,11.78,11.7,11.7,956,0
DAT,D,20141113,000000,11.6,12.4,11.56,12,845,0
DAT,D,20141114,000000,12,12,12,12,315,0
DAT,D,20141118,000000,12,12,11.51,11.99,615,0
DAT,D,20141119,000000,11.48,11.48,11.35,11.4,343,0
DAT,D,20141120,000000,11.26,11.26,11.2,11.2,400,0
DAT,D,20141121,000000,11.97,11.97,11.97,11.97,25,0
DAT,D,20141124,000000,11.97,11.97,11.25,11.5,1306,0
DAT,D,20141125,000000,11.5,12.4,11.5,12.4,100,0
DAT,D,20141127,000000,12.2,12.47,12.2,12.47,670,0
DAT,D,20141128,000000,12.44,12.44,12.44,12.44,500,0
DAT,D,20141201,000000,12.39,12.39,12.39,12.39,200,0
DAT,D,20141202,000000,12.26,12.5,12.26,12.5,1435,0
DAT,D,20141203,000000,12.49,12.49,12.02,12.02,230,0
DAT,D,20141204,000000,12,12.39,11.95,12.39,694,0
DAT,D,20141208,000000,12.37,12.37,12.35,12.36,1580,0
DAT,D,20141210,000000,12,12.34,11.8,12.33,801,0
DAT,D,20141211,000000,11.8,12.33,11.8,12,200,0
DAT,D,20141215,000000,12,12,12,12,282,0
DAT,D,20141216,000000,11.88,11.99,11.8,11.99,343,0
DAT,D,20141219,000000,11.6,12,11.51,12,346,0
DAT,D,20141222,000000,12.09,12.2,12.09,12.2,2000,0
DAT,D,20141223,000000,12,12,12,12,200,0
DAT,D,20141229,000000,11.6,12.18,11.53,12.18,301,0
DAT,D,20141230,000000,11.54,12.16,11.54,12.16,190,0
DAT,D,20150102,000000,12.2,12.49,11.5,12.49,3781,0
DAT,D,20150105,000000,12.2,12.5,12.2,12.2,223,0
DAT,D,20150107,000000,13.1,16,13.1,16,11903,0
DAT,D,20150108,000000,16,19.2,15.99,19,12709,0
DAT,D,20150109,000000,18.2,20,18,19,1865,0
DAT,D,20150112,000000,18.42,18.7,17.99,18.5,1549,0
DAT,D,20150113,000000,18.31,19.45,18.31,18.33,1560,0
DAT,D,20150114,000000,18.35,18.8,18,18.8,5568,0
DAT,D,20150115,000000,18.8,18.99,18.8,18.99,110,0
DAT,D,20150116,000000,18.99,18.99,18.05,18.99,241,0
DAT,D,20150119,000000,18.25,19,18.25,19,53,0
DAT,D,20150120,000000,19.2,23,19.2,23,2712,0
DAT,D,20150121,000000,24.19,24.5,21.15,21.15,1124,0
DAT,D,20150122,000000,22.4,23,21.43,23,441,0
DAT,D,20150123,000000,23,24.5,22.3,24.5,1181,0
DAT,D,20150126,000000,24.9,28.8,24.9,24.9,8935,0
DAT,D,20150127,000000,24.84,25.1,22.3,23.75,1093,0
DAT,D,20150128,000000,24.5,25,24.01,24.01,327,0
DAT,D,20150129,000000,25.5,25.5,25.5,25.5,120,0
DAT,D,20150130,000000,25.5,26,25.5,26,500,0
DAT,D,20150202,000000,26.48,26.7,25.22,26.2,1215,0
DAT,D,20150203,000000,24.7,27,24.7,27,539,0
DAT,D,20150204,000000,27,29.3,27,29.3,33499,0
DAT,D,20150205,000000,29.5,34.5,29.5,31.15,9886,0
DAT,D,20150206,000000,31,33,30.99,32.9,2302,0
DAT,D,20150209,000000,30,31.05,29.11,30,1190,0
DAT,D,20150210,000000,30,30,25.12,28,1873,0
DAT,D,20150211,000000,26,28,26,28,1018,0
DAT,D,20150212,000000,28,28,26.6,27.01,369,0
DAT,D,20150213,000000,27.98,27.98,24.9,25.06,2245,0
DAT,D,20150216,000000,25.25,28.5,25.25,28.5,1485,0
DAT,D,20150217,000000,28,30.5,28,30.5,2067,0
DAT,D,20150218,000000,30.5,31,29.9,30.5,1747,0
DAT,D,20150219,000000,30.03,31,30.03,31,2605,0
DAT,D,20150220,000000,31.25,31.9,30.16,31.49,1938,0
DAT,D,20150223,000000,31.5,31.5,28.75,31.5,4625,0
DAT,D,20150224,000000,31.51,32.59,30,31.9,2324,0
DAT,D,20150225,000000,30.33,30.53,30.02,30.5,2832,0
DAT,D,20150226,000000,30.96,30.96,30.01,30.51,2489,0
DAT,D,20150227,000000,31.5,45,31.5,42,16249,0
DAT,D,20150302,000000,45,54,45,52.8,10397,0
DAT,D,20150303,000000,55.1,58.04,47.75,48,6143,0
DAT,D,20150304,000000,47,47,40.7,44.85,6114,0
DAT,D,20150305,000000,44.85,53.48,44.85,49.51,3647,0
DAT,D,20150306,000000,50.05,51,47.75,51,2425,0
DAT,D,20150309,000000,51.45,51.5,49,49.1,941,0
DAT,D,20150310,000000,49.55,49.55,45.3,46.25,1656,0
DAT,D,20150311,000000,46.5,47.5,45.98,47.5,1946,0
DAT,D,20150312,000000,50,50,47.1,49.5,551,0
DAT,D,20150313,000000,50.44,51.5,47.51,50,1380,0
DAT,D,20150316,000000,49.02,50.1,49.02,50,295,0
DAT,D,20150317,000000,50.5,51,49.4,50,1115,0
DAT,D,20150318,000000,50.1,50.1,49.02,50.1,591,0
DAT,D,20150319,000000,50,50.01,49.12,50.01,645,0
DAT,D,20150320,000000,50.5,50.5,49.31,50.49,2092,0
DAT,D,20150323,000000,51,61,51,54.5,3114,0
DAT,D,20150324,000000,53.11,54.5,52.31,53,959,0
DAT,D,20150325,000000,53,54,52.35,52.36,940,0
DAT,D,20150326,000000,52,53.75,52,53,1342,0
DAT,D,20150327,000000,53,53,52,52.01,1199,0
DAT,D,20150330,000000,53,53,47,50,1501,0
DAT,D,20150331,000000,49,49,42,45,2738,0
DAT,D,20150401,000000,46.22,49.12,45.75,48.99,668,0
DAT,D,20150402,000000,44.99,44.99,43,43,1896,0
DAT,D,20150407,000000,43.02,49,41,43.79,1017,0
DAT,D,20150408,000000,42,42.2,36.48,41.39,1264,0
DAT,D,20150409,000000,39.9,41.9,36.5,38.99,530,0
DAT,D,20150410,000000,38.99,48.01,38.99,48.01,2182,0
DAT,D,20150413,000000,47.31,49,47.16,47.16,1627,0
DAT,D,20150414,000000,48,48.45,47,47.48,580,0
DAT,D,20150415,000000,47,47.19,45.12,47.19,648,0
DAT,D,20150416,000000,47.19,47.49,45.2,47.4,480,0
DAT,D,20150417,000000,46,47.35,46,47.35,365,0
DAT,D,20150420,000000,46,47.35,46,46.5,385,0
DAT,D,20150421,000000,46.99,47,46.12,46.12,805,0
DAT,D,20150422,000000,46.89,47,46.89,47,856,0
DAT,D,20150423,000000,46.21,46.99,46.21,46.33,550,0
DAT,D,20150424,000000,47.46,47.5,45.99,47.3,481,0
DAT,D,20150427,000000,48,54.5,47.42,50.2,2588,0
DAT,D,20150428,000000,50.2,50.5,50,50,481,0
DAT,D,20150429,000000,50.34,50.35,50.34,50.35,46,0
DAT,D,20150430,000000,50.29,50.3,50.29,50.3,50,0
DAT,D,20150504,000000,50.34,50.35,50,50,274,0
DAT,D,20150505,000000,50.49,50.5,50.2,50.2,637,0
DAT,D,20150506,000000,50,52.5,50,51,1945,0
DAT,D,20150507,000000,51.5,52,50,51.48,439,0
DAT,D,20150508,000000,49.1,53.45,49.1,53.45,672,0
DAT,D,20150511,000000,52.65,52.65,51.04,52.65,92,0
DAT,D,20150512,000000,51.5,51.6,46,49.5,594,0
DAT,D,20150513,000000,49.5,49.5,49.38,49.39,375,0
DAT,D,20150514,000000,49,49,49,49,24,0
DAT,D,20150515,000000,49.1,51,47,49.89,530,0
DAT,D,20150518,000000,49.98,49.98,47,48.5,177,0
DAT,D,20150519,000000,47,49.49,40,47.5,636,0
DAT,D,20150520,000000,47.5,47.5,40.01,44.8,243,0
DAT,D,20150521,000000,44.8,47.99,40,47.99,668,0
DAT,D,20150522,000000,46,49.47,46,49.47,522,0
DAT,D,20150525,000000,40.05,47.3,40.05,47,188,0
DAT,D,20150526,000000,44.19,47.3,40.08,47.3,390,0
DAT,D,20150527,000000,47.3,49.19,44.5,44.5,193,0
DAT,D,20150528,000000,44.48,48.99,42.5,47,561,0
DAT,D,20150601,000000,46.99,46.99,46.5,46.99,1544,0
DAT,D,20150602,000000,46.99,49.49,46.99,49.2,1121,0
DAT,D,20150603,000000,49.1,50.95,48,49.9,1332,0
DAT,D,20150605,000000,49.89,50.94,49.7,50.9,1127,0
DAT,D,20150608,000000,50.89,52,48.38,50,974,0
DAT,D,20150609,000000,47.51,50.9,47.51,50.9,1338,0
DAT,D,20150610,000000,50.95,50.96,48.8,50,594,0
DAT,D,20150611,000000,50,50.55,48.53,49,731,0
DAT,D,20150612,000000,52,52.01,51,52,2156,0
DAT,D,20150615,000000,52,61,50,55.5,3095,0
DAT,D,20150616,000000,55.6,60,55.6,60,864,0
DAT,D,20150617,000000,59.99,62,54.89,56,394,0
DAT,D,20150618,000000,56,58.98,56,57.49,1756,0
DAT,D,20150619,000000,58,64,58,63.5,2866,0
DAT,D,20150622,000000,63.5,64,59.12,59.12,1205,0
DAT,D,20150623,000000,59.08,60,58.03,59,130,0
DAT,D,20150624,000000,59,59,59,59,28,0
DAT,D,20150625,000000,59,60.9,59,60.9,828,0
DAT,D,20150626,000000,61.99,61.99,58.51,59.99,177,0
DAT,D,20150629,000000,58,58,53.03,58,1383,0
DAT,D,20150630,000000,56,56,56,56,194,0
DAT,D,20150701,000000,56,57,55,56,451,0
DAT,D,20150702,000000,54.2,54.2,53,54,389,0
DAT,D,20150703,000000,53.03,54,53,53.6,725,0
DAT,D,20150706,000000,53,53,52,52,239,0
DAT,D,20150707,000000,52.5,54,52,52.5,980,0
DAT,D,20150708,000000,54,55.7,52,55.7,1015,0
DAT,D,20150709,000000,55,55,55,55,99,0
DAT,D,20150710,000000,54,55,53.51,55,172,0
DAT,D,20150713,000000,54.01,59.9,54.01,59.9,2102,0
DAT,D,20150714,000000,59.99,61,59.8,59.8,593,0
DAT,D,20150715,000000,60,60.1,60,60.1,219,0
DAT,D,20150716,000000,59.2,59.8,59.2,59.8,242,0
DAT,D,20150717,000000,59.8,59.8,59.8,59.8,100,0
DAT,D,20150721,000000,58,59,56.5,56.54,250,0
DAT,D,20150722,000000,57,57,56.5,56.5,562,0
DAT,D,20150723,000000,56.99,57,56.99,57,235,0
DAT,D,20150724,000000,58,60.2,58,59,657,0
DAT,D,20150727,000000,57,60,57,60,573,0
DAT,D,20150728,000000,60,60,60,60,354,0
DAT,D,20150729,000000,59,60.45,59,59,339,0
DAT,D,20150730,000000,59,59,59,59,151,0
DAT,D,20150731,000000,59,59,59,59,91,0
DAT,D,20150803,000000,60,62.99,59.05,62,387,0
DAT,D,20150804,000000,61.03,68.26,60.01,60.1,714,0
DAT,D,20150805,000000,62,63,62,63,102,0
DAT,D,20150806,000000,62.01,64.29,60,60.51,946,0
DAT,D,20150807,000000,60.6,64.48,60.6,64,517,0
DAT,D,20150810,000000,63,63,62,62.1,136,0
DAT,D,20150811,000000,64.99,64.99,64,64,21,0
DAT,D,20150812,000000,60.6,61.6,60.6,61,244,0
DAT,D,20150813,000000,62.5,62.5,57,57,1672,0
DAT,D,20150817,000000,59.5,61.99,54.05,54.05,1206,0
DAT,D,20150818,000000,60,60,56,56.5,497,0
DAT,D,20150819,000000,58,58,58,58,38,0
DAT,D,20150820,000000,55.5,57.9,54,57.9,808,0
DAT,D,20150821,000000,54,58,54,56,932,0
DAT,D,20150824,000000,56,56,52.5,53,1314,0
DAT,D,20150825,000000,53,55.1,53,54.01,861,0
DAT,D,20150826,000000,55,55.1,55,55,610,0
DAT,D,20150827,000000,54.8,55,54.5,55,112,0
DAT,D,20150828,000000,56,57,55,55.01,453,0
DAT,D,20150831,000000,55.01,57,55,55.01,428,0
DAT,D,20150901,000000,54.03,54.03,53.02,53.02,310,0
DAT,D,20150902,000000,55,56.2,55,56.2,21,0
DAT,D,20150903,000000,54.01,54.5,54,54.5,97,0
DAT,D,20150904,000000,54.99,54.99,54,54,60,0
DAT,D,20150907,000000,53,55,53,55,78,0
DAT,D,20150908,000000,53,54.94,53,54.94,72,0
DAT,D,20150909,000000,52.5,52.6,52.11,52.11,129,0
DAT,D,20150910,000000,53,53,52,52,105,0
DAT,D,20150911,000000,52,52,49,50.5,1359,0
DAT,D,20150914,000000,49,50.5,49,50.5,21,0
DAT,D,20150915,000000,49,49.02,47.9,47.9,886,0
DAT,D,20150916,000000,47.5,49.39,46,49.39,482,0
DAT,D,20150917,000000,49.39,49.39,46.01,46.01,2718,0
DAT,D,20150918,000000,48.99,48.99,47,47.2,431,0
DAT,D,20150921,000000,48.99,49,48.99,49,130,0
DAT,D,20150922,000000,50,50.52,48.21,50.52,675,0
DAT,D,20150923,000000,48.6,50.39,48.5,48.5,881,0
DAT,D,20150924,000000,50.39,50.39,48,48,169,0
DAT,D,20150925,000000,47.65,47.65,47.65,47.65,10,0
DAT,D,20150928,000000,49.97,49.97,41.85,44.99,1062,0
DAT,D,20150929,000000,44,44,42.1,42.1,263,0
DAT,D,20150930,000000,44.55,44.98,44.55,44.98,330,0
DAT,D,20151001,000000,44,44,44,44,38,0
DAT,D,20151002,000000,43,44.6,43,44.6,177,0
DAT,D,20151005,000000,49.97,49.97,44.5,47.29,44,0
DAT,D,20151006,000000,45,45,44,44,263,0
DAT,D,20151007,000000,44.01,45.99,44,45.99,150,0
DAT,D,20151008,000000,44.6,44.99,44,44,184,0
DAT,D,20151009,000000,43,44.99,42.5,44.99,133,0
DAT,D,20151012,000000,44.5,44.5,43.5,43.55,485,0
DAT,D,20151013,000000,44,44,43.5,43.6,92,0
DAT,D,20151014,000000,42.6,43.99,42,43.99,95,0
DAT,D,20151015,000000,42,43.99,42,43.99,166,0
DAT,D,20151016,000000,43,43.99,43,43.2,434,0
DAT,D,20151019,000000,42.1,42.5,40.91,41.99,799,0
DAT,D,20151020,000000,40.2,41.92,39,40.99,1269,0
DAT,D,20151021,000000,41,41.8,39.95,39.95,1948,0
DAT,D,20151022,000000,39.1,40.9,38,40.88,3261,0
DAT,D,20151023,000000,38.53,40.98,38.5,40.98,1380,0
DAT,D,20151026,000000,40.88,40.88,39.49,39.9,1083,0
DAT,D,20151027,000000,40,40.94,39.5,39.5,1897,0
DAT,D,20151028,000000,39.5,41,39.5,41,4536,0
DAT,D,20151029,000000,41,41.48,39.5,41.48,2785,0
DAT,D,20151030,000000,40,41,40,41,829,0
DAT,D,20151102,000000,40.49,40.49,40,40.48,3434,0
DAT,D,20151103,000000,40.49,40.96,40,40.96,1279,0
DAT,D,20151104,000000,40.49,40.5,40.01,40.49,3534,0
DAT,D,20151105,000000,40,40.02,39.51,39.51,509,0
DAT,D,20151106,000000,40,40,39,39,591,0
DAT,D,20151109,000000,38.4,38.5,32.01,37.5,948,0
DAT,D,20151110,000000,37.5,38.48,37.5,37.5,1296,0
DAT,D,20151112,000000,37.5,37.8,36,37.8,170,0
DAT,D,20151113,000000,36,40.99,35.5,38.5,294,0
DAT,D,20151116,000000,36.9,38.49,32.5,34.5,859,0
DAT,D,20151117,000000,34.65,36.22,34.65,36.22,224,0
DAT,D,20151118,000000,35.75,35.9,35.01,35.9,99,0
DAT,D,20151119,000000,35.89,35.89,35.89,35.89,290,0
DAT,D,20151120,000000,35,35.9,35,35.9,273,0
DAT,D,20151123,000000,36.01,37,36,36.5,2772,0
DAT,D,20151124,000000,36,36,34.58,34.97,6108,0
DAT,D,20151125,000000,34.5,34.59,34.01,34.59,211,0
DAT,D,20151126,000000,35,36.22,34.99,35.8,606,0
DAT,D,20151127,000000,34.5,35.7,34.1,35.64,804,0
DAT,D,20151130,000000,33.16,34.11,33,34.11,1170,0
DAT,D,20151201,000000,34,34,29.99,29.99,3305,0
DAT,D,20151202,000000,30,30.1,28.01,28.2,4171,0
DAT,D,20151203,000000,28.3,30.98,28.03,29.7,3504,0
DAT,D,20151204,000000,29.5,29.5,26,26.79,5699,0
DAT,D,20151207,000000,27.8,27.8,22.25,22.25,4884,0
DAT,D,20151208,000000,22.49,22.49,20.5,21.9,4901,0
DAT,D,20151209,000000,22.56,26.49,22.56,26.49,1691,0
DAT,D,20151210,000000,28.5,30.99,26.56,30.99,1418,0
DAT,D,20151211,000000,32.25,34.85,30,34.35,2039,0
DAT,D,20151214,000000,34.49,34.49,33,34.49,4218,0
DAT,D,20151215,000000,34.49,34.89,33.5,34.89,4416,0
DAT,D,20151216,000000,35.59,36.19,35.59,36.19,2297,0
DAT,D,20151217,000000,38.47,38.99,37.98,38.99,3631,0
DAT,D,20151218,000000,38.99,39.15,36.5,39.14,2265,0
DAT,D,20151221,000000,38.99,38.99,34,35.95,3723,0
DAT,D,20151222,000000,35.5,36.99,35,36.99,5105,0
DAT,D,20151223,000000,37.08,37.48,35,37.48,3029,0
DAT,D,20151228,000000,37.47,40.15,37.47,40.15,3574,0
DAT,D,20151229,000000,40,40.78,39.5,40.78,6141,0
DAT,D,20151230,000000,40.78,40.78,39,40,8399,0
DAT,D,20160104,000000,39.9,39.9,38,38,89,0
DAT,D,20160105,000000,38,38,34,36,239,0
DAT,D,20160107,000000,35.98,35.98,34.5,34.5,254,0
DAT,D,20160108,000000,34.5,34.89,34.5,34.89,36,0
DAT,D,20160111,000000,34.38,34.38,34.38,34.38,30,0
DAT,D,20160112,000000,33.34,33.34,27.1,33,650,0
DAT,D,20160113,000000,30,30,30,30,5,0
DAT,D,20160114,000000,31.5,31.5,31,31.5,699,0
DAT,D,20160115,000000,30,31.5,30,31.5,169,0
DAT,D,20160118,000000,30,30.8,30,30.8,285,0
DAT,D,20160119,000000,30.79,30.79,30.79,30.79,110,0
DAT,D,20160120,000000,30.74,30.74,30.74,30.74,100,0
DAT,D,20160122,000000,30.77,31.4,30.77,31.34,900,0
DAT,D,20160126,000000,31.48,31.48,31.48,31.48,44,0
DAT,D,20160128,000000,31.49,31.49,31.49,31.49,88,0
DAT,D,20160129,000000,30,31.49,30,31.37,159,0
DAT,D,20160201,000000,29.5,29.8,29.5,29.79,436,0
DAT,D,20160202,000000,29.79,29.79,29.79,29.79,130,0
DAT,D,20160203,000000,29.2,29.2,28.01,29,697,0
DAT,D,20160204,000000,29,29.08,28.15,28.15,463,0
DAT,D,20160205,000000,29.7,29.7,29.49,29.49,58,0
DAT,D,20160208,000000,29.45,29.45,28.01,29,160,0
DAT,D,20160211,000000,28,28,27.7,27.7,300,0
DAT,D,20160212,000000,27.95,27.95,27.95,27.95,1,0
DAT,D,20160215,000000,26.6,27.3,26.55,27.3,339,0
DAT,D,20160216,000000,28,28.85,28,28,88,0
DAT,D,20160217,000000,28.87,28.87,28.87,28.87,71,0
DAT,D,20160218,000000,28.5,29.5,28.5,29.5,579,0
DAT,D,20160219,000000,29.48,29.48,28.5,29.35,1316,0
DAT,D,20160222,000000,29.43,29.43,29.43,29.43,1,0
DAT,D,20160223,000000,28.5,29,28.5,28.5,236,0
DAT,D,20160224,000000,28.99,29.45,28.99,29.45,1207,0
DAT,D,20160225,000000,28.8,29,28.5,29,572,0
DAT,D,20160226,000000,28.99,29,28.98,28.98,144,0
DAT,D,20160301,000000,28.98,29.45,28.98,29.45,130,0
DAT,D,20160302,000000,30.45,30.45,30.45,30.45,30,0
DAT,D,20160303,000000,30,30.45,29.06,30.45,115,0
DAT,D,20160304,000000,30.48,35,28.51,32.01,1020,0
DAT,D,20160307,000000,30.5,31.49,30.5,31.49,51,0
DAT,D,20160308,000000,31.7,31.7,31.7,31.7,1,0
DAT,D,20160309,000000,31.7,31.7,29.7,30.48,299,0
DAT,D,20160310,000000,29,29,29,29,304,0
DAT,D,20160311,000000,29.1,29.5,28.5,29.5,838,0
DAT,D,20160314,000000,29.5,29.5,28,29.36,670,0
DAT,D,20160315,000000,29.18,29.18,28.05,28.05,60,0
DAT,D,20160316,000000,29.23,29.23,28.5,28.5,53,0
DAT,D,20160317,000000,29.2,29.2,27.7,28.54,199,0
DAT,D,20160318,000000,28.5,28.54,28.5,28.54,115,0
DAT,D,20160321,000000,28.54,28.54,28.54,28.54,40,0
DAT,D,20160322,000000,28.54,28.54,25.18,28,1377,0
DAT,D,20160323,000000,29,29,29,29,10,0
DAT,D,20160324,000000,28.94,28.94,27,27.8,235,0
DAT,D,20160329,000000,27.8,28.13,27.8,28.13,95,0
DAT,D,20160330,000000,28.9,28.9,28.9,28.9,10,0
DAT,D,20160331,000000,27.81,28.85,27.2,27.2,853,0
DAT,D,20160401,000000,28.3,28.3,26,26.44,1719,0
DAT,D,20160404,000000,26.44,26.44,26.43,26.43,260,0
DAT,D,20160405,000000,26.44,27,25.7,27,1308,0
DAT,D,20160406,000000,27,27,26,26.7,1666,0
DAT,D,20160407,000000,26.7,26.7,26,26.7,2453,0
DAT,D,20160408,000000,26.7,26.7,25.5,26.4,640,0
DAT,D,20160411,000000,26.4,26.4,25,25.72,2321,0
DAT,D,20160412,000000,26.39,26.39,24,24,1476,0
DAT,D,20160413,000000,24,24.66,23,23.92,4584,0
DAT,D,20160414,000000,23.05,23.9,22.05,22.75,1496,0
DAT,D,20160415,000000,22.03,22.86,21.8,22.04,2768,0
DAT,D,20160418,000000,22.56,22.56,18.7,18.9,14162,0
DAT,D,20160419,000000,19,20.4,18.5,18.85,7001,0
DAT,D,20160420,000000,18.89,19.63,15.6,15.6,8924,0
DAT,D,20160421,000000,16.9,18.53,16.9,17.24,5847,0
DAT,D,20160422,000000,17.25,17.84,16.4,17.05,5870,0
DAT,D,20160425,000000,17.11,18.78,17.05,18.34,6412,0
DAT,D,20160426,000000,18.65,18.65,17,18.34,3826,0
DAT,D,20160427,000000,17.95,18.32,15.3,16.06,10394,0
DAT,D,20160428,000000,16.05,17.98,16,16.19,3797,0
DAT,D,20160429,000000,16.57,16.58,15.8,16.35,1601,0
DAT,D,20160502,000000,16.58,18.34,16.2,17.57,10172,0
DAT,D,20160504,000000,18.2,18.2,17,17.81,3049,0
DAT,D,20160505,000000,17.82,18.29,17.01,18.29,3157,0
DAT,D,20160506,000000,17.74,18,17.01,17.84,2968,0
DAT,D,20160509,000000,17.84,18.2,17.4,17.84,3597,0
DAT,D,20160510,000000,17.69,17.83,17.69,17.83,300,0
DAT,D,20160511,000000,17.83,18.1,16.51,17.2,3179,0
DAT,D,20160512,000000,16.41,17.1,16.1,16.99,2220,0
DAT,D,20160513,000000,16.25,17.6,15.99,16.47,2288,0
DAT,D,20160516,000000,16.47,18,16.14,16.76,5552,0
DAT,D,20160517,000000,16.76,16.78,15.96,16.68,3667,0
DAT,D,20160518,000000,16.68,16.68,14.9,15.21,4978,0
DAT,D,20160519,000000,15,15.88,14.69,15.24,3177,0
DAT,D,20160520,000000,15.25,17.5,13.05,17.5,18095,0
DAT,D,20160523,000000,17.5,17.5,14.1,14.9,17272,0
DAT,D,20160524,000000,16.2,16.2,14.76,15.7,12562,0
DAT,D,20160525,000000,15.7,17,15.61,16.36,4863,0
DAT,D,20160527,000000,16.89,17.49,16.5,17.47,9061,0
DAT,D,20160530,000000,17.47,17.47,16.39,17.09,1436,0
DAT,D,20160531,000000,17.09,18,16.9,17.93,3737,0
DAT,D,20160601,000000,17.77,17.99,16.32,17.99,6670,0
DAT,D,20160602,000000,17.91,19.9,17.2,19.6,10378,0
DAT,D,20160603,000000,19.6,20.9,18.8,19.8,4779,0
DAT,D,20160606,000000,18.91,19.5,17.8,18.66,4541,0
DAT,D,20160607,000000,18.6,19.15,17.8,18.58,1520,0
DAT,D,20160608,000000,18.6,18.89,18,18.73,2241,0
DAT,D,20160609,000000,18.6,18.6,18.49,18.49,233,0
DAT,D,20160610,000000,18.49,18.49,17.86,17.86,821,0
DAT,D,20160613,000000,17.83,17.83,16.4,16.78,3595,0
DAT,D,20160614,000000,16.78,18.99,15.6,18.8,2813,0
DAT,D,20160615,000000,17.05,18.59,17.05,18.59,1720,0
DAT,D,20160616,000000,18.37,18.37,16.5,17.8,3174,0
DAT,D,20160617,000000,17.5,17.82,16.5,17.5,1485,0
DAT,D,20160620,000000,17.5,17.5,16.1,17.45,1882,0
DAT,D,20160621,000000,17.05,17.05,17,17,32,0
DAT,D,20160622,000000,17,17.79,17,17.76,560,0
DAT,D,20160623,000000,17.57,18.58,17.57,18.34,594,0
DAT,D,20160624,000000,15,18,15,17.4,2425,0
DAT,D,20160627,000000,17.8,18.49,17.43,17.99,4313,0
DAT,D,20160628,000000,17.95,17.95,17.16,17.85,53,0
DAT,D,20160629,000000,17.9,17.9,17,17.85,2080,0
DAT,D,20160630,000000,17.84,17.84,17.84,17.84,2,0
DAT,D,20160701,000000,17.79,17.8,16.5,17.8,633,0
DAT,D,20160704,000000,17.79,17.79,17,17.7,1058,0
DAT,D,20160705,000000,17.79,17.79,17.76,17.76,132,0
DAT,D,20160706,000000,17.76,17.79,17.5,17.69,496,0
DAT,D,20160707,000000,17.5,18.75,17.1,18.38,2219,0
DAT,D,20160708,000000,18.38,18.38,18,18,13,0
DAT,D,20160711,000000,18.05,18.9,17.71,18.8,1225,0
DAT,D,20160712,000000,18.32,20,18.32,19.93,1908,0
DAT,D,20160713,000000,19.98,20.85,19,20.35,3915,0
DAT,D,20160714,000000,19.61,20.57,19.61,20.56,356,0
DAT,D,20160715,000000,20.4,20.85,20,20.67,900,0
DAT,D,20160718,000000,20.88,20.89,20.4,20.4,763,0
DAT,D,20160719,000000,20.99,21.42,19,19.83,3838,0
DAT,D,20160720,000000,20.8,20.8,19.5,19.83,112,0
DAT,D,20160721,000000,20,20,19.05,19.06,212,0
DAT,D,20160722,000000,19.74,19.74,18.45,19.41,3143,0
DAT,D,20160725,000000,19.78,20.2,19,19.71,5371,0
DAT,D,20160726,000000,19.71,21.1,19.25,19.7,1497,0
DAT,D,20160727,000000,20.1,20.1,19.56,20,260,0
DAT,D,20160728,000000,20,21,19.9,20.26,2727,0
DAT,D,20160729,000000,20.45,20.45,19.3,20,3437,0
DAT,D,20160801,000000,19.95,19.95,19.3,19.69,143,0
DAT,D,20160802,000000,19.62,20.08,19,20.08,1303,0
DAT,D,20160803,000000,19.7,19.7,19.05,19.5,210,0
DAT,D,20160804,000000,19.5,19.5,18.58,19.44,734,0
DAT,D,20160805,000000,19.4,19.48,18.7,18.71,645,0
DAT,D,20160808,000000,19,20,19,19.72,1883,0
DAT,D,20160809,000000,19.73,20.01,19.5,19.97,2105,0
DAT,D,20160810,000000,20.1,20.1,19,19,525,0
DAT,D,20160811,000000,19.58,19.6,19.58,19.6,391,0
DAT,D,20160812,000000,19.62,20.05,19,19.5,3897,0
DAT,D,20160816,000000,18,19.5,18,18.99,2591,0
DAT,D,20160817,000000,18.99,19.15,18.41,19.15,1690,0
DAT,D,20160818,000000,19,19,18,18.4,3924,0
DAT,D,20160819,000000,18.4,18.4,18,18.34,770,0
DAT,D,20160822,000000,18.34,18.35,17.7,18,774,0
DAT,D,20160823,000000,18,18.33,17.81,18.33,285,0
DAT,D,20160824,000000,18.45,18.45,18.02,18.02,1258,0
DAT,D,20160825,000000,18.45,18.5,18.44,18.5,340,0
DAT,D,20160826,000000,18.88,19.49,18.88,19,2352,0
DAT,D,20160829,000000,19,19.9,19,19.6,3085,0
DAT,D,20160830,000000,19.9,20.48,19.61,20.47,13081,0
DAT,D,20160831,000000,20.65,26.81,20.25,26.81,16763,0
DAT,D,20160901,000000,26.83,28.34,21.5,24.05,6911,0
DAT,D,20160902,000000,23.92,25.95,23.92,25,2765,0
DAT,D,20160905,000000,24.1,25.18,23.03,25,2510,0
DAT,D,20160906,000000,24.9,24.98,24.03,24.95,568,0
DAT,D,20160907,000000,24.5,25,24.5,24.53,2411,0
DAT,D,20160908,000000,24.95,26.3,24.53,26,4193,0
DAT,D,20160909,000000,26.25,26.5,26,26.5,4325,0
DAT,D,20160912,000000,26.9,28.33,26.44,28.33,5330,0
DAT,D,20160913,000000,29,31.95,29,31.8,17944,0
DAT,D,20160914,000000,31.8,32.54,30.8,30.8,9649,0
DAT,D,20160915,000000,30.8,31.48,27.5,29.5,2349,0
DAT,D,20160916,000000,30.1,30.1,28.72,29.5,1797,0
DAT,D,20160919,000000,30.95,30.95,28.8,28.8,472,0
DAT,D,20160920,000000,29.7,29.7,27.5,28,1566,0
DAT,D,20160921,000000,28,30.33,28,30.33,299,0
DAT,D,20160922,000000,30.75,32.11,30.61,31.11,1804,0
DAT,D,20160923,000000,31.95,31.95,31,31.5,802,0
DAT,D,20160926,000000,31.5,31.5,30.61,31.49,566,0
DAT,D,20160927,000000,31.49,31.5,31.01,31.2,547,0
DAT,D,20160928,000000,31.21,33.78,31.21,33.78,2273,0
DAT,D,20160929,000000,33.95,36.89,33.95,35.8,5227,0
DAT,D,20160930,000000,34.3,35.9,33.8,34.7,4566,0
DAT,D,20161003,000000,33.4,33.8,31.5,33.2,2721,0
DAT,D,20161004,000000,33.35,33.35,31.5,32.53,641,0
DAT,D,20161005,000000,30.51,31.86,29.99,29.99,2769,0
DAT,D,20161006,000000,29.99,30.94,29,29.91,1355,0
DAT,D,20161007,000000,29.9,29.9,27.38,29.18,761,0
DAT,D,20161010,000000,27.9,27.9,25.55,26.99,1344,0
DAT,D,20161011,000000,26.99,29.4,26.1,29.4,1743,0
DAT,D,20161012,000000,29,29,28,28.32,141,0
DAT,D,20161013,000000,28.3,28.3,27,27.81,104,0
DAT,D,20161014,000000,26.5,28.13,26.5,27.4,596,0
DAT,D,20161017,000000,28.34,28.34,26.25,26.25,1099,0
DAT,D,20161018,000000,26.1,27.45,26.01,26.5,770,0
DAT,D,20161019,000000,27.2,27.3,25.5,27,1334,0
DAT,D,20161020,000000,27.1,27.1,26.2,26.76,123,0
DAT,D,20161021,000000,27.3,29.3,26.5,27.29,922,0
DAT,D,20161024,000000,27.29,29.18,27.29,29.15,1315,0
DAT,D,20161025,000000,29.14,29.15,28.2,29.14,1931,0
DAT,D,20161026,000000,29,29,27.85,28.6,566,0
DAT,D,20161027,000000,29.15,29.15,29,29,12,0
DAT,D,20161028,000000,29,29,29,29,27,0
DAT,D,20161031,000000,29.15,29.15,24.98,26.99,3045,0
DAT,D,20161102,000000,27.28,28.95,27.2,27.92,663,0
DAT,D,20161103,000000,27.5,27.5,27,27,199,0
DAT,D,20161104,000000,25.5,27.04,25.5,25.5,1480,0
DAT,D,20161107,000000,26.96,26.96,25,26.59,506,0
DAT,D,20161108,000000,26.5,26.5,26.49,26.5,501,0
DAT,D,20161109,000000,26.5,26.5,25.72,26,492,0
DAT,D,20161110,000000,26.5,27.94,25.51,27.94,1082,0
DAT,D,20161114,000000,27.49,28.4,26,27.29,2935,0
DAT,D,20161115,000000,27.29,27.29,26,26.76,593,0
DAT,D,20161116,000000,28,28,26.01,27,760,0
DAT,D,20161117,000000,25.51,27,25.51,27,1084,0
DAT,D,20161118,000000,28,28,26,27,54,0
DAT,D,20161121,000000,26.02,27.29,26.02,27,575,0
DAT,D,20161122,000000,27,27.71,27,27.3,1148,0
DAT,D,20161123,000000,27.5,28,27,27.44,1628,0
DAT,D,20161124,000000,27,27,26.02,26.67,2114,0
DAT,D,20161125,000000,26.62,27.81,26.01,26.98,928,0
DAT,D,20161128,000000,27.2,32.64,27.01,31.23,10414,0
DAT,D,20161129,000000,31.31,38,31.31,38,16187,0
DAT,D,20161130,000000,38.82,38.84,33.91,33.91,4690,0
DAT,D,20161201,000000,34,35.69,34,35.6,970,0
DAT,D,20161202,000000,35.8,35.8,35,35.3,721,0
DAT,D,20161205,000000,35.3,36.5,35.3,36.5,2692,0
DAT,D,20161206,000000,36.5,36.85,35.01,35.3,1289,0
DAT,D,20161207,000000,36,36,34.16,35,1853,0
DAT,D,20161208,000000,35,36,35,36,416,0
DAT,D,20161209,000000,36,36,33.1,34.63,6611,0
DAT,D,20161212,000000,33.5,33.59,31,31.55,5095,0
DAT,D,20161213,000000,31.23,34.11,30.8,30.98,3054,0
DAT,D,20161214,000000,30.98,31.49,30.1,30.5,5392,0
DAT,D,20161215,000000,30.96,32.7,30.96,32.01,223,0
DAT,D,20161216,000000,33,33,31.51,33,54,0
DAT,D,20161219,000000,33.7,33.7,31.51,32.98,442,0
DAT,D,20161220,000000,33,33,30.1,32.99,478,0
DAT,D,20161221,000000,33,33,30.17,31,771,0
DAT,D,20161222,000000,31.99,31.99,30.06,30.5,1002,0
DAT,D,20161223,000000,31.5,31.5,30.5,31,481,0
DAT,D,20161227,000000,31.1,33.59,31.1,33.49,3803,0
DAT,D,20161228,000000,33.39,33.39,31,31.01,1036,0
DAT,D,20161229,000000,31.05,33.4,31.05,32.95,1699,0
DAT,D,20161230,000000,31,33,31,33,8265,0
DAT,D,20170102,000000,35.9,35.9,32.1,32.78,1426,0
DAT,D,20170103,000000,32.79,33.47,32.3,33.45,923,0
DAT,D,20170104,000000,33.45,34.9,32.8,34.18,1452,0
DAT,D,20170105,000000,34.2,34.8,33.6,34.25,986,0
DAT,D,20170109,000000,34.8,34.8,34.22,34.22,197,0
DAT,D,20170110,000000,34.8,35.69,34.2,35.6,1074,0
DAT,D,20170111,000000,35.59,36.6,35.59,35.87,1224,0
DAT,D,20170112,000000,35.86,35.86,34.9,35.69,906,0
DAT,D,20170113,000000,34.9,35.4,34.6,34.99,335,0
DAT,D,20170116,000000,34.5,34.99,33.5,34.99,1049,0
DAT,D,20170117,000000,32.55,34.99,32.55,34.8,745,0
DAT,D,20170118,000000,33.5,34.98,33.5,34.98,955,0
DAT,D,20170119,000000,35.65,35.65,34,34.5,981,0
DAT,D,20170120,000000,35.09,35.09,34,34,495,0
DAT,D,20170123,000000,33,35.1,33,35.1,2487,0
DAT,D,20170124,000000,34.99,34.99,34,34.6,844,0
DAT,D,20170125,000000,34.6,34.6,33.06,34.56,577,0
DAT,D,20170126,000000,34.56,34.56,34,34.49,282,0
DAT,D,20170127,000000,34.49,34.49,33.5,33.54,158,0
DAT,D,20170130,000000,33,34.48,33,34.48,897,0
DAT,D,20170131,000000,34.47,34.47,33,34,1594,0
DAT,D,20170201,000000,34.45,34.45,33.88,34.4,186,0
DAT,D,20170202,000000,34.45,34.45,33,33,269,0
DAT,D,20170203,000000,33.59,33.59,32,32.05,561,0
DAT,D,20170206,000000,32.1,33,32.1,33,314,0
DAT,D,20170207,000000,33,33,32.1,32.1,174,0
DAT,D,20170208,000000,32.99,32.99,30,30.91,1569,0
DAT,D,20170209,000000,30.91,30.91,28.5,29.39,625,0
DAT,D,20170210,000000,29.39,30.44,29.39,30,432,0
DAT,D,20170213,000000,30.89,33.99,29.05,31.17,318,0
DAT,D,20170214,000000,31.18,33.5,29,31.5,1731,0
DAT,D,20170215,000000,31.5,32,29.52,31,966,0
DAT,D,20170216,000000,33.32,33.32,31.09,31.5,220,0
DAT,D,20170217,000000,33.45,33.45,29.5,31.8,551,0
DAT,D,20170220,000000,31.8,32.2,31.5,32.2,370,0
DAT,D,20170221,000000,32.2,33.06,31.6,31.6,879,0
DAT,D,20170222,000000,31.6,32.49,30.1,31,1028,0
DAT,D,20170223,000000,31.3,32.39,31,32,1280,0
DAT,D,20170224,000000,32,35,31.99,35,9266,0
DAT,D,20170227,000000,35,36.05,33.6,34.43,6096,0
DAT,D,20170228,000000,34.5,36,33.4,35,2012,0
DAT,D,20170301,000000,35.6,35.6,33,34,1984,0
DAT,D,20170302,000000,34.5,34.8,33,34.8,1254,0
DAT,D,20170303,000000,34.5,34.5,32,33.8,2444,0
DAT,D,20170306,000000,32.5,33.78,32.5,33.77,246,0
DAT,D,20170307,000000,33.77,33.77,32.21,33.7,340,0
DAT,D,20170308,000000,33.7,34.7,33.4,34.7,1179,0
DAT,D,20170309,000000,34.7,34.7,32.2,34.1,2113,0
DAT,D,20170310,000000,34.5,34.5,33,34.5,643,0
DAT,D,20170313,000000,34.64,35.4,34.5,35.4,4392,0
DAT,D,20170314,000000,35.6,37.45,35.6,36.6,19740,0
DAT,D,20170315,000000,37.26,38.1,36.5,37.4,5895,0
DAT,D,20170316,000000,37.99,37.99,36,36.9,970,0
DAT,D,20170317,000000,36.99,37.2,36.51,36.9,1198,0
DAT,D,20170320,000000,37,37.26,35.08,36.21,4621,0
DAT,D,20170321,000000,36.5,36.5,36.4,36.4,125,0
DAT,D,20170322,000000,36.4,36.4,34.45,35,1389,0
DAT,D,20170323,000000,35,35.6,34.1,35.6,627,0
DAT,D,20170324,000000,35.5,35.5,34.5,34.99,52,0
DAT,D,20170327,000000,34.99,34.99,33.37,33.99,1913,0
DAT,D,20170328,000000,33.99,34,33.39,33.41,2379,0
DAT,D,20170329,000000,33.99,33.99,33.33,33.99,807,0
DAT,D,20170330,000000,33.34,33.9,33.34,33.9,300,0
DAT,D,20170331,000000,33.99,34.64,33.38,34.64,691,0
DAT,D,20170403,000000,34.63,34.63,33.6,34,271,0
DAT,D,20170404,000000,34,34,33.01,34,729,0
DAT,D,20170405,000000,34,34,33,33.98,509,0
DAT,D,20170406,000000,33.99,33.99,31,33,1429,0
DAT,D,20170407,000000,32.9,32.9,32,32,342,0
DAT,D,20170410,000000,31.9,31.9,30.5,31,961,0
DAT,D,20170411,000000,30.5,33.88,29.55,30.8,1424,0
DAT,D,20170412,000000,30.9,30.9,30.9,30.9,50,0
DAT,D,20170413,000000,30.96,31.17,30,31.17,387,0
DAT,D,20170418,000000,30.5,31.1,30,30.5,630,0
DAT,D,20170419,000000,31.1,31.1,29.61,29.62,1040,0
DAT,D,20170420,000000,30.44,30.44,29,29,1270,0
DAT,D,20170421,000000,28.7,28.7,27,27,2704,0
DAT,D,20170424,000000,27.9,30,27,27.81,2717,0
DAT,D,20170425,000000,28.34,29.05,27.7,28.34,1006,0
DAT,D,20170426,000000,27.78,28.44,26.5,26.85,1333,0
DAT,D,20170427,000000,25.9,26.33,21,26,2882,0
DAT,D,20170428,000000,25.11,26.95,25.11,26.95,1165,0
DAT,D,20170502,000000,28,28,26.95,26.95,502,0
DAT,D,20170504,000000,26.32,27.29,25.8,26.24,1704,0
DAT,D,20170505,000000,26.15,26.15,26,26.15,529,0
DAT,D,20170508,000000,26,26.24,26,26.24,3,0
DAT,D,20170509,000000,26.24,27.25,26.24,27.25,424,0
DAT,D,20170510,000000,27.25,27.5,27.24,27.5,417,0
DAT,D,20170511,000000,27.5,27.8,26.25,27.8,709,0
DAT,D,20170512,000000,27.8,27.81,25.8,26.76,2835,0
DAT,D,20170515,000000,26,26.97,25.15,26.41,2174,0
DAT,D,20170516,000000,26.41,28,26,28,3019,0
DAT,D,20170517,000000,28.01,29.99,28.01,29.1,2255,0
DAT,D,20170518,000000,29.9,34.25,29.89,33.39,5629,0
DAT,D,20170519,000000,33.4,33.5,31.1,33.5,2180,0
DAT,D,20170522,000000,33.5,33.5,31,31.8,1932,0
DAT,D,20170523,000000,32.53,32.54,32.53,32.54,95,0
DAT,D,20170524,000000,32.01,32.01,31.6,31.6,150,0
DAT,D,20170525,000000,32.1,36.25,32.1,34.5,5136,0
DAT,D,20170526,000000,35.16,35.16,31.85,33,1064,0
DAT,D,20170529,000000,33,33,31.51,32.5,135,0
DAT,D,20170530,000000,33,33,30.06,32,423,0
DAT,D,20170531,000000,31.99,31.99,30.12,31.89,619,0
DAT,D,20170601,000000,31.89,31.89,31.53,31.53,68,0
DAT,D,20170602,000000,31.4,31.4,30.06,30.96,265,0
DAT,D,20170605,000000,30.96,31.4,30,30.2,214,0
DAT,D,20170606,000000,30.95,30.96,30.95,30.96,101,0
DAT,D,20170607,000000,30.96,31.8,29,29,1302,0
DAT,D,20170608,000000,29,30.96,28.6,30.96,967,0
DAT,D,20170609,000000,30,30.96,30,30.96,103,0
DAT,D,20170612,000000,30.95,30.95,29.1,30.59,525,0
DAT,D,20170613,000000,30.59,30.59,29.6,30.5,4034,0
DAT,D,20170614,000000,30.52,30.95,26.61,28.76,4222,0
DAT,D,20170616,000000,30.3,31.66,30,30,2128,0
DAT,D,20170619,000000,30.74,30.74,29.5,29.5,374,0
DAT,D,20170620,000000,30.58,30.96,30.5,30.96,368,0
DAT,D,20170621,000000,30.96,31.5,30,30.99,655,0
DAT,D,20170622,000000,30.56,31,30.1,31,330,0
DAT,D,20170623,000000,31.27,31.28,30,30,77134,0
DAT,D,20170626,000000,31.9,31.9,29,31.17,634,0
DAT,D,20170627,000000,31.8,31.8,28,31.13,927,0
DAT,D,20170628,000000,31.13,31.13,26.75,30.1,1170,0
DAT,D,20170629,000000,31.14,31.14,30.1,31.14,188,0
DAT,D,20170630,000000,31.14,31.14,29,30.98,674,0
DAT,D,20170703,000000,30.98,30.98,28,29.95,854,0
DAT,D,20170704,000000,29.99,29.99,28,28,480,0
DAT,D,20170705,000000,28.99,28.99,27.45,28.99,931,0
DAT,D,20170706,000000,28.99,29.34,27.1,29.34,867,0
DAT,D,20170707,000000,29.34,30.63,29.34,30.48,99,0
DAT,D,20170710,000000,29,29.99,27.52,27.53,182,0
DAT,D,20170711,000000,29.19,29.19,27.55,28.66,269,0
DAT,D,20170712,000000,27.81,29.18,27.55,29.18,573,0
DAT,D,20170713,000000,29.15,29.15,27.51,28,1660,0
DAT,D,20170714,000000,27.52,28.86,27.52,28.86,51,0
DAT,D,20170717,000000,28.86,29.34,28.5,29.34,1035,0
DAT,D,20170718,000000,29.34,29.34,28.31,29.33,46,0
DAT,D,20170719,000000,29.33,29.33,29.33,29.33,60,0
DAT,D,20170720,000000,29.34,32.99,28.31,32.98,3424,0
DAT,D,20170721,000000,32.96,32.96,31.5,32.84,2214,0
DAT,D,20170724,000000,32.78,32.78,29.55,30.97,598,0
DAT,D,20170725,000000,31.08,31.08,30,30.99,47331,0
DAT,D,20170726,000000,30.98,30.98,30.98,30.98,2,0
DAT,D,20170727,000000,30.5,30.5,30,30,10,0
DAT,D,20170728,000000,30.97,30.97,30.94,30.94,35,0
DAT,D,20170731,000000,30.5,30.5,30,30,203,0
DAT,D,20170801,000000,31.08,32.72,31.08,32.2,3653,0
DAT,D,20170802,000000,31,31.98,30.5,31.98,1522,0
DAT,D,20170803,000000,31.98,32.74,31.94,32.73,1781,0
DAT,D,20170804,000000,32.73,35.88,32.73,34.3,4263,0
DAT,D,20170807,000000,33.5,34.9,32.51,34,1389,0
DAT,D,20170808,000000,33,34.5,32.9,34.5,1957,0
DAT,D,20170809,000000,34.75,34.75,33.6,34.5,143,0
DAT,D,20170810,000000,34.5,37.6,34.5,34.5,3853,0
DAT,D,20170811,000000,35.94,35.94,33.5,34.5,818,0
DAT,D,20170814,000000,32.52,34.02,30,34.02,976,0
DAT,D,20170816,000000,36,36,34,35.17,393,0
DAT,D,20170817,000000,35.17,35.17,34.02,35.17,97,0
DAT,D,20170818,000000,30,34.12,30,32,2191,0
DAT,D,20170821,000000,31.02,31.02,31,31.02,360,0
DAT,D,20170822,000000,31.02,31.5,31.02,31.5,97,0
DAT,D,20170823,000000,32.99,32.99,32.99,32.99,1,0
DAT,D,20170824,000000,30,31.18,30,31.15,1119,0
DAT,D,20170825,000000,30.01,31.34,30.01,31.34,46,0
DAT,D,20170828,000000,30,31.34,30,31.34,385,0
DAT,D,20170829,000000,30.01,31.33,28,30.76,1103,0
DAT,D,20170830,000000,30.76,31.18,30,30.96,367,0
DAT,D,20170831,000000,30.96,31.71,29.5,31.71,385,0
DAT,D,20170901,000000,31.7,31.7,30.75,30.75,156,0
DAT,D,20170904,000000,30.75,32.19,30.75,31,486,0
DAT,D,20170905,000000,31.3,31.3,29.88,29.88,3229,0
DAT,D,20170906,000000,31.01,33,30,32,1785,0
DAT,D,20170907,000000,32,32,31.8,31.8,34,0
DAT,D,20170908,000000,31.8,31.98,30.71,31.98,763,0
DAT,D,20170911,000000,31.97,32.8,31.96,32.8,5095,0
DAT,D,20170912,000000,32.8,35,32.8,33.99,6112,0
DAT,D,20170913,000000,34,35,34,34.86,6399,0
DAT,D,20170914,000000,34.88,35,34,34.53,4393,0
DAT,D,20170915,000000,34.65,35,34,34.98,2405,0
DAT,D,20170918,000000,34.03,34.98,34.03,34.65,931,0
DAT,D,20170919,000000,35,38.1,35,36.6,3851,0
DAT,D,20170920,000000,36.88,39.5,36.88,39.5,4040,0
DAT,D,20170921,000000,40,41.79,40,41.79,5088,0
DAT,D,20170922,000000,41.79,42,41,42,4315,0
DAT,D,20170925,000000,41.5,41.5,38.4,40.35,1182,0
DAT,D,20170926,000000,40.35,40.94,39.05,40.3,2732,0
DAT,D,20170927,000000,39.31,40.95,39.31,40.93,1175,0
DAT,D,20170928,000000,40.93,40.99,39.11,39.33,1176,0
DAT,D,20170929,000000,40.88,40.88,40,40.53,1153,0
DAT,D,20171002,000000,40.86,41.7,40.04,41,1244,0
DAT,D,20171003,000000,41.75,41.75,41.03,41.34,949,0
DAT,D,20171004,000000,41.6,41.6,39.04,39.1,958,0
DAT,D,20171005,000000,39,39.43,38.07,38.35,1757,0
DAT,D,20171006,000000,39.29,39.29,37.5,39.29,870,0
DAT,D,20171009,000000,39.29,39.29,37.1,37.5,1980,0
DAT,D,20171010,000000,37.5,38.85,36.5,38.32,2176,0
DAT,D,20171011,000000,38.32,38.32,37,37.89,178,0
DAT,D,20171012,000000,37.9,38.32,37.9,38.32,1215,0
DAT,D,20171013,000000,38.99,38.99,36.5,37.75,1091,0
DAT,D,20171016,000000,37.75,37.75,36.1,37.4,1336,0
DAT,D,20171017,000000,37.4,37.75,37.4,37.75,502,0
DAT,D,20171018,000000,37.75,37.75,36.99,37.45,453,0
DAT,D,20171019,000000,37.44,42.5,37.33,40.73,9560,0
DAT,D,20171020,000000,41.99,41.99,39.51,40,3876,0
DAT,D,20171023,000000,40,40,38.7,39.9,1928,0
DAT,D,20171024,000000,39.9,39.9,36.5,36.53,2883,0
DAT,D,20171025,000000,37.98,38.22,36.55,38.1,5271,0
DAT,D,20171026,000000,36.55,37.9,35.15,35.5,4727,0
DAT,D,20171027,000000,36.66,37.27,36.3,37.19,675,0
DAT,D,20171030,000000,37.08,37.2,36,36.26,5529,0
DAT,D,20171031,000000,36.9,36.9,35,35.6,2845,0
DAT,D,20171102,000000,35.79,36.01,34.98,35.8,729,0
DAT,D,20171103,000000,37.54,37.54,36,36.5,942,0
DAT,D,20171106,000000,37,37.9,36,37,3607,0
DAT,D,20171107,000000,36.99,37,35.03,37,891,0
DAT,D,20171108,000000,36,36.9,35.63,36.9,615,0
DAT,D,20171109,000000,36.99,36.99,35.6,35.6,553,0
DAT,D,20171110,000000,35.6,35.8,33.75,35.72,2602,0
DAT,D,20171113,000000,35.5,35.5,34.5,35.5,1770,0
DAT,D,20171114,000000,35.66,35.66,35,35.27,147,0
DAT,D,20171115,000000,35.27,35.27,33.5,34.9,462,0
DAT,D,20171116,000000,35.27,35.27,34.7,34.7,16,0
DAT,D,20171117,000000,35,35,33.6,34.69,244,0
DAT,D,20171120,000000,34.89,35.4,34.33,34.71,2486,0
DAT,D,20171121,000000,36,36.22,34.82,34.82,2813,0
DAT,D,20171122,000000,36.22,36.22,34.9,35.5,1151,0
DAT,D,20171123,000000,35.69,35.69,35,35.69,242,0
DAT,D,20171124,000000,35.95,35.95,34.82,35.9,258,0
DAT,D,20171127,000000,35.9,37.9,33.98,34.65,5047,0
DAT,D,20171128,000000,35.49,35.49,33.8,33.8,1567,0
DAT,D,20171129,000000,34.65,34.65,31.5,32,2376,0
DAT,D,20171130,000000,32.02,33.07,31.6,32,1687,0
DAT,D,20171201,000000,31.6,34,31.6,34,509,0
DAT,D,20171204,000000,34.65,34.65,31.6,31.62,2575,0
DAT,D,20171205,000000,32.86,33.6,32.05,33.6,349,0
DAT,D,20171206,000000,33.8,33.8,32.06,33.2,1457,0
DAT,D,20171207,000000,33.8,33.8,32.07,33.8,1247,0
DAT,D,20171208,000000,33.8,33.8,33,33.6,70,0
DAT,D,20171211,000000,33.8,33.8,33.8,33.8,1,0
DAT,D,20171212,000000,33.8,33.8,32.33,33.4,6,0
DAT,D,20171213,000000,33.8,33.8,33.8,33.8,1,0
DAT,D,20171214,000000,33.69,33.69,32.51,32.51,61,0
DAT,D,20171215,000000,33.8,33.8,32.51,33.75,43,0
DAT,D,20171218,000000,33.8,33.8,32.51,32.51,281,0
DAT,D,20171219,000000,33.8,34,32.22,33.01,1565,0
DAT,D,20171220,000000,32.2,33.5,32.2,32.31,847,0
DAT,D,20171221,000000,33.26,33.26,32.2,32.25,1645,0
DAT,D,20171222,000000,32.9,32.9,32.6,32.6,307,0
DAT,D,20171227,000000,33.3,33.3,31.1,32,839,0
DAT,D,20171228,000000,32.02,32.55,31.7,32.54,247,0
DAT,D,20171229,000000,32.5,32.5,32,32.5,217,0
DAT,D,20180103,000000,32.5,35,31.2,32,2997,0
DAT,D,20180104,000000,31.7,31.7,30.5,31.3,1849,0
DAT,D,20180105,000000,31.3,31.5,31,31,1387,0
DAT,D,20180108,000000,31.9,32,31,31,214,0
DAT,D,20180109,000000,31.8,31.8,25.5,28.3,2733,0
DAT,D,20180110,000000,28.6,29.7,27.4,27.4,3170,0
DAT,D,20180111,000000,27.9,28.9,27,28.7,17471,0
DAT,D,20180112,000000,28.7,29.7,28.4,28.8,689,0
DAT,D,20180115,000000,28.3,31.5,28.3,30.5,773,0
DAT,D,20180116,000000,30.5,30.8,30,30.8,261,0
DAT,D,20180117,000000,30.8,32,30.8,32,93,0
DAT,D,20180118,000000,32,32,30.5,32,75,0
DAT,D,20180119,000000,32,32,30,31.6,212,0
DAT,D,20180122,000000,31.8,31.8,30,30.4,1278,0
DAT,D,20180123,000000,30.6,30.6,30.6,30.6,1,0
DAT,D,20180124,000000,30.6,30.9,29.7,30,723,0
DAT,D,20180125,000000,30.9,31.1,30.1,31.1,526,0
DAT,D,20180126,000000,31.3,31.3,31,31,266,0
DAT,D,20180129,000000,31.4,31.4,26.1,30.4,312,0
DAT,D,20180130,000000,30.9,30.9,30.9,30.9,1,0
DAT,D,20180131,000000,31.3,31.3,26.7,28.8,2677,0
DAT,D,20180201,000000,28.2,30.3,28.2,29,695,0
DAT,D,20180202,000000,30.3,30.3,27,29,896,0
DAT,D,20180205,000000,27.2,28.5,27.2,28,1113,0
DAT,D,20180206,000000,27.4,30.3,26.9,30.3,1266,0
DAT,D,20180207,000000,27.5,30,27.5,30,1032,0
DAT,D,20180208,000000,30,30.9,30,30.9,705,0
DAT,D,20180209,000000,28.2,30,28.2,30,94,0
DAT,D,20180212,000000,28.8,29.4,28.3,29.4,145,0
DAT,D,20180213,000000,29.9,29.9,29,29,36,0
DAT,D,20180214,000000,29,31.6,29,31.4,1651,0
DAT,D,20180215,000000,31.6,31.6,31.6,31.6,1,0
DAT,D,20180216,000000,31.7,31.7,30.4,31.1,97,0
DAT,D,20180219,000000,30.9,30.9,29,29.4,361,0
DAT,D,20180220,000000,29.2,29.2,29,29,294,0
DAT,D,20180221,000000,31,31,28,29,589,0
DAT,D,20180223,000000,31,31,29,29,51,0
DAT,D,20180226,000000,31,31,28.4,29.6,55,0
DAT,D,20180227,000000,29.5,29.5,29.5,29.5,1,0
DAT,D,20180228,000000,29.5,29.5,29.5,29.5,71,0
DAT,D,20180301,000000,31,31,29,29.3,262,0
DAT,D,20180302,000000,29.3,29.3,28.5,29.2,253,0
DAT,D,20180305,000000,29.2,29.2,29.2,29.2,1,0
DAT,D,20180306,000000,29.2,29.2,29,29,201,0
DAT,D,20180307,000000,29,30.4,29,29.8,1002,0
DAT,D,20180308,000000,30.5,30.5,29.1,30.4,323,0
DAT,D,20180309,000000,29.9,30.9,29.9,30.9,1170,0
DAT,D,20180312,000000,30.5,30.5,25.2,29.3,373,0
DAT,D,20180313,000000,29.8,29.8,29.8,29.8,1,0
DAT,D,20180314,000000,29.8,29.8,29.8,29.8,10,0
DAT,D,20180315,000000,29.8,29.8,29.8,29.8,1,0
DAT,D,20180316,000000,29.8,29.8,28.7,29.7,57,0
DAT,D,20180319,000000,29.7,29.7,28.2,28.2,1111,0
DAT,D,20180320,000000,28,28.8,28,28.8,241,0
DAT,D,20180321,000000,29.7,29.7,28.8,29,101,0
DAT,D,20180322,000000,29.7,29.7,27.2,27.8,193,0
DAT,D,20180323,000000,29.7,29.7,26.6,26.6,176,0
DAT,D,20180326,000000,26.5,27.8,26.5,27.8,293,0
DAT,D,20180327,000000,28.1,28.1,27,28,83,0
DAT,D,20180328,000000,27,27,25.8,25.8,1024,0
DAT,D,20180329,000000,26,26,24.2,26,1198,0
DAT,D,20180403,000000,26,26,25.5,25.9,107,0
DAT,D,20180404,000000,26,26,26,26,1,0
DAT,D,20180405,000000,26,26,25.1,25.1,6,0
DAT,D,20180406,000000,25.8,27.6,25.8,27.6,2007,0
DAT,D,20180409,000000,28.4,28.5,28.4,28.5,207,0
DAT,D,20180410,000000,28.5,28.5,28.5,28.5,1,0
DAT,D,20180411,000000,28,28,25,25,214,0
DAT,D,20180412,000000,28,28,25.5,25.5,1039,0
DAT,D,20180413,000000,26,28,26,28,407,0
DAT,D,20180416,000000,29.1,31,28.5,29,2178,0
DAT,D,20180417,000000,31,31,29.9,30.3,538,0
DAT,D,20180418,000000,30.3,30.3,30.2,30.2,139,0
DAT,D,20180419,000000,30.3,30.3,27,27.8,1311,0
DAT,D,20180420,000000,30.3,30.3,30.3,30.3,1,0
DAT,D,20180423,000000,26.6,27.5,21.3,21.7,4077,0
DAT,D,20180424,000000,22.7,26,22.7,26,4590,0
DAT,D,20180425,000000,25.9,26,24.4,24.9,2021,0
DAT,D,20180426,000000,24.9,24.9,23,24.2,4760,0
DAT,D,20180427,000000,25.4,26.5,24.2,26.3,3561,0
DAT,D,20180430,000000,25.4,28.5,25.4,28.5,2301,0
DAT,D,20180502,000000,29.5,29.5,29,29,7,0
DAT,D,20180507,000000,29.5,29.5,25,27.3,494,0
DAT,D,20180508,000000,28,28,26.4,26.4,1075,0
DAT,D,20180509,000000,27,27,27,27,468,0
DAT,D,20180510,000000,27.9,27.9,27.7,27.9,116,0
DAT,D,20180511,000000,27.9,27.9,27.1,27.8,131,0
DAT,D,20180514,000000,27.8,27.8,27.1,27.1,53,0
DAT,D,20180515,000000,26.6,26.6,22.4,25.8,1365,0
DAT,D,20180516,000000,27.8,27.8,24.6,25,1081,0
DAT,D,20180517,000000,25,26.2,25,26.2,793,0
DAT,D,20180518,000000,26.9,26.9,25.1,25.1,101,0
DAT,D,20180521,000000,24.9,24.9,24,24.9,837,0
DAT,D,20180522,000000,24.9,24.9,23.7,23.7,205,0
DAT,D,20180523,000000,23.5,23.9,23.5,23.9,52,0
DAT,D,20180524,000000,24.8,26.8,23.9,25.3,189,0
DAT,D,20180525,000000,25.3,25.3,22.9,23.6,1366,0
DAT,D,20180528,000000,24.8,24.8,24.5,24.8,175,0
DAT,D,20180529,000000,25.3,25.3,22.4,23.4,1036,0
DAT,D,20180530,000000,23.4,23.4,20,20,1773,0
DAT,D,20180601,000000,22.2,22.2,21.4,22,344,0
DAT,D,20180604,000000,17.8,21.1,17.8,20.4,3373,0
DAT,D,20180605,000000,20.7,20.7,20.4,20.7,260,0
DAT,D,20180606,000000,20.7,21.7,20.7,21.7,1082,0
DAT,D,20180607,000000,23.5,23.5,20,21.9,1826,0
DAT,D,20180608,000000,21.9,21.9,20.3,20.9,253,0
DAT,D,20180611,000000,21.5,21.5,21.5,21.5,68,0
DAT,D,20180612,000000,21.5,21.8,21,21.8,753,0
DAT,D,20180613,000000,21.8,21.8,19,20.5,2283,0
DAT,D,20180614,000000,21.8,21.8,20.5,20.5,280,0
DAT,D,20180615,000000,21.8,21.8,20.7,21.7,832,0
DAT,D,20180618,000000,21,23,21,22.6,655,0
DAT,D,20180619,000000,21.8,22.5,21.8,22.5,248,0
DAT,D,20180620,000000,22,23.3,22,23.3,1263,0
DAT,D,20180621,000000,23.2,23.2,23,23,103,0
DAT,D,20180622,000000,23.2,24.4,23,24.4,1186,0
DAT,D,20180625,000000,24.4,24.9,24.4,24.9,1452,0
DAT,D,20180626,000000,24.9,24.9,24,24.9,227,0
DAT,D,20180627,000000,24.9,24.9,24.1,24.6,542,0
DAT,D,20180628,000000,24.8,24.8,24.6,24.6,688,0
DAT,D,20180629,000000,24.5,24.6,23.5,24.5,1954,0
DAT,D,20180702,000000,24.6,29.5,24.6,28.6,3644,0
DAT,D,20180703,000000,29.4,33.3,29.3,30.2,4397,0
DAT,D,20180704,000000,29,29,26.5,26.9,2583,0
DAT,D,20180705,000000,25.4,26,24,26,3576,0
DAT,D,20180706,000000,26,26,25.9,25.9,2,0
DAT,D,20180709,000000,25.9,25.9,24,25.2,2322,0
DAT,D,20180710,000000,24.1,25.2,24,24,4814,0
DAT,D,20180711,000000,23.5,24.9,23.5,24.9,5433,0
DAT,D,20180712,000000,25.6,25.6,24.4,24.4,415,0
DAT,D,20180713,000000,24.1,25.2,24.1,25.2,709,0
DAT,D,20180716,000000,25.9,28,25.9,26.9,696,0
DAT,D,20180717,000000,27.4,28,25.8,26.2,835,0
DAT,D,20180718,000000,27.6,27.6,24.2,26.2,418,0
DAT,D,20180719,000000,27.6,27.6,26.2,26.2,301,0
DAT,D,20180720,000000,27.6,27.6,26,26,82,0
DAT,D,20180723,000000,26,26.4,25.5,26.4,3348,0
DAT,D,20180724,000000,27,27,27,27,1900,0
DAT,D,20180725,000000,27,27.6,23.5,23.5,981,0
DAT,D,20180726,000000,24.5,25.9,24.5,25,929,0
DAT,D,20180727,000000,27.2,27.2,25,25,328,0
DAT,D,20180730,000000,27.2,27.2,26.6,27,528,0
DAT,D,20180731,000000,27.5,27.5,27.5,27.5,1,0
DAT,D,20180801,000000,27.5,27.5,27,27,201,0
DAT,D,20180802,000000,27.5,27.5,26.1,27.2,268,0
DAT,D,20180803,000000,27.5,27.7,27,27.7,771,0
DAT,D,20180806,000000,28,30,28,30,864,0
DAT,D,20180807,000000,30,30,28.3,28.3,164,0
DAT,D,20180808,000000,28.3,28.3,27.1,27.1,993,0
DAT,D,20180809,000000,27.3,29.8,27.1,29.8,641,0
DAT,D,20180810,000000,29.3,30.3,28.2,28.2,4663,0
DAT,D,20180813,000000,30,30,27.6,28.9,323,0
DAT,D,20180814,000000,29.9,29.9,28,28,1427,0
DAT,D,20180816,000000,28,28.8,28,28.8,471,0
DAT,D,20180817,000000,28.6,30,28,30,3694,0
DAT,D,20180820,000000,30,30.2,29.9,30,2631,0
DAT,D,20180821,000000,30.4,30.5,30,30.3,11583,0
DAT,D,20180822,000000,30.4,30.4,29.3,29.3,2539,0
DAT,D,20180823,000000,30,30,29,29,387,0
DAT,D,20180824,000000,30,30,29.6,29.6,2,0
DAT,D,20180827,000000,29.5,29.5,29.5,29.5,1,0
DAT,D,20180828,000000,29.4,29.5,29.3,29.3,366,0
DAT,D,20180829,000000,29.3,33.9,29.3,33,3021,0
DAT,D,20180830,000000,33,33,29.6,30,18714,0
DAT,D,20180831,000000,30,30.2,27.1,28.5,8068,0
DAT,D,20180903,000000,28.8,29.5,27.5,27.5,3752,0
DAT,D,20180904,000000,27.5,28.3,27,28.3,768,0
DAT,D,20180905,000000,28.3,28.3,27,28.3,1462,0
DAT,D,20180906,000000,27.1,27.9,27.1,27.5,497,0
DAT,D,20180907,000000,27.5,28.3,27,27,454,0
DAT,D,20180910,000000,28.5,28.5,27.8,27.8,426,0
DAT,D,20180911,000000,28.8,29,27.8,28.6,2242,0
DAT,D,20180912,000000,29.8,29.8,27,27,521,0
DAT,D,20180913,000000,29.5,29.5,27,27.1,1651,0
DAT,D,20180914,000000,28.1,28.1,27.2,27.2,1831,0
DAT,D,20180917,000000,29.3,29.8,27,27.6,3899,0
DAT,D,20180918,000000,28.5,28.5,28.5,28.5,1,0
DAT,D,20180919,000000,28,28,27,27.7,2203,0
DAT,D,20180920,000000,27.8,27.8,27,27.6,774,0
DAT,D,20180921,000000,27.9,27.9,27.6,27.6,78,0
DAT,D,20180924,000000,27,28,26.1,27.5,423,0
DAT,D,20180925,000000,27.5,27.5,26,26.8,1050,0
DAT,D,20180926,000000,27.5,27.5,26,26.6,263,0
DAT,D,20180927,000000,27.5,27.5,25.5,25.5,6,0
DAT,D,20180928,000000,27.8,27.8,26.7,27.2,1528,0
DAT,D,20181001,000000,27.9,27.9,27.9,27.9,1,0
DAT,D,20181002,000000,27.5,27.5,27.2,27.2,2,0
DAT,D,20181003,000000,29,30.4,27.5,28.7,6329,0
DAT,D,20181004,000000,30.7,30.7,28,28.3,2513,0
DAT,D,20181005,000000,28.7,28.7,28.5,28.5,2695,0
DAT,D,20181008,000000,30,30.9,29,29,2048,0
DAT,D,20181009,000000,29.4,29.4,28.8,29,712,0
DAT,D,20181010,000000,30.5,30.5,28,29,133,0
DAT,D,20181011,000000,28.1,28.4,27.8,28.3,2882,0
DAT,D,20181012,000000,28,28.1,27.5,28,2046,0
DAT,D,20181015,000000,28,28.8,27.8,28.8,673,0
DAT,D,20181016,000000,29.5,29.8,28.7,29,1351,0
DAT,D,20181017,000000,29.7,29.9,27.5,27.5,858,0
DAT,D,20181018,000000,29.7,29.7,28,28.5,751,0
DAT,D,20181019,000000,29.2,29.2,28,28.6,262,0
DAT,D,20181022,000000,29.8,29.8,27.5,27.5,1716,0
DAT,D,20181023,000000,27.3,29.5,27.1,27.8,600,0
DAT,D,20181024,000000,28.5,28.5,26.5,27.8,169,0
DAT,D,20181025,000000,28.4,28.4,27.2,27.3,211,0
DAT,D,20181026,000000,28.4,28.4,28.4,28.4,1,0
DAT,D,20181029,000000,28.1,28.1,28.1,28.1,260,0
DAT,D,20181030,000000,28.4,28.4,25,26,935,0
DAT,D,20181031,000000,28.4,28.4,27,28.3,6481,0
DAT,D,20181102,000000,28.4,28.4,27.7,27.7,6,0
DAT,D,20181105,000000,28.4,28.4,28.4,28.4,1,0
DAT,D,20181106,000000,28.4,28.4,26.4,28,422,0
DAT,D,20181107,000000,27.7,28.4,27.7,28.3,113,0
DAT,D,20181108,000000,28,30.5,28,28,5664,0
DAT,D,20181109,000000,29,29,27.6,28.1,203,0
DAT,D,20181113,000000,28.5,28.5,27,27.7,93,0
DAT,D,20181114,000000,28.6,28.6,26.5,26.5,2483,0
DAT,D,20181115,000000,27.5,27.5,26.5,26.5,1717,0
DAT,D,20181116,000000,27,27,25.8,26.3,3989,0
DAT,D,20181119,000000,25.7,26.3,24.8,24.8,6737,0
DAT,D,20181120,000000,25,25.3,24.3,25,1232,0
DAT,D,20181121,000000,26.1,26.1,24.3,25.5,1152,0
DAT,D,20181122,000000,26.2,26.2,24.6,25,1386,0
DAT,D,20181123,000000,25,25,24.6,25,1037,0
DAT,D,20181126,000000,25.6,25.6,25.6,25.6,40,0
DAT,D,20181127,000000,25.5,25.5,24.4,24.5,1094,0
DAT,D,20181128,000000,24.5,24.9,24.5,24.9,1126,0
DAT,D,20181129,000000,26.9,26.9,24.8,24.8,1377,0
DAT,D,20181130,000000,27,27,25.5,25.5,4,0
DAT,D,20181203,000000,25.5,25.5,24,25,1381,0
DAT,D,20181204,000000,25,27,24.5,27,2040,0
DAT,D,20181205,000000,27.9,27.9,26,27.9,700,0
DAT,D,20181206,000000,28,28,27,27,146,0
DAT,D,20181207,000000,27.9,27.9,26,26,381,0
DAT,D,20181210,000000,27.1,27.9,26.1,26.1,1611,0
DAT,D,20181211,000000,27.2,27.6,26.1,27,6276,0
DAT,D,20181212,000000,27.1,27.1,26,26.5,1474,0
DAT,D,20181213,000000,26.8,26.8,26.8,26.8,1,0
DAT,D,20181214,000000,26.7,26.7,26.2,26.2,340,0
DAT,D,20181217,000000,26.8,26.8,25,26.2,946,0
DAT,D,20181218,000000,26.2,26.2,24.5,25,4642,0
DAT,D,20181219,000000,26.5,26.5,24.7,24.9,699,0
DAT,D,20181220,000000,26.5,26.5,24.1,25,1626,0
DAT,D,20181221,000000,25.8,26.4,25,26.4,5640,0
DAT,D,20181227,000000,25.6,26.5,24.5,24.5,4263,0
DAT,D,20181228,000000,24.9,24.9,24.5,24.9,1699,0
DAT,D,20190102,000000,24.9,25.5,24.9,25.5,47,0
DAT,D,20190103,000000,26.7,26.7,24.3,25.5,561,0
DAT,D,20190104,000000,26.5,26.9,24.5,24.6,2931,0
DAT,D,20190107,000000,25.9,25.9,24.7,24.9,649,0
DAT,D,20190108,000000,25.6,25.6,24.5,25.3,5861,0
DAT,D,20190109,000000,25.4,25.6,24.6,25.3,4779,0
DAT,D,20190110,000000,26,26,24.5,24.5,9007,0
DAT,D,20190111,000000,24.8,25,23.6,24,7465,0
DAT,D,20190114,000000,25.2,25.2,23.2,23.7,6332,0
DAT,D,20190115,000000,23.7,24.1,21.2,21.9,16249,0
DAT,D,20190116,000000,22,22.4,20,20.5,10614,0
DAT,D,20190117,000000,21,22.7,19.1,22.1,13452,0
DAT,D,20190118,000000,23,23,21.4,22,9705,0
DAT,D,20190121,000000,22.5,22.6,21.9,22,8780,0
DAT,D,20190122,000000,22,22,21.5,21.6,3792,0
DAT,D,20190123,000000,21.6,22.4,21.6,22.4,2443,0
DAT,D,20190124,000000,22.3,23.5,21,22.6,8854,0
DAT,D,20190125,000000,22.6,23.8,22.6,23.8,2306,0
DAT,D,20190128,000000,24,24,23.1,23.7,3098,0
DAT,D,20190129,000000,24,24,23.1,23.8,2113,0
DAT,D,20190130,000000,24.1,24.1,23.3,23.9,1122,0
DAT,D,20190131,000000,23.9,24,22.5,23.7,3186,0
DAT,D,20190201,000000,23.8,23.8,23.5,23.8,1492,0
DAT,D,20190204,000000,23.8,23.8,23.5,23.5,79,0
DAT,D,20190205,000000,23.7,23.8,23,23.6,669,0
DAT,D,20190206,000000,22.3,22.5,20.1,21.6,13282,0
DAT,D,20190207,000000,22.8,22.8,20.3,21.2,3874,0
DAT,D,20190208,000000,21.2,21.9,20.6,21.3,3139,0
DAT,D,20190211,000000,21.3,21.3,20,20.8,4443,0
DAT,D,20190212,000000,21.3,21.3,21,21,127,0
DAT,D,20190213,000000,21,21,19.9,20.4,3271,0
DAT,D,20190214,000000,20.8,20.8,20,20.8,1017,0
DAT,D,20190215,000000,20.8,20.8,19.5,20.7,2751,0
DAT,D,20190218,000000,20.7,20.7,20,20.7,513,0
DAT,D,20190219,000000,20.7,21.1,20.4,21.1,1470,0
DAT,D,20190220,000000,21,21,20.1,20.6,2328,0
DAT,D,20190221,000000,20.3,20.8,20.1,20.7,1980,0
DAT,D,20190222,000000,20.6,20.6,20,20.5,1013,0
DAT,D,20190225,000000,21.2,21.3,20.1,21,2438,0
DAT,D,20190226,000000,20.9,21.3,20,20.1,2842,0
DAT,D,20190227,000000,20.7,20.7,20.5,20.7,993,0
DAT,D,20190228,000000,20.9,20.9,20,20.5,1684,0
DAT,D,20190301,000000,20.5,21.3,20.5,21.1,3729,0
DAT,D,20190304,000000,21.1,21.1,20.5,21,204,0
DAT,D,20190305,000000,20.4,21.9,20.4,21.8,1528,0
DAT,D,20190306,000000,21.2,21.2,21,21,1097,0
DAT,D,20190307,000000,20.9,21.4,20.7,21.4,4586,0
DAT,D,20190308,000000,21.3,21.3,20,20.6,2744,0
DAT,D,20190311,000000,21,21,20,20.5,2257,0
DAT,D,20190312,000000,20.5,20.5,20.1,20.1,505,0
DAT,D,20190313,000000,20.6,20.6,20.1,20.6,419,0
DAT,D,20190314,000000,20.5,20.5,19,19.2,5191,0
DAT,D,20190315,000000,19.4,19.9,19,19.9,2784,0
DAT,D,20190318,000000,19.8,20.9,19.8,20.5,4671,0
DAT,D,20190319,000000,20.7,20.9,20.2,20.9,1211,0
DAT,D,20190320,000000,21.3,21.3,20.1,20.9,1624,0
DAT,D,20190321,000000,20.9,20.9,20.5,20.5,740,0
DAT,D,20190322,000000,20.9,20.9,20.5,20.5,382,0
DAT,D,20190325,000000,20.5,20.7,20.3,20.3,2474,0
DAT,D,20190326,000000,20.2,20.4,20.2,20.3,276,0
DAT,D,20190327,000000,20.2,20.2,20.2,20.2,115,0
DAT,D,20190328,000000,20.5,20.5,19.5,19.6,2342,0
DAT,D,20190329,000000,20.3,20.3,18.9,20.2,4680,0
DAT,D,20190401,000000,20,20,19.4,19.5,954,0
DAT,D,20190402,000000,19.5,19.7,19,19.5,1972,0
DAT,D,20190403,000000,19.8,22.8,19.55,21.7,11972,0
DAT,D,20190404,000000,21.7,21.7,20.5,20.9,6598,0
DAT,D,20190405,000000,20.9,21.8,20.8,21.7,1516,0
DAT,D,20190408,000000,21.8,21.8,21.2,21.7,588,0
DAT,D,20190409,000000,21.7,21.7,21,21,1583,0
DAT,D,20190410,000000,21.3,22.7,21.1,22.6,5031,0
DAT,D,20190411,000000,22.6,23,22.2,22.8,2847,0
DAT,D,20190412,000000,22.9,23.6,22.6,22.7,5366,0
DAT,D,20190415,000000,23.1,23.1,22.5,22.5,693,0
DAT,D,20190416,000000,23,23.4,22.5,23,921,0
DAT,D,20190417,000000,23.1,23.1,22.6,22.6,1303,0
DAT,D,20190418,000000,23,23,22.2,22.2,1303,0
DAT,D,20190423,000000,22.5,22.6,22.3,22.4,1285,0
DAT,D,20190424,000000,22.4,22.4,21.7,22,1928,0
DAT,D,20190425,000000,21.8,21.8,21.3,21.4,1224,0
DAT,D,20190426,000000,22.1,22.1,21.2,21.6,592,0
DAT,D,20190429,000000,22,22,21.5,21.6,296,0
DAT,D,20190430,000000,22,22,21.4,21.4,127,0
DAT,D,20190502,000000,21.5,21.5,20,20.9,5003,0
DAT,D,20190506,000000,21.9,21.9,20.5,20.5,353,0
DAT,D,20190507,000000,21.9,21.9,19.75,19.8,2887,0
DAT,D,20190508,000000,19.9,20,19.8,19.85,1393,0
DAT,D,20190509,000000,20,20,19.5,19.5,319,0
DAT,D,20190510,000000,20.4,20.4,19.5,20,884,0
DAT,D,20190513,000000,20,20.3,19.85,20.3,157,0
DAT,D,20190514,000000,20.4,20.4,19.55,19.55,527,0
DAT,D,20190515,000000,20.4,20.4,20,20,102,0
DAT,D,20190516,000000,20.4,20.4,19.85,19.85,266,0
DAT,D,20190517,000000,20.3,20.4,19.8,19.8,387,0
DAT,D,20190520,000000,19.8,19.8,19.8,19.8,3,0
DAT,D,20190521,000000,20,21,19.9,20.4,2816,0
DAT,D,20190522,000000,20.5,20.5,20.3,20.3,400,0
DAT,D,20190523,000000,19.8,19.8,18.2,18.7,3200,0
DAT,D,20190524,000000,19.05,19.5,19,19,812,0
DAT,D,20190527,000000,19,19,18,18,2882,0
DAT,D,20190528,000000,18.1,18.5,18,18.5,353,0
DAT,D,20190529,000000,19.5,19.5,18.1,18.5,611,0
DAT,D,20190530,000000,18.9,18.9,18,18.2,899,0
DAT,D,20190531,000000,18.85,18.85,18,18.3,997,0
DAT,D,20190603,000000,18.4,18.4,17.7,17.7,813,0
DAT,D,20190604,000000,18.8,18.8,17.55,18,2499,0
DAT,D,20190605,000000,21.2,24,21.2,22.5,29407,0
DAT,D,20190606,000000,23.4,29.5,23,29.5,43069,0
DAT,D,20190607,000000,29.7,31,26,26,23293,0
DAT,D,20190610,000000,26.2,28,25.5,26.2,8055,0
DAT,D,20190611,000000,26.9,27.6,25.5,26.1,5936,0
DAT,D,20190612,000000,26.3,26.3,25,25.2,2958,0
DAT,D,20190613,000000,25.9,27,25.8,26.7,4937,0
DAT,D,20190614,000000,26.8,30.1,26.7,29.5,7954,0
DAT,D,20190617,000000,28.9,29.7,28.2,28.9,4391,0
DAT,D,20190618,000000,29.5,29.7,27.5,27.9,3655,0
DAT,D,20190619,000000,27.8,28.9,26.3,28.9,4532,0
DAT,D,20190621,000000,28.9,28.9,27.2,27.9,1888,0
DAT,D,20190624,000000,27.7,28.8,27,28.8,2463,0
DAT,D,20190625,000000,28.8,28.8,27,27.2,3013,0
DAT,D,20190626,000000,27.8,29.8,26.1,28.8,23477,0
DAT,D,20190627,000000,29.3,29.4,27.4,28.5,4671,0
DAT,D,20190628,000000,29.10,35.20,28.70,35.20,18672,0
DAT,D,20190701,000000,36.2,38.5,35.2,37.9,32013,0
DAT,D,20190702,000000,37.2,38.4,36,37.5,5580,0
DAT,D,20190703,000000,37.5,41.8,35.5,35.9,23663,0
DAT,D,20190704,000000,35.3,37.7,33.6,34.7,4388,0
DAT,D,20190705,000000,35.1,36.7,34.8,35,6190,0
DAT,D,20190708,000000,35.7,37.2,33.4,33.7,8983,0
DAT,D,20190709,000000,34.4,35.5,34.4,35.3,2803,0
DAT,D,20190710,000000,34.5,37.6,34.5,37.4,6451,0
DAT,D,20190711,000000,37.3,37.3,35,35.1,13101,0
DAT,D,20190712,000000,34.9,37.4,33.4,35.1,9510,0
DAT,D,20190715,000000,36,36,34.2,34.2,8788,0
DAT,D,20190716,000000,35.7,35.7,32.5,33.6,5295,0
DAT,D,20190717,000000,34,34.5,33.4,33.5,1129,0
DAT,D,20190718,000000,33.5,33.5,31.8,32.6,4506,0
DAT,D,20190719,000000,32.5,34.5,32.1,33.9,4018,0
DAT,D,20190722,000000,33.8,33.9,32.5,33.3,625,0
DAT,D,20190723,000000,33.9,34.4,33,33.8,1310,0
DAT,D,20190724,000000,34.4,36.2,34,35,3297,0
DAT,D,20190725,000000,35,35,33.3,34,1049,0
DAT,D,20190726,000000,34.5,34.5,34,34.5,519,0
DAT,D,20190729,000000,35,35,34.2,34.6,208,0
DAT,D,20190730,000000,34.8,34.8,33.2,33.4,484,0
DAT,D,20190731,000000,34.9,34.9,33,34.4,3302,0
DAT,D,20190801,000000,34.4,34.6,33.1,34.6,1557,0
DAT,D,20190802,000000,34.9,35,32.5,33.2,18911,0
DAT,D,20190805,000000,33.2,33.2,30.7,31,9914,0
DAT,D,20190806,000000,30.7,31.4,29.6,31.2,3620,0
DAT,D,20190807,000000,31.1,31.1,29.8,30.9,1264,0
DAT,D,20190808,000000,30.9,31.3,30,31.2,334,0
DAT,D,20190809,000000,31.3,32.4,29.9,32.3,3029,0
DAT,D,20190812,000000,31,32.6,29.8,32.5,7266,0
DAT,D,20190813,000000,33.1,34.9,31.3,32.1,22808,0
DAT,D,20190814,000000,31.8,33.6,30.5,32,14756,0
DAT,D,20190816,000000,32.7,35.3,31.7,34.5,7469,0
DAT,D,20190819,000000,35,36.5,34.6,35.6,10114,0
DAT,D,20190820,000000,35.6,35.6,34,34.2,2337,0
DAT,D,20190821,000000,34.5,35,32.7,35,7361,0
DAT,D,20190822,000000,34.5,35.7,34.4,35,4945,0
DAT,D,20190823,000000,35.4,42.4,35.4,37.9,20154,0
DAT,D,20190826,000000,38,39.9,38,39.9,9979,0
DAT,D,20190827,000000,40,40.9,38.2,39.5,5070,0
DAT,D,20190828,000000,39.6,42,39.2,40,20768,0
DAT,D,20190829,000000,40,40,38.1,38.1,4671,0
DAT,D,20190830,000000,38.3,39.4,38,39,3858,0
DAT,D,20190902,000000,39.2,39.2,37.2,37.2,3933,0
DAT,D,20190903,000000,38.7,38.7,36.3,36.9,3497,0
DAT,D,20190904,000000,38,38.6,37,38.6,1025,0
DAT,D,20190905,000000,38.5,38.5,37.2,38.5,1805,0
DAT,D,20190906,000000,38.6,42.4,37.5,41.7,11318,0
DAT,D,20190909,000000,41.2,47.3,41,43.4,21369,0
DAT,D,20190910,000000,45,46,43.3,43.8,16352,0
DAT,D,20190911,000000,43.4,43.4,42,42.5,8350,0
DAT,D,20190912,000000,42.5,44.5,42.5,44.4,3511,0
DAT,D,20190913,000000,44.8,45,43.8,45,4934,0
DAT,D,20190916,000000,43.6,44.5,43.6,44,4936,0
DAT,D,20190917,000000,45,45,43,43,3267,0
DAT,D,20190918,000000,43.1,44.4,43,44.1,3676,0
DAT,D,20190919,000000,42.2,42.5,40.7,41.3,13244,0
DAT,D,20190920,000000,40.1,42.5,39,42.3,16370,0
DAT,D,20190923,000000,44.8,48.8,43,47.2,36413,0
DAT,D,20190924,000000,47.6,48.8,43.4,43.4,22759,0
DAT,D,20190925,000000,45,48.8,43.4,48,25308,0
DAT,D,20190926,000000,48.6,48.8,47,47.5,4383,0
DAT,D,20190927,000000,47.5,48.5,47,47,5133,0
DAT,D,20190930,000000,47.1,50.8,47.1,50.6,26645,0
DAT,D,20191001,000000,50.8,55.6,49.7,55.6,28352,0
DAT,D,20191002,000000,56,58.8,51,51,43334,0
DAT,D,20191003,000000,50.8,55.8,50.6,54.6,16611,0
DAT,D,20191004,000000,55.4,57.8,53.6,54,7418,0
DAT,D,20191007,000000,55.8,56,52.2,53,3587,0
DAT,D,20191008,000000,52.6,53.4,49.7,49.7,14177,0
DAT,D,20191009,000000,49.8,52.6,49.2,52,7334,0
DAT,D,20191010,000000,52.6,54.8,52,54,3151,0
DAT,D,20191011,000000,54.6,54.6,52.2,53.6,2505,0
DAT,D,20191014,000000,54,54,52.6,53,1314,0
DAT,D,20191015,000000,53.8,54.6,53,54.6,2146,0
DAT,D,20191016,000000,54.8,58.6,53.4,58,7721,0
DAT,D,20191017,000000,58.8,64,58.4,62,13384,0
DAT,D,20191018,000000,63,65,62,62,12033,0
DAT,D,20191021,000000,61,63,59.6,60.2,5522,0
DAT,D,20191022,000000,61.2,61.2,56.2,60,7569,0
DAT,D,20191023,000000,61,61,57.4,59.8,3006,0
DAT,D,20191024,000000,59.8,60.4,57,59.8,10393,0
DAT,D,20191025,000000,60,60,58,58,2742,0
DAT,D,20191028,000000,58.2,60.8,58,58.8,2361,0
DAT,D,20191029,000000,58.8,60,56.8,57.4,10109,0
DAT,D,20191030,000000,58.4,58.8,53,58,9991,0
DAT,D,20191031,000000,58.8,58.8,56.4,57.8,1819,0
DAT,D,20191104,000000,57.6,61.2,57.6,61,2919,0
DAT,D,20191105,000000,62.2,62.2,59,62,2928,0
DAT,D,20191106,000000,62,62.8,61.8,62,2141,0
DAT,D,20191107,000000,62,64,62,63.8,1623,0
DAT,D,20191108,000000,63.8,64.6,62.2,63.8,3376,0
DAT,D,20191112,000000,65,65,61.2,62.8,3205,0
DAT,D,20191113,000000,63.4,64.6,62,63,1378,0
DAT,D,20191114,000000,61.8,62.4,59.8,60.8,4679,0
DAT,D,20191115,000000,60.2,60.4,60,60.2,1281,0
DAT,D,20191118,000000,60,60,55,55.4,8863,0
DAT,D,20191119,000000,55,55,52.2,54.8,5081,0
DAT,D,20191120,000000,53,54.4,53,53.8,1310,0
DAT,D,20191121,000000,53.8,54.8,50.4,50.4,5513,0
DAT,D,20191122,000000,50,50,47.8,49.8,12043,0
DAT,D,20191125,000000,50,51.6,49.4,51,6492,0
DAT,D,20191126,000000,51.2,53,51,51.6,5192,0
DAT,D,20191127,000000,51.6,51.6,48.6,49.4,8269,0
DAT,D,20191128,000000,49.8,50,49.1,50,585,0
DAT,D,20191129,000000,49.9,49.9,47.6,48.6,4941,0
DAT,D,20191202,000000,48.1,50,48,49.9,3990,0
DAT,D,20191203,000000,48.7,52.4,48.7,50.6,51476,0
DAT,D,20191204,000000,51,56.2,51,56.2,13675,0
DAT,D,20191205,000000,55,59,53.2,54.2,8469,0
DAT,D,20191206,000000,54.6,54.8,52.4,53,3644,0
DAT,D,20191209,000000,53,53,50.4,51.2,5120,0
DAT,D,20191210,000000,51.8,51.8,47.4,48,16147,0
DAT,D,20191211,000000,48.6,56.4,48.6,50.8,31447,0
DAT,D,20191212,000000,53,53,49,49.4,11908,0
DAT,D,20191213,000000,51.8,52,49.5,50.8,8053,0
DAT,D,20191216,000000,51.6,51.6,49.4,50.6,3323,0
DAT,D,20191217,000000,51,53.4,50,52.6,7341,0
DAT,D,20191218,000000,52.8,54,51.8,51.8,4204,0
DAT,D,20191219,000000,52.2,57,52.2,54.4,8705,0
DAT,D,20191220,000000,55.6,55.6,52.6,53.8,4673,0
DAT,D,20191223,000000,54,55.8,52.6,54,8307,0
DAT,D,20191227,000000,55,55.8,54,54,2023,0
DAT,D,20191230,000000,54.8,56.6,54,54.8,5245,0
DAT,D,20200102,000000,54.8,58.8,54.8,57.6,9920,0
DAT,D,20200103,000000,58.2,58.6,56.4,57,2877,0
DAT,D,20200107,000000,57,57.4,56.4,57,2054,0
DAT,D,20200108,000000,57,57,51.4,54.4,12084,0
DAT,D,20200109,000000,53.4,57.6,52.8,57.4,5368,0
DAT,D,20200110,000000,57.6,58.8,56,58,4628,0
DAT,D,20200113,000000,58.2,58.8,55.8,56,4273,0
DAT,D,20200114,000000,55.6,57.4,55,57,2973,0
DAT,D,20200115,000000,57,57,54.4,55.6,3180,0
DAT,D,20200116,000000,54.8,55.4,54,54.8,9695,0
DAT,D,20200117,000000,54.4,55,52.2,53.6,11858,0
DAT,D,20200120,000000,54,55.6,53.6,55.6,3532,0
DAT,D,20200121,000000,55.6,56.6,54.2,55.4,16486,0
DAT,D,20200122,000000,55.4,56,54.6,55.6,2187,0
DAT,D,20200123,000000,55.6,56,54.2,55.6,2675,0
DAT,D,20200124,000000,55,55.6,52.4,53,2603,0
DAT,D,20200127,000000,52.4,54.4,51.6,53.6,9374,0
DAT,D,20200128,000000,55,57,54.8,56.2,5557,0
DAT,D,20200129,000000,56.8,56.8,54,54.6,2765,0
DAT,D,20200130,000000,55.4,55.4,52.8,53.2,2575,0
DAT,D,20200131,000000,53,55,53,54,2673,0
DAT,D,20200203,000000,54,54,52.6,53.6,12843,0
DAT,D,20200204,000000,54,55.2,54,54.4,6732,0
DAT,D,20200205,000000,54.6,55.8,54.2,54.8,2314,0
DAT,D,20200206,000000,55.6,55.6,54.2,55,1780,0
DAT,D,20200207,000000,55,55,54,54.2,1600,0
DAT,D,20200210,000000,55,55,53.8,54,1051,0
DAT,D,20200211,000000,53.8,54,53.2,53.4,1510,0
DAT,D,20200212,000000,54,54.4,53.2,53.8,1631,0
DAT,D,20200213,000000,54,54,53.2,53.4,673,0
DAT,D,20200214,000000,54.6,54.6,53.4,54,654,0
DAT,D,20200217,000000,56.8,63.4,56.8,61,38316,0
DAT,D,20200218,000000,61,64.6,60,61.4,13357,0
DAT,D,20200219,000000,62.4,63,60.4,61,2690,0
DAT,D,20200220,000000,60.6,61.4,60,61,4075,0
DAT,D,20200221,000000,60.2,61,58.6,61,3270,0
DAT,D,20200224,000000,60.4,60.4,55.4,56,12483,0
DAT,D,20200225,000000,56,57,53.2,55.8,8427,0
DAT,D,20200226,000000,57.2,57.2,53.2,55,7419,0
DAT,D,20200227,000000,54.8,54.8,49.4,51,11536,0
DAT,D,20200228,000000,49.4,51,45.2,48.2,24675,0
DAT,D,20200302,000000,48.4,51.6,48,51.4,10170,0
DAT,D,20200303,000000,51.8,54.2,48.7,53.4,11548,0
DAT,D,20200304,000000,52,52.4,50.4,52.2,2271,0
DAT,D,20200305,000000,53,55.8,50.4,51,6245,0
DAT,D,20200306,000000,50.4,50.4,48,49.4,5333,0
DAT,D,20200309,000000,46,47.4,42,42.5,14241,0
DAT,D,20200310,000000,41.5,56,38.1,43,108416,0
DAT,D,20200311,000000,45,46,36.5,38.9,27838,0
DAT,D,20200312,000000,36.5,36.5,31.2,31.2,18030,0
DAT,D,20200313,000000,32,38.7,31,32.7,23247,0
DAT,D,20200316,000000,32.6,37.8,30,37.3,20147,0
DAT,D,20200317,000000,38.7,45,36,39,39219,0
DAT,D,20200318,000000,39.2,40,35.7,36.1,20279,0
DAT,D,20200319,000000,37,39.1,34,38.8,19492,0
DAT,D,20200320,000000,39.2,41.1,36.3,37.2,17286,0
DAT,D,20200323,000000,36,36.4,33.7,33.8,10756,0
DAT,D,20200324,000000,38,39,34.4,36.6,23348,0
DAT,D,20200325,000000,37.2,38.1,35.1,36,12426,0
DAT,D,20200326,000000,36,36.5,34.8,36.1,4860,0
DAT,D,20200327,000000,37.3,37.3,34.4,34.8,4873,0
DAT,D,20200330,000000,35.5,35.5,33.5,34,9215,0
DAT,D,20200331,000000,34.4,36.9,34,35.7,9556,0
DAT,D,20200401,000000,35,35,33.9,34.9,4686,0
DAT,D,20200402,000000,34.9,34.9,33,34.4,6572,0
DAT,D,20200403,000000,34.5,35.8,34.1,35,3996,0
DAT,D,20200406,000000,36.2,44.9,36.1,41.8,30383,0
DAT,D,20200407,000000,43.8,44.4,40.1,40.1,30660,0
DAT,D,20200408,000000,40,40.3,37,39.5,21807,0
DAT,D,20200409,000000,40,46,38.9,45.9,27640,0
DAT,D,20200414,000000,46,48.4,44.6,48.1,25789,0
DAT,D,20200415,000000,48.5,49.8,45,46.3,23413,0
DAT,D,20200416,000000,47,48,45,47.2,11846,0
DAT,D,20200417,000000,47.2,47.2,43,45.4,14863,0
DAT,D,20200420,000000,45.6,52.4,44,50,42276,0
DAT,D,20200421,000000,51,51,46.1,47.3,21917,0
DAT,D,20200422,000000,47,50,45.4,50,13189,0
DAT,D,20200423,000000,50,53.8,49,52.6,16647,0
DAT,D,20200424,000000,53,58.4,53,58.4,26293,0
DAT,D,20200427,000000,59,64,56.2,63.6,42341,0
DAT,D,20200428,000000,64,70.4,61.2,66,40684,0
DAT,D,20200429,000000,66.6,68.4,62.6,68,15070,0
DAT,D,20200430,000000,69.4,70,64,66.6,19328,0
DAT,D,20200504,000000,66.6,66.6,60.6,64.8,17323,0
DAT,D,20200505,000000,65,68.6,65,68.6,18007,0
DAT,D,20200506,000000,68.6,68.6,65.6,67.8,8312,0
DAT,D,20200507,000000,67,68,66,67.2,3801,0
DAT,D,20200508,000000,67.4,67.8,65.4,66.4,5724,0
DAT,D,20200511,000000,69.2,76,68.6,76,71748,0
DAT,D,20200512,000000,77.6,93.4,77.6,84.8,67233,0
DAT,D,20200513,000000,83.4,83.4,76.4,77.4,25006,0
DAT,D,20200514,000000,77.8,80,67.4,73.4,41985,0
DAT,D,20200515,000000,71,76,70,72.8,18626,0
DAT,D,20200518,000000,72.4,75,70.2,75,9478,0
DAT,D,20200519,000000,76,78,75,77.2,6815,0
DAT,D,20200520,000000,77.4,78,75.2,75.2,55763,0
DAT,D,20200521,000000,75.2,77.8,73.2,74,6569,0
DAT,D,20200522,000000,74,79,73,76.2,19250,0
DAT,D,20200525,000000,77,82.6,77,79.8,15305,0
DAT,D,20200526,000000,80.2,82,77.8,79,10515,0
DAT,D,20200527,000000,79,79,76.2,76.8,9265,0
DAT,D,20200528,000000,77.4,85,77.4,82.2,32455,0
DAT,D,20200529,000000,82.4,83,80,82.2,7577,0
DAT,D,20200601,000000,82.8,82.8,80.8,81.8,2736,0
DAT,D,20200602,000000,81.8,83,80.2,83,5819,0
DAT,D,20200603,000000,84,86,81.6,83.4,5613,0
DAT,D,20200604,000000,85,85,83.6,84.8,5131,0
DAT,D,20200605,000000,84.4,96.8,83.6,95,27405,0
DAT,D,20200608,000000,96.8,96.8,87.6,90.4,17404,0
DAT,D,20200609,000000,91.6,95.8,86.4,95.4,9573,0
DAT,D,20200610,000000,96.4,98.8,96.4,98.6,12619,0
DAT,D,20200612,000000,91.4,99.8,87,99.8,22288,0
DAT,D,20200615,000000,99.2,99.2,94,98.2,8805,0
DAT,D,20200616,000000,100.5,117.5,100.5,117,30997,0
DAT,D,20200617,000000,117.5,134,108.5,115,41485,0
DAT,D,20200618,000000,116,127.5,115.5,127,23218,0
DAT,D,20200619,000000,128,154.5,127,150.5,46911,0
DAT,D,20200622,000000,151,178,151,171,58287,0
DAT,D,20200623,000000,175,186,152,168.5,53951,0
DAT,D,20200624,000000,169,175.5,158,167,21317,0
DAT,D,20200625,000000,167,169,162,164,49486,0
DAT,D,20200626,000000,164,164,156,161,19815,0
DAT,D,20200629,000000,159,160,152.5,154.5,14628,0
DAT,D,20200630,000000,153,164,132,141,30089,0
DAT,D,20200701,000000,150,162,145,151,23374,0
DAT,D,20200702,000000,155,164,150,162.5,17707,0
DAT,D,20200703,000000,165,168,161.5,165,6618,0
DAT,D,20200706,000000,164.5,164.5,158,159,11238,0
DAT,D,20200707,000000,160,160,152.5,154.5,9697,0
DAT,D,20200708,000000,153,155,146,154,9364,0
DAT,D,20200709,000000,154,158,152,154,5768,0
DAT,D,20200710,000000,153,156,147,155.5,8873,0
