<TICKER>,<PER>,<DATE>,<TIME>,<OPEN>,<HIGH>,<LOW>,<CLOSE>,<VOL>,<OPENINT>
DNP,D,20170419,000000,36.15,37.88,36.15,37.5,10267297,0
DNP,D,20170420,000000,37.45,38.2,37.2,38,1361524,0
DNP,D,20170421,000000,38.14,39.5,38.08,39.19,1513875,0
DNP,D,20170424,000000,39.5,39.5,38.6,39.36,664260,0
DNP,D,20170425,000000,38.86,39.94,38.72,39.15,920443,0
DNP,D,20170426,000000,39.2,39.46,37.51,38.69,472193,0
DNP,D,20170427,000000,38.69,38.69,38.18,38.55,66596,0
DNP,D,20170428,000000,38.69,38.76,37.77,38.76,181393,0
DNP,D,20170502,000000,38.55,38.7,38.08,38.7,45397,0
DNP,D,20170504,000000,39,39.48,38.7,38.8,168665,0
DNP,D,20170505,000000,38.99,39.3,38.81,38.84,127879,0
DNP,D,20170508,000000,39,39.35,37.95,39.01,146641,0
DNP,D,20170509,000000,39.03,39.33,38.21,38.6,85999,0
DNP,D,20170510,000000,38.5,38.5,38.05,38.4,71885,0
DNP,D,20170511,000000,38.4,38.4,37.6,38,246320,0
DNP,D,20170512,000000,38,38.79,37.79,38.79,98143,0
DNP,D,20170515,000000,38.5,39.15,38.5,39,481057,0
DNP,D,20170516,000000,39,39.28,38.87,38.98,190881,0
DNP,D,20170517,000000,38.75,39,38.3,38.71,24182,0
DNP,D,20170518,000000,38.31,38.59,37.76,38.23,39541,0
DNP,D,20170519,000000,38.05,39.95,38.05,39.8,233673,0
DNP,D,20170522,000000,39.79,40.56,39.3,40.5,250581,0
DNP,D,20170523,000000,40.65,40.65,40,40.35,134415,0
DNP,D,20170524,000000,41,42.03,40.35,41.48,581839,0
DNP,D,20170525,000000,41.53,41.53,40.36,40.83,267990,0
DNP,D,20170526,000000,40.75,41.5,40.75,41.45,126791,0
DNP,D,20170529,000000,41.38,41.5,41.24,41.48,5600,0
DNP,D,20170530,000000,41.69,41.69,40.65,40.65,143936,0
DNP,D,20170531,000000,40.7,41.13,40.7,41.13,239122,0
DNP,D,20170601,000000,41.29,43.18,41.29,43.01,182903,0
DNP,D,20170602,000000,43.7,46.22,43.7,45,457453,0
DNP,D,20170605,000000,45,45.8,43.92,45,89875,0
DNP,D,20170606,000000,44.6,44.7,44.23,44.49,46305,0
DNP,D,20170607,000000,44.71,45,43.95,44.39,76436,0
DNP,D,20170608,000000,44.68,44.68,43.5,43.76,193194,0
DNP,D,20170609,000000,43.99,44,43.7,43.85,8917,0
DNP,D,20170612,000000,44,44.14,43.21,43.88,13507,0
DNP,D,20170613,000000,43.88,43.9,43.6,43.85,8015,0
DNP,D,20170614,000000,44.05,44.05,43.35,43.35,271799,0
DNP,D,20170616,000000,43.35,44,43.1,43.75,203057,0
DNP,D,20170619,000000,44.99,45.3,44.56,44.9,543931,0
DNP,D,20170620,000000,45.17,45.6,45.17,45.31,84724,0
DNP,D,20170621,000000,45.95,45.95,45.19,45.19,28979,0
DNP,D,20170622,000000,45.19,45.19,45,45.1,655945,0
DNP,D,20170623,000000,45.5,45.79,45.12,45.48,56530,0
DNP,D,20170626,000000,45.79,45.93,45.51,45.8,99575,0
DNP,D,20170627,000000,45.8,45.8,45.4,45.4,13291,0
DNP,D,20170628,000000,45.4,45.6,45,45.6,21496,0
DNP,D,20170629,000000,45.9,46,45.8,46,68021,0
DNP,D,20170630,000000,45.85,46.89,45.83,46.89,121770,0
DNP,D,20170703,000000,47.13,47.32,46.52,47.1,13975,0
DNP,D,20170704,000000,47.1,47.75,46.83,46.97,139571,0
DNP,D,20170705,000000,47.3,47.3,45.25,46.5,41905,0
DNP,D,20170706,000000,46.12,47,46,47,7936,0
DNP,D,20170707,000000,47.2,47.78,46.03,46.2,242915,0
DNP,D,20170710,000000,46.2,47.2,46.2,47.2,462388,0
DNP,D,20170711,000000,47.2,47.2,47,47.15,90492,0
DNP,D,20170712,000000,47.16,48.46,47.15,48.24,268872,0
DNP,D,20170713,000000,48.25,48.3,47.53,48.3,308413,0
DNP,D,20170714,000000,48.3,48.49,47.7,48.2,88014,0
DNP,D,20170717,000000,46.11,50.2,46.11,48.41,225916,0
DNP,D,20170718,000000,48.45,49.2,48.1,48.5,66410,0
DNP,D,20170719,000000,49.8,49.9,47.15,48.9,500600,0
DNP,D,20170720,000000,48.94,50.29,48.89,50,117036,0
DNP,D,20170721,000000,50,51.44,49.9,50.04,285341,0
DNP,D,20170724,000000,50.98,50.98,49.88,50,347122,0
DNP,D,20170725,000000,50.39,50.39,50,50.15,22890,0
DNP,D,20170726,000000,50.2,50.2,50,50.05,90477,0
DNP,D,20170727,000000,50.2,51.1,50.06,50.8,49673,0
DNP,D,20170728,000000,50.8,52.77,50.8,52.38,322844,0
DNP,D,20170731,000000,53,53.6,52.47,53.4,409806,0
DNP,D,20170801,000000,53,53.5,52.57,52.75,131873,0
DNP,D,20170802,000000,53,53.5,52.76,53,71126,0
DNP,D,20170803,000000,53.11,53.38,52.37,52.37,133448,0
DNP,D,20170804,000000,52,52.76,51.5,51.5,98528,0
DNP,D,20170807,000000,51.45,51.5,49.15,50.4,169069,0
DNP,D,20170808,000000,50.99,51.39,50.5,50.99,146353,0
DNP,D,20170809,000000,50.9,51.28,50.5,50.77,15599,0
DNP,D,20170810,000000,51,51.19,50.75,51,73641,0
DNP,D,20170811,000000,50.81,50.99,50.6,50.8,26404,0
DNP,D,20170814,000000,50.92,50.92,49.37,50.39,49237,0
DNP,D,20170816,000000,50.41,50.89,49.6,50.65,179528,0
DNP,D,20170817,000000,50.05,50.5,50,50.1,88187,0
DNP,D,20170818,000000,50.1,50.39,49.99,50.15,46944,0
DNP,D,20170821,000000,50.1,50.5,50.1,50.48,11615,0
DNP,D,20170822,000000,50.5,52.85,50.1,52.48,48993,0
DNP,D,20170823,000000,52.39,52.5,52.01,52.17,398607,0
DNP,D,20170824,000000,52.18,53,52.18,53,46324,0
DNP,D,20170825,000000,52.75,53.78,52.64,53.45,21767,0
DNP,D,20170828,000000,53.11,53.7,53.01,53.6,14339,0
DNP,D,20170829,000000,53.61,54.3,53,54.28,77876,0
DNP,D,20170830,000000,55.05,57.68,55.05,57.45,453641,0
DNP,D,20170831,000000,58.2,59.47,58.2,58.98,430478,0
DNP,D,20170901,000000,59.45,59.45,58.04,58.6,153220,0
DNP,D,20170904,000000,58,59,58,58.95,45244,0
DNP,D,20170905,000000,59.05,59.2,58.1,59,80663,0
DNP,D,20170906,000000,58.88,59.5,58.65,59.5,114321,0
DNP,D,20170907,000000,59.75,64.3,59.26,61.5,330047,0
DNP,D,20170908,000000,62,63.99,61.99,62.35,231994,0
DNP,D,20170911,000000,62.5,63.29,62.35,62.5,46027,0
DNP,D,20170912,000000,62.75,63.88,62.52,63.26,53186,0
DNP,D,20170913,000000,64.29,65.59,63.35,64.98,137440,0
DNP,D,20170914,000000,65.49,65.49,65.09,65.25,38124,0
DNP,D,20170915,000000,65.4,65.6,65,65.57,95150,0
DNP,D,20170918,000000,65.6,67,60.35,61.9,207125,0
DNP,D,20170919,000000,62,62.89,58.72,62.24,267529,0
DNP,D,20170920,000000,62.8,63.83,62.5,63.8,331478,0
DNP,D,20170921,000000,64.47,64.47,63,63.43,252594,0
DNP,D,20170922,000000,63.62,63.9,63.31,63.65,74697,0
DNP,D,20170925,000000,64,64.48,63.37,63.37,23308,0
DNP,D,20170926,000000,63.6,64,62.42,63.7,254413,0
DNP,D,20170927,000000,63.99,65.39,61.68,65.39,451228,0
DNP,D,20170928,000000,65.5,66.5,65.2,65.93,352856,0
DNP,D,20170929,000000,65,66.4,65,66.35,213594,0
DNP,D,20171002,000000,66.5,67.89,66.47,67.07,123048,0
DNP,D,20171003,000000,68.4,69.3,68.2,68.72,161174,0
DNP,D,20171004,000000,69.5,69.5,67.55,67.9,184008,0
DNP,D,20171005,000000,68,69,66.8,68.75,269074,0
DNP,D,20171006,000000,68.75,68.95,68.24,68.75,410203,0
DNP,D,20171009,000000,68.75,68.75,68.3,68.6,81444,0
DNP,D,20171010,000000,68.5,69.49,68.5,68.8,129874,0
DNP,D,20171011,000000,69.01,69.36,66.91,68.65,78791,0
DNP,D,20171012,000000,69.47,69.97,68.95,69.5,89458,0
DNP,D,20171013,000000,69.95,69.95,69.49,69.75,33305,0
DNP,D,20171016,000000,69.97,69.99,68.62,68.8,95085,0
DNP,D,20171017,000000,69.4,69.4,67.77,69,82907,0
DNP,D,20171018,000000,69.2,69.2,68.62,68.8,25459,0
DNP,D,20171019,000000,69.5,69.5,66.62,67,73837,0
DNP,D,20171020,000000,67,67.29,66,66.85,134543,0
DNP,D,20171023,000000,67.5,68.34,67,67.25,101765,0
DNP,D,20171024,000000,67.32,67.8,66.42,67,450341,0
DNP,D,20171025,000000,67.2,67.2,66.33,66.98,176804,0
DNP,D,20171026,000000,67.48,68.98,67.11,68.19,235624,0
DNP,D,20171027,000000,68.5,69.57,67.52,68,520459,0
DNP,D,20171030,000000,68,69.84,68,68.6,119380,0
DNP,D,20171031,000000,68.3,69.4,68.28,68.52,337378,0
DNP,D,20171102,000000,68.52,69.5,68,68,210333,0
DNP,D,20171103,000000,68.04,69.3,67.52,67.71,178704,0
DNP,D,20171106,000000,67.74,69,67.74,67.8,147893,0
DNP,D,20171107,000000,68.33,68.33,67.11,67.4,194443,0
DNP,D,20171108,000000,67.4,68.2,63.27,66.99,415033,0
DNP,D,20171109,000000,66.99,67.03,64,64.5,485805,0
DNP,D,20171110,000000,64.5,65,64,64,262646,0
DNP,D,20171113,000000,63.51,64.92,61.22,64.4,458077,0
DNP,D,20171114,000000,67.5,67.77,64.5,66,832757,0
DNP,D,20171115,000000,68.5,68.5,65.21,66.77,552346,0
DNP,D,20171116,000000,67,67.22,65.42,66.5,457339,0
DNP,D,20171117,000000,66.8,67.9,65.54,67.2,517538,0
DNP,D,20171120,000000,67.21,68.6,66.99,67.3,379299,0
DNP,D,20171121,000000,67.5,68.44,67.5,67.99,704289,0
DNP,D,20171122,000000,68,71.1,67.9,71.1,678454,0
DNP,D,20171123,000000,71.33,73.12,71.3,72.6,601065,0
DNP,D,20171124,000000,73.2,75.15,73.19,74.7,945580,0
DNP,D,20171127,000000,74.99,77.46,74.06,74.3,946051,0
DNP,D,20171128,000000,73,77.2,73,77,641594,0
DNP,D,20171129,000000,77.01,77.5,74.45,75.42,682378,0
DNP,D,20171130,000000,75.25,75.25,71.05,72.84,5586540,0
DNP,D,20171201,000000,72.85,73.34,71.15,72.35,563578,0
DNP,D,20171204,000000,72.4,74.27,71.51,72.5,526512,0
DNP,D,20171205,000000,72.5,77.25,72.04,77.25,809881,0
DNP,D,20171206,000000,76.2,77,71.69,72.89,825537,0
DNP,D,20171207,000000,72.89,74.93,72.89,74,409642,0
DNP,D,20171208,000000,73.67,74.48,72.2,73,410681,0
DNP,D,20171211,000000,72.75,74.99,72.25,74.99,356046,0
DNP,D,20171212,000000,74.2,74.96,73.11,74.09,168738,0
DNP,D,20171213,000000,74.07,76.86,73.57,76.54,361620,0
DNP,D,20171214,000000,76.55,77.8,76.55,77.01,220594,0
DNP,D,20171215,000000,77.03,77.89,76.55,77.5,1797169,0
DNP,D,20171218,000000,77.99,77.99,74.53,76.95,162807,0
DNP,D,20171219,000000,76.63,78.32,76,78.32,165736,0
DNP,D,20171220,000000,78.4,78.4,76,76.43,134738,0
DNP,D,20171221,000000,76.78,76.98,74.62,75.2,77620,0
DNP,D,20171222,000000,75.9,76.31,74.57,74.57,45159,0
DNP,D,20171227,000000,74.6,75.99,74.6,75.6,90652,0
DNP,D,20171228,000000,75.8,77.5,75.05,77.5,51350,0
DNP,D,20171229,000000,77.5,78.8,76.01,78.8,158311,0
DNP,D,20180103,000000,78.5,82.3,76.95,81.6,280605,0
DNP,D,20180104,000000,81.6,82,80.5,81.6,111832,0
DNP,D,20180105,000000,81.95,84.35,81.55,82.5,250730,0
DNP,D,20180108,000000,84,84,82.45,83.15,178639,0
DNP,D,20180109,000000,83.6,83.65,81.15,81.45,167538,0
DNP,D,20180110,000000,81.8,81.8,77.6,78.5,474887,0
DNP,D,20180111,000000,78.7,79.9,77.5,77.5,264755,0
DNP,D,20180112,000000,77.6,78.45,77.6,77.8,140207,0
DNP,D,20180115,000000,78.2,78.25,75.3,77.8,149871,0
DNP,D,20180116,000000,78.2,79.85,77.2,79.75,189334,0
DNP,D,20180117,000000,80.05,81,78.55,80,144917,0
DNP,D,20180118,000000,79.95,83.1,79.35,82.15,385467,0
DNP,D,20180119,000000,82.7,83.9,81.7,82,213953,0
DNP,D,20180122,000000,82.5,82.85,81.05,82.85,148853,0
DNP,D,20180123,000000,82.9,83.6,80.55,83.6,167151,0
DNP,D,20180124,000000,83.5,84,82.5,83.7,86074,0
DNP,D,20180125,000000,83.95,83.95,79.5,80.2,199050,0
DNP,D,20180126,000000,81,82.9,80.8,82.9,100835,0
DNP,D,20180129,000000,83,83.25,81,82,91409,0
DNP,D,20180130,000000,81.55,82.2,81.3,82,54900,0
DNP,D,20180131,000000,82.5,83.95,82,83.5,161000,0
DNP,D,20180201,000000,83.9,85,83.25,85,250025,0
DNP,D,20180202,000000,84.5,88.2,82.4,88.2,388443,0
DNP,D,20180205,000000,86,86.5,82.5,84.7,186980,0
DNP,D,20180206,000000,81,81.65,78.3,80.25,530875,0
DNP,D,20180207,000000,83.75,83.8,81.7,83,266126,0
DNP,D,20180208,000000,83.2,83.2,80,80,155207,0
DNP,D,20180209,000000,77.95,80.5,77.4,79.65,307774,0
DNP,D,20180212,000000,80.05,81.85,80.05,81.1,160262,0
DNP,D,20180213,000000,81.9,81.95,81,81.4,117645,0
DNP,D,20180214,000000,81.8,81.9,80.15,80.35,126570,0
DNP,D,20180215,000000,81.5,81.6,80.5,80.5,89284,0
DNP,D,20180216,000000,81.45,83.9,81.1,83.25,187336,0
DNP,D,20180219,000000,83.8,83.9,82.65,83,85774,0
DNP,D,20180220,000000,83,83.75,82.45,83.3,146117,0
DNP,D,20180221,000000,83.5,83.5,81,82.35,69362,0
DNP,D,20180222,000000,82.5,82.9,80.25,82.5,123837,0
DNP,D,20180223,000000,83,84.35,82.55,83,162855,0
DNP,D,20180226,000000,84,85,82.85,84.55,143249,0
DNP,D,20180227,000000,85,85.5,83.85,84.95,114749,0
DNP,D,20180228,000000,84.3,85.5,83.2,85.35,167480,0
DNP,D,20180301,000000,84.4,85.4,83.2,83.3,106461,0
DNP,D,20180302,000000,83.05,84,82.2,83,80747,0
DNP,D,20180305,000000,82.9,84.95,81.35,84.5,102217,0
DNP,D,20180306,000000,85,86,84.55,85,90543,0
DNP,D,20180307,000000,84.95,89,84.5,89,120109,0
DNP,D,20180308,000000,88.5,88.8,87.25,88.6,146212,0
DNP,D,20180309,000000,88.6,91,87.25,90.95,117248,0
DNP,D,20180312,000000,91.15,92.6,90.6,91.45,132823,0
DNP,D,20180313,000000,91.9,92.5,90.3,92.2,83193,0
DNP,D,20180314,000000,92,92.5,90,90,106315,0
DNP,D,20180315,000000,90.05,91,89,89.75,69003,0
DNP,D,20180316,000000,89.95,91.1,88.7,91.1,460222,0
DNP,D,20180319,000000,93.25,94.75,89,90.45,166386,0
DNP,D,20180320,000000,90.45,90.45,86.2,86.2,207005,0
DNP,D,20180321,000000,87.35,90.6,86.05,90.6,235469,0
DNP,D,20180322,000000,91,91.7,87.6,89.15,127198,0
DNP,D,20180323,000000,87.9,88.5,85.5,87.5,545719,0
DNP,D,20180326,000000,87.45,88.8,85.65,85.65,148747,0
DNP,D,20180327,000000,87.45,89.6,86.25,89.35,138772,0
DNP,D,20180328,000000,88.05,88.4,84.9,84.9,175538,0
DNP,D,20180329,000000,85.55,87.7,85.1,86.85,97992,0
DNP,D,20180403,000000,86.75,86.75,84.55,85.1,91674,0
DNP,D,20180404,000000,85.15,86.7,85.15,86.35,100585,0
DNP,D,20180405,000000,86.4,87,86.4,86.9,98285,0
DNP,D,20180406,000000,87.3,90,87.05,89.55,192775,0
DNP,D,20180409,000000,89.9,91.8,88,90,149398,0
DNP,D,20180410,000000,91.3,91.4,89.3,90.95,151134,0
DNP,D,20180411,000000,91,92.45,89.35,90.45,153096,0
DNP,D,20180412,000000,90.5,92.6,90.5,91.9,106090,0
DNP,D,20180413,000000,91.9,92.5,91.25,91.9,157542,0
DNP,D,20180416,000000,92.1,92.5,91.45,92.3,65779,0
DNP,D,20180417,000000,92.3,94.5,91.5,94,122072,0
DNP,D,20180418,000000,94.5,95.25,93.4,94.5,125559,0
DNP,D,20180419,000000,95,95.2,93.5,93.5,139637,0
DNP,D,20180420,000000,93.5,94.25,90.9,90.9,87306,0
DNP,D,20180423,000000,91,91.75,90.05,90.05,94261,0
DNP,D,20180424,000000,90.8,93.1,90.5,90.5,149101,0
DNP,D,20180425,000000,91.5,92.4,90.7,91,82318,0
DNP,D,20180426,000000,91.1,91.5,90.75,90.75,95490,0
DNP,D,20180427,000000,91.4,92.4,90.85,92.25,112302,0
DNP,D,20180430,000000,92,95.5,91.5,95,208226,0
DNP,D,20180502,000000,96,97.9,94.45,95.8,109551,0
DNP,D,20180504,000000,96.45,98.5,95.8,97.1,220567,0
DNP,D,20180507,000000,97.95,98.3,95.15,96.25,77633,0
DNP,D,20180508,000000,97.15,98.85,96.35,96.65,223952,0
DNP,D,20180509,000000,98.6,98.6,97.15,98.1,125104,0
DNP,D,20180510,000000,98.7,99,97.1,97.65,108600,0
DNP,D,20180511,000000,98.9,99,97.45,98.2,161223,0
DNP,D,20180514,000000,98.2,102.3,98.2,100.5,98103,0
DNP,D,20180515,000000,100.8,102.9,98.55,100,131965,0
DNP,D,20180516,000000,103,110,103,107.1,603239,0
DNP,D,20180517,000000,106.9,112.7,104.6,112.1,309717,0
DNP,D,20180518,000000,111.9,111.9,104.2,106.1,309335,0
DNP,D,20180521,000000,107.7,109.7,102.6,103.6,245563,0
DNP,D,20180522,000000,103.7,106.9,103.6,105.8,141529,0
DNP,D,20180523,000000,106.9,107.5,102.9,102.9,152256,0
DNP,D,20180524,000000,104,109.6,103.8,108.8,212951,0
DNP,D,20180525,000000,107.7,112,107.5,112,188903,0
DNP,D,20180528,000000,110.6,111.9,106.6,108,180303,0
DNP,D,20180529,000000,107,111.4,104.2,111.2,291199,0
DNP,D,20180530,000000,110,111.4,107,111.4,550332,0
DNP,D,20180601,000000,111.2,112.9,106.2,106.7,288936,0
DNP,D,20180604,000000,108,109,106.9,108.3,177429,0
DNP,D,20180605,000000,107.9,109,106.5,107.4,121496,0
DNP,D,20180606,000000,108,108.1,105,105,216891,0
DNP,D,20180607,000000,105.5,107.3,102.2,103.1,164329,0
DNP,D,20180608,000000,103,104,100.4,102.2,192491,0
DNP,D,20180611,000000,103,103.9,100.1,100.1,230560,0
DNP,D,20180612,000000,100.2,101,96.65,100,305766,0
DNP,D,20180613,000000,100.9,103,98.85,99.9,172870,0
DNP,D,20180614,000000,101,103.9,99.6,103.3,256132,0
DNP,D,20180615,000000,103.5,104.9,101.8,102.3,169808,0
DNP,D,20180618,000000,102,102.2,98.1,98.7,213214,0
DNP,D,20180619,000000,98,99.8,95.6,99.5,423493,0
DNP,D,20180620,000000,99.55,102,98.8,100.5,385663,0
DNP,D,20180621,000000,100,102,99,102,362454,0
DNP,D,20180622,000000,102,102,96.05,98.15,388809,0
DNP,D,20180625,000000,97.1,98.95,97,97.6,38914,0
DNP,D,20180626,000000,97.65,97.65,95.95,96.9,178983,0
DNP,D,20180627,000000,96.05,101.2,96.05,100.5,365308,0
DNP,D,20180628,000000,100,102,99.95,100.5,129253,0
DNP,D,20180629,000000,101.1,104.4,101,104,363188,0
DNP,D,20180702,000000,103.5,103.8,100.3,101.3,351361,0
DNP,D,20180703,000000,102,104.8,100.6,104,289873,0
DNP,D,20180704,000000,103.9,109.7,103.9,109.3,171327,0
DNP,D,20180705,000000,109.2,112.1,106.5,106.5,324010,0
DNP,D,20180706,000000,106.9,108,103.5,103.5,262383,0
DNP,D,20180709,000000,104.6,104.9,100,100.6,337376,0
DNP,D,20180710,000000,101,101.7,98.75,99.5,604486,0
DNP,D,20180711,000000,99.9,101.5,98.6,101.2,202416,0
DNP,D,20180712,000000,101.4,101.5,99.8,100.4,171892,0
DNP,D,20180713,000000,100.5,102.4,100.2,101,190801,0
DNP,D,20180716,000000,102.4,103.4,100.6,103.4,142315,0
DNP,D,20180717,000000,103.5,103.5,101.7,102.4,279186,0
DNP,D,20180718,000000,102.5,102.9,99.6,101.2,135575,0
DNP,D,20180719,000000,100.4,101.8,99.8,101,101262,0
DNP,D,20180720,000000,102,105,101.5,104.6,184184,0
DNP,D,20180723,000000,105,106,104.3,105.4,128612,0
DNP,D,20180724,000000,104.6,105.9,103.1,103.1,148774,0
DNP,D,20180725,000000,103.2,105.8,103.2,104.3,112315,0
DNP,D,20180726,000000,103.7,104.4,101.2,101.8,175711,0
DNP,D,20180727,000000,102,102.5,100.1,101,135268,0
DNP,D,20180730,000000,101,101.2,97,97.55,218885,0
DNP,D,20180731,000000,97.55,101.8,97,100.2,303439,0
DNP,D,20180801,000000,100.2,101,99.4,100.7,128047,0
DNP,D,20180802,000000,100,100.7,97.7,98.5,81412,0
DNP,D,20180803,000000,99,99,97.25,98.5,97841,0
DNP,D,20180806,000000,98,99.95,97.8,99.9,136261,0
DNP,D,20180807,000000,99.85,100.5,98.45,100.1,84567,0
DNP,D,20180808,000000,100,103.4,99.5,103.4,143517,0
DNP,D,20180809,000000,103.1,104,100.9,103.3,76208,0
DNP,D,20180810,000000,101.9,102.5,99.8,101.3,87255,0
DNP,D,20180813,000000,100.4,100.9,98.8,99,50981,0
DNP,D,20180814,000000,99,100.7,97.5,99.4,102389,0
DNP,D,20180816,000000,100.2,100.2,97.5,97.55,57053,0
DNP,D,20180817,000000,98.5,101.5,97.7,101.2,108647,0
DNP,D,20180820,000000,101.8,102.9,98.1,98.2,109692,0
DNP,D,20180821,000000,98.4,100,97.4,98,69850,0
DNP,D,20180822,000000,101.3,102.3,93.55,95.8,477651,0
DNP,D,20180823,000000,95.2,95.65,90.55,94.6,958041,0
DNP,D,20180824,000000,94.5,94.55,91.6,92.3,293763,0
DNP,D,20180827,000000,94.65,94.65,92,92.95,149351,0
DNP,D,20180828,000000,93,93.45,91.8,93.1,405309,0
DNP,D,20180829,000000,93.5,93.5,92.25,93,99340,0
DNP,D,20180830,000000,93,93.5,92.6,93.1,80153,0
DNP,D,20180831,000000,93.1,93.1,90.2,91.3,292305,0
DNP,D,20180903,000000,91,92.25,89.1,90.95,73792,0
DNP,D,20180904,000000,90.95,92,88.25,88.5,156706,0
DNP,D,20180905,000000,89,89.9,86.7,87.75,187098,0
DNP,D,20180906,000000,87.3,88.15,85.55,88.1,148886,0
DNP,D,20180907,000000,87.9,88.5,86.15,88,235068,0
DNP,D,20180910,000000,88.6,89.8,86.6,88.3,109012,0
DNP,D,20180911,000000,88.2,88.2,85.05,86,363421,0
DNP,D,20180912,000000,85.1,90.6,84.75,88,187668,0
DNP,D,20180913,000000,88.4,91.1,88.1,90.5,97734,0
DNP,D,20180914,000000,91.5,94.85,88.75,94.4,173660,0
DNP,D,20180917,000000,94,95.3,93.1,95,221784,0
DNP,D,20180918,000000,95.65,96.1,94.1,94.85,171918,0
DNP,D,20180919,000000,94.95,95.5,94.05,94.95,69998,0
DNP,D,20180920,000000,94.9,95.35,93.3,95,158289,0
DNP,D,20180921,000000,95,96.05,94.25,94.5,839716,0
DNP,D,20180924,000000,95.15,99.2,95.15,99.2,110532,0
DNP,D,20180925,000000,98.5,99.5,97.2,97.4,80750,0
DNP,D,20180926,000000,98,100.8,97.1,100.8,148589,0
DNP,D,20180927,000000,99.1,100,99,99.3,323560,0
DNP,D,20180928,000000,99.05,99.85,98.2,99.6,217524,0
DNP,D,20181001,000000,99.25,99.6,96,97.85,71567,0
DNP,D,20181002,000000,97.85,98.3,96,96,195825,0
DNP,D,20181003,000000,95.7,96.9,95,95.3,97188,0
DNP,D,20181004,000000,95.95,95.95,94.25,95.6,176717,0
DNP,D,20181005,000000,95.1,95.85,93.15,94.3,167884,0
DNP,D,20181008,000000,94,95.4,91.95,91.95,145757,0
DNP,D,20181009,000000,91.7,93.95,88.7,90,256057,0
DNP,D,20181010,000000,90,91.7,89,89.85,178704,0
DNP,D,20181011,000000,88,90.1,87,88.15,233030,0
DNP,D,20181012,000000,88,90.45,88,90,188902,0
DNP,D,20181015,000000,90.9,91.3,88.6,89.5,142395,0
DNP,D,20181016,000000,89.7,93.45,89.45,93.35,113059,0
DNP,D,20181017,000000,93.75,94,92.2,92.75,89513,0
DNP,D,20181018,000000,92.2,92.75,88,88.05,279776,0
DNP,D,20181019,000000,88.95,89,87.05,88.15,236424,0
DNP,D,20181022,000000,87.15,88.9,87,88,143168,0
DNP,D,20181023,000000,86.9,89.5,86.15,89,211144,0
DNP,D,20181024,000000,88.15,91.8,86,86.45,232846,0
DNP,D,20181025,000000,85.7,86.7,83.8,86.5,96669,0
DNP,D,20181026,000000,86.6,87.7,84.6,85.5,126726,0
DNP,D,20181029,000000,85.5,85.5,81.6,82,203173,0
DNP,D,20181030,000000,82,84.65,82,84,225815,0
DNP,D,20181031,000000,85,86.2,83.7,84.5,284278,0
DNP,D,20181102,000000,85.85,86.6,84.5,84.7,252667,0
DNP,D,20181105,000000,84.95,86.15,84.4,84.7,175798,0
DNP,D,20181106,000000,85,85,79.15,80.95,271378,0
DNP,D,20181107,000000,81,81.5,77.15,77.45,657463,0
DNP,D,20181108,000000,78.95,81.8,77.15,81.25,346360,0
DNP,D,20181109,000000,81,81.1,75.6,79.5,434477,0
DNP,D,20181113,000000,79.4,83.95,78.6,83.4,214759,0
DNP,D,20181114,000000,83.6,89,82.2,87.65,412897,0
DNP,D,20181115,000000,89.05,91.7,87.15,90.55,466625,0
DNP,D,20181116,000000,90,90.75,85.5,85.65,276729,0
DNP,D,20181119,000000,86.25,86.8,83.3,85,152478,0
DNP,D,20181120,000000,83.55,84.1,82.75,83.75,92823,0
DNP,D,20181121,000000,83.75,85.8,83.5,85.6,110299,0
DNP,D,20181122,000000,86,88,85,86.95,85017,0
DNP,D,20181123,000000,87,87.85,85.9,86.5,33553,0
DNP,D,20181126,000000,86.8,88.5,83.05,83.5,132588,0
DNP,D,20181127,000000,83.6,87,83.6,86.8,108774,0
DNP,D,20181128,000000,86.35,90.5,85.7,90.5,121502,0
DNP,D,20181129,000000,90.6,96.8,90.5,95,331252,0
DNP,D,20181130,000000,94.65,97.35,92.05,97.35,395917,0
DNP,D,20181203,000000,97.25,99.2,96.15,99,272293,0
DNP,D,20181204,000000,98.95,100.5,98.25,100.4,213347,0
DNP,D,20181205,000000,99,102.9,97.35,102.5,211859,0
DNP,D,20181206,000000,101,101.1,98.05,99.2,282321,0
DNP,D,20181207,000000,98.5,101.1,96.65,98.6,312797,0
DNP,D,20181210,000000,96.65,98.6,96.65,98.15,128509,0
DNP,D,20181211,000000,97,100.1,96.85,98.65,164029,0
DNP,D,20181212,000000,99.15,99.2,96.1,98.15,120726,0
DNP,D,20181213,000000,99,100.6,98.5,99.8,161280,0
DNP,D,20181214,000000,99.45,99.8,98.1,98.6,81906,0
DNP,D,20181217,000000,99.3,100.3,98,100,111627,0
DNP,D,20181218,000000,100,102,98.2,101.5,113545,0
DNP,D,20181219,000000,101,102.8,100.3,102,207142,0
DNP,D,20181220,000000,100.8,100.8,96.85,97.6,247663,0
DNP,D,20181221,000000,97.6,98.95,96.05,98.95,259579,0
DNP,D,20181227,000000,99.8,101.5,94.05,94.05,144139,0
DNP,D,20181228,000000,95.05,96,93.2,95.85,138688,0
DNP,D,20190102,000000,95.9,97.9,95.9,97.3,93325,0
DNP,D,20190103,000000,97.65,98,97.15,97.25,84588,0
DNP,D,20190104,000000,97.95,98.25,96.2,97,270727,0
DNP,D,20190107,000000,96.4,98.1,96.4,98,116540,0
DNP,D,20190108,000000,98,101,97.2,101,205061,0
DNP,D,20190109,000000,101,104,100.7,102.5,281311,0
DNP,D,20190110,000000,102.5,103,101.2,102.6,102939,0
DNP,D,20190111,000000,102,104.5,102,104.1,146527,0
DNP,D,20190114,000000,102.5,104.7,102.5,104.1,225898,0
DNP,D,20190115,000000,104.5,104.7,101,101.4,181521,0
DNP,D,20190116,000000,101.8,104.8,101.8,104.8,138199,0
DNP,D,20190117,000000,104.7,105.8,101.8,102.2,217172,0
DNP,D,20190118,000000,102.3,103.7,101.5,102.6,217772,0
DNP,D,20190121,000000,102.6,103.3,100.5,101,302444,0
DNP,D,20190122,000000,101,101.1,97.7,98.65,467818,0
DNP,D,20190123,000000,98.6,103.9,98.5,103.9,190664,0
DNP,D,20190124,000000,104.4,104.4,101.7,103.3,197813,0
DNP,D,20190125,000000,104.4,104.4,102,103.5,121550,0
DNP,D,20190128,000000,103.5,103.5,100.8,102.6,55135,0
DNP,D,20190129,000000,103,103.1,100.1,103.1,67831,0
DNP,D,20190130,000000,102.6,103.3,100,100.2,243026,0
DNP,D,20190131,000000,101,102.8,100.2,100.3,119522,0
DNP,D,20190201,000000,100.3,101.9,100.3,101.9,47072,0
DNP,D,20190204,000000,101.6,102.1,100.4,102,68346,0
DNP,D,20190205,000000,102,102,100.6,101.2,95845,0
DNP,D,20190206,000000,101.9,101.9,100.3,100.3,67723,0
DNP,D,20190207,000000,101.3,101.3,99.15,100.3,69173,0
DNP,D,20190208,000000,100.3,100.3,97.75,98.6,76710,0
DNP,D,20190211,000000,98,99.85,97.65,97.65,161251,0
DNP,D,20190212,000000,97.8,100.3,97.8,99.15,194062,0
DNP,D,20190213,000000,99.5,99.55,95.15,95.15,205415,0
DNP,D,20190214,000000,96.35,96.5,93.7,93.7,99707,0
DNP,D,20190215,000000,93,95.05,91.6,93.25,112095,0
DNP,D,20190218,000000,94.5,95.95,92.65,94.5,107967,0
DNP,D,20190219,000000,94.8,94.8,93,93.2,56687,0
DNP,D,20190220,000000,93.4,94.85,93,93.8,68332,0
DNP,D,20190221,000000,94.75,97.9,94.25,97.9,149423,0
DNP,D,20190222,000000,97.5,97.5,96,96.35,91230,0
DNP,D,20190225,000000,98.5,105.4,98.3,103,470136,0
DNP,D,20190226,000000,102.8,104.7,102.4,104,127835,0
DNP,D,20190227,000000,104.2,108.9,103.1,108,400407,0
DNP,D,20190228,000000,107.5,109.5,106.6,107,358755,0
DNP,D,20190301,000000,107.9,110.8,107.2,110,388719,0
DNP,D,20190304,000000,109,111.3,109,109.7,216641,0
DNP,D,20190305,000000,108.8,109.5,108,109,145765,0
DNP,D,20190306,000000,109.5,113,109.2,112.1,151492,0
DNP,D,20190307,000000,112.3,113.5,112,113.2,86883,0
DNP,D,20190308,000000,112,113.9,111.2,113.5,131465,0
DNP,D,20190311,000000,113.5,113.9,111.7,113,184079,0
DNP,D,20190312,000000,113.1,114.7,112.8,113.5,149653,0
DNP,D,20190313,000000,113.9,114.1,111.5,112,137390,0
DNP,D,20190314,000000,111.6,112.3,106.8,109,211746,0
DNP,D,20190315,000000,110,112.4,108.6,111.7,711723,0
DNP,D,20190318,000000,112.6,116,112,116,237151,0
DNP,D,20190319,000000,116,121.7,114,120.5,304484,0
DNP,D,20190320,000000,120.1,124.8,120.1,123.6,489999,0
DNP,D,20190321,000000,124.6,124.8,122.4,124.5,125911,0
DNP,D,20190322,000000,124,124.4,122.6,122.9,279246,0
DNP,D,20190325,000000,121.5,123.2,119.9,122.1,92583,0
DNP,D,20190326,000000,121.8,124.8,121.3,124.1,193534,0
DNP,D,20190327,000000,124.5,124.5,120,120.1,149678,0
DNP,D,20190328,000000,121.5,123,119,120.3,105082,0
DNP,D,20190329,000000,121,121.5,118.1,121,309036,0
DNP,D,20190401,000000,121,126.8,120.4,126.1,245291,0
DNP,D,20190402,000000,127.1,132.5,126.6,132,205721,0
DNP,D,20190403,000000,133.1,134.9,127.8,129.5,226820,0
DNP,D,20190404,000000,128.6,130.3,125.5,126,240789,0
DNP,D,20190405,000000,128.7,130,126.3,127,223859,0
DNP,D,20190408,000000,127.5,132.3,126.5,132,211847,0
DNP,D,20190409,000000,132,133.4,130.4,131.8,204093,0
DNP,D,20190410,000000,131.7,133.5,130.4,133.5,395264,0
DNP,D,20190411,000000,133.5,133.5,130.1,131,141675,0
DNP,D,20190412,000000,131.8,132.9,130.1,131,91317,0
DNP,D,20190415,000000,131.5,132.2,123.5,124,204590,0
DNP,D,20190416,000000,124.2,126,120.3,121,233924,0
DNP,D,20190417,000000,121.6,126.2,120.5,123.6,254081,0
DNP,D,20190418,000000,123.6,125,121.8,125,49597,0
DNP,D,20190423,000000,125.3,125.8,120.8,122,161402,0
DNP,D,20190424,000000,122.7,126.4,122,126.4,168513,0
DNP,D,20190425,000000,126,126.9,124.1,124.9,115090,0
DNP,D,20190426,000000,125,127,123.7,127,100719,0
DNP,D,20190429,000000,126.9,127.7,124.9,126,97567,0
DNP,D,20190430,000000,127,127.4,125.3,127,133771,0
DNP,D,20190502,000000,125.9,126.4,122,124.4,215785,0
DNP,D,20190506,000000,123.1,126.7,121.8,126.3,117069,0
DNP,D,20190507,000000,127,127,123.9,124.1,128523,0
DNP,D,20190508,000000,125.2,126.4,124.2,124.9,78178,0
DNP,D,20190509,000000,124.9,127,122.2,123.5,164244,0
DNP,D,20190510,000000,126,128.4,124.1,127.3,174798,0
DNP,D,20190513,000000,127.5,127.5,126,127.3,88626,0
DNP,D,20190514,000000,127.1,131,127,127.5,168246,0
DNP,D,20190515,000000,128,131.1,127.3,130.4,100027,0
DNP,D,20190516,000000,131.1,131.5,113.2,114.1,783979,0
DNP,D,20190517,000000,114,115,108,112.7,892644,0
DNP,D,20190520,000000,112.4,118.9,112.4,117.5,154609,0
DNP,D,20190521,000000,117.8,123.8,116.4,123.6,242052,0
DNP,D,20190522,000000,122.7,129,122.7,128.9,206315,0
DNP,D,20190523,000000,126.3,129,126.3,126.9,181022,0
DNP,D,20190524,000000,127,128.3,126.1,126.5,181233,0
DNP,D,20190527,000000,125.5,127,121.9,125.6,31070,0
DNP,D,20190528,000000,125.7,125.8,122.4,124,345345,0
DNP,D,20190529,000000,123.7,124.5,120.4,122.4,127010,0
DNP,D,20190530,000000,123.2,124.7,120.5,123,86728,0
DNP,D,20190531,000000,123.8,125,122,124.4,133794,0
DNP,D,20190603,000000,125,127.9,124.2,126.8,130650,0
DNP,D,20190604,000000,126,127.8,125.1,126.4,146451,0
DNP,D,20190605,000000,127.1,127.2,124.6,125.8,108368,0
DNP,D,20190606,000000,126.3,126.9,123.2,125.5,227021,0
DNP,D,20190607,000000,125.5,126.9,124.7,125.7,125795,0
DNP,D,20190610,000000,125.2,126.8,124.1,124.7,66819,0
DNP,D,20190611,000000,124.2,124.2,121.7,123.2,99532,0
DNP,D,20190612,000000,122.1,125.2,121,122,127750,0
DNP,D,20190613,000000,123.2,128,122.5,126.1,106858,0
DNP,D,20190614,000000,125.4,128.5,124.7,127,133867,0
DNP,D,20190617,000000,127.3,127.8,125.9,127.2,79796,0
DNP,D,20190618,000000,126.3,135.7,125.8,135.4,181979,0
DNP,D,20190619,000000,135,135.4,131.9,134.6,105460,0
DNP,D,20190621,000000,134.6,136,129.3,130.8,347758,0
DNP,D,20190624,000000,131.3,131.6,127.2,128.7,122110,0
DNP,D,20190625,000000,128.6,131,128,130.5,134522,0
DNP,D,20190626,000000,130.7,130.7,127.6,127.6,81449,0
DNP,D,20190627,000000,128,130.5,127.9,129.6,149794,0
DNP,D,20190628,000000,129.10,131.20,128.40,130.90,108853,0
DNP,D,20190701,000000,132.4,135,131.1,134.5,120970,0
DNP,D,20190702,000000,135,137,127.8,136,242236,0
DNP,D,20190703,000000,136,137.3,132.5,136.8,129990,0
DNP,D,20190704,000000,137,139.5,134.7,139,85606,0
DNP,D,20190705,000000,138.7,139.9,136.3,137.4,127919,0
DNP,D,20190708,000000,137.4,138.5,135.4,138.1,36826,0
DNP,D,20190709,000000,138,141.3,134.6,141.3,139521,0
DNP,D,20190710,000000,140.9,143.5,139.5,141,193502,0
DNP,D,20190711,000000,141.8,142.6,141,142.6,99541,0
DNP,D,20190712,000000,142.8,145.8,142.7,144.8,194484,0
DNP,D,20190715,000000,146,148.4,145,146.7,86404,0
DNP,D,20190716,000000,146.5,149,143.9,145.3,299270,0
DNP,D,20190717,000000,145,145.3,142.3,143,68803,0
DNP,D,20190718,000000,142.1,143.5,141.4,142.4,139811,0
DNP,D,20190719,000000,143.4,146.3,143,146,106148,0
DNP,D,20190722,000000,145,147.3,143.7,146.4,144175,0
DNP,D,20190723,000000,147.2,148.5,146.7,148,121954,0
DNP,D,20190724,000000,147.7,148.4,143.7,145.8,135023,0
DNP,D,20190725,000000,146.9,146.9,144.1,144.1,103564,0
DNP,D,20190726,000000,144.1,145.6,142.6,142.6,169459,0
DNP,D,20190729,000000,142,145,141.5,142.6,58672,0
DNP,D,20190730,000000,142.6,144.7,142,144.4,55047,0
DNP,D,20190731,000000,144.4,146.1,143,146.1,124838,0
DNP,D,20190801,000000,145,147.4,142.2,143.8,129236,0
DNP,D,20190802,000000,142.2,148,142.2,147.5,191441,0
DNP,D,20190805,000000,145.9,148,143.6,143.7,143497,0
DNP,D,20190806,000000,143.7,144,142.3,142.8,212588,0
DNP,D,20190807,000000,142.7,144.7,142.3,143.1,107910,0
DNP,D,20190808,000000,143.2,143.2,140.2,140.2,105318,0
DNP,D,20190809,000000,139.5,142.7,138.4,139.8,97545,0
DNP,D,20190812,000000,139.8,140.1,135.8,135.9,121653,0
DNP,D,20190813,000000,136.2,136.8,132.1,134.3,185166,0
DNP,D,20190814,000000,133.1,134.6,130.1,130.1,173666,0
DNP,D,20190816,000000,131,133.8,130.5,132,174992,0
DNP,D,20190819,000000,132.8,137.4,132.6,134.6,167944,0
DNP,D,20190820,000000,141,149.5,139,148,398158,0
DNP,D,20190821,000000,147.8,152.9,146.5,150.8,132035,0
DNP,D,20190822,000000,151.4,154.7,149.6,149.6,206111,0
DNP,D,20190823,000000,150,152.2,147.1,147.1,106695,0
DNP,D,20190826,000000,145.4,153.8,144.7,149.9,238358,0
DNP,D,20190827,000000,149.6,152.2,144,145,381111,0
DNP,D,20190828,000000,146.5,147.7,143.1,144,135143,0
DNP,D,20190829,000000,145,150,144,149.1,152144,0
DNP,D,20190830,000000,149.2,154.5,147.8,153.8,120210,0
DNP,D,20190902,000000,154.2,159.5,154.1,158,152132,0
DNP,D,20190903,000000,157.9,158.9,155.6,158,150209,0
DNP,D,20190904,000000,159,160.5,156.8,157.6,101886,0
DNP,D,20190905,000000,157.6,158.3,154.9,154.9,63868,0
DNP,D,20190906,000000,155.1,157.1,152.6,153.2,137279,0
DNP,D,20190909,000000,153.1,153.2,147.4,147.4,232413,0
DNP,D,20190910,000000,147,154.7,144,152,292656,0
DNP,D,20190911,000000,153,159.7,153,159.7,321985,0
DNP,D,20190912,000000,160,161.4,157.7,160.4,122493,0
DNP,D,20190913,000000,159.1,160.5,158.5,160,246298,0
DNP,D,20190916,000000,159.5,159.5,154,155,221479,0
DNP,D,20190917,000000,155,157.7,152.9,153.3,122616,0
DNP,D,20190918,000000,154.4,157,153.8,156,93691,0
DNP,D,20190919,000000,154.7,156.7,153.2,154.9,62618,0
DNP,D,20190920,000000,155.7,157.8,152.3,152.6,322729,0
DNP,D,20190923,000000,153.7,155.6,152,153.6,118235,0
DNP,D,20190924,000000,155.1,157.1,153.2,155,123204,0
DNP,D,20190925,000000,154.1,156.4,152.5,155.8,143467,0
DNP,D,20190926,000000,156,158.4,153.8,156.3,188312,0
DNP,D,20190927,000000,157.6,159.7,156.8,158.5,99022,0
DNP,D,20190930,000000,158.7,158.8,154.6,157,105651,0
DNP,D,20191001,000000,155.7,155.7,152.7,153.2,147622,0
DNP,D,20191002,000000,152.7,154.9,150.3,150.4,291638,0
DNP,D,20191003,000000,150.1,154,150.1,150.5,62262,0
DNP,D,20191004,000000,150.8,154,150.4,150.6,65178,0
DNP,D,20191007,000000,150,150.6,147.1,148,125060,0
DNP,D,20191008,000000,148,150,145.9,147.5,97968,0
DNP,D,20191009,000000,147.2,147.2,144.8,144.8,65354,0
DNP,D,20191010,000000,145,145.9,143.9,144.3,152573,0
DNP,D,20191011,000000,144.9,147.4,144,146.3,88567,0
DNP,D,20191014,000000,147,148,144,146,73967,0
DNP,D,20191015,000000,146,146.7,144.6,145.6,86707,0
DNP,D,20191016,000000,146.1,147.8,144,144,81374,0
DNP,D,20191017,000000,144,151,144,150.3,76069,0
DNP,D,20191018,000000,150,152.7,148,150.4,80546,0
DNP,D,20191021,000000,149.9,151,144.5,145.2,138445,0
DNP,D,20191022,000000,145.7,147.3,143.9,146.4,120364,0
DNP,D,20191023,000000,146,147,140.6,141,173026,0
DNP,D,20191024,000000,142.2,143.5,140.3,141.1,172668,0
DNP,D,20191025,000000,141.5,144.9,140.8,142.6,87395,0
DNP,D,20191028,000000,143,146,140.5,144.1,106595,0
DNP,D,20191029,000000,145,148.4,143.8,146.5,92104,0
DNP,D,20191030,000000,147,148.5,145.4,147.4,71381,0
DNP,D,20191031,000000,148.6,149.5,146,149,171756,0
DNP,D,20191104,000000,150,157.5,149.5,157.3,257937,0
DNP,D,20191105,000000,157.6,158.9,152.3,154,198954,0
DNP,D,20191106,000000,152.8,153.7,149.3,149.4,99289,0
DNP,D,20191107,000000,152.4,158.9,152,157.8,168832,0
DNP,D,20191108,000000,155,155,141.3,141.6,768587,0
DNP,D,20191112,000000,139,148.9,133.2,146.7,447440,0
DNP,D,20191113,000000,145.3,146,137.4,138,569091,0
DNP,D,20191114,000000,138.5,138.5,134.2,135.5,397213,0
DNP,D,20191115,000000,135.2,140.5,135.2,139.1,155028,0
DNP,D,20191118,000000,139.1,142.4,138.4,141.9,141129,0
DNP,D,20191119,000000,140.9,142.2,140,141.5,136739,0
DNP,D,20191120,000000,139.7,140.3,135.5,135.6,132690,0
DNP,D,20191121,000000,136.4,138,134.6,136,159852,0
DNP,D,20191122,000000,136,137.3,134,134,156783,0
DNP,D,20191125,000000,135,136,134.1,134.2,86699,0
DNP,D,20191126,000000,134.1,134.2,131.6,132,557818,0
DNP,D,20191127,000000,132.1,133.7,132.1,133.6,189823,0
DNP,D,20191128,000000,134.5,134.5,132.8,133.4,50100,0
DNP,D,20191129,000000,133.4,137.5,133,135.2,552519,0
DNP,D,20191202,000000,138,138.8,135.1,136.3,543474,0
DNP,D,20191203,000000,136.3,137.1,135.6,136.4,273059,0
DNP,D,20191204,000000,136.9,136.9,134.2,136,241573,0
DNP,D,20191205,000000,136.7,136.7,134.2,136,151447,0
DNP,D,20191206,000000,135.2,138.2,134.7,137.4,245832,0
DNP,D,20191209,000000,137.5,137.5,135.7,136.5,204535,0
DNP,D,20191210,000000,137.5,138,134.9,137.5,231709,0
DNP,D,20191211,000000,137.5,139.9,137.1,138.7,190642,0
DNP,D,20191212,000000,139.9,142.5,139.2,141.5,161081,0
DNP,D,20191213,000000,142.5,143,138.9,139.8,89993,0
DNP,D,20191216,000000,139.8,140.6,139.4,140,382902,0
DNP,D,20191217,000000,140.8,141,138.1,138.4,141519,0
DNP,D,20191218,000000,139.3,139.3,136.7,137.8,98965,0
DNP,D,20191219,000000,138.9,140.7,137.8,140,140911,0
DNP,D,20191220,000000,140,142.9,140,142,210891,0
DNP,D,20191223,000000,141.1,141.9,139.5,141.3,68372,0
DNP,D,20191227,000000,142,144.9,142,143.9,69438,0
DNP,D,20191230,000000,143.8,145.4,143.8,144,69720,0
DNP,D,20200102,000000,144.3,145.2,142,145.2,161952,0
DNP,D,20200103,000000,144.7,144.7,141.8,141.8,159715,0
DNP,D,20200107,000000,141.7,145.4,140.1,143.3,164973,0
DNP,D,20200108,000000,142.5,142.9,141.8,142.3,51186,0
DNP,D,20200109,000000,142.7,145.3,142.7,145.2,105254,0
DNP,D,20200110,000000,145.6,150.8,144.6,150.5,203425,0
DNP,D,20200113,000000,150.5,161.8,150.2,159.7,309990,0
DNP,D,20200114,000000,159.5,159.6,152.5,152.5,204476,0
DNP,D,20200115,000000,153,156.8,153,156,105211,0
DNP,D,20200116,000000,156.9,156.9,153.3,153.3,104836,0
DNP,D,20200117,000000,154,158.1,153,155.6,89297,0
DNP,D,20200120,000000,155.1,159.6,155.1,159.3,84647,0
DNP,D,20200121,000000,159.3,160.3,156.3,159.6,225482,0
DNP,D,20200122,000000,159.6,166.9,159.2,166.9,205201,0
DNP,D,20200123,000000,166.9,171.5,166,167.7,212020,0
DNP,D,20200124,000000,166,168,161.8,161.8,131625,0
DNP,D,20200127,000000,160,161.8,153.6,153.9,272390,0
DNP,D,20200128,000000,155,157.3,155,155.1,77130,0
DNP,D,20200129,000000,155.3,159.9,155.3,158.7,126399,0
DNP,D,20200130,000000,157.3,160.5,156,159,88340,0
DNP,D,20200131,000000,161,162.8,159.4,162.5,223593,0
DNP,D,20200203,000000,161.5,169,161.5,167.9,162639,0
DNP,D,20200204,000000,167.8,168.4,163.1,164.7,228789,0
DNP,D,20200205,000000,164.6,171.4,164.6,168,195225,0
DNP,D,20200206,000000,168,168.9,162.5,166,183159,0
DNP,D,20200207,000000,165.2,165.2,161.5,162.3,160650,0
DNP,D,20200210,000000,162.5,165.4,162.5,164.3,111323,0
DNP,D,20200211,000000,164.4,165.3,160.1,163.1,97328,0
DNP,D,20200212,000000,163.2,166.8,162.9,165.6,182399,0
DNP,D,20200213,000000,165,167,163.7,167,54327,0
DNP,D,20200214,000000,167.8,167.9,160.9,162.1,180384,0
DNP,D,20200217,000000,163.5,165.2,162.4,164.6,93758,0
DNP,D,20200218,000000,162.1,167,162.1,166.9,57012,0
DNP,D,20200219,000000,166.5,171.4,166.5,169.5,226014,0
DNP,D,20200220,000000,169.7,169.8,167.3,167.4,150456,0
DNP,D,20200221,000000,167.9,169.4,165.7,166.8,150544,0
DNP,D,20200224,000000,165.7,165.7,159.2,159.3,208591,0
DNP,D,20200225,000000,159.3,161.3,156.1,157.9,305464,0
DNP,D,20200226,000000,157.9,161,153.8,156.1,211736,0
DNP,D,20200227,000000,156,156.5,143.9,146,331571,0
DNP,D,20200228,000000,139.4,145.7,136.4,141.8,567867,0
DNP,D,20200302,000000,146.6,154.7,146.6,151.8,375327,0
DNP,D,20200303,000000,153,161.1,153,155,343482,0
DNP,D,20200304,000000,152.2,158,152.2,154.7,134702,0
DNP,D,20200305,000000,157.4,159.2,155.2,157.9,133927,0
DNP,D,20200306,000000,156,157.2,153.2,156.5,137724,0
DNP,D,20200309,000000,145,152,144.7,145.6,199497,0
DNP,D,20200310,000000,146.2,153,146,149,417074,0
DNP,D,20200311,000000,149,150.7,141.6,145,327625,0
DNP,D,20200312,000000,136.5,138.6,125,125,438299,0
DNP,D,20200313,000000,127.5,140.2,127.5,137.5,704396,0
DNP,D,20200316,000000,135,143.2,133.2,136,458607,0
DNP,D,20200317,000000,139.8,152.3,137.6,151.8,463479,0
DNP,D,20200318,000000,153,165,141.2,148.4,486703,0
DNP,D,20200319,000000,143,151.4,143,149.5,389520,0
DNP,D,20200320,000000,150,154.3,144,148.2,605562,0
DNP,D,20200323,000000,144,150,141,142.3,193137,0
DNP,D,20200324,000000,147.2,150.2,144.1,149.3,263678,0
DNP,D,20200325,000000,150.2,152.2,143.4,147.4,164146,0
DNP,D,20200326,000000,144.5,152,143.4,150.5,196338,0
DNP,D,20200327,000000,152.2,152.2,148,151.2,143175,0
DNP,D,20200330,000000,151.4,162.9,149.5,162,291223,0
DNP,D,20200331,000000,161.5,165.6,155.3,162.1,322031,0
DNP,D,20200401,000000,157,160.7,154.2,158,153699,0
DNP,D,20200402,000000,157.5,158.9,152.8,158.7,154592,0
DNP,D,20200403,000000,156.5,164.2,156.3,164.2,275056,0
DNP,D,20200406,000000,168,169.9,164.3,166,230598,0
DNP,D,20200407,000000,169.6,169.6,164.9,165.2,199478,0
DNP,D,20200408,000000,165,169.4,164.4,166.7,211820,0
DNP,D,20200409,000000,165.7,168.8,165.7,168.6,173868,0
DNP,D,20200414,000000,169,170,167.7,170,162719,0
DNP,D,20200415,000000,170,172.4,165.5,166.1,188705,0
DNP,D,20200416,000000,168.8,170.2,165.9,170.2,169131,0
DNP,D,20200417,000000,172,187.5,171.7,186,538281,0
DNP,D,20200420,000000,184.9,184.9,180.2,184,186979,0
DNP,D,20200421,000000,181.6,183,174.3,175.9,195252,0
DNP,D,20200422,000000,175.8,184.3,175.4,184.1,181697,0
DNP,D,20200423,000000,183.6,189.2,182.3,188.9,297198,0
DNP,D,20200424,000000,183,184.6,175,175,311989,0
DNP,D,20200427,000000,178,181.3,175.6,178,124812,0
DNP,D,20200428,000000,179.7,185.9,179.2,179.8,159017,0
DNP,D,20200429,000000,179.6,179.9,172,173.6,207727,0
DNP,D,20200430,000000,174,176.5,172.9,174.6,147859,0
DNP,D,20200504,000000,170.1,175.3,168.2,173.7,129938,0
DNP,D,20200505,000000,174,175,169,169.5,280180,0
DNP,D,20200506,000000,170,173.2,166,167,151854,0
DNP,D,20200507,000000,168.1,172.9,164.4,169.3,145180,0
DNP,D,20200508,000000,170.5,171.7,168.3,169,97513,0
DNP,D,20200511,000000,167.9,170,160.5,161.2,358563,0
DNP,D,20200512,000000,161,161.5,153.3,157,377771,0
DNP,D,20200513,000000,155.8,157.7,154,157,394404,0
DNP,D,20200514,000000,154.7,155.5,151.3,153.8,412569,0
DNP,D,20200515,000000,155,155.8,148.1,155.6,474247,0
DNP,D,20200518,000000,170,172.8,165.6,171.2,488694,0
DNP,D,20200519,000000,172,173.7,170,171.5,142879,0
DNP,D,20200520,000000,171,171.5,167,167.2,218687,0
DNP,D,20200521,000000,168,170,167,167,129460,0
DNP,D,20200522,000000,165.4,175.8,163.8,175.4,193391,0
DNP,D,20200525,000000,175.8,181.8,173,180.8,153204,0
DNP,D,20200526,000000,182,184.5,181.2,184.2,286229,0
DNP,D,20200527,000000,184.5,184.5,174.2,174.9,242572,0
DNP,D,20200528,000000,179,181.1,175,180.6,215025,0
DNP,D,20200529,000000,179.9,182.6,179.3,182.6,469096,0
DNP,D,20200601,000000,183.6,185.4,180.7,182.8,131520,0
DNP,D,20200602,000000,181.8,186.3,180.9,185.7,177229,0
DNP,D,20200603,000000,186.1,195.3,184,194.5,415705,0
DNP,D,20200604,000000,191,195.9,189.7,195,383475,0
DNP,D,20200605,000000,195.8,196.1,190,191.8,430134,0
DNP,D,20200608,000000,191,192.5,186.1,190.1,202035,0
DNP,D,20200609,000000,190,191.7,188.1,189.9,165793,0
DNP,D,20200610,000000,189.4,193.9,187.8,193.7,126660,0
DNP,D,20200612,000000,188.1,197.9,187.5,196.8,199164,0
DNP,D,20200615,000000,193,208,191.6,197.6,294211,0
DNP,D,20200616,000000,202,202.2,196.7,197.8,158967,0
DNP,D,20200617,000000,198.2,199.6,195.7,199,151026,0
DNP,D,20200618,000000,199.9,199.9,195.2,195.9,142941,0
DNP,D,20200619,000000,195.9,204,195.9,202.8,342126,0
DNP,D,20200622,000000,202.8,204.8,198.2,202.2,237522,0
DNP,D,20200623,000000,203.8,207.8,201.8,205.8,117337,0
DNP,D,20200624,000000,207.8,207.8,200.4,201,98367,0
DNP,D,20200625,000000,199.8,200,194,198,324002,0
DNP,D,20200626,000000,197.3,204,197,201.2,142734,0
DNP,D,20200629,000000,198.3,201,196.8,198.1,90734,0
DNP,D,20200630,000000,197.7,202.4,197.2,200.6,285865,0
DNP,D,20200701,000000,198.2,200,193.8,199.1,132108,0
DNP,D,20200702,000000,197.7,200.4,197.7,198.9,176719,0
DNP,D,20200703,000000,198,201.6,198,198.2,57903,0
DNP,D,20200706,000000,201,202,198.1,201.8,107915,0
DNP,D,20200707,000000,203,207,201.4,203,330379,0
DNP,D,20200708,000000,203.2,203.2,198.4,199,232646,0
DNP,D,20200709,000000,200,200.6,193.9,196.2,190262,0
DNP,D,20200710,000000,196.5,202,196.4,201.8,202560,0
