<TICKER>,<PER>,<DATE>,<TIME>,<OPEN>,<HIGH>,<LOW>,<CLOSE>,<VOL>,<OPENINT>
DTR,D,20110325,000000,5.43,5.43,4.17,4.59,45247,0
DTR,D,20110328,000000,4.59,4.59,3.9,4.1,17594,0
DTR,D,20110329,000000,4.1,4.1,3.5,3.9,9512,0
DTR,D,20110330,000000,3.9,4.35,3.9,4.35,4235,0
DTR,D,20110331,000000,4.35,4.41,4,4.27,5041,0
DTR,D,20110401,000000,4.21,4.3,4.21,4.3,1727,0
DTR,D,20110404,000000,4.22,4.39,4.22,4.35,687,0
DTR,D,20110405,000000,4.45,4.5,4.22,4.35,871,0
DTR,D,20110406,000000,4.44,4.44,4.26,4.4,2119,0
DTR,D,20110407,000000,4.4,4.4,4.3,4.3,1963,0
DTR,D,20110408,000000,4.39,4.65,4.39,4.65,4153,0
DTR,D,20110411,000000,4.64,4.78,4.45,4.73,5174,0
DTR,D,20110412,000000,4.76,4.76,4.72,4.72,275,0
DTR,D,20110413,000000,4.7,4.75,4.6,4.75,5562,0
DTR,D,20110414,000000,4.75,4.75,4.6,4.74,1772,0
DTR,D,20110415,000000,4.75,4.75,4.75,4.75,30,0
DTR,D,20110418,000000,4.75,4.75,4.75,4.75,60,0
DTR,D,20110419,000000,4.73,4.73,4.73,4.73,50,0
DTR,D,20110420,000000,4.73,4.73,4.73,4.73,25,0
DTR,D,20110421,000000,4.72,4.72,4.7,4.72,180,0
DTR,D,20110426,000000,4.72,4.72,4.45,4.6,1207,0
DTR,D,20110428,000000,4.72,4.72,4.72,4.72,30,0
DTR,D,20110429,000000,4.72,4.72,4.65,4.72,1030,0
DTR,D,20110502,000000,4.72,4.72,4.72,4.72,20,0
DTR,D,20110504,000000,4.72,4.72,4.72,4.72,25,0
DTR,D,20110505,000000,4.72,4.72,4.72,4.72,25,0
DTR,D,20110506,000000,4.72,4.72,4.72,4.72,30,0
DTR,D,20110509,000000,4.72,4.72,4.36,4.36,855,0
DTR,D,20110510,000000,4.65,4.75,4.45,4.73,2687,0
DTR,D,20110511,000000,4.74,4.74,4.6,4.68,2537,0
DTR,D,20110512,000000,4.68,4.74,4.68,4.72,610,0
DTR,D,20110513,000000,4.73,4.78,4.72,4.78,3049,0
DTR,D,20110516,000000,4.78,4.9,4.78,4.9,201,0
DTR,D,20110517,000000,4.93,5.1,4.9,4.92,3841,0
DTR,D,20110518,000000,4.92,5.1,4.82,5.09,2428,0
DTR,D,20110519,000000,5.24,5.24,4.8,4.8,1550,0
DTR,D,20110520,000000,4.91,5.15,4.7,5.15,2313,0
DTR,D,20110523,000000,5.07,5.17,5.07,5.17,551,0
DTR,D,20110524,000000,5.17,5.17,5.17,5.17,749,0
DTR,D,20110525,000000,5.17,5.17,5.04,5.04,928,0
DTR,D,20110526,000000,5.04,5.09,5.04,5.09,43,0
DTR,D,20110527,000000,5.17,5.17,5.17,5.17,20,0
DTR,D,20110530,000000,5.17,5.17,4.95,5.15,161,0
DTR,D,20110531,000000,5.17,5.17,4.95,5.17,491,0
DTR,D,20110601,000000,5.17,5.17,5.05,5.17,270,0
DTR,D,20110602,000000,5.11,5.11,4.9,4.9,5071,0
DTR,D,20110603,000000,5,5,4.85,4.85,320,0
DTR,D,20110606,000000,4.95,4.95,4.8,4.8,4821,0
DTR,D,20110607,000000,4.8,4.8,4.8,4.8,1310,0
DTR,D,20110608,000000,4.82,4.84,4.8,4.8,3896,0
DTR,D,20110609,000000,4.8,4.81,4.8,4.8,4893,0
DTR,D,20110610,000000,4.8,4.8,4.8,4.8,25,0
DTR,D,20110614,000000,4.71,4.84,4.7,4.7,475,0
DTR,D,20110615,000000,4.7,4.84,4.7,4.84,527,0
DTR,D,20110616,000000,4.9,4.9,4.9,4.9,200,0
DTR,D,20110617,000000,4.9,4.9,4.9,4.9,25,0
DTR,D,20110620,000000,4.9,4.9,4.9,4.9,25,0
DTR,D,20110622,000000,4.9,4.9,4.9,4.9,25,0
DTR,D,20110624,000000,4.9,4.9,4.9,4.9,50,0
DTR,D,20110627,000000,4.75,4.85,4.7,4.85,683,0
DTR,D,20110629,000000,4.75,4.75,4.75,4.75,25,0
DTR,D,20110630,000000,4.6,4.7,4.53,4.7,804,0
DTR,D,20110701,000000,4.53,4.7,4,4.7,4892,0
DTR,D,20110704,000000,4.7,4.7,4.7,4.7,30,0
DTR,D,20110706,000000,4.45,4.45,4.45,4.45,50,0
DTR,D,20110707,000000,4.35,4.55,4.35,4.55,1002,0
DTR,D,20110711,000000,4.55,4.7,4.55,4.7,11500,0
DTR,D,20110712,000000,4.7,4.7,4.7,4.7,25,0
DTR,D,20110713,000000,4.7,4.7,4.7,4.7,25,0
DTR,D,20110714,000000,4.7,4.7,4.35,4.35,227,0
DTR,D,20110720,000000,4.45,4.45,4.45,4.45,1,0
DTR,D,20110722,000000,4.3,4.45,4.3,4.45,801,0
DTR,D,20110727,000000,4.55,4.55,4.55,4.55,150,0
DTR,D,20110728,000000,4.55,4.55,4.55,4.55,25,0
DTR,D,20110729,000000,4.55,4.55,4.2,4.37,346,0
DTR,D,20110803,000000,4.3,4.3,4.01,4.01,800,0
DTR,D,20110804,000000,4.01,4.01,4,4,300,0
DTR,D,20110805,000000,4,4,4,4,20,0
DTR,D,20110808,000000,4,4,4,4,20,0
DTR,D,20110809,000000,4,4,3.99,3.99,30,0
DTR,D,20110810,000000,4,4,3.9,3.9,60,0
DTR,D,20110811,000000,3.99,3.99,3.99,3.99,2,0
DTR,D,20110812,000000,4,4,4,4,20,0
DTR,D,20110816,000000,3.9,3.9,3.9,3.9,610,0
DTR,D,20110817,000000,3.99,4.2,3.99,4.2,300,0
DTR,D,20110818,000000,4.18,4.18,4.18,4.18,100,0
DTR,D,20110822,000000,4.18,4.2,4.18,4.2,150,0
DTR,D,20110823,000000,4.15,4.2,4.15,4.2,110,0
DTR,D,20110825,000000,4.05,4.2,3.9,4.2,420,0
DTR,D,20110826,000000,4,4,4,4,25,0
DTR,D,20110829,000000,3.99,4,3.99,4,220,0
DTR,D,20110830,000000,4,4,3.98,4,140,0
DTR,D,20110831,000000,4,4,4,4,25,0
DTR,D,20110901,000000,4,4,4,4,25,0
DTR,D,20110905,000000,4,4,4,4,25,0
DTR,D,20110908,000000,3.9,3.9,3.9,3.9,30,0
DTR,D,20110912,000000,3.8,3.8,3.53,3.53,215,0
DTR,D,20110913,000000,3.55,4,3.55,4,606,0
DTR,D,20110914,000000,3.95,4,3.95,4,811,0
DTR,D,20110915,000000,3.98,3.98,3.98,3.98,30,0
DTR,D,20110916,000000,3.98,3.98,3.9,3.9,170,0
DTR,D,20110919,000000,3.98,3.98,3.98,3.98,41,0
DTR,D,20110920,000000,3.98,3.98,3.98,3.98,80,0
DTR,D,20110921,000000,3.9,3.9,3.9,3.9,30,0
DTR,D,20110922,000000,3.9,3.9,3.9,3.9,30,0
DTR,D,20110926,000000,3.9,3.9,3.9,3.9,30,0
DTR,D,20110927,000000,3.9,3.9,3.85,3.85,380,0
DTR,D,20110928,000000,3.9,3.9,3.9,3.9,30,0
DTR,D,20110930,000000,3.9,3.9,3.85,3.9,230,0
DTR,D,20111003,000000,3.9,3.9,3.6,3.6,871,0
DTR,D,20111004,000000,3.6,3.88,3.6,3.88,553,0
DTR,D,20111005,000000,3.9,3.9,3.7,3.7,115,0
DTR,D,20111006,000000,3.69,3.69,3.69,3.69,66,0
DTR,D,20111007,000000,3.69,3.9,3.69,3.9,230,0
DTR,D,20111010,000000,3.9,3.9,3.77,3.77,70,0
DTR,D,20111011,000000,3.8,3.9,3.8,3.9,110,0
DTR,D,20111012,000000,3.9,3.98,3.88,3.98,2410,0
DTR,D,20111018,000000,3.95,4,3.9,4,1290,0
DTR,D,20111019,000000,4,4,3.85,3.85,240,0
DTR,D,20111020,000000,3.8,3.8,3.8,3.8,50,0
DTR,D,20111024,000000,3.85,3.85,3.85,3.85,10,0
DTR,D,20111025,000000,3.8,3.8,3.53,3.53,637,0
DTR,D,20111028,000000,3.55,3.6,3.55,3.6,250,0
DTR,D,20111103,000000,3.65,3.65,3.65,3.65,395,0
DTR,D,20111104,000000,3.68,3.95,3.68,3.95,2110,0
DTR,D,20111107,000000,3.9,3.9,3.77,3.77,3240,0
DTR,D,20111108,000000,3.67,3.67,3.46,3.5,1484,0
DTR,D,20111109,000000,3.5,3.55,3.5,3.55,150,0
DTR,D,20111110,000000,3.5,3.5,3.48,3.48,200,0
DTR,D,20111115,000000,3.5,3.59,3.5,3.59,200,0
DTR,D,20111116,000000,3.59,3.59,3.59,3.59,130,0
DTR,D,20111117,000000,3.5,3.5,3.48,3.5,260,0
DTR,D,20111118,000000,3.5,3.5,3.5,3.5,40,0
DTR,D,20111121,000000,3.5,3.5,3.5,3.5,30,0
DTR,D,20111122,000000,3.5,3.5,3.5,3.5,50,0
DTR,D,20111123,000000,3.5,3.5,3.49,3.5,250,0
DTR,D,20111124,000000,3.5,3.5,3.5,3.5,20,0
DTR,D,20111125,000000,3.5,3.5,3.5,3.5,30,0
DTR,D,20111128,000000,3.5,3.5,3.5,3.5,35,0
DTR,D,20111129,000000,3.5,3.5,3.5,3.5,30,0
DTR,D,20111130,000000,3.5,3.5,3.5,3.5,35,0
DTR,D,20111205,000000,3.58,3.6,3.58,3.6,110,0
DTR,D,20111207,000000,3.55,3.55,3.5,3.5,150,0
DTR,D,20111208,000000,3.47,3.47,3.4,3.44,1990,0
DTR,D,20111209,000000,3.44,3.44,3.44,3.44,173,0
DTR,D,20111213,000000,3.4,3.4,3.4,3.4,40,0
DTR,D,20111214,000000,3.4,3.4,3.4,3.4,30,0
DTR,D,20111215,000000,3.4,3.4,3.4,3.4,240,0
DTR,D,20111216,000000,3.4,3.4,3.34,3.4,241,0
DTR,D,20111219,000000,3.4,3.4,3.4,3.4,212,0
DTR,D,20111220,000000,3.4,3.4,3.4,3.4,30,0
DTR,D,20111221,000000,3.4,3.4,3.3,3.3,889,0
DTR,D,20111222,000000,3.25,3.32,3,3.32,2250,0
DTR,D,20111223,000000,3.3,3.3,3.2,3.2,96,0
DTR,D,20111227,000000,3.31,3.31,3,3.18,4130,0
DTR,D,20111228,000000,2.96,2.96,2.96,2.96,2088,0
DTR,D,20111230,000000,3.02,3.04,3.02,3.04,117,0
DTR,D,20120103,000000,3,3,3,3,228,0
DTR,D,20120109,000000,3.04,3.04,3.04,3.04,192,0
DTR,D,20120110,000000,3.03,3.03,3.03,3.03,35,0
DTR,D,20120111,000000,3.03,3.03,3.03,3.03,35,0
DTR,D,20120112,000000,3.03,3.03,3,3,40,0
DTR,D,20120117,000000,3,3,3,3,35,0
DTR,D,20120118,000000,3.03,3.03,3.03,3.03,747,0
DTR,D,20120119,000000,3.03,3.03,3.02,3.03,250,0
DTR,D,20120120,000000,3.03,3.04,3.03,3.04,330,0
DTR,D,20120124,000000,3,3.05,2.95,3.05,425,0
DTR,D,20120125,000000,3,3,3,3,48,0
DTR,D,20120126,000000,3,3,3,3,30,0
DTR,D,20120127,000000,3,3,3,3,30,0
DTR,D,20120130,000000,3,3,3,3,35,0
DTR,D,20120131,000000,3,3,3,3,35,0
DTR,D,20120201,000000,3,3.35,2.99,3.35,1153,0
DTR,D,20120203,000000,3.15,3.15,3.08,3.08,110,0
DTR,D,20120206,000000,3.2,3.23,3.07,3.1,2075,0
DTR,D,20120207,000000,3.1,3.12,3.1,3.12,110,0
DTR,D,20120208,000000,3.12,3.12,2.98,2.98,940,0
DTR,D,20120209,000000,2.98,3.02,2.98,2.98,1010,0
DTR,D,20120210,000000,3,3,3,3,631,0
DTR,D,20120213,000000,3,3,2.98,2.98,85,0
DTR,D,20120214,000000,3,3,3,3,325,0
DTR,D,20120215,000000,3,3.53,2.97,2.98,7289,0
DTR,D,20120216,000000,3.05,3.13,3.05,3.13,300,0
DTR,D,20120217,000000,3.13,3.3,3.13,3.3,900,0
DTR,D,20120220,000000,3.3,3.41,3.3,3.41,1175,0
DTR,D,20120221,000000,3.35,3.35,3.35,3.35,100,0
DTR,D,20120222,000000,3.35,3.36,3.35,3.36,600,0
DTR,D,20120223,000000,3.35,3.35,3.23,3.23,785,0
DTR,D,20120224,000000,3.21,3.21,3.21,3.21,45,0
DTR,D,20120227,000000,3.33,3.34,3.33,3.34,983,0
DTR,D,20120228,000000,3.48,3.48,3.48,3.48,880,0
DTR,D,20120229,000000,3.48,3.48,3.4,3.4,850,0
DTR,D,20120301,000000,3.4,3.4,3.4,3.4,100,0
DTR,D,20120302,000000,3.4,3.4,3.4,3.4,30,0
DTR,D,20120305,000000,3.4,3.4,3.4,3.4,350,0
DTR,D,20120306,000000,3.4,3.4,3.4,3.4,1056,0
DTR,D,20120307,000000,3.4,3.4,3.4,3.4,594,0
DTR,D,20120308,000000,3.3,3.35,3.3,3.35,20,0
DTR,D,20120309,000000,3.3,3.8,3.3,3.8,26552,0
DTR,D,20120312,000000,3.82,4,3.82,4,427,0
DTR,D,20120313,000000,4,4.55,4,4.55,9848,0
DTR,D,20120314,000000,4.55,4.85,4.55,4.85,5776,0
DTR,D,20120315,000000,5,5.09,5,5,1130,0
DTR,D,20120316,000000,5.09,5.2,4.91,4.91,7436,0
DTR,D,20120319,000000,4.99,5,4.99,5,6170,0
DTR,D,20120321,000000,5,5,5,5,3120,0
DTR,D,20120323,000000,5,5,4.65,5,2979,0
DTR,D,20120326,000000,5,5,4.98,5,3500,0
DTR,D,20120327,000000,4.95,5.01,4.95,5,1245,0
DTR,D,20120328,000000,4.98,5.05,4.98,5,13633,0
DTR,D,20120329,000000,4.95,5.04,4.89,5,2220,0
DTR,D,20120330,000000,5,5.45,5,5.05,20395,0
DTR,D,20120402,000000,5,5,5,5,20,0
DTR,D,20120403,000000,4.1,4.9,4.1,4.9,4503,0
DTR,D,20120404,000000,4.95,5.09,4.95,5,7291,0
DTR,D,20120405,000000,5,5,5,5,5,0
DTR,D,20120410,000000,5,5,5,5,900,0
DTR,D,20120411,000000,5.1,5.1,5.1,5.1,1000,0
DTR,D,20120412,000000,5,5,4.95,4.99,2439,0
DTR,D,20120413,000000,5,5,4.94,4.95,6670,0
DTR,D,20120416,000000,5.05,5.05,4.99,5.05,1318,0
DTR,D,20120417,000000,5,5,4.99,4.99,670,0
DTR,D,20120418,000000,5.04,5.04,5.04,5.04,20,0
DTR,D,20120419,000000,5.04,5.04,5.04,5.04,20,0
DTR,D,20120420,000000,5.04,5.04,5,5.04,865,0
DTR,D,20120423,000000,5.04,5.04,4.99,5,5735,0
DTR,D,20120424,000000,5,5,5,5,50,0
DTR,D,20120425,000000,5.05,5.05,5,5,580,0
DTR,D,20120426,000000,4.99,4.99,4.88,4.99,17845,0
DTR,D,20120427,000000,5,5.1,5,5,1165,0
DTR,D,20120430,000000,4.99,4.99,4.99,4.99,625,0
DTR,D,20120502,000000,4.99,4.99,4.99,4.99,15,0
DTR,D,20120504,000000,4.99,4.99,4.9,4.9,540,0
DTR,D,20120508,000000,4.9,4.9,4.9,4.9,10,0
DTR,D,20120509,000000,4.9,4.9,4.9,4.9,25,0
DTR,D,20120510,000000,4.75,4.9,4.62,4.9,2500,0
DTR,D,20120511,000000,4.9,4.9,4.77,4.9,1950,0
DTR,D,20120514,000000,4.89,4.89,4.77,4.77,1770,0
DTR,D,20120515,000000,4.77,4.77,4.67,4.73,4980,0
DTR,D,20120516,000000,4.7,4.7,4.7,4.7,22,0
DTR,D,20120517,000000,4.7,4.7,4.7,4.7,10,0
DTR,D,20120518,000000,4.6,4.6,4.5,4.5,635,0
DTR,D,20120531,000000,4.49,4.53,4.49,4.53,600,0
DTR,D,20120604,000000,4.53,4.53,4.53,4.53,5,0
DTR,D,20120605,000000,4.53,4.53,4.1,4.1,725,0
DTR,D,20120606,000000,4,4.2,4,4.2,25025,0
DTR,D,20120608,000000,4.3,4.3,4.3,4.3,257,0
DTR,D,20120612,000000,4.2,4.2,4,4,907,0
DTR,D,20120613,000000,3.96,3.96,3.96,3.96,635,0
DTR,D,20120615,000000,3.9,3.9,3.9,3.9,20,0
DTR,D,20120620,000000,3.94,3.94,3.94,3.94,5,0
DTR,D,20120621,000000,3.85,3.96,3.85,3.96,2110,0
DTR,D,20120622,000000,4,4,4,4,5,0
DTR,D,20120626,000000,3.98,3.98,3.98,3.98,10,0
DTR,D,20120627,000000,3.97,3.98,3.97,3.98,1485,0
DTR,D,20120713,000000,3.82,3.82,3.82,3.82,277,0
DTR,D,20120716,000000,3.58,3.58,3.58,3.58,420,0
DTR,D,20120717,000000,3.35,3.35,3.24,3.24,2332,0
DTR,D,20120718,000000,3.33,3.34,3.33,3.34,846,0
DTR,D,20120801,000000,3.49,3.65,3.49,3.65,440,0
DTR,D,20120802,000000,3.65,3.7,3.65,3.7,726,0
DTR,D,20120803,000000,4,4,3.75,3.75,362,0
DTR,D,20120806,000000,3.54,3.8,3.54,3.8,122,0
DTR,D,20120814,000000,3.54,3.54,3.54,3.54,460,0
DTR,D,20120822,000000,3.28,3.4,3.28,3.4,410,0
DTR,D,20120828,000000,3.39,3.39,3.3,3.3,1050,0
DTR,D,20120831,000000,3.07,3.07,3.07,3.07,200,0
DTR,D,20120903,000000,3.22,3.22,3.22,3.22,470,0
DTR,D,20120904,000000,3,3,3,3,500,0
DTR,D,20120906,000000,3.22,3.22,3.22,3.22,10,0
DTR,D,20120911,000000,3,3,3,3,500,0
DTR,D,20120913,000000,3,3,3,3,350,0
DTR,D,20120919,000000,2.9,2.9,2.9,2.9,520,0
DTR,D,20120920,000000,2.8,2.9,2.8,2.9,2485,0
DTR,D,20120928,000000,2.9,2.9,2.9,2.9,320,0
DTR,D,20121001,000000,3.06,3.06,2.86,2.86,520,0
DTR,D,20121003,000000,2.92,2.92,2.92,2.92,4,0
DTR,D,20121005,000000,2.92,3.06,2.92,3.06,1007,0
DTR,D,20121009,000000,3.28,3.28,3.28,3.28,2,0
DTR,D,20121015,000000,3.06,3.06,3.06,3.06,1099,0
DTR,D,20121016,000000,3.06,3.06,3.06,3.06,500,0
DTR,D,20121025,000000,3.06,3.28,3.06,3.28,1091,0
DTR,D,20121030,000000,3.44,3.44,3.44,3.44,437,0
DTR,D,20121031,000000,3.35,3.66,3,3.26,2188,0
DTR,D,20121105,000000,3.1,3.3,3.07,3.3,1529,0
DTR,D,20121108,000000,3.2,3.2,2.92,3.1,967,0
DTR,D,20121112,000000,3,3,2.89,2.89,994,0
DTR,D,20121113,000000,2.89,2.89,2.8,2.8,734,0
DTR,D,20121114,000000,2.8,2.8,2.8,2.8,80,0
DTR,D,20121119,000000,3.01,3.11,3.01,3.11,501,0
DTR,D,20121121,000000,2.9,2.9,2.75,2.8,1595,0
DTR,D,20121123,000000,2.85,3.25,2.85,3.21,2694,0
DTR,D,20121130,000000,3,3,3,3,500,0
DTR,D,20121207,000000,3,3.02,3,3.02,592,0
DTR,D,20121213,000000,2.85,2.85,2.85,2.85,530,0
DTR,D,20121214,000000,2.67,2.87,2.67,2.87,1116,0
DTR,D,20121218,000000,2.85,2.85,2.72,2.77,1842,0
DTR,D,20121219,000000,2.77,2.77,2.72,2.72,555,0
DTR,D,20121220,000000,2.58,2.58,2.44,2.5,2600,0
DTR,D,20121228,000000,2.5,2.5,2.43,2.45,3709,0
DTR,D,20130102,000000,2.62,2.77,2.58,2.6,1820,0
DTR,D,20130103,000000,2.74,2.9,2.7,2.74,1730,0
DTR,D,20130107,000000,2.7,2.7,2.7,2.7,550,0
DTR,D,20130108,000000,2.7,2.73,2.7,2.7,1450,0
DTR,D,20130110,000000,2.56,2.56,2.56,2.56,586,0
DTR,D,20130115,000000,2.6,2.6,2.6,2.6,550,0
DTR,D,20130117,000000,2.51,2.51,2.5,2.5,1545,0
DTR,D,20130122,000000,2.5,2.5,2.5,2.5,800,0
DTR,D,20130129,000000,2.5,2.5,2.5,2.5,800,0
DTR,D,20130201,000000,2.5,2.5,2.5,2.5,3000,0
DTR,D,20130211,000000,2.5,2.5,2.5,2.5,443,0
DTR,D,20130214,000000,2.5,2.8,2.5,2.8,799,0
DTR,D,20130215,000000,2.8,3.2,2.8,3.1,3408,0
DTR,D,20130218,000000,3.09,3.4,3.09,3.4,514,0
DTR,D,20130219,000000,3.11,3.11,3.11,3.11,3000,0
DTR,D,20130225,000000,3,3,2.9,3,702,0
DTR,D,20130307,000000,3,3.29,3,3.29,652,0
DTR,D,20130308,000000,3.29,3.3,3.29,3.3,640,0
DTR,D,20130311,000000,3.5,3.5,3,3.5,808,0
DTR,D,20130313,000000,3.2,3.6,3,3.6,810,0
DTR,D,20130325,000000,3.2,3.2,3.2,3.2,200,0
DTR,D,20130326,000000,3,3,3,3,500,0
DTR,D,20130410,000000,2.81,2.81,2.8,2.8,700,0
DTR,D,20130418,000000,2.65,2.9,2.65,2.9,101,0
DTR,D,20130422,000000,2.65,2.65,2.65,2.65,100,0
DTR,D,20130423,000000,2.9,2.9,2.9,2.9,10,0
DTR,D,20130424,000000,2.65,2.65,2.6,2.6,1333,0
DTR,D,20130430,000000,2.68,2.68,2.68,2.68,225,0
DTR,D,20130509,000000,2.7,2.9,2.7,2.9,1353,0
DTR,D,20130510,000000,3.09,3.09,3.09,3.09,70,0
DTR,D,20130513,000000,3.09,3.1,3.09,3.1,1283,0
DTR,D,20130514,000000,3.1,3.1,3,3,1340,0
DTR,D,20130515,000000,3.05,3.05,3.05,3.05,500,0
DTR,D,20130516,000000,3.1,3.64,3.1,3.3,1791,0
DTR,D,20130527,000000,3.3,3.3,3.3,3.3,169,0
DTR,D,20130529,000000,3.4,3.4,3.4,3.4,10,0
DTR,D,20130604,000000,3.2,3.2,3.2,3.2,100,0
DTR,D,20130611,000000,3.11,3.11,3.1,3.1,400,0
DTR,D,20130624,000000,3.2,3.2,3.2,3.2,29,0
DTR,D,20130626,000000,3.05,3.1,2.8,3.1,1609,0
DTR,D,20130628,000000,3.05,3.05,3.05,3.05,33,0
DTR,D,20130702,000000,2.84,2.84,2.84,2.84,529,0
DTR,D,20130703,000000,2.84,2.9,2.84,2.9,1529,0
DTR,D,20130704,000000,2.8,2.8,2.8,2.8,536,0
DTR,D,20130705,000000,2.66,2.75,2.66,2.75,1619,0
DTR,D,20130710,000000,2.81,2.81,2.81,2.81,534,0
DTR,D,20130724,000000,2.8,2.8,2.77,2.77,1786,0
DTR,D,20130725,000000,2.84,2.84,2.84,2.84,529,0
DTR,D,20130731,000000,2.98,2.98,2.98,2.98,10,0
DTR,D,20130805,000000,2.85,2.85,2.85,2.85,300,0
DTR,D,20130806,000000,2.87,2.87,2.86,2.86,1000,0
DTR,D,20130808,000000,3.08,3.08,3.08,3.08,8,0
DTR,D,20130809,000000,3.08,3.08,3.08,3.08,243,0
DTR,D,20130812,000000,3.2,3.2,3.2,3.2,5,0
DTR,D,20130823,000000,3.05,3.1,2.6,3.1,527,0
DTR,D,20130827,000000,3,3.15,3,3.15,1759,0
DTR,D,20130828,000000,3.23,3.23,3.23,3.23,5,0
DTR,D,20130904,000000,3.23,3.47,3.23,3.47,475,0
DTR,D,20130905,000000,3.23,3.23,3.23,3.23,500,0
DTR,D,20130906,000000,3.1,3.28,3.1,3.28,136,0
DTR,D,20130912,000000,3.28,3.28,3.28,3.28,5,0
DTR,D,20130916,000000,3.28,3.49,3.28,3.49,426,0
DTR,D,20130919,000000,3.49,4,3.49,4,2030,0
DTR,D,20130923,000000,4.1,4.1,4.1,4.1,5,0
DTR,D,20130926,000000,4.1,4.1,4.1,4.1,5,0
DTR,D,20131009,000000,4,4,4,4,100,0
DTR,D,20131014,000000,4,4.1,4,4.1,43,0
DTR,D,20131016,000000,4.1,4.1,4.1,4.1,167,0
DTR,D,20131025,000000,3.9,3.9,3.8,3.8,387,0
DTR,D,20131028,000000,3.7,3.7,3.3,3.3,900,0
DTR,D,20131029,000000,3.2,3.25,3,3,1600,0
DTR,D,20131030,000000,3.2,3.2,3.2,3.2,5,0
DTR,D,20131031,000000,2.9,3,2.7,3,2250,0
DTR,D,20131104,000000,2.71,2.71,2.71,2.71,1762,0
DTR,D,20131105,000000,3,3.2,3,3.2,350,0
DTR,D,20131106,000000,3.2,3.33,3.2,3.33,905,0
DTR,D,20131107,000000,3.3,3.33,3.3,3.33,3251,0
DTR,D,20131115,000000,3.19,3.19,3.12,3.12,2854,0
DTR,D,20131119,000000,3.13,3.13,3.1,3.1,960,0
DTR,D,20131122,000000,3.1,3.1,3.1,3.1,3561,0
DTR,D,20131126,000000,3.13,3.13,3.13,3.13,5,0
DTR,D,20131203,000000,3.13,3.13,3.1,3.1,3979,0
DTR,D,20131204,000000,2.92,2.92,2.92,2.92,514,0
DTR,D,20131206,000000,2.95,3.11,2.95,3.11,511,0
DTR,D,20131210,000000,2.9,2.9,2.9,2.9,518,0
DTR,D,20131213,000000,3.11,3.11,3.11,3.11,5,0
DTR,D,20131216,000000,2.9,2.9,2.9,2.9,71,0
DTR,D,20131218,000000,3.11,3.11,3.11,3.11,3,0
DTR,D,20140109,000000,2.98,2.98,2.98,2.98,2000,0
DTR,D,20140113,000000,3.09,3.09,3.09,3.09,3,0
DTR,D,20140214,000000,2.9,2.9,2.4,2.9,2568,0
DTR,D,20140217,000000,2.79,2.79,2.79,2.79,180,0
DTR,D,20140220,000000,2.79,2.79,2.79,2.79,538,0
DTR,D,20140221,000000,2.91,2.91,2.91,2.91,5,0
DTR,D,20140303,000000,2.71,2.71,2.71,2.71,554,0
DTR,D,20140305,000000,2.76,2.76,2.76,2.76,556,0
DTR,D,20140307,000000,2.73,2.73,2.73,2.73,550,0
DTR,D,20140321,000000,2.78,2.78,2.78,2.78,2,0
DTR,D,20140402,000000,2.75,2.75,2.75,2.75,546,0
DTR,D,20140407,000000,2.79,2.79,2.79,2.79,500,0
DTR,D,20140414,000000,2.7,2.7,2.7,2.7,666,0
DTR,D,20140509,000000,2.7,2.7,2.7,2.7,1040,0
DTR,D,20140515,000000,2.75,3.3,2.75,3.3,3094,0
DTR,D,20140516,000000,3.56,3.99,3.5,3.99,4953,0
DTR,D,20140519,000000,4,4.4,4,4.4,11030,0
DTR,D,20140523,000000,4,4.65,4,4.65,1302,0
DTR,D,20140526,000000,4.6,4.67,4.6,4.67,1212,0
DTR,D,20140527,000000,4.8,4.8,4.8,4.8,3,0
DTR,D,20140528,000000,4.5,4.6,4.5,4.6,103,0
DTR,D,20140529,000000,4.2,4.2,4.2,4.2,100,0
DTR,D,20140530,000000,4.3,4.7,4.3,4.7,433,0
DTR,D,20140603,000000,4.69,5.4,4.69,5.4,853,0
DTR,D,20140604,000000,4.9,4.9,4.9,4.9,2500,0
DTR,D,20140605,000000,5.13,5.13,5.13,5.13,336,0
DTR,D,20140606,000000,4.9,4.9,4.9,4.9,2500,0
DTR,D,20140609,000000,5.13,5.13,5.13,5.13,3,0
DTR,D,20140616,000000,5.13,5.13,5.13,5.13,603,0
DTR,D,20140623,000000,4.88,4.88,4.8,4.88,4000,0
DTR,D,20140624,000000,4.88,4.88,4.88,4.88,12020,0
DTR,D,20140703,000000,5.13,5.13,4.9,4.9,1811,0
DTR,D,20140707,000000,5.03,5.03,5.03,5.03,200,0
DTR,D,20140710,000000,5.13,5.13,5.13,5.13,992,0
DTR,D,20140711,000000,5.13,5.13,5.13,5.13,63,0
DTR,D,20140714,000000,5.19,5.24,5.19,5.24,1779,0
DTR,D,20140715,000000,5.24,5.4,5.24,5.4,621,0
DTR,D,20140716,000000,5.13,5.13,5.13,5.13,10,0
DTR,D,20140717,000000,5.4,5.47,5.4,5.47,1733,0
DTR,D,20140721,000000,5.01,5.4,5.01,5.4,1164,0
DTR,D,20140722,000000,6.09,6.09,6.09,6.09,1,0
DTR,D,20140729,000000,5.6,5.6,4.84,4.84,645,0
DTR,D,20140731,000000,5.2,5.8,5.2,5.4,400,0
DTR,D,20140804,000000,5.59,5.59,5.59,5.59,270,0
DTR,D,20140806,000000,5.5,6,5.5,6,324,0
DTR,D,20140807,000000,6,6.25,6,6.25,1661,0
DTR,D,20140811,000000,6.45,6.45,6.45,6.45,200,0
DTR,D,20140812,000000,7.01,7.01,6.81,6.81,673,0
DTR,D,20140813,000000,6.81,7.15,6.81,7.15,170,0
DTR,D,20140814,000000,6.91,6.91,6.8,6.8,655,0
DTR,D,20140818,000000,6.8,6.8,5.85,5.85,3558,0
DTR,D,20140819,000000,5.85,5.85,5.85,5.85,50,0
DTR,D,20140820,000000,5.85,5.93,5.39,5.65,3278,0
DTR,D,20140821,000000,5.46,5.88,5.46,5.88,2164,0
DTR,D,20140822,000000,5.88,5.88,5.88,5.88,190,0
DTR,D,20140825,000000,5.88,5.88,5.88,5.88,1104,0
DTR,D,20140827,000000,5.83,5.83,5.83,5.83,500,0
DTR,D,20140828,000000,5.8,5.8,5.62,5.62,925,0
DTR,D,20140901,000000,5.62,5.62,5.51,5.51,474,0
DTR,D,20140903,000000,5.65,6.07,5.65,6.07,2787,0
DTR,D,20140904,000000,6.22,6.9,6.22,6.9,1490,0
DTR,D,20140905,000000,6.66,6.66,6.66,6.66,220,0
DTR,D,20140908,000000,6.55,6.55,6.55,6.55,1,0
DTR,D,20140909,000000,6.6,6.87,6.6,6.71,722,0
DTR,D,20140910,000000,6.71,6.71,6.71,6.71,205,0
DTR,D,20140911,000000,6.71,7,6.71,7,21029,0
DTR,D,20140912,000000,6.71,7,6.71,7,2480,0
DTR,D,20140915,000000,7,7,6.8,6.8,2000,0
DTR,D,20140918,000000,7.4,7.4,7.4,7.4,3,0
DTR,D,20140922,000000,7.05,7.05,6.8,6.82,11181,0
DTR,D,20140923,000000,6.95,6.95,6.82,6.82,5162,0
DTR,D,20140924,000000,7.14,7.95,7.14,7.18,10440,0
DTR,D,20140926,000000,9.5,9.5,9.5,9.5,653,0
DTR,D,20140929,000000,9.44,9.44,8.91,8.91,573,0
DTR,D,20140930,000000,8.9,8.9,8.9,8.9,30,0
DTR,D,20141001,000000,8.62,8.62,8.62,8.62,291,0
DTR,D,20141006,000000,8.29,8.29,8.29,8.29,302,0
DTR,D,20141007,000000,8.1,8.1,8.1,8.1,271,0
DTR,D,20141010,000000,8.1,8.1,7.27,7.55,1616,0
DTR,D,20141014,000000,7.55,7.55,7.55,7.55,252,0
DTR,D,20141015,000000,7.55,7.55,7.55,7.55,512,0
DTR,D,20141016,000000,7.55,7.55,7.55,7.55,10,0
DTR,D,20141017,000000,7.55,7.55,7.55,7.55,11,0
DTR,D,20141020,000000,7.55,7.55,7.55,7.55,10,0
DTR,D,20141021,000000,7.55,7.55,7.55,7.55,10,0
DTR,D,20141022,000000,7.55,7.87,7.55,7.87,184,0
DTR,D,20141023,000000,7.55,7.55,7.55,7.55,388,0
DTR,D,20141024,000000,7.35,7.45,7.35,7.45,1821,0
DTR,D,20141027,000000,7.66,7.66,7.35,7.35,377,0
DTR,D,20141028,000000,7.42,7.66,7.42,7.66,1014,0
DTR,D,20141029,000000,7.42,7.6,7.42,7.6,666,0
DTR,D,20141030,000000,7.43,7.43,7.42,7.42,326,0
DTR,D,20141031,000000,7.75,7.85,7.48,7.48,792,0
DTR,D,20141103,000000,7.69,7.69,7.69,7.69,30,0
DTR,D,20141104,000000,8.05,8.6,7.9,8.6,461,0
DTR,D,20141105,000000,8.27,8.45,7.88,8.24,1148,0
DTR,D,20141106,000000,8.31,8.7,7.92,8.7,1246,0
DTR,D,20141107,000000,8.41,8.7,8.38,8.38,1833,0
DTR,D,20141110,000000,8.4,8.4,8.36,8.36,335,0
DTR,D,20141112,000000,8.12,8.12,8.12,8.12,16,0
DTR,D,20141113,000000,8.3,8.3,8.12,8.12,327,0
DTR,D,20141114,000000,8.29,8.3,8,8.3,1821,0
DTR,D,20141117,000000,8.3,8.3,8.3,8.3,5,0
DTR,D,20141119,000000,8.3,8.3,8.3,8.3,15,0
DTR,D,20141120,000000,8.3,8.3,8.3,8.3,10,0
DTR,D,20141121,000000,8.3,8.34,8.3,8.34,6256,0
DTR,D,20141125,000000,8.41,8.49,8.03,8.49,1576,0
DTR,D,20141126,000000,8.49,8.65,8.24,8.24,600,0
DTR,D,20141127,000000,8.24,8.57,8.02,8.02,665,0
DTR,D,20141205,000000,8.6,8.6,8.6,8.6,5,0
DTR,D,20141208,000000,8.6,8.64,8.6,8.64,586,0
DTR,D,20141209,000000,8.9,9,8.9,9,1057,0
DTR,D,20141210,000000,9,9.13,8.86,8.86,660,0
DTR,D,20141211,000000,9.13,9.13,9.13,9.13,10,0
DTR,D,20141212,000000,9.13,9.4,9.13,9.4,760,0
DTR,D,20141215,000000,9.4,9.99,9.4,9.99,1013,0
DTR,D,20141216,000000,10.47,10.5,10.47,10.5,768,0
DTR,D,20141217,000000,11,11.62,11,11.3,517,0
DTR,D,20141219,000000,11.7,11.7,11.7,11.7,151,0
DTR,D,20141222,000000,14,14.04,13.03,13.03,708,0
DTR,D,20141223,000000,13.03,13.03,13.03,13.03,82,0
DTR,D,20141230,000000,13.16,13.16,13.03,13.03,198,0
DTR,D,20150105,000000,13.03,13.32,13.03,13.32,115,0
DTR,D,20150107,000000,13.65,13.65,12.6,12.6,1135,0
DTR,D,20150108,000000,12.29,12.29,12.25,12.25,498,0
DTR,D,20150112,000000,12.38,12.38,12.38,12.38,200,0
DTR,D,20150114,000000,12.38,12.38,12.38,12.38,100,0
DTR,D,20150116,000000,12.49,13.76,12.49,13.75,3444,0
DTR,D,20150119,000000,14.98,14.98,14.9,14.98,730,0
DTR,D,20150120,000000,14.8,14.8,14.61,14.61,575,0
DTR,D,20150122,000000,14,14,14,14,30,0
DTR,D,20150128,000000,13.85,13.85,13.85,13.85,80,0
DTR,D,20150202,000000,13.85,13.85,13.85,13.85,30,0
DTR,D,20150204,000000,14,14,14,14,100,0
DTR,D,20150210,000000,14.38,14.38,14.38,14.38,70,0
DTR,D,20150211,000000,14,14,14,14,10,0
DTR,D,20150213,000000,14.2,14.24,13,13.15,11744,0
DTR,D,20150216,000000,13.5,13.68,13.5,13.68,95,0
DTR,D,20150220,000000,13.68,13.68,13.68,13.68,10,0
DTR,D,20150302,000000,13.1,13.15,13.1,13.15,400,0
DTR,D,20150304,000000,13.38,13.38,13.38,13.38,10,0
DTR,D,20150305,000000,13.38,13.38,13.38,13.38,10,0
DTR,D,20150311,000000,13.51,13.8,13.51,13.8,300,0
DTR,D,20150312,000000,13.8,14.22,13.8,14.22,221,0
DTR,D,20150313,000000,14.37,18,14.37,18,993,0
DTR,D,20150316,000000,18,21,18,19.24,1683,0
DTR,D,20150317,000000,19.1,19.1,19.1,19.1,10,0
DTR,D,20150318,000000,19.15,19.15,19,19,68,0
DTR,D,20150319,000000,18.9,19,18.9,19,125,0
DTR,D,20150320,000000,18.58,18.58,18,18,1407,0
DTR,D,20150324,000000,17.45,17.45,17.2,17.2,95,0
DTR,D,20150325,000000,17.2,17.2,17.2,17.2,40,0
DTR,D,20150330,000000,17.1,18.27,17.1,18.27,161,0
DTR,D,20150331,000000,18.5,18.5,18.5,18.5,130,0
DTR,D,20150401,000000,18.3,19.35,18.3,19.35,851,0
DTR,D,20150402,000000,19,19,19,19,77,0
DTR,D,20150407,000000,19,19,19,19,15,0
DTR,D,20150408,000000,19,19,19,19,7,0
DTR,D,20150409,000000,19.5,20.5,19.5,20.5,594,0
DTR,D,20150410,000000,20.9,22,20.9,22,890,0
DTR,D,20150413,000000,22,22.5,22,22.5,80,0
DTR,D,20150414,000000,22.5,22.6,22.5,22.5,244,0
DTR,D,20150415,000000,22.5,22.5,22.5,22.5,10,0
DTR,D,20150416,000000,22.7,22.7,22.7,22.7,1,0
DTR,D,20150417,000000,22.75,22.75,22.75,22.75,15,0
DTR,D,20150420,000000,23,23,23,23,610,0
DTR,D,20150421,000000,22.99,23,22.99,23,430,0
DTR,D,20150422,000000,23,23,22.5,22.5,132,0
DTR,D,20150423,000000,22.5,22.5,22.5,22.5,20,0
DTR,D,20150424,000000,22,22,21.35,21.35,355,0
DTR,D,20150427,000000,21.43,21.43,21.43,21.43,147,0
DTR,D,20150428,000000,21.43,21.43,21.43,21.43,15,0
DTR,D,20150429,000000,21.55,21.55,21.55,21.55,15,0
DTR,D,20150430,000000,21.75,21.75,21.75,21.75,45,0
DTR,D,20150505,000000,21.75,21.75,21.75,21.75,5,0
DTR,D,20150507,000000,21.85,22.15,21.85,22.15,95,0
DTR,D,20150508,000000,22.15,22.15,22.15,22.15,23,0
DTR,D,20150511,000000,22.5,22.5,21.43,21.43,223,0
DTR,D,20150513,000000,21.4,21.4,13.99,18.39,5617,0
DTR,D,20150514,000000,19,19.3,17,19.22,1895,0
DTR,D,20150515,000000,19.22,19.22,19.22,19.22,10,0
DTR,D,20150519,000000,19.46,19.55,19.46,19.55,20,0
DTR,D,20150520,000000,19.65,19.71,19.65,19.71,25,0
DTR,D,20150521,000000,19.73,19.8,19.73,19.8,65,0
DTR,D,20150522,000000,19.1,19.1,19,19,337,0
DTR,D,20150601,000000,19.55,19.55,19.55,19.55,3,0
DTR,D,20150602,000000,19.05,19.15,19.05,19.15,15,0
DTR,D,20150603,000000,19.25,19.25,19.25,19.25,8,0
DTR,D,20150609,000000,18.9,18.9,18.9,18.9,69,0
DTR,D,20150611,000000,18.9,19.25,18.9,19.25,108,0
DTR,D,20150612,000000,19.25,19.25,19.25,19.25,7,0
DTR,D,20150616,000000,19.4,19.4,19.4,19.4,40,0
DTR,D,20150617,000000,19.4,19.4,18.62,18.62,137,0
DTR,D,20150619,000000,19,19.2,19,19.2,427,0
DTR,D,20150622,000000,19.32,19.5,19.25,19.25,1767,0
DTR,D,20150623,000000,19.2,20,19.2,20,177,0
DTR,D,20150629,000000,19,19.6,19,19.6,342,0
DTR,D,20150630,000000,19,19,19,19,132,0
DTR,D,20150701,000000,18.67,19,18.67,19,184,0
DTR,D,20150707,000000,18.32,19,18.1,18.1,642,0
DTR,D,20150708,000000,19,19,19,19,10,0
DTR,D,20150709,000000,18.1,19.1,18.1,18.1,349,0
DTR,D,20150715,000000,18.79,18.79,18.79,18.79,30,0
DTR,D,20150716,000000,18.4,18.4,18.4,18.4,30,0
DTR,D,20150717,000000,18.4,18.4,18.4,18.4,100,0
DTR,D,20150720,000000,18.4,19.5,18,18.5,1050,0
DTR,D,20150721,000000,18.5,18.9,18.29,18.29,139,0
DTR,D,20150722,000000,18.8,20,18.8,20,178,0
DTR,D,20150723,000000,19.4,19.4,19.4,19.4,100,0
DTR,D,20150806,000000,19.5,19.5,19.5,19.5,100,0
DTR,D,20150810,000000,19.5,19.99,19.5,19.99,300,0
DTR,D,20150811,000000,19.15,19.79,19.15,19.79,218,0
DTR,D,20150813,000000,19.79,19.79,19.79,19.79,60,0
DTR,D,20150814,000000,19.79,20.1,19.53,20,670,0
DTR,D,20150817,000000,20,20,20,20,100,0
DTR,D,20150818,000000,20,20,20,20,130,0
DTR,D,20150820,000000,19.95,19.95,19.95,19.95,1,0
DTR,D,20150821,000000,19.95,19.95,19.95,19.95,5,0
DTR,D,20150824,000000,19.4,19.4,19.2,19.2,208,0
DTR,D,20150826,000000,19.2,19.2,19.2,19.2,208,0
DTR,D,20150827,000000,19.2,19.2,19.2,19.2,145,0
DTR,D,20150828,000000,18.8,21,18.8,21,537,0
DTR,D,20150831,000000,20.6,21,20.6,21,400,0
DTR,D,20150902,000000,21,23,20.75,22.99,3931,0
DTR,D,20150903,000000,22.99,23.5,22,23,4190,0
DTR,D,20150904,000000,22.7,23,22.3,22.9,404,0
DTR,D,20150907,000000,22.37,22.8,22.3,22.3,266,0
DTR,D,20150908,000000,22.88,22.88,22.88,22.88,10,0
DTR,D,20150909,000000,21.81,23,21.81,23,67,0
DTR,D,20150910,000000,23,23,22.5,23,128,0
DTR,D,20150911,000000,22.45,22.66,22,22.66,90,0
DTR,D,20150914,000000,22.66,22.8,22.66,22.8,96,0
DTR,D,20150915,000000,22.8,22.8,22.8,22.8,6,0
DTR,D,20150916,000000,21.77,22.75,21.77,22.75,688,0
DTR,D,20150921,000000,21.77,21.77,21.5,21.5,126,0
DTR,D,20150922,000000,22.75,22.75,21.5,21.5,947,0
DTR,D,20150923,000000,22.22,22.46,21.8,21.8,201,0
DTR,D,20150924,000000,22.75,23,22.75,23,261,0
DTR,D,20150925,000000,23,23,22,22,5,0
DTR,D,20150928,000000,23,23,22,22,548,0
DTR,D,20150929,000000,22.56,23,22.56,23,1432,0
DTR,D,20150930,000000,23,23,23,23,35,0
DTR,D,20151001,000000,23,23,23,23,25,0
DTR,D,20151002,000000,22.9,23.85,22.9,23.85,456,0
DTR,D,20151005,000000,23.85,24.6,23.85,24.6,47,0
DTR,D,20151006,000000,24.6,25.4,24.6,25.4,98,0
DTR,D,20151007,000000,25.4,26.31,25,26.31,338,0
DTR,D,20151008,000000,26.31,27.85,26.31,27.85,131,0
DTR,D,20151009,000000,28,28.1,27.26,28,57,0
DTR,D,20151013,000000,28,29,28,28.01,114,0
DTR,D,20151014,000000,28.95,28.95,28.94,28.95,186,0
DTR,D,20151015,000000,28.95,29.9,27.68,29.1,497,0
DTR,D,20151016,000000,29.1,29.75,28,29.5,477,0
DTR,D,20151019,000000,29.5,29.5,27.68,27.68,98,0
DTR,D,20151021,000000,27.95,29,26.5,28.2,99,0
DTR,D,20151022,000000,26.6,28.5,26.6,28.5,21,0
DTR,D,20151023,000000,28.5,28.5,28,28.5,98,0
DTR,D,20151027,000000,28.5,29.2,27,29.2,227,0
DTR,D,20151028,000000,28.2,29.2,28,29,562,0
DTR,D,20151029,000000,29.35,29.35,29.35,29.35,60,0
DTR,D,20151030,000000,29.35,30.05,29.35,30.05,72,0
DTR,D,20151103,000000,30.05,30.05,30.05,30.05,10,0
DTR,D,20151104,000000,29.5,30,29.5,30,45,0
DTR,D,20151105,000000,30,30.05,30,30.05,20,0
DTR,D,20151106,000000,30.05,30.05,30.05,30.05,30,0
DTR,D,20151109,000000,28.5,28.5,22.81,22.95,300,0
DTR,D,20151110,000000,27.53,27.54,24.4,26,253,0
DTR,D,20151112,000000,26,26,26,26,16,0
DTR,D,20151113,000000,26,29.8,26,29.8,488,0
DTR,D,20151116,000000,27.82,28.5,26.02,28.5,425,0
DTR,D,20151117,000000,27.9,28.5,27.9,28.5,368,0
DTR,D,20151119,000000,28.7,29,28.7,29,37,0
DTR,D,20151120,000000,29.5,29.5,29.5,29.5,72,0
DTR,D,20151123,000000,27.73,29.55,22.19,29.55,191,0
DTR,D,20151124,000000,29.6,29.6,29.6,29.6,10,0
DTR,D,20151126,000000,27.54,29.98,24.11,29,301,0
DTR,D,20151127,000000,29,29,29,29,10,0
DTR,D,20151130,000000,29.3,29.3,29.3,29.3,10,0
DTR,D,20151201,000000,28.3,28.3,28.3,28.3,29,0
DTR,D,20151202,000000,28.25,29.3,27.26,29.3,35,0
DTR,D,20151207,000000,28,29.3,25.04,28.79,557,0
DTR,D,20151209,000000,28,28,28,28,28,0
DTR,D,20151211,000000,28,28.8,25.1,28.8,110,0
DTR,D,20151214,000000,28.9,28.9,28.9,28.9,39,0
DTR,D,20151215,000000,28.9,29.2,28.9,29.2,66,0
DTR,D,20151221,000000,27.5,27.5,27.5,27.5,110,0
DTR,D,20151222,000000,27.5,27.5,27.5,27.5,50,0
DTR,D,20151223,000000,27.5,28.99,27.5,28.99,298,0
DTR,D,20160104,000000,29.5,29.5,29.5,29.5,10,0
DTR,D,20160105,000000,25.15,29.5,25.15,29.5,250,0
DTR,D,20160107,000000,29,29,29,29,20,0
DTR,D,20160111,000000,28,29.15,28,29.15,173,0
DTR,D,20160113,000000,27.82,28.5,27.82,28.5,41,0
DTR,D,20160114,000000,27.15,27.7,27.15,27.7,96,0
DTR,D,20160115,000000,26.8,27,26,27,459,0
DTR,D,20160118,000000,27.1,27.1,27.1,27.1,45,0
DTR,D,20160119,000000,27.2,27.4,27.2,27.4,150,0
DTR,D,20160120,000000,27.3,27.63,27.3,27.63,319,0
DTR,D,20160121,000000,27.15,27.5,27.15,27.45,118,0
DTR,D,20160122,000000,26.7,29.02,26.67,29.02,235,0
DTR,D,20160125,000000,27.45,27.5,27.45,27.5,47,0
DTR,D,20160126,000000,27.07,27.07,26.05,26.05,76,0
DTR,D,20160127,000000,25.15,25.15,22.89,24.5,75,0
DTR,D,20160128,000000,24.5,24.5,24.5,24.5,174,0
DTR,D,20160202,000000,26.23,28,26.23,28,326,0
DTR,D,20160204,000000,27.5,27.5,26.7,27.5,218,0
DTR,D,20160208,000000,27.42,27.42,27.42,27.42,40,0
DTR,D,20160210,000000,26.2,26.2,26.2,26.2,96,0
DTR,D,20160211,000000,25.43,25.43,20.3,20.3,808,0
DTR,D,20160212,000000,19.99,22,18.01,22,846,0
DTR,D,20160215,000000,22,22.3,22,22.3,494,0
DTR,D,20160216,000000,21.53,21.53,20.53,20.53,520,0
DTR,D,20160217,000000,19.5,19.5,18.7,18.8,368,0
DTR,D,20160218,000000,19,19.74,19,19.74,476,0
DTR,D,20160219,000000,21.66,25,21.66,25,1117,0
DTR,D,20160222,000000,24.2,24.2,21.91,23,1061,0
DTR,D,20160223,000000,22,23.3,22,22,19,0
DTR,D,20160224,000000,22,22.1,22,22,520,0
DTR,D,20160225,000000,21.5,22.47,21.5,22.47,364,0
DTR,D,20160226,000000,23.5,23.5,22.5,22.5,250,0
DTR,D,20160229,000000,22.5,23.5,22.5,23,253,0
DTR,D,20160302,000000,23.62,24.98,23.62,24.98,484,0
DTR,D,20160303,000000,24.98,27.45,24.98,27.42,115,0
DTR,D,20160304,000000,27,27.1,26.1,26.49,727,0
DTR,D,20160308,000000,25.24,25.24,25.24,25.24,298,0
DTR,D,20160309,000000,24.23,24.23,24.23,24.23,18,0
DTR,D,20160310,000000,25.43,25.43,25.43,25.43,200,0
DTR,D,20160311,000000,24.39,24.39,23.15,23.5,829,0
DTR,D,20160314,000000,23.6,23.6,23.34,23.6,590,0
DTR,D,20160315,000000,22.84,23.51,22.39,23.51,352,0
DTR,D,20160316,000000,22.42,23.31,22.42,23.31,106,0
DTR,D,20160318,000000,23.3,23.7,23.1,23.1,409,0
DTR,D,20160322,000000,23.1,23.1,23.1,23.1,105,0
DTR,D,20160324,000000,23.1,23.1,23,23,160,0
DTR,D,20160329,000000,22.67,23.41,22.65,23.41,950,0
DTR,D,20160330,000000,23.4,23.5,23.4,23.5,326,0
DTR,D,20160404,000000,23.49,23.49,23.49,23.49,1,0
DTR,D,20160405,000000,22.87,22.87,22.86,22.86,199,0
DTR,D,20160406,000000,22.75,23.62,22.5,23.62,198,0
DTR,D,20160408,000000,23,23,23,23,800,0
DTR,D,20160411,000000,23.31,23.31,23.31,23.31,281,0
DTR,D,20160412,000000,23.32,23.32,23.32,23.32,23,0
DTR,D,20160413,000000,24.36,24.36,24.36,24.36,308,0
DTR,D,20160415,000000,24.36,26,24.36,26,231,0
DTR,D,20160418,000000,27.93,27.93,26,26,202,0
DTR,D,20160421,000000,25.73,25.73,25.5,25.5,220,0
DTR,D,20160422,000000,26.15,26.15,26.15,26.15,18,0
DTR,D,20160425,000000,25,25,24.4,24.4,385,0
DTR,D,20160426,000000,24.4,24.4,24.3,24.3,499,0
DTR,D,20160427,000000,23.15,23.15,23.15,23.15,300,0
DTR,D,20160428,000000,23.15,23.15,23.15,23.15,300,0
DTR,D,20160429,000000,24,24,24,24,1,0
DTR,D,20160502,000000,24,24,24,24,200,0
DTR,D,20160509,000000,23.99,23.99,23.99,23.99,103,0
DTR,D,20160512,000000,23.85,24,23.85,24,500,0
DTR,D,20160513,000000,24.01,24.01,23,23,575,0
DTR,D,20160516,000000,23,23,21.5,22,1922,0
DTR,D,20160517,000000,21.51,22,21.5,22,1252,0
DTR,D,20160519,000000,22.48,22.48,22.48,22.48,10,0
DTR,D,20160520,000000,22.48,22.48,22.48,22.48,10,0
DTR,D,20160523,000000,22.45,22.45,20.21,20.25,458,0
DTR,D,20160524,000000,21.99,21.99,21.99,21.99,50,0
DTR,D,20160525,000000,21.5,21.5,21.5,21.5,44,0
DTR,D,20160527,000000,20.5,21.5,19.15,21.5,800,0
DTR,D,20160609,000000,19.04,20,18.14,20,1203,0
DTR,D,20160610,000000,19.65,19.65,19.65,19.65,80,0
DTR,D,20160613,000000,19.2,19.2,19.2,19.2,242,0
DTR,D,20160614,000000,18.8,18.8,18.15,18.2,1003,0
DTR,D,20160615,000000,19,19,19,19,100,0
DTR,D,20160616,000000,18.2,18.51,18.2,18.51,113,0
DTR,D,20160617,000000,19.11,19.11,19.11,19.11,100,0
DTR,D,20160620,000000,19.19,19.19,19.19,19.19,153,0
DTR,D,20160621,000000,19.2,19.2,19.2,19.2,200,0
DTR,D,20160622,000000,18.51,19.3,18.51,19.3,180,0
DTR,D,20160624,000000,18.55,18.7,18.5,18.7,466,0
DTR,D,20160628,000000,18.22,18.22,18.22,18.22,90,0
DTR,D,20160701,000000,18.22,18.22,18.22,18.22,28,0
DTR,D,20160718,000000,18.3,18.3,18.3,18.3,5,0
DTR,D,20160719,000000,18.28,18.28,18.1,18.1,255,0
DTR,D,20160720,000000,17.53,17.53,17.39,17.39,201,0
DTR,D,20160721,000000,17.39,17.39,17.39,17.39,212,0
DTR,D,20160722,000000,17.98,17.98,17.98,17.98,63,0
DTR,D,20160728,000000,17.15,17.15,17.15,17.15,353,0
DTR,D,20160801,000000,16.8,17.2,16.8,17.2,335,0
DTR,D,20160802,000000,16.38,16.38,16.38,16.38,30,0
DTR,D,20160804,000000,17,17,17,17,4,0
DTR,D,20160805,000000,17,17,17,17,176,0
DTR,D,20160812,000000,16.9,17,16.9,17,696,0
DTR,D,20160816,000000,17.5,17.5,17.5,17.5,300,0
DTR,D,20160818,000000,17.62,17.62,17.62,17.62,300,0
DTR,D,20160819,000000,17.62,17.62,17.62,17.62,181,0
DTR,D,20160822,000000,17.62,17.62,17.62,17.62,10,0
DTR,D,20160825,000000,17.62,17.62,17.62,17.62,120,0
DTR,D,20160831,000000,17,17,17,17,233,0
DTR,D,20160905,000000,17,17,17,17,40,0
DTR,D,20160912,000000,16.39,16.39,16.1,16.1,163,0
DTR,D,20160913,000000,16.4,16.4,16.4,16.4,641,0
DTR,D,20160914,000000,16.4,16.4,16.4,16.4,78,0
DTR,D,20160915,000000,16.4,16.4,16.4,16.4,100,0
DTR,D,20160916,000000,16.4,16.4,16.4,16.4,191,0
DTR,D,20160920,000000,16.4,16.4,16.4,16.4,621,0
DTR,D,20160921,000000,16.55,17,16.55,17,754,0
DTR,D,20160923,000000,17.5,17.5,17.5,17.5,150,0
DTR,D,20160926,000000,17.4,17.4,17.4,17.4,50,0
DTR,D,20160927,000000,17.5,17.5,17.5,17.5,279,0
DTR,D,20160929,000000,17.62,17.62,17.62,17.62,50,0
DTR,D,20161003,000000,18.49,18.5,18.49,18.5,531,0
DTR,D,20161004,000000,19.75,19.8,19.75,19.8,119,0
DTR,D,20161005,000000,19.8,19.99,19.1,19.1,509,0
DTR,D,20161006,000000,19.15,19.15,19.1,19.1,300,0
DTR,D,20161007,000000,19.1,19.1,19.1,19.1,100,0
DTR,D,20161010,000000,19.4,20.5,19.4,20.49,1699,0
DTR,D,20161011,000000,20.5,22,20.5,21.75,1978,0
DTR,D,20161012,000000,22.4,22.82,22.1,22.82,2483,0
DTR,D,20161013,000000,23.05,24,23.05,24,1057,0
DTR,D,20161014,000000,24,24,23.9,24,331,0
DTR,D,20161017,000000,23.21,23.99,23.15,23.89,1285,0
DTR,D,20161018,000000,23.2,23.2,22.77,22.9,895,0
DTR,D,20161019,000000,22.5,22.5,20.5,21.99,205,0
DTR,D,20161020,000000,21.99,21.99,21.2,21.9,203,0
DTR,D,20161021,000000,21.31,21.7,20.02,21.5,753,0
DTR,D,20161024,000000,20.48,20.5,20.48,20.48,451,0
DTR,D,20161025,000000,20.02,20.02,20.02,20.02,351,0
DTR,D,20161026,000000,19.05,20,19.05,19.5,42,0
DTR,D,20161027,000000,19.65,19.65,19.65,19.65,382,0
DTR,D,20161028,000000,19.7,19.7,19.45,19.45,350,0
DTR,D,20161031,000000,19.9,19.9,19.45,19.45,65,0
DTR,D,20161102,000000,19.45,19.45,19.45,19.45,50,0
DTR,D,20161103,000000,19.9,19.9,19.9,19.9,67,0
DTR,D,20161104,000000,20.01,20.5,20.01,20.5,235,0
DTR,D,20161107,000000,20.7,20.7,20.7,20.7,242,0
DTR,D,20161109,000000,20.7,20.7,19.5,19.5,848,0
DTR,D,20161110,000000,19.5,19.51,19.5,19.5,157,0
DTR,D,20161114,000000,20,20,19.99,19.99,285,0
DTR,D,20161115,000000,19.99,20,19.99,20,140,0
DTR,D,20161117,000000,20,20,20,20,18,0
DTR,D,20161122,000000,19.91,19.91,19.91,19.91,30,0
DTR,D,20161123,000000,19.91,19.91,19.91,19.91,117,0
DTR,D,20161124,000000,19.91,19.91,19.91,19.91,75,0
DTR,D,20161125,000000,17.73,19.5,17,19.5,789,0
DTR,D,20161130,000000,18,18.4,18,18.4,536,0
DTR,D,20161201,000000,18.33,18.33,18.33,18.33,50,0
DTR,D,20161202,000000,18.4,20,18.4,19.6,2221,0
DTR,D,20161205,000000,19.6,20.5,19.5,19.5,2829,0
DTR,D,20161206,000000,19.51,20,19.51,20,217,0
DTR,D,20161207,000000,20,20,19.99,20,1055,0
DTR,D,20161208,000000,20,20,20,20,45,0
DTR,D,20161209,000000,19.9,19.9,19.9,19.9,79,0
DTR,D,20161212,000000,19.51,19.51,19.45,19.45,675,0
DTR,D,20161213,000000,19.45,19.45,19.45,19.45,270,0
DTR,D,20161214,000000,19.45,19.45,19.45,19.45,33,0
DTR,D,20161215,000000,19.45,19.85,19.45,19.85,1139,0
DTR,D,20161216,000000,19.85,19.85,19.85,19.85,100,0
DTR,D,20161219,000000,19.89,19.9,19.89,19.9,200,0
DTR,D,20161220,000000,19.9,19.9,19.9,19.9,10,0
DTR,D,20161221,000000,19.34,19.34,19.15,19.15,219,0
DTR,D,20161222,000000,19.15,19.15,19.15,19.15,91,0
DTR,D,20161223,000000,19.15,19.15,19.15,19.15,50,0
DTR,D,20161227,000000,19.15,19.17,19.15,19.17,60,0
DTR,D,20161228,000000,19.05,19.05,19.05,19.05,287,0
DTR,D,20161230,000000,18.87,19.04,17.55,19.04,1666,0
DTR,D,20170102,000000,19.5,19.5,19.5,19.5,500,0
DTR,D,20170103,000000,18.99,18.99,18.99,18.99,50,0
DTR,D,20170104,000000,18.99,19,18.99,19,30,0
DTR,D,20170105,000000,19,19,19,19,161,0
DTR,D,20170109,000000,18.22,19.08,18.21,19.08,480,0
DTR,D,20170110,000000,18.24,19.07,18.24,19.07,2,0
DTR,D,20170111,000000,19.07,19.07,19.07,19.07,116,0
DTR,D,20170113,000000,18.8,18.8,18.8,18.8,179,0
DTR,D,20170117,000000,18.8,18.8,18.8,18.8,50,0
DTR,D,20170119,000000,18.85,18.85,18.85,18.85,100,0
DTR,D,20170120,000000,18.7,18.9,18.2,18.9,246,0
DTR,D,20170123,000000,18.86,18.95,18.21,18.95,191,0
DTR,D,20170124,000000,18.5,18.5,18.25,18.25,375,0
DTR,D,20170126,000000,18.05,18.95,18.05,18.86,525,0
DTR,D,20170127,000000,18.7,18.7,18.07,18.68,580,0
DTR,D,20170130,000000,18.88,18.88,18.12,18.49,355,0
DTR,D,20170131,000000,18.5,18.69,18.4,18.69,312,0
DTR,D,20170201,000000,18.99,18.99,18.4,18.95,1902,0
DTR,D,20170202,000000,19.12,20.6,19.12,20.49,11423,0
DTR,D,20170203,000000,20.49,20.87,20.41,20.41,1173,0
DTR,D,20170206,000000,20.43,20.43,19.5,19.5,2149,0
DTR,D,20170207,000000,19.5,19.5,18.58,19.1,1277,0
DTR,D,20170208,000000,19.45,19.46,18.7,19,1234,0
DTR,D,20170209,000000,19.46,19.46,18.72,18.95,704,0
DTR,D,20170210,000000,19.3,19.3,18.83,19,395,0
DTR,D,20170213,000000,19,19.3,18.9,19.3,2045,0
DTR,D,20170214,000000,19.3,19.5,19.3,19.5,302,0
DTR,D,20170215,000000,19.5,19.5,19.35,19.35,537,0
DTR,D,20170216,000000,19.5,19.5,19.5,19.5,187,0
DTR,D,20170217,000000,19.5,19.5,19.4,19.5,200,0
DTR,D,20170220,000000,19.5,19.5,19.5,19.5,2000,0
DTR,D,20170221,000000,19.44,19.5,19.44,19.5,200,0
DTR,D,20170222,000000,19.25,19.45,19.25,19.45,559,0
DTR,D,20170223,000000,19.45,19.45,19.45,19.45,90,0
DTR,D,20170224,000000,19.45,19.45,19.25,19.26,424,0
DTR,D,20170227,000000,19.42,19.42,19.25,19.25,190,0
DTR,D,20170228,000000,19.26,19.26,19.1,19.1,116,0
DTR,D,20170301,000000,19.1,19.1,19.1,19.1,666,0
DTR,D,20170302,000000,19.06,19.1,19.05,19.1,125,0
DTR,D,20170306,000000,19.1,19.1,19.05,19.05,498,0
DTR,D,20170307,000000,19.05,19.05,18.4,18.6,2173,0
DTR,D,20170308,000000,18.61,19.5,18.61,18.7,1770,0
DTR,D,20170309,000000,18.81,19.35,18.81,19.35,881,0
DTR,D,20170310,000000,19.25,19.25,18.5,18.85,1804,0
DTR,D,20170313,000000,19.01,19.49,19.01,19.49,653,0
DTR,D,20170314,000000,19.5,20.28,19.5,20,3748,0
DTR,D,20170315,000000,20.1,20.25,20,20.25,264,0
DTR,D,20170316,000000,20.1,20.5,20.1,20.44,3606,0
DTR,D,20170317,000000,20.4,20.4,20.25,20.25,3335,0
DTR,D,20170320,000000,20.4,21.1,20.4,20.4,2501,0
DTR,D,20170321,000000,20.3,20.3,19.61,20,856,0
DTR,D,20170322,000000,19.55,19.55,19.55,19.55,150,0
DTR,D,20170323,000000,20,20,19.55,19.55,2222,0
DTR,D,20170324,000000,19.55,19.55,19.49,19.55,2529,0
DTR,D,20170327,000000,19.42,19.42,19.39,19.39,124,0
DTR,D,20170328,000000,19.42,19.55,19.42,19.55,100,0
DTR,D,20170330,000000,19.9,19.9,19.15,19.15,615,0
DTR,D,20170331,000000,19.15,19.15,19,19,1212,0
DTR,D,20170404,000000,19,19,19,19,1360,0
DTR,D,20170405,000000,19,19,19,19,100,0
DTR,D,20170406,000000,19,19,19,19,706,0
DTR,D,20170407,000000,18.9,19.3,18.6,19.3,507,0
DTR,D,20170410,000000,19.28,19.45,19.28,19.45,488,0
DTR,D,20170411,000000,19.06,19.9,19.06,19.9,300,0
DTR,D,20170412,000000,19.69,19.69,19.35,19.35,124,0
DTR,D,20170413,000000,19.07,19.07,19.05,19.05,100,0
DTR,D,20170418,000000,20.24,22,20.22,21.99,10382,0
DTR,D,20170419,000000,22,23.2,21.5,23.2,7189,0
DTR,D,20170420,000000,23.2,23.5,22,22.4,4827,0
DTR,D,20170421,000000,22.55,22.55,21.58,22.4,2053,0
DTR,D,20170424,000000,22.55,23.45,22.4,23.15,1026,0
DTR,D,20170425,000000,23.2,23.45,23,23.45,1203,0
DTR,D,20170426,000000,23.48,24.46,23.31,24.46,2976,0
DTR,D,20170427,000000,24.39,25.5,24.39,24.95,1027,0
DTR,D,20170428,000000,25.5,25.5,23.51,23.9,1687,0
DTR,D,20170502,000000,23.9,24.2,23.9,24.2,318,0
DTR,D,20170504,000000,24.35,24.6,24.35,24.35,368,0
DTR,D,20170505,000000,24.21,24.21,24.21,24.21,187,0
DTR,D,20170508,000000,24.79,24.79,24.21,24.5,214,0
DTR,D,20170509,000000,24.5,24.5,24.5,24.5,10,0
DTR,D,20170510,000000,24.79,24.79,24.79,24.79,117,0
DTR,D,20170511,000000,24.79,24.79,24.7,24.7,21,0
DTR,D,20170512,000000,24.65,24.8,24.3,24.8,97,0
DTR,D,20170515,000000,24.8,24.8,24.58,24.8,116,0
DTR,D,20170516,000000,24.02,24.02,24,24,225,0
DTR,D,20170517,000000,24.78,24.78,23.72,24.77,104,0
DTR,D,20170518,000000,24.6,24.6,24.6,24.6,2,0
DTR,D,20170522,000000,24.5,24.5,24.5,24.5,249,0
DTR,D,20170523,000000,23.6,24.4,23.6,24.4,200,0
DTR,D,20170524,000000,24.4,24.4,23.7,24.25,544,0
DTR,D,20170525,000000,24.42,25.48,24.1,25.2,2145,0
DTR,D,20170526,000000,25.15,25.15,23.34,25,4706,0
DTR,D,20170529,000000,24.5,25.45,23.51,25,4632,0
DTR,D,20170530,000000,25,25,23.62,23.62,2105,0
DTR,D,20170531,000000,24.39,24.98,24.39,24.98,437,0
DTR,D,20170601,000000,24.98,25.48,24.98,25.4,874,0
DTR,D,20170602,000000,25.4,25.4,23.7,23.7,2216,0
DTR,D,20170605,000000,24.29,24.29,24.29,24.29,2,0
DTR,D,20170606,000000,24.29,24.29,24.29,24.29,3,0
DTR,D,20170607,000000,24.24,24.68,24.22,24.68,480,0
DTR,D,20170608,000000,24.68,24.68,24.68,24.68,11,0
DTR,D,20170609,000000,24.49,24.49,24.49,24.49,72,0
DTR,D,20170612,000000,24.22,24.22,24.22,24.22,133,0
DTR,D,20170613,000000,24.49,24.49,22.51,23.16,589,0
DTR,D,20170614,000000,23.16,23.16,22,22.45,1289,0
DTR,D,20170616,000000,21.98,22.45,21.98,22.45,161,0
DTR,D,20170619,000000,22.45,22.45,22.45,22.45,2,0
DTR,D,20170620,000000,22.51,23.99,22.5,22.99,3973,0
DTR,D,20170621,000000,22.8,22.95,22.14,22.9,1601,0
DTR,D,20170622,000000,22.89,22.92,22.31,22.92,131,0
DTR,D,20170623,000000,22.9,23.73,22.32,23.73,2163,0
DTR,D,20170626,000000,23.8,24.27,23.8,24.27,986,0
DTR,D,20170627,000000,24.35,24.49,23.9,24.09,4193,0
DTR,D,20170628,000000,24.09,24.1,23.75,23.9,1238,0
DTR,D,20170629,000000,23.6,23.6,22.15,22.8,2608,0
DTR,D,20170630,000000,22.5,22.5,21,21.55,2980,0
DTR,D,20170703,000000,21.8,22.95,21.8,22.01,537,0
DTR,D,20170704,000000,22.01,22.01,22.01,22.01,100,0
DTR,D,20170706,000000,22.95,22.95,22.95,22.95,190,0
DTR,D,20170707,000000,22.79,22.79,22.79,22.79,26,0
DTR,D,20170710,000000,22.79,22.8,22.79,22.79,125,0
DTR,D,20170711,000000,22.77,22.77,22.77,22.77,28,0
DTR,D,20170712,000000,22.77,22.77,22.77,22.77,41,0
DTR,D,20170713,000000,22.8,22.8,21.05,22.7,780,0
DTR,D,20170714,000000,22.48,22.5,22.48,22.5,478,0
DTR,D,20170718,000000,22.5,22.5,21.21,21.9,1002,0
DTR,D,20170719,000000,21.5,21.5,21.5,21.5,1,0
DTR,D,20170720,000000,21.25,21.25,20.3,20.6,1688,0
DTR,D,20170721,000000,20.55,20.55,20.4,20.55,358,0
DTR,D,20170725,000000,20.98,20.99,20.98,20.99,69,0
DTR,D,20170726,000000,20.9,20.9,20.9,20.9,254,0
DTR,D,20170727,000000,20.9,21.1,20.9,21.1,328,0
DTR,D,20170731,000000,21.2,21.2,20.77,20.77,295,0
DTR,D,20170801,000000,20.81,20.81,20.77,20.77,135,0
DTR,D,20170802,000000,21.61,21.61,21.61,21.61,239,0
DTR,D,20170803,000000,21.8,21.8,21.8,21.8,60,0
DTR,D,20170804,000000,21.65,21.65,21.65,21.65,10,0
DTR,D,20170810,000000,20.77,20.77,20.77,20.77,130,0
DTR,D,20170811,000000,20.62,20.62,20.5,20.5,539,0
DTR,D,20170814,000000,20.69,20.69,20.69,20.69,10,0
DTR,D,20170816,000000,20.31,20.4,20.31,20.4,130,0
DTR,D,20170817,000000,20.7,20.7,20.7,20.7,363,0
DTR,D,20170821,000000,20.4,20.4,20.4,20.4,150,0
DTR,D,20170823,000000,20.5,21,20.2,21,948,0
DTR,D,20170824,000000,20.86,21.5,20.12,20.12,2466,0
DTR,D,20170831,000000,20.51,20.51,20.51,20.51,15,0
DTR,D,20170901,000000,20.85,20.85,20.85,20.85,226,0
DTR,D,20170905,000000,20.8,21.4,20.8,21.4,528,0
DTR,D,20170906,000000,20.99,20.99,20.54,20.54,1177,0
DTR,D,20170907,000000,20.26,20.26,20.26,20.26,84,0
DTR,D,20170908,000000,20.45,20.45,20.3,20.3,82,0
DTR,D,20170911,000000,20.3,20.3,20.3,20.3,185,0
DTR,D,20170912,000000,20.22,20.22,20.22,20.22,130,0
DTR,D,20170913,000000,20.22,20.22,20.2,20.2,235,0
DTR,D,20170915,000000,20.15,20.15,20,20.1,526,0
DTR,D,20170918,000000,19.6,19.6,19.4,19.4,132,0
DTR,D,20170919,000000,20.25,20.25,20.25,20.25,10,0
DTR,D,20170920,000000,20.1,20.1,20.1,20.1,25,0
DTR,D,20170925,000000,20.1,20.1,20.1,20.1,88,0
DTR,D,20170926,000000,20.1,20.1,20.1,20.1,167,0
DTR,D,20170929,000000,19.29,19.5,19.29,19.5,315,0
DTR,D,20171002,000000,19.4,20,19.4,20,1120,0
DTR,D,20171003,000000,20,20,20,20,400,0
DTR,D,20171005,000000,20,20,20,20,560,0
DTR,D,20171006,000000,20,20,20,20,49,0
DTR,D,20171009,000000,20,20,20,20,660,0
DTR,D,20171010,000000,20,20,20,20,162,0
DTR,D,20171011,000000,20.23,20.37,20.23,20.37,152,0
DTR,D,20171017,000000,20.4,21.63,20.4,21.63,1099,0
DTR,D,20171018,000000,21.54,21.54,21,21,504,0
DTR,D,20171019,000000,21,21,21,21,150,0
DTR,D,20171020,000000,21,21,21,21,670,0
DTR,D,20171023,000000,21.48,21.48,20.9,20.9,480,0
DTR,D,20171025,000000,20.61,20.61,20.61,20.61,300,0
DTR,D,20171026,000000,20.69,20.75,20.69,20.75,1141,0
DTR,D,20171027,000000,20.75,20.75,20.75,20.75,235,0
DTR,D,20171030,000000,20.73,20.75,20.73,20.75,153,0
DTR,D,20171102,000000,20.75,20.75,20.75,20.75,450,0
DTR,D,20171109,000000,20.7,20.7,20.7,20.7,540,0
DTR,D,20171110,000000,20.7,20.7,20.7,20.7,185,0
DTR,D,20171113,000000,20.8,20.8,20.8,20.8,793,0
DTR,D,20171114,000000,20.65,20.65,20.65,20.65,50,0
DTR,D,20171116,000000,20.43,20.43,20.43,20.43,190,0
DTR,D,20171121,000000,20.43,20.43,20.3,20.3,374,0
DTR,D,20171122,000000,19.4,19.45,19.4,19.45,110,0
DTR,D,20171123,000000,19.4,19.4,19.4,19.4,140,0
DTR,D,20171127,000000,20.25,20.39,20.25,20.39,1471,0
DTR,D,20171128,000000,20.2,20.2,20.2,20.2,43,0
DTR,D,20171129,000000,20.2,20.43,20.2,20.43,36,0
DTR,D,20171206,000000,20.43,20.68,20.43,20.68,658,0
DTR,D,20171207,000000,19.22,21,18,21,3922,0
DTR,D,20171211,000000,21.23,21.45,21,21,1682,0
DTR,D,20171213,000000,21,21,20.81,20.81,213,0
DTR,D,20171214,000000,20.7,20.7,20.7,20.7,6,0
DTR,D,20171215,000000,20.7,21,20.7,21,386,0
DTR,D,20171218,000000,22.31,22.36,22.27,22.35,3220,0
DTR,D,20171219,000000,22.35,22.35,22.25,22.28,675,0
DTR,D,20171220,000000,22.12,22.28,22.12,22.28,1346,0
DTR,D,20171221,000000,22.17,22.19,22.17,22.19,1357,0
DTR,D,20171222,000000,22.06,22.34,22.06,22.34,170,0
DTR,D,20171227,000000,22.19,22.21,22.19,22.21,177,0
DTR,D,20171228,000000,22.2,22.2,22.2,22.2,120,0
DTR,D,20171229,000000,22.2,22.2,22.2,22.2,112,0
DTR,D,20180103,000000,22.2,22.2,22.2,22.2,25,0
DTR,D,20180104,000000,22.2,22.2,22.2,22.2,45,0
DTR,D,20180108,000000,22.2,22.2,22.2,22.2,801,0
DTR,D,20180109,000000,22.2,22.2,22.2,22.2,240,0
DTR,D,20180110,000000,22.2,22.2,22.2,22.2,387,0
DTR,D,20180112,000000,22.2,22.2,22.2,22.2,1741,0
DTR,D,20180115,000000,22.2,22.2,22.2,22.2,1330,0
DTR,D,20180116,000000,22.2,22.2,22.2,22.2,610,0
DTR,D,20180117,000000,22.2,22.2,22.2,22.2,100,0
DTR,D,20180119,000000,22.2,22.2,22.2,22.2,110,0
DTR,D,20180122,000000,22.2,22.2,22.2,22.2,100,0
DTR,D,20180123,000000,22.4,22.6,22.4,22.6,329,0
DTR,D,20180124,000000,22.4,22.4,22.4,22.4,1044,0
DTR,D,20180125,000000,22.4,22.4,22.4,22.4,100,0
DTR,D,20180126,000000,22.4,22.4,22.4,22.4,15,0
DTR,D,20180131,000000,22.4,22.4,22.4,22.4,225,0
DTR,D,20180201,000000,22.4,22.4,22.4,22.4,1007,0
DTR,D,20180202,000000,22.4,22.4,22.4,22.4,833,0
DTR,D,20180205,000000,22.4,22.4,22.4,22.4,397,0
DTR,D,20180206,000000,22.4,22.4,22.4,22.4,1928,0
DTR,D,20180207,000000,22.4,22.4,22.4,22.4,798,0
DTR,D,20180208,000000,22.4,22.4,22.4,22.4,14,0
DTR,D,20180209,000000,22.6,22.6,22.4,22.4,294,0
DTR,D,20180212,000000,22.4,22.4,22.4,22.4,1495,0
DTR,D,20180215,000000,22.2,22.2,20,22.2,1328,0
DTR,D,20180216,000000,22.2,22.2,22.2,22.2,101,0
DTR,D,20180220,000000,22.2,22.2,21.8,21.8,504,0
DTR,D,20180221,000000,21.8,21.8,21.8,21.8,632,0
DTR,D,20180222,000000,21.8,21.8,21.8,21.8,9,0
DTR,D,20180223,000000,21.8,21.8,21.8,21.8,859,0
DTR,D,20180301,000000,21.6,21.6,21.4,21.4,185,0
DTR,D,20180302,000000,21.2,21.2,19.3,20.6,1670,0
DTR,D,20180308,000000,20.4,20.4,20.4,20.4,60,0
DTR,D,20180312,000000,20.4,20.4,20.4,20.4,458,0
DTR,D,20180313,000000,20.2,20.2,20.2,20.2,30,0
DTR,D,20180314,000000,20,20,20,20,390,0
DTR,D,20180315,000000,20,21.4,20,21.4,1878,0
DTR,D,20180316,000000,21,21,19.5,19.5,6945,0
DTR,D,20180320,000000,19,19,19,19,100,0
DTR,D,20180321,000000,19.5,19.5,19.5,19.5,100,0
DTR,D,20180327,000000,17.7,19.4,17.7,19.4,65,0
DTR,D,20180403,000000,19.4,19.4,19.4,19.4,10,0
DTR,D,20180406,000000,19.2,19.2,19.2,19.2,10,0
DTR,D,20180409,000000,19.2,19.2,19.2,19.2,40,0
DTR,D,20180417,000000,19,19,19,19,25,0
DTR,D,20180418,000000,19,19,19,19,5,0
DTR,D,20180419,000000,18.9,18.9,18.9,18.9,10,0
DTR,D,20180424,000000,18.6,19.6,18.6,19.5,510,0
DTR,D,20180425,000000,20,21.8,19.8,20.6,41,0
DTR,D,20180426,000000,20.8,20.8,19.8,20.6,260,0
DTR,D,20180427,000000,21,21.4,21,21.4,20,0
DTR,D,20180430,000000,20.2,20.2,20,20,34,0
DTR,D,20180507,000000,20,20,20,20,3,0
DTR,D,20180509,000000,19.6,19.9,17.7,19.9,139,0
DTR,D,20180511,000000,19.9,20.8,19.5,19.5,51,0
DTR,D,20180515,000000,19.9,20.2,19.9,19.9,42,0
DTR,D,20180518,000000,19.9,19.9,19.9,19.9,5,0
DTR,D,20180522,000000,19.4,19.4,19.4,19.4,45,0
DTR,D,20180523,000000,19.5,19.5,19.5,19.5,100,0
DTR,D,20180524,000000,19.3,19.3,19.3,19.3,10,0
DTR,D,20180528,000000,19.3,19.5,19.3,19.5,50,0
DTR,D,20180529,000000,19.4,19.8,19.4,19.8,160,0
DTR,D,20180608,000000,19.7,19.8,19.7,19.8,40,0
DTR,D,20180619,000000,19,19.4,19,19.4,167,0
DTR,D,20180622,000000,19.3,19.4,19.3,19.4,30,0
DTR,D,20180702,000000,18.6,19.3,18.6,19.3,55,0
DTR,D,20180710,000000,17.4,19,17.4,19,210,0
DTR,D,20180720,000000,18.9,18.9,18.9,18.9,2,0
DTR,D,20180725,000000,18.8,18.8,18.8,18.8,28,0
DTR,D,20180726,000000,18.7,18.7,17.9,17.9,95,0
DTR,D,20180727,000000,17.8,17.8,17.8,17.8,10,0
DTR,D,20180731,000000,17,17.5,17,17.5,5,0
DTR,D,20180801,000000,17.4,17.4,17.4,17.4,6,0
DTR,D,20180807,000000,17,17,16.5,16.5,492,0
DTR,D,20180808,000000,16.2,16.2,15.8,15.8,33,0
DTR,D,20180809,000000,16.9,16.9,16.9,16.9,10,0
DTR,D,20180810,000000,16.2,16.9,16.2,16.9,468,0
DTR,D,20180816,000000,16.3,16.3,16.3,16.3,38,0
DTR,D,20180817,000000,16.4,16.4,16.4,16.4,10,0
DTR,D,20180827,000000,16,16,16,16,15,0
DTR,D,20180910,000000,16,16,16,16,5,0
DTR,D,20180911,000000,16,16,16,16,10,0
DTR,D,20180912,000000,15.9,15.9,15.9,15.9,10,0
DTR,D,20180913,000000,15.9,15.9,15.9,15.9,5,0
DTR,D,20180917,000000,15.9,15.9,15.9,15.9,5,0
DTR,D,20180918,000000,15.9,15.9,15.9,15.9,5,0
DTR,D,20180919,000000,15.9,15.9,15.9,15.9,10,0
DTR,D,20180920,000000,15.8,15.8,15.8,15.8,10,0
DTR,D,20180921,000000,15.8,15.8,15.8,15.8,28,0
DTR,D,20180924,000000,15.8,15.8,15.8,15.8,7,0
DTR,D,20180925,000000,15.8,15.8,15.6,15.6,10,0
DTR,D,20180926,000000,15.6,15.6,14.7,14.7,636,0
DTR,D,20180927,000000,14.7,14.7,14.7,14.7,15,0
DTR,D,20180928,000000,14.7,14.7,14.5,14.6,110,0
DTR,D,20181001,000000,14.7,14.7,14.7,14.7,5,0
DTR,D,20181002,000000,14.4,14.4,14,14,25,0
DTR,D,20181005,000000,14.1,14.1,14.1,14.1,5,0
DTR,D,20181009,000000,14,14,14,14,5,0
DTR,D,20181015,000000,13.9,13.9,13.9,13.9,5,0
DTR,D,20181016,000000,13.9,13.9,13.9,13.9,40,0
DTR,D,20181018,000000,13.7,13.9,12.5,13,120,0
DTR,D,20181019,000000,13,13,11.5,12,55,0
DTR,D,20181022,000000,12.9,12.9,12.9,12.9,1,0
DTR,D,20181023,000000,12.4,12.4,11.4,11.4,1031,0
DTR,D,20181024,000000,11.4,11.4,11.4,11.4,12,0
DTR,D,20181026,000000,9.75,11,9.75,11,893,0
DTR,D,20181031,000000,10,10.2,9.75,10,285,0
DTR,D,20181102,000000,9.55,9.55,9.55,9.55,20,0
DTR,D,20181105,000000,10.2,10.2,10.2,10.2,20,0
DTR,D,20181106,000000,11.2,11.5,11,11,177,0
DTR,D,20181107,000000,10.5,10.5,10,10,60,0
DTR,D,20181108,000000,10,10,10,10,60,0
DTR,D,20181116,000000,9.5,10,9,10,62,0
DTR,D,20181121,000000,9,9.9,9,9.9,11,0
DTR,D,20181128,000000,8.1,8.1,8,8,853,0
DTR,D,20181129,000000,8,8,8,8,290,0
DTR,D,20181203,000000,8,8,8,8,250,0
DTR,D,20181204,000000,7.3,8,6.6,6.6,617,0
DTR,D,20181205,000000,7,7,5.7,5.7,13848,0
DTR,D,20181206,000000,5.65,6.5,5.2,5.2,17304,0
DTR,D,20181207,000000,5,5.45,5,5.45,510,0
DTR,D,20181210,000000,5.25,5.25,5,5,1750,0
DTR,D,20181211,000000,5,5.2,5,5.2,10929,0
DTR,D,20181212,000000,5.45,5.95,5.45,5.95,2430,0
DTR,D,20181213,000000,6.5,6.9,5.9,6.5,2897,0
DTR,D,20181214,000000,6.8,7.4,6.7,7.4,480,0
DTR,D,20181217,000000,8.1,8.7,8.1,8.6,5064,0
DTR,D,20181218,000000,9,9.9,8.3,8.4,5931,0
DTR,D,20181219,000000,8.4,8.4,7.2,7.5,1121,0
DTR,D,20181220,000000,7.2,7.85,7,7.85,1010,0
DTR,D,20181221,000000,7.8,8.3,7.8,8.3,6,0
DTR,D,20181227,000000,8.3,8.3,8.3,8.3,1201,0
DTR,D,20190103,000000,7.9,7.9,7.15,7.9,188,0
DTR,D,20190104,000000,7.5,7.5,7.5,7.5,34,0
DTR,D,20190107,000000,7.3,7.55,7.3,7.3,1116,0
DTR,D,20190108,000000,7.25,7.25,6.9,6.9,465,0
DTR,D,20190109,000000,7.45,7.45,7.2,7.2,835,0
DTR,D,20190110,000000,7,7.4,7,7.4,11,0
DTR,D,20190114,000000,7.4,7.4,6.7,6.7,1086,0
DTR,D,20190115,000000,6.75,6.75,5.9,6,26837,0
DTR,D,20190116,000000,5.9,5.9,5.45,5.75,15242,0
DTR,D,20190117,000000,6.25,6.25,6.25,6.25,10,0
DTR,D,20190118,000000,5.95,5.95,5.8,5.8,500,0
DTR,D,20190121,000000,6.15,6.4,5.8,6.4,3064,0
DTR,D,20190123,000000,6.3,6.3,6.3,6.3,1,0
DTR,D,20190124,000000,5.7,6,5.5,6,2168,0
DTR,D,20190125,000000,5.5,5.75,5.5,5.75,335,0
DTR,D,20190128,000000,5.55,5.55,5.55,5.55,10,0
DTR,D,20190129,000000,5.5,5.7,5.3,5.7,400,0
DTR,D,20190130,000000,5.7,5.7,5.7,5.7,953,0
DTR,D,20190131,000000,5.7,6,5.7,6,1032,0
DTR,D,20190201,000000,5.9,6.2,5.7,6.2,1363,0
DTR,D,20190204,000000,6.25,6.25,6.2,6.25,490,0
DTR,D,20190205,000000,6.2,6.25,6.2,6.25,900,0
DTR,D,20190206,000000,6.2,6.45,6.2,6.45,2111,0
DTR,D,20190207,000000,6.45,6.45,6.45,6.45,700,0
DTR,D,20190208,000000,5.7,6.5,5.7,6.5,1125,0
DTR,D,20190211,000000,6.5,6.5,6.45,6.45,55,0
DTR,D,20190212,000000,5.85,5.85,5.75,5.75,81,0
DTR,D,20190213,000000,6.45,6.45,6.25,6.25,208,0
DTR,D,20190214,000000,6,6,6,6,300,0
DTR,D,20190218,000000,6.1,6.25,6.1,6.25,899,0
DTR,D,20190220,000000,6.25,6.4,6.25,6.4,1400,0
DTR,D,20190221,000000,6.3,6.3,6.3,6.3,125,0
DTR,D,20190225,000000,6.3,6.3,6,6,5970,0
DTR,D,20190226,000000,6,6,6,6,1000,0
DTR,D,20190227,000000,6,6.05,6,6,3240,0
DTR,D,20190301,000000,6.2,6.3,6.05,6.05,881,0
DTR,D,20190304,000000,6.05,6.05,6,6,484,0
DTR,D,20190305,000000,5.85,5.85,5.85,5.85,35,0
DTR,D,20190306,000000,5.85,5.85,5.85,5.85,74,0
DTR,D,20190307,000000,5.85,5.85,5.85,5.85,624,0
DTR,D,20190308,000000,5.95,5.95,5.95,5.95,100,0
DTR,D,20190311,000000,5.9,5.9,5.85,5.85,420,0
DTR,D,20190312,000000,5.85,5.85,5.6,5.6,1830,0
DTR,D,20190313,000000,5.5,5.5,5.5,5.5,3880,0
DTR,D,20190314,000000,5.25,5.5,5.15,5.5,4367,0
DTR,D,20190315,000000,5.3,5.5,5.3,5.5,218,0
DTR,D,20190318,000000,5.55,5.7,5.45,5.5,192,0
DTR,D,20190319,000000,5.45,5.45,5.45,5.45,1266,0
DTR,D,20190320,000000,5.25,5.4,5.25,5.25,649,0
DTR,D,20190321,000000,5.45,5.45,5.45,5.45,19,0
DTR,D,20190325,000000,5.45,6.1,5.45,5.85,3462,0
DTR,D,20190326,000000,5.85,5.85,5.85,5.85,170,0
DTR,D,20190327,000000,5.85,6.05,5.8,5.8,2297,0
DTR,D,20190329,000000,5.85,5.85,5.85,5.85,110,0
DTR,D,20190401,000000,5.8,6,5.8,6,1642,0
DTR,D,20190402,000000,6,6,6,6,129,0
DTR,D,20190403,000000,5.8,6,5.8,6,1316,0
DTR,D,20190404,000000,5.8,5.8,5.8,5.8,564,0
DTR,D,20190405,000000,5.95,5.95,5.4,5.5,8111,0
DTR,D,20190410,000000,5.5,5.5,5.5,5.5,163,0
DTR,D,20190411,000000,5.4,5.4,5.4,5.4,352,0
DTR,D,20190412,000000,5.4,5.4,5.4,5.4,160,0
DTR,D,20190415,000000,5.25,5.25,5.2,5.2,2103,0
DTR,D,20190416,000000,5.2,5.2,5.2,5.2,499,0
DTR,D,20190425,000000,5.25,5.5,5.25,5.5,1442,0
DTR,D,20190502,000000,5.5,5.5,5.5,5.5,1371,0
DTR,D,20190506,000000,5.25,5.25,5.25,5.25,564,0
DTR,D,20190509,000000,5.1,5.1,5.1,5.1,341,0
DTR,D,20190510,000000,5.3,5.3,5.3,5.3,20,0
DTR,D,20190513,000000,5.05,5.3,5.05,5.3,35,0
DTR,D,20190520,000000,5.15,5.3,5.15,5.3,3570,0
DTR,D,20190521,000000,5,5,5,5,700,0
DTR,D,20190522,000000,4.9,4.9,4.9,4.9,50,0
DTR,D,20190523,000000,4.7,4.7,4.4,4.68,2252,0
DTR,D,20190524,000000,4.7,4.7,4.7,4.7,804,0
DTR,D,20190527,000000,4.6,4.6,4.6,4.6,250,0
DTR,D,20190528,000000,4.5,4.5,4.4,4.4,55,0
DTR,D,20190530,000000,4.36,4.36,4.36,4.36,1000,0
DTR,D,20190531,000000,4.34,4.4,4.34,4.4,1101,0
DTR,D,20190603,000000,4.3,4.3,4.3,4.3,35,0
DTR,D,20190605,000000,4.4,4.4,4.2,4.2,21,0
DTR,D,20190606,000000,4,4.1,4,4.1,745,0
DTR,D,20190607,000000,4.2,4.2,4.2,4.2,360,0
DTR,D,20190610,000000,4.1,4.1,4.1,4.1,2039,0
DTR,D,20190611,000000,4.1,4.1,4.1,4.1,40,0
DTR,D,20190614,000000,4,4,4,4,126,0
DTR,D,20190619,000000,4,4.2,4,4.2,1792,0
DTR,D,20190621,000000,4.38,4.38,4.38,4.38,1368,0
DTR,D,20190625,000000,4.38,4.4,4.38,4.4,210,0
DTR,D,20190626,000000,4.38,4.38,4.38,4.38,90,0
DTR,D,20190628,000000,4.38,4.38,4.38,4.38,30,0
DTR,D,20190702,000000,4.48,4.48,4.48,4.48,150,0
DTR,D,20190703,000000,4.48,4.48,4.48,4.48,100,0
DTR,D,20190704,000000,4.48,4.5,4.48,4.5,1246,0
DTR,D,20190705,000000,4.7,4.88,4.7,4.88,1735,0
DTR,D,20190708,000000,5.35,5.35,5.35,5.35,10,0
DTR,D,20190709,000000,5.7,5.7,5.35,5.4,1111,0
DTR,D,20190712,000000,5.4,5.65,5.4,5.55,4828,0
DTR,D,20190715,000000,5.4,5.55,5.4,5.55,470,0
DTR,D,20190716,000000,5.5,5.5,5.5,5.5,400,0
DTR,D,20190717,000000,5.5,5.5,5.5,5.5,65,0
DTR,D,20190723,000000,5.35,5.35,5.3,5.3,1421,0
DTR,D,20190724,000000,4.9,4.9,4.9,4.9,67,0
DTR,D,20190726,000000,4.88,4.88,4.88,4.88,784,0
DTR,D,20190730,000000,4.92,4.94,4.92,4.94,1000,0
DTR,D,20190801,000000,4.84,4.84,4.84,4.84,1245,0
DTR,D,20190802,000000,4.9,4.9,4.9,4.9,305,0
DTR,D,20190809,000000,4.82,4.82,4.5,4.7,2079,0
DTR,D,20190812,000000,4.5,4.5,4.5,4.5,578,0
DTR,D,20190822,000000,4.34,4.34,4.34,4.34,65,0
DTR,D,20190823,000000,4.5,4.74,4.5,4.74,2467,0
DTR,D,20190826,000000,4.74,4.74,4.48,4.7,1400,0
DTR,D,20190830,000000,4.62,4.62,4.62,4.62,20,0
DTR,D,20190902,000000,4.4,4.4,4.4,4.4,550,0
DTR,D,20190905,000000,4.48,4.5,4.48,4.5,150,0
DTR,D,20190909,000000,4.48,4.5,4.48,4.5,3836,0
DTR,D,20190910,000000,4.6,4.6,4.48,4.6,4250,0
DTR,D,20190911,000000,4.6,4.6,4.6,4.6,500,0
DTR,D,20190912,000000,4.4,4.4,4.4,4.4,1000,0
DTR,D,20190913,000000,4.44,4.44,4.44,4.44,1790,0
DTR,D,20190916,000000,4.62,5.05,4.46,4.46,1670,0
DTR,D,20190917,000000,5,5.3,4.62,5,5706,0
DTR,D,20190918,000000,5,5,4.8,4.84,1576,0
DTR,D,20190920,000000,4.84,4.86,4.84,4.86,1520,0
DTR,D,20190923,000000,4.72,4.72,4.72,4.72,1000,0
DTR,D,20190924,000000,4.82,4.82,4.82,4.82,250,0
DTR,D,20190925,000000,4.82,4.82,4.82,4.82,250,0
DTR,D,20190926,000000,4.62,4.62,4.62,4.62,1000,0
DTR,D,20190930,000000,4.44,4.44,4.44,4.44,3200,0
DTR,D,20191014,000000,4.44,4.44,4.44,4.44,300,0
DTR,D,20191016,000000,4.28,4.28,4.28,4.28,145,0
DTR,D,20191017,000000,4.28,4.28,4.28,4.28,1069,0
DTR,D,20191021,000000,4.3,4.3,4.3,4.3,1614,0
DTR,D,20191022,000000,4.3,4.3,4.3,4.3,1616,0
DTR,D,20191024,000000,4.3,4.3,4.3,4.3,219,0
DTR,D,20191104,000000,4.24,4.24,4.24,4.24,100,0
DTR,D,20191106,000000,4.1,4.1,3.92,3.92,1780,0
DTR,D,20191112,000000,3.84,3.84,3.7,3.7,3957,0
DTR,D,20191113,000000,3.7,3.78,3.6,3.78,8351,0
DTR,D,20191115,000000,3.62,3.62,3.62,3.62,100,0
DTR,D,20191120,000000,3.78,3.78,3.78,3.78,4,0
DTR,D,20191126,000000,3.74,3.74,3.74,3.74,100,0
DTR,D,20191128,000000,3.78,3.84,3.78,3.84,175,0
DTR,D,20191202,000000,3.84,3.84,3.84,3.84,34,0
DTR,D,20191205,000000,3.64,3.64,3.64,3.64,75,0
DTR,D,20191210,000000,3.78,3.82,3.78,3.82,2085,0
DTR,D,20191211,000000,4,4,3.82,3.82,20417,0
DTR,D,20191212,000000,4,4,4,4,6300,0
DTR,D,20191213,000000,4,4.28,4,4.28,3445,0
DTR,D,20191216,000000,4.28,4.38,4.2,4.38,3457,0
DTR,D,20191217,000000,4.2,4.2,4.2,4.2,1136,0
DTR,D,20191220,000000,4.1,4.1,4.1,4.1,300,0
DTR,D,20191223,000000,4.1,4.1,4.1,4.1,218,0
DTR,D,20200102,000000,4.1,4.1,3.82,3.82,3857,0
DTR,D,20200103,000000,3.82,4,3.82,4,1308,0
DTR,D,20200107,000000,4.1,4.1,4,4,6004,0
DTR,D,20200110,000000,4.1,4.5,4.1,4.5,5786,0
DTR,D,20200113,000000,4.5,4.94,4.5,4.9,5728,0
DTR,D,20200114,000000,4.5,4.7,4.5,4.5,12885,0
DTR,D,20200115,000000,4.3,4.5,4.14,4.5,3520,0
DTR,D,20200116,000000,4.4,4.4,4.4,4.4,450,0
DTR,D,20200117,000000,4.5,4.5,4.2,4.2,9682,0
DTR,D,20200120,000000,4.2,4.58,4.2,4.4,8273,0
DTR,D,20200121,000000,4.4,4.4,4.4,4.4,1932,0
DTR,D,20200122,000000,4.6,4.7,4.32,4.4,5018,0
DTR,D,20200123,000000,4.42,5.3,4.4,5.3,18340,0
DTR,D,20200124,000000,5.25,5.25,4.76,4.98,8063,0
DTR,D,20200127,000000,5.3,5.3,5.1,5.15,3191,0
DTR,D,20200128,000000,5.5,6,5.5,6,9858,0
DTR,D,20200129,000000,6,6.45,5.8,5.85,19071,0
DTR,D,20200130,000000,5.8,6.2,5.7,5.85,10997,0
DTR,D,20200131,000000,5.8,5.8,5.6,5.65,4901,0
DTR,D,20200203,000000,5.65,5.65,5.15,5.2,8522,0
DTR,D,20200204,000000,5.2,5.2,4.68,4.7,7092,0
DTR,D,20200205,000000,4.66,4.72,4.66,4.7,5527,0
DTR,D,20200206,000000,4.72,5,4.72,5,5520,0
DTR,D,20200207,000000,5.5,5.6,5.25,5.5,2255,0
DTR,D,20200210,000000,5.3,5.5,5.25,5.25,6362,0
DTR,D,20200211,000000,5.2,5.3,5.2,5.3,850,0
DTR,D,20200212,000000,5.3,5.3,5.3,5.3,58,0
DTR,D,20200213,000000,5.25,5.25,5,5,3566,0
DTR,D,20200214,000000,5.1,5.1,4.9,4.9,3321,0
DTR,D,20200217,000000,5,5,4.7,4.9,8627,0
DTR,D,20200218,000000,4.76,5,4.7,4.9,6173,0
DTR,D,20200219,000000,4.9,4.9,4.74,4.9,1822,0
DTR,D,20200220,000000,4.88,4.88,4.8,4.8,470,0
DTR,D,20200221,000000,4.7,4.7,4.58,4.6,1279,0
DTR,D,20200224,000000,4.5,4.52,4.06,4.08,4264,0
DTR,D,20200225,000000,4.06,4.2,3.4,4.2,19709,0
DTR,D,20200226,000000,4.2,4.58,3.9,4.02,2149,0
DTR,D,20200227,000000,4.4,4.54,4.34,4.34,716,0
DTR,D,20200228,000000,4.34,4.4,4.14,4.4,487,0
DTR,D,20200302,000000,4.38,4.38,4.38,4.38,31,0
DTR,D,20200303,000000,4.38,4.7,4.38,4.68,7834,0
DTR,D,20200304,000000,4.7,4.7,4.48,4.66,115,0
DTR,D,20200305,000000,4.7,4.7,4.48,4.48,3492,0
DTR,D,20200311,000000,4.2,4.2,3.8,4.18,541,0
DTR,D,20200312,000000,3.8,3.92,3.7,3.92,1950,0
DTR,D,20200313,000000,3.8,4,3.8,4,274,0
DTR,D,20200316,000000,3.5,3.6,3.4,3.4,473,0
DTR,D,20200317,000000,3.74,4,3.74,3.88,470,0
DTR,D,20200318,000000,3.96,3.98,3.96,3.98,2984,0
DTR,D,20200319,000000,3.96,4,3.82,4,4041,0
DTR,D,20200323,000000,4,4,3.98,4,1783,0
DTR,D,20200324,000000,3.86,3.86,3.82,3.82,2025,0
DTR,D,20200325,000000,3.82,4,3.7,4,7014,0
DTR,D,20200327,000000,3.82,3.82,3.82,3.82,783,0
DTR,D,20200330,000000,3.9,4.26,3.8,3.8,6187,0
DTR,D,20200331,000000,3.6,3.8,3.56,3.8,1569,0
DTR,D,20200401,000000,3.66,3.78,3.66,3.78,535,0
DTR,D,20200402,000000,3.78,3.78,3.6,3.78,437,0
DTR,D,20200403,000000,3.6,3.7,3.44,3.56,10799,0
DTR,D,20200406,000000,3.56,3.56,3.56,3.56,1066,0
DTR,D,20200407,000000,3.7,4,3.6,3.6,4336,0
DTR,D,20200408,000000,3.94,4.48,3.94,4.48,1962,0
DTR,D,20200409,000000,4.48,4.5,4.1,4.44,4379,0
DTR,D,20200414,000000,4.2,4.8,4.1,4.8,9804,0
DTR,D,20200415,000000,4.78,4.8,4.5,4.7,999,0
DTR,D,20200416,000000,4.5,4.62,4.28,4.48,3305,0
DTR,D,20200417,000000,4.28,4.48,4.28,4.28,2657,0
DTR,D,20200420,000000,4.3,4.3,4.3,4.3,101,0
DTR,D,20200421,000000,4.2,4.2,4.2,4.2,130,0
DTR,D,20200422,000000,4.3,4.3,4.3,4.3,495,0
DTR,D,20200423,000000,4.1,4.3,3.8,4.3,960,0
DTR,D,20200424,000000,4.3,4.3,3.88,4.3,75,0
DTR,D,20200427,000000,4.3,4.3,4.3,4.3,110,0
DTR,D,20200430,000000,4.3,4.3,4.1,4.1,813,0
DTR,D,20200504,000000,3.96,4.1,3.96,4.1,125,0
DTR,D,20200505,000000,4.1,4.1,4.1,4.1,250,0
DTR,D,20200506,000000,4.1,4.1,3.92,3.92,1070,0
DTR,D,20200507,000000,3.74,3.9,3.74,3.9,1145,0
DTR,D,20200508,000000,3.7,3.86,3.7,3.86,852,0
DTR,D,20200512,000000,3.8,3.92,3.8,3.92,620,0
DTR,D,20200513,000000,3.92,4.26,3.92,4.24,6907,0
DTR,D,20200514,000000,4.6,4.78,4.2,4.74,840,0
DTR,D,20200515,000000,4.76,5.2,4.76,5,690,0
DTR,D,20200518,000000,5.15,5.15,4.8,5,343,0
DTR,D,20200519,000000,5.2,5.2,4.74,4.98,250,0
DTR,D,20200520,000000,4.98,5.2,4.98,5.2,775,0
DTR,D,20200521,000000,5.1,5.15,4.76,4.92,2713,0
DTR,D,20200522,000000,5,5,4.54,4.56,10444,0
DTR,D,20200525,000000,4.56,4.98,4.56,4.98,1410,0
DTR,D,20200526,000000,5,5,4.54,4.98,4594,0
DTR,D,20200527,000000,4.98,4.98,4.98,4.98,93,0
DTR,D,20200528,000000,4.98,5.1,4.98,5,1150,0
DTR,D,20200529,000000,5.2,5.2,5.2,5.2,20,0
DTR,D,20200601,000000,5,5.2,4.96,5.15,5486,0
DTR,D,20200602,000000,4.92,5.4,4.92,5.3,9286,0
DTR,D,20200603,000000,5.4,5.6,5.3,5.5,6864,0
DTR,D,20200604,000000,5.3,6.35,5.25,6.2,8437,0
DTR,D,20200605,000000,6.2,6.8,5.65,6.8,11202,0
DTR,D,20200608,000000,6.8,6.8,6.2,6.5,2003,0
DTR,D,20200609,000000,6.3,6.5,6.2,6.5,3671,0
DTR,D,20200610,000000,6.5,6.8,6.2,6.4,2660,0
DTR,D,20200612,000000,6.5,6.5,5.35,6,551,0
DTR,D,20200615,000000,6.3,6.3,5.7,6,3978,0
DTR,D,20200616,000000,5.5,5.8,5.4,5.8,5134,0
DTR,D,20200617,000000,5.65,6.1,5.6,6.1,6787,0
DTR,D,20200618,000000,5.85,6.4,5.85,6.05,4818,0
DTR,D,20200619,000000,6,6,5.85,6,742,0
DTR,D,20200622,000000,5.8,6,5.8,6,1150,0
DTR,D,20200623,000000,5.85,5.85,5.65,5.65,1344,0
DTR,D,20200624,000000,5.5,5.5,5.45,5.5,4512,0
DTR,D,20200625,000000,5.45,5.5,5,5.5,3237,0
DTR,D,20200626,000000,5.4,5.65,5.4,5.65,1185,0
DTR,D,20200629,000000,5.8,5.8,5.8,5.8,15,0
DTR,D,20200630,000000,5.5,5.75,5.5,5.75,1087,0
DTR,D,20200701,000000,5.75,5.8,5.55,5.65,2820,0
DTR,D,20200702,000000,5.5,6.05,5.5,6.05,4524,0
DTR,D,20200703,000000,6,6.6,6,6.6,3952,0
DTR,D,20200706,000000,6.3,6.3,5.9,6.1,4935,0
DTR,D,20200707,000000,6,6.7,6,6.7,3563,0
DTR,D,20200708,000000,6.8,6.8,6.3,6.8,421,0
DTR,D,20200709,000000,6.8,6.8,6.3,6.8,1548,0
DTR,D,20200710,000000,6.25,6.9,6.25,6.9,2363,0
