<TICKER>,<PER>,<DATE>,<TIME>,<OPEN>,<HIGH>,<LOW>,<CLOSE>,<VOL>,<OPENINT>
EHG,D,20111215,000000,2.5976,2.6872,2.4632,2.6872,7530,0
EHG,D,20111216,000000,2.8663,2.8663,2.6872,2.8663,3764,0
EHG,D,20111219,000000,2.732,2.7768,2.6424,2.7768,2233,0
EHG,D,20111220,000000,2.7499,2.7499,2.741,2.741,1463,0
EHG,D,20111221,000000,2.732,2.732,2.5976,2.6872,5726,0
EHG,D,20111222,000000,2.8126,2.8126,2.8126,2.8126,334,0
EHG,D,20111223,000000,2.8215,2.8215,2.732,2.732,2790,0
EHG,D,20111227,000000,2.7768,2.8215,2.7768,2.8215,1117,0
EHG,D,20111228,000000,2.8215,2.8215,2.7768,2.7768,2233,0
EHG,D,20111229,000000,2.732,2.732,2.5976,2.5976,3350,0
EHG,D,20111230,000000,2.5976,2.8842,2.3468,2.8842,36601,0
EHG,D,20120102,000000,3.1352,3.1352,3.1352,3.1352,11,0
EHG,D,20120103,000000,3.359,3.359,2.8663,2.8663,1239,0
EHG,D,20120104,000000,2.8663,2.8663,2.8663,2.8663,1356,0
EHG,D,20120105,000000,2.5976,2.5976,2.5976,2.5976,558,0
EHG,D,20120109,000000,2.4632,2.5976,2.4632,2.5976,1125,0
EHG,D,20120206,000000,2.2394,2.4632,2.2394,2.4632,7369,0
EHG,D,20120207,000000,2.4275,2.5886,2.3916,2.4543,4018,0
EHG,D,20120208,000000,2.3916,2.4543,2.2484,2.3111,6496,0
EHG,D,20120209,000000,2.1498,2.4902,2.1049,2.2394,7352,0
EHG,D,20120210,000000,2.1319,2.1319,2.1229,2.1229,2204,0
EHG,D,20120213,000000,2.1498,2.1498,2.1498,2.1498,1005,0
EHG,D,20120214,000000,1.9706,2.1229,1.9706,2.114,3573,0
EHG,D,20120220,000000,1.9616,2.0512,1.9616,2.0512,908,0
EHG,D,20120221,000000,1.89,2.0423,1.89,2.0423,2140,0
EHG,D,20120223,000000,2.0333,2.0333,2.0333,2.0333,558,0
EHG,D,20120302,000000,2.0244,2.096,2.0244,2.096,247,0
EHG,D,20120305,000000,2.096,2.2214,2.096,2.2214,3977,0
EHG,D,20120306,000000,2.1855,2.1855,2.1855,2.1855,32,0
EHG,D,20120308,000000,2.1767,2.3738,2.1767,2.2394,3279,0
EHG,D,20120312,000000,2.4811,2.4811,2.4543,2.4811,3159,0
EHG,D,20120313,000000,2.5259,2.6872,2.5259,2.6872,1177,0
EHG,D,20120314,000000,2.2394,2.2931,2.2394,2.2931,581,0
EHG,D,20120315,000000,2.2394,2.6783,2.2394,2.5976,7179,0
EHG,D,20120316,000000,2.5976,2.5976,2.4991,2.4991,1686,0
EHG,D,20120320,000000,2.2035,2.2842,2.2035,2.2842,453,0
EHG,D,20120326,000000,2.3289,2.3289,2.2842,2.2842,3112,0
EHG,D,20120328,000000,1.9527,1.9527,1.9527,1.9527,36,0
EHG,D,20120329,000000,2.1407,2.1407,2.1407,2.1407,558,0
EHG,D,20120330,000000,2.2842,2.3916,2.2842,2.3916,595,0
EHG,D,20120402,000000,2.4184,2.5081,2.3738,2.5081,858,0
EHG,D,20120403,000000,2.2842,2.3289,2.2842,2.3289,658,0
EHG,D,20120417,000000,2.2842,2.2842,2.2842,2.2842,1105,0
EHG,D,20120426,000000,2.5081,2.5081,2.5081,2.5081,55,0
EHG,D,20120502,000000,2.2842,2.5976,2.2842,2.5976,1118,0
EHG,D,20120510,000000,2.2931,2.3738,2.2125,2.2125,671,0
EHG,D,20120511,000000,2.2394,2.2394,2.1407,2.1407,1117,0
EHG,D,20120514,000000,2.1498,2.1498,2.1498,2.1498,1091,0
EHG,D,20120517,000000,2.1498,2.1498,2.1498,2.1498,168,0
EHG,D,20120524,000000,2.1498,2.3289,2.1498,2.3289,682,0
EHG,D,20120525,000000,2.114,2.114,2.114,2.114,826,0
EHG,D,20120531,000000,2.2394,2.3199,2.2394,2.3199,542,0
EHG,D,20120601,000000,2.2842,2.2842,2.2842,2.2842,581,0
EHG,D,20120629,000000,2.0602,2.3289,2.0602,2.3289,1645,0
EHG,D,20120821,000000,2.3289,2.3289,2.3289,2.3289,55,0
EHG,D,20120928,000000,1.7915,2.0155,1.7915,2.0155,61402,0
EHG,D,20121001,000000,1.7915,1.7915,1.7915,1.7915,111,0
EHG,D,20121003,000000,2.0155,2.0155,2.0155,2.0155,168,0
EHG,D,20121005,000000,2.0155,2.0155,2.0155,2.0155,241,0
EHG,D,20121012,000000,2.0155,2.0155,2.0155,2.0155,279,0
EHG,D,20121022,000000,2.0155,2.0155,2.0155,2.0155,247,0
EHG,D,20121227,000000,1.9975,1.9975,1.9975,1.9975,168,0
EHG,D,20121228,000000,2.0064,2.0602,1.9975,2.0602,57495,0
EHG,D,20130125,000000,2.0691,2.0691,2.0691,2.0691,285,0
EHG,D,20130213,000000,1.9258,1.9258,1.9258,1.9258,1005,0
EHG,D,20130220,000000,1.9258,1.9258,1.9258,1.9258,1228,0
EHG,D,20130305,000000,1.9258,1.9258,1.9258,1.9258,168,0
EHG,D,20130322,000000,1.7467,1.7467,1.7467,1.7467,670,0
EHG,D,20130404,000000,1.908,1.9169,1.7467,1.9169,93,0
EHG,D,20130405,000000,2.0602,2.0602,2.0602,2.0602,22,0
EHG,D,20130531,000000,2.0781,2.0781,2.0781,2.0781,279,0
EHG,D,20130604,000000,2.2394,2.2394,2.2394,2.2394,2,0
EHG,D,20130701,000000,1.7467,1.7467,1.7467,1.7467,673,0
EHG,D,20130723,000000,1.7467,1.7467,1.7467,1.7467,223,0
EHG,D,20130731,000000,2.2394,2.2394,2.2394,2.2394,671,0
EHG,D,20130812,000000,2.2394,2.2394,2.2394,2.2394,55,0
EHG,D,20130827,000000,2.0244,2.0244,2.0244,2.0244,55,0
EHG,D,20130828,000000,2.2931,2.3019,2.2931,2.2931,694,0
EHG,D,20130902,000000,2.2394,2.2394,2.2394,2.2394,3,0
EHG,D,20130927,000000,2.2303,2.2394,2.2303,2.2394,168,0
EHG,D,20131112,000000,2.2394,2.2394,2.2394,2.2394,9,0
EHG,D,20131218,000000,2.2394,2.2394,2.2394,2.2394,1,0
EHG,D,20131230,000000,2.2394,2.2394,2.2394,2.2394,3350,0
EHG,D,20140107,000000,2.2394,2.2394,2.2394,2.2394,436,0
EHG,D,20140121,000000,2.2394,2.2394,2.1498,2.1498,741,0
EHG,D,20140124,000000,1.7467,1.7467,1.7467,1.7467,1,0
EHG,D,20140204,000000,1.9258,1.9258,1.9258,1.9258,279,0
EHG,D,20140218,000000,1.9706,1.9706,1.9706,1.9706,202,0
EHG,D,20140226,000000,2.0064,2.0064,2.0064,2.0064,13,0
EHG,D,20140303,000000,1.881,1.881,1.881,1.881,353,0
EHG,D,20140304,000000,1.881,1.881,1.881,1.881,224,0
EHG,D,20140311,000000,1.881,1.881,1.881,1.881,195,0
EHG,D,20140317,000000,1.881,1.881,1.881,1.881,781,0
EHG,D,20140320,000000,1.881,1.881,1.881,1.881,334,0
EHG,D,20140331,000000,2.2394,2.2394,2.2394,2.2394,135,0
EHG,D,20140401,000000,2.2394,2.2394,2.2394,2.2394,268,0
EHG,D,20140515,000000,1.881,1.881,1.881,1.881,1117,0
EHG,D,20140516,000000,2.0244,2.0244,2.0244,2.0244,268,0
EHG,D,20140519,000000,1.9348,1.9348,1.9348,1.9348,5,0
EHG,D,20140521,000000,1.881,1.881,1.881,1.881,2494,0
EHG,D,20140523,000000,1.881,1.881,1.881,1.881,436,0
EHG,D,20140620,000000,1.7467,1.7467,1.7467,1.7467,26,0
EHG,D,20140626,000000,1.8542,2.0602,1.8542,2.0602,452,0
EHG,D,20140627,000000,2.0871,2.2394,2.0871,2.2394,558,0
EHG,D,20141114,000000,2.096,2.096,1.8363,1.8363,213658,0
EHG,D,20141117,000000,1.9438,1.9438,1.9438,1.9438,11,0
EHG,D,20150224,000000,1.7467,1.7467,1.7467,1.7467,179,0
EHG,D,20150305,000000,1.7467,1.7467,1.7467,1.7467,2,0
EHG,D,20150317,000000,1.7915,1.7915,1.7467,1.7467,24,0
EHG,D,20150318,000000,1.7467,1.7467,1.7467,1.7467,5,0
EHG,D,20150324,000000,1.7915,1.7915,1.7915,1.7915,16,0
EHG,D,20150327,000000,1.7646,1.7646,1.7646,1.7646,16,0
EHG,D,20150331,000000,1.657,1.657,1.657,1.657,186,0
EHG,D,20150409,000000,1.657,1.711,1.657,1.711,316,0
EHG,D,20150410,000000,1.711,1.711,1.711,1.711,79,0
EHG,D,20150413,000000,1.711,1.8183,1.711,1.8183,31,0
EHG,D,20150414,000000,1.9975,1.9975,1.9975,1.9975,607,0
EHG,D,20150427,000000,1.9975,1.9975,1.9975,1.9975,6,0
EHG,D,20150428,000000,2.1946,2.2394,2.1767,2.1767,540,0
EHG,D,20150430,000000,2.3916,2.6244,2.3916,2.6244,3,0
EHG,D,20150504,000000,2.6244,2.8754,2.6244,2.8663,562,0
EHG,D,20150505,000000,3.1352,3.1352,2.956,2.956,281,0
EHG,D,20150511,000000,2.9201,2.9201,2.9201,2.9201,2512,0
EHG,D,20150512,000000,2.6872,2.6872,2.6872,2.6872,189,0
EHG,D,20150514,000000,2.6872,2.8215,2.6424,2.6424,441,0
EHG,D,20150515,000000,2.3827,2.3827,2.3827,2.3827,146,0
EHG,D,20150518,000000,2.6067,2.6067,2.6067,2.6067,2,0
EHG,D,20150519,000000,2.8663,2.956,2.8663,2.956,4,0
EHG,D,20150520,000000,2.956,2.956,2.956,2.956,200,0
EHG,D,20150716,000000,2.947,2.947,2.947,2.947,1,0
EHG,D,20150730,000000,2.6872,2.6872,2.6872,2.6872,4,0
EHG,D,20150807,000000,2.4184,2.4184,2.4184,2.4184,1,0
EHG,D,20150810,000000,2.1767,2.4184,1.9616,2.4184,203,0
EHG,D,20150812,000000,2.6603,2.6603,2.6603,2.6603,1,0
EHG,D,20150817,000000,2.6872,2.6872,2.6872,2.6872,1,0
EHG,D,20150819,000000,2.5259,2.5259,2.5259,2.5259,179,0
EHG,D,20150824,000000,2.2394,2.2394,2.2394,2.2394,2,0
EHG,D,20150907,000000,1.9706,1.9706,1.9706,1.9706,9,0
EHG,D,20150908,000000,2.0155,2.0155,2.0064,2.0064,180,0
EHG,D,20150918,000000,1.9706,1.9706,1.9706,1.9706,1,0
EHG,D,20151012,000000,1.9706,1.9706,1.9706,1.9706,1,0
EHG,D,20151014,000000,2.1677,2.3738,2.1677,2.3738,2,0
EHG,D,20151015,000000,2.4184,2.5976,2.4184,2.5976,395,0
EHG,D,20151016,000000,2.6872,2.6872,2.6872,2.6872,2255,0
EHG,D,20151019,000000,2.8574,2.8574,2.8574,2.8574,1,0
EHG,D,20151020,000000,2.9828,2.9828,2.9828,2.9828,1,0
EHG,D,20151021,000000,2.9828,2.9828,2.9828,2.9828,13,0
EHG,D,20151023,000000,3.0455,3.2785,3.0455,3.2785,559,0
EHG,D,20151026,000000,3.4037,3.6725,3.4037,3.6725,790,0
EHG,D,20151027,000000,3.6816,4.0309,3.6816,4.0309,961,0
EHG,D,20151028,000000,4.0398,4.0398,4.0398,4.0398,224,0
EHG,D,20151029,000000,4.416,4.8548,4.416,4.8548,2,0
EHG,D,20151030,000000,4.837,5.3296,4.837,5.3296,1639,0
EHG,D,20151102,000000,5.1953,5.1953,5.1863,5.1863,247,0
EHG,D,20151103,000000,5.5535,6.0911,5.5535,6.0911,240,0
EHG,D,20151104,000000,6.2254,7.2286,6.2254,7.2286,872,0
EHG,D,20151106,000000,7.3449,8.0616,7.3449,8.0616,847,0
EHG,D,20151109,000000,8.3303,9.1537,6.951,6.951,5452,0
EHG,D,20151221,000000,0.8957,0.8957,0.8957,0.8957,1046,0
EHG,D,20151222,000000,0.9854,1.1645,0.9854,1.1645,1189,0
EHG,D,20151223,000000,1.2541,1.2541,1.2541,1.2541,2694,0
EHG,D,20160104,000000,1.3527,1.3527,1.3437,1.3437,106,0
EHG,D,20160107,000000,1.4779,1.6213,1.4779,1.6213,6717,0
EHG,D,20160108,000000,1.8363,1.881,1.6391,1.7467,24829,0
EHG,D,20160111,000000,1.8005,1.8005,1.7467,1.8005,1603,0
EHG,D,20160112,000000,1.6391,1.7915,1.6391,1.7915,715,0
EHG,D,20160113,000000,1.7825,1.7825,1.7825,1.7825,11,0
EHG,D,20160118,000000,1.7646,1.7646,1.7646,1.7646,1117,0
EHG,D,20160119,000000,1.7646,1.7915,1.7646,1.7915,558,0
EHG,D,20160120,000000,1.7646,1.7646,1.7646,1.7646,101,0
EHG,D,20160125,000000,1.8721,1.8721,1.8721,1.8721,11,0
EHG,D,20160126,000000,1.657,1.7646,1.657,1.7646,237,0
EHG,D,20160209,000000,1.9258,1.9258,1.8363,1.881,1143,0
EHG,D,20160212,000000,1.9258,1.9258,1.9258,1.9258,1,0
EHG,D,20160215,000000,1.89,1.89,1.881,1.881,848,0
EHG,D,20160308,000000,1.6929,1.6929,1.4332,1.4332,3363,0
EHG,D,20160311,000000,1.4332,1.4332,1.4332,1.4332,1117,0
EHG,D,20160314,000000,1.4332,1.4332,1.4332,1.4332,558,0
EHG,D,20160404,000000,1.3527,1.3527,1.3437,1.3437,682,0
EHG,D,20160405,000000,1.1645,1.1645,1.1645,1.1645,334,0
EHG,D,20160406,000000,1.1645,1.1645,1.1645,1.1645,625,0
EHG,D,20160407,000000,1.1645,1.1645,1.1645,1.1645,1030,0
EHG,D,20160412,000000,1.1645,1.1645,1.1645,1.1645,453,0
EHG,D,20160421,000000,1.1645,1.1645,1.1645,1.1645,8,0
EHG,D,20160422,000000,1.2541,1.2541,1.2541,1.2541,111,0
EHG,D,20160425,000000,1.2541,1.2541,1.2541,1.2541,1117,0
EHG,D,20160513,000000,1.4153,1.4153,1.4153,1.4153,1117,0
EHG,D,20160519,000000,1.4779,1.4779,1.4779,1.4779,1,0
EHG,D,20160523,000000,1.4779,1.4779,1.4779,1.4779,650,0
EHG,D,20160524,000000,1.4779,1.4779,1.4779,1.4779,15,0
EHG,D,20160530,000000,1.3885,1.3885,1.2988,1.2988,22,0
EHG,D,20160531,000000,1.2272,1.2272,1.2272,1.2272,224,0
EHG,D,20160601,000000,1.2272,1.2272,1.2272,1.2272,259,0
EHG,D,20160610,000000,1.2272,1.2272,1.2272,1.2272,32,0
EHG,D,20160613,000000,1.2272,1.2272,1.2272,1.2272,224,0
EHG,D,20160615,000000,1.2272,1.2272,1.2272,1.2272,11,0
EHG,D,20160620,000000,1.1645,1.1645,1.1645,1.1645,8,0
EHG,D,20160621,000000,1.1645,1.1645,1.1645,1.1645,40,0
EHG,D,20160622,000000,1.2272,1.2272,1.1645,1.1645,352,0
EHG,D,20160623,000000,1.2272,1.2272,1.1645,1.1645,397,0
EHG,D,20160629,000000,1.2272,1.2272,1.2272,1.2272,90,0
EHG,D,20160630,000000,1.2272,1.2272,1.2272,1.2272,11,0
EHG,D,20160712,000000,1.2272,1.2272,1.2272,1.2272,391,0
EHG,D,20160801,000000,1.2994,1.2994,1.2994,1.2994,12,0
EHG,D,20160812,000000,1.2181,1.2181,1.2181,1.2181,84,0
EHG,D,20160817,000000,1.2181,1.2181,1.2181,1.2181,431,0
EHG,D,20160822,000000,1.1009,1.1009,1.0467,1.0467,1851,0
EHG,D,20160831,000000,1.0648,1.0648,0.9926,0.9926,140,0
EHG,D,20160909,000000,0.9926,0.9926,0.9926,0.9926,55,0
EHG,D,20160926,000000,1.0918,1.2,1.0918,1.2,110,0
EHG,D,20160927,000000,1.1731,1.1731,1.1731,1.1731,1,0
EHG,D,20160928,000000,1.1731,1.1731,1.1731,1.1731,239,0
EHG,D,20160929,000000,1.1731,1.1731,1.1731,1.1731,244,0
EHG,D,20161003,000000,1.1731,1.1731,1.1731,1.1731,70,0
EHG,D,20161005,000000,1.1549,1.1549,1.1549,1.1549,206,0
EHG,D,20161010,000000,1.1549,1.1731,1.1549,1.1731,480,0
EHG,D,20161018,000000,1.1549,1.1549,1.1549,1.1549,1,0
EHG,D,20161019,000000,1.1549,1.1549,1.1549,1.1549,12,0
EHG,D,20161024,000000,1.0828,1.0828,1.0828,1.0828,488,0
EHG,D,20161025,000000,1.0828,1.0828,1.0828,1.0828,967,0
EHG,D,20161027,000000,1.0828,1.0828,1.0828,1.0828,738,0
EHG,D,20161028,000000,0.9745,0.9745,0.9745,0.9745,12,0
EHG,D,20161107,000000,0.9745,0.9745,0.9745,0.9745,8,0
EHG,D,20161110,000000,0.9745,0.9745,0.9745,0.9745,188,0
EHG,D,20161206,000000,1.7144,1.7144,1.7144,1.7144,2746,0
EHG,D,20161207,000000,1.8497,1.8497,1.7144,1.7144,2097,0
EHG,D,20161208,000000,1.7144,1.8046,1.7144,1.8046,109,0
EHG,D,20161209,000000,1.7144,1.7144,1.7144,1.7144,332,0
EHG,D,20161212,000000,1.7234,1.7234,1.7144,1.7144,565,0
EHG,D,20161213,000000,1.7144,1.7144,1.7144,1.7144,393,0
EHG,D,20161220,000000,1.7144,1.7144,1.7144,1.7144,330,0
EHG,D,20161228,000000,1.8497,1.9399,1.8497,1.9399,314,0
EHG,D,20161229,000000,1.9219,1.9219,1.9219,1.9219,55,0
EHG,D,20170125,000000,1.8949,1.8949,1.8949,1.8949,381,0
EHG,D,20170201,000000,1.8949,1.8949,1.8949,1.8949,79,0
EHG,D,20170224,000000,1.4438,1.4438,1.4438,1.4438,388,0
EHG,D,20170228,000000,1.4438,1.4438,1.4438,1.4438,89,0
EHG,D,20170302,000000,1.4438,1.4438,1.4438,1.4438,1108,0
EHG,D,20170306,000000,1.4438,1.4438,1.4438,1.4438,5,0
EHG,D,20170310,000000,1.4438,1.4438,1.4438,1.4438,44,0
EHG,D,20170407,000000,1.4888,1.4888,1.4888,1.4888,553,0
EHG,D,20170509,000000,1.4888,1.4888,1.4888,1.4888,1,0
EHG,D,20170511,000000,1.4888,1.4888,1.4888,1.4888,487,0
EHG,D,20170518,000000,1.3445,1.3445,1.3445,1.3445,14,0
EHG,D,20170531,000000,1.3445,1.3445,1.3445,1.3445,23,0
EHG,D,20170627,000000,1.4438,1.4438,1.4438,1.4438,23,0
EHG,D,20170807,000000,1.4711,1.4711,1.4711,1.4711,149,0
EHG,D,20170808,000000,1.4711,1.4711,1.4711,1.4711,88,0
EHG,D,20170817,000000,1.4711,1.4711,1.4711,1.4711,38,0
EHG,D,20170818,000000,1.4711,1.4711,1.4711,1.4711,4,0
EHG,D,20170821,000000,1.4711,1.4711,1.4711,1.4711,378,0
EHG,D,20170825,000000,1.6264,1.6264,1.6264,1.6264,2,0
EHG,D,20170828,000000,1.6264,1.6264,1.6264,1.6264,109,0
EHG,D,20170904,000000,1.6173,1.6173,1.6173,1.6173,4,0
EHG,D,20170905,000000,1.6082,1.6264,1.6082,1.6264,572,0
EHG,D,20170908,000000,1.8092,1.8092,1.8092,1.8092,11,0
EHG,D,20170911,000000,1.8092,1.8092,1.8092,1.8092,471,0
EHG,D,20170912,000000,1.9188,1.9188,1.9188,1.9188,656,0
EHG,D,20170914,000000,1.8092,1.9006,1.8092,1.9006,4372,0
EHG,D,20171004,000000,1.9006,1.9006,1.9006,1.9006,23,0
EHG,D,20171027,000000,1.9188,1.9188,1.9188,1.9188,18,0
EHG,D,20171102,000000,1.9188,1.9188,1.7818,1.7818,439,0
EHG,D,20171103,000000,1.9188,1.9188,1.9188,1.9188,29,0
EHG,D,20171106,000000,1.9188,1.9188,1.9188,1.9188,2,0
EHG,D,20171113,000000,1.9188,1.9188,1.9188,1.9188,24,0
EHG,D,20171212,000000,2.0102,2.1473,2.0102,2.1473,3393,0
EHG,D,20171213,000000,2.33,2.4671,2.1473,2.1473,490,0
EHG,D,20171214,000000,1.8275,1.8275,1.8275,1.8275,2189,0
EHG,D,20171218,000000,1.8275,1.8275,1.8275,1.8275,547,0
EHG,D,20171227,000000,1.7361,1.7361,1.7361,1.7361,54,0
EHG,D,20171228,000000,1.7361,1.7361,1.7361,1.7361,1040,0
EHG,D,20180104,000000,1.8458,1.9006,1.8458,1.9006,570,0
EHG,D,20180111,000000,2.0833,2.0833,2.0833,2.0833,1423,0
EHG,D,20180112,000000,1.9737,1.9737,1.9737,1.9737,274,0
EHG,D,20180115,000000,2.0833,2.1564,2.0833,2.1564,1641,0
EHG,D,20180117,000000,2.193,2.193,2.193,2.193,294,0
EHG,D,20180118,000000,2.394,2.4123,2.394,2.4123,54,0
EHG,D,20180122,000000,2.4306,2.4306,2.4306,2.4306,82,0
EHG,D,20180125,000000,2.4306,2.4671,2.4306,2.4671,541,0
EHG,D,20180129,000000,2.4671,2.4671,2.4671,2.4671,274,0
EHG,D,20180131,000000,2.6499,2.6499,2.6499,2.6499,111,0
EHG,D,20180201,000000,2.7229,2.7229,2.7229,2.7229,11,0
EHG,D,20180205,000000,2.7229,2.7229,2.7229,2.7229,181,0
EHG,D,20180207,000000,2.7229,2.8325,2.7229,2.8325,978,0
EHG,D,20180221,000000,2.9606,2.9606,2.9606,2.9606,2,0
EHG,D,20180226,000000,2.9606,2.9606,2.9606,2.9606,80,0
EHG,D,20180302,000000,3.0336,3.0336,3.0336,3.0336,1,0
EHG,D,20180312,000000,3.0702,3.0702,3.0702,3.0702,2,0
EHG,D,20180314,000000,3.1249,3.1249,3.1249,3.1249,2,0
EHG,D,20180320,000000,3.198,3.198,3.198,3.198,1,0
EHG,D,20180321,000000,3.3077,3.3077,3.3077,3.3077,1,0
EHG,D,20180322,000000,3.4174,3.4174,3.198,3.198,146,0
EHG,D,20180323,000000,3.4174,3.4174,3.4174,3.4174,1,0
EHG,D,20180326,000000,3.6732,3.8378,3.6732,3.8378,70,0
EHG,D,20180327,000000,4.1118,4.5687,4.1118,4.386,4421,0
EHG,D,20180328,000000,4.7515,5.1169,4.7515,5.1169,109,0
EHG,D,20180329,000000,5.4824,6.3048,5.4824,5.848,1753,0
EHG,D,20180403,000000,6.3962,6.8531,6.3962,6.8531,451,0
EHG,D,20180404,000000,6.6703,7.2643,6.0765,6.0765,1090,0
EHG,D,20180405,000000,5.4824,5.4824,4.9342,4.9342,219,0
EHG,D,20180406,000000,5.3453,5.4824,5.3453,5.4824,125,0
EHG,D,20180409,000000,5.4367,5.4367,5.4367,5.4367,109,0
EHG,D,20180410,000000,5.4367,5.4367,5.4367,5.4367,300,0
EHG,D,20180411,000000,5.6652,5.6652,5.4824,5.4824,214,0
EHG,D,20180419,000000,5.4367,5.4367,5.4367,5.4367,11,0
EHG,D,20180604,000000,4.9342,4.9342,4.9342,4.9342,37,0
EHG,D,20180622,000000,4.4773,4.4773,4.4773,4.4773,1,0
EHG,D,20180717,000000,4.1103,4.1103,4.1103,4.1103,54,0
EHG,D,20180719,000000,3.7067,3.7067,3.3397,3.3397,327,0
EHG,D,20180720,000000,3.0093,3.0093,2.7341,2.7341,109,0
EHG,D,20180723,000000,2.6423,2.6423,2.6423,2.6423,93,0
EHG,D,20180731,000000,2.5506,2.5506,2.5506,2.5506,134,0
EHG,D,20180802,000000,2.3855,2.5689,2.3855,2.5689,216,0
EHG,D,20180803,000000,2.8259,3.0827,2.8259,3.0827,81,0
EHG,D,20180806,000000,3.3763,3.6883,3.3763,3.6883,79,0
EHG,D,20180823,000000,3.5782,3.6516,3.5782,3.6516,11,0
EHG,D,20181019,000000,2.7525,2.7525,2.5689,2.5873,572,0
EHG,D,20181022,000000,2.5689,2.5689,2.5689,2.5689,3,0
EHG,D,20181023,000000,2.5689,2.5689,2.5689,2.5689,106,0
EHG,D,20181102,000000,2.5689,2.5689,2.5689,2.5689,16,0
EHG,D,20181128,000000,2.8259,2.8259,2.8259,2.8259,158,0
EHG,D,20181129,000000,3.1011,3.3947,3.1011,3.3947,229,0
EHG,D,20181130,000000,3.2113,3.3763,3.2113,3.3763,240,0
EHG,D,20181210,000000,3.2479,3.2479,3.2479,3.2479,11,0
EHG,D,20190104,000000,3.3029,3.3029,3.3029,3.3029,2,0
EHG,D,20190107,000000,3.2846,3.2846,3.2846,3.2846,1,0
EHG,D,20190211,000000,3.2113,3.2113,3.2113,3.2113,16,0
EHG,D,20190214,000000,2.9359,2.9359,2.7525,2.9359,769,0
EHG,D,20190215,000000,2.6423,2.6423,2.3855,2.3855,1276,0
EHG,D,20190218,000000,2.1469,2.5506,2.1469,2.5506,337,0
EHG,D,20190219,000000,2.7341,2.7341,2.7341,2.7341,16,0
EHG,D,20190221,000000,2.4772,2.4772,2.4772,2.4772,256,0
EHG,D,20190225,000000,2.8625,2.8625,2.8625,2.8625,3,0
EHG,D,20190226,000000,2.8625,2.8625,2.8625,2.8625,40,0
EHG,D,20190312,000000,2.8625,2.8625,2.8625,2.8625,2134,0
EHG,D,20190313,000000,3.3029,3.6333,3.3029,3.6333,549,0
EHG,D,20190314,000000,3.9819,4.3672,3.9635,4.3672,2664,0
EHG,D,20190315,000000,4.3489,5.2297,4.3122,5.2297,1270,0
EHG,D,20190318,000000,5.505,6.0554,5.505,6.0554,3911,0
EHG,D,20190319,000000,5.505,5.9636,5.505,5.9636,104,0
EHG,D,20190322,000000,5.5966,5.5966,5.5966,5.5966,507,0
EHG,D,20190325,000000,5.505,5.505,5.505,5.505,14,0
EHG,D,20190326,000000,5.5966,5.5966,5.5966,5.5966,26,0
EHG,D,20190327,000000,5.5966,5.5966,5.5966,5.5966,11,0
EHG,D,20190329,000000,5.4591,5.5966,5.4591,5.5966,34,0
EHG,D,20190402,000000,5.3673,5.4132,5.3673,5.4132,55,0
EHG,D,20190403,000000,5.5966,5.5966,5.5966,5.5966,13,0
EHG,D,20190404,000000,5.4132,5.5966,5.4132,5.5966,394,0
EHG,D,20190405,000000,5.5966,5.5966,5.5966,5.5966,3,0
EHG,D,20190409,000000,5.5966,5.5966,5.5966,5.5966,4,0
EHG,D,20190412,000000,5.5966,5.5966,5.5966,5.5966,3,0
EHG,D,20190416,000000,5.0462,5.505,5.0462,5.505,55,0
EHG,D,20190417,000000,5.4591,5.4591,5.4591,5.4591,5,0
EHG,D,20190423,000000,5.4591,5.4591,5.4591,5.4591,1,0
EHG,D,20190429,000000,5.4132,5.4132,5.4132,5.4132,3,0
EHG,D,20190502,000000,5.9595,5.9595,5.9595,5.9595,3,0
EHG,D,20190513,000000,6.0588,6.0588,5.9595,5.9595,32,0
EHG,D,20190514,000000,5.9595,5.9595,5.9595,5.9595,46,0
EHG,D,20190515,000000,6.0091,6.0091,6.0091,6.0091,4,0
EHG,D,20190516,000000,6.0588,6.0588,6.0588,6.0588,13,0
EHG,D,20190520,000000,5.9595,5.9595,5.9595,5.9595,16,0
EHG,D,20190521,000000,5.9595,6.0588,5.9595,6.0588,499,0
EHG,D,20190522,000000,6.0588,6.0588,6.0588,6.0588,1,0
EHG,D,20190523,000000,6.0588,6.0588,6.0588,6.0588,2,0
EHG,D,20190527,000000,6.0588,6.0588,6.0588,6.0588,1,0
EHG,D,20190528,000000,6.0588,6.0588,6.0588,6.0588,1,0
EHG,D,20190530,000000,5.9595,6.0588,5.9595,6.0588,659,0
EHG,D,20190531,000000,6.0588,6.0588,6.0588,6.0588,91,0
EHG,D,20190603,000000,5.4628,5.4628,5.3635,5.3635,61,0
EHG,D,20190604,000000,5.4132,5.4132,5.4132,5.4132,1,0
EHG,D,20190605,000000,5.4628,5.4628,5.4628,5.4628,7,0
EHG,D,20190611,000000,5.4628,5.9595,5.4628,5.9595,72,0
EHG,D,20190612,000000,5.9595,5.9595,5.9595,5.9595,81,0
EHG,D,20190614,000000,5.9595,5.9595,5.9595,5.9595,3,0
EHG,D,20190617,000000,5.9595,6.0091,5.9595,6.0091,125,0
EHG,D,20190618,000000,6.0588,6.0588,5.4628,5.4628,161,0
EHG,D,20190619,000000,5.5125,5.5125,5.5125,5.5125,2,0
EHG,D,20190621,000000,5.5622,5.5622,5.5622,5.5622,1,0
EHG,D,20190624,000000,5.6118,5.6118,5.6118,5.6118,9,0
EHG,D,20190625,000000,5.6615,5.6615,5.6615,5.6615,6,0
EHG,D,20190626,000000,5.7111,5.7111,5.7111,5.7111,4,0
EHG,D,20190628,000000,5.6615,5.6615,5.6615,5.6615,8,0
EHG,D,20190701,000000,5.7111,5.7111,5.7111,5.7111,4,0
EHG,D,20190702,000000,5.6615,5.7608,5.6615,5.7608,716,0
EHG,D,20190703,000000,5.8105,6.0588,5.7111,6.0588,701,0
EHG,D,20190704,000000,6.0588,7.3003,6.0588,7.3003,467,0
EHG,D,20190705,000000,7.35,7.35,7.35,7.35,18,0
EHG,D,20190710,000000,7.35,7.35,7.35,7.35,13,0
EHG,D,20190711,000000,7.35,7.35,7.35,7.35,99,0
EHG,D,20190712,000000,7.35,7.35,7.35,7.35,3,0
EHG,D,20190715,000000,7.15,7.3,7.15,7.25,302,0
EHG,D,20190716,000000,7.05,7.05,7.05,7.05,11,0
EHG,D,20190722,000000,7,7,7,7,31,0
EHG,D,20190724,000000,6.95,6.95,6.95,6.95,3,0
EHG,D,20190725,000000,6.5,6.5,6.5,6.5,25,0
EHG,D,20190726,000000,6.95,6.95,6.95,6.95,10,0
EHG,D,20190730,000000,6.95,6.95,6.95,6.95,7,0
EHG,D,20190731,000000,6.95,6.95,6.95,6.95,5,0
EHG,D,20190809,000000,6.85,6.95,6.85,6.95,2162,0
EHG,D,20190812,000000,6.95,6.95,6.95,6.95,8,0
EHG,D,20190813,000000,6.85,6.95,6.85,6.95,27,0
EHG,D,20190816,000000,6.95,6.95,6.4,6.95,112,0
EHG,D,20190819,000000,6.95,6.95,6.95,6.95,6,0
EHG,D,20190821,000000,6.95,6.95,6.95,6.95,40,0
EHG,D,20190822,000000,6.95,6.95,6.95,6.95,4,0
EHG,D,20190826,000000,6.95,6.95,6.95,6.95,209,0
EHG,D,20190827,000000,6.9,6.95,6.25,6.95,221,0
EHG,D,20190828,000000,6.95,6.95,6.3,6.95,81,0
EHG,D,20190829,000000,6.95,6.95,6.95,6.95,21,0
EHG,D,20190902,000000,6.9,6.9,6.9,6.9,2,0
EHG,D,20190909,000000,5.85,5.85,5.85,5.85,530,0
EHG,D,20190910,000000,5.9,5.9,5.9,5.9,1,0
EHG,D,20190912,000000,5.85,5.85,5.5,5.85,507,0
EHG,D,20190916,000000,5.5,5.85,5.5,5.85,103,0
EHG,D,20190917,000000,5.5,5.85,5.5,5.5,1845,0
EHG,D,20190919,000000,5.25,5.8,5.25,5.8,164,0
EHG,D,20190920,000000,5.85,5.85,5.85,5.85,6,0
EHG,D,20190925,000000,5.5,5.85,5.5,5.85,185,0
EHG,D,20190926,000000,5.85,5.85,5.8,5.8,9,0
EHG,D,20190927,000000,5.85,5.85,5.85,5.85,1,0
EHG,D,20190930,000000,5.85,5.85,5.5,5.8,1010,0
EHG,D,20191001,000000,5.85,5.85,5.85,5.85,3,0
EHG,D,20191004,000000,5.8,5.8,5.8,5.8,5,0
EHG,D,20191008,000000,5.8,5.8,5.8,5.8,17,0
EHG,D,20191010,000000,5.75,5.8,5.75,5.8,6,0
EHG,D,20191011,000000,5.8,5.8,5.8,5.8,1,0
EHG,D,20191014,000000,5.8,5.8,5.8,5.8,5,0
EHG,D,20191015,000000,5.8,5.8,5.8,5.8,13,0
EHG,D,20191016,000000,5.8,5.8,5.8,5.8,28,0
EHG,D,20191017,000000,5.8,5.8,5.8,5.8,1,0
EHG,D,20191018,000000,5.8,5.8,5.8,5.8,7,0
EHG,D,20191021,000000,5.8,5.8,5.8,5.8,5,0
EHG,D,20191022,000000,5.8,5.8,5.8,5.8,7,0
EHG,D,20191023,000000,5.8,5.8,5.8,5.8,2,0
EHG,D,20191024,000000,5.8,5.8,5.8,5.8,7,0
EHG,D,20191025,000000,5.8,5.8,5.8,5.8,11,0
EHG,D,20191028,000000,5.8,5.8,5.8,5.8,1,0
EHG,D,20191029,000000,5.8,5.8,5.8,5.8,1,0
EHG,D,20191104,000000,5.7,5.7,5.7,5.7,3,0
EHG,D,20191105,000000,5.4,5.6,5.4,5.6,1007,0
EHG,D,20191106,000000,5.7,5.7,5.65,5.65,40,0
EHG,D,20191107,000000,5.7,5.7,5.7,5.7,10,0
EHG,D,20191108,000000,5.15,5.65,5.15,5.65,103,0
EHG,D,20191112,000000,5.7,5.7,5.7,5.7,1,0
EHG,D,20191119,000000,5.5,5.5,5.5,5.5,30,0
EHG,D,20191122,000000,4.8,5.7,4.8,5.7,201,0
EHG,D,20191125,000000,5.5,5.5,5.5,5.5,5,0
EHG,D,20191127,000000,4.96,4.96,4.96,4.96,50,0
EHG,D,20191129,000000,4.8,4.8,4.8,4.8,2,0
EHG,D,20191202,000000,5.25,5.5,5.25,5.5,28,0
EHG,D,20191204,000000,5.4,5.7,5.4,5.7,985,0
EHG,D,20191205,000000,5.7,5.7,5.7,5.7,30,0
EHG,D,20191206,000000,5.7,5.7,5.2,5.2,7,0
EHG,D,20191209,000000,5.7,5.7,5.2,5.5,218,0
EHG,D,20191210,000000,5.3,5.3,5.3,5.3,3,0
EHG,D,20191212,000000,5.7,5.7,5.7,5.7,11,0
EHG,D,20191216,000000,5.5,5.5,5.5,5.5,1,0
EHG,D,20191217,000000,5.55,5.55,5.35,5.45,9,0
EHG,D,20191218,000000,5.7,5.7,5.7,5.7,2,0
EHG,D,20191219,000000,5.7,5.7,5.7,5.7,3,0
EHG,D,20200102,000000,5.7,5.7,5.7,5.7,7,0
EHG,D,20200221,000000,5,5.65,4.96,4.96,1682,0
EHG,D,20200225,000000,5.2,5.2,5.2,5.2,13,0
EHG,D,20200226,000000,4.68,5,4.22,5,312,0
EHG,D,20200302,000000,4.7,4.7,4.7,4.7,102,0
EHG,D,20200303,000000,4.24,4.6,4.24,4.6,362,0
EHG,D,20200304,000000,4.7,4.7,3.7,4.1,799,0
EHG,D,20200306,000000,3.98,3.98,3.88,3.88,264,0
EHG,D,20200309,000000,3.98,3.98,3.98,3.98,1,0
EHG,D,20200311,000000,3.98,3.98,3.98,3.98,15,0
EHG,D,20200312,000000,4,4.1,3.9,4.1,620,0
EHG,D,20200323,000000,3.9,3.9,3.8,3.8,10,0
EHG,D,20200324,000000,3.9,3.9,3.8,3.9,4,0
EHG,D,20200325,000000,3.9,4.7,3.9,4.6,2473,0
EHG,D,20200326,000000,4.7,5.15,4,4.9,4055,0
EHG,D,20200327,000000,5,5,5,5,1,0
EHG,D,20200330,000000,5,5,5,5,1,0
EHG,D,20200331,000000,4.9,5,4.42,4.8,620,0
EHG,D,20200401,000000,4.96,4.96,4.48,4.96,1411,0
EHG,D,20200402,000000,4.96,4.96,4.96,4.96,9,0
EHG,D,20200403,000000,4.8,4.9,4.8,4.9,1510,0
EHG,D,20200406,000000,4.9,4.9,4.9,4.9,50,0
EHG,D,20200409,000000,4.7,4.78,4.7,4.78,1006,0
EHG,D,20200417,000000,4.5,5.4,4.5,5.4,2399,0
EHG,D,20200420,000000,5.3,5.8,4.78,5.7,2339,0
EHG,D,20200421,000000,5.75,6.3,5.25,5.3,1055,0
EHG,D,20200422,000000,5.7,5.7,4.8,5.15,162,0
EHG,D,20200423,000000,5,5,5,5,13,0
EHG,D,20200424,000000,5.15,5.2,5.15,5.2,100,0
EHG,D,20200427,000000,5.45,5.45,5.45,5.45,1,0
EHG,D,20200430,000000,4.6,4.9,4.14,4.5,3884,0
EHG,D,20200504,000000,4.88,5.25,4.46,4.98,224,0
EHG,D,20200505,000000,4.98,4.98,4.98,4.98,16,0
EHG,D,20200506,000000,4.9,5.35,4.9,5.35,381,0
EHG,D,20200507,000000,5.35,5.6,5.35,5.6,57,0
EHG,D,20200511,000000,4.6,5.2,4.14,5.2,6207,0
EHG,D,20200512,000000,5.2,5.2,4.68,5.2,103,0
EHG,D,20200513,000000,5.15,5.2,4.64,4.96,891,0
EHG,D,20200514,000000,4.94,4.94,4.8,4.8,23,0
EHG,D,20200515,000000,4.94,4.94,4.94,4.94,1,0
EHG,D,20200518,000000,4.3,4.3,3.98,4.3,870,0
EHG,D,20200519,000000,4.38,4.38,4.38,4.38,19,0
EHG,D,20200520,000000,4.3,4.3,4.3,4.3,50,0
EHG,D,20200521,000000,4.38,4.38,4.38,4.38,106,0
EHG,D,20200522,000000,4.3,4.94,4.3,4.94,619,0
EHG,D,20200525,000000,4.92,5.7,4.92,5.7,2701,0
EHG,D,20200526,000000,5.65,5.65,5.65,5.65,1,0
EHG,D,20200527,000000,5.65,5.65,4.5,4.6,8897,0
EHG,D,20200528,000000,4.96,4.96,4.96,4.96,15,0
EHG,D,20200529,000000,4.96,4.96,4.96,4.96,11,0
EHG,D,20200601,000000,4.96,4.96,4.96,4.96,9,0
EHG,D,20200602,000000,4.36,4.36,4.36,4.36,60,0
EHG,D,20200603,000000,4.4,4.88,4.2,4.78,2171,0
EHG,D,20200604,000000,4.5,4.78,4.4,4.78,1055,0
EHG,D,20200605,000000,4.3,4.6,4.26,4.6,1894,0
EHG,D,20200608,000000,4.5,4.5,4.5,4.5,500,0
EHG,D,20200612,000000,4.32,4.58,4.32,4.58,520,0
EHG,D,20200615,000000,4.3,4.3,4.3,4.3,305,0
EHG,D,20200617,000000,4.32,4.32,4.32,4.32,6,0
EHG,D,20200618,000000,4.32,4.32,4.32,4.32,250,0
EHG,D,20200619,000000,4.58,4.58,4.32,4.32,353,0
EHG,D,20200624,000000,4.52,4.52,4.52,4.52,1,0
EHG,D,20200625,000000,4.4,4.4,4.4,4.4,1,0
EHG,D,20200626,000000,4.5,4.5,4.5,4.5,1,0
EHG,D,20200629,000000,4.5,4.5,4.5,4.5,19,0
EHG,D,20200630,000000,4.5,4.5,4.5,4.5,78,0
EHG,D,20200701,000000,4,4,4,4,100,0
EHG,D,20200706,000000,4,4,4,4,114,0
EHG,D,20200708,000000,4.4,4.4,4.4,4.4,10,0
EHG,D,20200709,000000,4,4,4,4,5,0
EHG,D,20200710,000000,4,4.4,3.88,4.3,753,0
