<TICKER>,<PER>,<DATE>,<TIME>,<OPEN>,<HIGH>,<LOW>,<CLOSE>,<VOL>,<OPENINT>
FEE,D,20130510,000000,8.6036,8.7025,8.3069,8.4058,76508,0
FEE,D,20130513,000000,8.5541,8.8805,8.5541,8.8805,6161,0
FEE,D,20130514,000000,8.9003,8.9992,8.8014,8.9893,2296,0
FEE,D,20130515,000000,8.9992,9.2464,8.9497,9.2365,4389,0
FEE,D,20130516,000000,9.2365,9.2958,9.2365,9.2958,4795,0
FEE,D,20130517,000000,9.2958,9.2958,9.1969,9.1969,136,0
FEE,D,20130520,000000,9.1969,9.3651,9.1969,9.3651,2821,0
FEE,D,20130521,000000,9.3947,9.79,9.2958,9.593,3393,0
FEE,D,20130522,000000,9.771,10.661,9.771,10.384,7644,0
FEE,D,20130523,000000,10.384,10.928,10.285,10.483,3955,0
FEE,D,20130524,000000,10.68,10.977,10.581,10.779,16420,0
FEE,D,20130527,000000,10.779,10.779,10.443,10.68,2481,0
FEE,D,20130528,000000,10.769,10.779,9.701,9.79,4977,0
FEE,D,20130529,000000,10.374,10.374,9.899,10.235,3076,0
FEE,D,20130531,000000,10.384,10.384,10.384,10.384,1,0
FEE,D,20130605,000000,10.245,10.245,9.593,10.087,560,0
FEE,D,20130606,000000,10.077,10.255,10.077,10.186,2029,0
FEE,D,20130612,000000,9.504,10.077,9.504,10.077,55,0
FEE,D,20130613,000000,9.3947,9.889,9.3947,9.889,153,0
FEE,D,20130614,000000,9.889,9.889,9.869,9.889,1012,0
FEE,D,20130617,000000,9.889,9.889,9.4936,9.593,14845,0
FEE,D,20130618,000000,9.682,10.127,9.682,10.127,4342,0
FEE,D,20130619,000000,9.939,10.038,9.889,10.038,6588,0
FEE,D,20130620,000000,9.909,9.968,9.889,9.929,7538,0
FEE,D,20130621,000000,9.84,10.057,9.84,10.057,2357,0
FEE,D,20130624,000000,9.909,10.127,9.889,10.127,1588,0
FEE,D,20130625,000000,10.087,10.275,9.889,10.127,7164,0
FEE,D,20130626,000000,10.285,10.285,10.136,10.186,2023,0
FEE,D,20130627,000000,10.186,10.186,10.077,10.186,2558,0
FEE,D,20130628,000000,10.186,10.285,10.186,10.285,247,0
FEE,D,20130701,000000,10.285,10.532,10.285,10.483,802,0
FEE,D,20130702,000000,10.433,10.433,10.255,10.433,511,0
FEE,D,20130703,000000,10.433,10.433,10.285,10.433,434,0
FEE,D,20130704,000000,10.433,10.878,10.433,10.878,3272,0
FEE,D,20130705,000000,10.878,10.878,10.878,10.878,24,0
FEE,D,20130708,000000,10.581,10.581,10.581,10.581,22,0
FEE,D,20130709,000000,10.581,10.581,10.334,10.581,1496,0
FEE,D,20130710,000000,10.581,10.581,10.344,10.581,1237,0
FEE,D,20130711,000000,10.344,10.581,10.344,10.581,225,0
FEE,D,20130712,000000,10.68,10.779,10.581,10.779,2724,0
FEE,D,20130715,000000,10.68,10.779,10.68,10.779,1889,0
FEE,D,20130716,000000,10.779,11.373,10.779,11.175,2915,0
FEE,D,20130717,000000,11.165,12.203,11.165,11.274,661,0
FEE,D,20130718,000000,12.065,12.757,11.867,12.361,1660,0
FEE,D,20130719,000000,12.599,12.599,11.877,12.203,1763,0
FEE,D,20130722,000000,12.609,12.609,12.253,12.253,77,0
FEE,D,20130723,000000,12.549,12.549,12.253,12.253,18,0
FEE,D,20130724,000000,11.471,12.164,11.274,12.065,846,0
FEE,D,20130725,000000,11.284,12.213,11.274,11.867,795,0
FEE,D,20130726,000000,11.719,12.085,11.719,11.837,1051,0
FEE,D,20130729,000000,12.312,12.312,11.877,12.312,118,0
FEE,D,20130730,000000,12.609,12.609,11.788,11.867,2075,0
FEE,D,20130731,000000,11.916,12.263,11.867,12.263,1079,0
FEE,D,20130801,000000,12.253,12.253,11.768,11.837,851,0
FEE,D,20130802,000000,12.154,12.213,11.61,12.213,676,0
FEE,D,20130805,000000,12.213,12.213,11.867,12.164,533,0
FEE,D,20130806,000000,11.798,12.213,11.768,12.213,173,0
FEE,D,20130807,000000,11.818,12.213,11.818,11.818,570,0
FEE,D,20130808,000000,11.818,11.867,11.768,11.818,1137,0
FEE,D,20130809,000000,11.818,11.818,11.818,11.818,115,0
FEE,D,20130812,000000,11.867,12.609,11.867,12.559,2374,0
FEE,D,20130813,000000,12.559,14.933,12.46,14.933,8662,0
FEE,D,20130814,000000,14.933,15.922,14.834,15.13,5781,0
FEE,D,20130816,000000,15.427,16.802,15.328,16.802,2807,0
FEE,D,20130819,000000,16.841,17.998,15.872,16.762,3492,0
FEE,D,20130820,000000,15.872,16.812,15.872,16.812,626,0
FEE,D,20130821,000000,16.812,17.702,16.317,17.257,841,0
FEE,D,20130822,000000,17.257,17.257,16.634,16.812,708,0
FEE,D,20130823,000000,16.812,16.812,16.792,16.812,785,0
FEE,D,20130826,000000,16.812,16.812,16.268,16.604,2889,0
FEE,D,20130827,000000,16.614,16.614,16.327,16.327,2024,0
FEE,D,20130828,000000,16.317,16.317,15.674,16.268,2115,0
FEE,D,20130829,000000,16.268,16.268,16.119,16.119,208,0
FEE,D,20130830,000000,16.258,16.258,16.109,16.119,1300,0
FEE,D,20130902,000000,16.119,16.317,15.872,16.119,2558,0
FEE,D,20130903,000000,15.823,16.02,15.823,16.02,554,0
FEE,D,20130904,000000,16.317,16.515,15.724,16.011,1169,0
FEE,D,20130905,000000,15.744,16.258,14.537,15.279,10113,0
FEE,D,20130906,000000,15.773,16.614,15.328,16.614,4010,0
FEE,D,20130909,000000,16.614,17.949,16.317,17.949,3486,0
FEE,D,20130910,000000,17.801,19.581,17.801,18.691,7019,0
FEE,D,20130911,000000,18.888,19.284,17.603,18.641,3531,0
FEE,D,20130912,000000,19.086,19.086,18.058,19.076,1111,0
FEE,D,20130913,000000,19.165,19.165,18.325,18.987,81,0
FEE,D,20130916,000000,19.086,19.185,18.493,18.542,1170,0
FEE,D,20130917,000000,19.185,19.185,18.542,19.185,513,0
FEE,D,20130918,000000,19.185,19.185,19.136,19.136,79,0
FEE,D,20130919,000000,19.185,19.185,19.086,19.086,779,0
FEE,D,20130920,000000,18.552,18.987,18.552,18.987,231,0
FEE,D,20130923,000000,19.175,19.175,18.592,19.175,96,0
FEE,D,20130924,000000,19.175,19.175,18.789,18.918,207,0
FEE,D,20130925,000000,19.185,19.185,19.155,19.155,22,0
FEE,D,20130926,000000,18.789,19.086,18.513,18.789,1477,0
FEE,D,20130927,000000,19.165,19.165,19.086,19.086,2,0
FEE,D,20130930,000000,19.086,19.185,19.086,19.086,611,0
FEE,D,20131001,000000,19.086,19.581,18.799,19.581,1347,0
FEE,D,20131002,000000,19.581,19.581,19.531,19.531,27,0
FEE,D,20131003,000000,18.602,19.581,18.592,19.422,589,0
FEE,D,20131004,000000,19.571,19.571,19.571,19.571,1,0
FEE,D,20131007,000000,19.531,19.531,19.274,19.383,5537,0
FEE,D,20131008,000000,19.383,19.482,19.284,19.482,1621,0
FEE,D,20131009,000000,18.602,19.482,18.602,19.432,1396,0
FEE,D,20131010,000000,19.482,19.482,19.086,19.422,7695,0
FEE,D,20131011,000000,19.422,19.422,19.284,19.284,4,0
FEE,D,20131014,000000,19.67,19.749,19.284,19.749,432,0
FEE,D,20131015,000000,19.749,21.707,19.749,21.707,8572,0
FEE,D,20131016,000000,21.707,23.734,20.767,20.767,710,0
FEE,D,20131017,000000,21.657,23.734,21.657,23.734,348,0
FEE,D,20131018,000000,23.734,23.734,22.636,22.943,1008,0
FEE,D,20131021,000000,23.734,24.228,22.646,23.734,7646,0
FEE,D,20131022,000000,23.843,25.712,22.844,24.031,4860,0
FEE,D,20131023,000000,24.031,24.031,23.259,23.724,727,0
FEE,D,20131024,000000,24.031,24.031,22.943,23.23,1891,0
FEE,D,20131025,000000,23.19,23.536,23.19,23.24,1062,0
FEE,D,20131028,000000,23.734,23.734,22.844,23.487,1982,0
FEE,D,20131029,000000,23.467,23.724,23.24,23.714,1123,0
FEE,D,20131030,000000,23.714,23.714,23.23,23.427,282,0
FEE,D,20131031,000000,23.378,23.378,22.765,23.23,154,0
FEE,D,20131104,000000,23.23,23.23,22.755,23.18,551,0
FEE,D,20131105,000000,23.18,23.18,22.755,23.141,293,0
FEE,D,20131106,000000,23.131,23.427,23.042,23.17,856,0
FEE,D,20131107,000000,23.17,23.605,22.943,23.605,508,0
FEE,D,20131108,000000,23.348,23.734,22.864,23.734,1041,0
FEE,D,20131112,000000,23.734,24.426,23.734,24.327,5809,0
FEE,D,20131113,000000,24.327,24.327,23.843,24.12,777,0
FEE,D,20131114,000000,24.13,24.723,24.13,24.228,1576,0
FEE,D,20131115,000000,24.713,24.713,23.764,24.525,4703,0
FEE,D,20131118,000000,25.02,26.691,25.02,25.217,2098,0
FEE,D,20131119,000000,25.662,25.662,25.079,25.257,949,0
FEE,D,20131120,000000,25.257,25.316,25.257,25.316,2254,0
FEE,D,20131121,000000,25.316,25.316,24.436,25.267,4260,0
FEE,D,20131122,000000,25.257,25.257,24.525,25.148,376,0
FEE,D,20131125,000000,25.148,25.148,23.833,24.466,2059,0
FEE,D,20131126,000000,24.565,24.565,23.833,24.416,336,0
FEE,D,20131127,000000,24.179,24.179,23.685,23.932,1023,0
FEE,D,20131128,000000,23.932,24.674,22.745,24.664,2161,0
FEE,D,20131129,000000,24.575,25.158,23.734,24.911,1513,0
FEE,D,20131202,000000,24.525,25.069,24.525,25.069,418,0
FEE,D,20131203,000000,25.168,25.168,24.525,24.525,77,0
FEE,D,20131204,000000,25.158,25.158,23.754,24.426,1305,0
FEE,D,20131205,000000,25.158,25.168,24.327,24.921,1697,0
FEE,D,20131206,000000,25.168,25.168,25.119,25.119,608,0
FEE,D,20131209,000000,25.119,25.168,25.109,25.168,973,0
FEE,D,20131210,000000,25.178,26.196,25.178,25.712,2005,0
FEE,D,20131211,000000,25.712,26.206,25.316,26.206,448,0
FEE,D,20131212,000000,26.206,26.206,26.206,26.206,65,0
FEE,D,20131213,000000,26.206,26.206,25.376,26.009,165,0
FEE,D,20131216,000000,26.305,26.305,25.712,25.712,228,0
FEE,D,20131217,000000,26.206,26.523,25.188,25.316,1586,0
FEE,D,20131218,000000,26.404,26.404,23.764,24.674,1619,0
FEE,D,20131219,000000,26.137,26.137,25.712,25.712,3,0
FEE,D,20131220,000000,25.712,25.712,24.288,24.96,1956,0
FEE,D,20131223,000000,25.9,25.9,24.327,24.327,437,0
FEE,D,20131227,000000,25.267,25.267,24.278,24.891,198,0
FEE,D,20131230,000000,24.901,25.504,24.228,25.208,1205,0
FEE,D,20140102,000000,25.208,25.712,24.535,24.535,862,0
FEE,D,20140103,000000,25.208,25.613,23.932,23.932,423,0
FEE,D,20140107,000000,23.536,25.208,23.536,24.624,266,0
FEE,D,20140108,000000,25.198,25.198,24.228,24.614,867,0
FEE,D,20140109,000000,25.01,25.01,24.228,24.624,1064,0
FEE,D,20140110,000000,25.168,25.168,23.635,23.932,737,0
FEE,D,20140113,000000,23.932,24.713,23.734,24.525,1070,0
FEE,D,20140114,000000,25.168,25.168,24.08,25.158,1358,0
FEE,D,20140115,000000,25.168,27.195,24.535,26.701,4508,0
FEE,D,20140116,000000,28.975,31.645,27.967,27.967,2058,0
FEE,D,20140117,000000,26.701,28.679,26.701,27.353,645,0
FEE,D,20140120,000000,27.294,27.69,26.711,27.67,437,0
FEE,D,20140121,000000,28.669,28.669,27.551,27.68,1684,0
FEE,D,20140122,000000,28.669,28.669,26.701,26.74,766,0
FEE,D,20140123,000000,26.74,27.086,26.513,26.513,1025,0
FEE,D,20140124,000000,26.513,27.344,25.722,25.811,1362,0
FEE,D,20140127,000000,25.821,26.958,25.821,26.483,625,0
FEE,D,20140128,000000,27.185,27.185,24.921,25.564,1174,0
FEE,D,20140129,000000,25.564,27.195,25.564,25.712,3524,0
FEE,D,20140130,000000,25.208,26.602,25.208,25.999,1239,0
FEE,D,20140131,000000,27.185,27.185,25.514,25.514,2074,0
FEE,D,20140203,000000,25.217,26.305,25.217,25.504,246,0
FEE,D,20140204,000000,24.733,25.91,24.713,24.713,729,0
FEE,D,20140205,000000,24.713,27.156,23.991,25.217,1747,0
FEE,D,20140206,000000,24.881,25.9,24.881,25.564,235,0
FEE,D,20140207,000000,25.415,26.899,25.415,26.305,24842,0
FEE,D,20140210,000000,26.899,26.899,25.504,25.504,992,0
FEE,D,20140211,000000,26.513,26.513,26.206,26.206,2,0
FEE,D,20140212,000000,26.889,26.889,25.494,25.494,23,0
FEE,D,20140213,000000,26.691,26.691,25.267,25.267,215,0
FEE,D,20140214,000000,26.295,26.295,26.009,26.009,32,0
FEE,D,20140217,000000,25.999,26.009,25.712,25.712,157,0
FEE,D,20140218,000000,25.712,25.712,25.227,25.494,378,0
FEE,D,20140219,000000,25.692,25.692,25.227,25.504,133,0
FEE,D,20140220,000000,25.702,25.702,25.227,25.227,97,0
FEE,D,20140221,000000,25.227,25.712,25.227,25.494,475,0
FEE,D,20140224,000000,25.702,26.236,25.504,25.504,534,0
FEE,D,20140225,000000,25.653,25.712,24.842,24.97,10223,0
FEE,D,20140226,000000,25.217,25.217,25.02,25.02,12,0
FEE,D,20140227,000000,25.702,25.702,25.702,25.702,52,0
FEE,D,20140228,000000,25.682,25.682,25.217,25.217,30,0
FEE,D,20140303,000000,24.871,24.871,22.399,22.399,1566,0
FEE,D,20140304,000000,22.399,23.635,22.399,22.943,994,0
FEE,D,20140305,000000,22.844,25.128,22.844,23.16,1593,0
FEE,D,20140306,000000,24.327,24.327,23.042,23.042,50,0
FEE,D,20140307,000000,23.635,25.91,23.24,24.426,486,0
FEE,D,20140310,000000,24.426,26.187,24.327,24.327,465,0
FEE,D,20140311,000000,25.306,26.187,22.844,22.844,2390,0
FEE,D,20140312,000000,22.399,23.23,21.242,21.242,460,0
FEE,D,20140313,000000,21.212,21.746,19.927,20.075,1466,0
FEE,D,20140314,000000,19.976,19.976,17.801,18.394,4713,0
FEE,D,20140317,000000,18.394,19.284,18.295,18.888,1336,0
FEE,D,20140318,000000,19.482,19.482,17.801,19.383,1723,0
FEE,D,20140319,000000,19.679,21.647,19.66,21.647,4161,0
FEE,D,20140320,000000,21.647,23.131,21.647,22.073,1661,0
FEE,D,20140321,000000,22.646,22.646,21.746,22.646,756,0
FEE,D,20140324,000000,22.646,22.646,21.133,22.201,5998,0
FEE,D,20140325,000000,21.42,22.429,21.42,22.251,1863,0
FEE,D,20140326,000000,22.429,23.131,22.251,22.35,1548,0
FEE,D,20140327,000000,21.855,22.735,21.855,22.557,447,0
FEE,D,20140328,000000,22.735,22.745,22.735,22.745,281,0
FEE,D,20140331,000000,23.141,23.141,22.053,22.35,2002,0
FEE,D,20140401,000000,23.131,24.416,22.745,24.327,102053,0
FEE,D,20140402,000000,24.327,24.327,22.844,23.833,774,0
FEE,D,20140403,000000,24.308,24.308,22.676,23.932,307,0
FEE,D,20140404,000000,24.219,24.219,23.744,23.744,3,0
FEE,D,20140407,000000,23.744,23.744,23.556,23.556,3,0
FEE,D,20140408,000000,23.487,24.228,23.487,24.228,2053,0
FEE,D,20140409,000000,24.327,25.682,23.151,24.822,10626,0
FEE,D,20140410,000000,25.217,25.217,24.723,24.723,670,0
FEE,D,20140411,000000,25.208,25.208,24.228,25.168,912,0
FEE,D,20140414,000000,25.168,25.168,23.932,24.08,625,0
FEE,D,20140415,000000,25.198,25.198,22.992,24.683,262,0
FEE,D,20140416,000000,24.674,24.674,22.745,24.228,376,0
FEE,D,20140417,000000,24.228,24.228,23.378,23.378,6,0
FEE,D,20140422,000000,24.723,24.723,24.041,24.041,218,0
FEE,D,20140423,000000,25.188,25.188,21.855,22.795,1624,0
FEE,D,20140424,000000,23.783,23.783,22.448,23.338,111,0
FEE,D,20140425,000000,24.723,24.723,22.251,23.734,57,0
FEE,D,20140428,000000,24.713,24.713,22.261,22.735,392,0
FEE,D,20140429,000000,22.745,23.635,21.756,21.756,1447,0
FEE,D,20140430,000000,22.251,22.251,20.965,21.756,96,0
FEE,D,20140502,000000,21.756,23.734,21.756,23.734,213,0
FEE,D,20140505,000000,21.756,23.536,21.756,23.536,67,0
FEE,D,20140506,000000,23.536,23.536,21.41,21.657,11,0
FEE,D,20140507,000000,21.41,22.142,21.41,22.142,253,0
FEE,D,20140508,000000,23.536,23.536,22.152,22.369,59,0
FEE,D,20140509,000000,23.526,23.526,22.34,23.24,199,0
FEE,D,20140512,000000,23.032,23.032,20.965,20.965,1124,0
FEE,D,20140513,000000,22.043,22.053,19.897,22.033,1105,0
FEE,D,20140514,000000,22.033,23.526,21.756,23.427,274,0
FEE,D,20140515,000000,23.526,23.526,21.954,23.329,238,0
FEE,D,20140516,000000,23.526,23.526,22.35,23.477,308,0
FEE,D,20140519,000000,23.338,23.338,22.735,22.735,4,0
FEE,D,20140520,000000,22.745,22.745,21.766,22.745,108,0
FEE,D,20140521,000000,22.152,23.24,21.766,22.567,1187,0
FEE,D,20140522,000000,23.141,23.141,23.042,23.042,4,0
FEE,D,20140523,000000,23.042,23.091,23.042,23.091,4,0
FEE,D,20140526,000000,22.943,23.091,21.311,23.091,1140,0
FEE,D,20140527,000000,22.943,22.943,22.063,22.063,165,0
FEE,D,20140528,000000,23.091,23.091,22.053,22.053,25,0
FEE,D,20140529,000000,22.547,22.745,22.053,22.745,31,0
FEE,D,20140530,000000,23.141,23.141,23.141,23.141,1,0
FEE,D,20140602,000000,23.141,23.141,23.141,23.141,4,0
FEE,D,20140603,000000,23.141,23.141,22.745,22.745,4,0
FEE,D,20140604,000000,23.141,23.141,21.855,23.141,170,0
FEE,D,20140605,000000,23.141,23.141,22.547,23.141,107,0
FEE,D,20140606,000000,23.141,23.141,23.131,23.131,25,0
FEE,D,20140609,000000,23.131,23.131,22.073,23.131,83,0
FEE,D,20140610,000000,23.131,23.131,21.954,23.131,25,0
FEE,D,20140611,000000,23.131,23.131,21.974,23.131,846,0
FEE,D,20140612,000000,23.131,23.131,22.745,22.745,4,0
FEE,D,20140613,000000,23.131,23.131,22.844,22.844,6,0
FEE,D,20140616,000000,23.131,23.131,21.954,23.131,227,0
FEE,D,20140617,000000,23.131,23.131,23.131,23.131,4,0
FEE,D,20140618,000000,23.131,23.131,21.736,23.042,1017,0
FEE,D,20140620,000000,22.943,22.943,21.865,22.933,13,0
FEE,D,20140623,000000,23.042,23.042,21.756,22.251,88,0
FEE,D,20140624,000000,22.745,22.745,21.588,22.745,115,0
FEE,D,20140625,000000,22.735,22.735,21.756,21.756,4,0
FEE,D,20140626,000000,21.855,22.745,21.756,22.498,116,0
FEE,D,20140627,000000,22.498,22.498,22.498,22.498,4,0
FEE,D,20140630,000000,22.745,22.745,21.46,21.46,103,0
FEE,D,20140701,000000,21.806,21.806,21.796,21.796,12,0
FEE,D,20140702,000000,21.806,21.806,19.877,20.866,77,0
FEE,D,20140703,000000,21.806,21.806,20.579,20.609,3612,0
FEE,D,20140704,000000,22.745,22.745,22.567,22.567,7,0
FEE,D,20140707,000000,22.735,22.735,22.735,22.735,1,0
FEE,D,20140708,000000,22.636,22.636,22.636,22.636,1,0
FEE,D,20140709,000000,22.715,22.715,22.706,22.706,31,0
FEE,D,20140710,000000,22.448,22.448,20.846,20.846,549,0
FEE,D,20140711,000000,21.855,21.855,18.404,18.789,1450,0
FEE,D,20140714,000000,20.668,20.668,19.383,20.421,212,0
FEE,D,20140715,000000,20.421,20.421,20.421,20.421,10,0
FEE,D,20140716,000000,20.421,20.421,20.421,20.421,5,0
FEE,D,20140717,000000,20.421,20.421,20.421,20.421,4,0
FEE,D,20140718,000000,20.421,20.421,20.421,20.421,3,0
FEE,D,20140721,000000,20.421,20.421,20.421,20.421,4,0
FEE,D,20140722,000000,20.421,20.421,19.551,20.075,202,0
FEE,D,20140723,000000,20.421,20.421,19.976,19.976,3,0
FEE,D,20140724,000000,20.421,20.421,20.421,20.421,5,0
FEE,D,20140725,000000,20.421,20.421,18.691,20.411,249,0
FEE,D,20140728,000000,20.401,20.401,20.391,20.391,4,0
FEE,D,20140729,000000,20.401,20.401,18.592,20.273,375,0
FEE,D,20140730,000000,20.253,20.253,17.85,17.85,1161,0
FEE,D,20140731,000000,19.274,19.274,18.888,18.888,3,0
FEE,D,20140801,000000,17.801,18.77,17.801,18.275,36,0
FEE,D,20140804,000000,18.75,18.75,18.127,18.196,56,0
FEE,D,20140805,000000,18.671,18.958,16.812,18.958,852,0
FEE,D,20140806,000000,18.948,18.948,18.74,18.74,11,0
FEE,D,20140807,000000,18.819,18.819,18.819,18.819,1,0
FEE,D,20140808,000000,18.938,18.938,18.73,18.73,41,0
FEE,D,20140811,000000,18.938,18.938,18.938,18.938,1,0
FEE,D,20140812,000000,18.938,18.938,18.938,18.938,1,0
FEE,D,20140813,000000,18.78,18.78,18.78,18.78,1,0
FEE,D,20140814,000000,18.76,18.76,18.76,18.76,1,0
FEE,D,20140818,000000,18.73,18.73,18.582,18.582,2,0
FEE,D,20140819,000000,18.789,18.789,18.789,18.789,1,0
FEE,D,20140820,000000,18.958,18.958,18.958,18.958,2,0
FEE,D,20140821,000000,18.948,18.948,18.582,18.582,22,0
FEE,D,20140822,000000,18.958,18.958,18.958,18.958,2,0
FEE,D,20140825,000000,18.888,18.888,18.78,18.78,202,0
FEE,D,20140826,000000,18.888,18.888,18.888,18.888,2,0
FEE,D,20140827,000000,18.789,18.789,17,18.78,165,0
FEE,D,20140828,000000,18.295,18.295,14.933,14.933,1834,0
FEE,D,20140829,000000,14.933,14.933,12.164,14.735,3933,0
FEE,D,20140901,000000,15.022,15.022,13.449,13.449,667,0
FEE,D,20140902,000000,13.815,13.815,12.658,12.836,793,0
FEE,D,20140903,000000,13.835,13.835,13.242,13.242,167,0
FEE,D,20140904,000000,13.845,13.845,12.322,12.322,2288,0
FEE,D,20140905,000000,12.431,12.431,11.768,11.768,31218,0
FEE,D,20140908,000000,12.361,13.103,12.114,12.826,1309,0
FEE,D,20140909,000000,13.073,14.369,13.073,13.172,2659,0
FEE,D,20140910,000000,13.706,14.142,12.668,13.499,4687,0
FEE,D,20140911,000000,14.033,14.033,13.845,13.845,74,0
FEE,D,20140912,000000,13.845,13.845,12.658,13.726,477,0
FEE,D,20140915,000000,14.023,14.023,13.845,13.845,14,0
FEE,D,20140916,000000,13.914,13.914,13.103,13.538,639,0
FEE,D,20140917,000000,14.033,14.339,13.934,13.934,592,0
FEE,D,20140918,000000,15.13,15.13,13.736,13.736,554,0
FEE,D,20140919,000000,13.736,14.043,13.736,13.934,333,0
FEE,D,20140922,000000,15.17,15.17,13.835,13.855,1031,0
FEE,D,20140923,000000,15.17,15.17,14.053,14.151,84,0
FEE,D,20140924,000000,14.834,14.893,14.25,14.428,1114,0
FEE,D,20140925,000000,15.13,15.13,14.517,14.517,5,0
FEE,D,20140926,000000,15.13,16.406,14.389,15.506,1605,0
FEE,D,20140929,000000,16.416,16.416,15.526,15.981,876,0
FEE,D,20140930,000000,16.287,16.614,15.823,15.902,1743,0
FEE,D,20141001,000000,16.218,16.218,16.119,16.119,25,0
FEE,D,20141002,000000,15.803,15.803,13.35,13.35,145,0
FEE,D,20141003,000000,13.845,13.845,13.845,13.845,370,0
FEE,D,20141006,000000,13.845,13.845,12.856,12.856,243,0
FEE,D,20141007,000000,12.856,12.856,12.856,12.856,763,0
FEE,D,20141008,000000,12.856,12.856,12.856,12.856,273,0
FEE,D,20141009,000000,12.876,12.876,12.876,12.876,25,0
FEE,D,20141010,000000,13.845,13.845,13.202,13.202,119,0
FEE,D,20141013,000000,12.876,12.876,12.856,12.856,354,0
FEE,D,20141014,000000,12.866,14.043,12.856,13.538,661,0
FEE,D,20141015,000000,13.647,13.647,13.538,13.538,23,0
FEE,D,20141016,000000,13.647,13.647,13.064,13.538,130,0
FEE,D,20141017,000000,13.4,13.4,12.905,13.252,202,0
FEE,D,20141020,000000,14.043,14.043,14.043,14.043,21,0
FEE,D,20141021,000000,14.033,14.033,13.845,14.023,116,0
FEE,D,20141022,000000,14.043,14.636,13.647,14.626,538,0
FEE,D,20141023,000000,14.626,15.526,14.626,15.526,403,0
FEE,D,20141024,000000,14.834,15.427,14.834,15.427,65,0
FEE,D,20141027,000000,15.427,15.427,14.636,14.834,260,0
FEE,D,20141028,000000,15.269,15.269,15.13,15.13,12,0
FEE,D,20141029,000000,15.427,15.427,14.834,14.834,523,0
FEE,D,20141030,000000,15.121,15.121,14.784,14.784,18,0
FEE,D,20141031,000000,14.784,15.269,14.784,15.269,10,0
FEE,D,20141103,000000,14.043,15.111,14.043,14.29,59,0
FEE,D,20141104,000000,14.933,14.933,14.339,14.715,295,0
FEE,D,20141105,000000,14.715,15.111,14.616,15.111,315,0
FEE,D,20141106,000000,15.111,15.111,15.111,15.111,17,0
FEE,D,20141107,000000,15.111,15.111,14.834,15.111,89,0
FEE,D,20141110,000000,14.834,14.834,13.766,14.834,33,0
FEE,D,20141112,000000,14.834,14.834,13.548,14.033,343,0
FEE,D,20141113,000000,14.834,14.834,14.478,14.478,411,0
FEE,D,20141114,000000,14.834,14.834,14.151,14.329,118,0
FEE,D,20141117,000000,14.923,14.923,13.845,14.082,335,0
FEE,D,20141118,000000,14.824,14.824,14.626,14.626,82,0
FEE,D,20141119,000000,14.824,14.824,14.636,14.804,113,0
FEE,D,20141120,000000,14.784,14.784,14.399,14.478,1327,0
FEE,D,20141121,000000,14.834,15.427,14.834,15.427,881,0
FEE,D,20141124,000000,15.427,15.823,15.427,15.823,85,0
FEE,D,20141125,000000,15.823,15.823,15.823,15.823,24,0
FEE,D,20141126,000000,15.823,15.823,15.823,15.823,18,0
FEE,D,20141127,000000,15.823,15.823,15.823,15.823,12,0
FEE,D,20141128,000000,15.823,15.823,15.625,15.823,124,0
FEE,D,20141201,000000,15.823,15.823,15.694,15.823,56,0
FEE,D,20141202,000000,15.823,15.823,15.338,15.457,163,0
FEE,D,20141203,000000,15.823,15.823,15.625,15.625,23,0
FEE,D,20141204,000000,15.328,15.575,15.279,15.279,381,0
FEE,D,20141205,000000,15.328,15.328,15.229,15.229,22,0
FEE,D,20141208,000000,15.328,15.328,15.328,15.328,21,0
FEE,D,20141209,000000,15.328,15.328,15.328,15.328,33,0
FEE,D,20141210,000000,15.328,15.328,14.517,14.982,134,0
FEE,D,20141211,000000,15.328,15.328,15.229,15.229,10,0
FEE,D,20141212,000000,15.328,15.328,14.547,14.784,29,0
FEE,D,20141215,000000,15.328,15.328,14.735,14.735,153,0
FEE,D,20141216,000000,15.328,15.328,13.944,15.13,313,0
FEE,D,20141217,000000,15.13,15.13,15.032,15.032,22,0
FEE,D,20141218,000000,15.032,15.032,14.834,14.834,14,0
FEE,D,20141219,000000,14.834,14.834,13.35,13.35,2522,0
FEE,D,20141222,000000,13.944,13.944,13.35,13.944,164,0
FEE,D,20141223,000000,13.845,13.845,13.647,13.647,22,0
FEE,D,20141229,000000,13.647,13.647,13.647,13.647,32,0
FEE,D,20141230,000000,13.647,13.647,13.153,13.271,171,0
FEE,D,20150102,000000,13.647,14.834,13.588,14.834,67,0
FEE,D,20150105,000000,15.427,15.427,15.022,15.022,11,0
FEE,D,20150107,000000,14.933,14.933,14.636,14.636,14,0
FEE,D,20150108,000000,14.735,14.735,14.527,14.527,50,0
FEE,D,20150109,000000,14.735,15.427,14.537,15.427,4862,0
FEE,D,20150112,000000,15.417,15.823,15.328,15.823,1735,0
FEE,D,20150113,000000,15.823,16.812,15.823,16.812,1271,0
FEE,D,20150114,000000,16.802,17.553,16.713,17.504,577,0
FEE,D,20150115,000000,17.504,17.504,16.812,16.812,1300,0
FEE,D,20150116,000000,16.812,17.504,16.792,16.792,267,0
FEE,D,20150119,000000,16.762,16.762,16.317,16.317,15,0
FEE,D,20150120,000000,16.614,16.614,16.218,16.218,213,0
FEE,D,20150121,000000,16.614,16.614,16.07,16.07,111,0
FEE,D,20150122,000000,16.614,16.614,15.526,15.526,72,0
FEE,D,20150123,000000,16.564,16.564,16.456,16.456,13,0
FEE,D,20150126,000000,16.317,16.317,16.218,16.218,13,0
FEE,D,20150127,000000,16.317,16.317,16.317,16.317,11,0
FEE,D,20150128,000000,16.317,16.317,16.317,16.317,12,0
FEE,D,20150129,000000,16.317,16.456,16.169,16.169,94,0
FEE,D,20150130,000000,16.456,16.456,16.416,16.416,12,0
FEE,D,20150202,000000,16.416,18.058,16.317,18.058,6336,0
FEE,D,20150203,000000,18.097,18.789,18.097,18.789,193,0
FEE,D,20150204,000000,18.789,18.789,17.356,17.801,96,0
FEE,D,20150205,000000,18.789,18.789,17.207,17.207,231,0
FEE,D,20150206,000000,17.227,18.344,17.227,18.344,25,0
FEE,D,20150209,000000,18.789,18.789,18.592,18.789,71,0
FEE,D,20150210,000000,18.789,18.789,16.911,18.582,803,0
FEE,D,20150211,000000,18.641,18.641,18.384,18.384,17,0
FEE,D,20150212,000000,18.384,18.78,16.911,18.691,22,0
FEE,D,20150213,000000,18.77,18.77,17.85,18.641,166,0
FEE,D,20150216,000000,18.77,18.77,18.77,18.77,11,0
FEE,D,20150217,000000,18.77,18.789,18.295,18.295,111,0
FEE,D,20150218,000000,18.789,18.789,18.789,18.789,10,0
FEE,D,20150219,000000,18.789,18.789,18.295,18.789,82,0
FEE,D,20150220,000000,18.789,18.789,18.789,18.789,11,0
FEE,D,20150223,000000,18.789,18.789,18.789,18.789,11,0
FEE,D,20150224,000000,18.789,18.789,18.73,18.73,11,0
FEE,D,20150225,000000,18.73,18.73,18.582,18.582,12,0
FEE,D,20150226,000000,18.582,18.582,18.582,18.582,14,0
FEE,D,20150227,000000,18.582,18.582,16.713,17.702,3936,0
FEE,D,20150302,000000,17.702,17.702,17.692,17.692,137,0
FEE,D,20150303,000000,17.692,17.692,17.672,17.672,127,0
FEE,D,20150304,000000,17.662,17.801,17.662,17.751,317,0
FEE,D,20150305,000000,17.751,17.751,17.751,17.751,53,0
FEE,D,20150306,000000,17.751,17.751,17.306,17.652,58,0
FEE,D,20150309,000000,17.652,17.652,17.652,17.652,16,0
FEE,D,20150310,000000,17.652,17.652,17.603,17.603,28,0
FEE,D,20150311,000000,17.603,17.603,17.603,17.603,23,0
FEE,D,20150312,000000,17.603,17.603,17.603,17.603,13,0
FEE,D,20150313,000000,17.603,17.603,17.553,17.553,42,0
FEE,D,20150316,000000,17.553,17.553,16.406,16.406,102,0
FEE,D,20150317,000000,15.823,16.851,15.823,16.812,230,0
FEE,D,20150318,000000,17.059,17.059,17.049,17.049,10,0
FEE,D,20150319,000000,17.089,17.089,15.625,15.625,896,0
FEE,D,20150320,000000,15.694,15.694,15.625,15.625,158,0
FEE,D,20150323,000000,17.009,17.009,16.317,16.812,127,0
FEE,D,20150324,000000,16.713,16.713,16.713,16.713,13,0
FEE,D,20150325,000000,16.713,16.713,15.852,16.713,356,0
FEE,D,20150326,000000,16.713,16.713,16.713,16.713,23,0
FEE,D,20150327,000000,16.713,16.713,16.653,16.653,88,0
FEE,D,20150330,000000,16.663,16.663,16.02,16.515,188,0
FEE,D,20150331,000000,16.564,16.564,15.823,15.823,94,0
FEE,D,20150401,000000,16.663,16.663,15.823,16.614,219,0
FEE,D,20150402,000000,16.663,17.504,16.663,17.356,131,0
FEE,D,20150407,000000,17.306,17.306,15.823,17.009,618,0
FEE,D,20150408,000000,17.296,17.296,16.505,16.505,12,0
FEE,D,20150409,000000,16.505,16.505,15.823,15.823,17,0
FEE,D,20150410,000000,16.505,16.505,15.724,16.465,272,0
FEE,D,20150413,000000,16.505,16.505,15.229,16.07,212,0
FEE,D,20150414,000000,16.119,16.802,16.119,16.604,111,0
FEE,D,20150415,000000,16.564,16.564,14.913,16.456,1257,0
FEE,D,20150416,000000,16.357,16.357,16.307,16.307,12,0
FEE,D,20150417,000000,16.386,16.386,16.258,16.258,365,0
FEE,D,20150420,000000,16.198,16.198,16.169,16.189,459,0
FEE,D,20150421,000000,16.693,16.693,16.189,16.515,34,0
FEE,D,20150422,000000,16.515,16.515,15.041,16.515,621,0
FEE,D,20150423,000000,16.416,16.416,16.317,16.317,12,0
FEE,D,20150424,000000,16.268,16.268,16.268,16.268,11,0
FEE,D,20150427,000000,16.317,16.317,15.032,15.823,91,0
FEE,D,20150428,000000,16.268,16.268,16.169,16.169,11,0
FEE,D,20150429,000000,16.169,16.169,16.119,16.169,53,0
FEE,D,20150430,000000,16.169,16.317,16.169,16.317,13,0
FEE,D,20150504,000000,16.317,16.812,16.317,16.812,128,0
FEE,D,20150505,000000,16.812,16.812,16.802,16.802,143,0
FEE,D,20150506,000000,16.812,16.812,14.903,14.903,1707,0
FEE,D,20150507,000000,16.297,16.297,14.824,14.982,2291,0
FEE,D,20150508,000000,15.664,15.664,14.982,15.625,78,0
FEE,D,20150511,000000,15.605,15.605,15.526,15.595,4049,0
FEE,D,20150512,000000,15.605,15.605,15.585,15.585,521,0
FEE,D,20150513,000000,15.625,15.625,15.477,15.477,11,0
FEE,D,20150514,000000,14.933,15.477,14.933,15.13,63,0
FEE,D,20150515,000000,15.477,15.477,13.954,15.318,1369,0
FEE,D,20150518,000000,15.318,15.318,13.746,14.834,3193,0
FEE,D,20150519,000000,14.755,14.834,14.349,14.834,358,0
FEE,D,20150520,000000,14.735,14.834,14.142,14.142,250,0
FEE,D,20150521,000000,14.834,14.834,14.142,14.784,499,0
FEE,D,20150522,000000,14.735,15.032,14.735,14.834,68,0
FEE,D,20150525,000000,15.477,15.477,14.151,14.834,332,0
FEE,D,20150526,000000,15.012,15.012,14.735,14.893,1367,0
FEE,D,20150527,000000,15.229,15.724,15.229,15.625,1201,0
FEE,D,20150528,000000,15.625,15.625,15.625,15.625,12,0
FEE,D,20150529,000000,15.625,15.625,14.933,15.575,1458,0
FEE,D,20150601,000000,15.625,15.625,15.625,15.625,11,0
FEE,D,20150602,000000,15.625,15.625,15.575,15.575,11,0
FEE,D,20150603,000000,15.575,15.575,14.834,15.575,872,0
FEE,D,20150605,000000,15.575,15.575,15.575,15.575,12,0
FEE,D,20150608,000000,15.328,15.328,15.328,15.328,12,0
FEE,D,20150609,000000,15.328,15.328,15.328,15.328,19,0
FEE,D,20150610,000000,15.625,15.625,15.427,15.427,62,0
FEE,D,20150611,000000,15.427,15.427,15.427,15.427,11,0
FEE,D,20150612,000000,15.625,15.625,15.575,15.575,10,0
FEE,D,20150615,000000,15.625,15.625,14.636,15.625,357,0
FEE,D,20150616,000000,15.625,15.625,14.834,15.427,1428,0
FEE,D,20150617,000000,15.625,15.625,15.427,15.427,11,0
FEE,D,20150618,000000,15.575,15.575,15.328,15.328,12,0
FEE,D,20150619,000000,15.575,15.575,15.575,15.575,11,0
FEE,D,20150622,000000,15.625,15.625,14.626,15.575,114,0
FEE,D,20150623,000000,15.575,15.714,15.427,15.714,1291,0
FEE,D,20150624,000000,15.575,16.812,15.566,15.823,10488,0
FEE,D,20150625,000000,16.02,16.802,15.625,16.505,11333,0
FEE,D,20150626,000000,16.416,16.614,16.367,16.614,594,0
FEE,D,20150629,000000,16.703,16.703,15.625,16.703,1329,0
FEE,D,20150630,000000,16.614,16.614,16.515,16.515,13,0
FEE,D,20150701,000000,16.703,16.703,15.625,16.119,7969,0
FEE,D,20150702,000000,16.119,16.614,15.823,16.614,158,0
FEE,D,20150703,000000,16.703,16.703,15.724,16.614,1035,0
FEE,D,20150706,000000,16.703,17.197,16.119,16.802,5612,0
FEE,D,20150707,000000,16.802,17.207,16.614,17.197,1435,0
FEE,D,20150708,000000,17.108,17.108,17.108,17.108,1,0
FEE,D,20150709,000000,16.713,16.762,16.713,16.762,1042,0
FEE,D,20150710,000000,17.009,17.009,17.009,17.009,10,0
FEE,D,20150713,000000,17.009,17.108,16.96,17.108,467,0
FEE,D,20150714,000000,17.108,17.108,17.108,17.108,163,0
FEE,D,20150715,000000,17.197,17.247,17.158,17.247,1610,0
FEE,D,20150716,000000,17.306,17.385,17.207,17.385,1590,0
FEE,D,20150717,000000,17.385,17.405,17.385,17.405,24,0
FEE,D,20150720,000000,17.405,18.394,17.385,18.384,487,0
FEE,D,20150721,000000,18.394,18.394,17.801,18.097,75,0
FEE,D,20150722,000000,18.097,18.097,18.097,18.097,11,0
FEE,D,20150723,000000,18.097,18.394,18.048,18.394,485,0
FEE,D,20150724,000000,18.394,18.76,18.394,18.74,431,0
FEE,D,20150727,000000,18.8,18.8,17.85,18.8,315,0
FEE,D,20150728,000000,18.8,18.8,18.35,18.7,131,0
FEE,D,20150729,000000,18.7,18.7,18.69,18.7,546,0
FEE,D,20150730,000000,18.79,18.79,18.7,18.7,42,0
FEE,D,20150731,000000,18.7,18.7,17.9,18.6,331,0
FEE,D,20150803,000000,18.6,18.6,18.6,18.6,10,0
FEE,D,20150804,000000,18.6,18.6,18.6,18.6,10,0
FEE,D,20150805,000000,18.6,18.6,18.6,18.6,10,0
FEE,D,20150806,000000,18.6,18.6,18.6,18.6,10,0
FEE,D,20150807,000000,18.6,18.6,18.6,18.6,158,0
FEE,D,20150810,000000,18.6,18.6,18.6,18.6,10,0
FEE,D,20150811,000000,18.6,18.95,18.6,18.95,2364,0
FEE,D,20150812,000000,19.9,20,19,20,1456,0
FEE,D,20150813,000000,20,21,20,21,1175,0
FEE,D,20150814,000000,20.9,20.9,19,20.9,1680,0
FEE,D,20150817,000000,21.99,21.99,20.1,20.3,720,0
FEE,D,20150818,000000,21.99,22,21.7,22,2742,0
FEE,D,20150819,000000,22.01,22.9,21.56,22.9,1301,0
FEE,D,20150820,000000,22.9,22.9,21.5,22.5,302,0
FEE,D,20150821,000000,22.6,22.6,22,22.6,145,0
FEE,D,20150824,000000,20.6,22.6,19.5,22.54,2390,0
FEE,D,20150825,000000,20.3,21.99,20.3,21.99,147,0
FEE,D,20150826,000000,22.64,22.64,21.69,21.7,816,0
FEE,D,20150827,000000,21.7,21.7,21.7,21.7,30,0
FEE,D,20150828,000000,22.63,22.63,22.63,22.63,10,0
FEE,D,20150831,000000,22.63,23,22.6,23,1098,0
FEE,D,20150901,000000,23,24,22.99,23,973,0
FEE,D,20150902,000000,24,24.5,23,23,501,0
FEE,D,20150903,000000,24.5,24.5,24.5,24.5,11,0
FEE,D,20150904,000000,23.9,23.9,22,22,201,0
FEE,D,20150907,000000,22.9,22.9,22.1,22.7,15,0
FEE,D,20150908,000000,22.74,22.74,21.6,21.6,401,0
FEE,D,20150909,000000,21.98,23.87,21.52,22.2,420,0
FEE,D,20150910,000000,23.87,23.87,21.6,21.6,180,0
FEE,D,20150911,000000,23.75,23.75,22.95,22.95,10,0
FEE,D,20150914,000000,22.95,22.95,22.95,22.95,10,0
FEE,D,20150915,000000,22.5,22.5,22.32,22.32,11,0
FEE,D,20150916,000000,22.49,22.49,21.22,22.42,162,0
FEE,D,20150917,000000,22.43,22.43,22.38,22.38,11,0
FEE,D,20150918,000000,22.36,22.36,21,21.93,318,0
FEE,D,20150921,000000,21.93,22.37,21.93,22.37,11,0
FEE,D,20150922,000000,22.37,22.37,22.3,22.3,12,0
FEE,D,20150923,000000,22.37,22.37,22,22,11,0
FEE,D,20150924,000000,22.37,22.37,19,20.44,468,0
FEE,D,20150925,000000,21.09,22.2,21.09,22.2,2,0
FEE,D,20150928,000000,22.2,22.2,20.21,21.97,990,0
FEE,D,20150929,000000,22.34,22.34,22.3,22.3,13,0
FEE,D,20150930,000000,22.14,22.14,22.14,22.14,11,0
FEE,D,20151001,000000,22.34,22.34,22.28,22.28,93,0
FEE,D,20151002,000000,22.15,22.15,21.97,21.97,191,0
FEE,D,20151005,000000,22,22,21.8,21.8,11,0
FEE,D,20151006,000000,21.8,21.8,21.79,21.79,11,0
FEE,D,20151007,000000,21.96,22.2,21.75,22.2,1031,0
FEE,D,20151008,000000,22.2,22.2,22,22,11,0
FEE,D,20151009,000000,22.2,22.2,21.99,21.99,12,0
FEE,D,20151012,000000,22.2,22.2,22.16,22.18,21,0
FEE,D,20151013,000000,22.18,22.18,22.18,22.18,11,0
FEE,D,20151014,000000,22.18,22.18,22.14,22.14,11,0
FEE,D,20151015,000000,22.14,22.14,21,21.48,72,0
FEE,D,20151016,000000,21.98,21.98,21.98,21.98,10,0
FEE,D,20151019,000000,21.98,21.98,20.67,21.2,602,0
FEE,D,20151020,000000,21.97,21.97,21.04,21.04,28,0
FEE,D,20151021,000000,21.98,21.98,21.98,21.98,10,0
FEE,D,20151022,000000,21.97,21.97,21.94,21.94,51,0
FEE,D,20151023,000000,21.96,21.96,19.77,20.87,1427,0
FEE,D,20151026,000000,20.36,21.96,20.36,21.96,29,0
FEE,D,20151027,000000,21.95,21.95,20.01,20.2,383,0
FEE,D,20151028,000000,21.7,21.95,20.25,21.5,135,0
FEE,D,20151029,000000,21.95,21.95,21.75,21.75,10,0
FEE,D,20151030,000000,20.74,20.75,20.74,20.75,10,0
FEE,D,20151102,000000,20.5,21.75,20,21.74,312,0
FEE,D,20151103,000000,21.65,21.65,21.63,21.64,187,0
FEE,D,20151104,000000,20.49,21.64,19.9,21.49,1061,0
FEE,D,20151105,000000,21.5,21.5,19.95,20.99,262,0
FEE,D,20151106,000000,20,20,19,19.99,342,0
FEE,D,20151109,000000,20.49,20.49,20.49,20.49,10,0
FEE,D,20151110,000000,20.48,20.48,20.46,20.46,11,0
FEE,D,20151112,000000,20.99,20.99,20.94,20.94,11,0
FEE,D,20151113,000000,20.89,20.89,20,20,12,0
FEE,D,20151116,000000,20.87,20.87,19,20.84,594,0
FEE,D,20151117,000000,20.78,20.79,19,20.75,693,0
FEE,D,20151118,000000,20.75,20.75,20.75,20.75,11,0
FEE,D,20151119,000000,20.73,20.73,19,19.9,196,0
FEE,D,20151120,000000,19,20.6,19,20.6,98,0
FEE,D,20151123,000000,20.59,20.59,18.8,20,56,0
FEE,D,20151124,000000,20.49,20.49,20.49,20.49,575,0
FEE,D,20151125,000000,20.49,20.49,20.49,20.49,10,0
FEE,D,20151126,000000,20.33,20.33,20.33,20.33,11,0
FEE,D,20151127,000000,20.32,20.33,20.32,20.33,10,0
FEE,D,20151130,000000,20.33,20.33,20.33,20.33,11,0
FEE,D,20151201,000000,20.33,20.33,20.33,20.33,11,0
FEE,D,20151202,000000,20.33,20.33,20.33,20.33,10,0
FEE,D,20151203,000000,19,20.3,19,20.3,11,0
FEE,D,20151204,000000,20.3,20.3,18.28,20,10690,0
FEE,D,20151207,000000,19,19.5,18.53,19.45,2632,0
FEE,D,20151208,000000,19.39,19.45,19.39,19.45,11,0
FEE,D,20151209,000000,19.44,19.44,19.44,19.44,10,0
FEE,D,20151210,000000,18.99,19.43,18.65,19.43,704,0
FEE,D,20151211,000000,20,20,20,20,10,0
FEE,D,20151214,000000,20,20,20,20,1318,0
FEE,D,20151215,000000,20,20,20,20,10,0
FEE,D,20151216,000000,19,19.99,19,19.95,609,0
FEE,D,20151217,000000,20,20,19.95,19.95,11,0
FEE,D,20151218,000000,20,20,20,20,10,0
FEE,D,20151221,000000,20,20,18.05,18.05,422,0
FEE,D,20151222,000000,20,20,19.8,19.8,108,0
FEE,D,20151223,000000,20,20,19.99,19.99,11,0
FEE,D,20151228,000000,19.93,21,19.92,21,2469,0
FEE,D,20151229,000000,21,21,19.99,20.99,2723,0
FEE,D,20151230,000000,20.99,21.3,19.51,21.3,5177,0
FEE,D,20160104,000000,21.2,21.2,21.2,21.2,10,0
FEE,D,20160105,000000,21.2,21.2,20.2,20.2,17511,0
FEE,D,20160107,000000,21.2,21.2,20.2,20.2,972,0
FEE,D,20160108,000000,20.89,20.89,20,20,42,0
FEE,D,20160111,000000,20.89,20.89,20.89,20.89,10,0
FEE,D,20160112,000000,20.99,20.99,20.99,20.99,10,0
FEE,D,20160113,000000,20.99,20.99,19.9,20.97,475,0
FEE,D,20160114,000000,20.99,20.99,19.98,20.5,61,0
FEE,D,20160115,000000,20.98,20.98,20.98,20.98,10,0
FEE,D,20160118,000000,20.92,20.92,20.69,20.69,10,0
FEE,D,20160119,000000,20.9,20.9,19.89,20.89,551,0
FEE,D,20160120,000000,20.89,20.89,20.89,20.89,10,0
FEE,D,20160121,000000,20.49,20.49,18.1,18.1,594,0
FEE,D,20160122,000000,18.5,19.8,18,18.48,478,0
FEE,D,20160125,000000,18.99,19.43,18.99,19.38,44,0
FEE,D,20160126,000000,19.37,19.37,19.36,19.36,29,0
FEE,D,20160127,000000,19.48,19.48,19.48,19.48,10,0
FEE,D,20160128,000000,19.44,19.45,18.79,19.45,140,0
FEE,D,20160129,000000,19,19,17,17,1375,0
FEE,D,20160201,000000,17.98,17.98,16.22,17.48,283,0
FEE,D,20160202,000000,17.4,17.49,17.4,17.46,27,0
FEE,D,20160203,000000,17.49,17.49,16.8,17.37,38,0
FEE,D,20160204,000000,17.1,17.95,17,17.95,703,0
FEE,D,20160205,000000,18.9,18.9,18.87,18.87,208,0
FEE,D,20160208,000000,18.99,18.99,18.97,18.97,10,0
FEE,D,20160209,000000,19.29,19.29,19,19.29,518,0
FEE,D,20160210,000000,18.89,18.89,18.89,18.89,10,0
FEE,D,20160211,000000,18.79,18.79,17.3,18.77,246,0
FEE,D,20160212,000000,18.79,18.79,17.05,18.49,103,0
FEE,D,20160215,000000,18.1,18.88,18.1,18.88,11,0
FEE,D,20160216,000000,18.8,18.85,18.8,18.85,7,0
FEE,D,20160217,000000,18.85,18.9,18.85,18.9,525,0
FEE,D,20160218,000000,18.9,18.9,18.9,18.9,10,0
FEE,D,20160219,000000,18.9,18.9,18.9,18.9,10,0
FEE,D,20160222,000000,18.9,18.9,18.9,18.9,10,0
FEE,D,20160223,000000,18.9,18.9,18.9,18.9,10,0
FEE,D,20160224,000000,18.9,18.9,18.9,18.9,10,0
FEE,D,20160225,000000,19.25,19.25,19.15,19.15,10,0
FEE,D,20160226,000000,19.3,19.3,18.9,18.9,10,0
FEE,D,20160229,000000,18.9,18.9,18.9,18.9,10,0
FEE,D,20160301,000000,18.9,18.9,18.9,18.9,10,0
FEE,D,20160302,000000,18.9,18.9,18.9,18.9,10,0
FEE,D,20160303,000000,18.9,18.9,18.9,18.9,10,0
FEE,D,20160304,000000,18.9,18.9,17.68,17.68,17,0
FEE,D,20160307,000000,17.68,18.9,17.68,18.9,13,0
FEE,D,20160308,000000,18.9,18.9,17.99,17.99,11,0
FEE,D,20160309,000000,17.99,17.99,17.97,17.97,10,0
FEE,D,20160310,000000,17.97,17.97,17.97,17.97,10,0
FEE,D,20160311,000000,17.97,18.9,17.95,17.95,654,0
FEE,D,20160314,000000,18.7,18.7,17.5,17.8,265,0
FEE,D,20160315,000000,17.89,17.89,17.88,17.89,10,0
FEE,D,20160316,000000,17.89,17.89,17,17.5,129,0
FEE,D,20160317,000000,17.89,17.89,17,17.5,19,0
FEE,D,20160318,000000,17.5,17.5,17.5,17.5,10,0
FEE,D,20160321,000000,17.88,17.88,17,17,10,0
FEE,D,20160322,000000,17.85,17.85,16,16,1629,0
FEE,D,20160323,000000,16,16.99,16,16.99,114,0
FEE,D,20160324,000000,16.82,16.82,16.49,16.49,173,0
FEE,D,20160329,000000,16.49,16.49,15.09,16,212,0
FEE,D,20160330,000000,16.49,16.49,16,16,10,0
FEE,D,20160331,000000,15.99,15.99,15,15.3,777,0
FEE,D,20160401,000000,15.3,15.5,15.3,15.47,10,0
FEE,D,20160404,000000,15.47,15.47,14.21,14.21,249,0
FEE,D,20160405,000000,15.19,15.9,14.11,15,1536,0
FEE,D,20160406,000000,15.9,15.9,14.15,14.7,3027,0
FEE,D,20160407,000000,14.5,14.5,13.95,13.95,839,0
FEE,D,20160408,000000,14.24,14.24,13.8,13.8,1782,0
FEE,D,20160411,000000,13.94,14.19,12.8,13.23,4462,0
FEE,D,20160412,000000,14,14,13.01,13.77,996,0
FEE,D,20160413,000000,13.8,13.8,13.06,13.77,2630,0
FEE,D,20160414,000000,13.85,13.85,13.06,13.16,724,0
FEE,D,20160415,000000,13.5,13.5,12.9,13.27,1699,0
FEE,D,20160418,000000,13.48,13.48,13.1,13.47,1208,0
FEE,D,20160419,000000,13.45,13.47,13.2,13.47,2004,0
FEE,D,20160420,000000,13.55,14.6,13.22,14.08,8069,0
FEE,D,20160421,000000,14.08,14.4,13.6,14.28,7268,0
FEE,D,20160422,000000,14,14.27,14,14.2,208,0
FEE,D,20160425,000000,14.24,14.24,13.35,13.95,86,0
FEE,D,20160426,000000,13.97,13.97,13.2,13.95,1090,0
FEE,D,20160427,000000,13.94,13.94,13.88,13.89,571,0
FEE,D,20160428,000000,13.88,13.88,13.24,13.76,172,0
FEE,D,20160429,000000,13.57,14.1,13.22,14.1,11529,0
FEE,D,20160502,000000,14.56,14.56,14.15,14.36,240,0
FEE,D,20160504,000000,14.35,14.35,14.34,14.34,10,0
FEE,D,20160505,000000,14.34,14.34,14.27,14.27,10,0
FEE,D,20160506,000000,13.99,14,13.5,14,2779,0
FEE,D,20160509,000000,14.27,14.27,13.54,14.06,2014,0
FEE,D,20160510,000000,14.18,14.18,13.99,14,2697,0
FEE,D,20160511,000000,13.8,14.18,13.41,14.18,1609,0
FEE,D,20160512,000000,14.18,14.18,13.29,14,1230,0
FEE,D,20160513,000000,14.34,14.34,13.42,13.42,5351,0
FEE,D,20160516,000000,14.29,14.29,13.42,13.98,1108,0
FEE,D,20160517,000000,14.2,14.2,13.41,14,3899,0
FEE,D,20160518,000000,14.2,14.2,13.5,14.1,2402,0
FEE,D,20160519,000000,14.2,14.2,14,14,12,0
FEE,D,20160520,000000,14.19,14.19,13.21,13.21,14,0
FEE,D,20160523,000000,14.19,14.19,13.5,13.51,163,0
FEE,D,20160524,000000,13.99,14.08,13.55,14.08,824,0
FEE,D,20160525,000000,14.08,14.08,14.08,14.08,110,0
FEE,D,20160527,000000,14.19,14.19,14.19,14.19,12,0
FEE,D,20160530,000000,14.19,14.19,13.8,14.18,43,0
FEE,D,20160531,000000,14.17,14.17,13.15,13.45,3449,0
FEE,D,20160601,000000,13.85,14.09,13.13,14.09,47,0
FEE,D,20160602,000000,14.09,14.09,14.09,14.09,10,0
FEE,D,20160603,000000,14.09,14.09,14.09,14.09,10,0
FEE,D,20160606,000000,14.09,14.16,13.5,14.15,189,0
FEE,D,20160607,000000,14.14,14.14,14.09,14.09,11,0
FEE,D,20160608,000000,14.09,14.09,14.09,14.09,10,0
FEE,D,20160609,000000,14,14.08,13,14.08,46,0
FEE,D,20160610,000000,14.08,14.1,13.5,14.1,2605,0
FEE,D,20160613,000000,14.09,14.09,14.05,14.05,10,0
FEE,D,20160614,000000,14.04,14.04,13.2,14.04,10,0
FEE,D,20160615,000000,14.04,14.04,14.04,14.04,10,0
FEE,D,20160616,000000,14.04,14.04,12.99,13.99,438,0
FEE,D,20160617,000000,14.04,14.04,14.04,14.04,10,0
FEE,D,20160620,000000,14.04,14.04,14.04,14.04,10,0
FEE,D,20160621,000000,14.04,14.04,14.04,14.04,10,0
FEE,D,20160622,000000,14.04,14.04,14.04,14.04,10,0
FEE,D,20160623,000000,14.04,14.04,14.04,14.04,10,0
FEE,D,20160624,000000,13.98,13.98,13.94,13.94,10,0
FEE,D,20160627,000000,13.94,13.94,13.92,13.92,10,0
FEE,D,20160628,000000,13.92,13.92,13.92,13.92,10,0
FEE,D,20160629,000000,13.92,13.92,13.01,13.01,891,0
FEE,D,20160630,000000,13.76,13.76,12.62,13.32,3588,0
FEE,D,20160701,000000,13.98,13.98,13.96,13.96,10,0
FEE,D,20160704,000000,13.96,13.96,12.6,13,27029,0
FEE,D,20160705,000000,13.6,13.6,13,13.6,22,0
FEE,D,20160706,000000,13.6,13.6,13.6,13.6,11,0
FEE,D,20160707,000000,13.6,13.6,13.6,13.6,11,0
FEE,D,20160708,000000,13.6,13.6,13.6,13.6,14,0
FEE,D,20160711,000000,13.6,13.6,13.6,13.6,10,0
FEE,D,20160712,000000,13.6,13.6,13,13.6,12,0
FEE,D,20160713,000000,13.6,13.6,12.65,13.6,2747,0
FEE,D,20160714,000000,13.8,13.8,13.8,13.8,11,0
FEE,D,20160715,000000,13.8,13.8,13.8,13.8,10,0
FEE,D,20160718,000000,13.8,13.8,13.75,13.8,520,0
FEE,D,20160719,000000,13.8,13.8,13,13.78,40,0
FEE,D,20160720,000000,13.78,13.8,12.85,13,3727,0
FEE,D,20160721,000000,13.8,13.8,13.78,13.78,14,0
FEE,D,20160722,000000,13.78,13.78,13,13,265,0
FEE,D,20160725,000000,13.68,13.68,13,13,110,0
FEE,D,20160726,000000,13,13,13,13,13,0
FEE,D,20160727,000000,13,13,13,13,11,0
FEE,D,20160728,000000,13,13,13,13,10,0
FEE,D,20160729,000000,13,13,12.1,12.99,393,0
FEE,D,20160801,000000,12.99,13.13,12.99,13.13,10,0
FEE,D,20160802,000000,12.99,12.99,12.98,12.98,10,0
FEE,D,20160803,000000,12.98,12.98,11.69,11.69,1277,0
FEE,D,20160804,000000,12,12.98,12,12.98,10,0
FEE,D,20160805,000000,12.98,12.98,12.98,12.98,10,0
FEE,D,20160808,000000,12.98,12.98,12.05,12.06,258,0
FEE,D,20160809,000000,12.94,12.94,12,12.93,484,0
FEE,D,20160810,000000,12.93,12.93,12.01,12.5,86,0
FEE,D,20160811,000000,12.87,12.87,12.35,12.35,10,0
FEE,D,20160812,000000,12.9,12.97,12.7,12.97,2610,0
FEE,D,20160816,000000,12.97,12.97,12.9,12.9,11,0
FEE,D,20160817,000000,12.9,12.9,11.9,12.9,61,0
FEE,D,20160818,000000,12.9,12.9,12.9,12.9,11,0
FEE,D,20160819,000000,12.9,12.9,12.9,12.9,11,0
FEE,D,20160822,000000,12.9,12.99,12.88,12.99,3079,0
FEE,D,20160823,000000,13.13,13.6,12.99,12.99,4701,0
FEE,D,20160824,000000,13.59,13.59,13.57,13.57,12,0
FEE,D,20160825,000000,13.57,13.57,13.11,13.49,118,0
FEE,D,20160826,000000,13.49,13.49,12.99,12.99,596,0
FEE,D,20160829,000000,13.3,13.3,13.3,13.3,10,0
FEE,D,20160830,000000,13.29,13.29,12.99,13.27,747,0
FEE,D,20160831,000000,13.27,13.27,13.27,13.27,10,0
FEE,D,20160901,000000,13.24,13.25,13.24,13.25,10,0
FEE,D,20160902,000000,13,13.15,13,13.15,407,0
FEE,D,20160905,000000,13.68,13.93,13.66,13.92,161,0
FEE,D,20160906,000000,13.93,13.93,13.9,13.9,459,0
FEE,D,20160907,000000,13.9,15,13.87,13.95,2712,0
FEE,D,20160908,000000,13.46,15,13.46,15,2258,0
FEE,D,20160909,000000,15,15,13.8,14.9,3022,0
FEE,D,20160912,000000,14.9,14.9,14.9,14.9,10,0
FEE,D,20160913,000000,14.88,14.88,14.88,14.88,11,0
FEE,D,20160914,000000,15.18,15.18,15.18,15.18,10,0
FEE,D,20160915,000000,15.18,15.18,15.16,15.16,12,0
FEE,D,20160916,000000,15.18,15.18,15.18,15.18,10,0
FEE,D,20160919,000000,15.17,15.17,15.15,15.15,11,0
FEE,D,20160920,000000,15.17,15.17,15.15,15.15,210,0
FEE,D,20160921,000000,15.17,15.17,15.17,15.17,10,0
FEE,D,20160922,000000,15.17,15.17,15.15,15.15,11,0
FEE,D,20160923,000000,15.17,15.17,15.15,15.15,11,0
FEE,D,20160926,000000,15.15,15.15,15.15,15.15,10,0
FEE,D,20160927,000000,15.18,15.18,15.18,15.18,101,0
FEE,D,20160928,000000,15.99,15.99,14.4,15.9,501,0
FEE,D,20160929,000000,16,16,16,16,10,0
FEE,D,20160930,000000,15.5,15.5,15.5,15.5,22,0
FEE,D,20161003,000000,15.49,15.49,15.49,15.49,10,0
FEE,D,20161004,000000,15,15,14.7,15,280,0
FEE,D,20161005,000000,15,15,15,15,10,0
FEE,D,20161006,000000,15,15,15,15,11,0
FEE,D,20161007,000000,15,15,15,15,11,0
FEE,D,20161010,000000,14.99,14.99,14.99,14.99,10,0
FEE,D,20161011,000000,14.97,14.97,14.97,14.97,10,0
FEE,D,20161012,000000,14.97,14.97,14.2,14.97,84,0
FEE,D,20161013,000000,15,15,14.99,15,365,0
FEE,D,20161014,000000,15.1,15.1,15.1,15.1,146,0
FEE,D,20161017,000000,16,16,15.98,15.98,210,0
FEE,D,20161018,000000,16,16,16,16,10,0
FEE,D,20161019,000000,16,16,16,16,10,0
FEE,D,20161020,000000,16,16,16,16,11,0
FEE,D,20161021,000000,16,16,15,15,256,0
FEE,D,20161024,000000,15.97,15.97,15,15,63,0
FEE,D,20161025,000000,15.96,15.96,15.15,15.15,110,0
FEE,D,20161026,000000,15.96,15.96,14.5,14.5,502,0
FEE,D,20161027,000000,15,15,14.99,15,19,0
FEE,D,20161028,000000,15,15,15,15,10,0
FEE,D,20161031,000000,15,15,15,15,10,0
FEE,D,20161102,000000,15,15,15,15,10,0
FEE,D,20161103,000000,15,15,15,15,10,0
FEE,D,20161104,000000,15,15,15,15,10,0
FEE,D,20161107,000000,15,15,15,15,11,0
FEE,D,20161108,000000,15,15,15,15,10,0
FEE,D,20161109,000000,15,15,15,15,10,0
FEE,D,20161110,000000,15,15,15,15,10,0
FEE,D,20161114,000000,15,15,13.5,13.62,602,0
FEE,D,20161115,000000,14.93,14.93,14.93,14.93,10,0
FEE,D,20161116,000000,14.99,14.99,14,14.99,78,0
FEE,D,20161117,000000,14.99,14.99,14.74,14.99,12,0
FEE,D,20161118,000000,14.99,14.99,13.76,14.49,511,0
FEE,D,20161121,000000,14.99,14.99,14.97,14.97,11,0
FEE,D,20161122,000000,14.98,14.99,13.49,14.99,952,0
FEE,D,20161123,000000,14.99,14.99,14.99,14.99,10,0
FEE,D,20161124,000000,14.99,14.99,14.99,14.99,4,0
FEE,D,20161125,000000,14.99,14.99,14.99,14.99,16,0
FEE,D,20161128,000000,14.99,14.99,14.02,14.2,111,0
FEE,D,20161129,000000,14.99,14.99,13.86,14.97,2119,0
FEE,D,20161130,000000,14.99,14.99,14.99,14.99,11,0
FEE,D,20161201,000000,14.99,14.99,14.99,14.99,3,0
FEE,D,20161202,000000,14.99,14.99,14,14,1728,0
FEE,D,20161205,000000,13.09,14,13.09,14,251,0
FEE,D,20161206,000000,14.5,14.5,13.99,13.99,449,0
FEE,D,20161207,000000,14.99,14.99,14.1,14.97,131,0
FEE,D,20161208,000000,14.95,14.95,14.94,14.94,206,0
FEE,D,20161209,000000,14.97,14.97,14.94,14.96,242,0
FEE,D,20161212,000000,14.97,14.97,14.95,14.95,11,0
FEE,D,20161213,000000,14.97,14.97,14.64,14.95,119,0
FEE,D,20161214,000000,14.95,14.95,14.94,14.94,110,0
FEE,D,20161215,000000,15,15,15,15,1786,0
FEE,D,20161216,000000,15,15,15,15,10,0
FEE,D,20161219,000000,14.99,15,14.99,15,69,0
FEE,D,20161220,000000,14.98,14.98,14.2,14.97,995,0
FEE,D,20161221,000000,14.97,14.97,14.97,14.97,10,0
FEE,D,20161222,000000,14.97,14.97,14.21,14.97,452,0
FEE,D,20161223,000000,15.2,18.38,15.2,17,18281,0
FEE,D,20161227,000000,17.5,17.7,17.21,17.6,4200,0
FEE,D,20161228,000000,18.8,18.8,18,18,8670,0
FEE,D,20161229,000000,18.1,18.99,17.32,18.99,13038,0
FEE,D,20161230,000000,19,19,17.12,17.95,12987,0
FEE,D,20170102,000000,17.95,17.99,17.89,17.89,1572,0
FEE,D,20170103,000000,17.9,17.9,17.89,17.89,111,0
FEE,D,20170104,000000,17.69,17.69,17,17,2645,0
FEE,D,20170105,000000,18.19,18.19,16.9,17.59,228,0
FEE,D,20170109,000000,17.6,17.6,16.2,16.99,452,0
FEE,D,20170110,000000,16.5,17.19,16.21,17.08,2957,0
FEE,D,20170111,000000,17,17,16.26,16.26,144,0
FEE,D,20170112,000000,16.94,16.95,16.2,16.95,1941,0
FEE,D,20170113,000000,16.79,16.79,16.74,16.79,12,0
FEE,D,20170116,000000,16.94,16.94,16.92,16.92,60,0
FEE,D,20170117,000000,16.94,16.94,16.5,16.93,130,0
FEE,D,20170118,000000,16.93,16.93,16.45,16.91,1543,0
FEE,D,20170119,000000,16.94,16.94,16.42,16.87,693,0
FEE,D,20170120,000000,16.9,16.9,16.59,16.59,332,0
FEE,D,20170123,000000,16.91,16.91,16.42,16.55,611,0
FEE,D,20170124,000000,16.55,16.55,15.75,16.5,214,0
FEE,D,20170125,000000,16.95,16.95,16.5,16.5,307,0
FEE,D,20170126,000000,16.94,16.94,16.91,16.91,38,0
FEE,D,20170127,000000,16.94,16.94,16.94,16.94,10,0
FEE,D,20170130,000000,16.95,16.95,16.43,16.93,141,0
FEE,D,20170131,000000,16.95,16.95,16.5,16.5,160,0
FEE,D,20170201,000000,16.94,17,16.93,17,210,0
FEE,D,20170202,000000,17,17,17,17,10,0
FEE,D,20170203,000000,17,17,17,17,10,0
FEE,D,20170206,000000,16.95,16.95,16.95,16.95,10,0
FEE,D,20170207,000000,16.95,16.95,16,16.5,498,0
FEE,D,20170208,000000,16.93,16.93,16.9,16.9,11,0
FEE,D,20170209,000000,16.89,16.92,16.87,16.92,562,0
FEE,D,20170210,000000,16.92,16.92,16.8,16.8,1021,0
FEE,D,20170213,000000,16.11,16.8,16.11,16.36,1222,0
FEE,D,20170214,000000,17.9,17.9,17.9,17.9,10,0
FEE,D,20170215,000000,17.79,17.79,16.6,17.25,457,0
FEE,D,20170216,000000,16.99,16.99,16.9,16.99,440,0
FEE,D,20170217,000000,16.8,16.99,16.8,16.99,205,0
FEE,D,20170220,000000,16.98,16.99,16.38,16.99,108,0
FEE,D,20170221,000000,16.99,17.68,16.99,17.68,38,0
FEE,D,20170222,000000,17.6,17.6,17.6,17.6,10,0
FEE,D,20170223,000000,17.3,17.45,16.8,17.41,173,0
FEE,D,20170224,000000,17.45,17.45,17.45,17.45,10,0
FEE,D,20170227,000000,17.19,17.19,17.18,17.18,15,0
FEE,D,20170228,000000,17.25,17.25,17.25,17.25,10,0
FEE,D,20170301,000000,17.25,17.25,16.62,16.9,1920,0
FEE,D,20170302,000000,17.25,17.25,16.62,16.9,1646,0
FEE,D,20170303,000000,17.88,17.88,16.6,17.73,390,0
FEE,D,20170306,000000,16.61,17.87,16.6,17,676,0
FEE,D,20170307,000000,17.69,17.69,16.5,16.99,219,0
FEE,D,20170308,000000,17.69,17.69,17.32,17.32,10,0
FEE,D,20170309,000000,17.69,17.69,16,16.5,1977,0
FEE,D,20170310,000000,16.99,17.38,16.6,16.99,34,0
FEE,D,20170313,000000,16.99,17.38,16.99,17.38,15,0
FEE,D,20170314,000000,17.38,17.38,16,17,971,0
FEE,D,20170315,000000,17.17,17.17,16.79,16.79,15,0
FEE,D,20170316,000000,16.78,17.37,15.9,17.37,677,0
FEE,D,20170317,000000,17.35,17.35,16.23,17.32,258,0
FEE,D,20170320,000000,17,17,16.22,16.98,362,0
FEE,D,20170321,000000,16.97,16.97,16.97,16.97,10,0
FEE,D,20170322,000000,16.94,16.94,16.94,16.94,10,0
FEE,D,20170323,000000,16.88,16.88,16.88,16.88,10,0
FEE,D,20170324,000000,16.86,16.86,16.86,16.86,10,0
FEE,D,20170327,000000,16.86,16.95,16.86,16.95,11,0
FEE,D,20170328,000000,16.85,16.85,16.85,16.85,10,0
FEE,D,20170329,000000,16.85,16.86,16.85,16.86,10,0
FEE,D,20170330,000000,16.86,16.86,16.85,16.85,220,0
FEE,D,20170331,000000,16.85,16.86,16.85,16.86,10,0
FEE,D,20170403,000000,16.84,16.99,16.02,16.65,571,0
FEE,D,20170404,000000,16.65,16.68,16.65,16.68,130,0
FEE,D,20170405,000000,16.99,16.99,16.25,16.5,590,0
FEE,D,20170406,000000,16.97,16.97,16.9,16.9,11,0
FEE,D,20170407,000000,16.89,16.89,16.89,16.89,10,0
FEE,D,20170410,000000,16.85,16.85,16.85,16.85,10,0
FEE,D,20170411,000000,16.01,16.85,16.01,16.79,985,0
FEE,D,20170412,000000,16.74,16.74,16.74,16.74,10,0
FEE,D,20170413,000000,16.01,16.73,16.01,16.71,709,0
FEE,D,20170418,000000,16.7,16.7,16.7,16.7,10,0
FEE,D,20170419,000000,16.67,16.67,16.5,16.67,489,0
FEE,D,20170420,000000,16.67,16.67,16.5,16.5,709,0
FEE,D,20170421,000000,16.67,16.67,16.5,16.5,72,0
FEE,D,20170424,000000,16.98,16.98,16.5,16.5,48425,0
FEE,D,20170425,000000,16.98,16.98,16.8,16.8,210,0
FEE,D,20170426,000000,16.99,16.99,16.99,16.99,10,0
FEE,D,20170427,000000,16.9,16.9,15.55,16.5,177,0
FEE,D,20170428,000000,16.82,16.82,16.3,16.3,48,0
FEE,D,20170502,000000,16.9,16.9,15.4,16.49,374,0
FEE,D,20170504,000000,16.48,16.48,15.55,16.32,25,0
FEE,D,20170505,000000,16.89,16.89,16.87,16.87,10,0
FEE,D,20170508,000000,16.19,16.19,15,15.94,2089,0
FEE,D,20170509,000000,15.91,15.91,15,15,160,0
FEE,D,20170510,000000,15.74,15.74,15.49,15.49,68,0
FEE,D,20170511,000000,15.99,15.99,14.7,14.7,10,0
FEE,D,20170512,000000,14.69,16,14.45,15,9211,0
FEE,D,20170515,000000,15.2,16.3,15.2,16,6683,0
FEE,D,20170516,000000,16.3,16.7,16.3,16.7,160,0
FEE,D,20170517,000000,16.7,16.7,16.7,16.7,11,0
FEE,D,20170518,000000,16.79,16.79,15.46,16.75,1526,0
FEE,D,20170519,000000,16.75,16.75,15.25,15.25,12,0
FEE,D,20170522,000000,16.75,16.75,16.75,16.75,11,0
FEE,D,20170523,000000,16.8,16.95,16.21,16.21,25217,0
FEE,D,20170524,000000,16.88,16.88,16.23,16.8,1309,0
FEE,D,20170525,000000,16.87,16.87,16.87,16.87,10,0
FEE,D,20170526,000000,16.87,16.99,16.15,16.99,3074,0
FEE,D,20170529,000000,17.3,17.3,15.57,17.3,1004,0
FEE,D,20170530,000000,17.3,17.38,17.2,17.38,1610,0
FEE,D,20170531,000000,17.6,17.6,17.6,17.6,10,0
FEE,D,20170601,000000,17.6,17.6,17.58,17.6,778,0
FEE,D,20170602,000000,17.6,17.6,17.6,17.6,10,0
FEE,D,20170605,000000,17.6,17.6,17.55,17.6,144,0
FEE,D,20170606,000000,17.6,17.6,17.59,17.59,10,0
FEE,D,20170607,000000,17.5,17.5,17.5,17.5,10,0
FEE,D,20170608,000000,17.5,17.5,17.3,17.3,10,0
FEE,D,20170609,000000,16.5,17.5,16.5,16.55,222,0
FEE,D,20170612,000000,16.55,17.6,16.5,16.5,993,0
FEE,D,20170613,000000,17.59,17.59,16.99,17.1,76,0
FEE,D,20170614,000000,17.5,17.5,16,16,200,0
FEE,D,20170616,000000,17.59,17.59,17,17,11,0
FEE,D,20170619,000000,17.6,17.6,17,17,10,0
FEE,D,20170620,000000,17,17,17,17,10,0
FEE,D,20170621,000000,17.5,17.5,17,17.1,19,0
FEE,D,20170622,000000,17.5,17.5,17.1,17.1,10,0
FEE,D,20170623,000000,17.5,17.5,17.09,17.09,19,0
FEE,D,20170626,000000,17.59,17.59,16.11,16.11,345,0
FEE,D,20170627,000000,16.12,16.99,15.84,16.9,547,0
FEE,D,20170628,000000,16.95,16.95,16.5,16.5,10,0
FEE,D,20170629,000000,16.92,16.92,16,16.3,95,0
FEE,D,20170630,000000,16.5,16.5,16.5,16.5,10,0
FEE,D,20170703,000000,16.7,16.7,16.5,16.5,10,0
FEE,D,20170704,000000,16.6,16.6,16.5,16.5,11,0
FEE,D,20170705,000000,16.69,16.69,15.85,16.35,61,0
FEE,D,20170706,000000,16.5,16.5,16.39,16.39,10,0
FEE,D,20170707,000000,16.66,16.66,16.5,16.59,16,0
FEE,D,20170710,000000,16.7,16.7,16.49,16.49,19,0
FEE,D,20170711,000000,16.49,16.49,16.48,16.48,10,0
FEE,D,20170712,000000,16.49,16.49,16.45,16.45,10,0
FEE,D,20170713,000000,16.49,16.49,15.84,15.84,394,0
FEE,D,20170714,000000,16,16,15.99,15.99,10,0
FEE,D,20170717,000000,16,16,15.99,15.99,10,0
FEE,D,20170718,000000,16,16,15.99,15.99,10,0
FEE,D,20170719,000000,16,16,15.5,15.98,2471,0
FEE,D,20170720,000000,16,16,15.99,15.99,10,0
FEE,D,20170721,000000,15.9,15.9,15.9,15.9,10,0
FEE,D,20170724,000000,16,16,15.3,16,12,0
FEE,D,20170725,000000,16,16,15.99,16,19,0
FEE,D,20170726,000000,16,16,15.3,15.99,124,0
FEE,D,20170727,000000,16,16,15.5,15.5,32,0
FEE,D,20170728,000000,16,16,15.3,16,23,0
FEE,D,20170731,000000,16,16,15.99,15.99,18,0
FEE,D,20170801,000000,15.99,15.99,15.7,15.99,19,0
FEE,D,20170802,000000,15.99,15.99,14.46,15.98,1085,0
FEE,D,20170803,000000,15.99,15.99,15.2,15.99,11,0
FEE,D,20170804,000000,15.99,15.99,15.99,15.99,10,0
FEE,D,20170807,000000,15.99,15.99,14.45,14.99,1687,0
FEE,D,20170808,000000,15.95,15.95,14.98,14.98,110,0
FEE,D,20170809,000000,15.93,15.93,15.2,15.2,10,0
FEE,D,20170810,000000,15.1,15.1,14.9,14.9,209,0
FEE,D,20170811,000000,15.75,15.75,14.6,14.6,96,0
FEE,D,20170814,000000,14.67,14.69,14.67,14.69,10,0
FEE,D,20170816,000000,14.69,14.69,14.69,14.69,10,0
FEE,D,20170817,000000,14.69,14.69,13.23,14.69,447,0
FEE,D,20170818,000000,14.69,14.69,13.35,13.35,12,0
FEE,D,20170821,000000,12.94,14.23,12.5,14.1,4399,0
FEE,D,20170822,000000,14.3,14.3,14.3,14.3,35,0
FEE,D,20170823,000000,15.1,15.1,15.1,15.1,10,0
FEE,D,20170824,000000,15.96,15.96,14.5,14.5,309,0
FEE,D,20170825,000000,15.95,15.95,14.5,14.5,10,0
FEE,D,20170828,000000,14.6,14.6,14.6,14.6,10,0
FEE,D,20170829,000000,14.5,14.5,14.5,14.5,200,0
FEE,D,20170830,000000,15.95,15.95,15.95,15.95,18,0
FEE,D,20170831,000000,15.95,15.95,15.95,15.95,11,0
FEE,D,20170901,000000,15.95,15.95,15.95,15.95,1,0
FEE,D,20170904,000000,15.9,15.9,15.89,15.89,40,0
FEE,D,20170905,000000,15.95,15.95,15.94,15.95,19,0
FEE,D,20170906,000000,15.95,15.95,15.9,15.9,10,0
FEE,D,20170907,000000,15.95,15.95,14,15.5,1049,0
FEE,D,20170908,000000,15.95,15.95,14.5,14.8,125,0
FEE,D,20170911,000000,14.52,15.9,14.52,15.9,69,0
FEE,D,20170912,000000,15.7,15.7,15.7,15.7,10,0
FEE,D,20170913,000000,15.7,15.7,15.7,15.7,10,0
FEE,D,20170914,000000,15.7,15.7,15.5,15.5,10,0
FEE,D,20170915,000000,15.6,15.8,15.57,15.6,1607,0
FEE,D,20170918,000000,15.69,15.69,15.59,15.59,408,0
FEE,D,20170919,000000,15.24,15.24,14.2,15,891,0
FEE,D,20170920,000000,14.19,15.5,14,14.35,224,0
FEE,D,20170921,000000,15.25,15.25,14,14.7,294,0
FEE,D,20170922,000000,14.8,14.9,14.8,14.9,10,0
FEE,D,20170925,000000,14.88,14.88,14,14.27,90,0
FEE,D,20170926,000000,14.65,14.7,14.65,14.7,10,0
FEE,D,20170927,000000,14.7,14.7,14.7,14.7,10,0
FEE,D,20170928,000000,14.69,14.69,14.69,14.69,10,0
FEE,D,20170929,000000,14.69,14.69,13.27,13.27,114,0
FEE,D,20171002,000000,14.59,14.59,14.59,14.59,10,0
FEE,D,20171003,000000,14.68,14.68,14.59,14.59,10,0
FEE,D,20171004,000000,14.57,14.57,14,14,11,0
FEE,D,20171005,000000,13.65,13.7,13.65,13.7,108,0
FEE,D,20171006,000000,14.57,14.57,14.49,14.49,10,0
FEE,D,20171009,000000,14.47,14.47,14.46,14.47,223,0
FEE,D,20171010,000000,14.46,14.46,13.5,14.44,1007,0
FEE,D,20171011,000000,14.43,14.43,14.4,14.42,216,0
FEE,D,20171012,000000,14.43,14.43,13.5,13.5,30754,0
FEE,D,20171013,000000,14.42,14.42,14,14.41,109,0
FEE,D,20171016,000000,14.39,14.39,14.39,14.39,25,0
FEE,D,20171017,000000,14.42,14.42,14.4,14.4,10,0
FEE,D,20171018,000000,14.4,14.4,14.4,14.4,10,0
FEE,D,20171019,000000,14.4,14.4,14.4,14.4,10,0
FEE,D,20171020,000000,14.4,14.4,14.39,14.39,31,0
FEE,D,20171023,000000,14.39,14.39,14.39,14.39,10,0
FEE,D,20171024,000000,14.39,14.4,14.39,14.4,10,0
FEE,D,20171025,000000,14.4,14.4,14,14,10,0
FEE,D,20171026,000000,14.4,14.4,14.39,14.4,19,0
FEE,D,20171027,000000,14.4,14.4,14.4,14.4,10,0
FEE,D,20171030,000000,14.4,14.4,14.4,14.4,10,0
FEE,D,20171031,000000,14.4,14.4,14.4,14.4,10,0
FEE,D,20171102,000000,14.4,14.4,14.4,14.4,10,0
FEE,D,20171103,000000,14.4,14.4,14.39,14.4,10,0
FEE,D,20171106,000000,14.4,14.4,14.4,14.4,10,0
FEE,D,20171107,000000,14.4,14.4,14.4,14.4,1,0
FEE,D,20171108,000000,14.4,14.4,14.4,14.4,10,0
FEE,D,20171109,000000,14.4,14.4,14.4,14.4,1,0
FEE,D,20171110,000000,14.4,14.43,14.4,14.43,210,0
FEE,D,20171113,000000,14.43,14.43,12.99,13.4,811,0
FEE,D,20171114,000000,13.44,14.43,13.44,13.79,124,0
FEE,D,20171115,000000,13.65,14.57,13.54,14.57,279,0
FEE,D,20171116,000000,14.57,14.57,13.95,13.95,10,0
FEE,D,20171117,000000,13.95,13.95,13.95,13.95,10,0
FEE,D,20171120,000000,13.95,13.95,13.95,13.95,10,0
FEE,D,20171121,000000,13.95,13.95,13.91,13.95,109,0
FEE,D,20171122,000000,13.95,13.95,13.95,13.95,10,0
FEE,D,20171123,000000,13.95,13.95,13.95,13.95,10,0
FEE,D,20171124,000000,13.95,14.7,13.95,14.7,2973,0
FEE,D,20171127,000000,14.7,14.7,14.21,14.59,225,0
FEE,D,20171128,000000,14.59,14.59,14.59,14.59,1,0
FEE,D,20171129,000000,14.59,14.59,14.21,14.21,216,0
FEE,D,20171130,000000,14,14.21,14,14.21,357,0
FEE,D,20171201,000000,14.21,14.21,14,14,10,0
FEE,D,20171204,000000,14,14.5,14,14.5,476,0
FEE,D,20171205,000000,14.49,14.49,14.49,14.49,10,0
FEE,D,20171206,000000,14.49,14.49,14.21,14.21,10,0
FEE,D,20171207,000000,14.15,14.15,13.99,13.99,89,0
FEE,D,20171208,000000,13.99,14.14,13.99,14.14,219,0
FEE,D,20171211,000000,14.14,14.14,14.14,14.14,10,0
FEE,D,20171212,000000,14.14,14.14,13.79,13.79,12,0
FEE,D,20171213,000000,13.79,13.79,13.79,13.79,10,0
FEE,D,20171214,000000,13.79,13.79,12.42,13.79,100,0
FEE,D,20171215,000000,13.79,13.79,13.79,13.79,10,0
FEE,D,20171218,000000,13.5,13.79,13.5,13.79,634,0
FEE,D,20171219,000000,13.5,13.7,13.5,13.7,915,0
FEE,D,20171220,000000,13.51,13.79,13.5,13.5,433,0
FEE,D,20171221,000000,13.5,13.79,13.5,13.79,353,0
FEE,D,20171222,000000,13.79,13.79,12.51,13.5,107,0
FEE,D,20171227,000000,13.5,13.5,12.6,12.6,529,0
FEE,D,20171228,000000,13.79,13.79,13.79,13.79,10,0
FEE,D,20171229,000000,12.61,13.79,12.61,13.79,57,0
FEE,D,20180103,000000,15,15,14.95,14.95,10,0
FEE,D,20180104,000000,14.9,14.9,14.6,14.6,10,0
FEE,D,20180105,000000,14.9,14.95,13.45,13.8,3016,0
FEE,D,20180108,000000,14.75,14.75,14.75,14.75,10,0
FEE,D,20180109,000000,14.75,14.75,14.75,14.75,10,0
FEE,D,20180110,000000,14.75,14.75,14.75,14.75,10,0
FEE,D,20180111,000000,14.75,14.75,14,14,20,0
FEE,D,20180112,000000,14.75,14.75,14.7,14.7,239,0
FEE,D,20180115,000000,14.7,14.7,14.7,14.7,10,0
FEE,D,20180116,000000,14.7,14.7,14.7,14.7,10,0
FEE,D,20180117,000000,14.7,14.7,13.5,14.6,85,0
FEE,D,20180118,000000,14.55,14.55,14.55,14.55,10,0
FEE,D,20180119,000000,14.55,14.55,14.45,14.45,10,0
FEE,D,20180122,000000,14,14,13.8,14,401,0
FEE,D,20180123,000000,13.95,13.95,13.95,13.95,69,0
FEE,D,20180124,000000,14,14,13.9,13.9,10,0
FEE,D,20180125,000000,13.9,13.9,12.95,13.85,334,0
FEE,D,20180126,000000,13.85,13.9,13.85,13.9,208,0
FEE,D,20180129,000000,13.9,13.9,13.9,13.9,10,0
FEE,D,20180130,000000,13.9,13.9,13.9,13.9,11,0
FEE,D,20180131,000000,13.8,13.8,13.8,13.8,10,0
FEE,D,20180201,000000,13.8,13.85,12.95,13.5,504,0
FEE,D,20180202,000000,13.85,13.85,13.85,13.85,11,0
FEE,D,20180205,000000,13.8,13.8,13.8,13.8,10,0
FEE,D,20180206,000000,13.8,13.8,12.95,13.8,480,0
FEE,D,20180207,000000,13.8,13.8,13.8,13.8,10,0
FEE,D,20180208,000000,13.7,13.7,13.45,13.5,11,0
FEE,D,20180209,000000,13.7,13.7,13.45,13.7,93,0
FEE,D,20180212,000000,13.7,13.7,13.7,13.7,10,0
FEE,D,20180213,000000,13.7,13.7,13.55,13.55,10,0
FEE,D,20180214,000000,13.7,13.7,13.7,13.7,10,0
FEE,D,20180215,000000,13.7,13.7,13.7,13.7,10,0
FEE,D,20180216,000000,13.7,13.75,12.8,13.75,901,0
FEE,D,20180219,000000,13.65,13.65,13.65,13.65,10,0
FEE,D,20180220,000000,13.65,13.65,13.65,13.65,10,0
FEE,D,20180221,000000,13.65,13.65,13.65,13.65,10,0
FEE,D,20180222,000000,13.65,13.8,13.65,13.8,1155,0
FEE,D,20180223,000000,13.8,13.85,13.2,13.85,358,0
FEE,D,20180226,000000,13.85,14.35,13.85,14.35,311,0
FEE,D,20180227,000000,14.35,14.35,14.15,14.15,320,0
FEE,D,20180228,000000,14.15,14.15,14.05,14.05,10,0
FEE,D,20180301,000000,14.05,14.05,13.95,13.95,10,0
FEE,D,20180302,000000,14,14,13.8,13.8,1862,0
FEE,D,20180305,000000,14.05,14.05,13.8,13.8,10,0
FEE,D,20180306,000000,14.25,14.25,14.2,14.2,3136,0
FEE,D,20180307,000000,14.2,14.2,14.2,14.2,10,0
FEE,D,20180308,000000,14.2,14.2,14.2,14.2,10,0
FEE,D,20180309,000000,14.2,14.2,14.2,14.2,19,0
FEE,D,20180312,000000,14.2,14.2,14.15,14.15,10,0
FEE,D,20180313,000000,14.2,14.2,14,14,57,0
FEE,D,20180314,000000,14.2,14.2,14.2,14.2,10,0
FEE,D,20180315,000000,14.15,14.2,14.15,14.2,10,0
FEE,D,20180316,000000,14.15,14.2,14.15,14.15,10,0
FEE,D,20180319,000000,14.15,14.15,14.1,14.1,10,0
FEE,D,20180320,000000,14.05,14.1,14.05,14.1,10,0
FEE,D,20180321,000000,14.05,14.1,14.05,14.1,10,0
FEE,D,20180322,000000,14.05,14.1,14.05,14.1,10,0
FEE,D,20180323,000000,14,14,14,14,10,0
FEE,D,20180326,000000,14,14,13.85,13.85,10,0
FEE,D,20180327,000000,13.85,13.85,13.2,13.2,403,0
FEE,D,20180328,000000,13.2,13.2,13.2,13.2,10,0
FEE,D,20180329,000000,12.95,12.95,12.95,12.95,10,0
FEE,D,20180403,000000,14.05,14.05,11.85,13.35,265,0
FEE,D,20180404,000000,13.9,13.9,13.8,13.8,10,0
FEE,D,20180405,000000,13.8,13.8,13.7,13.7,10,0
FEE,D,20180406,000000,13.75,13.75,13.65,13.65,10,0
FEE,D,20180409,000000,13.9,13.9,13.8,13.8,10,0
FEE,D,20180410,000000,13.8,13.8,13.8,13.8,11,0
FEE,D,20180411,000000,13.8,13.8,13.8,13.8,10,0
FEE,D,20180412,000000,13.8,13.8,13.2,13.2,10,0
FEE,D,20180413,000000,13.15,13.15,13.15,13.15,10,0
FEE,D,20180416,000000,13,13,12.5,12.5,10,0
FEE,D,20180417,000000,12.5,12.5,12,12,10,0
FEE,D,20180418,000000,11.5,12,11.5,12,154,0
FEE,D,20180419,000000,11.95,11.95,11.6,11.6,11,0
FEE,D,20180420,000000,11.95,11.95,11.6,11.95,19,0
FEE,D,20180423,000000,11.95,11.95,11.95,11.95,10,0
FEE,D,20180424,000000,11.95,11.95,11.95,11.95,10,0
FEE,D,20180425,000000,11.95,11.95,11,11.95,300,0
FEE,D,20180426,000000,11.85,11.85,11.85,11.85,10,0
FEE,D,20180427,000000,11.85,11.85,11.85,11.85,10,0
FEE,D,20180430,000000,11.85,11.85,11.85,11.85,10,0
FEE,D,20180504,000000,11.85,12,11.85,12,24,0
FEE,D,20180507,000000,12,12,10.85,12,92,0
FEE,D,20180508,000000,12,12,10.6,10.6,1438,0
FEE,D,20180509,000000,11.4,11.4,9.6,10,1177,0
FEE,D,20180510,000000,9.9,10,9.9,10,1004,0
FEE,D,20180511,000000,10,10,9.4,9.4,190,0
FEE,D,20180514,000000,10.3,10.5,10.3,10.5,3,0
FEE,D,20180515,000000,10.35,10.35,10.35,10.35,10,0
FEE,D,20180516,000000,10.35,10.35,10.35,10.35,1,0
FEE,D,20180521,000000,10.35,10.5,10.35,10.5,51,0
FEE,D,20180522,000000,10.5,10.5,10.5,10.5,22,0
FEE,D,20180523,000000,10.5,10.5,10.5,10.5,10,0
FEE,D,20180524,000000,10.5,10.5,10.5,10.5,10,0
FEE,D,20180525,000000,10.5,10.5,8.56,9.42,179,0
FEE,D,20180528,000000,9.34,9.4,9.34,9.38,10,0
FEE,D,20180529,000000,9.34,9.44,8.5,9.34,188,0
FEE,D,20180530,000000,9.3,9.3,8.4,9.28,1527,0
FEE,D,20180601,000000,9.28,9.28,9.28,9.28,11,0
FEE,D,20180604,000000,9.28,9.28,9.28,9.28,2,0
FEE,D,20180605,000000,9.28,10.15,9.28,10.15,70,0
FEE,D,20180606,000000,10.1,10.1,9.98,9.98,10,0
FEE,D,20180607,000000,9.98,9.98,9.98,9.98,10,0
FEE,D,20180608,000000,9.98,9.98,9.98,9.98,10,0
FEE,D,20180611,000000,9.98,9.98,9.98,9.98,81,0
FEE,D,20180612,000000,9.98,9.98,9.98,9.98,10,0
FEE,D,20180613,000000,9.98,9.98,9.98,9.98,10,0
FEE,D,20180614,000000,9.98,9.98,9.98,9.98,10,0
FEE,D,20180615,000000,9.98,9.98,9.98,9.98,10,0
FEE,D,20180618,000000,9.98,10,9.98,10,3,0
FEE,D,20180619,000000,10,10,10,10,10,0
FEE,D,20180620,000000,10,10,10,10,10,0
FEE,D,20180621,000000,10,10,10,10,10,0
FEE,D,20180622,000000,10,10,10,10,10,0
FEE,D,20180625,000000,10.5,10.5,10.5,10.5,10,0
FEE,D,20180626,000000,10.5,10.5,10.5,10.5,10,0
FEE,D,20180627,000000,10.5,11,10.5,10.9,60,0
FEE,D,20180628,000000,10.9,10.9,9.82,9.82,95,0
FEE,D,20180629,000000,9.7,9.7,9.7,9.7,10,0
FEE,D,20180702,000000,9.2,9.76,9.2,9.76,1002,0
FEE,D,20180703,000000,9.76,9.76,9.76,9.76,11,0
FEE,D,20180704,000000,10.6,10.6,10.6,10.6,10,0
FEE,D,20180705,000000,10.6,10.6,10.6,10.6,10,0
FEE,D,20180706,000000,10.6,10.6,10.6,10.6,11,0
FEE,D,20180709,000000,10.6,10.6,10.6,10.6,11,0
FEE,D,20180710,000000,10.6,10.6,10.6,10.6,10,0
FEE,D,20180711,000000,10.6,10.6,10.6,10.6,10,0
FEE,D,20180712,000000,10.6,10.6,10.6,10.6,10,0
FEE,D,20180713,000000,10.6,10.6,10,10.6,14,0
FEE,D,20180716,000000,10.6,10.6,10.6,10.6,10,0
FEE,D,20180717,000000,10.6,11.55,10.6,11.45,319,0
FEE,D,20180718,000000,11,11,10,10.95,1605,0
FEE,D,20180719,000000,10.95,10.95,10.05,10.05,54,0
FEE,D,20180720,000000,9.86,9.86,9.86,9.86,195,0
FEE,D,20180723,000000,9.86,10.6,9.86,10.6,2,0
FEE,D,20180724,000000,10.55,10.55,10,10,21,0
FEE,D,20180725,000000,10,10,9.98,9.98,11,0
FEE,D,20180726,000000,10,10,9.5,9.9,1308,0
FEE,D,20180727,000000,9.9,9.9,9.78,9.82,19,0
FEE,D,20180730,000000,9.82,9.98,9.2,9.98,21,0
FEE,D,20180731,000000,9.98,9.98,9.98,9.98,10,0
FEE,D,20180801,000000,10,10,8.12,9.1,1915,0
FEE,D,20180802,000000,8.58,9.08,8.58,9.08,114,0
FEE,D,20180803,000000,9.02,9.04,8.5,8.98,97,0
FEE,D,20180806,000000,8.98,8.98,8.1,8.46,309,0
FEE,D,20180807,000000,8.7,8.7,8.16,8.7,11,0
FEE,D,20180808,000000,8.68,8.68,8,8.48,386,0
FEE,D,20180809,000000,8.4,8.66,8.4,8.66,10,0
FEE,D,20180810,000000,8.38,8.66,7.58,8.56,267,0
FEE,D,20180813,000000,8.54,8.94,8.54,8.94,10,0
FEE,D,20180814,000000,8.9,8.9,7.94,8.7,477,0
FEE,D,20180816,000000,8.82,8.82,7.16,7.88,1069,0
FEE,D,20180817,000000,7.98,8.58,7.98,8.58,10,0
FEE,D,20180820,000000,8.48,8.48,8.48,8.48,16,0
FEE,D,20180821,000000,7.72,8.3,7.5,7.8,2370,0
FEE,D,20180822,000000,7.8,7.8,7,7.3,18584,0
FEE,D,20180823,000000,7.5,8.1,7.06,7.8,25366,0
FEE,D,20180824,000000,7.8,8,7.8,8,20,0
FEE,D,20180827,000000,7.52,8.26,7.52,8,9964,0
FEE,D,20180828,000000,8.3,8.3,8.3,8.3,461,0
FEE,D,20180829,000000,8.78,8.78,8,8,957,0
FEE,D,20180830,000000,8,8.76,8,8.76,10,0
FEE,D,20180831,000000,8.76,8.76,8.76,8.76,10,0
FEE,D,20180903,000000,8.76,8.76,8.26,8.76,13,0
FEE,D,20180904,000000,8.7,8.7,7.98,8.28,178,0
FEE,D,20180905,000000,7.8,8.16,7.28,8.16,395,0
FEE,D,20180906,000000,8.26,8.36,8.26,8.36,10,0
FEE,D,20180907,000000,8.2,8.2,8.2,8.2,1,0
FEE,D,20180910,000000,8.18,8.18,8.18,8.18,10,0
FEE,D,20180911,000000,8.18,8.18,7.7,8.08,625,0
FEE,D,20180912,000000,8.18,8.18,6.76,6.76,710,0
FEE,D,20180913,000000,7.3,7.3,6.08,6.8,2837,0
FEE,D,20180914,000000,7.28,7.28,5.56,5.88,5906,0
FEE,D,20180917,000000,5.94,5.94,5.5,5.5,47229,0
FEE,D,20180918,000000,5.92,5.92,5.86,5.88,2007,0
FEE,D,20180919,000000,5.94,5.94,5.5,5.88,3371,0
FEE,D,20180920,000000,5.94,5.94,5.56,5.56,12,0
FEE,D,20180921,000000,5.94,5.94,5.56,5.88,94,0
FEE,D,20180924,000000,5.94,6.1,5.86,5.9,3250,0
FEE,D,20180925,000000,5.72,6.26,5.72,6.26,1709,0
FEE,D,20180926,000000,6.78,6.78,5.64,5.94,926,0
FEE,D,20180927,000000,6.22,6.26,5.6,6.26,509,0
FEE,D,20180928,000000,6.26,6.26,6.26,6.26,10,0
FEE,D,20181001,000000,6.46,6.46,5.8,6.06,555,0
FEE,D,20181002,000000,6.32,6.32,6.32,6.32,31,0
FEE,D,20181003,000000,6.74,6.74,5.8,6.66,5264,0
FEE,D,20181004,000000,6.66,6.66,6.64,6.64,10,0
FEE,D,20181005,000000,6.64,6.64,6.64,6.64,1,0
FEE,D,20181008,000000,6.6,6.6,6.26,6.26,10,0
FEE,D,20181009,000000,6.62,6.62,6.44,6.44,10,0
FEE,D,20181010,000000,6,6.26,5.8,6,926,0
FEE,D,20181011,000000,6,6,5.8,5.98,3450,0
FEE,D,20181012,000000,5.98,5.98,5.8,5.98,209,0
FEE,D,20181015,000000,5.9,5.9,5.88,5.88,10,0
FEE,D,20181016,000000,5.88,5.9,5.88,5.9,10,0
FEE,D,20181017,000000,5.9,5.9,5.8,5.84,2835,0
FEE,D,20181018,000000,5.84,5.88,5.84,5.88,10,0
FEE,D,20181019,000000,5.92,5.92,5.54,5.9,120,0
FEE,D,20181022,000000,5.78,5.78,5.78,5.78,10,0
FEE,D,20181023,000000,5.78,5.8,5.78,5.8,321,0
FEE,D,20181024,000000,5.8,5.88,5.5,5.8,2731,0
FEE,D,20181025,000000,5.8,5.8,5.8,5.8,196,0
FEE,D,20181026,000000,5.88,5.88,5.5,5.76,513,0
FEE,D,20181029,000000,5.84,5.88,5.26,5.78,35,0
FEE,D,20181030,000000,5.86,5.86,5.48,5.48,399,0
FEE,D,20181031,000000,5.48,5.5,5.1,5.5,395,0
FEE,D,20181102,000000,5.5,5.5,5,5.5,212,0
FEE,D,20181105,000000,5.5,5.88,4.99,5.2,266657,0
FEE,D,20181106,000000,5.2,5.24,5.2,5.2,53000,0
FEE,D,20181107,000000,5.68,5.68,5.2,5.4,1008,0
FEE,D,20181108,000000,5.18,5.18,4.7,5.18,150211,0
FEE,D,20181109,000000,5.16,5.16,5.1,5.1,1283,0
FEE,D,20181113,000000,5.08,5.5,5.08,5.5,1012,0
FEE,D,20181114,000000,5.5,5.5,5.5,5.5,10,0
FEE,D,20181115,000000,5.5,5.5,5.44,5.44,1010,0
FEE,D,20181116,000000,5.44,5.44,5.44,5.44,10,0
FEE,D,20181119,000000,5.4,5.4,5.3,5.3,10,0
FEE,D,20181120,000000,5.4,5.4,5.3,5.3,10,0
FEE,D,20181121,000000,5.4,5.4,5.02,5.36,296,0
FEE,D,20181122,000000,5.3,5.5,5.12,5.38,5661,0
FEE,D,20181123,000000,5.3,5.46,5,5.46,1791,0
FEE,D,20181126,000000,5.38,5.46,5.38,5.46,787,0
FEE,D,20181127,000000,5.4,5.4,5.38,5.38,27,0
FEE,D,20181128,000000,5.42,5.5,5.1,5.48,2414,0
FEE,D,20181129,000000,6.3,6.3,6,6.24,25204,0
FEE,D,20181130,000000,6.32,8,6.32,8,58398,0
FEE,D,20181203,000000,8.2,9.86,8.2,9.86,12593,0
FEE,D,20181204,000000,9.88,10.8,8.92,9.2,20049,0
FEE,D,20181205,000000,8.92,9.8,8.38,9.76,2204,0
FEE,D,20181206,000000,8.9,9.66,8.26,9.38,3968,0
FEE,D,20181207,000000,9.58,9.58,8.4,8.4,3447,0
FEE,D,20181210,000000,8.4,9.14,7.8,8.8,1863,0
FEE,D,20181211,000000,8.8,8.8,7.92,8.8,761,0
FEE,D,20181212,000000,8.1,8.9,7.66,8.9,3074,0
FEE,D,20181213,000000,9.16,9.16,8.5,9,307,0
FEE,D,20181214,000000,9.06,9.06,9.06,9.06,10,0
FEE,D,20181217,000000,9.2,9.2,9.2,9.2,1000,0
FEE,D,20181218,000000,9.2,9.2,9.2,9.2,11,0
FEE,D,20181219,000000,9.18,9.28,9.16,9.28,264,0
FEE,D,20181220,000000,9.48,9.9,9.36,9.36,3614,0
FEE,D,20181221,000000,9.78,9.78,8.84,8.9,516,0
FEE,D,20181227,000000,9.86,9.86,9.86,9.86,10,0
FEE,D,20181228,000000,9.84,9.9,9.48,9.86,2622,0
FEE,D,20190102,000000,10.2,10.2,9.86,9.86,10,0
FEE,D,20190103,000000,9.02,9.84,9.02,9.84,118,0
FEE,D,20190104,000000,9.84,9.84,9.84,9.84,11,0
FEE,D,20190107,000000,9.84,9.84,9,9.48,59,0
FEE,D,20190108,000000,9.84,9.84,9.2,9.2,471,0
FEE,D,20190109,000000,9.52,9.8,9.34,9.8,735,0
FEE,D,20190110,000000,9.86,9.86,9.5,9.8,128,0
FEE,D,20190111,000000,9.86,9.86,9.8,9.8,10,0
FEE,D,20190114,000000,9.86,9.86,9.8,9.8,11,0
FEE,D,20190115,000000,9.86,9.86,9.66,9.66,10,0
FEE,D,20190116,000000,9.86,9.86,8.9,9.58,306,0
FEE,D,20190117,000000,9.84,9.84,9.68,9.68,11,0
FEE,D,20190118,000000,9.78,9.78,9,9.66,738,0
FEE,D,20190121,000000,9.84,9.84,9.6,9.84,93,0
FEE,D,20190122,000000,9.84,9.84,9.74,9.76,11,0
FEE,D,20190123,000000,9.84,9.84,9.4,9.82,110,0
FEE,D,20190124,000000,9.86,9.86,9.3,9.58,408,0
FEE,D,20190125,000000,9.86,9.86,9.58,9.58,11,0
FEE,D,20190128,000000,9.84,9.84,9.48,9.48,11,0
FEE,D,20190129,000000,9.54,9.86,9.3,9.86,1317,0
FEE,D,20190130,000000,9.86,9.86,9.86,9.86,10,0
FEE,D,20190131,000000,9.86,9.86,9.2,9.86,225,0
FEE,D,20190201,000000,9.9,9.9,9.3,9.3,101,0
FEE,D,20190204,000000,9.84,9.84,9.1,9.84,208,0
FEE,D,20190205,000000,9.84,9.84,9.2,9.6,407,0
FEE,D,20190206,000000,9.82,9.82,9.2,9.48,109,0
FEE,D,20190207,000000,9.8,9.8,9.5,9.5,975,0
FEE,D,20190208,000000,9.7,9.7,9.12,9.5,653,0
FEE,D,20190211,000000,9.7,9.7,9.7,9.7,10,0
FEE,D,20190212,000000,9.7,9.7,9.4,9.7,109,0
FEE,D,20190213,000000,9.7,9.7,9.2,9.7,109,0
FEE,D,20190214,000000,9.7,9.7,9.1,9.7,757,0
FEE,D,20190215,000000,9.7,9.7,9.7,9.7,467,0
FEE,D,20190218,000000,9.5,9.5,9.2,9.5,125,0
FEE,D,20190219,000000,9.5,9.7,9.2,9.7,118,0
FEE,D,20190220,000000,9.7,9.7,9.3,9.68,118,0
FEE,D,20190221,000000,9.66,9.66,9.66,9.66,20,0
FEE,D,20190222,000000,9.5,9.5,9.46,9.46,19,0
FEE,D,20190225,000000,9.44,9.44,9.44,9.44,20,0
FEE,D,20190226,000000,9.42,9.7,9.42,9.7,2573,0
FEE,D,20190227,000000,9.7,9.7,9.7,9.7,15,0
FEE,D,20190228,000000,9.7,9.7,9.7,9.7,16,0
FEE,D,20190301,000000,9.7,9.7,9.7,9.7,14,0
FEE,D,20190304,000000,9.7,9.7,9.3,9.3,2017,0
FEE,D,20190305,000000,9.42,9.42,9.42,9.42,11,0
FEE,D,20190306,000000,9.42,9.44,9.1,9.44,1002,0
FEE,D,20190307,000000,9.7,9.7,9.7,9.7,21,0
FEE,D,20190308,000000,9.7,9.7,9.7,9.7,10,0
FEE,D,20190311,000000,9.7,9.7,9.2,9.7,112,0
FEE,D,20190312,000000,9.7,9.7,9.7,9.7,20,0
FEE,D,20190313,000000,9.7,9.7,9.6,9.6,16,0
FEE,D,20190314,000000,9.6,9.6,9.58,9.58,17,0
FEE,D,20190315,000000,9.58,9.58,9.58,9.58,16,0
FEE,D,20190318,000000,9.58,9.58,9.58,9.58,16,0
FEE,D,20190319,000000,9.58,9.58,9.16,9.16,9,0
FEE,D,20190320,000000,9.58,9.58,9.16,9.56,119,0
FEE,D,20190321,000000,9.52,9.52,9.48,9.48,15,0
FEE,D,20190322,000000,9.54,9.54,9.1,9.54,1097,0
FEE,D,20190325,000000,9.1,9.44,9.1,9.44,908,0
FEE,D,20190326,000000,9.44,9.44,9.1,9.44,293,0
FEE,D,20190327,000000,9.44,9.44,9.12,9.42,638,0
FEE,D,20190328,000000,9.3,9.3,9.1,9.1,517,0
FEE,D,20190329,000000,9.26,9.26,9.26,9.26,13,0
FEE,D,20190401,000000,9.26,9.46,9.1,9.1,326,0
FEE,D,20190402,000000,9.54,9.54,9.5,9.5,16,0
FEE,D,20190403,000000,9.58,9.58,9.5,9.5,10,0
FEE,D,20190404,000000,9.5,9.5,9.5,9.5,10,0
FEE,D,20190405,000000,9.5,9.5,9.5,9.5,13,0
FEE,D,20190408,000000,9.5,9.5,9.5,9.5,15,0
FEE,D,20190409,000000,9.5,9.5,9.02,9.02,5301,0
FEE,D,20190410,000000,8.52,9.5,8.52,9.5,1294,0
FEE,D,20190411,000000,9,9,9,9,1600,0
FEE,D,20190412,000000,9,9,9,9,10,0
FEE,D,20190415,000000,8.98,9,8.52,9,9459,0
FEE,D,20190416,000000,9,9,9,9,11,0
FEE,D,20190417,000000,9,9,9,9,10,0
FEE,D,20190418,000000,9,9,9,9,10,0
FEE,D,20190423,000000,9,9,8.52,8.98,304,0
FEE,D,20190424,000000,9,9,9,9,10,0
FEE,D,20190425,000000,9,9,9,9,10,0
FEE,D,20190426,000000,9,9,9,9,11,0
FEE,D,20190429,000000,9,9,9,9,10,0
FEE,D,20190502,000000,8.9,8.9,8.9,8.9,10,0
FEE,D,20190506,000000,8.52,8.52,8.5,8.5,934,0
FEE,D,20190507,000000,8.68,8.68,8.68,8.68,5,0
FEE,D,20190508,000000,8.68,8.68,8.68,8.68,22,0
FEE,D,20190509,000000,8.68,9.46,8.64,9.38,1251,0
FEE,D,20190510,000000,9.4,9.4,9,9.3,4924,0
FEE,D,20190513,000000,9.4,9.4,8.98,8.98,830,0
FEE,D,20190514,000000,9.4,9.4,9.4,9.4,10,0
FEE,D,20190515,000000,9.4,9.4,9.4,9.4,10,0
FEE,D,20190516,000000,9.4,9.4,9.4,9.4,10,0
FEE,D,20190517,000000,9.4,9.4,8.46,8.72,702,0
FEE,D,20190520,000000,9.4,9.4,9.38,9.4,1001,0
FEE,D,20190521,000000,9.4,9.4,9.4,9.4,10,0
FEE,D,20190522,000000,9.4,9.4,9.4,9.4,1,0
FEE,D,20190523,000000,9.4,9.4,9.4,9.4,10,0
FEE,D,20190524,000000,9.4,9.4,9.3,9.3,301,0
FEE,D,20190527,000000,9.4,9.4,9.38,9.38,20,0
FEE,D,20190528,000000,9.38,9.38,9.38,9.38,19,0
FEE,D,20190529,000000,9.38,9.9,9.38,9.9,512,0
FEE,D,20190530,000000,9.98,9.98,9.98,9.98,10,0
FEE,D,20190531,000000,9.44,9.9,9.42,9.88,1145,0
FEE,D,20190603,000000,9.8,9.8,9,9,220,0
FEE,D,20190604,000000,9.8,9.8,9.8,9.8,21,0
FEE,D,20190605,000000,9.78,9.8,9.78,9.8,15,0
FEE,D,20190606,000000,9.8,9.8,9.2,9.8,418,0
FEE,D,20190607,000000,9.8,9.8,9.8,9.8,12,0
FEE,D,20190610,000000,9.8,9.8,9.8,9.8,12,0
FEE,D,20190611,000000,9.8,9.8,9.8,9.8,142,0
FEE,D,20190612,000000,9.7,9.7,9.7,9.7,14,0
FEE,D,20190613,000000,9.7,9.7,9.7,9.7,13,0
FEE,D,20190614,000000,9.7,9.8,9.7,9.8,343,0
FEE,D,20190617,000000,9.7,9.8,9.7,9.8,695,0
FEE,D,20190618,000000,9.78,9.78,9.7,9.78,1334,0
FEE,D,20190619,000000,9.78,9.8,9.78,9.8,1149,0
FEE,D,20190621,000000,9.8,9.8,9.8,9.8,20,0
FEE,D,20190624,000000,9.8,9.8,9.8,9.8,216,0
FEE,D,20190625,000000,9.8,9.8,9.8,9.8,13,0
FEE,D,20190626,000000,9.8,9.8,9.8,9.8,14,0
FEE,D,20190627,000000,9.8,9.8,9.8,9.8,14,0
FEE,D,20190628,000000,9.80,9.80,9.80,9.80,18,0
FEE,D,20190701,000000,9.8,9.8,9.8,9.8,10,0
FEE,D,20190702,000000,9.8,11,9.8,10.25,12426,0
FEE,D,20190703,000000,10.3,10.3,10.3,10.3,24,0
FEE,D,20190704,000000,10.3,10.3,10.3,10.3,10,0
FEE,D,20190705,000000,10.3,10.3,10.3,10.3,10,0
FEE,D,20190708,000000,10.3,10.3,10.3,10.3,10,0
FEE,D,20190709,000000,10.3,10.3,10.3,10.3,10,0
FEE,D,20190710,000000,10.3,10.95,10.25,10.95,2831,0
FEE,D,20190711,000000,10.9,10.9,10.25,10.7,2242,0
FEE,D,20190712,000000,10.7,10.7,10.7,10.7,10,0
FEE,D,20190715,000000,10.7,10.7,10.7,10.7,10,0
FEE,D,20190716,000000,10.7,10.7,10.7,10.7,10,0
FEE,D,20190717,000000,10.6,10.6,10.6,10.6,337,0
FEE,D,20190718,000000,9.92,10.7,9.92,10.7,304,0
FEE,D,20190719,000000,10.7,10.7,10.7,10.7,10,0
FEE,D,20190722,000000,10.7,10.7,10.7,10.7,11,0
FEE,D,20190723,000000,10.7,10.7,10.7,10.7,11,0
FEE,D,20190724,000000,10.7,10.7,10.4,10.7,731,0
FEE,D,20190725,000000,10.7,10.7,10.7,10.7,12,0
FEE,D,20190726,000000,10.7,10.7,10.7,10.7,12,0
FEE,D,20190729,000000,10.7,10.7,10.7,10.7,11,0
FEE,D,20190730,000000,10.7,10.7,10.7,10.7,11,0
FEE,D,20190731,000000,10.7,10.7,10.7,10.7,11,0
FEE,D,20190801,000000,10.7,10.7,10.6,10.6,12,0
FEE,D,20190802,000000,10.3,10.6,10.3,10.6,200,0
FEE,D,20190805,000000,10.6,10.6,10.05,10.05,711,0
FEE,D,20190806,000000,10.55,10.55,10.3,10.3,14,0
FEE,D,20190807,000000,10.3,10.35,10.3,10.35,160,0
FEE,D,20190808,000000,10.2,10.2,10.2,10.2,12,0
FEE,D,20190809,000000,10.2,10.2,10.2,10.2,11,0
FEE,D,20190812,000000,10.2,10.2,10.2,10.2,11,0
FEE,D,20190813,000000,10.2,10.65,10.2,10.65,502,0
FEE,D,20190814,000000,10.7,10.7,10.7,10.7,2,0
FEE,D,20190816,000000,10.7,10.7,10.7,10.7,11,0
FEE,D,20190819,000000,10.7,10.7,10.15,10.6,932,0
FEE,D,20190820,000000,10.6,10.6,10.6,10.6,10,0
FEE,D,20190821,000000,10.6,10.6,10.6,10.6,11,0
FEE,D,20190822,000000,10.6,10.6,10.6,10.6,11,0
FEE,D,20190823,000000,10.6,10.6,10.6,10.6,11,0
FEE,D,20190826,000000,10.6,10.6,10.6,10.6,11,0
FEE,D,20190827,000000,10.6,10.6,10.55,10.6,10,0
FEE,D,20190828,000000,10.6,10.6,10.3,10.6,203,0
FEE,D,20190829,000000,10.6,10.6,10.6,10.6,10,0
FEE,D,20190830,000000,10.6,10.6,9.96,10,2288,0
FEE,D,20190902,000000,10.7,10.7,9.98,9.98,10,0
FEE,D,20190903,000000,9.98,9.98,9.98,9.98,10,0
FEE,D,20190904,000000,9.98,9.98,9.98,9.98,10,0
FEE,D,20190905,000000,9.98,9.98,9.98,9.98,11,0
FEE,D,20190906,000000,10,10,10,10,10,0
FEE,D,20190909,000000,10,10,10,10,48,0
FEE,D,20190910,000000,10,10,10,10,10,0
FEE,D,20190911,000000,10,10,10,10,10,0
FEE,D,20190912,000000,9.62,9.98,9.62,9.98,364,0
FEE,D,20190913,000000,9.98,9.98,9.98,9.98,20,0
FEE,D,20190916,000000,9.98,9.98,9.9,9.94,11,0
FEE,D,20190917,000000,9.94,9.94,9.86,9.86,10,0
FEE,D,20190918,000000,9.86,9.86,9.82,9.82,10,0
FEE,D,20190919,000000,9.82,9.82,9.82,9.82,12,0
FEE,D,20190920,000000,9.82,9.84,9.82,9.84,10,0
FEE,D,20190923,000000,9.84,9.86,9.58,9.86,862,0
FEE,D,20190924,000000,9.92,10.6,9.92,10,696,0
FEE,D,20190925,000000,10.6,10.6,9.86,10.2,257,0
FEE,D,20190926,000000,10.6,10.6,10,10.6,10,0
FEE,D,20190927,000000,10.6,10.7,9.6,9.96,672,0
FEE,D,20190930,000000,10.7,10.7,9.96,9.96,84,0
FEE,D,20191001,000000,10.9,10.9,9.9,10.85,305,0
FEE,D,20191002,000000,10.85,10.85,10.85,10.85,10,0
FEE,D,20191003,000000,10.85,10.85,10.85,10.85,10,0
FEE,D,20191004,000000,10.8,10.85,10.15,10.85,1227,0
FEE,D,20191007,000000,10.75,10.9,10,10.45,1184,0
FEE,D,20191008,000000,10.9,10.9,10.9,10.9,10,0
FEE,D,20191009,000000,10.9,10.9,10.9,10.9,10,0
FEE,D,20191010,000000,10.9,11.8,10,10.3,6707,0
FEE,D,20191011,000000,10.35,11.3,10.35,11.3,98,0
FEE,D,20191014,000000,11,12.1,11,11.8,1327,0
FEE,D,20191015,000000,12,12,11.65,11.95,867,0
FEE,D,20191016,000000,12,13,11.75,13,5569,0
FEE,D,20191017,000000,12.05,13.25,12,13.25,1023,0
FEE,D,20191018,000000,12.9,12.9,12.5,12.85,1401,0
FEE,D,20191021,000000,12.55,12.85,12.55,12.85,10,0
FEE,D,20191022,000000,12.6,12.6,12.6,12.6,10,0
FEE,D,20191023,000000,12.6,12.6,12,12.6,720,0
FEE,D,20191024,000000,12.6,12.6,12.6,12.6,16,0
FEE,D,20191025,000000,12.6,12.6,11.85,12.6,2807,0
FEE,D,20191028,000000,12.6,12.6,12.6,12.6,10,0
FEE,D,20191029,000000,12.55,12.6,11.8,12.45,2362,0
FEE,D,20191030,000000,12.45,12.5,12.25,12.5,1543,0
FEE,D,20191031,000000,12.5,12.5,12.5,12.5,10,0
FEE,D,20191104,000000,12.5,12.5,12.4,12.5,1786,0
FEE,D,20191105,000000,12.5,12.5,12.4,12.5,282,0
FEE,D,20191106,000000,12.5,12.5,12.5,12.5,308,0
FEE,D,20191107,000000,12.4,12.5,11.85,12.5,1870,0
FEE,D,20191108,000000,12.5,12.5,12.5,12.5,10,0
FEE,D,20191112,000000,12.5,12.5,12.5,12.5,10,0
FEE,D,20191113,000000,12.5,12.5,12.5,12.5,10,0
FEE,D,20191114,000000,12.5,12.5,12.5,12.5,10,0
FEE,D,20191115,000000,12.5,12.5,11.9,12.5,116,0
FEE,D,20191118,000000,12.5,12.5,12.5,12.5,10,0
FEE,D,20191119,000000,12.5,12.5,12.3,12.5,62,0
FEE,D,20191120,000000,12.5,12.5,12.5,12.5,1,0
FEE,D,20191121,000000,12.5,12.5,12.5,12.5,11,0
FEE,D,20191122,000000,12.5,12.5,12.5,12.5,10,0
FEE,D,20191125,000000,12.5,12.5,12.5,12.5,10,0
FEE,D,20191126,000000,12.5,12.5,12.5,12.5,10,0
FEE,D,20191127,000000,12.5,12.5,12.5,12.5,10,0
FEE,D,20191128,000000,12.5,12.5,12.5,12.5,10,0
FEE,D,20191129,000000,12.5,12.5,12.45,12.45,10,0
FEE,D,20191202,000000,12.85,12.85,12.5,12.5,307,0
FEE,D,20191203,000000,12.7,12.7,12.45,12.7,16,0
FEE,D,20191204,000000,12.7,12.7,12.7,12.7,10,0
FEE,D,20191205,000000,12.7,12.7,12.35,12.7,408,0
FEE,D,20191206,000000,12.7,12.7,12.7,12.7,10,0
FEE,D,20191209,000000,12.7,12.7,12.2,12.7,14,0
FEE,D,20191210,000000,12.7,12.7,12.7,12.7,10,0
FEE,D,20191211,000000,12.7,12.85,12.7,12.85,32,0
FEE,D,20191212,000000,12.85,12.85,12.85,12.85,1,0
FEE,D,20191213,000000,12.85,12.85,12.6,12.85,1163,0
FEE,D,20191216,000000,12.85,12.85,12.75,12.75,10,0
FEE,D,20191217,000000,12.75,12.75,12.75,12.75,10,0
FEE,D,20191218,000000,12.75,12.75,12.75,12.75,11,0
FEE,D,20191219,000000,12.75,12.75,12.25,12.75,387,0
FEE,D,20191220,000000,12.75,12.75,12.2,12.75,207,0
FEE,D,20191223,000000,12.7,12.75,12.7,12.7,699,0
FEE,D,20191227,000000,12.7,12.7,12.7,12.7,10,0
FEE,D,20191230,000000,12.7,12.7,12.5,12.7,32,0
FEE,D,20200102,000000,12.1,12.65,12.1,12.65,603,0
FEE,D,20200107,000000,12.65,12.65,12.05,12.65,21,0
FEE,D,20200108,000000,12.65,12.65,12.65,12.65,20,0
FEE,D,20200109,000000,12.65,12.65,12.65,12.65,16,0
FEE,D,20200110,000000,12.65,12.65,12.65,12.65,15,0
FEE,D,20200113,000000,12.65,12.65,12.65,12.65,10,0
FEE,D,20200114,000000,12.65,12.65,12.65,12.65,10,0
FEE,D,20200115,000000,12.65,12.65,12.65,12.65,10,0
FEE,D,20200116,000000,12.65,12.65,12.15,12.65,102,0
FEE,D,20200117,000000,12.65,12.65,11.6,12.65,601,0
FEE,D,20200120,000000,12.65,12.65,12.65,12.65,10,0
FEE,D,20200121,000000,12.65,12.65,12.05,12.5,309,0
FEE,D,20200122,000000,12.5,12.5,12.2,12.5,110,0
FEE,D,20200123,000000,12.45,12.45,12.45,12.45,170,0
FEE,D,20200124,000000,12.45,12.5,12.45,12.5,510,0
FEE,D,20200127,000000,12.5,12.5,12.1,12.5,2009,0
FEE,D,20200128,000000,12.5,12.5,11.85,12.35,2008,0
FEE,D,20200129,000000,12.35,12.45,12.1,12.45,1509,0
FEE,D,20200130,000000,12.4,13.1,12.4,12.95,3785,0
FEE,D,20200131,000000,12.85,12.85,12.4,12.8,982,0
FEE,D,20200203,000000,12.85,13.05,12.8,13.05,1336,0
FEE,D,20200204,000000,13.05,13.05,12.6,13.05,640,0
FEE,D,20200205,000000,13.05,13.05,13.05,13.05,5,0
FEE,D,20200206,000000,13.05,13.05,12.8,13.05,1033,0
FEE,D,20200207,000000,13,13,13,13,10,0
FEE,D,20200210,000000,12.95,12.95,12.95,12.95,11,0
FEE,D,20200211,000000,12.95,12.95,12.75,12.75,11,0
FEE,D,20200212,000000,12.8,13.15,12.75,13.15,1866,0
FEE,D,20200213,000000,14.45,14.45,13.3,13.6,22,0
FEE,D,20200214,000000,13.85,13.85,13.45,13.45,109,0
FEE,D,20200217,000000,13.45,13.45,13.45,13.45,10,0
FEE,D,20200218,000000,13.45,13.45,13.45,13.45,10,0
FEE,D,20200219,000000,13.45,13.85,12.15,12.5,452,0
FEE,D,20200220,000000,13.2,13.65,13.1,13.6,117,0
FEE,D,20200221,000000,13,13.6,12.65,12.65,1113,0
FEE,D,20200224,000000,12.95,13.05,12.55,13.05,355,0
FEE,D,20200225,000000,13.5,13.55,13.05,13.55,124,0
FEE,D,20200226,000000,13.55,13.55,13.55,13.55,10,0
FEE,D,20200227,000000,13.5,13.5,12.5,13.15,217,0
FEE,D,20200228,000000,12.1,12.5,12.1,12.5,1535,0
FEE,D,20200302,000000,12.15,13.25,12.15,12.9,176,0
FEE,D,20200303,000000,13.15,13.15,13.15,13.15,1,0
FEE,D,20200304,000000,13.15,13.3,12.35,13.3,297,0
FEE,D,20200305,000000,12.75,12.75,12.75,12.75,12,0
FEE,D,20200306,000000,13.15,13.15,13.15,13.15,10,0
FEE,D,20200309,000000,13.15,13.15,11.5,12.9,1348,0
FEE,D,20200310,000000,12.75,12.75,11.9,12.7,62,0
FEE,D,20200311,000000,12.75,12.75,12.75,12.75,1,0
FEE,D,20200312,000000,12.75,12.75,12.75,12.75,1,0
FEE,D,20200313,000000,12.75,12.75,11.55,12.5,52,0
FEE,D,20200316,000000,12.5,12.5,11,11,301,0
FEE,D,20200317,000000,11.05,11.05,9.96,11,387,0
FEE,D,20200318,000000,11.05,11.5,11.05,11.5,159,0
FEE,D,20200319,000000,11.5,11.5,11.5,11.5,11,0
FEE,D,20200320,000000,11.5,12.45,11.5,12.45,43,0
FEE,D,20200323,000000,12.4,12.4,11.5,12,130,0
FEE,D,20200324,000000,12.2,12.25,11.3,12.25,723,0
FEE,D,20200325,000000,12.2,12.25,12.2,12.25,2,0
FEE,D,20200326,000000,12,12,12,12,4,0
FEE,D,20200327,000000,12.25,12.25,12.1,12.1,701,0
FEE,D,20200330,000000,11.9,11.9,11.9,11.9,5,0
FEE,D,20200331,000000,11.9,12,11,12,105,0
FEE,D,20200401,000000,12.45,12.45,12.45,12.45,5,0
FEE,D,20200402,000000,12.45,12.45,12.3,12.3,6,0
FEE,D,20200403,000000,12.3,12.3,12.3,12.3,6,0
FEE,D,20200406,000000,12.45,12.45,12,12,7,0
FEE,D,20200407,000000,12.4,12.4,11.55,12.25,60,0
FEE,D,20200408,000000,12.4,12.4,12.35,12.35,8,0
FEE,D,20200409,000000,12.4,12.4,11.95,11.95,10,0
FEE,D,20200414,000000,11.95,11.95,11.25,11.95,22,0
FEE,D,20200415,000000,11.95,11.95,11.95,11.95,10,0
FEE,D,20200416,000000,11.85,12,11.55,11.95,43,0
FEE,D,20200417,000000,11.95,11.95,11.95,11.95,11,0
FEE,D,20200420,000000,12.35,12.35,12.35,12.35,2,0
FEE,D,20200421,000000,11.5,11.5,10.55,11.5,331,0
FEE,D,20200422,000000,11.45,11.5,11.45,11.5,10,0
FEE,D,20200423,000000,11,11.5,11,11.5,164,0
FEE,D,20200424,000000,11.5,11.5,11,11.5,285,0
FEE,D,20200427,000000,11.5,11.5,11.5,11.5,10,0
FEE,D,20200428,000000,11.5,11.5,11,11.45,138,0
FEE,D,20200429,000000,11.45,11.45,11.45,11.45,10,0
FEE,D,20200430,000000,11.45,11.45,11.35,11.35,16,0
FEE,D,20200504,000000,11.35,11.35,11.3,11.3,10,0
FEE,D,20200505,000000,11.25,11.25,11.2,11.2,11,0
FEE,D,20200506,000000,11.4,11.4,11.25,11.3,12,0
FEE,D,20200507,000000,11.45,11.45,11.2,11.2,10,0
FEE,D,20200508,000000,11.45,11.45,11.45,11.45,10,0
FEE,D,20200511,000000,11.5,12,11.3,12,704,0
FEE,D,20200512,000000,11.8,12.3,11.2,12.3,68,0
FEE,D,20200513,000000,12.3,12.3,11.55,11.95,51,0
FEE,D,20200514,000000,11.9,12.3,11.9,12.3,48,0
FEE,D,20200515,000000,12.3,12.3,12.25,12.25,10,0
FEE,D,20200518,000000,12.25,12.25,12.25,12.25,10,0
FEE,D,20200519,000000,12.25,12.25,11.2,12.25,82,0
FEE,D,20200520,000000,12.45,13.5,12.45,12.95,5948,0
FEE,D,20200521,000000,13.15,13.15,12.9,12.9,14,0
FEE,D,20200522,000000,12.9,12.9,11.75,12.65,202,0
FEE,D,20200525,000000,12.45,12.45,12.35,12.35,49,0
FEE,D,20200526,000000,12.35,12.35,11.95,11.95,64,0
FEE,D,20200527,000000,12.2,12.2,12.05,12.15,92,0
FEE,D,20200528,000000,12.35,13,12.35,12.8,137,0
FEE,D,20200529,000000,12.8,12.8,12.7,12.7,58,0
FEE,D,20200601,000000,12.9,12.9,12.4,12.4,388,0
FEE,D,20200602,000000,12.8,12.8,12.7,12.7,34,0
FEE,D,20200603,000000,13.2,13.2,12.1,12.6,91,0
FEE,D,20200604,000000,12.15,12.6,12.15,12.6,584,0
FEE,D,20200605,000000,12.6,12.6,12.3,12.3,270,0
FEE,D,20200608,000000,12.7,12.7,12.7,12.7,29,0
FEE,D,20200609,000000,13.3,13.3,13.2,13.2,10,0
FEE,D,20200610,000000,13.2,13.2,12,13.2,1254,0
FEE,D,20200612,000000,13.2,13.2,13.15,13.15,11,0
FEE,D,20200615,000000,13,13,12.3,13,1009,0
FEE,D,20200616,000000,13,13.2,12.45,12.85,960,0
FEE,D,20200617,000000,13.2,13.75,12.75,12.75,471,0
FEE,D,20200618,000000,13.5,13.5,12.15,13.5,249,0
FEE,D,20200619,000000,13.5,13.5,13.45,13.45,11,0
FEE,D,20200622,000000,13.45,13.45,12.3,13.35,1296,0
FEE,D,20200623,000000,12.8,13.35,12.8,13.35,1523,0
FEE,D,20200624,000000,12.9,12.9,12.2,12.85,564,0
FEE,D,20200625,000000,13.35,13.35,12.3,12.3,182,0
FEE,D,20200626,000000,12.9,12.9,12.85,12.85,10,0
FEE,D,20200629,000000,13.2,13.2,13.1,13.15,90,0
FEE,D,20200630,000000,13.25,13.25,12.5,13.25,302,0
FEE,D,20200701,000000,13.25,13.8,13,13.55,1080,0
FEE,D,20200702,000000,13.8,14,13.35,13.95,1573,0
FEE,D,20200703,000000,13.6,13.6,13.2,13.4,2241,0
FEE,D,20200706,000000,13.2,13.8,12.8,13.8,347,0
FEE,D,20200707,000000,13.4,13.4,13,13,1671,0
FEE,D,20200708,000000,13.55,13.55,13,13.25,207,0
FEE,D,20200709,000000,13.25,13.25,13.25,13.25,88,0
FEE,D,20200710,000000,13.25,13.5,12.15,12.15,1028,0
