<TICKER>,<PER>,<DATE>,<TIME>,<OPEN>,<HIGH>,<LOW>,<CLOSE>,<VOL>,<OPENINT>
FGT,D,20141106,000000,39.7,39.7,35.49,37.05,2023,0
FGT,D,20141107,000000,37.1,39.45,37.04,37.1,1158,0
FGT,D,20141110,000000,37.3,38.98,37,37.1,581,0
FGT,D,20141112,000000,37.1,38.08,36.7,37.85,267,0
FGT,D,20141113,000000,38,38,37.79,37.79,195,0
FGT,D,20141114,000000,37.8,38.1,37.03,37.03,903,0
FGT,D,20141117,000000,38.39,38.39,36.8,38,64,0
FGT,D,20141118,000000,37,37,36.66,36.75,170,0
FGT,D,20141119,000000,36.7,36.8,36.65,36.8,111,0
FGT,D,20141120,000000,36.8,36.8,36.8,36.8,2,0
FGT,D,20141121,000000,36.6,36.6,36.1,36.1,182,0
FGT,D,20141124,000000,36.1,36.5,32.86,34,635,0
FGT,D,20141125,000000,33.94,33.94,27.7,27.7,615,0
FGT,D,20141126,000000,28.99,28.99,23,23.47,920,0
FGT,D,20141127,000000,23,23,20.8,21.5,1484,0
FGT,D,20141128,000000,20.9,25.26,20.9,25.26,734,0
FGT,D,20141201,000000,26.95,26.95,25.4,26.45,118,0
FGT,D,20141202,000000,26.45,26.75,25,25,174,0
FGT,D,20141203,000000,26.2,26.2,25.9,25.9,278,0
FGT,D,20141204,000000,28.1,28.1,26.5,27,480,0
FGT,D,20141205,000000,27.5,27.5,26.5,27.5,58,0
FGT,D,20141208,000000,27.5,27.5,27.35,27.35,2,0
FGT,D,20141209,000000,27.5,27.5,27.5,27.5,4,0
FGT,D,20141210,000000,27.4,27.4,25.1,25.1,51,0
FGT,D,20141211,000000,27.5,27.5,27,27,3,0
FGT,D,20141212,000000,27.5,27.5,27.5,27.5,10,0
FGT,D,20141215,000000,26.23,26.23,26.23,26.23,20,0
FGT,D,20141216,000000,27.2,27.2,25.81,25.81,48,0
FGT,D,20141217,000000,27.2,27.2,25.05,27.19,233,0
FGT,D,20141218,000000,27.19,27.19,27.19,27.19,1,0
FGT,D,20141219,000000,27.19,27.19,27.19,27.19,2,0
FGT,D,20141222,000000,27,27,27,27,1,0
FGT,D,20141223,000000,27.19,27.19,27.19,27.19,11,0
FGT,D,20141229,000000,27,27,25.26,25.26,8,0
FGT,D,20141230,000000,26.9,26.9,26.9,26.9,1,0
FGT,D,20150102,000000,28.4,28.4,28.4,28.4,1,0
FGT,D,20150105,000000,28.3,28.3,28.29,28.29,3,0
FGT,D,20150107,000000,28,28,28,28,2,0
FGT,D,20150108,000000,24.6,26.77,24.6,26.77,271,0
FGT,D,20150109,000000,26.8,26.8,26,26.8,24,0
FGT,D,20150112,000000,25,25,25,25,112,0
FGT,D,20150113,000000,25.5,25.5,25.49,25.49,2,0
FGT,D,20150114,000000,25.5,26,25.5,26,327,0
FGT,D,20150115,000000,26,26,25.34,25.34,44,0
FGT,D,20150116,000000,26,26,26,26,2,0
FGT,D,20150119,000000,26,26,26,26,1,0
FGT,D,20150120,000000,26,26,26,26,2,0
FGT,D,20150121,000000,26,26,26,26,1,0
FGT,D,20150122,000000,26,26,25.9,25.9,3,0
FGT,D,20150123,000000,25.9,25.9,25.9,25.9,3,0
FGT,D,20150126,000000,25.7,25.7,25.7,25.7,2,0
FGT,D,20150127,000000,25.7,25.7,25.7,25.7,1,0
FGT,D,20150128,000000,25,25,22.55,23.9,1252,0
FGT,D,20150129,000000,23.9,23.9,22,23.9,7,0
FGT,D,20150130,000000,24.8,24.8,24.8,24.8,1,0
FGT,D,20150202,000000,24.5,24.5,23.14,24.49,4,0
FGT,D,20150203,000000,24.49,24.5,24.49,24.5,2,0
FGT,D,20150204,000000,24.49,24.49,23.69,23.69,201,0
FGT,D,20150205,000000,24.49,24.49,23.4,23.4,17,0
FGT,D,20150206,000000,23,23,22.51,22.99,26,0
FGT,D,20150209,000000,22.99,22.99,20.8,22.9,261,0
FGT,D,20150210,000000,22.9,23.9,22.8,23.9,501,0
FGT,D,20150211,000000,23.8,23.8,22,23.8,18,0
FGT,D,20150212,000000,23.8,23.8,21.72,23.68,205,0
FGT,D,20150213,000000,23.8,23.8,22.25,23.1,166,0
FGT,D,20150216,000000,23.1,23.1,23.1,23.1,1,0
FGT,D,20150217,000000,23,23,23,23,10,0
FGT,D,20150218,000000,22.69,22.69,22.69,22.69,3,0
FGT,D,20150219,000000,22.69,23.1,22.1,23.1,443,0
FGT,D,20150220,000000,23.7,28,23.7,28,950,0
FGT,D,20150223,000000,28,32.15,28,32.15,739,0
FGT,D,20150224,000000,32.1,36,32.1,36,136,0
FGT,D,20150225,000000,36,36,35.44,35.9,485,0
FGT,D,20150226,000000,35.9,35.9,32.65,35.5,28,0
FGT,D,20150227,000000,35.5,35.5,35.5,35.5,282,0
FGT,D,20150302,000000,35,35,35,35,4,0
FGT,D,20150303,000000,35,35,31,31,115,0
FGT,D,20150304,000000,34,34,32.5,34,768,0
FGT,D,20150305,000000,35,35,34.9,34.9,25,0
FGT,D,20150306,000000,35,35,35,35,2,0
FGT,D,20150309,000000,34.5,34.5,34.5,34.5,2,0
FGT,D,20150310,000000,35,35,33.5,33.5,6,0
FGT,D,20150311,000000,34.05,34.5,34.05,34.5,2,0
FGT,D,20150312,000000,34,34,34,34,1,0
FGT,D,20150313,000000,35,35,35,35,2,0
FGT,D,20150316,000000,34.5,34.5,34.5,34.5,1,0
FGT,D,20150317,000000,35,35,35,35,3,0
FGT,D,20150318,000000,34.5,34.5,34.5,34.5,27,0
FGT,D,20150319,000000,34.5,34.5,34.5,34.5,1,0
FGT,D,20150320,000000,32,34.5,32,33,47,0
FGT,D,20150323,000000,33,33,33,33,60,0
FGT,D,20150324,000000,33,33,33,33,2,0
FGT,D,20150325,000000,33,33,31.22,32.47,75,0
FGT,D,20150326,000000,33,33,33,33,1,0
FGT,D,20150327,000000,33,33,33,33,2,0
FGT,D,20150330,000000,31,31,31,31,28,0
FGT,D,20150331,000000,33,33,32,32,31,0
FGT,D,20150401,000000,33,33,33,33,1,0
FGT,D,20150407,000000,33,33,33,33,1,0
FGT,D,20150409,000000,32,32,32,32,270,0
FGT,D,20150410,000000,32,33,32,33,365,0
FGT,D,20150413,000000,33,33,32.85,33,359,0
FGT,D,20150414,000000,33,33,33,33,1,0
FGT,D,20150415,000000,33,33,31.8,31.8,22,0
FGT,D,20150416,000000,33,33,31.95,32.9,25,0
FGT,D,20150417,000000,32,32,31.01,32,149,0
FGT,D,20150420,000000,33,33,31.24,31.24,243,0
FGT,D,20150421,000000,32,32,32,32,3,0
FGT,D,20150422,000000,31,31,29,29,272,0
FGT,D,20150423,000000,31.5,31.5,31.5,31.5,1,0
FGT,D,20150424,000000,31.5,31.5,31.5,31.5,1,0
FGT,D,20150427,000000,31.5,31.5,31.5,31.5,1,0
FGT,D,20150428,000000,31.5,31.5,30,30,312,0
FGT,D,20150429,000000,31.5,31.5,30.14,30.14,26,0
FGT,D,20150430,000000,31.5,31.5,31.1,31.1,6,0
FGT,D,20150504,000000,29,29.5,29,29.5,111,0
FGT,D,20160208,000000,28.99,28.99,28.99,28.99,2,0
FGT,D,20160226,000000,28.89,28.89,28.89,28.89,50,0
FGT,D,20160229,000000,28.9,28.9,28.5,28.5,11,0
FGT,D,20160302,000000,28,28,28,28,10,0
FGT,D,20160310,000000,25,25,25,25,5,0
FGT,D,20160311,000000,25,25,25,25,2,0
FGT,D,20160316,000000,24.9,24.9,24.9,24.9,5,0
FGT,D,20160317,000000,22,22,22,22,10,0
FGT,D,20160318,000000,22,22,22,22,5,0
FGT,D,20160321,000000,21.9,21.9,21.9,21.9,5,0
FGT,D,20160322,000000,21,21,21,21,5,0
FGT,D,20160323,000000,20.85,20.85,20.85,20.85,5,0
FGT,D,20160329,000000,20.85,20.85,20.85,20.85,7,0
FGT,D,20160401,000000,22,22,22,22,19,0
FGT,D,20160404,000000,21.99,21.99,21.99,21.99,10,0
FGT,D,20160428,000000,19.79,19.79,19.7,19.7,35,0
FGT,D,20160429,000000,19.7,19.7,19.7,19.7,100,0
FGT,D,20160502,000000,17.73,17.73,17.52,17.52,77,0
FGT,D,20160504,000000,17.52,17.52,17.52,17.52,10,0
