<TICKER>,<PER>,<DATE>,<TIME>,<OPEN>,<HIGH>,<LOW>,<CLOSE>,<VOL>,<OPENINT>
FMG,D,20091202,000000,821.67,1073,620.6,676.67,729,0
FMG,D,20091203,000000,715.33,858.4,483.33,591.6,390,0
FMG,D,20091204,000000,562.6,580,502.67,508.47,69,0
FMG,D,20091207,000000,489.13,493,450.47,493,33,0
FMG,D,20091208,000000,471.73,483.33,425.33,446.6,61,0
FMG,D,20091209,000000,427.27,460.13,396.33,396.33,121,0
FMG,D,20091210,000000,378.93,462.07,378.93,462.07,87,0
FMG,D,20091211,000000,452.4,452.4,402.13,435,30,0
FMG,D,20091214,000000,413.73,413.73,406,406,8,0
FMG,D,20091215,000000,396.33,417.6,390.53,394.4,18,0
FMG,D,20091216,000000,425.33,462.07,371.2,462.07,72,0
FMG,D,20091217,000000,390.53,436.93,390.53,396.33,11,0
FMG,D,20091218,000000,396.33,407.93,373.13,384.73,19,0
FMG,D,20091221,000000,380.87,396.33,377,396.33,10,0
FMG,D,20091222,000000,378.93,406,377,406,2,0
FMG,D,20091223,000000,377,386.67,377,377,18,0
FMG,D,20091228,000000,386.67,386.67,351.87,351.87,48,0
FMG,D,20091229,000000,353.8,353.8,353.8,353.8,1,0
FMG,D,20091230,000000,353.8,367.33,349.93,367.33,9,0
FMG,D,20091231,000000,377,382.8,377,382.8,1,0
FMG,D,20100106,000000,348,357.67,338.33,342.2,35,0
FMG,D,20100107,000000,330.6,355.73,328.67,355.73,8,0
FMG,D,20100108,000000,365.4,365.4,348,355.73,5,0
FMG,D,20100111,000000,349.93,349.93,320.93,349.93,2,0
FMG,D,20100112,000000,338.33,342.2,338.33,342.2,6,0
FMG,D,20100113,000000,342.2,346.07,334.47,340.27,69,0
FMG,D,20100114,000000,340.27,344.13,340.27,344.13,110,0
FMG,D,20100115,000000,344.13,344.13,330.6,344.13,94,0
FMG,D,20100118,000000,338.33,394.4,338.33,394.4,39,0
FMG,D,20100119,000000,396.33,464,392.47,392.47,74,0
FMG,D,20100120,000000,367.33,367.33,355.73,367.33,48,0
FMG,D,20100121,000000,388.6,394.4,355.73,394.4,15,0
FMG,D,20100122,000000,396.33,440.8,377,406,134,0
FMG,D,20100125,000000,406,406,367.33,386.67,94,0
FMG,D,20100126,000000,384.73,386.67,380.87,386.67,37,0
FMG,D,20100127,000000,386.67,386.67,386.67,386.67,11,0
FMG,D,20100128,000000,380.87,380.87,378.93,380.87,9,0
FMG,D,20100129,000000,406,413.73,396.33,406,30,0
FMG,D,20100201,000000,423.4,452.4,423.4,444.67,70,0
FMG,D,20100202,000000,460.13,496.87,444.67,496.87,89,0
FMG,D,20100203,000000,510.4,674.73,510.4,591.6,367,0
FMG,D,20100204,000000,591.6,663.13,551,551,299,0
FMG,D,20100205,000000,578.07,607.07,502.67,580,103,0
FMG,D,20100208,000000,618.67,632.2,537.47,537.47,125,0
FMG,D,20100209,000000,551,638,543.27,609,272,0
FMG,D,20100210,000000,620.6,655.4,560.67,609,169,0
FMG,D,20100211,000000,595.47,607.07,483.33,518.13,260,0
FMG,D,20100212,000000,529.73,531.67,483.33,512.33,79,0
FMG,D,20100215,000000,512.33,525.87,512.33,525.87,15,0
FMG,D,20100216,000000,520.07,520.07,452.4,454.33,25,0
FMG,D,20100217,000000,444.67,483.33,444.67,481.4,23,0
FMG,D,20100218,000000,477.53,479.47,446.6,473.67,14,0
FMG,D,20100222,000000,473.67,502.67,473.67,502.67,1,0
FMG,D,20100223,000000,446.6,483.33,402.13,471.73,12,0
FMG,D,20100224,000000,467.87,467.87,467.87,467.87,2,0
FMG,D,20100225,000000,446.6,446.6,444.67,444.67,5,0
FMG,D,20100226,000000,464,483.33,464,483.33,11,0
FMG,D,20100301,000000,464,481.4,464,481.4,3,0
FMG,D,20100302,000000,444.67,464,431.13,454.33,10,0
FMG,D,20100304,000000,444.67,454.33,435,435,4,0
FMG,D,20100305,000000,477.53,481.4,464,479.47,11,0
FMG,D,20100309,000000,450.47,450.47,444.67,450.47,8,0
FMG,D,20100310,000000,444.67,444.67,429.2,429.2,6,0
FMG,D,20100311,000000,429.2,444.67,419.53,444.67,9,0
FMG,D,20100312,000000,429.2,444.67,417.6,444.67,16,0
FMG,D,20100315,000000,419.53,435,409.87,429.2,16,0
FMG,D,20100316,000000,417.6,438.87,415.67,438.87,13,0
FMG,D,20100317,000000,415.67,448.53,415.67,448.53,19,0
FMG,D,20100318,000000,431.13,450.47,398.27,450.47,27,0
FMG,D,20100319,000000,446.6,446.6,419.53,444.67,7,0
FMG,D,20100322,000000,409.87,452.4,402.13,402.13,9,0
FMG,D,20100323,000000,415.67,415.67,402.13,404.07,2,0
FMG,D,20100324,000000,415.67,415.67,402.13,402.13,2,0
FMG,D,20100325,000000,415.67,415.67,415.67,415.67,9,0
FMG,D,20100326,000000,423.4,435,390.53,431.13,12,0
FMG,D,20100329,000000,396.33,415.67,392.47,402.13,8,0
FMG,D,20100330,000000,421.47,421.47,421.47,421.47,0,0
FMG,D,20100331,000000,407.93,407.93,406,406,16,0
FMG,D,20100401,000000,406,411.8,390.53,411.8,41,0
FMG,D,20100406,000000,390.53,392.47,390.53,392.47,2,0
FMG,D,20100407,000000,394.4,406,373.13,386.67,24,0
FMG,D,20100408,000000,402.13,402.13,402.13,402.13,0,0
FMG,D,20100409,000000,402.13,402.13,402.13,402.13,0,0
FMG,D,20100412,000000,386.67,411.8,386.67,411.8,11,0
FMG,D,20100413,000000,396.33,411.8,396.33,411.8,19,0
FMG,D,20100414,000000,411.8,421.47,411.8,421.47,3,0
FMG,D,20100415,000000,417.6,431.13,417.6,431.13,18,0
FMG,D,20100416,000000,400.2,431.13,400.2,431.13,3,0
FMG,D,20100419,000000,402.13,421.47,357.67,406,16,0
FMG,D,20100420,000000,406,419.53,406,419.53,8,0
FMG,D,20100421,000000,388.6,409.87,386.67,409.87,8,0
FMG,D,20100422,000000,409.87,409.87,406,406,23,0
FMG,D,20100423,000000,386.67,406,382.8,406,12,0
FMG,D,20100427,000000,402.13,402.13,371.2,371.2,0,0
FMG,D,20100428,000000,396.33,396.33,396.33,396.33,0,0
FMG,D,20100429,000000,402.13,419.53,394.4,411.8,10,0
FMG,D,20100430,000000,431.13,431.13,431.13,431.13,5,0
FMG,D,20100504,000000,415.67,421.47,411.8,411.8,27,0
FMG,D,20100505,000000,421.47,423.4,421.47,423.4,16,0
FMG,D,20100506,000000,438.87,438.87,438.87,438.87,0,0
FMG,D,20100507,000000,411.8,438.87,411.8,438.87,16,0
FMG,D,20100510,000000,415.67,415.67,415.67,415.67,2,0
FMG,D,20100512,000000,415.67,415.67,400.2,400.2,5,0
FMG,D,20100513,000000,413.73,438.87,400.2,438.87,6,0
FMG,D,20100517,000000,435,435,435,435,0,0
FMG,D,20100518,000000,423.4,423.4,423.4,423.4,1,0
FMG,D,20100519,000000,440.8,440.8,440.8,440.8,1,0
FMG,D,20100520,000000,438.87,438.87,436.93,436.93,2,0
FMG,D,20100521,000000,433.07,433.07,433.07,433.07,0,0
FMG,D,20100525,000000,398.27,427.27,380.87,413.73,16,0
FMG,D,20100526,000000,386.67,386.67,386.67,386.67,1,0
FMG,D,20100527,000000,388.6,409.87,384.73,409.87,6,0
FMG,D,20100528,000000,386.67,415.67,386.67,415.67,0,0
FMG,D,20100531,000000,388.6,415.67,388.6,415.67,0,0
FMG,D,20100601,000000,386.67,406,386.67,406,8,0
FMG,D,20100602,000000,384.73,406,384.73,406,1,0
FMG,D,20100604,000000,384.73,406,384.73,406,0,0
FMG,D,20100607,000000,384.73,402.13,384.73,402.13,0,0
FMG,D,20100608,000000,384.73,402.13,384.73,402.13,3,0
FMG,D,20100610,000000,402.13,402.13,402.13,402.13,0,0
FMG,D,20100611,000000,384.73,384.73,384.73,384.73,2,0
FMG,D,20100614,000000,402.13,402.13,402.13,402.13,0,0
FMG,D,20100615,000000,402.13,402.13,402.13,402.13,0,0
FMG,D,20100618,000000,384.73,423.4,367.33,423.4,11,0
FMG,D,20100621,000000,369.27,421.47,369.27,421.47,0,0
FMG,D,20100622,000000,375.07,375.07,375.07,375.07,2,0
FMG,D,20100623,000000,375.07,386.67,375.07,375.07,8,0
FMG,D,20100625,000000,415.67,415.67,378.93,415.67,0,0
FMG,D,20100629,000000,378.93,415.67,377,415.67,7,0
FMG,D,20100702,000000,367.33,367.33,363.47,363.47,2,0
FMG,D,20100706,000000,386.67,411.8,386.67,411.8,0,0
FMG,D,20100707,000000,390.53,390.53,390.53,390.53,1,0
FMG,D,20100708,000000,390.53,404.07,390.53,404.07,4,0
FMG,D,20100715,000000,373.13,400.2,332.53,400.2,44,0
FMG,D,20100720,000000,367.33,384.73,342.2,342.2,21,0
FMG,D,20100721,000000,384.73,384.73,384.73,384.73,0,0
FMG,D,20100726,000000,384.73,394.4,348,394.4,7,0
FMG,D,20100727,000000,394.4,394.4,394.4,394.4,0,0
FMG,D,20100730,000000,386.67,386.67,386.67,386.67,6,0
FMG,D,20100802,000000,386.67,386.67,386.67,386.67,5,0
FMG,D,20100806,000000,388.6,388.6,388.6,388.6,0,0
FMG,D,20100810,000000,394.4,465.93,394.4,460.13,96,0
FMG,D,20100811,000000,481.4,483.33,481.4,481.4,62,0
FMG,D,20100812,000000,473.67,475.6,429.2,429.2,13,0
FMG,D,20100813,000000,406,467.87,406,467.87,5,0
FMG,D,20100816,000000,394.4,444.67,394.4,444.67,36,0
FMG,D,20100817,000000,425.33,425.33,425.33,425.33,3,0
FMG,D,20100820,000000,390.53,390.53,390.53,390.53,3,0
FMG,D,20100824,000000,390.53,415.67,386.67,415.67,6,0
FMG,D,20100825,000000,396.33,415.67,386.67,415.67,3,0
FMG,D,20100827,000000,386.67,386.67,386.67,386.67,2,0
FMG,D,20100830,000000,415.67,415.67,415.67,415.67,0,0
FMG,D,20100831,000000,388.6,388.6,384.73,384.73,8,0
FMG,D,20100902,000000,377,409.87,377,409.87,3,0
FMG,D,20100903,000000,384.73,409.87,349.93,409.87,13,0
FMG,D,20100906,000000,357.67,357.67,349.93,349.93,12,0
FMG,D,20100907,000000,349.93,349.93,349.93,349.93,2,0
FMG,D,20100908,000000,338.33,375.07,338.33,365.4,10,0
FMG,D,20100909,000000,369.27,369.27,369.27,369.27,4,0
FMG,D,20100910,000000,375.07,375.07,375.07,375.07,3,0
FMG,D,20100913,000000,365.4,365.4,365.4,365.4,2,0
FMG,D,20100915,000000,353.8,353.8,348,348,13,0
FMG,D,20100916,000000,373.13,373.13,373.13,373.13,0,0
FMG,D,20100917,000000,351.87,382.8,351.87,382.8,1,0
FMG,D,20100922,000000,355.73,382.8,355.73,382.8,8,0
FMG,D,20100923,000000,380.87,406,380.87,406,10,0
FMG,D,20100928,000000,363.47,406,363.47,406,15,0
FMG,D,20100930,000000,361.53,406,361.53,406,0,0
FMG,D,20101001,000000,365.4,409.87,365.4,409.87,0,0
FMG,D,20101014,000000,386.67,409.87,386.67,409.87,72,0
FMG,D,20101018,000000,409.87,409.87,386.67,409.87,24,0
FMG,D,20101020,000000,371.2,409.87,348,365.4,130,0
FMG,D,20101021,000000,348,365.4,346.07,351.87,8,0
FMG,D,20101022,000000,351.87,353.8,351.87,353.8,35,0
FMG,D,20101025,000000,359.6,365.4,359.6,365.4,6,0
FMG,D,20101026,000000,365.4,365.4,365.4,365.4,1,0
FMG,D,20101027,000000,357.67,378.93,353.8,378.93,115,0
FMG,D,20101029,000000,378.93,378.93,342.2,369.27,15,0
FMG,D,20101102,000000,367.33,404.07,367.33,404.07,46,0
FMG,D,20101103,000000,365.4,425.33,351.87,415.67,38,0
FMG,D,20101104,000000,413.73,483.33,413.73,465.93,26,0
FMG,D,20101105,000000,481.4,483.33,386.67,464,68,0
FMG,D,20101108,000000,415.67,415.67,377,394.4,158,0
FMG,D,20101109,000000,394.4,406,367.33,406,51,0
FMG,D,20101110,000000,392.47,435,367.33,390.53,258,0
FMG,D,20101112,000000,392.47,415.67,392.47,415.67,1,0
FMG,D,20101115,000000,413.73,425.33,386.67,415.67,171,0
FMG,D,20101116,000000,406,425.33,386.67,425.33,34,0
FMG,D,20101117,000000,409.87,409.87,406,406,3,0
FMG,D,20101118,000000,406,462.07,390.53,452.4,109,0
FMG,D,20101119,000000,458.2,458.2,425.33,448.53,37,0
FMG,D,20101122,000000,419.53,452.4,406,452.4,23,0
FMG,D,20101123,000000,454.33,454.33,452.4,454.33,6,0
FMG,D,20101126,000000,417.6,436.93,417.6,436.93,2,0
FMG,D,20101129,000000,417.6,436.93,407.93,436.93,3,0
FMG,D,20101130,000000,435,436.93,435,436.93,1,0
FMG,D,20101201,000000,435,435,435,435,6,0
FMG,D,20101202,000000,425.33,454.33,425.33,454.33,3,0
FMG,D,20101207,000000,411.8,458.2,409.87,429.2,15,0
FMG,D,20101208,000000,444.67,444.67,444.67,444.67,0,0
FMG,D,20101209,000000,413.73,433.07,409.87,433.07,16,0
FMG,D,20101213,000000,400.2,415.67,386.67,415.67,27,0
FMG,D,20101214,000000,390.53,406,388.6,406,15,0
FMG,D,20101216,000000,415.67,415.67,388.6,415.67,11,0
FMG,D,20101220,000000,392.47,392.47,392.47,392.47,5,0
FMG,D,20101221,000000,392.47,392.47,392.47,392.47,3,0
FMG,D,20101222,000000,392.47,392.47,386.67,390.53,37,0
FMG,D,20101223,000000,390.53,392.47,390.53,392.47,5,0
FMG,D,20101228,000000,392.47,394.4,392.47,394.4,19,0
FMG,D,20101230,000000,392.47,409.87,392.47,409.87,74,0
FMG,D,20101231,000000,407.93,407.93,388.6,388.6,5,0
FMG,D,20110103,000000,419.53,419.53,404.07,404.07,4,0
FMG,D,20110104,000000,413.73,435,404.07,415.67,302,0
FMG,D,20110105,000000,413.73,417.6,413.73,417.6,19,0
FMG,D,20110107,000000,396.33,415.67,392.47,415.67,31,0
FMG,D,20110110,000000,396.33,409.87,392.47,409.87,16,0
FMG,D,20110111,000000,407.93,407.93,388.6,406,5,0
FMG,D,20110112,000000,388.6,388.6,388.6,388.6,6,0
FMG,D,20110114,000000,378.93,396.33,378.93,378.93,8,0
FMG,D,20110117,000000,380.87,404.07,378.93,404.07,20,0
FMG,D,20110119,000000,396.33,396.33,396.33,396.33,3,0
FMG,D,20110120,000000,375.07,392.47,375.07,392.47,3,0
FMG,D,20110124,000000,373.13,386.67,359.6,386.67,95,0
FMG,D,20110125,000000,384.73,384.73,384.73,384.73,4,0
FMG,D,20110126,000000,384.73,384.73,369.27,384.73,14,0
FMG,D,20110127,000000,371.2,382.8,371.2,382.8,13,0
FMG,D,20110128,000000,382.8,382.8,382.8,382.8,6,0
FMG,D,20110131,000000,382.8,382.8,375.07,375.07,5,0
FMG,D,20110201,000000,371.2,380.87,363.47,380.87,8,0
FMG,D,20110202,000000,367.33,380.87,349.93,349.93,25,0
FMG,D,20110203,000000,369.27,369.27,348,369.27,14,0
FMG,D,20110207,000000,359.6,359.6,359.6,359.6,7,0
FMG,D,20110208,000000,369.27,404.07,369.27,404.07,24,0
FMG,D,20110209,000000,390.53,390.53,390.53,390.53,1,0
FMG,D,20110210,000000,382.8,382.8,357.67,382.8,3,0
FMG,D,20110214,000000,382.8,404.07,382.8,390.53,22,0
FMG,D,20110215,000000,402.13,404.07,386.67,396.33,32,0
FMG,D,20110216,000000,380.87,382.8,367.33,382.8,15,0
FMG,D,20110217,000000,378.93,378.93,378.93,378.93,0,0
FMG,D,20110218,000000,359.6,359.6,348,353.8,27,0
FMG,D,20110221,000000,353.8,353.8,328.67,328.67,74,0
FMG,D,20110222,000000,338.33,367.33,338.33,367.33,3,0
FMG,D,20110223,000000,342.2,355.73,320.93,355.73,16,0
FMG,D,20110224,000000,328.67,357.67,328.67,357.67,5,0
FMG,D,20110225,000000,324.8,357.67,319,357.67,45,0
FMG,D,20110228,000000,326.73,328.67,317.07,328.67,31,0
FMG,D,20110301,000000,328.67,328.67,328.67,328.67,6,0
FMG,D,20110302,000000,342.2,342.2,309.33,328.67,31,0
FMG,D,20110303,000000,309.33,328.67,299.67,328.67,27,0
FMG,D,20110304,000000,309.33,328.67,309.33,328.67,16,0
FMG,D,20110307,000000,309.33,324.8,309.33,324.8,11,0
FMG,D,20110309,000000,301.6,324.8,299.67,324.8,10,0
FMG,D,20110310,000000,324.8,328.67,309.33,328.67,10,0
FMG,D,20110311,000000,309.33,309.33,299.67,299.67,10,0
FMG,D,20110314,000000,299.67,322.87,299.67,322.87,1,0
FMG,D,20110315,000000,320.93,320.93,299.67,299.67,1,0
FMG,D,20110316,000000,293.87,293.87,284.2,284.2,16,0
FMG,D,20110317,000000,311.27,311.27,307.4,307.4,4,0
FMG,D,20110322,000000,311.27,328.67,311.27,328.67,3,0
FMG,D,20110325,000000,324.8,328.67,324.8,328.67,5,0
FMG,D,20110328,000000,319,319,319,319,5,0
FMG,D,20110330,000000,319,328.67,319,328.67,3,0
FMG,D,20110404,000000,326.73,338.33,326.73,338.33,6,0
FMG,D,20110406,000000,322.87,338.33,322.87,338.33,11,0
FMG,D,20110408,000000,322.87,336.4,320.93,336.4,7,0
FMG,D,20110412,000000,338.33,355.73,338.33,355.73,5,0
FMG,D,20110413,000000,355.73,355.73,355.73,355.73,2,0
FMG,D,20110415,000000,320.93,328.67,280.33,295.8,207,0
FMG,D,20110418,000000,295.8,324.8,270.67,291.93,103,0
FMG,D,20110419,000000,293.87,299.67,270.67,288.07,54,0
FMG,D,20110420,000000,286.13,295.8,278.4,295.8,21,0
FMG,D,20110421,000000,284.2,290,278.4,290,18,0
FMG,D,20110426,000000,278.4,278.4,257.13,278.4,87,0
FMG,D,20110427,000000,274.53,276.47,268.73,276.47,20,0
FMG,D,20110428,000000,268.73,268.73,251.33,268.73,53,0
FMG,D,20110429,000000,272.6,274.53,272.6,274.53,4,0
FMG,D,20110502,000000,259.07,259.07,251.33,253.27,41,0
FMG,D,20110504,000000,262.93,264.87,253.27,261,31,0
FMG,D,20110509,000000,259.07,259.07,259.07,259.07,3,0
FMG,D,20110510,000000,255.2,264.87,253.27,262.93,24,0
FMG,D,20110512,000000,261,315.13,261,291.93,106,0
FMG,D,20110513,000000,291.93,311.27,278.4,290,39,0
FMG,D,20110516,000000,278.4,288.07,270.67,288.07,7,0
FMG,D,20110518,000000,274.53,282.27,274.53,282.27,3,0
FMG,D,20110519,000000,274.53,322.87,274.53,322.87,36,0
FMG,D,20110520,000000,291.93,307.4,274.53,307.4,10,0
FMG,D,20110523,000000,307.4,307.4,307.4,307.4,1,0
FMG,D,20110524,000000,305.47,305.47,272.6,299.67,8,0
FMG,D,20110525,000000,288.07,288.07,276.47,276.47,0,0
FMG,D,20110526,000000,280.33,288.07,276.47,276.47,5,0
FMG,D,20110527,000000,280.33,280.33,274.53,274.53,18,0
FMG,D,20110530,000000,288.07,305.47,288.07,305.47,5,0
FMG,D,20110531,000000,299.67,305.47,299.67,305.47,8,0
FMG,D,20110601,000000,299.67,299.67,299.67,299.67,3,0
FMG,D,20110602,000000,299.67,299.67,290,290,8,0
FMG,D,20110603,000000,282.27,286.13,282.27,286.13,9,0
FMG,D,20110608,000000,295.8,299.67,295.8,299.67,52,0
FMG,D,20110609,000000,303.53,303.53,288.07,288.07,12,0
FMG,D,20110610,000000,288.07,293.87,288.07,293.87,11,0
FMG,D,20110613,000000,276.47,299.67,276.47,299.67,59,0
FMG,D,20110614,000000,303.53,303.53,299.67,303.53,35,0
FMG,D,20110615,000000,303.53,303.53,303.53,303.53,0,0
FMG,D,20110616,000000,303.53,307.4,290,307.4,9,0
FMG,D,20110617,000000,307.4,307.4,307.4,307.4,5,0
FMG,D,20110620,000000,307.4,307.4,307.4,307.4,0,0
FMG,D,20110621,000000,305.47,305.47,291.93,303.53,8,0
FMG,D,20110622,000000,288.07,303.53,288.07,303.53,14,0
FMG,D,20110624,000000,284.2,307.4,276.47,307.4,42,0
FMG,D,20110627,000000,307.4,307.4,288.07,295.8,13,0
FMG,D,20110628,000000,295.8,299.67,293.87,299.67,16,0
FMG,D,20110629,000000,299.67,299.67,299.67,299.67,9,0
FMG,D,20110630,000000,299.67,299.67,299.67,299.67,0,0
FMG,D,20110701,000000,305.47,305.47,305.47,305.47,0,0
FMG,D,20110704,000000,305.47,305.47,305.47,305.47,0,0
FMG,D,20110705,000000,305.47,305.47,305.47,305.47,0,0
FMG,D,20110706,000000,305.47,305.47,305.47,305.47,0,0
FMG,D,20110707,000000,299.67,299.67,280.33,295.8,15,0
FMG,D,20110708,000000,295.8,295.8,295.8,295.8,0,0
FMG,D,20110711,000000,293.87,293.87,293.87,293.87,0,0
FMG,D,20110712,000000,293.87,293.87,293.87,293.87,5,0
FMG,D,20110713,000000,293.87,293.87,293.87,293.87,0,0
FMG,D,20110714,000000,293.87,307.4,293.87,307.4,28,0
FMG,D,20110715,000000,307.4,307.4,299.67,299.67,17,0
FMG,D,20110718,000000,291.93,295.8,291.93,295.8,29,0
FMG,D,20110719,000000,299.67,299.67,297.73,297.73,26,0
FMG,D,20110720,000000,297.73,299.67,290,299.67,26,0
FMG,D,20110721,000000,299.67,299.67,299.67,299.67,15,0
FMG,D,20110722,000000,301.6,301.6,297.73,297.73,26,0
FMG,D,20110725,000000,297.73,305.47,297.73,305.47,19,0
FMG,D,20110726,000000,305.47,305.47,299.67,299.67,5,0
FMG,D,20110727,000000,305.47,309.33,305.47,309.33,14,0
FMG,D,20110728,000000,299.67,309.33,299.67,309.33,11,0
FMG,D,20110729,000000,324.8,324.8,324.8,324.8,0,0
FMG,D,20110801,000000,324.8,324.8,324.8,324.8,0,0
FMG,D,20110803,000000,299.67,307.4,299.67,307.4,8,0
FMG,D,20110804,000000,299.67,301.6,299.67,301.6,10,0
FMG,D,20110805,000000,315.13,315.13,315.13,315.13,0,0
FMG,D,20110808,000000,315.13,315.13,295.8,295.8,18,0
FMG,D,20110809,000000,290,290,282.27,282.27,2,0
FMG,D,20110810,000000,282.27,282.27,282.27,282.27,10,0
FMG,D,20110811,000000,266.8,276.47,243.6,276.47,23,0
FMG,D,20110812,000000,243.6,276.47,232,276.47,16,0
FMG,D,20110816,000000,247.47,259.07,247.47,249.4,4,0
FMG,D,20110817,000000,247.47,247.47,241.67,241.67,27,0
FMG,D,20110818,000000,245.53,247.47,245.53,247.47,22,0
FMG,D,20110819,000000,245.53,245.53,245.53,245.53,3,0
FMG,D,20110822,000000,255.2,255.2,255.2,255.2,0,0
FMG,D,20110823,000000,255.2,255.2,255.2,255.2,0,0
FMG,D,20110824,000000,255.2,255.2,214.6,232,36,0
FMG,D,20110825,000000,226.2,226.2,220.4,222.33,24,0
FMG,D,20110826,000000,235.87,235.87,235.87,235.87,0,0
FMG,D,20110829,000000,230.07,230.07,220.4,220.4,3,0
FMG,D,20110830,000000,224.27,249.4,218.47,249.4,47,0
FMG,D,20110831,000000,232,232,216.53,216.53,16,0
FMG,D,20110901,000000,206.87,245.53,206.87,237.8,27,0
FMG,D,20110902,000000,245.53,245.53,235.87,235.87,10,0
FMG,D,20110905,000000,235.87,239.73,235.87,239.73,16,0
FMG,D,20110908,000000,249.4,249.4,249.4,249.4,0,0
FMG,D,20110909,000000,249.4,249.4,233.93,233.93,11,0
FMG,D,20110912,000000,249.4,249.4,249.4,249.4,0,0
FMG,D,20110913,000000,253.27,253.27,253.27,253.27,0,0
FMG,D,20110914,000000,253.27,253.27,241.67,241.67,8,0
FMG,D,20110915,000000,216.53,253.27,216.53,253.27,0,0
FMG,D,20110916,000000,253.27,253.27,253.27,253.27,0,0
FMG,D,20110919,000000,253.27,253.27,253.27,253.27,0,0
FMG,D,20110920,000000,253.27,253.27,253.27,253.27,0,0
FMG,D,20110921,000000,253.27,253.27,253.27,253.27,0,0
FMG,D,20110922,000000,239.73,239.73,239.73,239.73,11,0
FMG,D,20110923,000000,224.27,224.27,224.27,224.27,10,0
FMG,D,20110926,000000,216.53,230.07,204.93,204.93,19,0
FMG,D,20110927,000000,226.2,226.2,210.73,210.73,10,0
FMG,D,20110928,000000,204.93,204.93,204.93,204.93,0,0
FMG,D,20110929,000000,204.93,204.93,204.93,204.93,0,0
FMG,D,20110930,000000,218.47,218.47,195.27,204.93,17,0
FMG,D,20111003,000000,204.93,204.93,204.93,204.93,1,0
FMG,D,20111004,000000,204.93,204.93,204.93,204.93,0,0
FMG,D,20111005,000000,204.93,206.87,203,206.87,18,0
FMG,D,20111006,000000,195.27,195.27,195.27,195.27,0,0
FMG,D,20111007,000000,216.53,216.53,216.53,216.53,0,0
FMG,D,20111010,000000,216.53,216.53,203,203,10,0
FMG,D,20111011,000000,216.53,216.53,216.53,216.53,0,0
FMG,D,20111012,000000,216.53,216.53,201.07,201.07,3,0
FMG,D,20111013,000000,216.53,216.53,216.53,216.53,0,0
FMG,D,20111014,000000,216.53,216.53,197.2,197.2,0,0
FMG,D,20111017,000000,216.53,216.53,216.53,216.53,0,0
FMG,D,20111018,000000,216.53,216.53,214.6,216.53,13,0
FMG,D,20111019,000000,216.53,216.53,214.6,214.6,12,0
FMG,D,20111020,000000,216.53,220.4,216.53,220.4,3,0
FMG,D,20111021,000000,226.2,226.2,226.2,226.2,0,0
FMG,D,20111024,000000,226.2,226.2,226.2,226.2,0,0
FMG,D,20111025,000000,226.2,226.2,226.2,226.2,0,0
FMG,D,20111026,000000,226.2,232,226.2,232,3,0
FMG,D,20111027,000000,237.8,237.8,212.67,212.67,15,0
FMG,D,20111028,000000,222.33,222.33,222.33,222.33,0,0
FMG,D,20111031,000000,222.33,222.33,212.67,212.67,4,0
FMG,D,20111102,000000,222.33,222.33,222.33,222.33,0,0
FMG,D,20111103,000000,222.33,222.33,222.33,222.33,0,0
FMG,D,20111104,000000,222.33,222.33,222.33,222.33,0,0
FMG,D,20111107,000000,222.33,222.33,222.33,222.33,0,0
FMG,D,20111108,000000,222.33,222.33,222.33,222.33,0,0
FMG,D,20111109,000000,222.33,222.33,203,203,4,0
FMG,D,20111110,000000,212.67,212.67,195.27,195.27,5,0
FMG,D,20111114,000000,212.67,212.67,212.67,212.67,0,0
FMG,D,20111115,000000,212.67,212.67,183.67,183.67,26,0
FMG,D,20111116,000000,203,203,191.4,191.4,14,0
FMG,D,20111117,000000,203,203,193.33,193.33,0,0
FMG,D,20111118,000000,203,203,203,203,0,0
FMG,D,20111121,000000,203,203,203,203,0,0
FMG,D,20111122,000000,203,203,193.33,193.33,16,0
FMG,D,20111123,000000,203,203,193.33,203,14,0
FMG,D,20111124,000000,212.67,212.67,212.67,212.67,0,0
FMG,D,20111125,000000,212.67,212.67,201.07,201.07,11,0
FMG,D,20111128,000000,212.67,212.67,212.67,212.67,0,0
FMG,D,20111129,000000,212.67,212.67,195.27,195.27,4,0
FMG,D,20111130,000000,204.93,204.93,204.93,204.93,0,0
FMG,D,20111201,000000,204.93,204.93,199.13,204.93,19,0
FMG,D,20111202,000000,212.67,220.4,201.07,201.07,17,0
FMG,D,20111205,000000,212.67,230.07,212.67,212.67,5,0
FMG,D,20111206,000000,222.33,237.8,216.53,237.8,1,0
FMG,D,20111207,000000,235.87,249.4,222.33,249.4,5,0
FMG,D,20111208,000000,249.4,249.4,249.4,249.4,1,0
FMG,D,20111209,000000,222.33,233.93,222.33,233.93,2,0
FMG,D,20111212,000000,230.07,278.4,230.07,241.67,20,0
FMG,D,20111213,000000,290,290,286.13,286.13,57,0
FMG,D,20111214,000000,309.33,309.33,309.33,309.33,3,0
FMG,D,20111215,000000,286.13,286.13,286.13,286.13,1,0
FMG,D,20111216,000000,324.8,324.8,324.8,324.8,1,0
FMG,D,20111219,000000,324.8,324.8,324.8,324.8,1,0
FMG,D,20111220,000000,324.8,328.67,324.8,328.67,1,0
FMG,D,20111221,000000,328.67,328.67,320.93,320.93,1,0
FMG,D,20111222,000000,319,319,319,319,1,0
FMG,D,20111227,000000,251.33,251.33,251.33,251.33,15,0
FMG,D,20120102,000000,268.73,268.73,268.73,268.73,1,0
FMG,D,20120103,000000,268.73,268.73,268.73,268.73,3,0
FMG,D,20120104,000000,253.27,253.27,253.27,253.27,1,0
FMG,D,20120105,000000,249.4,249.4,249.4,249.4,1,0
FMG,D,20120109,000000,249.4,284.2,249.4,284.2,2,0
FMG,D,20120110,000000,284.2,315.13,284.2,315.13,14,0
FMG,D,20120111,000000,290,290,266.8,266.8,8,0
FMG,D,20120112,000000,266.8,299.67,266.8,299.67,2,0
FMG,D,20120113,000000,299.67,299.67,299.67,299.67,1,0
FMG,D,20120116,000000,278.4,278.4,278.4,278.4,1,0
FMG,D,20120118,000000,295.8,295.8,295.8,295.8,1,0
FMG,D,20120120,000000,278.4,278.4,278.4,278.4,1,0
FMG,D,20120123,000000,278.4,299.67,278.4,299.67,1,0
FMG,D,20120124,000000,299.67,309.33,299.67,309.33,1,0
FMG,D,20120125,000000,313.2,313.2,313.2,313.2,1,0
FMG,D,20120126,000000,315.13,315.13,290,290,6,0
FMG,D,20120127,000000,313.2,313.2,313.2,313.2,0,0
FMG,D,20120130,000000,313.2,313.2,313.2,313.2,0,0
FMG,D,20120201,000000,313.2,313.2,313.2,313.2,2,0
FMG,D,20120202,000000,313.2,313.2,313.2,313.2,1,0
FMG,D,20120203,000000,282.27,305.47,282.27,299.67,4,0
FMG,D,20120206,000000,299.67,299.67,299.67,299.67,2,0
FMG,D,20120207,000000,286.13,286.13,286.13,286.13,3,0
FMG,D,20120208,000000,295.8,295.8,295.8,295.8,1,0
FMG,D,20120209,000000,290,290,290,290,1,0
FMG,D,20120213,000000,290,290,290,290,1,0
FMG,D,20120214,000000,290,290,290,290,0,0
FMG,D,20120215,000000,290,290,290,290,1,0
FMG,D,20120216,000000,268.73,276.47,266.8,268.73,14,0
FMG,D,20120217,000000,249.4,249.4,249.4,249.4,2,0
FMG,D,20120220,000000,233.93,233.93,233.93,233.93,0,0
FMG,D,20120221,000000,251.33,251.33,251.33,251.33,1,0
FMG,D,20120222,000000,232,232,232,232,1,0
FMG,D,20120223,000000,232,232,232,232,1,0
FMG,D,20120224,000000,232,241.67,232,241.67,3,0
FMG,D,20120227,000000,241.67,241.67,241.67,241.67,1,0
FMG,D,20120228,000000,241.67,251.33,241.67,251.33,39,0
FMG,D,20120229,000000,249.4,249.4,249.4,249.4,2,0
FMG,D,20120302,000000,251.33,251.33,251.33,251.33,1,0
FMG,D,20120305,000000,251.33,251.33,251.33,251.33,1,0
FMG,D,20120306,000000,251.33,251.33,228.13,228.13,1,0
FMG,D,20120307,000000,247.47,247.47,228.13,228.13,1,0
FMG,D,20120308,000000,228.13,239.73,228.13,239.73,2,0
FMG,D,20120309,000000,239.73,239.73,239.73,239.73,1,0
FMG,D,20120314,000000,237.8,239.73,237.8,237.8,57,0
FMG,D,20120315,000000,239.73,251.33,239.73,251.33,1,0
FMG,D,20120320,000000,251.33,251.33,251.33,251.33,1,0
FMG,D,20120405,000000,251.33,251.33,251.33,251.33,0,0
FMG,D,20120412,000000,210.73,251.33,210.73,251.33,9,0
FMG,D,20120413,000000,249.4,249.4,249.4,249.4,40,0
FMG,D,20120419,000000,251.33,251.33,251.33,251.33,0,0
FMG,D,20120420,000000,251.33,251.33,251.33,251.33,0,0
FMG,D,20120425,000000,214.6,251.33,214.6,251.33,0,0
FMG,D,20120427,000000,214.6,214.6,214.6,214.6,0,0
FMG,D,20120430,000000,251.33,251.33,251.33,251.33,0,0
FMG,D,20120504,000000,251.33,251.33,251.33,251.33,0,0
FMG,D,20120517,000000,264.87,268.73,264.87,268.73,2,0
FMG,D,20120614,000000,251.33,251.33,251.33,251.33,78,0
FMG,D,20120622,000000,247.47,247.47,247.47,247.47,0,0
FMG,D,20120626,000000,241.67,241.67,241.67,241.67,5,0
FMG,D,20120627,000000,247.47,251.33,247.47,251.33,3,0
FMG,D,20120628,000000,251.33,251.33,251.33,251.33,0,0
FMG,D,20120703,000000,237.8,251.33,237.8,251.33,9,0
FMG,D,20120719,000000,235.87,235.87,235.87,235.87,2,0
FMG,D,20120720,000000,232,232,232,232,2,0
FMG,D,20120725,000000,247.47,251.33,247.47,251.33,2,0
FMG,D,20120806,000000,251.33,251.33,251.33,251.33,16,0
FMG,D,20120807,000000,249.4,251.33,249.4,251.33,2,0
FMG,D,20120809,000000,241.67,241.67,241.67,241.67,6,0
FMG,D,20120810,000000,233.93,262.93,232,262.93,57,0
FMG,D,20120816,000000,241.67,241.67,241.67,241.67,0,0
FMG,D,20120821,000000,251.33,251.33,251.33,251.33,1,0
FMG,D,20120828,000000,249.4,259.07,249.4,259.07,9,0
FMG,D,20120905,000000,257.13,297.73,257.13,297.73,36,0
FMG,D,20120907,000000,264.87,264.87,264.87,264.87,3,0
FMG,D,20120912,000000,264.87,290,264.87,290,5,0
FMG,D,20120920,000000,290,290,290,290,5,0
FMG,D,20120921,000000,270.67,270.67,270.67,270.67,0,0
FMG,D,20120924,000000,290,290,290,290,0,0
FMG,D,20121003,000000,290,290,262.93,262.93,3,0
FMG,D,20121004,000000,262.93,280.33,261,280.33,12,0
FMG,D,20121008,000000,251.33,270.67,251.33,270.67,2,0
FMG,D,20121009,000000,270.67,280.33,270.67,280.33,7,0
FMG,D,20121012,000000,261,280.33,259.07,280.33,8,0
FMG,D,20121016,000000,251.33,272.6,251.33,272.6,8,0
FMG,D,20121017,000000,251.33,251.33,241.67,241.67,16,0
FMG,D,20121024,000000,274.53,274.53,274.53,274.53,0,0
FMG,D,20121105,000000,251.33,290,251.33,288.07,143,0
FMG,D,20121106,000000,282.27,293.87,274.53,291.93,136,0
FMG,D,20121107,000000,297.73,328.67,288.07,328.67,176,0
FMG,D,20121108,000000,328.67,332.53,315.13,330.6,112,0
FMG,D,20121109,000000,336.4,336.4,319,336.4,180,0
FMG,D,20121112,000000,328.67,328.67,317.07,324.8,140,0
FMG,D,20121113,000000,332.53,378.93,332.53,377,165,0
FMG,D,20121114,000000,394.4,415.67,377,415.67,413,0
FMG,D,20121115,000000,425.33,440.8,409.87,425.33,230,0
FMG,D,20121116,000000,431.13,458.2,425.33,454.33,278,0
FMG,D,20121119,000000,462.07,477.53,462.07,473.67,108,0
FMG,D,20121120,000000,444.67,458.2,444.67,448.53,219,0
FMG,D,20121121,000000,479.47,574.2,479.47,574.2,152,0
FMG,D,20121122,000000,581.93,618.67,531.67,531.67,112,0
FMG,D,20121123,000000,574.2,626.4,541.33,618.67,322,0
FMG,D,20121126,000000,618.67,655.4,551,560.67,295,0
FMG,D,20121127,000000,568.4,618.67,568.4,587.73,95,0
FMG,D,20121128,000000,580,603.2,560.67,562.6,132,0
FMG,D,20121129,000000,564.53,564.53,541.33,562.6,154,0
FMG,D,20121130,000000,583.87,589.67,541.33,568.4,101,0
FMG,D,20121203,000000,599.33,684.4,581.93,581.93,872,0
FMG,D,20121204,000000,607.07,696,583.87,616.73,1583,0
FMG,D,20121205,000000,643.8,667,578.07,580,599,0
FMG,D,20121206,000000,566.47,566.47,514.27,514.27,129,0
FMG,D,20121207,000000,504.6,541.33,452.4,452.4,107,0
FMG,D,20121210,000000,425.33,444.67,425.33,444.67,5,0
FMG,D,20121211,000000,398.27,442.73,398.27,442.73,1,0
FMG,D,20121212,000000,421.47,421.47,421.47,421.47,0,0
FMG,D,20121213,000000,427.27,427.27,394.4,394.4,3,0
FMG,D,20121214,000000,413.73,413.73,413.73,413.73,0,0
FMG,D,20121218,000000,411.8,411.8,396.33,396.33,3,0
FMG,D,20121219,000000,380.87,392.47,373.13,380.87,4,0
FMG,D,20121220,000000,380.87,380.87,355.73,377,3,0
FMG,D,20121221,000000,377,392.47,361.53,392.47,2,0
FMG,D,20121227,000000,392.47,392.47,392.47,392.47,1,0
FMG,D,20121228,000000,392.47,413.73,392.47,413.73,6,0
FMG,D,20130102,000000,494.93,494.93,446.6,446.6,6,0
FMG,D,20130103,000000,454.33,454.33,396.33,415.67,20,0
FMG,D,20130104,000000,404.07,438.87,392.47,392.47,12,0
FMG,D,20130107,000000,392.47,404.07,392.47,404.07,0,0
FMG,D,20130108,000000,400.2,400.2,361.53,386.67,5,0
FMG,D,20130109,000000,394.4,402.13,394.4,402.13,3,0
FMG,D,20130110,000000,402.13,402.13,402.13,402.13,0,0
FMG,D,20130111,000000,402.13,402.13,367.33,367.33,20,0
FMG,D,20130114,000000,367.33,402.13,367.33,402.13,18,0
FMG,D,20130115,000000,402.13,402.13,402.13,402.13,0,0
FMG,D,20130116,000000,402.13,402.13,402.13,402.13,0,0
FMG,D,20130117,000000,402.13,402.13,402.13,402.13,0,0
FMG,D,20130118,000000,402.13,402.13,390.53,390.53,1,0
FMG,D,20130121,000000,402.13,402.13,371.2,390.53,1,0
FMG,D,20130122,000000,390.53,390.53,386.67,386.67,0,0
FMG,D,20130123,000000,390.53,390.53,386.67,386.67,0,0
FMG,D,20130124,000000,382.8,384.73,367.33,384.73,2,0
FMG,D,20130125,000000,377,377,377,377,0,0
FMG,D,20130128,000000,375.07,377,375.07,377,0,0
FMG,D,20130129,000000,377,377,377,377,0,0
FMG,D,20130130,000000,388.6,388.6,377,377,0,0
FMG,D,20130131,000000,388.6,388.6,377,388.6,1,0
FMG,D,20130201,000000,388.6,388.6,388.6,388.6,0,0
FMG,D,20130204,000000,388.6,388.6,363.47,363.47,7,0
FMG,D,20130205,000000,388.6,388.6,388.6,388.6,0,0
FMG,D,20130206,000000,388.6,388.6,388.6,388.6,0,0
FMG,D,20130207,000000,388.6,388.6,388.6,388.6,0,0
FMG,D,20130208,000000,388.6,388.6,388.6,388.6,0,0
FMG,D,20130211,000000,388.6,388.6,388.6,388.6,0,0
FMG,D,20130212,000000,388.6,388.6,357.67,386.67,2,0
FMG,D,20130213,000000,388.6,388.6,388.6,388.6,0,0
FMG,D,20130214,000000,388.6,388.6,386.67,386.67,0,0
FMG,D,20130215,000000,386.67,386.67,353.8,375.07,2,0
FMG,D,20130218,000000,375.07,413.73,375.07,411.8,28,0
FMG,D,20130219,000000,400.2,438.87,400.2,429.2,26,0
FMG,D,20130220,000000,440.8,454.33,440.8,454.33,15,0
FMG,D,20130221,000000,464,464,450.47,460.13,3,0
FMG,D,20130222,000000,464,477.53,427.27,477.53,7,0
FMG,D,20130225,000000,464,475.6,431.13,469.8,50,0
FMG,D,20130226,000000,448.53,469.8,438.87,438.87,144,0
FMG,D,20130227,000000,448.53,450.47,448.53,450.47,0,0
FMG,D,20130228,000000,444.67,444.67,444.67,444.67,0,0
FMG,D,20130301,000000,444.67,493,390.53,493,85,0
FMG,D,20130304,000000,481.4,498.8,450.47,489.13,51,0
FMG,D,20130305,000000,487.2,487.2,450.47,450.47,51,0
FMG,D,20130306,000000,479.47,479.47,450.47,477.53,51,0
FMG,D,20130307,000000,473.67,477.53,440.8,467.87,119,0
FMG,D,20130308,000000,467.87,467.87,467.87,467.87,0,0
FMG,D,20130311,000000,402.13,464,402.13,427.27,350,0
FMG,D,20130312,000000,454.33,460.13,406,436.93,7,0
FMG,D,20130313,000000,419.53,458.2,419.53,423.4,0,0
FMG,D,20130314,000000,415.67,446.6,415.67,419.53,66,0
FMG,D,20130315,000000,458.2,458.2,423.4,438.87,10,0
FMG,D,20130318,000000,452.4,452.4,406,406,7,0
FMG,D,20130319,000000,446.6,483.33,407.93,446.6,78,0
FMG,D,20130320,000000,421.47,467.87,421.47,467.87,2,0
FMG,D,20130321,000000,502.67,502.67,456.27,456.27,1,0
FMG,D,20130322,000000,502.67,502.67,446.6,502.67,7,0
FMG,D,20130325,000000,496.87,541.33,458.2,462.07,139,0
FMG,D,20130326,000000,512.33,512.33,460.13,460.13,3,0
FMG,D,20130327,000000,510.4,539.4,454.33,539.4,6,0
FMG,D,20130328,000000,535.53,535.53,452.4,510.4,133,0
FMG,D,20130402,000000,500.73,537.47,465.93,537.47,6,0
FMG,D,20130403,000000,533.6,537.47,479.47,479.47,10,0
FMG,D,20130404,000000,537.47,537.47,475.6,483.33,5,0
FMG,D,20130405,000000,537.47,537.47,467.87,467.87,0,0
FMG,D,20130408,000000,535.53,535.53,535.53,535.53,0,0
FMG,D,20130409,000000,537.47,537.47,489.13,489.13,0,0
FMG,D,20130410,000000,493,537.47,469.8,502.67,155,0
FMG,D,20130411,000000,477.53,529.73,477.53,529.73,0,0
FMG,D,20130412,000000,529.73,529.73,529.73,529.73,0,0
FMG,D,20130415,000000,537.47,537.47,537.47,537.47,0,0
FMG,D,20130417,000000,446.6,489.13,446.6,489.13,0,0
FMG,D,20130418,000000,537.47,537.47,537.47,537.47,0,0
FMG,D,20130419,000000,446.6,512.33,425.33,479.47,66,0
FMG,D,20130422,000000,444.67,477.53,444.67,477.53,5,0
FMG,D,20130423,000000,477.53,537.47,444.67,533.6,8,0
FMG,D,20130424,000000,535.53,535.53,444.67,483.33,4,0
FMG,D,20130425,000000,481.4,481.4,444.67,469.8,27,0
FMG,D,20130426,000000,467.87,469.8,467.87,469.8,2,0
FMG,D,20130429,000000,469.8,469.8,469.8,469.8,0,0
FMG,D,20130430,000000,467.87,469.8,467.87,469.8,0,0
FMG,D,20130502,000000,469.8,469.8,469.8,469.8,0,0
FMG,D,20130506,000000,464,464,464,464,0,0
FMG,D,20130507,000000,462.07,464,425.33,464,11,0
FMG,D,20130508,000000,423.4,464,423.4,464,0,0
FMG,D,20130509,000000,423.4,462.07,423.4,423.4,0,0
FMG,D,20130510,000000,462.07,462.07,462.07,462.07,0,0
FMG,D,20130513,000000,460.13,460.13,460.13,460.13,0,0
FMG,D,20130514,000000,469.8,469.8,467.87,467.87,0,0
FMG,D,20130515,000000,469.8,469.8,464,464,0,0
FMG,D,20130516,000000,469.8,469.8,464,464,0,0
FMG,D,20130517,000000,469.8,469.8,423.4,469.8,10,0
FMG,D,20130520,000000,469.8,469.8,464,464,0,0
FMG,D,20130521,000000,464,464,464,464,0,0
FMG,D,20130522,000000,462.07,462.07,462.07,462.07,0,0
FMG,D,20130523,000000,469.8,469.8,469.8,469.8,0,0
FMG,D,20130524,000000,460.13,460.13,442.73,442.73,1,0
FMG,D,20130527,000000,450.47,450.47,450.47,450.47,0,0
FMG,D,20130528,000000,450.47,450.47,450.47,450.47,1,0
FMG,D,20130529,000000,450.47,450.47,450.47,450.47,0,0
FMG,D,20130531,000000,450.47,450.47,450.47,450.47,0,0
FMG,D,20130603,000000,450.47,450.47,450.47,450.47,0,0
FMG,D,20130604,000000,450.47,450.47,450.47,450.47,0,0
FMG,D,20130605,000000,469.8,469.8,469.8,469.8,0,0
FMG,D,20130606,000000,454.33,454.33,421.47,421.47,6,0
FMG,D,20130607,000000,469.8,469.8,409.87,431.13,7,0
FMG,D,20130610,000000,431.13,431.13,425.33,425.33,0,0
FMG,D,20130611,000000,425.33,425.33,425.33,425.33,0,0
FMG,D,20130612,000000,425.33,425.33,425.33,425.33,0,0
FMG,D,20130613,000000,425.33,425.33,406,425.33,13,0
FMG,D,20130614,000000,425.33,425.33,425.33,425.33,0,0
FMG,D,20130617,000000,425.33,425.33,425.33,425.33,0,0
FMG,D,20130618,000000,425.33,425.33,425.33,425.33,0,0
FMG,D,20130619,000000,425.33,425.33,425.33,425.33,0,0
FMG,D,20130620,000000,425.33,425.33,425.33,425.33,0,0
FMG,D,20130621,000000,431.13,448.53,427.27,448.53,4,0
FMG,D,20130624,000000,438.87,464,438.87,464,1,0
FMG,D,20130625,000000,454.33,454.33,454.33,454.33,0,0
FMG,D,20130626,000000,454.33,454.33,448.53,454.33,5,0
FMG,D,20130627,000000,454.33,454.33,411.8,411.8,12,0
FMG,D,20130628,000000,427.27,427.27,427.27,427.27,0,0
FMG,D,20130701,000000,427.27,427.27,427.27,427.27,0,0
FMG,D,20130702,000000,427.27,427.27,427.27,427.27,0,0
FMG,D,20130703,000000,427.27,427.27,427.27,427.27,0,0
FMG,D,20130704,000000,427.27,427.27,427.27,427.27,0,0
FMG,D,20130705,000000,427.27,427.27,427.27,427.27,0,0
FMG,D,20130708,000000,429.2,450.47,429.2,450.47,2,0
FMG,D,20130709,000000,450.47,450.47,450.47,450.47,0,0
FMG,D,20130710,000000,450.47,450.47,429.2,450.47,4,0
FMG,D,20130711,000000,450.47,450.47,450.47,450.47,0,0
FMG,D,20130712,000000,450.47,450.47,450.47,450.47,0,0
FMG,D,20130715,000000,450.47,450.47,406,406,14,0
FMG,D,20130716,000000,406,406,406,406,0,0
FMG,D,20130717,000000,406,406,406,406,0,0
FMG,D,20130718,000000,406,406,406,406,0,0
FMG,D,20130719,000000,396.33,396.33,386.67,396.33,1,0
FMG,D,20130722,000000,351.87,396.33,351.87,396.33,8,0
FMG,D,20130723,000000,396.33,396.33,396.33,396.33,0,0
FMG,D,20130724,000000,396.33,396.33,396.33,396.33,0,0
FMG,D,20130725,000000,396.33,396.33,396.33,396.33,0,0
FMG,D,20130726,000000,396.33,396.33,396.33,396.33,0,0
FMG,D,20130729,000000,423.4,423.4,423.4,423.4,0,0
FMG,D,20130730,000000,423.4,423.4,423.4,423.4,0,0
FMG,D,20130731,000000,423.4,423.4,398.27,417.6,6,0
FMG,D,20130801,000000,417.6,417.6,417.6,417.6,0,0
FMG,D,20130802,000000,417.6,417.6,417.6,417.6,0,0
FMG,D,20130805,000000,417.6,417.6,398.27,398.27,5,0
FMG,D,20130806,000000,417.6,417.6,398.27,417.6,5,0
FMG,D,20130807,000000,417.6,417.6,351.87,351.87,8,0
FMG,D,20130808,000000,351.87,402.13,351.87,351.87,1,0
FMG,D,20130809,000000,417.6,417.6,417.6,417.6,0,0
FMG,D,20130812,000000,417.6,417.6,417.6,417.6,0,0
FMG,D,20130813,000000,417.6,417.6,375.07,417.6,0,0
FMG,D,20130814,000000,417.6,423.4,394.4,423.4,7,0
FMG,D,20130816,000000,423.4,423.4,423.4,423.4,0,0
FMG,D,20130819,000000,423.4,423.4,392.47,398.27,8,0
FMG,D,20130820,000000,423.4,423.4,392.47,392.47,3,0
FMG,D,20130821,000000,423.4,423.4,392.47,392.47,0,0
FMG,D,20130822,000000,392.47,423.4,386.67,386.67,2,0
FMG,D,20130823,000000,351.87,406,351.87,371.2,0,0
FMG,D,20130826,000000,406,423.4,351.87,351.87,15,0
FMG,D,20130827,000000,407.93,407.93,407.93,407.93,0,0
FMG,D,20130828,000000,407.93,407.93,407.93,407.93,0,0
FMG,D,20130829,000000,407.93,407.93,407.93,407.93,0,0
FMG,D,20130830,000000,407.93,407.93,371.2,407.93,8,0
FMG,D,20130902,000000,407.93,407.93,407.93,407.93,0,0
FMG,D,20130903,000000,407.93,407.93,373.13,390.53,0,0
FMG,D,20130904,000000,407.93,407.93,407.93,407.93,0,0
FMG,D,20130905,000000,407.93,407.93,407.93,407.93,0,0
FMG,D,20130906,000000,406,406,406,406,0,0
FMG,D,20130909,000000,406,406,406,406,0,0
FMG,D,20130910,000000,394.4,394.4,394.4,394.4,0,0
FMG,D,20130911,000000,406,406,378.93,378.93,2,0
FMG,D,20130912,000000,407.93,407.93,407.93,407.93,0,0
FMG,D,20130913,000000,407.93,407.93,407.93,407.93,0,0
FMG,D,20130916,000000,406,406,406,406,0,0
FMG,D,20130917,000000,407.93,407.93,407.93,407.93,0,0
FMG,D,20130918,000000,386.67,386.67,386.67,386.67,0,0
FMG,D,20130919,000000,386.67,386.67,367.33,367.33,2,0
FMG,D,20130920,000000,407.93,407.93,407.93,407.93,0,0
FMG,D,20130923,000000,407.93,407.93,407.93,407.93,0,0
FMG,D,20130924,000000,407.93,407.93,407.93,407.93,0,0
FMG,D,20130925,000000,407.93,407.93,375.07,407.93,7,0
FMG,D,20130926,000000,407.93,407.93,407.93,407.93,0,0
FMG,D,20130927,000000,407.93,407.93,375.07,407.93,4,0
FMG,D,20130930,000000,407.93,407.93,407.93,407.93,0,0
FMG,D,20131001,000000,388.6,388.6,388.6,388.6,0,0
FMG,D,20131002,000000,388.6,388.6,388.6,388.6,0,0
FMG,D,20131003,000000,388.6,388.6,388.6,388.6,0,0
FMG,D,20131004,000000,388.6,388.6,388.6,388.6,0,0
FMG,D,20131007,000000,388.6,388.6,388.6,388.6,0,0
FMG,D,20131008,000000,388.6,388.6,388.6,388.6,0,0
FMG,D,20131009,000000,388.6,388.6,388.6,388.6,0,0
FMG,D,20131010,000000,388.6,388.6,388.6,388.6,0,0
FMG,D,20131011,000000,388.6,388.6,388.6,388.6,0,0
FMG,D,20131014,000000,388.6,388.6,388.6,388.6,0,0
FMG,D,20131015,000000,388.6,388.6,388.6,388.6,0,0
FMG,D,20131016,000000,388.6,388.6,388.6,388.6,0,0
FMG,D,20131017,000000,388.6,388.6,388.6,388.6,0,0
FMG,D,20131018,000000,388.6,388.6,388.6,388.6,0,0
FMG,D,20131021,000000,406,431.13,406,431.13,31,0
FMG,D,20131022,000000,444.67,444.67,425.33,425.33,29,0
FMG,D,20131023,000000,425.33,425.33,425.33,425.33,0,0
FMG,D,20131024,000000,425.33,425.33,425.33,425.33,0,0
FMG,D,20131025,000000,425.33,444.67,423.4,444.67,1,0
FMG,D,20131028,000000,444.67,444.67,444.67,444.67,0,0
FMG,D,20131029,000000,444.67,444.67,442.73,442.73,0,0
FMG,D,20131030,000000,444.67,444.67,444.67,444.67,0,0
FMG,D,20131031,000000,444.67,444.67,417.6,444.67,1,0
FMG,D,20131104,000000,444.67,444.67,417.6,444.67,1,0
FMG,D,20131105,000000,444.67,444.67,444.67,444.67,0,0
FMG,D,20131106,000000,444.67,514.27,429.2,465.93,118,0
FMG,D,20131107,000000,471.73,564.53,471.73,502.67,69,0
FMG,D,20131108,000000,537.47,539.4,483.33,504.6,40,0
FMG,D,20131112,000000,500.73,576.13,448.53,450.47,21,0
FMG,D,20131113,000000,491.07,491.07,450.47,483.33,4,0
FMG,D,20131114,000000,491.07,494.93,481.4,481.4,5,0
FMG,D,20131115,000000,479.47,479.47,446.6,479.47,14,0
FMG,D,20131118,000000,471.73,547.13,471.73,485.27,27,0
FMG,D,20131119,000000,518.13,518.13,469.8,477.53,7,0
FMG,D,20131120,000000,473.67,473.67,406,407.93,71,0
FMG,D,20131121,000000,456.27,456.27,421.47,440.8,2,0
FMG,D,20131122,000000,444.67,444.67,417.6,419.53,9,0
FMG,D,20131125,000000,435,435,406,411.8,17,0
FMG,D,20131126,000000,411.8,411.8,411.8,411.8,10,0
FMG,D,20131127,000000,435,435,435,435,0,0
FMG,D,20131128,000000,427.27,427.27,409.87,409.87,6,0
FMG,D,20131129,000000,435,435,413.73,435,2,0
FMG,D,20131202,000000,435,435,435,435,0,0
FMG,D,20131203,000000,435,435,435,435,0,0
FMG,D,20131204,000000,435,435,400.2,421.47,38,0
FMG,D,20131205,000000,421.47,435,421.47,435,1,0
FMG,D,20131206,000000,435,435,394.4,421.47,23,0
FMG,D,20131209,000000,421.47,421.47,421.47,421.47,0,0
FMG,D,20131210,000000,421.47,464,419.53,464,27,0
FMG,D,20131211,000000,462.07,462.07,427.27,462.07,6,0
FMG,D,20131212,000000,464,464,425.33,462.07,1,0
FMG,D,20131213,000000,454.33,454.33,419.53,452.4,12,0
FMG,D,20131216,000000,452.4,452.4,452.4,452.4,0,0
FMG,D,20131217,000000,450.47,450.47,450.47,450.47,0,0
FMG,D,20131218,000000,450.47,450.47,417.6,436.93,5,0
FMG,D,20131219,000000,436.93,436.93,436.93,436.93,0,0
FMG,D,20131220,000000,436.93,436.93,407.93,436.93,1,0
FMG,D,20131223,000000,435,436.93,400.2,436.93,9,0
FMG,D,20131227,000000,435,435,435,435,0,0
FMG,D,20131230,000000,435,435,400.2,435,8,0
FMG,D,20140102,000000,452.4,452.4,413.73,450.47,4,0
FMG,D,20140103,000000,448.53,448.53,446.6,446.6,0,0
FMG,D,20140107,000000,444.67,444.67,407.93,442.73,2,0
FMG,D,20140108,000000,438.87,438.87,404.07,435,6,0
FMG,D,20140109,000000,436.93,436.93,406,435,2,0
FMG,D,20140110,000000,429.2,429.2,429.2,429.2,0,0
FMG,D,20140113,000000,425.33,425.33,425.33,425.33,0,0
FMG,D,20140114,000000,444.67,444.67,442.73,442.73,0,0
FMG,D,20140115,000000,440.8,440.8,438.87,438.87,0,0
FMG,D,20140116,000000,436.93,436.93,436.93,436.93,0,0
FMG,D,20140117,000000,433.07,433.07,433.07,433.07,0,0
FMG,D,20140120,000000,433.07,433.07,433.07,433.07,0,0
FMG,D,20140121,000000,433.07,433.07,398.27,433.07,5,0
FMG,D,20140122,000000,433.07,433.07,433.07,433.07,0,0
FMG,D,20140123,000000,429.2,429.2,398.27,427.27,15,0
FMG,D,20140124,000000,425.33,425.33,425.33,425.33,0,0
FMG,D,20140127,000000,421.47,421.47,421.47,421.47,0,0
FMG,D,20140128,000000,436.93,436.93,435,435,0,0
FMG,D,20140129,000000,433.07,433.07,433.07,433.07,0,0
FMG,D,20140130,000000,433.07,433.07,433.07,433.07,0,0
FMG,D,20140131,000000,429.2,429.2,429.2,429.2,0,0
FMG,D,20140203,000000,436.93,438.87,415.67,438.87,20,0
FMG,D,20140204,000000,436.93,436.93,435,435,0,0
FMG,D,20140205,000000,433.07,433.07,406,433.07,5,0
FMG,D,20140206,000000,435,435,435,435,0,0
FMG,D,20140207,000000,433.07,433.07,415.67,433.07,6,0
FMG,D,20140210,000000,433.07,436.93,433.07,436.93,0,0
FMG,D,20140211,000000,436.93,436.93,421.47,436.93,6,0
FMG,D,20140212,000000,436.93,438.87,417.6,435,25,0
FMG,D,20140213,000000,433.07,433.07,417.6,433.07,12,0
FMG,D,20140214,000000,436.93,436.93,417.6,436.93,11,0
FMG,D,20140217,000000,433.07,433.07,409.87,409.87,4,0
FMG,D,20140218,000000,415.67,438.87,411.8,421.47,19,0
FMG,D,20140219,000000,433.07,433.07,411.8,433.07,3,0
FMG,D,20140220,000000,462.07,493,462.07,464,57,0
FMG,D,20140221,000000,465.93,494.93,465.93,494.93,31,0
FMG,D,20140224,000000,520.07,520.07,483.33,514.27,37,0
FMG,D,20140225,000000,518.13,518.13,510.4,516.2,17,0
FMG,D,20140226,000000,512.33,512.33,485.27,506.53,16,0
FMG,D,20140227,000000,512.33,512.33,512.33,512.33,0,0
FMG,D,20140228,000000,502.67,512.33,502.67,512.33,3,0
FMG,D,20140303,000000,450.47,520.07,450.47,520.07,9,0
FMG,D,20140304,000000,493,520.07,493,520.07,93,0
FMG,D,20140305,000000,531.67,531.67,531.67,531.67,0,0
FMG,D,20140306,000000,531.67,551,529.73,551,10,0
FMG,D,20140307,000000,551,551,531.67,551,0,0
FMG,D,20140310,000000,549.07,549.07,549.07,549.07,0,0
FMG,D,20140311,000000,551,551,541.33,541.33,1,0
FMG,D,20140312,000000,541.33,541.33,498.8,539.4,7,0
FMG,D,20140313,000000,529.73,529.73,479.47,529.73,20,0
FMG,D,20140314,000000,529.73,529.73,477.53,516.2,23,0
FMG,D,20140317,000000,516.2,516.2,464,493,22,0
FMG,D,20140318,000000,491.07,491.07,456.27,479.47,4,0
FMG,D,20140319,000000,479.47,479.47,479.47,479.47,0,0
FMG,D,20140320,000000,491.07,491.07,491.07,491.07,0,0
FMG,D,20140321,000000,491.07,491.07,491.07,491.07,0,0
FMG,D,20140324,000000,491.07,491.07,464,489.13,2,0
FMG,D,20140325,000000,489.13,489.13,452.4,489.13,4,0
FMG,D,20140326,000000,489.13,489.13,454.33,454.33,5,0
FMG,D,20140327,000000,487.2,487.2,487.2,487.2,0,0
FMG,D,20140328,000000,489.13,506.53,452.4,506.53,5,0
FMG,D,20140331,000000,506.53,506.53,506.53,506.53,1,0
FMG,D,20140401,000000,506.53,506.53,506.53,506.53,0,0
FMG,D,20140402,000000,506.53,506.53,506.53,506.53,0,0
FMG,D,20140403,000000,502.67,502.67,498.8,502.67,0,0
FMG,D,20140404,000000,506.53,506.53,464,506.53,3,0
FMG,D,20140407,000000,498.8,498.8,498.8,498.8,0,0
FMG,D,20140408,000000,498.8,498.8,498.8,498.8,0,0
FMG,D,20140409,000000,498.8,498.8,498.8,498.8,0,0
FMG,D,20140410,000000,498.8,498.8,498.8,498.8,0,0
FMG,D,20140411,000000,493,493,464,493,5,0
FMG,D,20140414,000000,489.13,489.13,489.13,489.13,0,0
FMG,D,20140415,000000,489.13,489.13,489.13,489.13,0,0
FMG,D,20140416,000000,489.13,489.13,489.13,489.13,0,0
FMG,D,20140417,000000,489.13,489.13,489.13,489.13,0,0
FMG,D,20140422,000000,489.13,489.13,489.13,489.13,0,0
FMG,D,20140423,000000,489.13,489.13,489.13,489.13,0,0
FMG,D,20140424,000000,489.13,489.13,452.4,489.13,5,0
FMG,D,20140425,000000,489.13,489.13,489.13,489.13,0,0
FMG,D,20140428,000000,489.13,489.13,489.13,489.13,0,0
FMG,D,20140429,000000,489.13,489.13,489.13,489.13,0,0
FMG,D,20140430,000000,489.13,489.13,489.13,489.13,0,0
FMG,D,20140502,000000,489.13,489.13,489.13,489.13,0,0
FMG,D,20140505,000000,489.13,489.13,444.67,485.27,3,0
FMG,D,20140506,000000,485.27,485.27,442.73,485.27,2,0
FMG,D,20140507,000000,485.27,485.27,485.27,485.27,0,0
FMG,D,20140508,000000,485.27,485.27,485.27,485.27,0,0
FMG,D,20140509,000000,485.27,485.27,485.27,485.27,0,0
FMG,D,20140512,000000,485.27,485.27,485.27,485.27,0,0
FMG,D,20140513,000000,485.27,485.27,460.13,485.27,5,0
FMG,D,20140514,000000,485.27,485.27,452.4,483.33,3,0
FMG,D,20140515,000000,483.33,483.33,464,483.33,6,0
FMG,D,20140516,000000,483.33,483.33,483.33,483.33,0,0
FMG,D,20140519,000000,483.33,483.33,483.33,483.33,0,0
FMG,D,20140520,000000,444.67,444.67,440.8,444.67,2,0
FMG,D,20140521,000000,467.87,467.87,421.47,423.4,2,0
FMG,D,20140522,000000,467.87,467.87,467.87,467.87,0,0
FMG,D,20140523,000000,467.87,467.87,467.87,467.87,0,0
FMG,D,20140526,000000,467.87,467.87,467.87,467.87,0,0
FMG,D,20140527,000000,467.87,467.87,467.87,467.87,0,0
FMG,D,20140528,000000,467.87,467.87,440.8,467.87,6,0
FMG,D,20140529,000000,467.87,467.87,467.87,467.87,0,0
FMG,D,20140530,000000,467.87,483.33,467.87,483.33,2,0
FMG,D,20140602,000000,483.33,483.33,464,483.33,2,0
FMG,D,20140603,000000,483.33,483.33,483.33,483.33,0,0
FMG,D,20140604,000000,483.33,483.33,483.33,483.33,0,0
FMG,D,20140605,000000,448.53,483.33,448.53,483.33,6,0
FMG,D,20140606,000000,483.33,483.33,483.33,483.33,0,0
FMG,D,20140609,000000,392.47,442.73,392.47,429.2,9,0
FMG,D,20140610,000000,429.2,429.2,429.2,429.2,0,0
FMG,D,20140611,000000,429.2,429.2,429.2,429.2,0,0
FMG,D,20140612,000000,429.2,429.2,429.2,429.2,0,0
FMG,D,20140613,000000,429.2,435,429.2,435,1,0
FMG,D,20140616,000000,435,435,435,435,0,0
FMG,D,20140617,000000,435,435,435,435,0,0
FMG,D,20140618,000000,435,435,435,435,0,0
FMG,D,20140620,000000,435,435,435,435,0,0
FMG,D,20140623,000000,435,435,435,435,0,0
FMG,D,20140624,000000,435,435,435,435,0,0
FMG,D,20140625,000000,435,435,435,435,0,0
FMG,D,20140626,000000,417.6,435,417.6,435,0,0
FMG,D,20140627,000000,435,435,435,435,0,0
FMG,D,20140630,000000,435,435,435,435,0,0
FMG,D,20140701,000000,435,435,435,435,0,0
FMG,D,20140702,000000,435,435,435,435,0,0
FMG,D,20140703,000000,435,435,415.67,415.67,7,0
FMG,D,20140704,000000,415.67,415.67,415.67,415.67,0,0
FMG,D,20140707,000000,415.67,415.67,400.2,415.67,12,0
FMG,D,20140708,000000,415.67,415.67,390.53,415.67,14,0
FMG,D,20140709,000000,415.67,415.67,415.67,415.67,0,0
FMG,D,20140710,000000,415.67,415.67,382.8,382.8,3,0
FMG,D,20140711,000000,415.67,415.67,415.67,415.67,0,0
FMG,D,20140714,000000,406,406,406,406,0,0
FMG,D,20140715,000000,406,406,406,406,0,0
FMG,D,20140716,000000,406,406,406,406,0,0
FMG,D,20140717,000000,406,406,406,406,0,0
FMG,D,20140718,000000,415.67,415.67,415.67,415.67,0,0
FMG,D,20140721,000000,415.67,415.67,415.67,415.67,0,0
FMG,D,20140722,000000,415.67,415.67,415.67,415.67,0,0
FMG,D,20140723,000000,415.67,415.67,415.67,415.67,0,0
FMG,D,20140724,000000,415.67,415.67,415.67,415.67,0,0
FMG,D,20140725,000000,415.67,415.67,415.67,415.67,0,0
FMG,D,20140728,000000,415.67,415.67,415.67,415.67,0,0
FMG,D,20140729,000000,415.67,415.67,415.67,415.67,0,0
FMG,D,20140730,000000,415.67,415.67,409.87,415.67,4,0
FMG,D,20140731,000000,415.67,442.73,386.67,442.73,48,0
FMG,D,20140801,000000,442.73,442.73,442.73,442.73,1,0
FMG,D,20140805,000000,413.73,413.73,413.73,413.73,0,0
FMG,D,20140814,000000,442.73,442.73,442.73,442.73,0,0
FMG,D,20140818,000000,444.67,454.33,444.67,454.33,2,0
FMG,D,20140819,000000,483.33,483.33,406,406,3,0
FMG,D,20140820,000000,425.33,425.33,406,425.33,1,0
FMG,D,20140821,000000,425.33,425.33,425.33,425.33,0,0
FMG,D,20140822,000000,425.33,425.33,425.33,425.33,0,0
FMG,D,20140825,000000,365.4,365.4,348,361.53,30,0
FMG,D,20140826,000000,361.53,361.53,361.53,361.53,0,0
FMG,D,20140827,000000,367.33,367.33,338.33,344.13,12,0
FMG,D,20140828,000000,357.67,357.67,357.67,357.67,0,0
FMG,D,20140829,000000,365.4,367.33,365.4,367.33,7,0
FMG,D,20140901,000000,351.87,377,351.87,377,3,0
FMG,D,20140902,000000,377,377,377,377,0,0
FMG,D,20140903,000000,351.87,351.87,324.8,351.87,11,0
FMG,D,20140904,000000,363.47,363.47,363.47,363.47,0,0
FMG,D,20140905,000000,357.67,357.67,357.67,357.67,1,0
FMG,D,20140908,000000,357.67,357.67,338.33,355.73,2,0
FMG,D,20140909,000000,355.73,355.73,328.67,349.93,1,0
FMG,D,20140910,000000,291.93,320.93,291.93,309.33,16,0
FMG,D,20140911,000000,336.4,353.8,309.33,348,17,0
FMG,D,20140912,000000,348,348,348,348,0,0
FMG,D,20140915,000000,348,348,311.27,311.27,2,0
FMG,D,20140916,000000,307.4,307.4,307.4,307.4,3,0
FMG,D,20140917,000000,307.4,309.33,288.07,290,50,0
FMG,D,20140918,000000,291.93,319,291.93,319,6,0
FMG,D,20140919,000000,338.33,338.33,328.67,330.6,1,0
FMG,D,20140922,000000,338.33,338.33,313.2,338.33,4,0
FMG,D,20140923,000000,328.67,328.67,328.67,328.67,0,0
FMG,D,20140924,000000,328.67,328.67,328.67,328.67,0,0
FMG,D,20140925,000000,338.33,338.33,338.33,338.33,0,0
FMG,D,20140926,000000,332.53,332.53,332.53,332.53,0,0
FMG,D,20140929,000000,328.67,328.67,315.13,328.67,5,0
FMG,D,20140930,000000,319,338.33,319,338.33,16,0
FMG,D,20141001,000000,338.33,338.33,293.87,293.87,6,0
FMG,D,20141002,000000,293.87,293.87,293.87,293.87,1,0
FMG,D,20141007,000000,315.13,315.13,315.13,315.13,0,0
FMG,D,20141008,000000,330.6,330.6,330.6,330.6,0,0
FMG,D,20141009,000000,330.6,330.6,330.6,330.6,0,0
FMG,D,20141010,000000,328.67,328.67,295.8,295.8,5,0
FMG,D,20141013,000000,295.8,295.8,295.8,295.8,0,0
FMG,D,20141014,000000,295.8,295.8,295.8,295.8,0,0
FMG,D,20141015,000000,311.27,328.67,311.27,328.67,56,0
FMG,D,20141016,000000,328.67,328.67,295.8,324.8,6,0
FMG,D,20141017,000000,324.8,324.8,324.8,324.8,0,0
FMG,D,20141020,000000,320.93,320.93,293.87,293.87,3,0
FMG,D,20141021,000000,301.6,301.6,301.6,301.6,0,0
FMG,D,20141022,000000,286.13,301.6,286.13,301.6,22,0
FMG,D,20141023,000000,301.6,301.6,301.6,301.6,0,0
FMG,D,20141024,000000,301.6,301.6,301.6,301.6,0,0
FMG,D,20141027,000000,301.6,301.6,280.33,280.33,0,0
FMG,D,20141028,000000,284.2,284.2,284.2,284.2,6,0
FMG,D,20141029,000000,284.2,284.2,278.4,278.4,9,0
FMG,D,20141030,000000,278.4,278.4,278.4,278.4,0,0
FMG,D,20141031,000000,280.33,288.07,280.33,288.07,1,0
FMG,D,20141103,000000,288.07,288.07,261,280.33,11,0
FMG,D,20141104,000000,280.33,280.33,261,261,1,0
FMG,D,20141105,000000,270.67,290,270.67,270.67,27,0
FMG,D,20141106,000000,293.87,293.87,264.87,290,3,0
FMG,D,20141107,000000,290,290,290,290,0,0
FMG,D,20141110,000000,293.87,305.47,290,301.6,6,0
FMG,D,20141112,000000,272.6,290,261,261,33,0
FMG,D,20141113,000000,284.2,284.2,262.93,262.93,39,0
FMG,D,20141114,000000,257.13,257.13,241.67,241.67,48,0
FMG,D,20141117,000000,241.67,241.67,230.07,230.07,28,0
FMG,D,20141118,000000,228.13,228.13,222.33,228.13,53,0
FMG,D,20141119,000000,228.13,249.4,228.13,249.4,3,0
FMG,D,20141120,000000,249.4,249.4,249.4,249.4,0,0
FMG,D,20141121,000000,249.4,249.4,232,232,5,0
FMG,D,20141124,000000,232,241.67,232,241.67,2,0
FMG,D,20141125,000000,241.67,241.67,220.4,241.67,2,0
FMG,D,20141126,000000,241.67,241.67,220.4,230.07,13,0
FMG,D,20141127,000000,228.13,228.13,206.87,228.13,27,0
FMG,D,20141128,000000,228.13,241.67,220.4,239.73,3,0
FMG,D,20141201,000000,239.73,239.73,228.13,228.13,2,0
FMG,D,20141202,000000,239.73,239.73,220.4,239.73,3,0
FMG,D,20141203,000000,239.73,239.73,239.73,239.73,0,0
FMG,D,20141204,000000,239.73,239.73,239.73,239.73,0,0
FMG,D,20141205,000000,239.73,239.73,214.6,222.33,24,0
FMG,D,20141208,000000,239.73,239.73,239.73,239.73,0,0
FMG,D,20141209,000000,204.93,224.27,204.93,212.67,16,0
FMG,D,20141210,000000,232,232,216.53,216.53,26,0
FMG,D,20141211,000000,228.13,228.13,212.67,218.47,3,0
FMG,D,20141212,000000,222.33,222.33,222.33,222.33,0,0
FMG,D,20141215,000000,220.4,220.4,208.8,220.4,9,0
FMG,D,20141216,000000,220.4,220.4,220.4,220.4,0,0
FMG,D,20141217,000000,222.33,222.33,220.4,220.4,2,0
FMG,D,20141218,000000,220.4,220.4,220.4,220.4,0,0
FMG,D,20141219,000000,218.47,218.47,218.47,218.47,0,0
FMG,D,20141222,000000,203,210.73,193.33,210.73,60,0
FMG,D,20141223,000000,206.87,206.87,181.73,193.33,43,0
FMG,D,20141229,000000,193.33,193.33,174,179.8,18,0
FMG,D,20141230,000000,183.67,183.67,172.07,179.8,18,0
FMG,D,20150102,000000,191.4,191.4,181.73,181.73,14,0
FMG,D,20150105,000000,181.73,181.73,181.73,181.73,0,0
FMG,D,20150107,000000,195.27,195.27,195.27,195.27,0,0
FMG,D,20150108,000000,174,174,174,174,8,0
FMG,D,20150109,000000,191.4,191.4,174,174,7,0
FMG,D,20150112,000000,183.67,183.67,164.33,164.33,2,0
FMG,D,20150113,000000,174,174,164.33,164.33,1,0
FMG,D,20150114,000000,154.67,164.33,154.67,164.33,1,0
FMG,D,20150115,000000,154.67,154.67,154.67,154.67,38,0
FMG,D,20150116,000000,164.33,164.33,154.67,154.67,2,0
FMG,D,20150119,000000,174,174,174,174,0,0
FMG,D,20150120,000000,174,174,174,174,0,0
FMG,D,20150121,000000,135.33,135.33,135.33,135.33,9,0
FMG,D,20150122,000000,139.2,145,139.2,145,46,0
FMG,D,20150123,000000,146.93,146.93,146.93,146.93,0,0
FMG,D,20150126,000000,141.13,154.67,141.13,154.67,11,0
FMG,D,20150128,000000,152.73,152.73,152.73,152.73,41,0
FMG,D,20150129,000000,152.73,152.73,152.73,152.73,0,0
FMG,D,20150130,000000,152.73,152.73,152.73,152.73,1,0
FMG,D,20150205,000000,156.6,156.6,156.6,156.6,0,0
FMG,D,20150206,000000,135.33,152.73,135.33,152.73,16,0
FMG,D,20150216,000000,152.73,166.27,152.73,166.27,8,0
FMG,D,20150217,000000,164.33,164.33,164.33,164.33,0,0
FMG,D,20150218,000000,164.33,164.33,164.33,164.33,0,0
FMG,D,20150219,000000,164.33,164.33,164.33,164.33,0,0
FMG,D,20150220,000000,137.27,137.27,137.27,137.27,2,0
FMG,D,20150225,000000,137.27,137.27,137.27,137.27,3,0
FMG,D,20150226,000000,139.2,139.2,139.2,139.2,0,0
FMG,D,20150227,000000,141.13,145,141.13,145,26,0
FMG,D,20150302,000000,172.07,172.07,172.07,172.07,55,0
FMG,D,20150303,000000,172.07,172.07,164.33,164.33,14,0
FMG,D,20150304,000000,172.07,172.07,172.07,172.07,0,0
FMG,D,20150305,000000,172.07,172.07,146.93,146.93,4,0
FMG,D,20150306,000000,168.2,168.2,160.47,160.47,4,0
FMG,D,20150309,000000,170.13,170.13,170.13,170.13,4,0
FMG,D,20150310,000000,170.13,175.93,170.13,175.93,9,0
FMG,D,20150311,000000,183.67,183.67,183.67,183.67,16,0
FMG,D,20150312,000000,183.67,183.67,183.67,183.67,0,0
FMG,D,20150316,000000,174,174,174,174,0,0
FMG,D,20150319,000000,162.4,162.4,162.4,162.4,7,0
FMG,D,20150320,000000,162.4,162.4,160.47,160.47,17,0
FMG,D,20150323,000000,154.67,156.6,154.67,156.6,23,0
FMG,D,20150324,000000,154.67,154.67,154.67,154.67,41,0
FMG,D,20150325,000000,154.67,168.2,154.67,168.2,3,0
FMG,D,20150327,000000,166.27,166.27,166.27,166.27,0,0
FMG,D,20150330,000000,154.67,154.67,154.67,154.67,4,0
FMG,D,20150331,000000,170.13,170.13,170.13,170.13,2,0
FMG,D,20150407,000000,154.67,154.67,154.67,154.67,1,0
FMG,D,20150408,000000,170.13,170.13,170.13,170.13,12,0
FMG,D,20150409,000000,181.73,181.73,181.73,181.73,0,0
FMG,D,20150410,000000,181.73,181.73,181.73,181.73,16,0
FMG,D,20150413,000000,181.73,181.73,181.73,181.73,10,0
FMG,D,20150414,000000,166.27,181.73,166.27,181.73,2,0
FMG,D,20150415,000000,181.73,181.73,166.27,166.27,39,0
FMG,D,20150416,000000,174,174,174,174,0,0
FMG,D,20150417,000000,166.27,166.27,166.27,166.27,5,0
FMG,D,20150420,000000,181.73,181.73,181.73,181.73,0,0
FMG,D,20150421,000000,181.73,181.73,181.73,181.73,1,0
FMG,D,20150423,000000,170.13,179.8,170.13,179.8,20,0
FMG,D,20150424,000000,162.4,177.87,162.4,177.87,14,0
FMG,D,20150427,000000,177.87,177.87,177.87,177.87,2,0
FMG,D,20150430,000000,170.13,170.13,170.13,170.13,1,0
FMG,D,20150504,000000,174,174,174,174,0,0
FMG,D,20150505,000000,172.07,172.07,160.47,160.47,10,0
FMG,D,20150506,000000,160.47,160.47,160.47,160.47,7,0
FMG,D,20150507,000000,160.47,160.47,160.47,160.47,9,0
FMG,D,20150508,000000,154.67,154.67,154.67,154.67,51,0
FMG,D,20150511,000000,152.73,152.73,152.73,152.73,14,0
FMG,D,20150512,000000,139.2,139.2,139.2,139.2,26,0
FMG,D,20150515,000000,152.73,152.73,152.73,152.73,300,0
FMG,D,20150518,000000,166.27,166.27,166.27,166.27,0,0
FMG,D,20150519,000000,164.33,166.27,164.33,166.27,0,0
FMG,D,20150520,000000,166.27,166.27,166.27,166.27,0,0
FMG,D,20150521,000000,166.27,166.27,166.27,166.27,0,0
FMG,D,20150522,000000,156.6,166.27,156.6,166.27,22,0
FMG,D,20150525,000000,175.93,175.93,175.93,175.93,3,0
FMG,D,20150526,000000,175.93,175.93,175.93,175.93,0,0
FMG,D,20150527,000000,175.93,175.93,175.93,175.93,0,0
FMG,D,20150528,000000,174,174,174,174,0,0
FMG,D,20150529,000000,174,174,174,174,0,0
FMG,D,20150601,000000,174,174,174,174,0,0
FMG,D,20150602,000000,172.07,172.07,172.07,172.07,0,0
FMG,D,20150603,000000,164.33,164.33,164.33,164.33,0,0
FMG,D,20150608,000000,164.33,164.33,164.33,164.33,0,0
FMG,D,20150609,000000,164.33,164.33,164.33,164.33,0,0
FMG,D,20150610,000000,164.33,164.33,164.33,164.33,4,0
FMG,D,20150611,000000,164.33,164.33,164.33,164.33,0,0
FMG,D,20150612,000000,174,174,174,174,0,0
FMG,D,20150615,000000,174,174,174,174,0,0
FMG,D,20150616,000000,174,174,174,174,0,0
FMG,D,20150617,000000,174,174,174,174,0,0
FMG,D,20150619,000000,174,174,174,174,0,0
FMG,D,20150622,000000,174,174,174,174,0,0
FMG,D,20150629,000000,174,174,174,174,0,0
FMG,D,20150630,000000,174,174,174,174,0,0
FMG,D,20150701,000000,175.93,175.93,175.93,175.93,0,0
FMG,D,20150702,000000,175.93,175.93,175.93,175.93,0,0
FMG,D,20150703,000000,175.93,175.93,175.93,175.93,0,0
FMG,D,20150706,000000,175.93,175.93,175.93,175.93,0,0
FMG,D,20150707,000000,175.93,175.93,175.93,175.93,0,0
FMG,D,20150708,000000,175.93,175.93,175.93,175.93,0,0
FMG,D,20150709,000000,175.93,175.93,175.93,175.93,0,0
FMG,D,20150710,000000,174,174,166.27,166.27,26,0
FMG,D,20150713,000000,172.07,172.07,172.07,172.07,25,0
FMG,D,20150714,000000,174,174,172.07,172.07,1,0
FMG,D,20150715,000000,172.07,172.07,172.07,172.07,0,0
FMG,D,20150716,000000,172.07,172.07,172.07,172.07,0,0
FMG,D,20150717,000000,172.07,172.07,172.07,172.07,0,0
FMG,D,20150720,000000,172.07,172.07,172.07,172.07,0,0
FMG,D,20150721,000000,172.07,172.07,172.07,172.07,0,0
FMG,D,20150722,000000,172.07,172.07,172.07,172.07,0,0
FMG,D,20150723,000000,172.07,172.07,172.07,172.07,13,0
FMG,D,20150724,000000,172.07,172.07,162.4,162.4,14,0
FMG,D,20150727,000000,166.27,166.27,166.27,166.27,0,0
FMG,D,20150728,000000,166.27,166.27,166.27,166.27,0,0
FMG,D,20150729,000000,172.07,172.07,172.07,172.07,0,0
FMG,D,20150730,000000,172.07,172.07,172.07,172.07,0,0
FMG,D,20150731,000000,160.47,160.47,160.47,160.47,31,0
FMG,D,20150803,000000,172.07,172.07,172.07,172.07,0,0
FMG,D,20150804,000000,172.07,172.07,172.07,172.07,0,0
FMG,D,20150805,000000,172.07,172.07,172.07,172.07,2,0
FMG,D,20150806,000000,172.07,172.07,160.47,160.47,29,0
FMG,D,20150807,000000,160.47,160.47,160.47,160.47,42,0
FMG,D,20150810,000000,172.07,172.07,172.07,172.07,0,0
FMG,D,20150811,000000,168.2,172.07,168.2,172.07,2,0
FMG,D,20150812,000000,172.07,172.07,172.07,172.07,0,0
FMG,D,20150813,000000,172.07,172.07,172.07,172.07,0,0
FMG,D,20150814,000000,172.07,172.07,172.07,172.07,0,0
FMG,D,20150817,000000,154.67,154.67,154.67,154.67,35,0
FMG,D,20150818,000000,172.07,172.07,172.07,172.07,0,0
FMG,D,20150819,000000,170.13,170.13,170.13,170.13,0,0
FMG,D,20150820,000000,168.2,168.2,168.2,168.2,0,0
FMG,D,20150821,000000,168.2,168.2,168.2,168.2,0,0
FMG,D,20150824,000000,168.2,168.2,168.2,168.2,0,0
FMG,D,20150825,000000,168.2,168.2,168.2,168.2,0,0
FMG,D,20150826,000000,168.2,168.2,168.2,168.2,0,0
FMG,D,20150827,000000,168.2,168.2,168.2,168.2,0,0
FMG,D,20150831,000000,158.53,158.53,158.53,158.53,14,0
FMG,D,20150901,000000,166.27,166.27,166.27,166.27,0,0
FMG,D,20150902,000000,166.27,166.27,166.27,166.27,0,0
FMG,D,20150903,000000,166.27,166.27,166.27,166.27,0,0
FMG,D,20150904,000000,166.27,166.27,166.27,166.27,0,0
FMG,D,20150907,000000,166.27,166.27,156.6,156.6,5,0
FMG,D,20150908,000000,152.73,152.73,143.07,143.07,13,0
FMG,D,20150909,000000,143.07,143.07,129.53,129.53,20,0
FMG,D,20150910,000000,135.33,135.33,135.33,135.33,1,0
FMG,D,20150911,000000,135.33,135.33,135.33,135.33,19,0
FMG,D,20150914,000000,135.33,135.33,135.33,135.33,2,0
FMG,D,20150915,000000,146.93,146.93,146.93,146.93,1,0
FMG,D,20150916,000000,145,145,145,145,7,0
FMG,D,20150917,000000,145,145,145,145,1,0
FMG,D,20150918,000000,145,145,145,145,14,0
FMG,D,20150921,000000,127.6,127.6,127.6,127.6,58,0
FMG,D,20150922,000000,131.47,131.47,131.47,131.47,0,0
FMG,D,20150923,000000,139.2,139.2,139.2,139.2,1,0
FMG,D,20150924,000000,131.47,131.47,131.47,131.47,1,0
FMG,D,20150925,000000,131.47,131.47,131.47,131.47,7,0
FMG,D,20150930,000000,129.53,129.53,129.53,129.53,1,0
FMG,D,20151001,000000,127.6,127.6,127.6,127.6,1,0
FMG,D,20151002,000000,127.6,127.6,127.6,127.6,0,0
FMG,D,20151006,000000,127.6,127.6,125.67,125.67,26,0
FMG,D,20151007,000000,125.67,145,125.67,145,11,0
FMG,D,20151009,000000,145,145,145,145,0,0
FMG,D,20151012,000000,143.07,145,143.07,145,7,0
FMG,D,20151014,000000,158.53,158.53,158.53,158.53,0,0
FMG,D,20151015,000000,158.53,158.53,158.53,158.53,0,0
FMG,D,20151016,000000,158.53,158.53,156.6,158.53,11,0
FMG,D,20151019,000000,131.47,141.13,131.47,131.47,92,0
FMG,D,20151020,000000,133.4,133.4,129.53,133.4,0,0
FMG,D,20151021,000000,133.4,133.4,129.53,129.53,86,0
FMG,D,20151022,000000,133.4,133.4,123.73,127.6,71,0
FMG,D,20151023,000000,127.6,131.47,116,131.47,9,0
FMG,D,20151026,000000,127.6,127.6,123.73,127.6,30,0
FMG,D,20151027,000000,127.6,127.6,119.87,121.8,61,0
FMG,D,20151028,000000,127.6,127.6,119.87,123.73,68,0
FMG,D,20151029,000000,127.6,127.6,123.73,127.6,2,0
FMG,D,20151030,000000,127.6,127.6,127.6,127.6,3,0
FMG,D,20151102,000000,137.27,137.27,127.6,127.6,10,0
FMG,D,20151103,000000,127.6,127.6,125.67,125.67,21,0
FMG,D,20151104,000000,125.67,135.33,117.93,135.33,72,0
FMG,D,20151105,000000,135.33,135.33,119.87,119.87,45,0
FMG,D,20151106,000000,125.67,135.33,114.07,114.07,146,0
FMG,D,20151109,000000,117.93,121.8,117.93,121.8,9,0
FMG,D,20151110,000000,117.93,117.93,116,116,8,0
FMG,D,20151112,000000,119.87,119.87,119.87,119.87,0,0
FMG,D,20151113,000000,119.87,119.87,117.93,117.93,64,0
FMG,D,20151116,000000,117.93,117.93,117.93,117.93,0,0
FMG,D,20151117,000000,117.93,117.93,117.93,117.93,0,0
FMG,D,20151118,000000,117.93,117.93,117.93,117.93,5,0
FMG,D,20151119,000000,119.87,119.87,119.87,119.87,0,0
FMG,D,20151120,000000,119.87,119.87,119.87,119.87,0,0
FMG,D,20151123,000000,119.87,119.87,119.87,119.87,0,0
FMG,D,20151124,000000,119.87,119.87,116,117.93,14,0
FMG,D,20151125,000000,117.93,117.93,117.93,117.93,0,0
FMG,D,20151126,000000,117.93,119.87,117.93,117.93,1,0
FMG,D,20151127,000000,117.93,117.93,117.93,117.93,0,0
FMG,D,20151130,000000,117.93,117.93,117.93,117.93,0,0
FMG,D,20151201,000000,117.93,117.93,112.13,112.13,7,0
FMG,D,20151202,000000,112.13,112.13,112.13,112.13,0,0
FMG,D,20151203,000000,112.13,112.13,112.13,112.13,0,0
FMG,D,20151204,000000,112.13,112.13,104.4,112.13,69,0
FMG,D,20151207,000000,112.13,112.13,106.33,112.13,8,0
FMG,D,20151208,000000,112.13,112.13,110.2,110.2,0,0
FMG,D,20151209,000000,112.13,112.13,104.4,110.2,12,0
FMG,D,20151210,000000,110.2,110.2,92.8,98.6,54,0
FMG,D,20151214,000000,96.667,96.667,94.733,94.733,4,0
FMG,D,20151215,000000,94.733,94.733,87,94.733,3,0
FMG,D,20151216,000000,100.53,100.53,90.867,90.867,24,0
FMG,D,20151217,000000,96.667,96.667,96.667,96.667,0,0
FMG,D,20151218,000000,100.53,100.53,100.53,100.53,0,0
FMG,D,20151221,000000,98.6,98.6,88.933,88.933,28,0
FMG,D,20151222,000000,96.667,96.667,94.733,94.733,0,0
FMG,D,20151223,000000,94.733,94.733,88.933,90.867,19,0
FMG,D,20151228,000000,90.867,94.733,88.933,90.867,116,0
FMG,D,20151229,000000,94.733,94.733,94.733,94.733,131,0
FMG,D,20151230,000000,98.6,98.6,94.733,94.733,116,0
FMG,D,20160104,000000,102.47,106.33,102.47,106.33,3,0
FMG,D,20160105,000000,106.33,106.33,106.33,106.33,6,0
FMG,D,20160107,000000,100.53,102.47,100.53,102.47,0,0
FMG,D,20160108,000000,100.53,100.53,100.53,100.53,9,0
FMG,D,20160111,000000,98.6,98.6,96.667,96.667,80,0
FMG,D,20160112,000000,100.53,108.27,100.53,108.27,1,0
FMG,D,20160113,000000,106.33,106.33,100.53,104.4,1,0
FMG,D,20160114,000000,104.4,106.33,104.4,104.4,0,0
FMG,D,20160119,000000,104.4,104.4,100.53,102.47,1,0
FMG,D,20160120,000000,100.53,100.53,100.53,100.53,0,0
FMG,D,20160121,000000,104.4,104.4,104.4,104.4,0,0
FMG,D,20160122,000000,100.53,100.53,96.667,96.667,1,0
FMG,D,20160125,000000,96.667,106.33,96.667,106.33,1,0
FMG,D,20160127,000000,100.53,106.33,96.667,106.33,0,0
FMG,D,20160128,000000,104.4,104.4,96.667,100.53,1,0
FMG,D,20160129,000000,106.33,106.33,96.667,100.53,112,0
FMG,D,20160201,000000,100.53,100.53,100.53,100.53,0,0
FMG,D,20160202,000000,106.33,106.33,100.53,106.33,1,0
FMG,D,20160203,000000,106.33,106.33,106.33,106.33,0,0
FMG,D,20160204,000000,106.33,106.33,100.53,100.53,0,0
FMG,D,20160205,000000,102.47,102.47,96.667,100.53,13,0
FMG,D,20160208,000000,102.47,102.47,100.53,100.53,0,0
FMG,D,20160209,000000,100.53,100.53,96.667,98.6,15,0
FMG,D,20160210,000000,100.53,100.53,100.53,100.53,0,0
FMG,D,20160211,000000,98.6,98.6,98.6,98.6,0,0
FMG,D,20160212,000000,100.53,100.53,100.53,100.53,0,0
FMG,D,20160215,000000,98.6,98.6,96.667,96.667,77,0
FMG,D,20160216,000000,98.6,98.6,98.6,98.6,0,0
FMG,D,20160217,000000,98.6,98.6,96.667,98.6,11,0
FMG,D,20160218,000000,98.6,98.6,98.6,98.6,0,0
FMG,D,20160219,000000,98.6,98.6,98.6,98.6,3,0
FMG,D,20160222,000000,88.933,94.733,88.933,92.8,58,0
FMG,D,20160223,000000,98.6,98.6,98.6,98.6,1,0
FMG,D,20160224,000000,98.6,100.53,98.6,98.6,32,0
FMG,D,20160225,000000,98.6,98.6,98.6,98.6,0,0
FMG,D,20160226,000000,98.6,104.4,98.6,104.4,0,0
FMG,D,20160229,000000,100.53,100.53,100.53,100.53,1,0
FMG,D,20160301,000000,100.53,100.53,92.8,94.733,89,0
FMG,D,20160302,000000,94.733,96.667,90.867,96.667,4,0
FMG,D,20160303,000000,94.733,94.733,94.733,94.733,0,0
FMG,D,20160304,000000,94.733,94.733,92.8,92.8,21,0
FMG,D,20160307,000000,92.8,96.667,92.8,92.8,56,0
FMG,D,20160308,000000,94.733,96.667,94.733,96.667,0,0
FMG,D,20160309,000000,96.667,96.667,96.667,96.667,0,0
FMG,D,20160310,000000,96.667,96.667,96.667,96.667,0,0
FMG,D,20160311,000000,94.733,96.667,90.867,96.667,52,0
FMG,D,20160314,000000,94.733,94.733,87,87,44,0
FMG,D,20160315,000000,96.667,100.53,92.8,92.8,156,0
FMG,D,20160316,000000,96.667,96.667,96.667,96.667,0,0
FMG,D,20160317,000000,96.667,96.667,96.667,96.667,0,0
FMG,D,20160318,000000,92.8,92.8,92.8,92.8,26,0
FMG,D,20160321,000000,90.867,90.867,88.933,90.867,58,0
FMG,D,20160322,000000,88.933,96.667,88.933,92.8,183,0
FMG,D,20160323,000000,96.667,96.667,92.8,92.8,26,0
FMG,D,20160324,000000,87,92.8,87,92.8,6,0
FMG,D,20160329,000000,92.8,92.8,88.933,90.867,70,0
FMG,D,20160330,000000,94.733,94.733,87,90.867,65,0
FMG,D,20160331,000000,94.733,94.733,85.067,88.933,123,0
FMG,D,20160401,000000,92.8,92.8,92.8,92.8,0,0
FMG,D,20160404,000000,94.733,94.733,83.133,92.8,103,0
FMG,D,20160405,000000,92.8,92.8,90.867,92.8,7,0
FMG,D,20160406,000000,92.8,92.8,88.933,88.933,0,0
FMG,D,20160407,000000,88.933,88.933,87,88.933,6,0
FMG,D,20160408,000000,92.8,92.8,90.867,90.867,7,0
FMG,D,20160411,000000,90.867,92.8,87,92.8,26,0
FMG,D,20160412,000000,92.8,92.8,92.8,92.8,0,0
FMG,D,20160413,000000,90.867,90.867,90.867,90.867,0,0
FMG,D,20160414,000000,87,87,87,87,10,0
FMG,D,20160415,000000,90.867,90.867,87,90.867,9,0
FMG,D,20160418,000000,90.867,92.8,90.867,92.8,78,0
FMG,D,20160419,000000,94.733,94.733,92.8,92.8,58,0
FMG,D,20160420,000000,94.733,94.733,88.933,92.8,8,0
FMG,D,20160421,000000,92.8,92.8,92.8,92.8,54,0
FMG,D,20160422,000000,88.933,92.8,88.933,92.8,14,0
FMG,D,20160425,000000,92.8,92.8,88.933,92.8,3,0
FMG,D,20160426,000000,88.933,92.8,88.933,92.8,4,0
FMG,D,20160427,000000,92.8,92.8,90.867,92.8,14,0
FMG,D,20160428,000000,92.8,98.6,90.867,92.8,31,0
FMG,D,20160429,000000,96.667,96.667,90.867,96.667,0,0
FMG,D,20160502,000000,96.667,96.667,92.8,92.8,3,0
FMG,D,20160504,000000,96.667,96.667,94.733,94.733,60,0
FMG,D,20160505,000000,96.667,96.667,92.8,96.667,39,0
FMG,D,20160506,000000,96.667,96.667,96.667,96.667,0,0
FMG,D,20160509,000000,96.667,96.667,92.8,96.667,2,0
FMG,D,20160510,000000,96.667,96.667,96.667,96.667,0,0
FMG,D,20160511,000000,96.667,96.667,96.667,96.667,0,0
FMG,D,20160512,000000,96.667,96.667,96.667,96.667,0,0
FMG,D,20160513,000000,92.8,94.733,92.8,94.733,220,0
FMG,D,20160516,000000,94.733,94.733,88.933,90.867,39,0
FMG,D,20160517,000000,94.733,94.733,87,94.733,181,0
FMG,D,20160518,000000,94.733,94.733,87,87,57,0
FMG,D,20160519,000000,92.8,92.8,90.867,90.867,1,0
FMG,D,20160520,000000,88.933,88.933,87,87,0,0
FMG,D,20160523,000000,87,88.933,87,88.933,5,0
FMG,D,20160524,000000,88.933,88.933,88.933,88.933,0,0
FMG,D,20160525,000000,88.933,88.933,88.933,88.933,0,0
FMG,D,20160527,000000,88.933,88.933,88.933,88.933,0,0
FMG,D,20160530,000000,88.933,88.933,88.933,88.933,0,0
FMG,D,20160531,000000,88.933,88.933,88.933,88.933,0,0
FMG,D,20160602,000000,88.933,88.933,87,87,3,0
FMG,D,20160603,000000,87,87,87,87,0,0
FMG,D,20160606,000000,88.933,88.933,88.933,88.933,0,0
FMG,D,20160607,000000,88.933,88.933,88.933,88.933,2,0
FMG,D,20160608,000000,88.933,88.933,88.933,88.933,1,0
FMG,D,20160609,000000,88.933,88.933,88.933,88.933,0,0
FMG,D,20160610,000000,88.933,88.933,88.933,88.933,0,0
FMG,D,20160613,000000,88.933,88.933,88.933,88.933,0,0
FMG,D,20160614,000000,88.933,88.933,88.933,88.933,0,0
FMG,D,20160615,000000,88.933,88.933,88.933,88.933,0,0
FMG,D,20160616,000000,88.933,88.933,83.133,83.133,10,0
FMG,D,20160617,000000,81.2,81.2,79.267,79.267,4,0
FMG,D,20160620,000000,79.267,79.267,79.267,79.267,9,0
FMG,D,20160621,000000,79.267,79.267,79.267,79.267,5,0
FMG,D,20160622,000000,75.4,77.333,71.533,71.533,22,0
FMG,D,20160623,000000,75.4,75.4,69.6,75.4,54,0
FMG,D,20160624,000000,71.533,71.533,71.533,71.533,4,0
FMG,D,20160627,000000,65.733,71.533,65.733,71.533,0,0
FMG,D,20160628,000000,71.533,71.533,71.533,71.533,0,0
FMG,D,20160629,000000,71.533,75.4,71.533,75.4,7,0
FMG,D,20160630,000000,75.4,75.4,75.4,75.4,0,0
FMG,D,20160701,000000,75.4,75.4,75.4,75.4,0,0
FMG,D,20160704,000000,75.4,75.4,75.4,75.4,0,0
FMG,D,20160705,000000,75.4,75.4,75.4,75.4,0,0
FMG,D,20160706,000000,75.4,75.4,75.4,75.4,1,0
FMG,D,20160707,000000,75.4,75.4,75.4,75.4,0,0
FMG,D,20160708,000000,75.4,75.4,75.4,75.4,0,0
FMG,D,20160711,000000,75.4,75.4,75.4,75.4,0,0
FMG,D,20160712,000000,71.533,75.4,71.533,75.4,22,0
FMG,D,20160713,000000,75.4,75.4,75.4,75.4,0,0
FMG,D,20160714,000000,71.533,71.533,71.533,71.533,0,0
FMG,D,20160715,000000,71.533,71.533,71.533,71.533,0,0
FMG,D,20160718,000000,71.533,71.533,71.533,71.533,0,0
FMG,D,20160719,000000,71.533,71.533,71.533,71.533,0,0
FMG,D,20160720,000000,71.533,71.533,71.533,71.533,0,0
FMG,D,20160721,000000,71.533,71.533,71.533,71.533,0,0
FMG,D,20160722,000000,71.533,71.533,71.533,71.533,0,0
FMG,D,20160725,000000,71.533,71.533,71.533,71.533,0,0
FMG,D,20160726,000000,71.533,71.533,71.533,71.533,0,0
FMG,D,20160727,000000,63.8,63.8,63.8,63.8,22,0
FMG,D,20160729,000000,63.8,63.8,63.8,63.8,22,0
FMG,D,20160801,000000,63.8,63.8,63.8,63.8,0,0
FMG,D,20160802,000000,58,63.8,58,63.8,15,0
FMG,D,20160803,000000,63.8,63.8,63.8,63.8,0,0
FMG,D,20160804,000000,63.8,63.8,63.8,63.8,0,0
FMG,D,20160805,000000,63.8,63.8,63.8,63.8,0,0
FMG,D,20160808,000000,61.867,61.867,61.867,61.867,0,0
FMG,D,20160809,000000,61.867,61.867,61.867,61.867,0,0
FMG,D,20160810,000000,61.867,61.867,61.867,61.867,0,0
FMG,D,20160811,000000,61.867,61.867,61.867,61.867,13,0
FMG,D,20160812,000000,61.867,61.867,61.867,61.867,0,0
FMG,D,20160816,000000,61.867,61.867,61.867,61.867,10,0
FMG,D,20160817,000000,61.867,61.867,61.867,61.867,0,0
FMG,D,20160818,000000,67.667,67.667,67.667,67.667,0,0
FMG,D,20160819,000000,69.6,69.6,69.6,69.6,0,0
FMG,D,20160822,000000,61.867,61.867,61.867,61.867,7,0
FMG,D,20160824,000000,67.667,67.667,67.667,67.667,0,0
FMG,D,20160825,000000,67.667,67.667,67.667,67.667,66,0
FMG,D,20160826,000000,61.867,61.867,61.867,61.867,0,0
FMG,D,20160829,000000,67.667,69.6,67.667,69.6,0,0
FMG,D,20160830,000000,69.6,69.6,69.6,69.6,1,0
FMG,D,20160831,000000,67.667,69.6,67.667,69.6,0,0
FMG,D,20160901,000000,69.6,69.6,69.6,69.6,0,0
FMG,D,20160902,000000,69.6,69.6,69.6,69.6,0,0
FMG,D,20160905,000000,69.6,69.6,69.6,69.6,0,0
FMG,D,20160906,000000,69.6,69.6,61.867,61.867,1,0
FMG,D,20160913,000000,61.867,61.867,61.867,61.867,0,0
FMG,D,20160914,000000,61.867,61.867,61.867,61.867,23,0
FMG,D,20160915,000000,65.733,65.733,65.733,65.733,0,0
FMG,D,20160916,000000,65.733,65.733,65.733,65.733,0,0
FMG,D,20160919,000000,65.733,65.733,65.733,65.733,0,0
FMG,D,20160920,000000,65.733,65.733,65.733,65.733,0,0
FMG,D,20160921,000000,65.733,65.733,65.733,65.733,0,0
FMG,D,20160922,000000,65.733,65.733,65.733,65.733,0,0
FMG,D,20160923,000000,65.733,65.733,65.733,65.733,2,0
FMG,D,20160926,000000,65.733,65.733,65.733,65.733,0,0
FMG,D,20160927,000000,65.733,65.733,65.733,65.733,0,0
FMG,D,20160928,000000,65.733,65.733,65.733,65.733,8,0
FMG,D,20160929,000000,65.733,65.733,65.733,65.733,0,0
FMG,D,20160930,000000,65.733,65.733,65.733,65.733,0,0
FMG,D,20161003,000000,65.733,65.733,65.733,65.733,16,0
FMG,D,20161004,000000,65.733,65.733,65.733,65.733,0,0
FMG,D,20161005,000000,65.733,65.733,65.733,65.733,0,0
FMG,D,20161006,000000,65.733,65.733,65.733,65.733,0,0
FMG,D,20161007,000000,65.733,65.733,65.733,65.733,0,0
FMG,D,20161010,000000,65.733,65.733,65.733,65.733,0,0
FMG,D,20161011,000000,65.733,65.733,65.733,65.733,0,0
FMG,D,20161012,000000,65.733,65.733,65.733,65.733,0,0
FMG,D,20161013,000000,65.733,65.733,65.733,65.733,0,0
FMG,D,20161014,000000,65.733,65.733,65.733,65.733,0,0
FMG,D,20161017,000000,65.733,65.733,65.733,65.733,0,0
FMG,D,20161018,000000,65.733,65.733,65.733,65.733,0,0
FMG,D,20161019,000000,65.733,65.733,65.733,65.733,0,0
FMG,D,20161020,000000,63.8,63.8,63.8,63.8,0,0
FMG,D,20161021,000000,63.8,63.8,63.8,63.8,0,0
FMG,D,20161024,000000,63.8,63.8,63.8,63.8,0,0
FMG,D,20161025,000000,63.8,63.8,63.8,63.8,0,0
FMG,D,20161027,000000,63.8,63.8,63.8,63.8,0,0
FMG,D,20161028,000000,63.8,63.8,63.8,63.8,0,0
FMG,D,20161031,000000,65.733,65.733,65.733,65.733,0,0
FMG,D,20161102,000000,65.733,65.733,65.733,65.733,1,0
FMG,D,20161103,000000,58,58,58,58,23,0
FMG,D,20161104,000000,65.733,65.733,65.733,65.733,0,0
FMG,D,20161107,000000,65.733,65.733,65.733,65.733,0,0
FMG,D,20161108,000000,65.733,65.733,65.733,65.733,0,0
FMG,D,20161109,000000,65.733,65.733,65.733,65.733,0,0
FMG,D,20161110,000000,65.733,65.733,65.733,65.733,0,0
FMG,D,20161114,000000,65.733,65.733,65.733,65.733,0,0
FMG,D,20161115,000000,65.733,65.733,65.733,65.733,0,0
FMG,D,20161116,000000,65.733,65.733,65.733,65.733,0,0
FMG,D,20161117,000000,65.733,65.733,65.733,65.733,0,0
FMG,D,20161118,000000,65.733,65.733,65.733,65.733,0,0
FMG,D,20161121,000000,65.733,65.733,65.733,65.733,0,0
FMG,D,20161122,000000,65.733,65.733,65.733,65.733,0,0
FMG,D,20161123,000000,65.733,65.733,65.733,65.733,0,0
FMG,D,20161124,000000,65.733,65.733,65.733,65.733,0,0
FMG,D,20161125,000000,65.733,65.733,65.733,65.733,0,0
FMG,D,20161128,000000,65.733,65.733,65.733,65.733,0,0
FMG,D,20161129,000000,65.733,65.733,65.733,65.733,0,0
FMG,D,20161130,000000,65.733,65.733,65.733,65.733,0,0
FMG,D,20161201,000000,65.733,65.733,65.733,65.733,0,0
FMG,D,20161202,000000,65.733,65.733,65.733,65.733,0,0
FMG,D,20161205,000000,65.733,65.733,65.733,65.733,0,0
FMG,D,20161206,000000,65.733,65.733,65.733,65.733,0,0
FMG,D,20161207,000000,65.733,65.733,65.733,65.733,0,0
FMG,D,20161208,000000,65.733,65.733,65.733,65.733,0,0
FMG,D,20161209,000000,65.733,65.733,65.733,65.733,0,0
FMG,D,20161212,000000,65.733,65.733,65.733,65.733,0,0
FMG,D,20161213,000000,65.733,65.733,65.733,65.733,0,0
FMG,D,20161214,000000,65.733,65.733,65.733,65.733,58,0
FMG,D,20161215,000000,65.733,65.733,58,58,14,0
FMG,D,20161216,000000,58,58,58,58,0,0
FMG,D,20161219,000000,61.867,61.867,61.867,61.867,3,0
FMG,D,20161220,000000,61.867,61.867,61.867,61.867,0,0
FMG,D,20161221,000000,61.867,61.867,58,58,5,0
FMG,D,20161222,000000,61.867,61.867,58,58,1,0
FMG,D,20161223,000000,58,58,58,58,5,0
FMG,D,20161227,000000,61.867,61.867,61.867,61.867,16,0
FMG,D,20161228,000000,58,59.933,58,59.933,20,0
FMG,D,20161229,000000,58,58,58,58,14,0
FMG,D,20161230,000000,58,58,58,58,0,0
FMG,D,20170102,000000,61.867,61.867,61.867,61.867,0,0
FMG,D,20170103,000000,61.867,61.867,61.867,61.867,2,0
FMG,D,20170105,000000,59.933,59.933,59.933,59.933,5,0
FMG,D,20170109,000000,59.933,59.933,59.933,59.933,0,0
FMG,D,20170110,000000,59.933,59.933,59.933,59.933,0,0
FMG,D,20170111,000000,61.867,61.867,61.867,61.867,5,0
FMG,D,20170112,000000,61.867,61.867,61.867,61.867,0,0
FMG,D,20170113,000000,61.867,61.867,61.867,61.867,0,0
FMG,D,20170116,000000,59.933,59.933,59.933,59.933,5,0
FMG,D,20170117,000000,59.933,59.933,59.933,59.933,28,0
FMG,D,20170118,000000,59.933,59.933,59.933,59.933,0,0
FMG,D,20170119,000000,59.933,59.933,59.933,59.933,0,0
FMG,D,20170120,000000,58,59.933,58,59.933,3,0
FMG,D,20170123,000000,59.933,59.933,59.933,59.933,3,0
FMG,D,20170124,000000,59.933,59.933,58,58,0,0
FMG,D,20170125,000000,56.067,56.067,56.067,56.067,0,0
FMG,D,20170126,000000,56.067,56.067,56.067,56.067,0,0
FMG,D,20170127,000000,56.067,56.067,54.133,54.133,2,0
FMG,D,20170130,000000,56.067,56.067,56.067,56.067,0,0
FMG,D,20170131,000000,56.067,56.067,54.133,54.133,16,0
FMG,D,20170201,000000,56.067,56.067,56.067,56.067,0,0
FMG,D,20170202,000000,56.067,56.067,56.067,56.067,0,0
FMG,D,20170203,000000,56.067,56.067,56.067,56.067,0,0
FMG,D,20170206,000000,54.133,54.133,54.133,54.133,59,0
FMG,D,20170207,000000,54.133,54.133,54.133,54.133,0,0
FMG,D,20170209,000000,52.2,52.2,52.2,52.2,3,0
FMG,D,20170210,000000,54.133,54.133,54.133,54.133,0,0
FMG,D,20170213,000000,54.133,54.133,54.133,54.133,0,0
FMG,D,20170214,000000,54.133,54.133,54.133,54.133,7,0
FMG,D,20170215,000000,54.133,56.067,54.133,56.067,674,0
FMG,D,20170217,000000,56.067,58,56.067,58,0,0
FMG,D,20170220,000000,58,58,58,58,5,0
FMG,D,20170221,000000,58,58,58,58,0,0
FMG,D,20170222,000000,56.067,56.067,56.067,56.067,3,0
FMG,D,20170223,000000,56.067,58,56.067,58,2,0
FMG,D,20170224,000000,58,59.933,58,59.933,1,0
FMG,D,20170227,000000,59.933,59.933,59.933,59.933,12,0
FMG,D,20170228,000000,59.933,59.933,59.933,59.933,0,0
FMG,D,20170301,000000,59.933,59.933,59.933,59.933,0,0
FMG,D,20170302,000000,59.933,59.933,59.933,59.933,7,0
FMG,D,20170303,000000,59.933,59.933,59.933,59.933,0,0
FMG,D,20170306,000000,59.933,59.933,59.933,59.933,0,0
FMG,D,20170307,000000,59.933,59.933,59.933,59.933,0,0
FMG,D,20170308,000000,59.933,59.933,59.933,59.933,0,0
FMG,D,20170309,000000,59.933,59.933,59.933,59.933,0,0
FMG,D,20170310,000000,59.933,59.933,59.933,59.933,0,0
FMG,D,20170313,000000,59.933,59.933,59.933,59.933,0,0
FMG,D,20170314,000000,52.2,58,52.2,58,35,0
FMG,D,20170320,000000,56.067,58,56.067,58,2,0
FMG,D,20170321,000000,58,58,52.2,52.2,7,0
FMG,D,20170322,000000,58,58,58,58,0,0
FMG,D,20170323,000000,58,58,58,58,0,0
FMG,D,20170324,000000,58,58,58,58,0,0
FMG,D,20170327,000000,58,58,58,58,0,0
FMG,D,20170328,000000,58,58,58,58,0,0
FMG,D,20170329,000000,58,58,58,58,5,0
FMG,D,20170330,000000,58,58,58,58,0,0
FMG,D,20170331,000000,58,58,58,58,0,0
FMG,D,20170403,000000,58,58,58,58,0,0
FMG,D,20170404,000000,58,58,58,58,26,0
FMG,D,20170405,000000,58,58,58,58,0,0
FMG,D,20170407,000000,58,58,58,58,0,0
FMG,D,20170410,000000,58,58,58,58,0,0
FMG,D,20170411,000000,58,58,58,58,0,0
FMG,D,20170412,000000,58,58,58,58,0,0
FMG,D,20170413,000000,58,58,58,58,0,0
FMG,D,20170418,000000,56.067,56.067,56.067,56.067,0,0
FMG,D,20170419,000000,58,58,58,58,0,0
FMG,D,20170420,000000,58,58,58,58,0,0
FMG,D,20170421,000000,58,58,58,58,0,0
FMG,D,20170424,000000,58,58,58,58,0,0
FMG,D,20170425,000000,58,58,58,58,0,0
FMG,D,20170426,000000,58,58,58,58,0,0
FMG,D,20170427,000000,58,58,58,58,0,0
FMG,D,20170428,000000,58,58,58,58,0,0
FMG,D,20170502,000000,58,58,58,58,0,0
FMG,D,20170504,000000,58,58,58,58,0,0
FMG,D,20170505,000000,58,58,58,58,0,0
FMG,D,20170508,000000,54.133,54.133,54.133,54.133,37,0
FMG,D,20170509,000000,54.133,54.133,54.133,54.133,6,0
FMG,D,20170510,000000,54.133,54.133,54.133,54.133,0,0
FMG,D,20170511,000000,54.133,54.133,54.133,54.133,0,0
FMG,D,20170512,000000,52.2,58,52.2,58,10,0
FMG,D,20170515,000000,58,58,58,58,0,0
FMG,D,20170517,000000,56.067,56.067,56.067,56.067,0,0
FMG,D,20170518,000000,56.067,56.067,54.133,54.133,614,0
FMG,D,20170519,000000,58,58,58,58,0,0
FMG,D,20170522,000000,52.2,52.2,52.2,52.2,17,0
FMG,D,20170523,000000,58,58,58,58,0,0
FMG,D,20170524,000000,56.067,56.067,56.067,56.067,0,0
FMG,D,20170525,000000,58,58,54.133,54.133,7,0
FMG,D,20170526,000000,54.133,54.133,54.133,54.133,0,0
FMG,D,20170529,000000,56.067,56.067,56.067,56.067,0,0
FMG,D,20170530,000000,56.067,56.067,56.067,56.067,0,0
FMG,D,20170531,000000,56.067,56.067,56.067,56.067,0,0
FMG,D,20170602,000000,56.067,56.067,56.067,56.067,0,0
FMG,D,20170605,000000,56.067,56.067,52.2,52.2,1,0
FMG,D,20170606,000000,56.067,56.067,56.067,56.067,0,0
FMG,D,20170607,000000,56.067,56.067,56.067,56.067,0,0
FMG,D,20170608,000000,56.067,56.067,56.067,56.067,0,0
FMG,D,20170609,000000,56.067,56.067,56.067,56.067,0,0
FMG,D,20170612,000000,52.2,56.067,52.2,56.067,10,0
FMG,D,20170613,000000,56.067,56.067,56.067,56.067,0,0
FMG,D,20170614,000000,56.067,56.067,56.067,56.067,0,0
FMG,D,20170616,000000,54.133,54.133,54.133,54.133,6,0
FMG,D,20170619,000000,56.067,56.067,56.067,56.067,0,0
FMG,D,20170620,000000,56.067,56.067,56.067,56.067,0,0
FMG,D,20170621,000000,56.067,56.067,50.267,50.267,18,0
FMG,D,20170622,000000,50.267,50.267,50.267,50.267,0,0
FMG,D,20170623,000000,56.067,56.067,56.067,56.067,0,0
FMG,D,20170626,000000,56.067,56.067,56.067,56.067,0,0
FMG,D,20170627,000000,56.067,56.067,56.067,56.067,0,0
FMG,D,20170628,000000,56.067,56.067,56.067,56.067,0,0
FMG,D,20170629,000000,56.067,56.067,56.067,56.067,0,0
FMG,D,20170630,000000,56.067,56.067,56.067,56.067,0,0
FMG,D,20170703,000000,56.067,56.067,56.067,56.067,0,0
FMG,D,20170704,000000,56.067,56.067,56.067,56.067,0,0
FMG,D,20170705,000000,56.067,56.067,56.067,56.067,0,0
FMG,D,20170706,000000,56.067,56.067,56.067,56.067,0,0
FMG,D,20170707,000000,56.067,56.067,56.067,56.067,0,0
FMG,D,20170710,000000,56.067,56.067,56.067,56.067,0,0
FMG,D,20170711,000000,56.067,56.067,56.067,56.067,0,0
FMG,D,20170712,000000,56.067,56.067,56.067,56.067,0,0
FMG,D,20170713,000000,56.067,56.067,56.067,56.067,0,0
FMG,D,20170714,000000,56.067,56.067,56.067,56.067,0,0
FMG,D,20170717,000000,56.067,56.067,56.067,56.067,0,0
FMG,D,20170718,000000,56.067,56.067,56.067,56.067,0,0
FMG,D,20170731,000000,54.133,54.133,54.133,54.133,0,0
FMG,D,20170807,000000,54.133,54.133,54.133,54.133,0,0
FMG,D,20170818,000000,54.133,54.133,54.133,54.133,0,0
FMG,D,20170824,000000,54.133,54.133,54.133,54.133,0,0
FMG,D,20170831,000000,46.4,46.4,46.4,46.4,16,0
FMG,D,20170901,000000,46.4,48.333,46.4,48.333,17,0
FMG,D,20170904,000000,50.267,50.267,50.267,50.267,12,0
FMG,D,20170905,000000,50.267,50.267,50.267,50.267,1,0
FMG,D,20170907,000000,50.267,50.267,50.267,50.267,0,0
FMG,D,20170912,000000,44.467,44.467,44.467,44.467,1,0
FMG,D,20170913,000000,50.267,50.267,50.267,50.267,0,0
FMG,D,20170914,000000,50.267,50.267,50.267,50.267,0,0
FMG,D,20170918,000000,50.267,50.267,50.267,50.267,0,0
FMG,D,20170920,000000,50.267,50.267,50.267,50.267,0,0
FMG,D,20170921,000000,50.267,50.267,50.267,50.267,0,0
FMG,D,20170922,000000,50.267,50.267,50.267,50.267,0,0
FMG,D,20170926,000000,50.267,50.267,50.267,50.267,0,0
FMG,D,20170928,000000,50.267,50.267,50.267,50.267,0,0
FMG,D,20170929,000000,50.267,50.267,50.267,50.267,0,0
FMG,D,20171002,000000,54.133,54.133,54.133,54.133,0,0
FMG,D,20171013,000000,50.267,50.267,50.267,50.267,1,0
FMG,D,20171023,000000,44.467,44.467,44.467,44.467,29,0
FMG,D,20171024,000000,50.267,50.267,50.267,50.267,0,0
FMG,D,20171027,000000,42.533,42.533,42.533,42.533,110,0
FMG,D,20171030,000000,46.4,46.4,42.533,42.533,5,0
FMG,D,20171031,000000,46.4,46.4,46.4,46.4,0,0
FMG,D,20171106,000000,46.4,46.4,46.4,46.4,10,0
FMG,D,20171124,000000,40.6,40.6,40.6,40.6,21,0
FMG,D,20171127,000000,40.6,40.6,40.6,40.6,10,0
FMG,D,20171204,000000,40.6,40.6,40.6,40.6,0,0
FMG,D,20180122,000000,40.6,40.6,40.6,40.6,1,0
FMG,D,20180123,000000,40.6,40.6,40.6,40.6,5,0
FMG,D,20180130,000000,32.867,32.867,32.867,32.867,12,0
FMG,D,20180131,000000,32.867,32.867,32.867,32.867,2,0
FMG,D,20180208,000000,32.867,32.867,32.867,32.867,16,0
FMG,D,20180212,000000,32.867,36.733,32.867,36.733,91,0
FMG,D,20180214,000000,40.6,40.6,40.6,40.6,0,0
FMG,D,20180226,000000,32.867,32.867,32.867,32.867,2,0
FMG,D,20180301,000000,40.6,40.6,40.6,40.6,35,0
FMG,D,20180302,000000,40.6,40.6,40.6,40.6,1,0
FMG,D,20180323,000000,34.8,34.8,34.8,34.8,9,0
FMG,D,20180326,000000,38.667,38.667,38.667,38.667,0,0
FMG,D,20180329,000000,34.8,34.8,34.8,34.8,19,0
FMG,D,20180404,000000,32.867,32.867,32.867,32.867,2,0
FMG,D,20180406,000000,32.867,32.867,32.867,32.867,37,0
FMG,D,20180412,000000,30.933,30.933,30.933,30.933,1,0
FMG,D,20180528,000000,29,29,29,29,16,0
FMG,D,20180605,000000,29,32.867,29,32.867,10,0
FMG,D,20180607,000000,32.867,32.867,32.867,32.867,0,0
FMG,D,20180612,000000,32.867,32.867,30.933,30.933,52,0
FMG,D,20180626,000000,30.933,30.933,30.933,30.933,8,0
FMG,D,20180629,000000,29,29,29,29,10,0
FMG,D,20180702,000000,29,29,29,29,19,0
FMG,D,20180713,000000,29,29,29,29,3,0
FMG,D,20180717,000000,29,29,29,29,13,0
FMG,D,20180723,000000,29,29,29,29,1,0
FMG,D,20180731,000000,29,29,29,29,8,0
FMG,D,20180810,000000,32.867,32.867,32.867,32.867,16,0
FMG,D,20180823,000000,29,29,29,29,70,0
FMG,D,20180829,000000,29,29,29,29,5,0
FMG,D,20180907,000000,29,29,29,29,0,0
FMG,D,20180921,000000,29,29,29,29,3,0
FMG,D,20180924,000000,30.933,30.933,30.933,30.933,19,0
FMG,D,20181011,000000,29,29,29,29,2,0
FMG,D,20190319,000000,28,28,28,28,21,0
FMG,D,20190402,000000,25,25,25,25,8,0
FMG,D,20190416,000000,22.6,22.6,22.6,22.6,57,0
FMG,D,20190424,000000,20.4,20.4,20.4,20.4,2,0
FMG,D,20190506,000000,20.4,20.4,20.4,20.4,19,0
FMG,D,20190507,000000,20.4,20.4,20.4,20.4,171,0
FMG,D,20190612,000000,20.4,20.4,20.4,20.4,51,0
FMG,D,20190618,000000,16.1,16.1,16.1,16.1,10,0
FMG,D,20190619,000000,16.2,16.2,16.2,16.2,2,0
FMG,D,20190621,000000,16.2,16.2,16.2,16.2,5,0
FMG,D,20190624,000000,16.2,16.2,16,16,104,0
FMG,D,20190701,000000,14,14,14,14,50,0
FMG,D,20190702,000000,17.8,17.8,17.8,17.8,23,0
FMG,D,20190703,000000,17.8,17.8,17.8,17.8,62,0
FMG,D,20190711,000000,16,16,16,16,85,0
FMG,D,20190924,000000,14.4,16.8,14.4,16.8,23,0
FMG,D,20190926,000000,16.9,16.9,16.9,16.9,52,0
FMG,D,20190927,000000,16.9,16.9,16.9,16.9,48,0
FMG,D,20191004,000000,15.3,15.3,15.3,15.3,70,0
FMG,D,20191009,000000,12.6,12.6,12.6,12.6,172,0
FMG,D,20191010,000000,10.5,10.5,10.5,10.5,332,0
FMG,D,20191011,000000,11,11,11,11,113,0
FMG,D,20191014,000000,10.5,10.5,10.5,10.5,83,0
FMG,D,20191018,000000,10.2,10.2,9,9,116,0
FMG,D,20191022,000000,9,9,9,9,2,0
FMG,D,20191108,000000,9.05,9.05,9.05,9.05,3,0
FMG,D,20191113,000000,10,10,10,10,89,0
FMG,D,20191118,000000,10.6,10.6,10.6,10.6,98,0
FMG,D,20191122,000000,9,9,9,9,195,0
FMG,D,20191125,000000,9,9,9,9,130,0
FMG,D,20200110,000000,8.1,8.1,8.1,8.1,47,0
FMG,D,20200113,000000,8.1,8.1,8.1,8.1,1,0
FMG,D,20200114,000000,8.1,8.1,8.1,8.1,4,0
FMG,D,20200128,000000,9.5,9.5,9.5,9.5,120,0
FMG,D,20200207,000000,8.5,8.5,8.5,8.5,103,0
FMG,D,20200217,000000,8.5,8.5,8.5,8.5,26,0
FMG,D,20200219,000000,8.5,8.5,8.5,8.5,1,0
FMG,D,20200226,000000,8.8,8.8,8.8,8.8,30,0
FMG,D,20200228,000000,9,9,9,9,100,0
FMG,D,20200302,000000,9.4,9.4,9.4,9.4,6,0
FMG,D,20200305,000000,10.4,10.5,10.4,10.5,234,0
FMG,D,20200306,000000,11.5,11.5,11.5,11.5,1,0
FMG,D,20200309,000000,11.4,11.4,11.4,11.4,113,0
FMG,D,20200409,000000,12.2,12.2,12.2,12.2,6,0
FMG,D,20200414,000000,13.4,13.4,13.4,13.4,95,0
FMG,D,20200422,000000,14.4,14.4,14.4,14.4,24,0
FMG,D,20200423,000000,14.4,14.4,14.4,14.4,1,0
FMG,D,20200508,000000,14.4,14.4,14.4,14.4,50,0
FMG,D,20200513,000000,13,13,13,13,36,0
FMG,D,20200529,000000,13.2,13.2,13.2,13.2,50,0
FMG,D,20200615,000000,13.2,13.2,13.2,13.2,5,0
FMG,D,20200618,000000,15,15,15,15,91,0
FMG,D,20200619,000000,16.6,16.6,16.6,16.6,78,0
FMG,D,20200622,000000,19.8,19.8,19.8,19.8,22,0
FMG,D,20200623,000000,19.8,21.6,19.8,21.6,128,0
FMG,D,20200624,000000,24.8,24.8,24.8,24.8,64,0
FMG,D,20200630,000000,27.2,28,27.2,28,110,0
FMG,D,20200701,000000,28,28,28,28,41,0
