<TICKER>,<PER>,<DATE>,<TIME>,<OPEN>,<HIGH>,<LOW>,<CLOSE>,<VOL>,<OPENINT>
HMI,D,20131107,000000,9.4166,11.277,9.4166,10.522,798,0
HMI,D,20131108,000000,9.127,10.952,7.3016,10.952,544,0
HMI,D,20131112,000000,8.776,10.356,8.697,8.697,56,0
HMI,D,20131113,000000,8.697,8.697,7.2051,7.2051,224,0
HMI,D,20131115,000000,7.3543,7.3543,7.3543,7.3543,205,0
HMI,D,20131118,000000,7.8984,7.8984,7.8984,7.8984,11,0
HMI,D,20131119,000000,9.1183,9.1183,9.1183,9.1183,11,0
HMI,D,20131204,000000,7.3104,7.3104,7.3104,7.3104,10,0
HMI,D,20131205,000000,8.6882,8.6882,8.6882,8.6882,6,0
HMI,D,20131210,000000,8.3899,8.3899,8.3899,8.3899,6,0
HMI,D,20131213,000000,7.3104,8.3899,7.3104,8.3899,23,0
HMI,D,20131216,000000,7.5737,7.5737,6.8892,6.8892,1729,0
HMI,D,20131217,000000,6.8892,6.8892,6.8892,6.8892,216,0
HMI,D,20131223,000000,6.8014,6.8892,6.8014,6.8892,1892,0
HMI,D,20131227,000000,6.8892,7.0208,6.8892,7.0208,1310,0
HMI,D,20131230,000000,7.0208,7.0208,7.0208,7.0208,34,0
HMI,D,20140102,000000,6.933,6.933,6.933,6.933,125,0
HMI,D,20140103,000000,6.933,6.933,6.933,6.933,122,0
HMI,D,20140107,000000,6.933,6.933,6.4065,6.933,492,0
HMI,D,20140108,000000,6.933,6.933,6.933,6.933,114,0
HMI,D,20140109,000000,6.933,6.933,6.933,6.933,128,0
HMI,D,20140110,000000,6.933,6.933,6.933,6.933,384,0
HMI,D,20140113,000000,6.933,6.933,6.933,6.933,106,0
HMI,D,20140114,000000,6.9243,6.9243,6.9243,6.9243,85,0
HMI,D,20140116,000000,6.933,6.933,6.933,6.933,13,0
HMI,D,20140117,000000,7.0208,7.0208,6.933,7.0208,365,0
HMI,D,20140120,000000,6.933,7.0208,6.933,7.0208,27,0
HMI,D,20140121,000000,6.933,6.933,6.933,6.933,39,0
HMI,D,20140122,000000,7.0208,7.0208,7.0208,7.0208,345,0
HMI,D,20140123,000000,7.012,7.0208,7.012,7.0208,98,0
HMI,D,20140124,000000,7.012,7.0208,7.012,7.0208,308,0
HMI,D,20140127,000000,7.0208,7.0208,7.0208,7.0208,27,0
HMI,D,20140128,000000,7.0208,7.0208,7.0208,7.0208,196,0
HMI,D,20140129,000000,7.0208,7.0208,7.0208,7.0208,189,0
HMI,D,20140130,000000,7.0208,7.0647,6.8014,6.8014,178,0
HMI,D,20140131,000000,7.0647,7.0647,7.0208,7.0208,182,0
HMI,D,20140203,000000,7.0647,7.0647,7.0647,7.0647,54,0
HMI,D,20140205,000000,6.7663,7.0647,6.7663,7.0647,436,0
HMI,D,20140206,000000,7.0647,7.0647,7.0647,7.0647,80,0
HMI,D,20140207,000000,7.0647,7.0647,7.0647,7.0647,5,0
HMI,D,20140210,000000,7.0647,7.1524,7.0647,7.1524,456,0
HMI,D,20140211,000000,7.1437,7.1524,7.1437,7.1524,342,0
HMI,D,20140212,000000,7.1524,7.1524,7.1437,7.1524,160,0
HMI,D,20140213,000000,7.1524,7.1524,7.1524,7.1524,108,0
HMI,D,20140214,000000,7.1524,7.1524,6.8277,7.1524,605,0
HMI,D,20140217,000000,6.1256,7.1524,6.1256,7.1524,146,0
HMI,D,20140218,000000,7.1524,7.1524,7.1524,7.1524,28,0
HMI,D,20140219,000000,7.1524,7.1524,7.1524,7.1524,2,0
HMI,D,20140220,000000,7.1524,7.1524,7.1524,7.1524,74,0
HMI,D,20140221,000000,7.1524,7.1524,7.1524,7.1524,34,0
HMI,D,20140224,000000,7.1524,7.1524,7.1524,7.1524,114,0
HMI,D,20140225,000000,7.1524,7.1524,7.1524,7.1524,3,0
HMI,D,20140226,000000,7.1524,7.1524,7.1524,7.1524,57,0
HMI,D,20140228,000000,7.1524,7.1524,7.1524,7.1524,60,0
HMI,D,20140303,000000,7.4596,7.4596,7.3543,7.4596,80,0
HMI,D,20140304,000000,7.4596,7.4596,7.4596,7.4596,2,0
HMI,D,20140305,000000,7.4508,7.4508,7.4508,7.4508,46,0
HMI,D,20140307,000000,7.4508,7.4508,6.9418,7.4508,242,0
HMI,D,20140310,000000,7.4596,7.4596,7.4596,7.4596,2,0
HMI,D,20140312,000000,7.4596,7.4596,7.4596,7.4596,34,0
HMI,D,20140314,000000,7.4508,7.4596,7.4508,7.4596,108,0
HMI,D,20140318,000000,7.4596,7.4596,7.4596,7.4596,40,0
HMI,D,20140319,000000,7.4596,7.4596,7.4596,7.4596,3,0
HMI,D,20140320,000000,7.4596,7.4596,7.4596,7.4596,11,0
HMI,D,20140321,000000,7.4596,7.4596,7.4596,7.4596,5,0
HMI,D,20140324,000000,7.4508,7.4596,7.4508,7.4508,3057,0
HMI,D,20140325,000000,7.4596,7.4596,7.012,7.3455,6179,0
HMI,D,20140326,000000,7.3455,7.4596,7.3367,7.4508,7053,0
HMI,D,20140327,000000,7.4508,7.4596,7.4508,7.4508,18972,0
HMI,D,20140328,000000,7.4508,7.8896,7.4508,7.8808,3506,0
HMI,D,20140331,000000,7.8984,7.8984,7.8984,7.8984,68,0
HMI,D,20140401,000000,7.9862,8.0213,7.9862,7.9862,59,0
HMI,D,20140402,000000,7.9862,8.0213,7.9862,8.0213,25,0
HMI,D,20140403,000000,8.03,8.03,7.9862,7.9862,114,0
HMI,D,20140404,000000,7.9862,8.03,7.9862,8.03,57,0
HMI,D,20140407,000000,8.03,8.03,8.03,8.03,57,0
HMI,D,20140409,000000,8.03,8.03,8.0213,8.0213,64,0
HMI,D,20140410,000000,8.0213,8.0213,8.0213,8.0213,68,0
HMI,D,20140411,000000,8.0213,8.03,8.0213,8.03,114,0
HMI,D,20140414,000000,8.0213,8.0213,8.0213,8.0213,2,0
HMI,D,20140416,000000,8.0213,8.0213,8.0213,8.0213,2,0
HMI,D,20140417,000000,8.0213,8.0213,8.0213,8.0213,46,0
HMI,D,20140422,000000,8.0213,8.03,8.0213,8.03,285,0
HMI,D,20140425,000000,8.03,8.03,8.03,8.03,251,0
HMI,D,20140429,000000,8.03,8.03,8.03,8.03,262,0
HMI,D,20140430,000000,8.03,8.03,8.03,8.03,467,0
HMI,D,20140502,000000,8.1529,8.1529,8.1529,8.1529,1,0
HMI,D,20140505,000000,8.1178,8.1178,8.1178,8.1178,1,0
HMI,D,20140506,000000,8.1178,8.1178,8.1178,8.1178,1060,0
HMI,D,20140507,000000,7.9862,8.1178,7.9862,8.1178,25,0
HMI,D,20140508,000000,8.1178,8.1178,8.1178,8.1178,23,0
HMI,D,20140509,000000,8.1178,8.1178,8.109,8.1178,16,0
HMI,D,20140514,000000,8.1178,8.1178,7.8984,8.1178,131,0
HMI,D,20140515,000000,8.1178,8.1178,7.8984,7.8984,131,0
HMI,D,20140516,000000,8.1617,8.1617,8.1617,8.1617,80,0
HMI,D,20140519,000000,8.1617,8.1617,8.1617,8.1617,34,0
HMI,D,20140520,000000,8.1617,8.1617,8.1617,8.1617,34,0
HMI,D,20140521,000000,8.1617,8.1617,8.1617,8.1617,46,0
HMI,D,20140522,000000,8.1617,8.1617,8.1617,8.1617,34,0
HMI,D,20140523,000000,8.1617,8.1617,8.1617,8.1617,34,0
HMI,D,20140526,000000,8.1617,8.1617,7.8984,8.1617,216,0
HMI,D,20140527,000000,8.1617,8.1617,8.1617,8.1617,57,0
HMI,D,20140528,000000,8.1617,8.1617,8.1617,8.1617,57,0
HMI,D,20140529,000000,8.1617,8.1617,8.1617,8.1617,57,0
HMI,D,20140530,000000,8.1617,8.1617,8.1617,8.1617,57,0
HMI,D,20140602,000000,8.1617,8.2056,8.1617,8.2056,160,0
HMI,D,20140603,000000,8.1617,8.3372,8.1617,8.3372,66,0
HMI,D,20140606,000000,8.3372,8.3372,8.3372,8.3372,108,0
HMI,D,20140609,000000,8.3372,8.3372,8.3372,8.3372,91,0
HMI,D,20140610,000000,8.3372,8.3372,8.3372,8.3372,120,0
HMI,D,20140611,000000,8.3372,8.3372,8.3372,8.3372,34,0
HMI,D,20140612,000000,8.3372,8.3372,8.3372,8.3372,91,0
HMI,D,20140613,000000,8.3284,8.3372,8.3284,8.3372,228,0
HMI,D,20140618,000000,8.3372,8.3372,8.3372,8.3372,97,0
HMI,D,20140623,000000,8.3372,8.3372,8.3372,8.3372,125,0
HMI,D,20140626,000000,8.3372,8.3372,8.3372,8.3372,148,0
HMI,D,20140627,000000,8.3372,8.3372,8.3372,8.3372,228,0
HMI,D,20140701,000000,8.3372,8.3372,8.3372,8.3372,11,0
HMI,D,20140704,000000,8.3284,8.3372,8.3284,8.3284,348,0
HMI,D,20140707,000000,8.3284,8.3372,8.3284,8.3372,456,0
HMI,D,20140708,000000,8.3372,8.3372,8.3372,8.3372,137,0
HMI,D,20140709,000000,8.3372,8.3372,8.3372,8.3372,114,0
HMI,D,20140715,000000,8.3372,8.3372,8.3372,8.3372,23,0
HMI,D,20140716,000000,8.3372,8.3372,8.3372,8.3372,2,0
HMI,D,20140721,000000,8.3372,8.3372,8.3372,8.3372,273,0
HMI,D,20140722,000000,8.3372,8.3372,8.3372,8.3372,239,0
HMI,D,20140723,000000,8.3372,8.3811,8.3372,8.3811,148,0
HMI,D,20140724,000000,8.4688,8.5742,8.4688,8.5742,391,0
HMI,D,20140725,000000,8.5742,8.5742,8.5742,8.5742,251,0
HMI,D,20140728,000000,8.5654,8.5742,8.5654,8.5742,205,0
HMI,D,20140729,000000,8.5742,8.5742,8.5742,8.5742,205,0
HMI,D,20140730,000000,8.5742,8.5742,8.5742,8.5742,171,0
HMI,D,20140731,000000,8.5742,8.5742,8.5742,8.5742,11,0
HMI,D,20140801,000000,8.5742,8.5742,8.5742,8.5742,182,0
HMI,D,20140804,000000,8.5742,8.5742,8.5742,8.5742,11,0
HMI,D,20140805,000000,8.5742,8.5742,8.5742,8.5742,11,0
HMI,D,20140806,000000,8.5742,8.5742,8.5742,8.5742,137,0
HMI,D,20140807,000000,8.5742,8.5742,8.5742,8.5742,125,0
HMI,D,20140808,000000,8.5742,8.5742,8.5742,8.5742,142,0
HMI,D,20140811,000000,8.5742,8.6444,8.0739,8.5742,473,0
HMI,D,20140812,000000,8.6444,8.6444,8.5742,8.6356,205,0
HMI,D,20140813,000000,8.6444,8.6444,8.6444,8.6444,160,0
HMI,D,20140814,000000,8.6444,8.6444,8.6444,8.6444,211,0
HMI,D,20140818,000000,8.6444,8.6444,8.6444,8.6444,194,0
HMI,D,20140819,000000,8.6444,8.6444,8.6444,8.6444,239,0
HMI,D,20140820,000000,8.6444,8.6444,8.6444,8.6444,116,0
HMI,D,20140821,000000,8.6444,8.6444,8.6444,8.6444,137,0
HMI,D,20140822,000000,8.6444,8.6444,8.6444,8.6444,148,0
HMI,D,20140825,000000,8.6444,8.6444,8.6444,8.6444,114,0
HMI,D,20140826,000000,8.6444,8.6444,8.6444,8.6444,114,0
HMI,D,20140827,000000,8.6444,8.6444,8.6444,8.6444,114,0
HMI,D,20140828,000000,8.6444,8.6444,8.6444,8.6444,142,0
HMI,D,20140829,000000,8.6444,8.6444,8.6444,8.6444,120,0
HMI,D,20140901,000000,8.6444,8.7321,8.6444,8.7321,238,0
HMI,D,20140902,000000,8.7321,8.7321,8.7321,8.7321,199,0
HMI,D,20140903,000000,8.7321,8.7321,8.7321,8.7321,222,0
HMI,D,20140904,000000,8.7321,8.7321,8.7321,8.7321,146,0
HMI,D,20140905,000000,8.7321,8.7321,8.7321,8.7321,263,0
HMI,D,20140908,000000,8.7321,8.7321,8.7233,8.7321,160,0
HMI,D,20140909,000000,8.7321,8.7321,8.7321,8.7321,199,0
HMI,D,20140910,000000,8.7321,8.7321,8.7321,8.7321,137,0
HMI,D,20140911,000000,8.7321,8.7321,8.7321,8.7321,137,0
HMI,D,20140912,000000,8.7321,8.7321,8.7321,8.7321,79,0
HMI,D,20140915,000000,8.7321,8.7584,8.7321,8.7584,95,0
HMI,D,20140916,000000,8.7584,8.7584,8.7584,8.7584,89,0
HMI,D,20140917,000000,8.776,8.9778,8.776,8.9778,221,0
HMI,D,20140918,000000,8.7584,8.7672,8.7584,8.7672,125,0
HMI,D,20140919,000000,8.7672,8.776,8.7584,8.7584,933,0
HMI,D,20140922,000000,8.7584,8.7584,8.7584,8.7584,80,0
HMI,D,20140923,000000,8.7584,8.7584,8.7584,8.7584,80,0
HMI,D,20140924,000000,8.7672,8.7672,8.7584,8.7672,103,0
HMI,D,20140925,000000,8.7672,8.7672,8.7672,8.7672,103,0
HMI,D,20140926,000000,8.7672,8.7672,8.6005,8.7321,137,0
HMI,D,20140929,000000,8.7672,9.2148,8.7672,9.2148,190,0
HMI,D,20140930,000000,8.9427,8.9866,8.776,8.776,108,0
HMI,D,20141001,000000,8.855,8.855,8.8462,8.855,74,0
HMI,D,20141002,000000,8.8462,8.8462,8.8462,8.8462,11,0
HMI,D,20141003,000000,8.8199,8.8199,8.6707,8.8111,87,0
HMI,D,20141006,000000,8.8111,8.8111,8.8111,8.8111,6,0
HMI,D,20141007,000000,8.8111,8.8111,8.8111,8.8111,6,0
HMI,D,20141008,000000,8.8111,8.8111,8.7672,8.7672,11,0
HMI,D,20141009,000000,8.8111,8.8111,8.7672,8.7672,11,0
HMI,D,20141010,000000,8.8111,8.8111,8.7672,8.7672,17,0
HMI,D,20141013,000000,8.7672,8.7672,8.7672,8.7672,6,0
HMI,D,20141014,000000,8.7672,8.7672,8.7672,8.7672,6,0
HMI,D,20141015,000000,8.7672,8.7672,8.7672,8.7672,6,0
HMI,D,20141016,000000,8.7672,8.7672,8.7672,8.7672,6,0
HMI,D,20141017,000000,8.7672,8.7672,8.7672,8.7672,6,0
HMI,D,20141020,000000,8.7672,8.7672,8.7672,8.7672,6,0
HMI,D,20141021,000000,8.7672,8.7672,8.7146,8.7146,11,0
HMI,D,20141022,000000,8.7672,8.7672,8.7672,8.7672,11,0
HMI,D,20141023,000000,8.7672,8.7672,8.7672,8.7672,6,0
HMI,D,20141024,000000,8.7672,8.7672,8.7672,8.7672,6,0
HMI,D,20141027,000000,8.7672,8.7672,8.7672,8.7672,6,0
HMI,D,20141028,000000,8.7672,8.7672,8.7672,8.7672,6,0
HMI,D,20141029,000000,8.7672,8.7672,8.7672,8.7672,11,0
HMI,D,20141030,000000,8.7672,8.7672,8.7672,8.7672,11,0
HMI,D,20141031,000000,8.7672,8.7672,8.7672,8.7672,6,0
HMI,D,20141103,000000,8.7672,8.7672,8.7672,8.7672,2,0
HMI,D,20141104,000000,8.7584,8.7584,8.7584,8.7584,2,0
HMI,D,20141105,000000,8.7584,8.7584,8.7584,8.7584,2,0
HMI,D,20141106,000000,8.7584,8.7584,8.7584,8.7584,2,0
HMI,D,20141107,000000,8.7584,8.7584,8.7584,8.7584,2,0
HMI,D,20141110,000000,8.7584,8.7584,8.7584,8.7584,2,0
HMI,D,20141112,000000,8.7584,8.7584,8.7584,8.7584,2,0
HMI,D,20141113,000000,8.7497,8.7497,8.7497,8.7497,1,0
HMI,D,20141114,000000,8.7497,8.7497,8.7497,8.7497,154,0
HMI,D,20141117,000000,8.7497,8.7497,8.3635,8.3635,157,0
HMI,D,20141119,000000,8.5478,8.5478,8.5478,8.5478,6,0
HMI,D,20141120,000000,8.5478,8.5478,8.5478,8.5478,6,0
HMI,D,20141121,000000,8.425,8.425,8.425,8.425,6,0
HMI,D,20141124,000000,8.425,8.425,8.0564,8.0564,25,0
HMI,D,20141126,000000,8.4074,8.4074,8.4074,8.4074,6,0
HMI,D,20141127,000000,8.4074,8.4074,8.4074,8.4074,6,0
HMI,D,20141128,000000,8.3899,8.3899,8.3899,8.3899,2,0
HMI,D,20141210,000000,8.3899,8.3899,8.3899,8.3899,9,0
HMI,D,20141219,000000,8.3899,8.3899,8.3899,8.3899,28,0
HMI,D,20141222,000000,8.3899,8.3899,8.3899,8.3899,17,0
HMI,D,20141223,000000,8.3899,8.3899,8.3899,8.3899,17,0
HMI,D,20141229,000000,8.3899,8.3899,8.3899,8.3899,17,0
HMI,D,20141230,000000,8.3899,8.3899,8.3899,8.3899,23,0
HMI,D,20150102,000000,8.3899,8.3899,8.3899,8.3899,11,0
HMI,D,20150105,000000,8.3899,8.3899,8.3899,8.3899,11,0
HMI,D,20150107,000000,8.3899,8.3899,8.3899,8.3899,2,0
HMI,D,20150108,000000,8.3899,8.3899,8.3899,8.3899,28,0
HMI,D,20150109,000000,8.3899,8.3899,8.3811,8.3811,28,0
HMI,D,20150112,000000,8.3899,8.3899,8.3899,8.3899,17,0
HMI,D,20150113,000000,8.3899,8.3899,8.3899,8.3899,17,0
HMI,D,20150114,000000,8.3899,8.3899,8.3899,8.3899,28,0
HMI,D,20150115,000000,8.3899,8.3899,8.2319,8.2319,40,0
HMI,D,20150116,000000,8.2319,8.2319,8.2319,8.2319,17,0
HMI,D,20150119,000000,8.2319,8.2319,8.2319,8.2319,23,0
HMI,D,20150120,000000,8.2319,8.2319,8.2319,8.2319,24,0
HMI,D,20150122,000000,8.2319,8.2319,8.2319,8.2319,17,0
HMI,D,20150123,000000,8.2319,8.2319,8.2319,8.2319,17,0
HMI,D,20150126,000000,8.2319,8.2319,8.2319,8.2319,17,0
HMI,D,20150127,000000,8.2319,8.2319,8.2319,8.2319,17,0
HMI,D,20150128,000000,8.1617,8.1617,8.1617,8.1617,11,0
HMI,D,20150129,000000,8.1617,8.1617,8.1617,8.1617,17,0
HMI,D,20150130,000000,8.1617,8.1617,8.1617,8.1617,11,0
HMI,D,20150202,000000,8.1178,8.1178,8.1178,8.1178,11,0
HMI,D,20150203,000000,8.1178,8.1178,8.1178,8.1178,11,0
HMI,D,20150204,000000,8.1178,8.1178,8.1178,8.1178,17,0
HMI,D,20150205,000000,8.1178,8.1178,8.1178,8.1178,11,0
HMI,D,20150206,000000,8.1178,8.1178,8.1178,8.1178,11,0
HMI,D,20150209,000000,8.1178,8.1178,8.1178,8.1178,6,0
HMI,D,20150210,000000,8.1178,8.1178,8.1178,8.1178,2,0
HMI,D,20150211,000000,8.1178,8.1178,8.1178,8.1178,6,0
HMI,D,20150212,000000,8.1178,8.1178,8.1178,8.1178,11,0
HMI,D,20150213,000000,8.1178,8.1178,8.1178,8.1178,11,0
HMI,D,20150216,000000,8.1178,8.1178,8.1178,8.1178,17,0
HMI,D,20150217,000000,8.1178,8.1178,8.1178,8.1178,2,0
HMI,D,20150218,000000,8.1178,8.1178,8.1178,8.1178,17,0
HMI,D,20150219,000000,8.1178,8.1178,8.1178,8.1178,11,0
HMI,D,20150220,000000,8.1178,8.1178,8.1178,8.1178,11,0
HMI,D,20150223,000000,8.1178,8.1178,8.1178,8.1178,11,0
HMI,D,20150224,000000,8.1178,8.1178,8.1178,8.1178,6,0
HMI,D,20150225,000000,8.1178,8.1178,8.1178,8.1178,11,0
HMI,D,20150226,000000,8.1178,8.1178,8.1178,8.1178,11,0
HMI,D,20150227,000000,8.1178,8.1178,8.1178,8.1178,11,0
HMI,D,20150302,000000,8.1178,8.1178,8.1178,8.1178,17,0
HMI,D,20150303,000000,8.1178,8.1178,8.1178,8.1178,17,0
HMI,D,20150304,000000,8.1178,8.1178,8.1178,8.1178,11,0
HMI,D,20150305,000000,8.1178,8.1178,8.1178,8.1178,11,0
HMI,D,20150306,000000,8.1178,8.1178,8.1178,8.1178,11,0
HMI,D,20150309,000000,8.1178,8.1178,8.1178,8.1178,11,0
HMI,D,20150311,000000,8.1178,8.1178,8.1178,8.1178,17,0
HMI,D,20150312,000000,8.1178,8.1178,8.1178,8.1178,11,0
HMI,D,20150313,000000,8.1178,8.1178,8.1178,8.1178,6,0
HMI,D,20150316,000000,8.1178,8.1178,8.1178,8.1178,11,0
HMI,D,20150317,000000,8.1178,8.1178,8.1178,8.1178,11,0
HMI,D,20150318,000000,8.1178,8.1178,8.1178,8.1178,17,0
HMI,D,20150319,000000,8.1178,8.1178,8.1178,8.1178,17,0
HMI,D,20150320,000000,8.1178,8.1178,8.1178,8.1178,2,0
HMI,D,20150323,000000,8.1178,8.1178,8.109,8.109,3,0
HMI,D,20150324,000000,8.109,8.109,8.109,8.109,2,0
HMI,D,20150325,000000,8.109,8.109,8.109,8.109,11,0
HMI,D,20150326,000000,8.109,8.109,8.109,8.109,11,0
HMI,D,20150327,000000,8.109,8.109,8.109,8.109,23,0
HMI,D,20150330,000000,8.109,8.109,8.109,8.109,11,0
HMI,D,20150331,000000,8.109,8.109,8.109,8.109,2,0
HMI,D,20150401,000000,8.109,8.109,8.109,8.109,23,0
HMI,D,20150402,000000,8.109,8.109,8.109,8.109,11,0
HMI,D,20150407,000000,8.109,8.109,8.109,8.109,11,0
HMI,D,20150408,000000,8.109,8.109,8.109,8.109,6,0
HMI,D,20150409,000000,8.109,8.109,8.109,8.109,17,0
HMI,D,20150410,000000,8.109,8.109,8.109,8.109,11,0
HMI,D,20150413,000000,8.109,8.109,8.109,8.109,18,0
HMI,D,20150515,000000,8.1617,8.1617,8.1617,8.1617,23,0
HMI,D,20150615,000000,8.1617,8.1617,8.1617,8.1617,51,0
HMI,D,20150710,000000,8.2494,8.2494,8.2494,8.2494,11,0
HMI,D,20150713,000000,8.2494,8.2494,8.2494,8.2494,21,0
HMI,D,20150714,000000,8.2494,8.2494,8.2494,8.2494,7,0
HMI,D,20150715,000000,8.2494,8.2494,8.2494,8.2494,5,0
HMI,D,20150716,000000,8.2494,8.2494,8.2494,8.2494,5,0
HMI,D,20150717,000000,8.2494,8.2494,8.2494,8.2494,3,0
HMI,D,20150720,000000,8.2494,8.2494,8.2494,8.2494,3,0
HMI,D,20150721,000000,8.2494,8.2494,8.2494,8.2494,7,0
HMI,D,20150722,000000,8.2494,8.2494,8.2494,8.2494,6,0
HMI,D,20150723,000000,8.2494,8.2494,8.2494,8.2494,2,0
HMI,D,20150724,000000,8.2494,8.2494,8.2494,8.2494,3,0
HMI,D,20150727,000000,8.2494,8.2494,8.2494,8.2494,3,0
HMI,D,20150728,000000,8.2494,8.2494,8.2494,8.2494,3,0
HMI,D,20150729,000000,8.2494,8.2494,8.2494,8.2494,2,0
HMI,D,20150730,000000,8.2494,8.2494,8.2494,8.2494,3,0
HMI,D,20150731,000000,8.2494,8.2494,8.2494,8.2494,3,0
HMI,D,20150803,000000,8.2494,8.2494,8.2494,8.2494,3,0
HMI,D,20150804,000000,8.2494,8.2494,8.2494,8.2494,3,0
HMI,D,20150805,000000,8.2494,8.2494,8.2494,8.2494,5,0
HMI,D,20150806,000000,8.2494,8.2494,8.2494,8.2494,3,0
HMI,D,20150807,000000,8.2494,8.2494,8.2494,8.2494,3,0
HMI,D,20150810,000000,8.2494,8.2494,8.2494,8.2494,2,0
HMI,D,20150811,000000,8.2494,8.2494,8.2494,8.2494,2,0
HMI,D,20150812,000000,8.2494,8.2494,8.2494,8.2494,2,0
HMI,D,20150813,000000,8.2494,8.2494,8.2494,8.2494,2,0
HMI,D,20150814,000000,8.2494,8.2494,8.2494,8.2494,2,0
HMI,D,20150817,000000,8.2494,8.2494,8.2494,8.2494,2,0
HMI,D,20150818,000000,8.2494,8.2494,8.2494,8.2494,2,0
HMI,D,20150819,000000,8.2494,8.2494,8.2494,8.2494,2,0
HMI,D,20150820,000000,8.2494,8.2494,8.2494,8.2494,6,0
HMI,D,20150821,000000,8.2494,8.2494,8.2494,8.2494,2,0
HMI,D,20150824,000000,8.2494,8.2494,8.2494,8.2494,1,0
HMI,D,20150825,000000,8.2494,8.2494,8.2494,8.2494,2,0
HMI,D,20150826,000000,8.2494,8.2494,8.2494,8.2494,2,0
HMI,D,20150827,000000,8.2494,8.2494,8.2494,8.2494,2,0
HMI,D,20150828,000000,8.2494,8.2494,8.2494,8.2494,2,0
HMI,D,20150831,000000,8.2056,8.2056,8.2056,8.2056,2,0
HMI,D,20150901,000000,8.2494,8.2494,8.2494,8.2494,1,0
HMI,D,20150902,000000,8.2494,8.2494,8.2494,8.2494,1,0
HMI,D,20150903,000000,8.2494,8.2494,8.2494,8.2494,2,0
HMI,D,20150904,000000,8.2494,8.2494,8.2494,8.2494,1,0
HMI,D,20150907,000000,8.2494,8.2494,8.2494,8.2494,2,0
HMI,D,20150908,000000,8.2494,8.2494,8.2494,8.2494,2,0
HMI,D,20150909,000000,8.3372,8.3372,8.3372,8.3372,1,0
HMI,D,20150921,000000,8.3196,8.3196,8.3196,8.3196,2,0
HMI,D,20150924,000000,7.9862,7.9862,7.9862,7.9862,228,0
HMI,D,20150929,000000,7.9862,7.9862,7.9862,7.9862,28,0
HMI,D,20151013,000000,7.9862,7.9862,7.9862,7.9862,3,0
HMI,D,20151019,000000,7.8984,7.8984,7.8984,7.8984,63,0
HMI,D,20151027,000000,7.9423,7.9423,7.9423,7.9423,172,0
HMI,D,20151028,000000,7.9511,7.9511,7.9511,7.9511,14,0
HMI,D,20151029,000000,7.9511,7.9511,7.9511,7.9511,232,0
HMI,D,20151030,000000,8.03,8.03,7.9511,7.9511,34,0
HMI,D,20151102,000000,8.03,8.3899,8.03,8.3899,273,0
HMI,D,20151103,000000,8.3021,8.3021,8.3021,8.3021,57,0
HMI,D,20151104,000000,9.0568,9.3026,9.0568,9.3026,247,0
HMI,D,20151109,000000,9.741,9.741,9.741,9.741,137,0
HMI,D,20151110,000000,9.829,10.092,9.829,10.092,82,0
HMI,D,20151112,000000,10.268,10.268,10.268,10.268,34,0
HMI,D,20151113,000000,10.619,10.619,10.619,10.619,108,0
HMI,D,20151116,000000,10.794,10.794,10.794,10.794,3,0
HMI,D,20151117,000000,10.794,10.794,10.794,10.794,8,0
HMI,D,20151118,000000,10.794,10.794,10.794,10.794,46,0
HMI,D,20151124,000000,10.794,10.794,10.794,10.794,11,0
HMI,D,20151125,000000,10.961,10.97,10.961,10.97,160,0
HMI,D,20151126,000000,12.32,12.32,12.32,12.32,47,0
HMI,D,20151127,000000,12,12,12,12,10,0
HMI,D,20151130,000000,11.5,11.5,11.5,11.5,5,0
HMI,D,20151201,000000,11.2,11.2,11.2,11.2,5,0
HMI,D,20151203,000000,10.99,10.99,10.99,10.99,5,0
HMI,D,20151207,000000,10.98,10.98,10.98,10.98,10,0
HMI,D,20151209,000000,10.7,10.7,10.33,10.33,32,0
HMI,D,20151218,000000,10.25,10.25,9.82,9.82,50,0
HMI,D,20160107,000000,9.8,9.8,9.8,9.8,5,0
HMI,D,20160108,000000,9.8,9.8,9.8,9.8,2,0
HMI,D,20160111,000000,9.8,9.8,9.8,9.8,1,0
HMI,D,20160112,000000,9.8,9.8,9.8,9.8,2,0
HMI,D,20160113,000000,9.8,9.8,9.8,9.8,1,0
HMI,D,20160114,000000,9.8,9.8,9.8,9.8,1,0
HMI,D,20160115,000000,9.8,9.8,9.8,9.8,1,0
HMI,D,20160118,000000,9.8,9.8,9.8,9.8,1,0
HMI,D,20160119,000000,9.8,9.8,9.8,9.8,5,0
HMI,D,20160120,000000,9.8,9.8,9.5,9.5,26,0
HMI,D,20160125,000000,9.5,9.5,9.5,9.5,1,0
HMI,D,20160126,000000,9.5,9.5,9.5,9.5,31,0
HMI,D,20160127,000000,9.5,9.5,9.5,9.5,5,0
HMI,D,20160128,000000,9.5,9.6,9.5,9.58,48,0
HMI,D,20160129,000000,9.6,9.6,9.6,9.6,5,0
HMI,D,20160201,000000,9.6,9.8,9.6,9.8,110,0
HMI,D,20160202,000000,9.8,9.8,9.8,9.8,65,0
HMI,D,20160203,000000,9.8,9.8,9.8,9.8,10,0
HMI,D,20160204,000000,9.8,9.8,9.8,9.8,5,0
HMI,D,20160205,000000,9.8,9.8,9.8,9.8,5,0
HMI,D,20160208,000000,9.8,9.8,9.8,9.8,10,0
HMI,D,20160209,000000,9.81,9.81,9.81,9.81,5,0
HMI,D,20160210,000000,9.81,9.81,9.81,9.81,8,0
HMI,D,20160211,000000,9.81,9.81,9.81,9.81,5,0
HMI,D,20160212,000000,9.81,9.81,9.81,9.81,10,0
HMI,D,20160215,000000,9.8,9.8,9.8,9.8,8,0
HMI,D,20160216,000000,9.8,9.8,9.8,9.8,6,0
HMI,D,20160217,000000,9.8,9.8,9.79,9.8,71,0
HMI,D,20160218,000000,9.8,9.8,9.8,9.8,8,0
HMI,D,20160219,000000,9.7,9.7,9.6,9.6,10,0
HMI,D,20160222,000000,9.8,9.8,9.79,9.79,135,0
HMI,D,20160223,000000,9.78,9.78,9.78,9.78,10,0
HMI,D,20160224,000000,9.78,9.78,9.78,9.78,15,0
HMI,D,20160226,000000,9.78,9.78,9.78,9.78,15,0
HMI,D,20160229,000000,9.78,9.78,9.78,9.78,5,0
HMI,D,20160301,000000,9.78,9.78,9.78,9.78,5,0
HMI,D,20160302,000000,9.78,9.78,9.78,9.78,5,0
HMI,D,20160303,000000,9.78,9.78,9.78,9.78,75,0
HMI,D,20160304,000000,9.78,9.78,9.78,9.78,10,0
HMI,D,20160307,000000,9.78,9.78,9.78,9.78,10,0
HMI,D,20160308,000000,9.78,9.78,9.78,9.78,5,0
HMI,D,20160309,000000,9.78,9.78,9.78,9.78,5,0
HMI,D,20160310,000000,9.78,9.78,9.78,9.78,10,0
HMI,D,20160311,000000,9.78,9.78,9.78,9.78,10,0
HMI,D,20160314,000000,9.78,9.78,9.78,9.78,10,0
HMI,D,20160315,000000,9.78,9.78,9.78,9.78,7,0
HMI,D,20160316,000000,9.78,9.78,9.78,9.78,10,0
HMI,D,20160317,000000,9.78,9.78,9.78,9.78,6,0
HMI,D,20160318,000000,9.78,9.78,9.78,9.78,2,0
HMI,D,20160321,000000,9.78,9.78,9.78,9.78,5,0
HMI,D,20160322,000000,9.8,9.8,9.8,9.8,10,0
HMI,D,20160323,000000,9.8,9.81,9.79,9.81,85,0
HMI,D,20160324,000000,9.8,9.8,9.12,9.12,80,0
HMI,D,20160329,000000,9.12,9.12,9.12,9.12,90,0
HMI,D,20160330,000000,9.12,9.12,9.12,9.12,20,0
HMI,D,20160331,000000,9.12,9.12,9.12,9.12,19,0
HMI,D,20160404,000000,9.25,9.55,9.25,9.55,40,0
HMI,D,20160405,000000,9.6,9.7,9.6,9.7,25,0
HMI,D,20160406,000000,9.8,9.8,9.8,9.8,5,0
HMI,D,20160407,000000,9.8,9.8,9.8,9.8,45,0
HMI,D,20160408,000000,9.79,9.8,9.79,9.79,75,0
HMI,D,20160411,000000,9.8,9.8,9.8,9.8,5,0
HMI,D,20160412,000000,9.8,9.8,9.79,9.8,55,0
HMI,D,20160413,000000,9.8,9.8,9.8,9.8,20,0
HMI,D,20160414,000000,9.8,9.8,9.8,9.8,10,0
HMI,D,20160415,000000,9.8,9.8,9.8,9.8,5,0
HMI,D,20160419,000000,9.8,9.8,9.8,9.8,5,0
HMI,D,20160420,000000,9.8,9.8,9.8,9.8,5,0
HMI,D,20160421,000000,9.79,10.41,9.79,10,1906,0
HMI,D,20160422,000000,10,10,9.77,9.97,25,0
HMI,D,20160425,000000,9.75,9.75,9.5,9.5,25,0
HMI,D,20160426,000000,9.36,9.36,9.03,9.03,100,0
HMI,D,20160509,000000,9.01,9.01,9.01,9.01,21,0
HMI,D,20160510,000000,9.01,9.02,9,9,64,0
HMI,D,20160511,000000,9.1,9.1,8.83,8.83,160,0
HMI,D,20160516,000000,8.92,8.92,7.35,7.35,391,0
HMI,D,20160519,000000,7.6,7.6,7.6,7.6,20,0
HMI,D,20160525,000000,7.6,7.6,7.5,7.5,25,0
HMI,D,20160802,000000,7.7,7.7,7.7,7.7,6,0
HMI,D,20160809,000000,7.8,7.8,7.7,7.7,40,0
HMI,D,20160810,000000,7.7,7.7,7.7,7.7,15,0
HMI,D,20160811,000000,7.7,7.7,7.7,7.7,20,0
HMI,D,20160812,000000,7.7,7.7,7.7,7.7,20,0
HMI,D,20160816,000000,7.62,7.62,7.62,7.62,66,0
HMI,D,20160818,000000,7.7,7.7,7.7,7.7,205,0
HMI,D,20160819,000000,7.7,7.7,7.7,7.7,16,0
HMI,D,20160919,000000,7.9,7.95,7.9,7.95,15,0
HMI,D,20160923,000000,7.94,8.02,7.94,8.02,20,0
HMI,D,20160926,000000,8.5,8.5,8.5,8.5,20,0
HMI,D,20160927,000000,8.4,8.43,8.4,8.43,40,0
HMI,D,20160928,000000,8.43,8.66,8.43,8.66,120,0
HMI,D,20160929,000000,8.7,8.8,8.7,8.8,35,0
HMI,D,20161004,000000,8.8,9.03,8.8,9,70,0
HMI,D,20161011,000000,9,9,9,9,5,0
HMI,D,20161018,000000,9.19,9.19,9.19,9.19,15,0
HMI,D,20161019,000000,9.3,9.37,9.3,9.37,40,0
HMI,D,20161024,000000,9.54,9.54,9.54,9.54,35,0
HMI,D,20161025,000000,9.62,9.62,9.62,9.62,15,0
HMI,D,20161026,000000,9.62,9.89,9.62,9.89,35,0
HMI,D,20161027,000000,9.88,9.89,9.88,9.89,30,0
HMI,D,20161028,000000,9.9,9.99,9.9,9.99,40,0
HMI,D,20161114,000000,9.98,9.99,9.8,9.8,35,0
HMI,D,20161116,000000,9.9,9.9,9.9,9.9,20,0
HMI,D,20161122,000000,10.15,10.15,10.15,10.15,25,0
HMI,D,20161123,000000,10.26,10.26,10.26,10.26,20,0
HMI,D,20161124,000000,10,10,10,10,5,0
HMI,D,20161125,000000,10.37,10.37,10.37,10.37,30,0
HMI,D,20161128,000000,10.42,10.42,10.42,10.42,20,0
HMI,D,20161129,000000,10.7,10.7,10.7,10.7,25,0
HMI,D,20161130,000000,10.75,10.75,10.75,10.75,20,0
HMI,D,20161202,000000,11.05,11.05,11.05,11.05,5,0
HMI,D,20161205,000000,11.05,11.05,11.05,11.05,5,0
HMI,D,20161206,000000,10.75,10.75,10.35,10.35,125,0
HMI,D,20161223,000000,10.6,10.6,10.6,10.6,5,0
HMI,D,20161227,000000,10.7,10.7,10.7,10.7,5,0
HMI,D,20161228,000000,10.7,10.7,10.7,10.7,2,0
HMI,D,20161229,000000,10.7,10.7,10.7,10.7,10,0
HMI,D,20161230,000000,10.7,10.7,10.7,10.7,5,0
HMI,D,20170116,000000,10.4,10.4,10.4,10.4,10,0
HMI,D,20170117,000000,10.2,10.2,10.2,10.2,5,0
HMI,D,20170203,000000,9.9,9.9,9.9,9.9,32,0
HMI,D,20170206,000000,9.9,9.9,9.9,9.9,25,0
HMI,D,20170207,000000,9.9,9.9,9.9,9.9,25,0
HMI,D,20170209,000000,9.9,9.9,9.9,9.9,10,0
HMI,D,20170210,000000,9.9,9.9,9.9,9.9,5,0
HMI,D,20170213,000000,9.9,9.9,9.9,9.9,5,0
HMI,D,20170214,000000,9.9,9.9,9.9,9.9,10,0
HMI,D,20170215,000000,9.9,9.9,9.9,9.9,10,0
HMI,D,20170216,000000,9.9,9.9,9.9,9.9,5,0
HMI,D,20170217,000000,9.9,9.9,9.9,9.9,5,0
HMI,D,20170220,000000,9.9,9.9,9.9,9.9,5,0
HMI,D,20170221,000000,9.9,9.9,9.9,9.9,5,0
HMI,D,20170222,000000,9.9,9.9,9.9,9.9,5,0
HMI,D,20170224,000000,9.9,9.9,9.9,9.9,5,0
HMI,D,20170227,000000,9.9,9.9,9.9,9.9,10,0
HMI,D,20170228,000000,9.9,9.9,9.9,9.9,5,0
HMI,D,20170301,000000,9.95,9.95,9.95,9.95,5,0
HMI,D,20170302,000000,9.95,9.95,9.95,9.95,5,0
HMI,D,20170303,000000,9.95,9.95,9.95,9.95,5,0
HMI,D,20170306,000000,9.95,9.95,9.95,9.95,5,0
HMI,D,20170307,000000,9.95,9.95,9.95,9.95,5,0
HMI,D,20170308,000000,9.95,9.95,9.95,9.95,5,0
HMI,D,20170309,000000,9.95,9.95,9.95,9.95,5,0
HMI,D,20170310,000000,9.95,9.95,9.95,9.95,5,0
HMI,D,20170313,000000,9.95,9.95,9.95,9.95,5,0
HMI,D,20170314,000000,9.95,9.95,9.95,9.95,5,0
HMI,D,20170315,000000,9.95,9.95,9.95,9.95,5,0
HMI,D,20170316,000000,10.2,10.4,10.2,10.4,60,0
HMI,D,20170317,000000,10.64,10.64,10.64,10.64,65,0
HMI,D,20170320,000000,10.65,14.5,10.65,14.5,93,0
HMI,D,20170321,000000,15.6,18.5,13,13,371,0
HMI,D,20170322,000000,13,13,13,13,5,0
HMI,D,20170323,000000,13,13,13,13,5,0
HMI,D,20170324,000000,13,13,13,13,5,0
HMI,D,20170327,000000,13,14,13,14,18,0
HMI,D,20170328,000000,14.1,16.1,14,16.05,254,0
HMI,D,20170329,000000,16.3,16.35,16.3,16.35,45,0
HMI,D,20170330,000000,16.35,16.5,16,16.5,42,0
HMI,D,20170331,000000,17.1,17.1,17.1,17.1,3,0
HMI,D,20170403,000000,17.4,17.4,17.4,17.4,5,0
HMI,D,20170404,000000,17.55,17.55,17.55,17.55,5,0
HMI,D,20170405,000000,17.69,18.8,16.5,17.85,276,0
HMI,D,20170407,000000,17.85,17.85,17.85,17.85,5,0
HMI,D,20170412,000000,18,18,18,18,5,0
HMI,D,20170413,000000,18.15,18.27,18.15,18.27,10,0
HMI,D,20170418,000000,18.75,18.9,18.75,18.9,30,0
HMI,D,20170419,000000,19,19.11,19,19.1,25,0
HMI,D,20170424,000000,19.1,19.42,19.1,19.3,20,0
HMI,D,20170425,000000,19.65,19.84,19.65,19.84,10,0
HMI,D,20170427,000000,20.2,20.2,20.2,20.2,2,0
HMI,D,20170428,000000,20.5,22.1,20.5,22.1,28,0
HMI,D,20170502,000000,22.5,22.5,22.5,22.5,10,0
HMI,D,20170504,000000,21.5,21.5,21.5,21.5,10,0
HMI,D,20170505,000000,21.5,21.5,21.5,21.5,5,0
HMI,D,20170508,000000,21.5,21.5,21.5,21.5,5,0
HMI,D,20170509,000000,21.5,21.5,21.5,21.5,2,0
HMI,D,20170510,000000,21.5,21.5,21.5,21.5,2,0
HMI,D,20170511,000000,21.5,21.5,21.5,21.5,39,0
HMI,D,20170512,000000,21.5,21.5,21.5,21.5,2,0
HMI,D,20170515,000000,21.5,21.5,21.5,21.5,12,0
HMI,D,20170516,000000,21.5,21.5,21.5,21.5,16,0
HMI,D,20170517,000000,21.5,21.5,21.5,21.5,2,0
HMI,D,20170519,000000,21.5,21.5,21.5,21.5,22,0
HMI,D,20170522,000000,21.5,21.5,21.1,21.1,18,0
HMI,D,20170523,000000,21.49,21.5,21.49,21.5,22,0
HMI,D,20170524,000000,21.15,21.5,21.15,21.5,56,0
HMI,D,20170525,000000,21.5,21.5,21.5,21.5,23,0
HMI,D,20170526,000000,21.5,21.5,21.5,21.5,2,0
HMI,D,20170529,000000,21.5,21.5,21.5,21.5,2,0
HMI,D,20170530,000000,21.5,21.5,21.5,21.5,3,0
HMI,D,20170531,000000,21.5,21.5,21.5,21.5,2,0
HMI,D,20170601,000000,21.5,21.5,20.8,20.8,203,0
HMI,D,20170602,000000,20.8,20.8,20.1,20.1,185,0
HMI,D,20170605,000000,20.1,20.1,20.1,20.1,2,0
HMI,D,20170606,000000,20.1,20.1,20.1,20.1,2,0
HMI,D,20170607,000000,20.1,20.1,20.1,20.1,2,0
HMI,D,20170608,000000,20.1,20.1,20.1,20.1,1,0
HMI,D,20170609,000000,20.1,20.1,20.1,20.1,2,0
HMI,D,20170612,000000,20.1,20.1,20.1,20.1,1,0
HMI,D,20170613,000000,20.1,20.1,20.1,20.1,2,0
HMI,D,20170614,000000,20.1,20.1,20.1,20.1,1,0
HMI,D,20170616,000000,20.1,20.1,20.1,20.1,2,0
HMI,D,20170619,000000,20.1,20.1,20.1,20.1,2,0
HMI,D,20170620,000000,20.1,20.1,20.1,20.1,2,0
HMI,D,20170621,000000,20.1,20.1,20.1,20.1,1,0
HMI,D,20170622,000000,20.1,20.1,20.1,20.1,2,0
HMI,D,20170623,000000,20.1,20.1,20.1,20.1,2,0
HMI,D,20170626,000000,20.1,20.1,20.1,20.1,39,0
HMI,D,20170627,000000,20.1,20.1,20.1,20.1,2,0
HMI,D,20170628,000000,20.1,20.1,20.1,20.1,2,0
HMI,D,20170629,000000,20.1,20.1,20.1,20.1,2,0
HMI,D,20170630,000000,20.1,20.1,20.1,20.1,2,0
HMI,D,20170705,000000,20.1,20.2,16.1,20.2,523,0
HMI,D,20170706,000000,20.1,20.1,20.1,20.1,10,0
HMI,D,20170707,000000,20.2,20.21,20.2,20.21,5,0
HMI,D,20170710,000000,20.11,20.11,20.11,20.11,5,0
HMI,D,20170711,000000,20.1,20.1,20.1,20.1,2,0
HMI,D,20170712,000000,20.1,20.1,20.1,20.1,2,0
HMI,D,20170713,000000,20.1,20.1,20.1,20.1,1,0
HMI,D,20170714,000000,20.1,20.1,20.1,20.1,2,0
HMI,D,20170717,000000,20.1,20.1,20.1,20.1,1,0
HMI,D,20170718,000000,20.1,20.1,20.1,20.1,2,0
HMI,D,20170719,000000,20.21,20.21,20.21,20.21,2,0
HMI,D,20170720,000000,20.12,21.11,20.12,21,179,0
HMI,D,20170721,000000,21.4,21.4,21.4,21.4,2,0
HMI,D,20170724,000000,21.9,22.7,21.9,22.7,5,0
HMI,D,20170725,000000,22.9,22.9,22.1,22.1,12,0
HMI,D,20170726,000000,22.12,22.12,22.12,22.12,2,0
HMI,D,20170727,000000,22.1,22.11,22.1,22.11,4,0
HMI,D,20170728,000000,22.5,22.5,22.5,22.5,2,0
HMI,D,20170731,000000,22.5,22.5,22.5,22.5,1,0
HMI,D,20170801,000000,22.5,22.5,22.5,22.5,1,0
HMI,D,20170802,000000,22.5,22.78,22.5,22.78,32,0
HMI,D,20170803,000000,22.5,22.78,22.5,22.78,31,0
HMI,D,20170804,000000,22.9,22.9,22.9,22.9,2,0
HMI,D,20170807,000000,22.9,22.9,22.9,22.9,8,0
HMI,D,20170808,000000,22.9,22.9,22.9,22.9,21,0
HMI,D,20170809,000000,22.9,22.9,22.9,22.9,1,0
HMI,D,20170810,000000,22.89,22.9,22.89,22.9,33,0
HMI,D,20170811,000000,22.9,22.9,22.9,22.9,2,0
HMI,D,20170814,000000,22.9,22.9,22.9,22.9,1,0
HMI,D,20170816,000000,22.89,22.9,22.89,22.9,39,0
HMI,D,20170817,000000,22.9,22.9,22.9,22.9,1,0
HMI,D,20170818,000000,22.9,22.9,22.9,22.9,2,0
HMI,D,20170821,000000,22.9,22.9,22.9,22.9,1,0
HMI,D,20170822,000000,22.9,22.9,22.9,22.9,2,0
HMI,D,20170823,000000,22.9,22.9,22.9,22.9,2,0
HMI,D,20170824,000000,22.9,22.9,22.9,22.9,2,0
HMI,D,20170825,000000,22.9,22.9,22.9,22.9,1,0
HMI,D,20170828,000000,22.9,22.9,22.9,22.9,1,0
HMI,D,20170829,000000,22.91,22.91,22.91,22.91,1,0
HMI,D,20170830,000000,22.91,22.91,22.91,22.91,2,0
HMI,D,20170831,000000,22.91,22.91,22.91,22.91,1,0
HMI,D,20170901,000000,22.91,22.91,22.91,22.91,1,0
HMI,D,20170904,000000,22.91,22.91,22.91,22.91,1,0
HMI,D,20170905,000000,22.91,22.91,22.91,22.91,2,0
HMI,D,20170906,000000,22.91,22.91,22.91,22.91,2,0
HMI,D,20170907,000000,22.91,22.91,22.91,22.91,1,0
HMI,D,20170908,000000,22.91,22.91,22.91,22.91,1,0
HMI,D,20170911,000000,22.91,22.91,22.91,22.91,1,0
HMI,D,20170912,000000,22.91,22.91,22.91,22.91,1,0
HMI,D,20170913,000000,22.91,22.91,22.91,22.91,1,0
HMI,D,20170914,000000,22.91,22.91,22.91,22.91,1,0
HMI,D,20170915,000000,22.91,22.91,22.91,22.91,1,0
HMI,D,20170918,000000,22.91,22.91,22.91,22.91,1,0
HMI,D,20170919,000000,22.91,22.91,22.91,22.91,1,0
HMI,D,20170920,000000,22.91,22.91,22.9,22.91,101,0
HMI,D,20170921,000000,22.91,22.91,22.91,22.91,1,0
HMI,D,20170922,000000,22.91,22.91,22.91,22.91,1,0
HMI,D,20170925,000000,22.91,22.91,22.6,22.6,102,0
HMI,D,20170926,000000,22.6,22.6,22.6,22.6,4,0
HMI,D,20170927,000000,22.6,22.6,22.6,22.6,5,0
HMI,D,20170928,000000,22.6,22.91,22.6,22.91,222,0
HMI,D,20170929,000000,22.91,22.91,22.91,22.91,3,0
HMI,D,20171002,000000,22.91,22.91,22.91,22.91,2,0
HMI,D,20171003,000000,22.8,22.8,22.6,22.6,100,0
HMI,D,20171004,000000,22.6,22.61,22.6,22.6,207,0
HMI,D,20171012,000000,22.91,22.91,22.91,22.91,3,0
HMI,D,20171013,000000,22.91,22.91,22.91,22.91,3,0
HMI,D,20171016,000000,22.91,22.91,22.91,22.91,2,0
HMI,D,20171017,000000,22.91,22.91,22.91,22.91,2,0
HMI,D,20171018,000000,22.91,22.91,22.91,22.91,2,0
HMI,D,20171019,000000,22.91,22.91,22.91,22.91,2,0
HMI,D,20171020,000000,22.91,22.91,22.91,22.91,2,0
HMI,D,20171023,000000,22.91,22.91,22.91,22.91,2,0
HMI,D,20171024,000000,22.91,22.91,22.91,22.91,1,0
HMI,D,20171025,000000,22.91,22.91,22.91,22.91,2,0
HMI,D,20171026,000000,22.91,22.91,22.91,22.91,2,0
HMI,D,20171027,000000,22.91,22.91,22.91,22.91,2,0
HMI,D,20171030,000000,22.91,22.91,22.91,22.91,2,0
HMI,D,20171031,000000,22.91,22.91,22.91,22.91,12,0
HMI,D,20171102,000000,22.91,22.91,22.91,22.91,8,0
HMI,D,20171103,000000,22.91,22.91,22.91,22.91,2,0
HMI,D,20171106,000000,22.91,22.91,22.91,22.91,190,0
HMI,D,20171107,000000,22.91,22.91,22.91,22.91,3,0
HMI,D,20171108,000000,22.91,22.91,22.69,22.69,93,0
HMI,D,20171110,000000,22.91,22.91,22.91,22.91,2,0
HMI,D,20171113,000000,22.91,22.91,22.91,22.91,2,0
HMI,D,20171114,000000,22.91,22.91,22.91,22.91,2,0
HMI,D,20171115,000000,22.91,22.91,22.91,22.91,2,0
HMI,D,20171116,000000,22.91,22.91,22.91,22.91,2,0
HMI,D,20171117,000000,22.91,22.91,22.91,22.91,2,0
HMI,D,20171120,000000,22.91,22.91,22.91,22.91,2,0
HMI,D,20171121,000000,22.91,22.91,22.91,22.91,2,0
HMI,D,20171122,000000,22.91,22.91,22.91,22.91,2,0
HMI,D,20171123,000000,22.91,22.91,22.91,22.91,2,0
HMI,D,20171124,000000,22.91,22.91,22.91,22.91,2,0
HMI,D,20171127,000000,22.91,22.91,22.91,22.91,2,0
HMI,D,20171128,000000,22.91,22.91,22.91,22.91,2,0
HMI,D,20171129,000000,22.91,22.91,22.91,22.91,2,0
HMI,D,20171130,000000,22.91,22.91,22.91,22.91,2,0
HMI,D,20171201,000000,22.88,22.88,22.88,22.88,1,0
HMI,D,20171205,000000,22.91,22.91,22.91,22.91,2,0
HMI,D,20171206,000000,22.91,22.91,22.91,22.91,1,0
HMI,D,20171207,000000,22.88,22.88,22.88,22.88,2,0
HMI,D,20171208,000000,22.91,22.91,22.91,22.91,2,0
HMI,D,20171211,000000,22.91,22.91,22.91,22.91,2,0
HMI,D,20171212,000000,22.91,22.91,22.91,22.91,2,0
HMI,D,20171213,000000,22.91,22.91,22.91,22.91,1,0
HMI,D,20171214,000000,22.91,22.91,22.91,22.91,2,0
HMI,D,20171215,000000,22.91,22.91,22.91,22.91,2,0
HMI,D,20171218,000000,22.91,22.91,22.91,22.91,2,0
HMI,D,20171219,000000,22.91,22.91,22.91,22.91,1,0
HMI,D,20171220,000000,22.91,22.91,22.91,22.91,2,0
HMI,D,20171221,000000,22.91,22.91,22.91,22.91,2,0
HMI,D,20171222,000000,22.91,22.91,22.91,22.91,3,0
HMI,D,20171227,000000,22.91,22.91,22.91,22.91,2,0
HMI,D,20171228,000000,22.91,22.91,22.91,22.91,2,0
HMI,D,20171229,000000,22.91,22.91,22.91,22.91,2,0
HMI,D,20180104,000000,22.6,22.8,22,22,492,0
HMI,D,20180105,000000,22,22,22,22,2,0
HMI,D,20180108,000000,22,22,22,22,94,0
HMI,D,20180109,000000,22,22,22,22,87,0
HMI,D,20180110,000000,22,22,22,22,2,0
HMI,D,20180111,000000,22,22,22,22,2,0
HMI,D,20180112,000000,22,22,22,22,2,0
HMI,D,20180115,000000,22.6,22.6,22.6,22.6,15,0
HMI,D,20180116,000000,22.6,22.6,22.6,22.6,30,0
HMI,D,20180118,000000,22.8,22.8,22.8,22.8,40,0
HMI,D,20180119,000000,22.8,22.8,22.8,22.8,2,0
HMI,D,20180122,000000,22.8,22.8,22.8,22.8,3,0
HMI,D,20180123,000000,22.8,22.8,22.8,22.8,4,0
HMI,D,20180124,000000,22.8,22.8,22.8,22.8,2,0
HMI,D,20180125,000000,22.8,22.8,22.8,22.8,3,0
HMI,D,20180130,000000,22.8,22.8,22.8,22.8,2,0
HMI,D,20180131,000000,22.8,22.8,22.8,22.8,2,0
HMI,D,20180201,000000,22.8,22.8,22.8,22.8,2,0
HMI,D,20180202,000000,22.8,22.8,22.8,22.8,3,0
HMI,D,20180205,000000,22.8,22.8,22.8,22.8,1,0
HMI,D,20180206,000000,22.8,22.8,22.8,22.8,3,0
HMI,D,20180207,000000,22.8,22.8,22.8,22.8,2,0
HMI,D,20180209,000000,22.8,22.8,22.8,22.8,2,0
HMI,D,20180212,000000,22.8,22.8,22.8,22.8,1,0
HMI,D,20180213,000000,22.8,22.8,22.8,22.8,2,0
HMI,D,20180214,000000,22.8,22.8,22.8,22.8,2,0
HMI,D,20180215,000000,22.8,22.8,22.8,22.8,75,0
HMI,D,20180216,000000,22.8,22.8,22.8,22.8,18,0
HMI,D,20180219,000000,22.8,22.8,22.8,22.8,2,0
HMI,D,20180220,000000,22.8,22.8,22.8,22.8,43,0
HMI,D,20180222,000000,22.8,22.8,22.8,22.8,2,0
HMI,D,20180223,000000,22.8,22.8,22.8,22.8,2,0
HMI,D,20180226,000000,22.8,22.8,22.8,22.8,49,0
HMI,D,20180227,000000,22.8,22.8,22.8,22.8,2,0
HMI,D,20180228,000000,22.8,22.8,22.8,22.8,41,0
HMI,D,20180301,000000,22.8,22.8,22.8,22.8,30,0
HMI,D,20180302,000000,22.8,22.8,22.8,22.8,22,0
HMI,D,20180305,000000,22.8,22.8,22.8,22.8,10,0
HMI,D,20180306,000000,22.8,22.8,22.8,22.8,3,0
HMI,D,20180307,000000,22.8,22.8,22.8,22.8,3,0
HMI,D,20180308,000000,22.8,22.8,22.8,22.8,22,0
HMI,D,20180309,000000,22.8,22.8,22.8,22.8,3,0
HMI,D,20180313,000000,23,23,23,23,2,0
HMI,D,20180314,000000,23,23.8,23,23.8,85,0
HMI,D,20180322,000000,23.4,23.4,22.6,22.6,113,0
HMI,D,20180323,000000,22.6,22.6,22.6,22.6,2,0
HMI,D,20180326,000000,22.6,22.6,22.2,22.6,96,0
HMI,D,20180327,000000,22,22,21.8,21.8,99,0
HMI,D,20180328,000000,21.6,21.6,21.6,21.6,2,0
HMI,D,20180329,000000,21.6,21.6,21.6,21.6,2,0
HMI,D,20180403,000000,21.6,21.6,20,21.4,532,0
HMI,D,20180404,000000,21.6,21.6,21.6,21.6,14,0
HMI,D,20180418,000000,21.4,21.4,21.4,21.4,2,0
HMI,D,20180419,000000,21.4,21.4,21.4,21.4,2,0
HMI,D,20180420,000000,21.4,21.4,21.4,21.4,2,0
HMI,D,20180423,000000,21.4,21.4,21.4,21.4,2,0
HMI,D,20180424,000000,21.4,21.4,21.4,21.4,2,0
HMI,D,20180425,000000,21.4,21.4,21.4,21.4,2,0
HMI,D,20180426,000000,21.4,21.4,21.4,21.4,1,0
HMI,D,20180427,000000,21.4,21.4,21.4,21.4,1,0
HMI,D,20180508,000000,21.8,21.8,21.8,21.8,2,0
HMI,D,20180509,000000,21.8,21.8,21.8,21.8,2,0
HMI,D,20180510,000000,21.8,21.8,21.8,21.8,1,0
HMI,D,20180511,000000,21.8,21.8,21.8,21.8,2,0
HMI,D,20180514,000000,21.8,21.8,21.8,21.8,2,0
HMI,D,20180515,000000,21.8,21.8,21.8,21.8,2,0
HMI,D,20180516,000000,21.8,21.8,21.8,21.8,1,0
HMI,D,20180517,000000,21.8,21.8,21.8,21.8,2,0
HMI,D,20180518,000000,21.8,21.8,21.2,21.2,5,0
HMI,D,20180521,000000,21.6,21.6,21.6,21.6,2,0
HMI,D,20180522,000000,21.6,21.6,21,21,5,0
HMI,D,20180523,000000,21,21,20.6,20.6,84,0
HMI,D,20180622,000000,21,21,21,21,2,0
HMI,D,20180625,000000,21,21.4,21,21.4,57,0
HMI,D,20180627,000000,21.4,21.4,21.4,21.4,4,0
HMI,D,20180628,000000,21.4,21.8,21.4,21.8,34,0
HMI,D,20180629,000000,21.8,21.8,21.8,21.8,3,0
HMI,D,20180702,000000,21.8,21.8,21.8,21.8,2,0
HMI,D,20180703,000000,21.8,21.8,21.8,21.8,3,0
HMI,D,20180704,000000,21.8,22,21.8,21.8,88,0
HMI,D,20180706,000000,22,22,22,22,3,0
HMI,D,20180709,000000,22,22,22,22,4,0
HMI,D,20180710,000000,22,22,22,22,2,0
HMI,D,20180711,000000,22,22.2,22,22.2,92,0
HMI,D,20180712,000000,22.2,22.2,22.2,22.2,3,0
HMI,D,20180713,000000,22.2,22.2,22.2,22.2,2,0
HMI,D,20180716,000000,22.2,22.2,22.2,22.2,2,0
HMI,D,20180717,000000,22.2,22.2,22.2,22.2,2,0
HMI,D,20180718,000000,22.2,22.2,22.2,22.2,2,0
HMI,D,20180719,000000,22.2,22.2,22.2,22.2,2,0
HMI,D,20180720,000000,22.2,22.2,22.2,22.2,2,0
HMI,D,20180723,000000,22.2,22.2,22.2,22.2,2,0
HMI,D,20180724,000000,22.2,22.2,22.2,22.2,2,0
HMI,D,20180725,000000,22.2,22.4,22.2,22.4,57,0
HMI,D,20180726,000000,22.4,22.4,22.4,22.4,2,0
HMI,D,20180727,000000,22.4,22.4,22.4,22.4,2,0
HMI,D,20180730,000000,22.4,22.4,22.4,22.4,2,0
HMI,D,20180801,000000,22.4,22.4,22.4,22.4,2,0
HMI,D,20180802,000000,22.4,22.4,22.4,22.4,2,0
HMI,D,20180803,000000,22.4,22.4,22.4,22.4,1,0
HMI,D,20180806,000000,22.4,22.4,22.4,22.4,2,0
HMI,D,20180807,000000,22.4,22.4,22.4,22.4,2,0
HMI,D,20180808,000000,22.4,22.4,22.4,22.4,2,0
HMI,D,20180809,000000,22.4,22.4,22.4,22.4,1,0
HMI,D,20180810,000000,22.4,22.4,22.4,22.4,2,0
HMI,D,20180813,000000,22.4,22.4,22.4,22.4,2,0
HMI,D,20180814,000000,22.4,22.4,22.4,22.4,2,0
HMI,D,20180816,000000,22.4,22.4,22.4,22.4,1,0
HMI,D,20180817,000000,22.4,22.4,22.4,22.4,1,0
HMI,D,20180820,000000,22.4,22.4,22.4,22.4,2,0
HMI,D,20180821,000000,22.4,22.4,22.4,22.4,2,0
HMI,D,20180822,000000,22.4,22.4,22.4,22.4,2,0
HMI,D,20180823,000000,22.4,22.4,22.4,22.4,3,0
HMI,D,20180824,000000,22.6,22.6,22.6,22.6,2,0
HMI,D,20180827,000000,22.6,22.6,22.6,22.6,2,0
HMI,D,20180828,000000,22.6,22.6,22.6,22.6,2,0
HMI,D,20180829,000000,22.6,22.6,22.6,22.6,1,0
HMI,D,20180830,000000,22.6,22.6,22.6,22.6,1,0
HMI,D,20180831,000000,22.6,22.6,22.6,22.6,2,0
HMI,D,20180903,000000,22.6,22.6,22.6,22.6,2,0
HMI,D,20180904,000000,22.6,22.6,22.6,22.6,2,0
HMI,D,20180905,000000,22.6,22.6,22.6,22.6,1,0
HMI,D,20180906,000000,22.6,22.6,22.6,22.6,1,0
HMI,D,20180907,000000,22.6,22.6,22.6,22.6,1,0
HMI,D,20180910,000000,22.6,22.6,22.6,22.6,1,0
HMI,D,20180911,000000,22.6,22.6,22.6,22.6,1,0
HMI,D,20180912,000000,22.6,22.6,22.6,22.6,1,0
HMI,D,20180913,000000,22.6,22.6,22.6,22.6,1,0
HMI,D,20180914,000000,22.6,22.6,22.6,22.6,1,0
HMI,D,20180917,000000,22.6,22.6,22.6,22.6,1,0
HMI,D,20180918,000000,22.6,22.6,22.6,22.6,1,0
HMI,D,20180919,000000,22.6,22.6,22.6,22.6,1,0
HMI,D,20180920,000000,22.6,22.6,22.6,22.6,1,0
HMI,D,20180921,000000,22.6,22.6,22.6,22.6,1,0
HMI,D,20180924,000000,22.6,22.6,22.6,22.6,1,0
HMI,D,20180925,000000,22.6,22.6,22.6,22.6,1,0
HMI,D,20180926,000000,22.6,22.6,22.6,22.6,1,0
HMI,D,20180927,000000,22.6,22.6,22.6,22.6,2,0
HMI,D,20180928,000000,22.6,22.6,22.6,22.6,2,0
HMI,D,20181001,000000,22.6,22.6,22.6,22.6,2,0
HMI,D,20181002,000000,22.6,22.6,22.6,22.6,2,0
HMI,D,20181003,000000,22.6,22.6,22.6,22.6,2,0
HMI,D,20181008,000000,22.8,22.8,22.8,22.8,2,0
HMI,D,20181009,000000,22.8,22.8,22.8,22.8,2,0
HMI,D,20181011,000000,22.8,22.8,22.8,22.8,1,0
HMI,D,20181012,000000,22.8,22.8,22.8,22.8,1,0
HMI,D,20181015,000000,22.8,22.8,22.8,22.8,1,0
HMI,D,20181016,000000,22.8,22.8,22.8,22.8,1,0
HMI,D,20181017,000000,22.8,22.8,22.8,22.8,1,0
HMI,D,20181018,000000,22.8,22.8,22.8,22.8,1,0
HMI,D,20181019,000000,22.8,22.8,22.8,22.8,5,0
HMI,D,20181022,000000,22.8,22.8,22.8,22.8,2,0
HMI,D,20181023,000000,22.8,22.8,22.8,22.8,1,0
HMI,D,20181024,000000,22.8,22.8,22.8,22.8,1,0
HMI,D,20181025,000000,22.8,22.8,22.8,22.8,1,0
HMI,D,20181026,000000,22.8,22.8,22.8,22.8,1,0
HMI,D,20181029,000000,22.8,22.8,22.8,22.8,1,0
HMI,D,20181030,000000,22.8,22.8,22.8,22.8,1,0
HMI,D,20181031,000000,22.8,22.8,22.8,22.8,1,0
HMI,D,20181102,000000,22.8,22.8,22.8,22.8,20,0
HMI,D,20181105,000000,23.4,23.8,23.4,23.8,30,0
HMI,D,20181106,000000,23.6,24,23.6,24,32,0
HMI,D,20181107,000000,24,24,23.8,23.8,21,0
HMI,D,20181109,000000,23.8,23.8,23.8,23.8,2,0
HMI,D,20181113,000000,23.8,23.8,23.8,23.8,2,0
HMI,D,20181114,000000,23.8,23.8,23.8,23.8,2,0
HMI,D,20181115,000000,23.8,23.8,23.8,23.8,1,0
HMI,D,20181116,000000,23.8,23.8,23.8,23.8,1,0
HMI,D,20181119,000000,23.6,23.6,23.6,23.6,10,0
HMI,D,20181120,000000,23.6,23.8,23.6,23.8,75,0
HMI,D,20181121,000000,24,24,23.8,23.8,39,0
HMI,D,20181122,000000,24,24,24,24,13,0
HMI,D,20181126,000000,24,24,24,24,8,0
HMI,D,20181128,000000,24,24,24,24,2,0
HMI,D,20181204,000000,24,24,24,24,2,0
HMI,D,20181205,000000,24,24,24,24,5,0
HMI,D,20181206,000000,24,24,24,24,5,0
HMI,D,20181207,000000,24,24,24,24,5,0
HMI,D,20181210,000000,24,24,24,24,5,0
HMI,D,20181211,000000,24,24,24,24,5,0
HMI,D,20181212,000000,24,24,24,24,1,0
HMI,D,20181213,000000,24,24,24,24,5,0
HMI,D,20181214,000000,24,24,23.8,23.8,12,0
HMI,D,20181217,000000,24,24,24,24,2,0
HMI,D,20181218,000000,24,24,24,24,2,0
HMI,D,20181219,000000,24,24,24,24,2,0
HMI,D,20181220,000000,24,24,24,24,2,0
HMI,D,20181221,000000,24,24,24,24,2,0
HMI,D,20181227,000000,24,24,24,24,1,0
HMI,D,20181228,000000,24,24,24,24,1,0
HMI,D,20190107,000000,24.2,24.2,24.2,24.2,2,0
HMI,D,20190108,000000,24.2,24.2,24.2,24.2,3,0
HMI,D,20190109,000000,24.2,24.2,24.2,24.2,2,0
HMI,D,20190110,000000,24.2,24.2,24.2,24.2,3,0
HMI,D,20190111,000000,24.2,24.2,24.2,24.2,5,0
HMI,D,20190114,000000,24.2,24.2,24.2,24.2,2,0
HMI,D,20190115,000000,24.2,24.2,24.2,24.2,2,0
HMI,D,20190116,000000,24.2,24.2,24.2,24.2,1,0
HMI,D,20190117,000000,24.2,24.2,24.2,24.2,1,0
HMI,D,20190118,000000,24.2,24.2,24.2,24.2,2,0
HMI,D,20190121,000000,24.2,24.2,24.2,24.2,1,0
HMI,D,20190122,000000,24.2,24.2,24.2,24.2,2,0
HMI,D,20190123,000000,24.2,24.2,24.2,24.2,2,0
HMI,D,20190124,000000,24.2,24.2,24.2,24.2,1,0
HMI,D,20190125,000000,24.2,24.2,24.2,24.2,2,0
HMI,D,20190128,000000,24.2,24.2,24.2,24.2,2,0
HMI,D,20190129,000000,24.2,24.2,24.2,24.2,2,0
HMI,D,20190130,000000,24.2,24.2,24.2,24.2,2,0
HMI,D,20190131,000000,24.2,24.2,24.2,24.2,2,0
HMI,D,20190201,000000,24.2,24.2,24.2,24.2,2,0
HMI,D,20190204,000000,24.2,24.2,24.2,24.2,1,0
HMI,D,20190205,000000,24.2,24.2,24.2,24.2,1,0
HMI,D,20190206,000000,24.2,24.2,24.2,24.2,81,0
HMI,D,20190207,000000,24.2,24.2,24.2,24.2,2,0
HMI,D,20190211,000000,24.2,24.2,24.2,24.2,2,0
HMI,D,20190212,000000,24.2,24.2,24.2,24.2,1,0
HMI,D,20190213,000000,24.2,24.2,24.2,24.2,1,0
HMI,D,20190214,000000,24.2,24.2,24.2,24.2,1,0
HMI,D,20190215,000000,24.2,24.2,24.2,24.2,1,0
HMI,D,20190218,000000,24.2,24.2,24.2,24.2,1,0
HMI,D,20190219,000000,24.2,24.2,24.2,24.2,1,0
HMI,D,20190220,000000,24.2,24.2,24.2,24.2,1,0
HMI,D,20190221,000000,24.2,24.2,24.2,24.2,1,0
HMI,D,20190222,000000,24.2,24.2,24.2,24.2,1,0
HMI,D,20190225,000000,24.2,24.2,24.2,24.2,1,0
HMI,D,20190226,000000,24.2,24.2,24.2,24.2,1,0
HMI,D,20190227,000000,24.2,24.2,24.2,24.2,1,0
HMI,D,20190228,000000,24.2,24.2,24.2,24.2,1,0
HMI,D,20190301,000000,24.2,24.2,24.2,24.2,1,0
HMI,D,20190304,000000,24.2,24.2,24.2,24.2,1,0
HMI,D,20190305,000000,24.2,24.2,24.2,24.2,1,0
HMI,D,20190306,000000,24.2,24.2,24.2,24.2,1,0
HMI,D,20190307,000000,24.2,24.2,24.2,24.2,1,0
HMI,D,20190308,000000,24.2,24.2,24.2,24.2,1,0
HMI,D,20190311,000000,24.2,24.2,24.2,24.2,1,0
HMI,D,20190312,000000,24.2,24.2,24.2,24.2,1,0
HMI,D,20190313,000000,24.2,24.2,24.2,24.2,1,0
HMI,D,20190314,000000,24.2,24.2,24.2,24.2,1,0
HMI,D,20190315,000000,24.2,24.2,24.2,24.2,1,0
HMI,D,20190318,000000,24,24,24,24,5,0
HMI,D,20190319,000000,24,24,24,24,1,0
HMI,D,20190320,000000,24,24,24,24,1,0
HMI,D,20190321,000000,24,24,24,24,1,0
HMI,D,20190322,000000,24,24,24,24,46,0
HMI,D,20190325,000000,24,24,23.8,23.8,3,0
HMI,D,20190326,000000,23.8,23.8,23.8,23.8,4,0
HMI,D,20190327,000000,23.8,23.8,23.8,23.8,9,0
HMI,D,20190328,000000,23.8,23.8,23.8,23.8,1,0
HMI,D,20190329,000000,23.8,23.8,23.8,23.8,1,0
HMI,D,20190401,000000,23.4,23.4,23.4,23.4,49,0
HMI,D,20190403,000000,23.4,23.4,23.4,23.4,3,0
HMI,D,20190404,000000,23.4,23.4,23.4,23.4,1,0
HMI,D,20190405,000000,23.4,23.4,23.4,23.4,1,0
HMI,D,20190408,000000,23.4,23.4,23.4,23.4,5,0
HMI,D,20190409,000000,23.4,23.4,23.4,23.4,1,0
HMI,D,20190410,000000,23.4,23.4,23.4,23.4,2,0
HMI,D,20190411,000000,23.4,23.4,23.4,23.4,1,0
HMI,D,20190412,000000,23.4,23.4,23.4,23.4,1,0
HMI,D,20190415,000000,23.4,23.4,23.4,23.4,2,0
HMI,D,20190416,000000,23.4,23.4,23.4,23.4,22,0
HMI,D,20190417,000000,23.4,23.4,23.4,23.4,1,0
HMI,D,20190418,000000,23.4,23.4,23.4,23.4,1,0
HMI,D,20190423,000000,23.4,23.4,23.4,23.4,2,0
HMI,D,20190424,000000,23.4,23.4,23.4,23.4,1,0
HMI,D,20190425,000000,23.4,23.4,23.4,23.4,1,0
HMI,D,20190426,000000,23.4,23.4,23.4,23.4,1,0
HMI,D,20190429,000000,23.4,23.4,23.2,23.2,4,0
HMI,D,20190430,000000,23.4,23.4,23.4,23.4,1,0
HMI,D,20190502,000000,23.4,23.4,23.4,23.4,1,0
HMI,D,20190506,000000,23.4,23.4,23.4,23.4,2,0
HMI,D,20190507,000000,23.4,23.4,23.4,23.4,2,0
HMI,D,20190508,000000,23.4,23.4,23.4,23.4,1,0
HMI,D,20190509,000000,23.4,23.4,23.4,23.4,2,0
HMI,D,20190510,000000,23.4,23.4,23.4,23.4,2,0
HMI,D,20190513,000000,23.2,23.4,23.2,23.4,3,0
HMI,D,20190514,000000,23.4,23.4,23.4,23.4,2,0
HMI,D,20190515,000000,23.4,23.4,23.4,23.4,2,0
HMI,D,20190516,000000,23.4,23.4,23.4,23.4,2,0
HMI,D,20190517,000000,23.4,23.4,23.4,23.4,2,0
HMI,D,20190520,000000,23.4,23.4,23.4,23.4,2,0
HMI,D,20190521,000000,23.4,23.4,23.4,23.4,2,0
HMI,D,20190522,000000,23.4,23.4,23.4,23.4,2,0
HMI,D,20190523,000000,23.4,23.4,23.4,23.4,2,0
HMI,D,20190524,000000,23.4,23.6,23.4,23.4,92,0
HMI,D,20190527,000000,23.4,23.4,23.4,23.4,61,0
HMI,D,20190528,000000,23.4,23.4,23.4,23.4,55,0
HMI,D,20190603,000000,23.4,23.4,23.4,23.4,10,0
HMI,D,20190604,000000,23.4,23.4,23.4,23.4,5,0
HMI,D,20190605,000000,23.4,23.4,23.4,23.4,2,0
HMI,D,20190606,000000,23.4,23.4,23.4,23.4,2,0
HMI,D,20190607,000000,23.4,23.4,23.4,23.4,1,0
HMI,D,20190610,000000,23.4,23.4,23.4,23.4,5,0
HMI,D,20190611,000000,23.4,23.4,23.4,23.4,2,0
HMI,D,20190612,000000,23.4,23.4,23.4,23.4,2,0
HMI,D,20190613,000000,23.4,23.4,23.2,23.2,12,0
HMI,D,20190614,000000,23.2,23.2,23.2,23.2,3,0
HMI,D,20190617,000000,23,23,23,23,10,0
HMI,D,20190618,000000,23,23,23,23,2,0
HMI,D,20190619,000000,23,23,23,23,2,0
HMI,D,20190621,000000,23,23,23,23,2,0
HMI,D,20190624,000000,23,23,23,23,1,0
HMI,D,20190625,000000,23,23,23,23,1,0
HMI,D,20190626,000000,23,23,23,23,1,0
HMI,D,20190627,000000,23,23,23,23,1,0
HMI,D,20190628,000000,23.00,23.00,23.00,23.00,1,0
HMI,D,20190701,000000,23,23,23,23,1,0
HMI,D,20190702,000000,23,23,23,23,1,0
HMI,D,20190703,000000,23,23,23,23,1,0
HMI,D,20190704,000000,23,23,23,23,2,0
HMI,D,20190705,000000,23,23,23,23,2,0
HMI,D,20190708,000000,23,23,23,23,1,0
HMI,D,20190709,000000,23,23,23,23,2,0
HMI,D,20190710,000000,23,23,23,23,2,0
HMI,D,20190711,000000,23,23,23,23,2,0
HMI,D,20190712,000000,23,23,23,23,2,0
HMI,D,20190715,000000,23,23,23,23,2,0
HMI,D,20190716,000000,23,23,23,23,2,0
HMI,D,20190717,000000,23,23,23,23,50,0
HMI,D,20190718,000000,22.8,22.8,22.6,22.6,715,0
HMI,D,20190719,000000,22.6,22.6,22,22,134,0
HMI,D,20190722,000000,22,22,21.8,22,469,0
HMI,D,20190723,000000,22,22,22,22,2,0
HMI,D,20190724,000000,21.2,21.2,21,21,745,0
HMI,D,20190725,000000,21,21,21,21,2,0
HMI,D,20190726,000000,20.6,20.6,20,20,781,0
HMI,D,20190731,000000,19.2,19.2,18.9,18.9,805,0
HMI,D,20190801,000000,19,19,19,19,2,0
HMI,D,20190805,000000,19,19,19,19,1,0
HMI,D,20190806,000000,19,19,19,19,1,0
HMI,D,20190807,000000,19,19,19,19,1,0
HMI,D,20190808,000000,19,19,19,19,1,0
HMI,D,20190812,000000,18.5,18.5,18.2,18.2,865,0
HMI,D,20190813,000000,18.1,18.2,18.1,18.2,159,0
HMI,D,20190816,000000,17.6,17.6,17,17,410,0
HMI,D,20190819,000000,16.2,16.2,16.2,16.2,465,0
HMI,D,20190820,000000,15.5,15.5,15.5,15.5,500,0
HMI,D,20190821,000000,15,15.3,14.9,15.3,5054,0
HMI,D,20190822,000000,15.3,15.3,15.3,15.3,1,0
HMI,D,20190827,000000,14.9,14.9,14.8,14.8,1055,0
HMI,D,20190828,000000,14.9,14.9,14.5,14.5,1074,0
HMI,D,20190829,000000,14.2,14.2,14,14,1545,0
HMI,D,20190830,000000,14,14,14,14,1,0
HMI,D,20190902,000000,14,14,14,14,215,0
HMI,D,20190903,000000,14,14,14,14,1,0
HMI,D,20190904,000000,14,14,14,14,1,0
HMI,D,20190905,000000,14,14,14,14,358,0
HMI,D,20190912,000000,14,14.1,14,14.1,485,0
HMI,D,20190916,000000,14,14.1,14,14,939,0
HMI,D,20190917,000000,14.1,14.1,14.1,14.1,17,0
HMI,D,20190919,000000,14.1,14.1,14.1,14.1,1,0
HMI,D,20190920,000000,14.1,14.1,14.1,14.1,35,0
HMI,D,20190925,000000,14,14,14,14,48,0
HMI,D,20190930,000000,14,14.4,14,14.4,333,0
HMI,D,20191001,000000,14.4,14.4,14.4,14.4,148,0
HMI,D,20191007,000000,14,14,13.9,14,1141,0
HMI,D,20191021,000000,13.9,13.9,13.9,13.9,50,0
HMI,D,20191031,000000,13.9,14,13.9,14,312,0
HMI,D,20191104,000000,14,14,14,14,11,0
HMI,D,20191105,000000,13.7,14,13.4,14,4153,0
HMI,D,20191107,000000,14,14,14,14,11,0
HMI,D,20191108,000000,13.5,13.5,13.5,13.5,50,0
HMI,D,20191121,000000,13.7,13.9,13.7,13.8,140,0
HMI,D,20191122,000000,13.6,13.6,13.6,13.6,60,0
HMI,D,20191125,000000,13.8,14,13.8,13.8,435,0
HMI,D,20191126,000000,13.9,14,13.8,14,55,0
HMI,D,20191128,000000,14.1,14.1,13.7,13.7,46,0
HMI,D,20191129,000000,13.6,13.8,13.6,13.8,54,0
HMI,D,20191203,000000,13.9,13.9,13.9,13.9,18,0
HMI,D,20191204,000000,13.9,14,13.9,14,77,0
HMI,D,20191205,000000,14,14,14,14,45,0
HMI,D,20191206,000000,14,14,14,14,11,0
HMI,D,20191209,000000,14.1,14.2,14.1,14.2,50,0
HMI,D,20191210,000000,14.2,14.2,14.2,14.2,10,0
HMI,D,20191211,000000,14.3,14.3,14.3,14.3,30,0
HMI,D,20191212,000000,14.3,14.3,14.3,14.3,30,0
HMI,D,20191216,000000,14.2,14.2,14,14,30,0
HMI,D,20191217,000000,14.2,14.5,14.2,14.5,120,0
HMI,D,20191218,000000,14.7,14.7,14.7,14.7,55,0
HMI,D,20191219,000000,14.7,14.8,14.7,14.8,84,0
HMI,D,20191220,000000,14.9,14.9,14.9,14.9,103,0
HMI,D,20191223,000000,15,15,15,15,30,0
HMI,D,20191230,000000,15,15,15,15,55,0
HMI,D,20200102,000000,14.6,14.8,14.6,14.8,15,0
HMI,D,20200103,000000,14.8,14.9,14.8,14.8,16,0
HMI,D,20200107,000000,14.6,14.6,14.6,14.6,10,0
HMI,D,20200108,000000,14.5,14.5,14.5,14.5,10,0
HMI,D,20200109,000000,14.7,14.7,14.7,14.7,11,0
HMI,D,20200110,000000,14.7,14.7,14.7,14.7,10,0
HMI,D,20200116,000000,15,15,14.7,14.7,17,0
HMI,D,20200117,000000,14.7,15,14.7,15,525,0
HMI,D,20200120,000000,15,15.6,15,15.6,211,0
HMI,D,20200121,000000,15.7,15.8,15.7,15.8,210,0
HMI,D,20200122,000000,15.8,16.1,15.8,16.1,230,0
HMI,D,20200123,000000,16.1,16.3,16.1,16.3,170,0
HMI,D,20200124,000000,16.3,16.5,16.3,16.5,242,0
HMI,D,20200127,000000,16.5,16.5,16.5,16.5,8,0
HMI,D,20200128,000000,16.5,16.6,16.5,16.6,6,0
HMI,D,20200129,000000,16.6,16.7,16.6,16.7,25,0
HMI,D,20200130,000000,16.8,16.8,16.8,16.8,25,0
HMI,D,20200131,000000,16.8,17.1,16.8,17.1,103,0
HMI,D,20200203,000000,17.2,17.5,17.2,17.5,216,0
HMI,D,20200204,000000,17.5,18,17.5,17.8,105,0
HMI,D,20200205,000000,18,18,18,18,19,0
HMI,D,20200206,000000,18,18,18,18,5,0
HMI,D,20200207,000000,18.1,18.1,18.1,18.1,70,0
HMI,D,20200210,000000,18.4,18.4,18.4,18.4,5,0
HMI,D,20200211,000000,18.4,18.5,18.4,18.5,35,0
HMI,D,20200213,000000,18.7,18.7,18.7,18.7,5,0
HMI,D,20200214,000000,18.7,18.7,18.7,18.7,5,0
HMI,D,20200217,000000,18.7,19,18.7,19,115,0
HMI,D,20200218,000000,19,19,19,19,17,0
HMI,D,20200219,000000,19.2,19.2,19.2,19.2,5,0
HMI,D,20200220,000000,19.2,19.2,19.2,19.2,5,0
HMI,D,20200221,000000,19.2,19.2,19.2,19.2,135,0
HMI,D,20200224,000000,19.2,19.2,19.2,19.2,5,0
HMI,D,20200225,000000,18.8,18.8,17.7,17.7,971,0
HMI,D,20200227,000000,18,18,18,18,5,0
HMI,D,20200228,000000,17.5,17.5,17,17,907,0
HMI,D,20200302,000000,16.8,16.8,16.5,16.5,1075,0
HMI,D,20200303,000000,16.5,16.5,16.5,16.5,42,0
HMI,D,20200304,000000,16.5,16.5,16,16,967,0
HMI,D,20200305,000000,16,16,15.6,15.7,45,0
HMI,D,20200306,000000,15.7,15.7,15.7,15.7,5,0
HMI,D,20200309,000000,15.7,15.7,15.6,15.6,532,0
HMI,D,20200310,000000,15.3,15.5,15,15.1,535,0
HMI,D,20200311,000000,15,15,14.5,14.5,580,0
HMI,D,20200313,000000,14.9,14.9,14.9,14.9,5,0
HMI,D,20200316,000000,14.9,14.9,14.9,14.9,1,0
HMI,D,20200317,000000,14.9,14.9,14.9,14.9,5,0
HMI,D,20200318,000000,14.9,14.9,14.9,14.9,5,0
HMI,D,20200319,000000,14.9,14.9,14.3,14.3,540,0
HMI,D,20200320,000000,14.4,14.7,14.4,14.7,280,0
HMI,D,20200323,000000,14.3,14.3,13.3,13.5,860,0
HMI,D,20200324,000000,13.1,13.1,13,13,587,0
HMI,D,20200325,000000,12.5,12.5,12,12,650,0
HMI,D,20200326,000000,11.8,12.1,11.5,11.5,2013,0
HMI,D,20200327,000000,11.4,11.4,11.4,11.4,6,0
HMI,D,20200330,000000,11,11,10.2,10.6,1896,0
HMI,D,20200331,000000,10.6,10.6,10.5,10.6,240,0
HMI,D,20200401,000000,10.6,10.6,10.6,10.6,5,0
HMI,D,20200402,000000,10.6,10.6,10.6,10.6,5,0
HMI,D,20200403,000000,10.5,10.5,10.2,10.2,15,0
HMI,D,20200406,000000,10.1,10.1,9.9,9.9,792,0
HMI,D,20200407,000000,9.9,9.9,9.7,9.7,1014,0
HMI,D,20200408,000000,9.7,9.7,9.7,9.7,5,0
HMI,D,20200409,000000,9.7,9.7,9.7,9.7,5,0
HMI,D,20200414,000000,9.7,10.1,9.7,10.1,977,0
HMI,D,20200415,000000,9.8,9.8,9.7,9.7,932,0
HMI,D,20200416,000000,9.7,9.7,9.7,9.7,5,0
HMI,D,20200417,000000,9.7,9.7,9.7,9.7,5,0
HMI,D,20200420,000000,9.55,9.7,9.55,9.7,680,0
HMI,D,20200421,000000,9.7,10.3,9.6,10,3795,0
HMI,D,20200422,000000,10,10.3,10,10.3,178,0
HMI,D,20200423,000000,10.3,11,10.3,11,2724,0
HMI,D,20200424,000000,11.1,11.1,11.1,11.1,5,0
HMI,D,20200427,000000,11.1,11.5,10.7,11.5,1262,0
HMI,D,20200428,000000,11.5,11.5,11.5,11.5,531,0
HMI,D,20200429,000000,11.5,11.5,11.5,11.5,102,0
HMI,D,20200430,000000,11.8,12,11.8,12,1011,0
HMI,D,20200504,000000,12,12,12,12,2303,0
HMI,D,20200505,000000,12,12,12,12,12,0
HMI,D,20200506,000000,12,12.4,12,12.4,476,0
HMI,D,20200507,000000,12.4,12.5,12.4,12.5,12,0
HMI,D,20200508,000000,12.3,12.3,12,12,1425,0
HMI,D,20200511,000000,12,13,12,12.8,1766,0
HMI,D,20200512,000000,12.8,13,12.5,12.5,124,0
HMI,D,20200513,000000,12.5,12.5,12.5,12.5,5,0
HMI,D,20200514,000000,12.5,12.5,12.5,12.5,5,0
HMI,D,20200515,000000,12.5,12.5,12.3,12.3,1300,0
HMI,D,20200518,000000,12.5,12.6,12.5,12.6,705,0
HMI,D,20200519,000000,12.4,12.4,12.2,12.3,1332,0
HMI,D,20200520,000000,12.1,12.3,12.1,12.3,102,0
HMI,D,20200521,000000,12.3,12.3,11.8,11.8,1790,0
HMI,D,20200522,000000,11.8,12.3,11.8,12.3,45,0
HMI,D,20200525,000000,12.1,12.1,11.7,11.7,1434,0
HMI,D,20200526,000000,12.1,12.1,11.6,11.9,1363,0
HMI,D,20200527,000000,11.9,11.9,11.1,11.4,2150,0
HMI,D,20200528,000000,11.3,11.3,11,11,622,0
HMI,D,20200529,000000,10.9,10.9,10,10.5,1952,0
HMI,D,20200601,000000,10.5,10.5,9.9,10.2,5595,0
HMI,D,20200602,000000,10.2,10.2,10,10,735,0
HMI,D,20200603,000000,10.1,10.1,10.1,10.1,121,0
HMI,D,20200604,000000,10.1,10.3,10.1,10.3,1017,0
HMI,D,20200605,000000,10.3,10.3,10.3,10.3,105,0
HMI,D,20200608,000000,10.4,10.8,10.4,10.8,1170,0
HMI,D,20200609,000000,10.8,10.9,10.8,10.9,290,0
HMI,D,20200610,000000,10.6,10.6,10.4,10.4,120,0
HMI,D,20200612,000000,10.6,10.8,10.5,10.5,1060,0
HMI,D,20200616,000000,10.9,10.9,10.8,10.8,144,0
HMI,D,20200617,000000,10.9,10.9,10.8,10.8,301,0
HMI,D,20200618,000000,10.9,10.9,10.4,10.4,2079,0
HMI,D,20200619,000000,10.1,10.1,10.1,10.1,50,0
HMI,D,20200622,000000,10.4,10.4,10.2,10.2,60,0
HMI,D,20200623,000000,10.3,10.3,10.3,10.3,72,0
HMI,D,20200624,000000,10.3,10.3,10.3,10.3,10,0
HMI,D,20200625,000000,10.4,10.4,10.4,10.4,19,0
HMI,D,20200626,000000,10.3,10.3,10.3,10.3,5,0
HMI,D,20200629,000000,10.3,10.3,10.3,10.3,26,0
HMI,D,20200630,000000,10.4,10.4,10.3,10.3,149,0
HMI,D,20200701,000000,10.3,10.3,10.3,10.3,10,0
HMI,D,20200702,000000,10.4,10.4,10.3,10.4,2042,0
HMI,D,20200703,000000,10.4,10.4,10.2,10.2,15,0
HMI,D,20200706,000000,10.4,10.4,10.1,10.1,262,0
HMI,D,20200707,000000,10.2,10.3,10.2,10.3,22,0
HMI,D,20200709,000000,10.4,10.4,10.4,10.4,6,0
HMI,D,20200710,000000,10.4,10.4,10.2,10.2,96,0
