<TICKER>,<PER>,<DATE>,<TIME>,<OPEN>,<HIGH>,<LOW>,<CLOSE>,<VOL>,<OPENINT>
HUB,D,20120314,000000,12.78,12.78,12,12.64,36087,0
HUB,D,20120315,000000,12.67,12.7,12.2,12.42,5734,0
HUB,D,20120316,000000,12.42,12.46,12.11,12.45,8995,0
HUB,D,20120319,000000,12.47,12.47,12.39,12.39,861,0
HUB,D,20120320,000000,12.47,12.47,12.02,12.25,1517,0
HUB,D,20120321,000000,12.3,12.3,11.91,12.14,5163,0
HUB,D,20120322,000000,12.15,12.15,11.3,12.12,2503,0
HUB,D,20120323,000000,12.15,12.15,11.4,12,5834,0
HUB,D,20120326,000000,12.15,12.15,12.15,12.15,1,0
HUB,D,20120327,000000,11.4,12.15,11.4,12,4378,0
HUB,D,20120328,000000,12.1,12.1,11.98,11.98,2052,0
HUB,D,20120329,000000,11.98,12.14,11.9,12.14,3851,0
HUB,D,20120330,000000,12.15,12.15,12.15,12.15,1,0
HUB,D,20120402,000000,12.1,12.1,12.1,12.1,2,0
HUB,D,20120403,000000,12.1,12.1,11.65,12.1,2279,0
HUB,D,20120404,000000,12.1,12.1,11.54,12,3577,0
HUB,D,20120405,000000,12.1,12.1,12,12,3,0
HUB,D,20120410,000000,12,12.1,11.6,12.06,31246,0
HUB,D,20120411,000000,11.9,11.91,11.5,11.91,2391,0
HUB,D,20120412,000000,11.41,11.56,11.1,11.1,36112,0
HUB,D,20120413,000000,11.34,11.34,10.86,10.88,9648,0
HUB,D,20120416,000000,10.86,10.86,10.21,10.47,658,0
HUB,D,20120417,000000,10.5,10.5,10.1,10.5,518,0
HUB,D,20120418,000000,10.38,10.47,10.05,10.47,646,0
HUB,D,20120419,000000,10.47,10.47,10.05,10.47,33,0
HUB,D,20120420,000000,10.47,10.47,9.11,9.11,31025,0
HUB,D,20120423,000000,9.11,9.35,8.93,8.93,1700,0
HUB,D,20120424,000000,8.4,8.8,8.4,8.8,1992,0
HUB,D,20120425,000000,8.8,8.83,8.43,8.8,1443,0
HUB,D,20120426,000000,9,9,8.55,8.6,35,0
HUB,D,20120427,000000,8.6,8.78,8.6,8.78,802,0
HUB,D,20120430,000000,8.6,8.78,8.48,8.78,2478,0
HUB,D,20120502,000000,8.78,8.78,8.69,8.69,122,0
HUB,D,20120504,000000,8.7,8.7,8.06,8.7,6145,0
HUB,D,20120507,000000,8.78,8.78,8.2,8.73,2374,0
HUB,D,20120508,000000,8.72,8.72,8.7,8.71,52,0
HUB,D,20120509,000000,8.4,8.4,8.02,8.39,1509,0
HUB,D,20120510,000000,8.5,8.5,8.02,8.5,280,0
HUB,D,20120511,000000,8.5,8.69,8.28,8.69,1920,0
HUB,D,20120514,000000,8.69,8.69,8.43,8.43,1214,0
HUB,D,20120515,000000,8.43,8.73,8.4,8.4,2221,0
HUB,D,20120516,000000,8.02,8.72,8,8.72,1758,0
HUB,D,20120517,000000,8.7,8.72,8,8,4747,0
HUB,D,20120518,000000,7.9,8.51,7.7,8.38,3439,0
HUB,D,20120521,000000,8.59,8.59,8.2,8.59,255,0
HUB,D,20120522,000000,8.49,8.49,8.49,8.49,1,0
HUB,D,20120523,000000,8.2,8.39,8.2,8.39,1130,0
HUB,D,20120524,000000,8,8,8,8,141,0
HUB,D,20120525,000000,8,8.35,7.92,8.35,2946,0
HUB,D,20120528,000000,8.35,8.5,8.35,8.5,1200,0
HUB,D,20120529,000000,8.5,8.72,8.3,8.72,758,0
HUB,D,20120530,000000,8.72,8.72,8.2,8.72,1859,0
HUB,D,20120531,000000,8.72,8.72,8.72,8.72,1,0
HUB,D,20120601,000000,8.72,8.79,8.4,8.4,1101,0
HUB,D,20120604,000000,8.55,8.55,8.55,8.55,1,0
HUB,D,20120605,000000,8.55,8.75,8.4,8.4,4428,0
HUB,D,20120606,000000,8.4,8.75,8.15,8.74,3893,0
HUB,D,20120608,000000,8.78,9.13,8.6,9.13,7181,0
HUB,D,20120611,000000,9.19,9.19,8.72,8.89,1486,0
HUB,D,20120612,000000,8.88,8.89,8.88,8.89,1001,0
HUB,D,20120613,000000,9.18,9.18,8.48,8.8,1861,0
HUB,D,20120614,000000,8.98,8.98,8.98,8.98,1,0
HUB,D,20120615,000000,9.18,9.18,9.18,9.18,331,0
HUB,D,20120618,000000,9.14,9.18,8.48,9.18,1015,0
HUB,D,20120619,000000,9.19,9.2,8.45,9.2,6654,0
HUB,D,20120620,000000,9.21,9.21,8.8,9.19,553,0
HUB,D,20120621,000000,9.19,9.29,8.4,9.29,7082,0
HUB,D,20120622,000000,9,9.29,8.61,9.29,2949,0
HUB,D,20120625,000000,9.29,9.29,9,9.1,752,0
HUB,D,20120626,000000,9.2,9.2,9.2,9.2,5,0
HUB,D,20120627,000000,9.19,9.3,9.19,9.3,5479,0
HUB,D,20120628,000000,9.31,9.31,9.31,9.31,1,0
HUB,D,20120629,000000,9.33,9.33,9.33,9.33,1,0
HUB,D,20120702,000000,9.3,9.3,8.4,8.79,9796,0
HUB,D,20120703,000000,8.79,8.79,8.39,8.4,2314,0
HUB,D,20120704,000000,8.39,8.39,8.39,8.39,2,0
HUB,D,20120705,000000,8.39,8.57,8.39,8.57,1797,0
HUB,D,20120706,000000,8.56,8.56,8.54,8.54,118,0
HUB,D,20120709,000000,8.6,8.73,8.6,8.73,3,0
HUB,D,20120710,000000,8.79,8.79,8.51,8.69,803,0
HUB,D,20120711,000000,8.69,8.69,8.2,8.3,1684,0
HUB,D,20120712,000000,8.36,8.36,7.9,8.26,2757,0
HUB,D,20120713,000000,8.26,8.26,8.26,8.26,1,0
HUB,D,20120716,000000,8.27,8.27,8.27,8.27,1,0
HUB,D,20120717,000000,8.27,8.27,8.27,8.27,1,0
HUB,D,20120718,000000,8.27,8.27,8.26,8.26,61,0
HUB,D,20120719,000000,8.27,8.27,7.91,7.91,3,0
HUB,D,20120720,000000,7.91,7.91,7.63,7.63,2235,0
HUB,D,20120723,000000,7.6,7.7,7.5,7.7,730,0
HUB,D,20120724,000000,7.7,7.7,7.7,7.7,1111,0
HUB,D,20120725,000000,7.7,7.99,7.7,7.99,3,0
HUB,D,20120726,000000,7.97,7.99,7.65,7.99,115,0
HUB,D,20120727,000000,7.99,7.99,7.99,7.99,2,0
HUB,D,20120730,000000,7.99,8.5,7.65,8.26,2717,0
HUB,D,20120731,000000,8.26,8.49,8,8.26,9302,0
HUB,D,20120801,000000,8.48,8.48,8.48,8.48,1,0
HUB,D,20120802,000000,8.48,8.48,8.48,8.48,1,0
HUB,D,20120806,000000,8.27,8.47,8.27,8.47,5,0
HUB,D,20120807,000000,8.47,8.47,7.9,8,988,0
HUB,D,20120808,000000,7.99,7.99,7.99,7.99,401,0
HUB,D,20120809,000000,7.99,7.99,7.99,7.99,1,0
HUB,D,20120810,000000,7.9,7.9,7.64,7.84,402,0
HUB,D,20120813,000000,7.84,7.84,7.63,7.63,505,0
HUB,D,20120814,000000,7.63,7.7,7.63,7.7,1102,0
HUB,D,20120816,000000,7.7,7.7,7.7,7.7,1000,0
HUB,D,20120817,000000,7.6,7.6,7.52,7.6,418,0
HUB,D,20120820,000000,7.6,7.6,7.5,7.6,55,0
HUB,D,20120821,000000,7.6,7.6,7.6,7.6,2,0
HUB,D,20120822,000000,7.6,7.6,7.58,7.6,41,0
HUB,D,20120823,000000,7.6,7.69,6.85,7.69,28177,0
HUB,D,20120824,000000,7.64,7.7,7.64,7.7,6,0
HUB,D,20120827,000000,7.7,7.7,7.7,7.7,2,0
HUB,D,20120828,000000,7.7,7.7,7.7,7.7,2,0
HUB,D,20120829,000000,7.7,7.7,7.38,7.7,332,0
HUB,D,20120830,000000,7.7,7.7,7.7,7.7,2,0
HUB,D,20120831,000000,7.7,7.8,7.7,7.79,2502,0
HUB,D,20120903,000000,7.79,8.37,7.79,8.35,7294,0
HUB,D,20120904,000000,8.49,8.49,8.15,8.19,1101,0
HUB,D,20120905,000000,8.19,8.2,7.82,8.19,609,0
HUB,D,20120906,000000,8.2,8.2,7.85,8.15,404,0
HUB,D,20120907,000000,8.17,8.21,8.16,8.21,20701,0
HUB,D,20120910,000000,8.15,8.15,8.15,8.15,2,0
HUB,D,20120911,000000,8.15,8.15,7.85,7.85,1559,0
HUB,D,20120912,000000,7.85,7.85,7.85,7.85,2,0
HUB,D,20120913,000000,7.87,7.87,7.55,7.85,183,0
HUB,D,20120914,000000,7.88,7.88,7.88,7.88,1393,0
HUB,D,20120917,000000,7.89,8.11,7.89,8.11,82,0
HUB,D,20120918,000000,8.15,8.15,8.15,8.15,2,0
HUB,D,20120919,000000,8.15,8.15,7.8,8.15,1102,0
HUB,D,20120921,000000,7.8,8.09,7.8,8.09,104,0
HUB,D,20120924,000000,7.65,8.02,7.65,8.02,9,0
HUB,D,20120926,000000,8.02,8.02,8,8,8,0
HUB,D,20120928,000000,7.99,8.02,7.65,8.02,229,0
HUB,D,20121002,000000,7.9,7.9,7.9,7.9,100,0
HUB,D,20121003,000000,7.8,7.8,7.65,7.78,255,0
HUB,D,20121004,000000,7.78,7.78,7.52,7.65,599,0
HUB,D,20121005,000000,7.53,7.7,7.53,7.7,301,0
HUB,D,20121008,000000,7.7,7.7,7.7,7.7,170,0
HUB,D,20121009,000000,7.7,7.7,7.55,7.7,536,0
HUB,D,20121010,000000,7.7,7.7,7.7,7.7,1,0
HUB,D,20121011,000000,7.7,7.7,7.7,7.7,1,0
HUB,D,20121012,000000,7.7,7.7,7.7,7.7,2,0
HUB,D,20121015,000000,7.7,7.7,7.7,7.7,10,0
HUB,D,20121016,000000,7.7,7.7,7.39,7.68,107,0
HUB,D,20121017,000000,7.68,7.68,7.38,7.49,666,0
HUB,D,20121018,000000,7.49,7.49,7.49,7.49,15,0
HUB,D,20121019,000000,7.49,7.49,7.49,7.49,2,0
HUB,D,20121022,000000,7.49,7.5,7.49,7.5,126,0
HUB,D,20121024,000000,7.5,7.7,7.5,7.7,1065,0
HUB,D,20121025,000000,7.7,7.86,7.52,7.86,364,0
HUB,D,20121026,000000,7.85,7.85,7.85,7.85,1,0
HUB,D,20121029,000000,7.8,7.86,7.8,7.85,504,0
HUB,D,20121030,000000,7.85,7.86,7.5,7.86,1549,0
HUB,D,20121031,000000,7.99,7.99,7.85,7.86,294,0
HUB,D,20121105,000000,7.53,7.99,7.53,7.99,2003,0
HUB,D,20121106,000000,7.98,7.98,7.53,7.85,2061,0
HUB,D,20121107,000000,7.96,7.96,7.96,7.96,1,0
HUB,D,20121108,000000,7.85,7.85,7.5,7.85,2638,0
HUB,D,20121109,000000,7.6,7.6,7.6,7.6,20,0
HUB,D,20121112,000000,7.6,7.6,7.6,7.6,1,0
HUB,D,20121113,000000,7.59,7.6,7.27,7.6,6,0
HUB,D,20121114,000000,7.6,7.6,7.6,7.6,80,0
HUB,D,20121115,000000,7.6,7.6,7.6,7.6,1,0
HUB,D,20121116,000000,7.6,7.6,7.28,7.6,558,0
HUB,D,20121119,000000,7.6,7.6,6.99,7.05,3657,0
HUB,D,20121120,000000,7.25,7.25,7.25,7.25,21,0
HUB,D,20121121,000000,7.25,7.25,7.25,7.25,200,0
HUB,D,20121122,000000,6.97,7.24,6.97,7.24,6,0
HUB,D,20121123,000000,7.47,7.47,7.47,7.47,1,0
HUB,D,20121126,000000,7.48,7.48,7.48,7.48,1,0
HUB,D,20121127,000000,7.48,7.48,7.48,7.48,1,0
HUB,D,20121128,000000,7.47,7.47,7.47,7.47,1,0
HUB,D,20121129,000000,7.47,7.47,7.47,7.47,1,0
HUB,D,20121130,000000,7.3,7.3,7.3,7.3,1000,0
HUB,D,20121203,000000,7.01,7.3,6.98,7.3,290,0
HUB,D,20121204,000000,7.29,7.29,7.29,7.29,11,0
HUB,D,20121205,000000,7.29,7.29,6.97,7.2,255,0
HUB,D,20121206,000000,7,7.28,7,7.28,301,0
HUB,D,20121207,000000,7.28,7.28,7.28,7.28,316,0
HUB,D,20121210,000000,7.28,7.28,7,7,16,0
HUB,D,20121211,000000,7.2,7.2,7,7.18,303,0
HUB,D,20121212,000000,7.19,7.19,7,7,1383,0
HUB,D,20121213,000000,7.19,7.19,7.19,7.19,1,0
HUB,D,20121214,000000,7.18,7.18,7,7,208,0
HUB,D,20121217,000000,7,7,6.9,6.9,173,0
HUB,D,20121218,000000,6.9,6.9,6.87,6.87,389,0
HUB,D,20121219,000000,6.87,6.87,6.6,6.77,1262,0
HUB,D,20121220,000000,6.87,6.87,5.8,5.91,10861,0
HUB,D,20121221,000000,5.92,6.23,5.92,6.23,665,0
HUB,D,20121227,000000,6.25,6.25,6.25,6.25,16,0
HUB,D,20121228,000000,6.25,6.59,6,6.59,3420,0
HUB,D,20130102,000000,6.7,6.7,6.7,6.7,8,0
HUB,D,20130103,000000,6.68,6.68,6.68,6.68,8,0
HUB,D,20130104,000000,6.5,6.5,6.5,6.5,1483,0
HUB,D,20130107,000000,6.21,6.37,6.21,6.21,763,0
HUB,D,20130108,000000,6.25,6.25,6.25,6.25,400,0
HUB,D,20130109,000000,6.26,6.26,6.26,6.26,1,0
HUB,D,20130110,000000,6.28,6.28,6.26,6.26,1501,0
HUB,D,20130111,000000,6.26,6.26,6,6,1671,0
HUB,D,20130114,000000,6,6.25,5.92,6.14,2068,0
HUB,D,20130115,000000,6.1,6.1,6,6,157,0
HUB,D,20130116,000000,6,6,5.9,6,960,0
HUB,D,20130117,000000,6,6,5.75,6,791,0
HUB,D,20130118,000000,6,6.18,6,6,7068,0
HUB,D,20130121,000000,6.01,6.01,5.65,5.85,4323,0
HUB,D,20130122,000000,5.85,5.85,5.85,5.85,135,0
HUB,D,20130123,000000,5.85,5.85,5.5,5.65,2763,0
HUB,D,20130124,000000,5.64,5.64,5.64,5.64,2,0
HUB,D,20130125,000000,5.63,5.65,5.63,5.65,2,0
HUB,D,20130128,000000,5.65,5.65,5.65,5.65,550,0
HUB,D,20130129,000000,5.65,5.65,5.5,5.65,26,0
HUB,D,20130130,000000,5.65,5.65,5.59,5.59,102,0
HUB,D,20130131,000000,5.59,5.59,5.5,5.5,42,0
HUB,D,20130201,000000,5.59,5.59,5.2,5.4,473,0
HUB,D,20130204,000000,5.39,5.39,5.39,5.39,1,0
HUB,D,20130205,000000,5.28,5.8,5,5.6,27749,0
HUB,D,20130206,000000,5.61,6.2,5.61,5.9,4052,0
HUB,D,20130207,000000,6,6.2,6,6.17,1880,0
HUB,D,20130208,000000,6.17,6.2,6.15,6.18,3127,0
HUB,D,20130211,000000,6.18,6.18,6.18,6.18,1002,0
HUB,D,20130212,000000,6.2,6.38,6.2,6.38,1003,0
HUB,D,20130213,000000,6.36,6.36,6.1,6.1,535,0
HUB,D,20130214,000000,6.1,6.28,6.1,6.28,1361,0
HUB,D,20130215,000000,6.27,6.28,6.25,6.25,2621,0
HUB,D,20130218,000000,6.28,6.28,6.28,6.28,1,0
HUB,D,20130219,000000,6.25,6.25,6.25,6.25,120,0
HUB,D,20130220,000000,6.24,6.24,6.24,6.24,1,0
HUB,D,20130221,000000,6.2,6.2,6.2,6.2,1,0
HUB,D,20130222,000000,6.2,6.3,5.74,6.3,3224,0
HUB,D,20130225,000000,6.3,6.3,6.3,6.3,1,0
HUB,D,20130226,000000,6.28,6.28,6,6,41,0
HUB,D,20130227,000000,6.01,6.28,5.92,6.18,1866,0
HUB,D,20130228,000000,6.28,6.28,6.28,6.28,1,0
HUB,D,20130301,000000,6.28,6.28,6.28,6.28,1,0
HUB,D,20130304,000000,6.17,6.17,6.17,6.17,28,0
HUB,D,20130305,000000,6.17,6.17,6.17,6.17,1,0
HUB,D,20130306,000000,6.17,6.17,6.17,6.17,1,0
HUB,D,20130307,000000,6.17,6.17,6.17,6.17,2,0
HUB,D,20130308,000000,6.17,6.18,6.17,6.18,201,0
HUB,D,20130311,000000,6.19,6.28,6.19,6.25,1411,0
HUB,D,20130312,000000,6.23,6.23,6.23,6.23,226,0
HUB,D,20130313,000000,6.18,6.18,6.18,6.18,103,0
HUB,D,20130314,000000,6.28,6.28,5.67,5.92,4203,0
HUB,D,20130315,000000,5.93,6.13,5.93,6.13,501,0
HUB,D,20130318,000000,6.13,6.13,6.13,6.13,31,0
HUB,D,20130319,000000,6.13,6.13,6.13,6.13,1,0
HUB,D,20130320,000000,6.1,6.1,6.1,6.1,2,0
HUB,D,20130321,000000,6.1,6.1,5.71,5.9,1025,0
HUB,D,20130322,000000,5.5,6,5.5,6,3363,0
HUB,D,20130326,000000,5.9,6,5.5,5.55,6750,0
HUB,D,20130327,000000,5.5,5.5,4.96,5,11639,0
HUB,D,20130328,000000,4.9,5,4.9,5,1131,0
HUB,D,20130402,000000,5,5,5,5,73,0
HUB,D,20130403,000000,5,5,4.88,4.97,202,0
HUB,D,20130404,000000,4.97,5.1,4.97,5.06,1497,0
HUB,D,20130405,000000,5.06,5.1,5.06,5.1,2,0
HUB,D,20130408,000000,5.09,5.09,5,5,601,0
HUB,D,20130409,000000,5.05,5.1,5.05,5.1,2,0
HUB,D,20130410,000000,5.11,5.11,4.95,4.95,501,0
HUB,D,20130411,000000,4.95,5,4.95,5,3,0
HUB,D,20130412,000000,5,5,5,5,1,0
HUB,D,20130415,000000,5,5,4.9,4.9,1062,0
HUB,D,20130417,000000,4.95,4.95,4.9,4.9,2,0
HUB,D,20130418,000000,4.9,4.9,4.25,4.25,3442,0
HUB,D,20130419,000000,3.96,4.3,3.57,3.96,159370,0
HUB,D,20130422,000000,4,4,4,4,5,0
HUB,D,20130423,000000,4,4,3.9,3.99,5423,0
HUB,D,20130424,000000,4,4.02,4,4.02,103658,0
HUB,D,20130425,000000,4.01,4.2,4.01,4.2,3,0
HUB,D,20130426,000000,4.2,4.2,4.2,4.2,2,0
HUB,D,20130429,000000,4.21,4.21,4.21,4.21,10,0
HUB,D,20130430,000000,4.24,4.5,4.24,4.5,2463,0
HUB,D,20130502,000000,4.6,4.73,4.6,4.73,212,0
HUB,D,20130506,000000,4.86,5.25,4.86,5.25,1007,0
HUB,D,20130507,000000,5.25,5.39,5.25,5.39,646,0
HUB,D,20130508,000000,5.38,5.38,5.16,5.38,203,0
HUB,D,20130509,000000,5.38,5.38,5.38,5.38,1,0
HUB,D,20130510,000000,5.38,5.38,5.38,5.38,1,0
HUB,D,20130513,000000,4.9,5,4.9,5,11481,0
HUB,D,20130514,000000,5,5,5,5,502,0
HUB,D,20130515,000000,5,5,5,5,3256,0
HUB,D,20130516,000000,5,5,5,5,24,0
HUB,D,20130517,000000,5,5,5,5,1660,0
HUB,D,20130520,000000,5,5.13,4.91,4.91,113,0
HUB,D,20130521,000000,5.13,5.13,5,5,678,0
HUB,D,20130522,000000,5,5.35,5,5.35,502,0
HUB,D,20130523,000000,5.37,5.37,5.37,5.37,2,0
HUB,D,20130524,000000,5.44,5.5,5.44,5.49,12690,0
HUB,D,20130527,000000,5.49,5.49,5.41,5.41,1946,0
HUB,D,20130528,000000,5.49,5.49,4.95,4.95,16897,0
HUB,D,20130529,000000,4.95,4.99,4.95,4.99,81,0
HUB,D,20130531,000000,4.99,4.99,4.9,4.99,252,0
HUB,D,20130603,000000,4.99,5,4.78,5,2010,0
HUB,D,20130604,000000,4.99,5,4.99,5,181,0
HUB,D,20130605,000000,5,5,4.78,4.99,664,0
HUB,D,20130606,000000,4.99,4.99,4.99,4.99,1997,0
HUB,D,20130607,000000,4.99,4.99,4.78,4.99,940,0
HUB,D,20130610,000000,4.92,4.92,4.92,4.92,2,0
HUB,D,20130611,000000,4.92,4.92,4.92,4.92,338,0
HUB,D,20130612,000000,4.92,4.92,4.7,4.71,293,0
HUB,D,20130613,000000,4.72,4.85,4.72,4.85,602,0
HUB,D,20130614,000000,4.92,4.92,4.92,4.92,1,0
HUB,D,20130617,000000,4.91,4.91,4.91,4.91,1,0
HUB,D,20130618,000000,4.9,4.9,4.7,4.78,591,0
HUB,D,20130619,000000,4.78,4.78,4.7,4.78,50,0
HUB,D,20130620,000000,4.7,4.7,4.7,4.7,964,0
HUB,D,20130621,000000,4.7,4.7,4.7,4.7,1,0
HUB,D,20130624,000000,4.4,4.4,4.4,4.4,298,0
HUB,D,20130625,000000,4.4,4.4,4.2,4.21,2467,0
HUB,D,20130626,000000,4.2,4.2,4.2,4.2,1974,0
HUB,D,20130627,000000,4.39,4.39,4,4,2425,0
HUB,D,20130628,000000,4,4,3.82,3.82,408,0
HUB,D,20130702,000000,3.82,3.82,3.82,3.82,1000,0
HUB,D,20130703,000000,3.9,3.9,3.9,3.9,2,0
HUB,D,20130704,000000,3.9,3.9,2.85,2.88,141921,0
HUB,D,20130705,000000,2.9,3.13,2.8,2.8,30495,0
HUB,D,20130708,000000,2.82,2.85,2.82,2.85,1150,0
HUB,D,20130709,000000,2.85,2.86,2.85,2.85,6125,0
HUB,D,20130710,000000,2.92,2.92,2.9,2.9,2,0
HUB,D,20130711,000000,2.9,2.9,2.8,2.85,992,0
HUB,D,20130712,000000,2.85,2.85,2.85,2.85,2462,0
HUB,D,20130715,000000,2.85,2.85,2.7,2.84,1452,0
HUB,D,20130716,000000,2.84,2.84,2.84,2.84,182,0
HUB,D,20130717,000000,2.84,2.84,2.82,2.83,752,0
HUB,D,20130718,000000,2.82,2.82,2.82,2.82,2,0
HUB,D,20130719,000000,2.88,2.88,2.88,2.88,1660,0
HUB,D,20130722,000000,2.88,2.88,2.88,2.88,1,0
HUB,D,20130723,000000,2.9,2.9,2.82,2.85,4024,0
HUB,D,20130724,000000,2.77,2.83,2.77,2.83,101,0
HUB,D,20130726,000000,2.83,2.9,2.83,2.9,426,0
HUB,D,20130729,000000,2.9,2.9,2.9,2.9,2026,0
HUB,D,20130730,000000,3.14,3.79,3.14,3.79,79529,0
HUB,D,20130731,000000,4.2,4.2,3.9,3.99,237577,0
HUB,D,20130801,000000,3.99,3.99,3.88,3.99,43813,0
HUB,D,20130802,000000,4,4.05,3.9,3.93,23193,0
HUB,D,20130805,000000,3.99,4.1,3.99,4,32466,0
HUB,D,20130806,000000,4.1,4.34,4.1,4.16,55219,0
HUB,D,20130807,000000,4.19,4.3,4.1,4.16,40594,0
HUB,D,20130808,000000,4.25,4.25,3.97,4.06,24633,0
HUB,D,20130809,000000,4.09,4.09,3.7,3.97,39051,0
HUB,D,20130812,000000,3.97,3.98,3.71,3.72,17790,0
HUB,D,20130813,000000,3.74,3.92,3.74,3.87,10569,0
HUB,D,20130814,000000,3.88,3.92,3.8,3.9,4753,0
HUB,D,20130816,000000,3.85,3.85,3.8,3.85,2282,0
HUB,D,20130819,000000,3.89,3.89,3.7,3.79,8012,0
HUB,D,20130820,000000,3.8,3.8,3.71,3.79,13575,0
HUB,D,20130821,000000,3.79,3.85,3.79,3.85,3563,0
HUB,D,20130822,000000,3.85,3.85,3.79,3.84,4701,0
HUB,D,20130823,000000,3.84,3.84,3.7,3.7,7122,0
HUB,D,20130826,000000,3.72,3.79,3.68,3.7,12034,0
HUB,D,20130827,000000,3.68,3.7,3.32,3.46,15093,0
HUB,D,20130828,000000,3.46,3.46,3.38,3.39,2021,0
HUB,D,20130829,000000,3.33,3.55,3.25,3.45,12444,0
HUB,D,20130830,000000,3.42,3.5,3.3,3.35,9752,0
HUB,D,20130902,000000,3.38,3.38,3.1,3.15,44681,0
HUB,D,20130903,000000,3.1,3.12,2.82,2.85,116400,0
HUB,D,20130904,000000,2.92,2.92,2.7,2.86,16988,0
HUB,D,20130905,000000,2.76,3,2.6,2.9,43540,0
HUB,D,20130906,000000,2.9,2.99,2.87,2.92,33860,0
HUB,D,20130909,000000,2.92,3.1,2.7,3.05,196868,0
HUB,D,20130910,000000,3.1,3.1,2.9,2.94,75812,0
HUB,D,20130911,000000,3,3,2.7,2.8,68554,0
HUB,D,20130912,000000,2.79,2.79,2.58,2.69,31396,0
HUB,D,20130913,000000,2.68,2.69,2.42,2.42,108199,0
HUB,D,20130916,000000,2.36,2.54,2.3,2.52,36900,0
HUB,D,20130917,000000,2.52,2.52,2.45,2.5,27484,0
HUB,D,20130918,000000,2.5,2.5,2.44,2.44,26656,0
HUB,D,20130919,000000,2.44,2.54,2.41,2.49,55073,0
HUB,D,20130920,000000,2.49,2.51,2.47,2.47,8680,0
HUB,D,20130923,000000,2.45,2.59,2.44,2.59,34103,0
HUB,D,20130924,000000,2.6,2.97,2.6,2.97,205052,0
HUB,D,20130925,000000,3.02,3.2,2.78,2.8,189742,0
HUB,D,20130926,000000,2.85,2.96,2.78,2.89,29769,0
HUB,D,20130927,000000,2.93,3.1,2.93,3.02,89891,0
HUB,D,20130930,000000,3.01,3.02,2.95,2.95,57010,0
HUB,D,20131001,000000,2.96,3.1,2.95,3.1,28029,0
HUB,D,20131002,000000,3.06,3.31,3.05,3.06,90690,0
HUB,D,20131003,000000,3.05,3.08,2.85,2.85,42393,0
HUB,D,20131004,000000,2.94,2.94,2.76,2.88,24701,0
HUB,D,20131007,000000,2.88,2.89,2.65,2.65,36298,0
HUB,D,20131008,000000,2.65,2.78,2.52,2.67,29993,0
HUB,D,20131009,000000,2.64,2.64,2.48,2.58,29771,0
HUB,D,20131010,000000,2.58,2.75,2.39,2.39,84912,0
HUB,D,20131011,000000,2.49,2.63,2.35,2.4,172482,0
HUB,D,20131014,000000,2.48,2.56,2.4,2.44,59265,0
HUB,D,20131015,000000,2.45,2.45,2.35,2.38,36600,0
HUB,D,20131016,000000,2.35,2.38,2.12,2.13,145371,0
HUB,D,20131017,000000,2.17,2.3,2.15,2.3,110508,0
HUB,D,20131018,000000,2.33,2.81,2.3,2.7,478010,0
HUB,D,20131021,000000,2.8,2.8,2.55,2.57,192806,0
HUB,D,20131022,000000,2.6,2.6,2.39,2.44,92785,0
HUB,D,20131023,000000,2.44,2.47,2.26,2.29,61199,0
HUB,D,20131024,000000,2.41,2.41,2.34,2.39,32631,0
HUB,D,20131025,000000,2.39,2.39,2.27,2.29,43902,0
HUB,D,20131028,000000,2.29,2.47,2.29,2.43,68173,0
HUB,D,20131029,000000,2.44,2.5,2.4,2.42,60302,0
HUB,D,20131030,000000,2.4,2.45,2.4,2.44,20497,0
HUB,D,20131031,000000,2.44,2.44,2.35,2.42,21410,0
HUB,D,20131104,000000,2.45,2.45,2.4,2.44,3827,0
HUB,D,20131105,000000,2.45,2.45,2.35,2.43,13279,0
HUB,D,20131106,000000,2.45,2.45,2.38,2.42,6397,0
HUB,D,20131107,000000,2.45,2.45,2.39,2.4,9226,0
HUB,D,20131108,000000,2.42,2.52,2.42,2.5,40099,0
HUB,D,20131112,000000,2.43,2.49,2.4,2.41,14865,0
HUB,D,20131113,000000,2.4,2.4,2.37,2.37,11804,0
HUB,D,20131114,000000,2.37,2.4,2.37,2.37,3851,0
HUB,D,20131115,000000,2.35,2.44,2.18,2.36,49767,0
HUB,D,20131118,000000,2.35,2.41,2.32,2.37,10566,0
HUB,D,20131119,000000,2.42,2.42,2.29,2.29,9876,0
HUB,D,20131120,000000,2.3,2.3,2.25,2.26,5134,0
HUB,D,20131121,000000,2.27,2.27,2.17,2.19,21797,0
HUB,D,20131122,000000,2.16,2.37,2.16,2.23,17524,0
HUB,D,20131125,000000,2.23,2.4,2.23,2.36,25862,0
HUB,D,20131126,000000,2.36,2.4,2.33,2.33,4233,0
HUB,D,20131127,000000,2.33,2.35,2.27,2.35,12069,0
HUB,D,20131128,000000,2.39,2.39,2.22,2.24,13583,0
HUB,D,20131129,000000,2.24,2.29,2.24,2.24,3760,0
HUB,D,20131202,000000,2.24,2.3,2.24,2.3,1170,0
HUB,D,20131203,000000,2.3,2.3,2.23,2.23,7999,0
HUB,D,20131204,000000,2.23,2.28,2.03,2.14,24503,0
HUB,D,20131205,000000,2.14,2.2,2.09,2.2,10166,0
HUB,D,20131206,000000,2.2,2.3,2.15,2.3,7829,0
HUB,D,20131209,000000,2.3,2.3,2.21,2.22,4560,0
HUB,D,20131210,000000,2.24,2.24,2.12,2.13,5855,0
HUB,D,20131211,000000,2.12,2.15,2.12,2.13,2829,0
HUB,D,20131212,000000,2.13,2.14,2.08,2.09,8850,0
HUB,D,20131213,000000,2.1,2.28,2.01,2.02,27409,0
HUB,D,20131216,000000,2.02,2.02,1.91,1.98,18803,0
HUB,D,20131217,000000,1.98,1.98,1.79,1.85,22682,0
HUB,D,20131218,000000,1.85,1.85,1.67,1.68,60739,0
HUB,D,20131219,000000,1.73,1.74,1.51,1.61,136447,0
HUB,D,20131220,000000,1.6,1.61,1.51,1.6,55039,0
HUB,D,20131223,000000,1.61,1.73,1.6,1.61,25145,0
HUB,D,20131227,000000,1.62,1.74,1.62,1.7,12210,0
HUB,D,20131230,000000,1.6,1.6,1.55,1.59,33114,0
HUB,D,20140102,000000,1.55,1.65,1.53,1.65,13450,0
HUB,D,20140103,000000,1.6,1.6,1.53,1.53,126948,0
HUB,D,20140107,000000,1.55,1.55,1.44,1.44,37907,0
HUB,D,20140108,000000,1.43,1.54,1.36,1.54,66212,0
HUB,D,20140109,000000,1.54,1.58,1.43,1.52,184917,0
HUB,D,20140110,000000,1.52,1.62,1.49,1.49,25103,0
HUB,D,20140113,000000,1.5,1.65,1.5,1.65,35382,0
HUB,D,20140114,000000,1.54,1.64,1.54,1.64,4858,0
HUB,D,20140115,000000,1.65,1.8,1.54,1.8,64772,0
HUB,D,20140116,000000,1.8,1.92,1.73,1.85,92749,0
HUB,D,20140117,000000,1.89,1.93,1.68,1.68,24755,0
HUB,D,20140120,000000,1.57,1.65,1.57,1.59,14043,0
HUB,D,20140121,000000,1.65,1.81,1.59,1.8,42344,0
HUB,D,20140122,000000,1.8,1.86,1.79,1.8,41273,0
HUB,D,20140123,000000,1.82,1.82,1.64,1.64,51690,0
HUB,D,20140124,000000,1.66,1.7,1.63,1.63,5127,0
HUB,D,20140127,000000,1.63,1.63,1.55,1.55,15914,0
HUB,D,20140128,000000,1.55,1.58,1.55,1.55,2815,0
HUB,D,20140129,000000,1.55,1.56,1.55,1.55,3502,0
HUB,D,20140130,000000,1.55,1.56,1.54,1.56,1365,0
HUB,D,20140131,000000,1.57,1.62,1.55,1.55,19511,0
HUB,D,20140203,000000,1.55,1.63,1.55,1.57,3393,0
HUB,D,20140204,000000,1.57,1.57,1.5,1.55,24649,0
HUB,D,20140205,000000,1.55,1.57,1.4,1.5,38391,0
HUB,D,20140206,000000,1.54,1.54,1.48,1.5,8214,0
HUB,D,20140207,000000,1.53,1.53,1.5,1.5,8402,0
HUB,D,20140210,000000,1.5,1.51,1.45,1.45,55259,0
HUB,D,20140211,000000,1.45,1.52,1.43,1.43,21198,0
HUB,D,20140212,000000,1.5,1.5,1.44,1.44,33557,0
HUB,D,20140213,000000,1.44,1.48,1.44,1.44,20115,0
HUB,D,20140214,000000,1.49,1.49,1.44,1.44,15706,0
HUB,D,20140217,000000,1.48,1.57,1.45,1.47,78335,0
HUB,D,20140218,000000,1.5,1.56,1.48,1.48,53095,0
HUB,D,20140219,000000,1.48,1.5,1.43,1.44,28700,0
HUB,D,20140220,000000,1.47,1.47,1.43,1.45,28171,0
HUB,D,20140221,000000,1.52,1.84,1.52,1.77,475110,0
HUB,D,20140224,000000,1.75,1.84,1.66,1.73,229004,0
HUB,D,20140225,000000,1.72,1.76,1.68,1.71,42554,0
HUB,D,20140226,000000,1.75,1.8,1.56,1.56,65163,0
HUB,D,20140227,000000,1.58,1.64,1.53,1.56,54736,0
HUB,D,20140228,000000,1.65,1.69,1.6,1.69,22977,0
HUB,D,20140303,000000,1.55,1.65,1.49,1.51,97537,0
HUB,D,20140304,000000,1.51,1.55,1.51,1.54,46167,0
HUB,D,20140305,000000,1.56,1.65,1.53,1.53,54418,0
HUB,D,20140306,000000,1.51,1.62,1.5,1.52,21408,0
HUB,D,20140307,000000,1.53,1.53,1.46,1.46,54903,0
HUB,D,20140310,000000,1.47,1.48,1.42,1.42,30593,0
HUB,D,20140311,000000,1.44,1.47,1.41,1.43,13377,0
HUB,D,20140312,000000,1.51,1.51,1.41,1.42,13353,0
HUB,D,20140313,000000,1.42,1.45,1.38,1.45,13120,0
HUB,D,20140314,000000,1.41,1.42,1.29,1.33,121334,0
HUB,D,20140317,000000,1.34,1.42,1.34,1.39,3004,0
HUB,D,20140318,000000,1.41,1.41,1.37,1.4,3032,0
HUB,D,20140319,000000,1.39,1.41,1.38,1.38,17554,0
HUB,D,20140320,000000,1.38,1.41,1.35,1.39,9171,0
HUB,D,20140321,000000,1.41,1.43,1.35,1.4,23468,0
HUB,D,20140324,000000,1.42,1.5,1.4,1.4,9155,0
HUB,D,20140325,000000,1.44,1.48,1.41,1.48,2880,0
HUB,D,20140326,000000,1.49,1.49,1.45,1.46,10427,0
HUB,D,20140327,000000,1.48,1.48,1.4,1.47,4003,0
HUB,D,20140328,000000,1.47,1.47,1.42,1.47,2222,0
HUB,D,20140331,000000,1.4,1.48,1.4,1.48,3537,0
HUB,D,20140401,000000,1.4,1.48,1.4,1.45,1391,0
HUB,D,20140402,000000,1.45,1.46,1.4,1.46,7412,0
HUB,D,20140403,000000,1.47,1.47,1.41,1.46,1073,0
HUB,D,20140404,000000,1.47,1.47,1.4,1.45,10603,0
HUB,D,20140407,000000,1.45,1.46,1.42,1.42,5473,0
HUB,D,20140408,000000,1.42,1.45,1.29,1.37,27546,0
HUB,D,20140409,000000,1.37,1.43,1.32,1.35,24947,0
HUB,D,20140410,000000,1.38,1.38,1.35,1.35,1551,0
HUB,D,20140411,000000,1.38,1.4,1.3,1.4,25431,0
HUB,D,20140414,000000,1.39,1.43,1.39,1.41,16144,0
HUB,D,20140415,000000,1.41,1.41,1.39,1.41,1003,0
HUB,D,20140416,000000,1.43,1.43,1.39,1.39,19929,0
HUB,D,20140417,000000,1.39,1.42,1.39,1.4,1293,0
HUB,D,20140422,000000,1.43,1.43,1.39,1.39,19921,0
HUB,D,20140423,000000,1.39,1.43,1.39,1.43,706,0
HUB,D,20140424,000000,1.43,1.44,1.4,1.4,13582,0
HUB,D,20140425,000000,1.39,1.45,1.39,1.39,1305,0
HUB,D,20140428,000000,1.38,1.45,1.37,1.4,6204,0
HUB,D,20140429,000000,1.4,1.4,1.36,1.39,5868,0
HUB,D,20140430,000000,1.4,1.4,1.29,1.34,10669,0
HUB,D,20140502,000000,1.34,1.34,1.31,1.32,3710,0
HUB,D,20140505,000000,1.32,1.34,1.32,1.34,602,0
HUB,D,20140506,000000,1.32,1.34,1.32,1.34,86,0
HUB,D,20140507,000000,1.32,1.32,1.22,1.26,113717,0
HUB,D,20140508,000000,1.28,1.28,1.23,1.26,30165,0
HUB,D,20140509,000000,1.27,1.27,1.19,1.2,15229,0
HUB,D,20140512,000000,1.2,1.2,1.08,1.14,17226,0
HUB,D,20140513,000000,1.14,1.15,1.11,1.12,12341,0
HUB,D,20140514,000000,1.05,1.11,1.05,1.11,5945,0
HUB,D,20140515,000000,1.12,1.12,1.12,1.12,2,0
HUB,D,20140516,000000,1.12,1.12,1.11,1.11,953,0
HUB,D,20140519,000000,1.13,1.2,1.11,1.2,19165,0
HUB,D,20140520,000000,1.2,1.2,1.2,1.2,15002,0
HUB,D,20140521,000000,1.22,1.22,1.16,1.21,31625,0
HUB,D,20140522,000000,1.19,1.25,1.19,1.23,10086,0
HUB,D,20140523,000000,1.23,1.23,1.14,1.22,65068,0
HUB,D,20140526,000000,1.23,1.26,1.2,1.21,32140,0
HUB,D,20140527,000000,1.2,1.3,1.2,1.3,51273,0
HUB,D,20140528,000000,1.36,1.36,1.3,1.35,27851,0
HUB,D,20140529,000000,1.36,1.45,1.36,1.41,156652,0
HUB,D,20140530,000000,1.41,1.42,1.34,1.41,27732,0
HUB,D,20140602,000000,1.4,1.49,1.38,1.48,118731,0
HUB,D,20140603,000000,1.5,1.5,1.45,1.45,15479,0
HUB,D,20140604,000000,1.5,1.53,1.44,1.49,77114,0
HUB,D,20140605,000000,1.48,1.48,1.47,1.47,2035,0
HUB,D,20140606,000000,1.48,1.5,1.34,1.34,45736,0
HUB,D,20140609,000000,1.35,1.35,1.27,1.3,50588,0
HUB,D,20140610,000000,1.3,1.31,1.19,1.2,61837,0
HUB,D,20140611,000000,1.2,1.28,1.12,1.19,97555,0
HUB,D,20140612,000000,1.2,1.24,1.2,1.23,727,0
HUB,D,20140613,000000,1.23,1.3,1.23,1.3,3536,0
HUB,D,20140616,000000,1.28,1.28,1.17,1.25,25288,0
HUB,D,20140617,000000,1.27,1.3,1.17,1.2,9421,0
HUB,D,20140618,000000,1.2,1.21,1.2,1.21,10712,0
HUB,D,20140620,000000,1.22,1.25,1.22,1.24,712,0
HUB,D,20140623,000000,1.25,1.25,1.19,1.23,3199,0
HUB,D,20140624,000000,1.2,1.2,1.2,1.2,9026,0
HUB,D,20140625,000000,1.2,1.21,1.2,1.21,7431,0
HUB,D,20140626,000000,1.21,1.21,1.21,1.21,2601,0
HUB,D,20140627,000000,1.21,1.22,1.2,1.22,3702,0
HUB,D,20140630,000000,1.22,1.22,1.2,1.21,811,0
HUB,D,20140701,000000,1.22,1.22,1.16,1.19,19815,0
HUB,D,20140702,000000,1.19,1.19,1.15,1.15,13594,0
HUB,D,20140703,000000,1.19,1.19,1.15,1.18,10307,0
HUB,D,20140704,000000,1.19,1.19,1.18,1.19,1478,0
HUB,D,20140707,000000,1.18,1.18,1.13,1.18,16053,0
HUB,D,20140708,000000,1.16,1.18,1.15,1.18,5136,0
HUB,D,20140709,000000,1.18,1.18,1.14,1.14,301,0
HUB,D,20140710,000000,1.14,1.18,1.14,1.18,3529,0
HUB,D,20140711,000000,1.16,1.24,1.16,1.24,11103,0
HUB,D,20140714,000000,1.22,1.22,1.22,1.22,1,0
HUB,D,20140716,000000,1.24,1.24,1.16,1.22,172,0
HUB,D,20140717,000000,1.24,1.24,1.17,1.17,440,0
HUB,D,20140718,000000,1.23,1.23,1.23,1.23,1364,0
HUB,D,20140721,000000,1.24,1.25,1.18,1.2,12278,0
HUB,D,20140722,000000,1.19,1.2,1.19,1.2,7035,0
HUB,D,20140723,000000,1.19,1.23,1.15,1.2,5325,0
HUB,D,20140724,000000,1.24,1.24,1.19,1.2,9300,0
HUB,D,20140725,000000,1.23,1.23,1.18,1.2,1957,0
HUB,D,20140728,000000,1.2,1.2,1.2,1.2,3000,0
HUB,D,20140730,000000,1.24,1.24,1.15,1.16,4579,0
HUB,D,20140731,000000,1.14,1.21,1.14,1.18,5,0
HUB,D,20140801,000000,1.18,1.2,1.14,1.19,5892,0
HUB,D,20140804,000000,1.19,1.19,1.19,1.19,137,0
HUB,D,20140805,000000,1.19,1.19,1.19,1.19,2,0
HUB,D,20140806,000000,1.14,1.18,1.14,1.18,7940,0
HUB,D,20140807,000000,1.18,1.18,1.13,1.18,5381,0
HUB,D,20140808,000000,1.19,1.19,1.13,1.14,1002,0
HUB,D,20140811,000000,1.1,1.11,1.08,1.08,8905,0
HUB,D,20140812,000000,1.08,1.14,1.08,1.14,4304,0
HUB,D,20140813,000000,1.14,1.15,1.14,1.15,1000,0
HUB,D,20140814,000000,1.17,1.17,1.14,1.14,3561,0
HUB,D,20140818,000000,1.17,1.17,1.06,1.13,54548,0
HUB,D,20140819,000000,1.13,1.13,1.13,1.13,2,0
HUB,D,20140820,000000,1.1,1.1,0.99,0.99,11360,0
HUB,D,20140821,000000,1,1.05,0.94,1,61590,0
HUB,D,20140822,000000,1,1.05,1,1.05,8021,0
HUB,D,20140825,000000,1.05,1.05,1.02,1.05,8795,0
HUB,D,20140826,000000,1.06,1.1,1.06,1.07,762,0
HUB,D,20140827,000000,1.07,1.07,1,1.07,5307,0
HUB,D,20140828,000000,1.07,1.09,0.99,1.05,7735,0
HUB,D,20140829,000000,1.04,1.04,0.99,1.03,7002,0
HUB,D,20140901,000000,1.03,1.03,0.99,1.03,4734,0
HUB,D,20140902,000000,1.03,1.03,0.97,1,22709,0
HUB,D,20140903,000000,1.01,1.01,0.99,1.01,23593,0
HUB,D,20140904,000000,1.01,1.01,0.99,1.01,4576,0
HUB,D,20140905,000000,1.01,1.07,1,1.01,90881,0
HUB,D,20140908,000000,1,1.03,1,1.03,8576,0
HUB,D,20140909,000000,1.03,1.13,1.03,1.13,32894,0
HUB,D,20140910,000000,1.1,1.15,1.05,1.14,18818,0
HUB,D,20140911,000000,1.15,1.15,1.15,1.15,2,0
HUB,D,20140912,000000,1.15,1.15,1.12,1.15,8564,0
HUB,D,20140915,000000,1.17,1.17,1.15,1.16,1502,0
HUB,D,20140916,000000,1.17,1.17,1.15,1.15,2633,0
HUB,D,20140917,000000,1.15,1.15,1.08,1.15,2580,0
HUB,D,20140918,000000,1.15,1.15,1.12,1.15,8089,0
HUB,D,20140919,000000,1.15,1.15,1.11,1.11,4729,0
HUB,D,20140922,000000,1.15,1.15,1.08,1.08,4087,0
HUB,D,20140923,000000,1.11,1.11,1.11,1.11,997,0
HUB,D,20140924,000000,1.15,1.15,1.15,1.15,2,0
HUB,D,20140925,000000,1.15,1.15,1.15,1.15,2,0
HUB,D,20140926,000000,1.15,1.15,1.13,1.13,4411,0
HUB,D,20140929,000000,1.15,1.15,1.08,1.15,5575,0
HUB,D,20140930,000000,1.14,1.14,1.14,1.14,1027,0
HUB,D,20141001,000000,1.15,1.15,1.08,1.1,9055,0
HUB,D,20141002,000000,1.1,1.1,1.08,1.08,1077,0
HUB,D,20141003,000000,1.08,1.08,1.08,1.08,3076,0
HUB,D,20141006,000000,1.06,1.09,1.06,1.09,1224,0
HUB,D,20141007,000000,1.09,1.09,1.08,1.09,2981,0
HUB,D,20141008,000000,1.15,1.15,1.13,1.13,522,0
HUB,D,20141009,000000,1.15,1.15,1.15,1.15,2,0
HUB,D,20141010,000000,1.15,1.15,1.15,1.15,1,0
HUB,D,20141013,000000,1.14,1.14,1.13,1.14,1019,0
HUB,D,20141014,000000,1.14,1.14,1.13,1.13,4411,0
HUB,D,20141015,000000,1.14,1.14,1.08,1.09,10861,0
HUB,D,20141016,000000,1.14,1.14,1.14,1.14,1,0
HUB,D,20141017,000000,1.14,1.14,1.14,1.14,1,0
HUB,D,20141020,000000,1.09,1.09,1.05,1.08,22734,0
HUB,D,20141021,000000,1.12,1.12,1.1,1.11,13181,0
HUB,D,20141022,000000,1.12,1.12,1.11,1.12,11101,0
HUB,D,20141023,000000,1.13,1.25,1.13,1.24,82849,0
HUB,D,20141024,000000,1.25,1.3,1.25,1.25,37004,0
HUB,D,20141027,000000,1.27,1.28,1.25,1.28,16212,0
HUB,D,20141028,000000,1.3,1.39,1.29,1.39,51975,0
HUB,D,20141029,000000,1.39,1.42,1.37,1.42,46160,0
HUB,D,20141030,000000,1.41,1.41,1.37,1.38,24324,0
HUB,D,20141031,000000,1.37,1.39,1.29,1.38,15388,0
HUB,D,20141103,000000,1.4,1.4,1.32,1.37,1934,0
HUB,D,20141104,000000,1.38,1.38,1.38,1.38,6752,0
HUB,D,20141105,000000,1.38,1.38,1.38,1.38,2,0
HUB,D,20141106,000000,1.38,1.38,1.28,1.28,16100,0
HUB,D,20141107,000000,1.3,1.3,1.3,1.3,1,0
HUB,D,20141110,000000,1.25,1.25,1.24,1.24,4064,0
HUB,D,20141112,000000,1.24,1.24,1.18,1.18,2276,0
HUB,D,20141113,000000,1.18,1.18,1.15,1.15,3599,0
HUB,D,20141114,000000,1.19,1.19,1.11,1.14,40516,0
HUB,D,20141117,000000,1.16,1.19,1.13,1.18,28295,0
HUB,D,20141118,000000,1.2,1.28,1.2,1.23,6595,0
HUB,D,20141119,000000,1.23,1.24,1.16,1.23,7490,0
HUB,D,20141120,000000,1.26,1.26,1.25,1.25,3230,0
HUB,D,20141121,000000,1.25,1.26,1.2,1.25,3220,0
HUB,D,20141124,000000,1.25,1.25,1.19,1.25,20183,0
HUB,D,20141125,000000,1.26,1.26,1.26,1.26,2,0
HUB,D,20141126,000000,1.26,1.27,1.26,1.27,8874,0
HUB,D,20141127,000000,1.29,1.35,1.28,1.3,20822,0
HUB,D,20141128,000000,1.31,1.31,1.26,1.26,9192,0
HUB,D,20141201,000000,1.3,1.3,1.24,1.25,4104,0
HUB,D,20141202,000000,1.28,1.28,1.23,1.25,5202,0
HUB,D,20141203,000000,1.28,1.28,1.24,1.28,8582,0
HUB,D,20141204,000000,1.28,1.28,1.28,1.28,1,0
HUB,D,20141205,000000,1.27,1.3,1.27,1.3,21326,0
HUB,D,20141208,000000,1.29,1.34,1.29,1.34,6752,0
HUB,D,20141209,000000,1.33,1.33,1.3,1.33,5502,0
HUB,D,20141210,000000,1.34,1.34,1.32,1.32,13002,0
HUB,D,20141211,000000,1.32,1.32,1.3,1.32,6030,0
HUB,D,20141212,000000,1.3,1.3,1.22,1.26,10179,0
HUB,D,20141215,000000,1.32,1.32,1.19,1.2,1996,0
HUB,D,20141216,000000,1.16,1.25,1.16,1.25,3961,0
HUB,D,20141217,000000,1.26,1.26,1.26,1.26,1,0
HUB,D,20141218,000000,1.25,1.25,1.16,1.2,8556,0
HUB,D,20141219,000000,1.2,1.2,1.12,1.17,8976,0
HUB,D,20141222,000000,1.22,1.22,1.22,1.22,1,0
HUB,D,20141223,000000,1.16,1.16,1.1,1.16,6310,0
HUB,D,20141229,000000,1.17,1.17,1.17,1.17,3000,0
HUB,D,20141230,000000,1.13,1.19,1.13,1.19,130,0
HUB,D,20150102,000000,1.18,1.18,1.14,1.14,118,0
HUB,D,20150105,000000,1.15,1.15,1.15,1.15,5001,0
HUB,D,20150107,000000,1.19,1.19,1.15,1.18,251,0
HUB,D,20150108,000000,1.19,1.19,1.13,1.18,1451,0
HUB,D,20150109,000000,1.19,1.19,1.12,1.19,1048,0
HUB,D,20150112,000000,1.24,1.24,1.24,1.24,1,0
HUB,D,20150113,000000,1.24,1.24,1.12,1.12,1951,0
HUB,D,20150114,000000,1.12,1.12,1.12,1.12,2122,0
HUB,D,20150115,000000,1.13,1.17,1.13,1.17,6528,0
HUB,D,20150116,000000,1.17,1.24,1.17,1.2,12396,0
HUB,D,20150119,000000,1.2,1.2,1.2,1.2,2600,0
HUB,D,20150120,000000,1.2,1.2,1.2,1.2,1,0
HUB,D,20150121,000000,1.2,1.2,1.2,1.2,165,0
HUB,D,20150122,000000,1.2,1.25,1.2,1.25,1542,0
HUB,D,20150123,000000,1.27,1.29,1.27,1.28,5187,0
HUB,D,20150126,000000,1.28,1.28,1.28,1.28,1,0
HUB,D,20150127,000000,1.25,1.25,1.23,1.23,1123,0
HUB,D,20150128,000000,1.23,1.23,1.15,1.22,4379,0
HUB,D,20150129,000000,1.22,1.22,1.15,1.17,2146,0
HUB,D,20150130,000000,1.22,1.22,1.22,1.22,1,0
HUB,D,20150202,000000,1.22,1.22,1.22,1.22,1,0
HUB,D,20150203,000000,1.22,1.22,1.22,1.22,1,0
HUB,D,20150204,000000,1.22,1.22,1.22,1.22,1,0
HUB,D,20150205,000000,1.22,1.22,1.14,1.22,3499,0
HUB,D,20150206,000000,1.2,1.2,1.13,1.19,1222,0
HUB,D,20150209,000000,1.19,1.19,1.18,1.18,4011,0
HUB,D,20150210,000000,1.22,1.22,1.13,1.18,2253,0
HUB,D,20150211,000000,1.2,1.2,1.15,1.19,2250,0
HUB,D,20150212,000000,1.19,1.19,1.12,1.17,9801,0
HUB,D,20150213,000000,1.18,1.18,1.14,1.18,3002,0
HUB,D,20150216,000000,1.17,1.19,1.14,1.17,16182,0
HUB,D,20150217,000000,1.19,1.28,1.17,1.27,77066,0
HUB,D,20150218,000000,1.28,1.28,1.27,1.27,11388,0
HUB,D,20150219,000000,1.27,1.29,1.27,1.28,35455,0
HUB,D,20150220,000000,1.28,1.28,1.26,1.26,3002,0
HUB,D,20150223,000000,1.26,1.26,1.23,1.23,12200,0
HUB,D,20150224,000000,1.26,1.26,1.19,1.19,13864,0
HUB,D,20150225,000000,1.22,1.26,1.19,1.26,23393,0
HUB,D,20150226,000000,1.26,1.41,1.26,1.38,119539,0
HUB,D,20150227,000000,1.39,1.39,1.26,1.26,45887,0
HUB,D,20150302,000000,1.26,1.33,1.24,1.33,32085,0
HUB,D,20150303,000000,1.33,1.41,1.29,1.41,29321,0
HUB,D,20150304,000000,1.41,1.43,1.38,1.39,7232,0
HUB,D,20150305,000000,1.39,1.39,1.39,1.39,3981,0
HUB,D,20150306,000000,1.42,1.46,1.42,1.46,16466,0
HUB,D,20150309,000000,1.46,1.46,1.44,1.46,2680,0
HUB,D,20150310,000000,1.46,1.46,1.31,1.31,37617,0
HUB,D,20150311,000000,1.33,1.34,1.33,1.33,5192,0
HUB,D,20150312,000000,1.33,1.34,1.23,1.32,20426,0
HUB,D,20150313,000000,1.22,1.32,1.22,1.3,8131,0
HUB,D,20150316,000000,1.3,1.3,1.24,1.25,2702,0
HUB,D,20150317,000000,1.25,1.27,1.22,1.27,8442,0
HUB,D,20150318,000000,1.27,1.27,1.21,1.24,6006,0
HUB,D,20150319,000000,1.24,1.24,1.24,1.24,1000,0
HUB,D,20150320,000000,1.24,1.27,1.13,1.23,81790,0
HUB,D,20150323,000000,1.23,1.23,1.13,1.18,33651,0
HUB,D,20150324,000000,1.12,1.17,1.05,1.16,31404,0
HUB,D,20150325,000000,1.13,1.16,1.12,1.16,9079,0
HUB,D,20150326,000000,1.16,1.24,1.16,1.2,63081,0
HUB,D,20150327,000000,1.17,1.2,1.17,1.2,1531,0
HUB,D,20150330,000000,1.22,1.22,1.14,1.14,18338,0
HUB,D,20150331,000000,1.15,1.15,1.07,1.09,6246,0
HUB,D,20150401,000000,1.08,1.12,1.08,1.12,4234,0
HUB,D,20150402,000000,1.07,1.1,1.05,1.09,7587,0
HUB,D,20150407,000000,1.09,1.09,1.05,1.09,12194,0
HUB,D,20150408,000000,1.1,1.1,1.1,1.1,1001,0
HUB,D,20150409,000000,1.09,1.09,1.03,1.08,9343,0
HUB,D,20150410,000000,1.09,1.09,0.99,1.04,41932,0
HUB,D,20150413,000000,1.04,1.08,1.04,1.07,4330,0
HUB,D,20150414,000000,1.07,1.07,1.07,1.07,492,0
HUB,D,20150415,000000,1.07,1.07,1.04,1.04,896,0
HUB,D,20150416,000000,1.03,1.05,1.03,1.05,100,0
HUB,D,20150417,000000,1.07,1.07,1,1.03,13026,0
HUB,D,20150420,000000,1.05,1.05,1,1.03,1135,0
HUB,D,20150421,000000,1.07,1.07,1.05,1.05,782,0
HUB,D,20150422,000000,1.06,1.06,1.05,1.06,1002,0
HUB,D,20150423,000000,1.06,1.06,1,1,4624,0
HUB,D,20150424,000000,1.02,1.06,1.02,1.06,2743,0
HUB,D,20150427,000000,1.06,1.07,1.06,1.07,6452,0
HUB,D,20150428,000000,1.07,1.08,1.07,1.08,1001,0
HUB,D,20150429,000000,1.08,1.08,1.03,1.05,5601,0
HUB,D,20150430,000000,1.08,1.08,1.03,1.03,1299,0
HUB,D,20150504,000000,1.08,1.08,0.99,1.03,25859,0
HUB,D,20150505,000000,1.05,1.05,1.03,1.04,5771,0
HUB,D,20150506,000000,1.05,1.05,1,1.03,9931,0
HUB,D,20150507,000000,1.05,1.05,1,1.04,27495,0
HUB,D,20150508,000000,1.04,1.05,1,1.05,23076,0
HUB,D,20150511,000000,1.03,1.07,1.01,1.05,61519,0
HUB,D,20150512,000000,1.05,1.05,1,1.05,17940,0
HUB,D,20150513,000000,1.05,1.05,1,1.03,10503,0
HUB,D,20150514,000000,1.03,1.03,0.98,1.03,17522,0
HUB,D,20150515,000000,1.04,1.04,0.98,1.02,6564,0
HUB,D,20150518,000000,1.02,1.02,1.02,1.02,1,0
HUB,D,20150519,000000,0.98,1.02,0.97,1.01,64876,0
HUB,D,20150521,000000,1.01,1.02,1,1.02,2152,0
HUB,D,20150525,000000,0.98,1,0.98,1,5990,0
HUB,D,20150526,000000,0.98,0.98,0.98,0.98,1301,0
HUB,D,20150527,000000,0.99,1,0.98,1,7056,0
HUB,D,20150528,000000,1,1,1,1,2,0
HUB,D,20150529,000000,1,1,0.92,0.94,18578,0
HUB,D,20150601,000000,0.91,0.94,0.84,0.86,17896,0
HUB,D,20150602,000000,0.86,0.86,0.8,0.8,30917,0
HUB,D,20150603,000000,0.8,0.8,0.72,0.79,22092,0
HUB,D,20150605,000000,0.79,0.82,0.78,0.78,40833,0
HUB,D,20150608,000000,0.75,0.78,0.68,0.7,52338,0
HUB,D,20150609,000000,0.7,0.7,0.64,0.65,47264,0
HUB,D,20150610,000000,0.67,0.67,0.56,0.62,110575,0
HUB,D,20150611,000000,0.63,0.63,0.57,0.58,61732,0
HUB,D,20150612,000000,0.56,0.58,0.5,0.58,113242,0
HUB,D,20150615,000000,0.6,0.72,0.6,0.71,60738,0
HUB,D,20150616,000000,0.74,0.81,0.74,0.77,150063,0
HUB,D,20150617,000000,0.78,0.78,0.73,0.73,14680,0
HUB,D,20150618,000000,0.73,0.73,0.68,0.69,25251,0
HUB,D,20150619,000000,0.69,0.73,0.69,0.73,4,0
HUB,D,20150622,000000,0.74,0.79,0.74,0.79,15145,0
HUB,D,20150623,000000,0.83,0.83,0.78,0.79,16588,0
HUB,D,20150624,000000,0.82,0.82,0.75,0.76,2583,0
HUB,D,20150625,000000,0.76,0.76,0.69,0.69,13399,0
HUB,D,20150626,000000,0.73,0.79,0.7,0.77,104836,0
HUB,D,20150629,000000,0.76,0.76,0.75,0.76,68200,0
HUB,D,20150630,000000,0.76,0.76,0.72,0.72,19968,0
HUB,D,20150701,000000,0.72,0.72,0.69,0.69,20726,0
HUB,D,20150702,000000,0.7,0.72,0.67,0.68,1150,0
HUB,D,20150703,000000,0.68,0.68,0.68,0.68,501,0
HUB,D,20150706,000000,0.68,0.68,0.68,0.68,1,0
HUB,D,20150707,000000,0.69,0.72,0.67,0.67,9186,0
HUB,D,20150708,000000,0.69,0.69,0.67,0.67,1705,0
HUB,D,20150709,000000,0.69,0.7,0.69,0.7,3041,0
HUB,D,20150710,000000,0.7,0.7,0.7,0.7,10,0
HUB,D,20150713,000000,0.69,0.75,0.69,0.71,17189,0
HUB,D,20150714,000000,0.72,0.72,0.72,0.72,1501,0
HUB,D,20150715,000000,0.75,0.8,0.75,0.8,7088,0
HUB,D,20150716,000000,0.76,0.82,0.75,0.82,21701,0
HUB,D,20150717,000000,0.82,0.82,0.8,0.8,501,0
HUB,D,20150720,000000,0.82,0.82,0.8,0.8,101,0
HUB,D,20150721,000000,0.8,0.85,0.76,0.85,25925,0
HUB,D,20150722,000000,0.84,0.86,0.79,0.8,21551,0
HUB,D,20150723,000000,0.8,0.8,0.79,0.79,3510,0
HUB,D,20150724,000000,0.84,0.84,0.84,0.84,500,0
HUB,D,20150727,000000,0.84,0.84,0.84,0.84,5,0
HUB,D,20150728,000000,0.85,0.85,0.85,0.85,5,0
HUB,D,20150729,000000,0.84,0.84,0.79,0.83,153,0
HUB,D,20150730,000000,0.84,0.84,0.84,0.84,5001,0
HUB,D,20150731,000000,0.84,0.84,0.79,0.84,1006,0
HUB,D,20150803,000000,0.78,0.83,0.78,0.83,116,0
HUB,D,20150804,000000,0.84,0.84,0.83,0.83,83,0
HUB,D,20150805,000000,0.83,0.83,0.83,0.83,230,0
HUB,D,20150806,000000,0.84,0.84,0.84,0.84,1,0
HUB,D,20150807,000000,0.83,0.83,0.76,0.83,17202,0
HUB,D,20150810,000000,0.82,0.82,0.76,0.79,2290,0
HUB,D,20150811,000000,0.79,0.79,0.72,0.75,21376,0
HUB,D,20150812,000000,0.71,0.74,0.71,0.71,2180,0
HUB,D,20150813,000000,0.7,0.7,0.67,0.67,4341,0
HUB,D,20150814,000000,0.67,0.67,0.67,0.67,1,0
HUB,D,20150817,000000,0.72,0.74,0.7,0.7,10441,0
HUB,D,20150818,000000,0.7,0.7,0.7,0.7,3001,0
HUB,D,20150819,000000,0.7,0.74,0.69,0.69,1532,0
HUB,D,20150821,000000,0.71,0.71,0.67,0.67,5052,0
HUB,D,20150824,000000,0.67,0.67,0.67,0.67,3070,0
HUB,D,20150825,000000,0.71,0.71,0.71,0.71,1500,0
HUB,D,20150826,000000,0.72,0.72,0.67,0.7,7421,0
HUB,D,20150827,000000,0.71,0.72,0.71,0.72,4000,0
HUB,D,20150828,000000,0.73,0.78,0.73,0.77,16974,0
HUB,D,20150831,000000,0.78,0.78,0.73,0.75,54513,0
HUB,D,20150901,000000,0.77,0.79,0.72,0.75,65220,0
HUB,D,20150902,000000,0.79,0.8,0.77,0.8,18881,0
HUB,D,20150903,000000,0.8,0.8,0.78,0.78,5800,0
HUB,D,20150904,000000,0.79,0.81,0.79,0.8,20500,0
HUB,D,20150907,000000,0.77,0.77,0.77,0.77,10000,0
HUB,D,20150908,000000,0.78,0.8,0.78,0.8,20415,0
HUB,D,20150909,000000,0.8,0.8,0.8,0.8,2060,0
HUB,D,20150910,000000,0.82,0.82,0.82,0.82,2400,0
HUB,D,20150911,000000,0.84,1,0.84,0.95,50878,0
HUB,D,20150914,000000,0.95,0.95,0.89,0.89,2499,0
HUB,D,20150915,000000,0.89,0.9,0.86,0.86,11070,0
HUB,D,20150916,000000,0.87,0.87,0.86,0.86,20695,0
HUB,D,20150917,000000,0.87,0.89,0.87,0.89,6577,0
HUB,D,20150918,000000,0.9,0.9,0.89,0.89,10503,0
HUB,D,20150921,000000,0.93,0.93,0.9,0.9,183,0
HUB,D,20150922,000000,0.92,0.92,0.88,0.88,2801,0
HUB,D,20150923,000000,0.92,0.92,0.91,0.91,876,0
HUB,D,20150924,000000,0.91,0.91,0.87,0.9,15242,0
HUB,D,20150925,000000,0.92,0.93,0.9,0.9,20030,0
HUB,D,20150928,000000,0.92,0.92,0.89,0.89,12150,0
HUB,D,20150929,000000,0.92,0.92,0.92,0.92,1,0
HUB,D,20150930,000000,0.93,0.93,0.89,0.9,20551,0
HUB,D,20151001,000000,0.9,0.9,0.9,0.9,1,0
HUB,D,20151002,000000,0.9,0.93,0.9,0.93,14291,0
HUB,D,20151005,000000,0.92,0.92,0.92,0.92,444,0
HUB,D,20151006,000000,0.91,0.91,0.91,0.91,5,0
HUB,D,20151007,000000,0.92,0.92,0.92,0.92,11,0
HUB,D,20151008,000000,0.92,1,0.92,0.94,43527,0
HUB,D,20151009,000000,0.95,1.03,0.95,1.02,26055,0
HUB,D,20151012,000000,1.04,1.04,1.04,1.04,17000,0
HUB,D,20151013,000000,1.03,1.03,0.94,0.96,4027,0
HUB,D,20151014,000000,0.96,1.1,0.96,1.04,34251,0
HUB,D,20151015,000000,1.09,1.12,1.02,1.02,31539,0
HUB,D,20151016,000000,1.05,1.06,1.05,1.06,6400,0
HUB,D,20151019,000000,1.11,1.11,1.11,1.11,200,0
HUB,D,20151020,000000,1.07,1.09,1.04,1.04,4004,0
HUB,D,20151021,000000,1.07,1.07,0.97,1,20005,0
HUB,D,20151022,000000,1,1.04,0.93,1.01,9848,0
HUB,D,20151023,000000,1.01,1.04,1.01,1.04,794,0
HUB,D,20151026,000000,1.03,1.03,1.03,1.03,1,0
HUB,D,20151027,000000,1.03,1.03,1.03,1.03,3001,0
HUB,D,20151028,000000,1.03,1.03,1.03,1.03,1,0
HUB,D,20151029,000000,1.05,1.05,1.03,1.03,856,0
HUB,D,20151030,000000,1.03,1.03,1.03,1.03,1,0
HUB,D,20151102,000000,1.02,1.02,0.94,0.95,12762,0
HUB,D,20151103,000000,0.96,1.05,0.96,1.05,6384,0
HUB,D,20151104,000000,1.06,1.06,1.06,1.06,191,0
HUB,D,20151105,000000,1.05,1.05,1.05,1.05,1,0
HUB,D,20151106,000000,1.04,1.04,1.04,1.04,1,0
HUB,D,20151109,000000,1.04,1.04,1.04,1.04,1,0
HUB,D,20151110,000000,1.04,1.05,1.04,1.05,48,0
HUB,D,20151112,000000,1,1.02,1,1.02,1620,0
HUB,D,20151113,000000,1.04,1.04,1,1.04,2476,0
HUB,D,20151116,000000,1.04,1.04,0.99,1.04,402,0
HUB,D,20151117,000000,1.04,1.04,1.04,1.04,1,0
HUB,D,20151118,000000,1.04,1.07,1.01,1.07,34752,0
HUB,D,20151119,000000,1.08,1.08,1,1,10687,0
HUB,D,20151120,000000,1,1.06,0.97,1.06,14270,0
HUB,D,20151123,000000,1.06,1.06,1.06,1.06,1,0
HUB,D,20151124,000000,1.04,1.04,1.04,1.04,1,0
HUB,D,20151125,000000,1.04,1.04,1.04,1.04,1,0
HUB,D,20151126,000000,1.04,1.04,0.95,0.98,10792,0
HUB,D,20151127,000000,0.98,1.04,0.95,1,3003,0
HUB,D,20151130,000000,1.04,1.04,1.04,1.04,1,0
HUB,D,20151201,000000,1.04,1.04,0.96,1,6502,0
HUB,D,20151202,000000,1,1.1,1,1.1,61265,0
HUB,D,20151203,000000,1.01,1.11,1.01,1.11,25739,0
HUB,D,20151204,000000,1.12,1.12,1.1,1.1,4239,0
HUB,D,20151207,000000,1.08,1.13,1.08,1.13,10399,0
HUB,D,20151208,000000,1.16,1.3,1.16,1.3,112444,0
HUB,D,20151209,000000,1.35,1.61,1.35,1.43,140084,0
HUB,D,20151210,000000,1.44,1.44,1.3,1.34,27258,0
HUB,D,20151211,000000,1.34,1.36,1.34,1.34,10549,0
HUB,D,20151214,000000,1.38,1.51,1.38,1.46,40943,0
HUB,D,20151215,000000,1.48,1.5,1.44,1.44,4811,0
HUB,D,20151216,000000,1.44,1.47,1.39,1.41,13474,0
HUB,D,20151217,000000,1.41,1.41,1.41,1.41,4431,0
HUB,D,20151218,000000,1.42,1.42,1.36,1.41,24350,0
HUB,D,20151221,000000,1.41,1.41,1.29,1.35,22817,0
HUB,D,20151222,000000,1.35,1.4,1.32,1.4,27410,0
HUB,D,20151223,000000,1.41,1.42,1.39,1.39,15734,0
HUB,D,20151228,000000,1.4,1.46,1.4,1.42,32598,0
HUB,D,20151229,000000,1.43,1.5,1.43,1.48,66001,0
HUB,D,20151230,000000,1.48,1.5,1.44,1.5,4731,0
HUB,D,20160104,000000,1.51,1.63,1.51,1.6,24143,0
HUB,D,20160105,000000,1.63,1.63,1.55,1.55,10100,0
HUB,D,20160107,000000,1.5,1.5,1.4,1.44,59032,0
HUB,D,20160108,000000,1.43,1.54,1.43,1.52,44743,0
HUB,D,20160111,000000,1.53,1.53,1.52,1.52,1651,0
HUB,D,20160112,000000,1.52,1.52,1.52,1.52,2339,0
HUB,D,20160113,000000,1.51,1.51,1.51,1.51,1,0
HUB,D,20160114,000000,1.51,1.52,1.51,1.52,3599,0
HUB,D,20160115,000000,1.52,1.52,1.44,1.44,11434,0
HUB,D,20160118,000000,1.46,1.46,1.45,1.45,345,0
HUB,D,20160119,000000,1.4,1.4,1.29,1.39,11463,0
HUB,D,20160120,000000,1.44,1.44,1.35,1.35,788,0
HUB,D,20160121,000000,1.38,1.38,1.25,1.28,6703,0
HUB,D,20160122,000000,1.3,1.47,1.27,1.43,223197,0
HUB,D,20160125,000000,1.41,1.6,1.41,1.6,62761,0
HUB,D,20160126,000000,1.6,1.6,1.54,1.6,27316,0
HUB,D,20160127,000000,1.6,1.6,1.55,1.6,16431,0
HUB,D,20160128,000000,1.6,1.6,1.46,1.55,1533,0
HUB,D,20160129,000000,1.54,1.65,1.54,1.65,21380,0
HUB,D,20160201,000000,1.8,1.84,1.74,1.79,70141,0
HUB,D,20160202,000000,1.84,1.84,1.66,1.75,108991,0
HUB,D,20160203,000000,1.74,1.84,1.66,1.7,19007,0
HUB,D,20160204,000000,1.7,1.72,1.55,1.72,23689,0
HUB,D,20160205,000000,1.79,1.79,1.66,1.66,23128,0
HUB,D,20160208,000000,1.7,1.7,1.6,1.6,28820,0
HUB,D,20160209,000000,1.6,1.76,1.6,1.76,56124,0
HUB,D,20160210,000000,1.78,1.88,1.78,1.85,193588,0
HUB,D,20160211,000000,1.88,1.98,1.88,1.95,69100,0
HUB,D,20160212,000000,2,2.05,1.95,1.97,70719,0
HUB,D,20160215,000000,2,2.08,1.96,2,121854,0
HUB,D,20160216,000000,2.05,2.1,1.94,2,55520,0
HUB,D,20160217,000000,2,2,1.93,1.99,43561,0
HUB,D,20160218,000000,2.04,2.04,1.93,1.99,19981,0
HUB,D,20160219,000000,1.99,1.99,1.92,1.97,28361,0
HUB,D,20160222,000000,1.97,1.97,1.81,1.92,29353,0
HUB,D,20160223,000000,1.93,1.93,1.81,1.92,75222,0
HUB,D,20160224,000000,1.93,1.93,1.81,1.84,28052,0
HUB,D,20160225,000000,1.88,1.95,1.87,1.9,44839,0
HUB,D,20160226,000000,1.94,1.95,1.89,1.9,28707,0
HUB,D,20160229,000000,1.95,1.95,1.9,1.9,20495,0
HUB,D,20160301,000000,1.94,1.94,1.89,1.89,28055,0
HUB,D,20160302,000000,1.94,1.94,1.82,1.88,37001,0
HUB,D,20160303,000000,1.88,1.89,1.73,1.74,54587,0
HUB,D,20160304,000000,1.78,1.78,1.61,1.69,78960,0
HUB,D,20160307,000000,1.69,1.72,1.59,1.72,54833,0
HUB,D,20160308,000000,1.71,1.75,1.65,1.68,14031,0
HUB,D,20160309,000000,1.7,1.83,1.7,1.82,42395,0
HUB,D,20160310,000000,1.83,1.83,1.76,1.8,13129,0
HUB,D,20160311,000000,1.78,1.94,1.72,1.94,112732,0
HUB,D,20160314,000000,1.96,2.36,1.96,2.35,246055,0
HUB,D,20160315,000000,2.4,2.64,2.31,2.51,202945,0
HUB,D,20160316,000000,2.4,2.55,2.28,2.49,69426,0
HUB,D,20160317,000000,2.49,2.53,2.35,2.48,35116,0
HUB,D,20160318,000000,2.47,2.62,2.4,2.6,46631,0
HUB,D,20160321,000000,2.59,2.59,2.36,2.45,23100,0
HUB,D,20160322,000000,2.28,2.3,2.07,2.18,127523,0
HUB,D,20160323,000000,2.21,2.27,2.2,2.27,10030,0
HUB,D,20160324,000000,2.28,2.28,2.22,2.28,2900,0
HUB,D,20160329,000000,2.28,2.32,2.28,2.3,13674,0
HUB,D,20160330,000000,2.23,2.34,2.15,2.3,29703,0
HUB,D,20160331,000000,2.32,2.32,2.13,2.25,11031,0
HUB,D,20160401,000000,2.26,2.26,2.15,2.25,4605,0
HUB,D,20160404,000000,2.28,2.3,2.22,2.3,53943,0
HUB,D,20160405,000000,2.3,2.3,2.2,2.3,10930,0
HUB,D,20160406,000000,2.29,2.29,2.15,2.28,12667,0
HUB,D,20160407,000000,2.15,2.28,2.15,2.26,7761,0
HUB,D,20160408,000000,2.25,2.25,2.15,2.2,11158,0
HUB,D,20160411,000000,2.2,2.42,2.2,2.39,55380,0
HUB,D,20160412,000000,2.39,2.48,2.3,2.31,44635,0
HUB,D,20160413,000000,2.26,2.36,2.25,2.36,27517,0
HUB,D,20160414,000000,2.4,2.49,2.36,2.46,12658,0
HUB,D,20160415,000000,2.48,2.58,2.44,2.54,11323,0
HUB,D,20160418,000000,2.51,2.7,2.5,2.61,63084,0
HUB,D,20160419,000000,2.6,2.99,2.6,2.86,250766,0
HUB,D,20160420,000000,2.86,2.89,2.8,2.82,31239,0
HUB,D,20160421,000000,2.81,2.94,2.81,2.93,41604,0
HUB,D,20160422,000000,2.99,3.06,2.93,3.06,103788,0
HUB,D,20160425,000000,3.08,3.18,3.06,3.17,59850,0
HUB,D,20160426,000000,3.15,3.15,2.93,3.04,36437,0
HUB,D,20160427,000000,3.01,3.01,2.88,2.95,28321,0
HUB,D,20160428,000000,2.95,2.95,2.94,2.94,6180,0
HUB,D,20160429,000000,2.93,2.98,2.93,2.98,41318,0
HUB,D,20160502,000000,3,3.13,3,3.05,6782,0
HUB,D,20160504,000000,3.1,3.1,3.05,3.05,73443,0
HUB,D,20160505,000000,3.04,3.04,2.88,3.04,68257,0
HUB,D,20160506,000000,3.04,3.14,2.96,3.14,52450,0
HUB,D,20160509,000000,3.14,3.18,3.1,3.17,8690,0
HUB,D,20160510,000000,3.17,3.17,3.06,3.1,1005,0
HUB,D,20160511,000000,3.1,3.18,2.94,2.94,56972,0
HUB,D,20160512,000000,3,3.12,3,3.12,11073,0
HUB,D,20160513,000000,3.15,3.17,2.94,3.16,56785,0
HUB,D,20160516,000000,3.16,3.25,3.15,3.25,25488,0
HUB,D,20160517,000000,3.19,3.3,3.01,3.28,26739,0
HUB,D,20160518,000000,3.27,3.32,3.13,3.31,12874,0
HUB,D,20160519,000000,3.32,3.45,3.07,3.44,49071,0
HUB,D,20160520,000000,3.45,3.54,3.44,3.5,18780,0
HUB,D,20160523,000000,3.52,3.67,3.52,3.64,32831,0
HUB,D,20160524,000000,3.64,3.7,3.64,3.68,29047,0
HUB,D,20160525,000000,3.7,3.7,3.5,3.5,34024,0
HUB,D,20160527,000000,3.55,3.75,3.54,3.74,64270,0
HUB,D,20160530,000000,3.75,3.8,3.65,3.79,39305,0
HUB,D,20160531,000000,3.8,3.8,3.69,3.7,5490,0
HUB,D,20160601,000000,3.69,3.69,3.66,3.67,12589,0
HUB,D,20160602,000000,3.7,3.7,3.6,3.6,5834,0
HUB,D,20160603,000000,3.6,3.7,3.6,3.7,4020,0
HUB,D,20160606,000000,3.69,3.69,3.69,3.69,4517,0
HUB,D,20160607,000000,3.83,3.83,3.45,3.49,41143,0
HUB,D,20160608,000000,3.49,3.6,3.49,3.59,2052,0
HUB,D,20160609,000000,3.6,3.6,3.27,3.38,24672,0
HUB,D,20160610,000000,3.38,3.38,3.02,3.1,64238,0
HUB,D,20160613,000000,3.11,3.22,3.1,3.22,3698,0
HUB,D,20160614,000000,3.2,3.2,2.9,2.98,30026,0
HUB,D,20160615,000000,2.91,3.1,2.64,3.1,81543,0
HUB,D,20160616,000000,3.06,3.18,2.97,3,74584,0
HUB,D,20160617,000000,2.99,3.1,2.99,3.08,28596,0
HUB,D,20160620,000000,3.1,3.1,3,3,19181,0
HUB,D,20160621,000000,2.99,3.08,2.95,3.06,9342,0
HUB,D,20160622,000000,3.06,3.1,2.92,3.1,10623,0
HUB,D,20160623,000000,3,3.15,3,3.15,11852,0
HUB,D,20160624,000000,2.9,3.15,2.8,3.14,34244,0
HUB,D,20160627,000000,3.15,3.4,3.15,3.25,16962,0
HUB,D,20160628,000000,3.45,3.45,3.15,3.35,7572,0
HUB,D,20160629,000000,3.4,3.42,3.15,3.29,6178,0
HUB,D,20160630,000000,3.21,3.52,3.1,3.52,16509,0
HUB,D,20160701,000000,3.5,3.54,3.35,3.35,18952,0
HUB,D,20160704,000000,3.3,3.3,3.12,3.12,4982,0
HUB,D,20160705,000000,3.01,3.09,2.96,3,4443,0
HUB,D,20160706,000000,3,3.01,2.97,3,8602,0
HUB,D,20160707,000000,3.15,3.2,3.11,3.18,13897,0
HUB,D,20160708,000000,3.07,3.16,3.07,3.15,6024,0
HUB,D,20160711,000000,3.19,3.19,3.05,3.19,2141,0
HUB,D,20160712,000000,3.17,3.17,3.16,3.16,302,0
HUB,D,20160713,000000,3.19,3.19,3.19,3.19,2,0
HUB,D,20160714,000000,3.2,3.2,3.1,3.1,653,0
HUB,D,20160715,000000,3.08,3.1,3,3,10461,0
HUB,D,20160718,000000,3.03,3.05,2.95,3.04,24269,0
HUB,D,20160719,000000,2.94,3.04,2.93,3.01,13114,0
HUB,D,20160720,000000,3.1,3.1,2.85,3.07,13219,0
HUB,D,20160721,000000,3.07,3.07,3,3,670,0
HUB,D,20160722,000000,3,3,2.95,3,6440,0
HUB,D,20160725,000000,3.03,3.07,3,3,21843,0
HUB,D,20160726,000000,3.1,3.45,3.1,3.27,229741,0
HUB,D,20160727,000000,3.27,3.5,3.25,3.5,232545,0
HUB,D,20160728,000000,3.4,3.51,3.33,3.51,175496,0
HUB,D,20160729,000000,3.5,3.6,3.47,3.6,55519,0
HUB,D,20160801,000000,3.61,3.62,3.46,3.46,8208,0
HUB,D,20160802,000000,3.65,3.65,3.45,3.45,13136,0
HUB,D,20160803,000000,3.41,3.52,3.41,3.52,430,0
HUB,D,20160804,000000,3.52,3.7,3.5,3.62,10686,0
HUB,D,20160805,000000,3.7,3.71,3.63,3.69,12344,0
HUB,D,20160808,000000,3.72,3.79,3.58,3.7,70264,0
HUB,D,20160809,000000,3.76,3.82,3.76,3.77,30084,0
HUB,D,20160810,000000,3.77,3.83,3.72,3.8,8873,0
HUB,D,20160811,000000,3.8,3.8,3.66,3.66,5173,0
HUB,D,20160812,000000,3.72,3.72,3.65,3.65,3093,0
HUB,D,20160816,000000,3.6,3.7,3.6,3.6,1950,0
HUB,D,20160817,000000,3.6,3.6,3.49,3.58,5665,0
HUB,D,20160818,000000,3.58,3.58,3.48,3.52,8320,0
HUB,D,20160819,000000,3.52,3.52,3.5,3.52,990,0
HUB,D,20160822,000000,3.5,3.5,3.43,3.5,1167,0
HUB,D,20160823,000000,3.5,3.5,3.17,3.45,26449,0
HUB,D,20160824,000000,3.5,3.5,3.45,3.49,6837,0
HUB,D,20160825,000000,3.35,3.49,3.35,3.49,3262,0
HUB,D,20160826,000000,3.48,3.49,3.34,3.35,8447,0
HUB,D,20160829,000000,3.36,3.5,3.36,3.5,5791,0
HUB,D,20160830,000000,3.49,3.52,3.49,3.5,32696,0
HUB,D,20160831,000000,3.59,3.59,3.47,3.47,390,0
HUB,D,20160901,000000,3.59,3.59,3.59,3.59,2,0
HUB,D,20160902,000000,3.55,3.69,3.55,3.69,6794,0
HUB,D,20160905,000000,3.69,3.69,3.64,3.65,5765,0
HUB,D,20160906,000000,3.69,3.69,3.55,3.67,3644,0
HUB,D,20160907,000000,3.6,3.62,3.6,3.62,3147,0
HUB,D,20160908,000000,3.69,3.7,3.64,3.7,441393,0
HUB,D,20160909,000000,3.7,3.7,3.45,3.45,9045,0
HUB,D,20160912,000000,3.5,3.5,3.5,3.5,3,0
HUB,D,20160913,000000,3.5,3.5,3.5,3.5,2331,0
HUB,D,20160914,000000,3.43,3.5,3.43,3.5,2890,0
HUB,D,20160915,000000,3.4,3.5,3.4,3.5,3626,0
HUB,D,20160916,000000,3.48,3.48,3.2,3.25,17019,0
HUB,D,20160919,000000,3.15,3.25,3.15,3.25,2393,0
HUB,D,20160920,000000,3.28,3.28,3.28,3.28,300,0
HUB,D,20160921,000000,3.16,3.16,2.86,3.1,16446,0
HUB,D,20160922,000000,3.12,3.19,3.1,3.18,11900,0
HUB,D,20160923,000000,3.18,3.18,3.18,3.18,382,0
HUB,D,20160926,000000,3.18,3.18,3.18,3.18,2,0
HUB,D,20160927,000000,3.18,3.27,3.15,3.2,16010,0
HUB,D,20160928,000000,3.22,3.27,3.2,3.27,11607,0
HUB,D,20160929,000000,3.27,3.59,3.26,3.59,23436,0
HUB,D,20160930,000000,3.6,3.7,3.59,3.69,14264,0
HUB,D,20161003,000000,3.52,3.69,3.33,3.33,9082,0
HUB,D,20161004,000000,3.35,3.44,3.35,3.44,502,0
HUB,D,20161005,000000,3.45,3.45,3.28,3.31,5677,0
HUB,D,20161006,000000,3.31,3.45,3.31,3.45,12769,0
HUB,D,20161007,000000,3.45,3.5,3.41,3.5,44354,0
HUB,D,20161010,000000,3.45,3.5,3.4,3.5,4204,0
HUB,D,20161011,000000,3.5,3.5,3.22,3.36,68029,0
HUB,D,20161012,000000,3.4,3.4,3.4,3.4,2,0
HUB,D,20161013,000000,3.37,3.58,3.37,3.58,30502,0
HUB,D,20161014,000000,3.58,3.58,3.58,3.58,322,0
HUB,D,20161017,000000,3.58,3.58,3.57,3.57,541,0
HUB,D,20161018,000000,3.58,3.58,3.4,3.58,24238,0
HUB,D,20161019,000000,3.5,3.5,3.5,3.5,1350,0
HUB,D,20161020,000000,3.5,3.57,3.28,3.3,13235,0
HUB,D,20161021,000000,3.45,3.45,3.3,3.45,25489,0
HUB,D,20161024,000000,3.53,3.55,3.5,3.5,30591,0
HUB,D,20161025,000000,3.55,3.55,3.46,3.47,22743,0
HUB,D,20161026,000000,3.54,3.55,3.5,3.55,5353,0
HUB,D,20161027,000000,3.57,3.57,3.57,3.57,6961,0
HUB,D,20161028,000000,3.57,3.57,3.55,3.55,1727,0
HUB,D,20161031,000000,3.54,3.55,3.54,3.55,10974,0
HUB,D,20161102,000000,3.55,3.57,3.4,3.49,18470,0
HUB,D,20161103,000000,3.26,3.52,3.26,3.52,84796,0
HUB,D,20161104,000000,3.5,3.52,3.27,3.27,25845,0
HUB,D,20161107,000000,3.4,3.4,3.27,3.27,2265,0
HUB,D,20161108,000000,3.35,3.35,3.15,3.15,20148,0
HUB,D,20161109,000000,3.15,3.32,3.04,3.3,8866,0
HUB,D,20161110,000000,3.31,3.48,3.3,3.35,18524,0
HUB,D,20161114,000000,3.38,3.46,3.2,3.46,2218,0
HUB,D,20161115,000000,3.4,3.52,3.3,3.52,11994,0
HUB,D,20161116,000000,3.5,3.5,3.35,3.5,1102,0
HUB,D,20161117,000000,3.5,3.5,3.5,3.5,2,0
HUB,D,20161118,000000,3.5,3.5,3.5,3.5,2,0
HUB,D,20161121,000000,3.49,3.5,3.33,3.49,11210,0
HUB,D,20161122,000000,3.45,3.45,3.25,3.29,9007,0
HUB,D,20161123,000000,3.43,3.43,3.43,3.43,582,0
HUB,D,20161124,000000,3.44,3.44,3.25,3.25,5382,0
HUB,D,20161125,000000,3.25,3.4,3.21,3.21,166352,0
HUB,D,20161128,000000,3.27,3.27,3.15,3.2,7964,0
HUB,D,20161129,000000,3.2,3.2,3.2,3.2,520,0
HUB,D,20161130,000000,3.2,3.2,2.91,2.98,19097,0
HUB,D,20161201,000000,2.97,2.97,2.7,2.77,102703,0
HUB,D,20161202,000000,2.85,2.9,2.7,2.9,14202,0
HUB,D,20161205,000000,2.89,2.89,2.61,2.61,25238,0
HUB,D,20161206,000000,2.6,2.6,2.34,2.43,86802,0
HUB,D,20161207,000000,2.53,2.97,2.53,2.8,89927,0
HUB,D,20161208,000000,2.8,2.8,2.61,2.79,8365,0
HUB,D,20161209,000000,2.74,2.88,2.72,2.77,9719,0
HUB,D,20161212,000000,2.61,2.77,2.6,2.77,1016,0
HUB,D,20161213,000000,2.7,2.7,2.6,2.7,3360,0
HUB,D,20161214,000000,2.7,2.7,2.51,2.51,15908,0
HUB,D,20161215,000000,2.51,2.51,2.5,2.5,5056,0
HUB,D,20161216,000000,2.54,2.65,2.54,2.65,44553,0
HUB,D,20161219,000000,2.79,2.79,2.54,2.54,202,0
HUB,D,20161220,000000,2.64,2.64,2.54,2.54,162,0
HUB,D,20161221,000000,2.7,2.7,2.7,2.7,5,0
HUB,D,20161222,000000,2.7,2.7,2.65,2.65,4239,0
HUB,D,20161223,000000,2.65,2.7,2.65,2.7,2810,0
HUB,D,20161227,000000,2.71,2.71,2.7,2.7,5003,0
HUB,D,20161228,000000,2.6,2.7,2.48,2.48,12070,0
HUB,D,20161229,000000,2.45,2.65,2.45,2.65,8080,0
HUB,D,20161230,000000,2.7,2.9,2.68,2.9,101889,0
HUB,D,20170102,000000,2.77,2.89,2.77,2.85,4211,0
HUB,D,20170103,000000,2.97,3.16,2.86,2.96,6955,0
HUB,D,20170104,000000,2.99,2.99,2.84,2.99,418,0
HUB,D,20170105,000000,2.97,2.97,2.68,2.68,5792,0
HUB,D,20170109,000000,2.68,2.93,2.64,2.64,14098,0
HUB,D,20170110,000000,2.73,2.73,2.45,2.45,23676,0
HUB,D,20170111,000000,2.47,2.68,2.45,2.48,35804,0
HUB,D,20170112,000000,2.56,2.56,2.37,2.37,5827,0
HUB,D,20170113,000000,2.4,2.56,2.34,2.36,19641,0
HUB,D,20170116,000000,2.4,2.55,2.35,2.36,6711,0
HUB,D,20170117,000000,2.4,2.54,2.37,2.39,3970,0
HUB,D,20170118,000000,2.39,2.49,2.28,2.28,4092,0
HUB,D,20170119,000000,2.35,2.49,2.26,2.41,6626,0
HUB,D,20170120,000000,2.39,2.4,2.39,2.4,746,0
HUB,D,20170123,000000,2.41,2.41,2.41,2.41,2,0
HUB,D,20170124,000000,2.41,2.41,2.22,2.3,7491,0
HUB,D,20170125,000000,2.31,2.39,2.24,2.37,8059,0
HUB,D,20170126,000000,2.4,2.4,2.3,2.39,4413,0
HUB,D,20170127,000000,2.3,2.3,2.28,2.28,302,0
HUB,D,20170130,000000,2.4,2.4,2.25,2.29,10488,0
HUB,D,20170131,000000,2.3,2.3,2.21,2.21,122,0
HUB,D,20170201,000000,2.21,2.43,2.21,2.29,27790,0
HUB,D,20170202,000000,2.44,2.44,2.29,2.29,3286,0
HUB,D,20170203,000000,2.27,2.34,2.26,2.34,1501,0
HUB,D,20170206,000000,2.34,2.43,2.3,2.3,15760,0
HUB,D,20170207,000000,2.3,2.47,2.3,2.41,6986,0
HUB,D,20170208,000000,2.4,2.4,2.3,2.39,9365,0
HUB,D,20170209,000000,2.39,2.39,2.24,2.24,1560,0
HUB,D,20170210,000000,2.24,2.32,2.24,2.28,5452,0
HUB,D,20170213,000000,2.25,2.34,2.11,2.3,16787,0
HUB,D,20170214,000000,2.36,2.36,2.14,2.2,27726,0
HUB,D,20170215,000000,2.3,2.3,2.07,2.21,24645,0
HUB,D,20170216,000000,2.21,2.21,2.05,2.05,5654,0
HUB,D,20170217,000000,2.1,2.1,1.89,1.93,58069,0
HUB,D,20170220,000000,1.99,2.25,1.99,2.1,57448,0
HUB,D,20170221,000000,2.1,2.22,1.99,2.09,30599,0
HUB,D,20170222,000000,2.08,2.14,1.95,2.06,27490,0
HUB,D,20170223,000000,2.14,2.15,2.1,2.15,2733,0
HUB,D,20170224,000000,2.15,2.15,2.01,2.09,26794,0
HUB,D,20170227,000000,2.09,2.16,2.09,2.1,14212,0
HUB,D,20170228,000000,2.12,2.24,2.1,2.2,21581,0
HUB,D,20170301,000000,2.3,2.4,2.09,2.4,48154,0
HUB,D,20170302,000000,2.3,2.39,2.2,2.35,33957,0
HUB,D,20170303,000000,2.48,2.48,2.27,2.37,8010,0
HUB,D,20170306,000000,2.37,2.37,2.19,2.28,37881,0
HUB,D,20170307,000000,2.28,2.48,2.2,2.26,41996,0
HUB,D,20170308,000000,2.34,2.34,2.21,2.3,62874,0
HUB,D,20170309,000000,2.25,2.34,2.09,2.09,23208,0
HUB,D,20170310,000000,2.11,2.11,2.05,2.05,7091,0
HUB,D,20170313,000000,2.1,2.11,2.1,2.11,2897,0
HUB,D,20170314,000000,2.1,2.1,2.07,2.1,11308,0
HUB,D,20170315,000000,2.11,2.11,2.07,2.11,2047,0
HUB,D,20170316,000000,2.11,2.11,2.09,2.11,2879,0
HUB,D,20170317,000000,2.11,2.11,2.06,2.06,2115,0
HUB,D,20170320,000000,2.1,2.1,2,2.09,3415,0
HUB,D,20170321,000000,2.09,2.09,2,2,2102,0
HUB,D,20170322,000000,2.09,2.09,1.95,2,25540,0
HUB,D,20170323,000000,1.98,2.09,1.92,1.95,33747,0
HUB,D,20170324,000000,1.99,1.99,1.9,1.9,3645,0
HUB,D,20170327,000000,2.07,2.08,2.06,2.08,12250,0
HUB,D,20170328,000000,2.09,2.09,2.08,2.08,55,0
HUB,D,20170329,000000,2.08,2.08,2.08,2.08,4,0
HUB,D,20170330,000000,2.09,2.09,2.08,2.09,453,0
HUB,D,20170331,000000,2.09,2.19,2.09,2.19,19891,0
HUB,D,20170403,000000,2.19,2.19,2.1,2.19,4082,0
HUB,D,20170404,000000,2.19,2.19,2,2,22,0
HUB,D,20170405,000000,2.01,2.08,2.01,2.08,110,0
HUB,D,20170406,000000,2.05,2.05,1.95,1.99,7786,0
HUB,D,20170407,000000,2,2,1.92,1.96,4850,0
HUB,D,20170410,000000,1.93,1.93,1.86,1.89,8152,0
HUB,D,20170411,000000,1.9,1.9,1.88,1.88,652,0
HUB,D,20170412,000000,1.9,1.9,1.89,1.89,1002,0
HUB,D,20170413,000000,1.89,1.89,1.86,1.86,10276,0
HUB,D,20170418,000000,1.88,1.88,1.85,1.85,18653,0
HUB,D,20170419,000000,1.85,1.85,1.82,1.85,10032,0
HUB,D,20170420,000000,1.85,1.85,1.85,1.85,2,0
HUB,D,20170421,000000,1.85,1.88,1.75,1.88,6794,0
HUB,D,20170424,000000,1.76,1.77,1.76,1.77,7672,0
HUB,D,20170425,000000,1.77,1.89,1.77,1.89,4898,0
HUB,D,20170426,000000,1.95,1.95,1.8,1.8,4602,0
HUB,D,20170427,000000,1.8,1.8,1.75,1.75,5507,0
HUB,D,20170428,000000,1.75,1.75,1.59,1.75,10636,0
HUB,D,20170502,000000,1.65,1.8,1.65,1.8,30333,0
HUB,D,20170504,000000,1.89,1.89,1.79,1.79,4702,0
HUB,D,20170505,000000,1.89,1.89,1.63,1.78,15839,0
HUB,D,20170508,000000,1.8,1.8,1.66,1.8,3278,0
HUB,D,20170509,000000,1.85,1.85,1.76,1.84,7724,0
HUB,D,20170510,000000,1.83,1.83,1.83,1.83,2,0
HUB,D,20170511,000000,1.83,1.83,1.83,1.83,2,0
HUB,D,20170512,000000,1.83,1.83,1.83,1.83,2,0
HUB,D,20170515,000000,1.71,1.78,1.6,1.63,12237,0
HUB,D,20170516,000000,1.61,1.63,1.55,1.6,9679,0
HUB,D,20170517,000000,1.62,1.62,1.46,1.47,20280,0
HUB,D,20170518,000000,1.6,1.6,1.45,1.45,13019,0
HUB,D,20170519,000000,1.45,1.58,1.19,1.19,106472,0
HUB,D,20170522,000000,1.19,1.25,0.91,0.91,164700,0
HUB,D,20170523,000000,0.95,0.98,0.91,0.94,35163,0
HUB,D,20170524,000000,0.94,0.95,0.91,0.95,14903,0
HUB,D,20170525,000000,0.96,0.96,0.89,0.93,8391,0
HUB,D,20170526,000000,0.94,0.94,0.85,0.88,39478,0
HUB,D,20170529,000000,0.91,0.91,0.82,0.89,65203,0
HUB,D,20170530,000000,0.9,0.99,0.81,0.9,128789,0
HUB,D,20170531,000000,0.91,0.91,0.84,0.87,27134,0
HUB,D,20170601,000000,0.89,0.89,0.85,0.88,13129,0
HUB,D,20170602,000000,0.89,0.89,0.84,0.85,34126,0
HUB,D,20170605,000000,0.87,0.87,0.87,0.87,1000,0
HUB,D,20170606,000000,0.89,0.89,0.89,0.89,2,0
HUB,D,20170607,000000,0.87,0.87,0.85,0.87,10203,0
HUB,D,20170608,000000,0.87,0.99,0.87,0.96,79278,0
HUB,D,20170609,000000,1,1.25,1,1.25,86985,0
HUB,D,20170612,000000,1.32,1.42,1.25,1.3,119534,0
HUB,D,20170613,000000,1.35,1.35,1.1,1.17,38114,0
HUB,D,20170614,000000,1.19,1.19,1.14,1.16,8277,0
HUB,D,20170616,000000,1.15,1.15,1.13,1.14,2708,0
HUB,D,20170619,000000,1.15,1.15,1.03,1.05,12043,0
HUB,D,20170620,000000,0.96,1.04,0.95,1.04,26235,0
HUB,D,20170621,000000,1.04,1.05,1.02,1.02,9672,0
HUB,D,20170622,000000,1.03,1.05,1.02,1.05,2073,0
HUB,D,20170623,000000,1.05,1.05,1,1.04,13824,0
HUB,D,20170626,000000,1.05,1.15,1.04,1.15,13872,0
HUB,D,20170627,000000,1.15,1.24,1.15,1.23,11244,0
HUB,D,20170628,000000,1.26,1.26,1.16,1.21,8900,0
HUB,D,20170629,000000,1.26,1.26,1.16,1.21,6326,0
HUB,D,20170630,000000,1.26,1.26,1.2,1.26,1753,0
HUB,D,20170703,000000,1.26,1.26,1.16,1.26,14311,0
HUB,D,20170704,000000,1.25,1.25,1.16,1.25,1655,0
HUB,D,20170705,000000,1.25,1.25,1.25,1.25,2,0
HUB,D,20170706,000000,1.26,1.51,1.26,1.35,71506,0
HUB,D,20170707,000000,1.22,1.34,1.21,1.27,43944,0
HUB,D,20170710,000000,1.29,1.29,1.18,1.18,3626,0
HUB,D,20170711,000000,1.18,1.25,1.18,1.25,6221,0
HUB,D,20170712,000000,1.3,1.3,1.18,1.29,15845,0
HUB,D,20170713,000000,1.28,1.39,1.2,1.2,4669,0
HUB,D,20170714,000000,1.2,1.25,1.2,1.25,1604,0
HUB,D,20170717,000000,1.25,1.25,1.19,1.25,1658,0
HUB,D,20170718,000000,1.28,1.28,1.28,1.28,2,0
HUB,D,20170719,000000,1.28,1.28,1.03,1.03,58405,0
HUB,D,20170720,000000,1.03,1.07,1.03,1.06,6268,0
HUB,D,20170721,000000,1.08,1.1,1.04,1.1,15463,0
HUB,D,20170724,000000,1.1,1.1,1.05,1.05,342,0
HUB,D,20170725,000000,1.09,1.09,1.07,1.07,840,0
HUB,D,20170726,000000,1.09,1.13,1.07,1.13,11763,0
HUB,D,20170727,000000,1.14,1.14,1.14,1.14,4982,0
HUB,D,20170728,000000,1.15,1.15,1.07,1.08,5602,0
HUB,D,20170731,000000,1.14,1.14,1.06,1.12,640,0
HUB,D,20170801,000000,1.15,1.15,1.05,1.13,11821,0
HUB,D,20170802,000000,1.1,1.1,1.03,1.07,4520,0
HUB,D,20170803,000000,1.12,1.12,1.03,1.12,12045,0
HUB,D,20170804,000000,1.14,1.14,1.08,1.14,8870,0
HUB,D,20170807,000000,1.14,1.14,1.07,1.14,6730,0
HUB,D,20170808,000000,1.14,1.14,1.05,1.1,1002,0
HUB,D,20170809,000000,1.1,1.1,1.02,1.09,18490,0
HUB,D,20170810,000000,1.1,1.1,1,1.1,2714,0
HUB,D,20170811,000000,1.1,1.1,1.06,1.1,8423,0
HUB,D,20170814,000000,1.1,1.1,1.1,1.1,2,0
HUB,D,20170816,000000,1.1,1.1,1.1,1.1,10767,0
HUB,D,20170817,000000,1.1,1.1,1.1,1.1,2,0
HUB,D,20170818,000000,1.1,1.1,1.1,1.1,4,0
HUB,D,20170821,000000,1.1,1.1,1,1.07,954,0
HUB,D,20170822,000000,1.1,1.1,1.08,1.1,2259,0
HUB,D,20170823,000000,1.1,1.1,1.1,1.1,2,0
HUB,D,20170824,000000,1.1,1.1,1,1,19622,0
HUB,D,20170825,000000,1.03,1.03,1,1.02,5558,0
HUB,D,20170828,000000,1.04,1.04,1.01,1.01,3787,0
HUB,D,20170829,000000,1.03,1.03,0.96,0.99,6742,0
HUB,D,20170830,000000,0.98,0.99,0.98,0.99,1308,0
HUB,D,20170831,000000,0.99,1.17,0.99,1.05,149356,0
HUB,D,20170901,000000,1.08,1.12,0.99,1.03,50389,0
HUB,D,20170904,000000,1.04,1.04,0.99,1.01,6812,0
HUB,D,20170905,000000,1.01,1.01,1,1.01,44294,0
HUB,D,20170906,000000,1.03,1.03,0.84,0.89,60008,0
HUB,D,20170907,000000,0.9,0.99,0.9,0.93,73643,0
HUB,D,20170908,000000,0.95,0.95,0.9,0.91,3119,0
HUB,D,20170911,000000,0.94,0.95,0.92,0.95,777,0
HUB,D,20170912,000000,0.94,0.95,0.94,0.95,2605,0
HUB,D,20170913,000000,0.95,0.95,0.9,0.94,3351,0
HUB,D,20170914,000000,0.93,0.93,0.93,0.93,2,0
HUB,D,20170915,000000,0.93,0.93,0.93,0.93,1092,0
HUB,D,20170918,000000,0.94,0.94,0.88,0.9,14457,0
HUB,D,20170919,000000,0.9,0.94,0.86,0.94,1885,0
HUB,D,20170920,000000,0.94,0.94,0.86,0.89,28997,0
HUB,D,20170921,000000,0.89,0.89,0.87,0.88,2738,0
HUB,D,20170922,000000,0.9,0.9,0.87,0.87,15153,0
HUB,D,20170925,000000,0.88,0.93,0.84,0.85,56347,0
HUB,D,20170926,000000,0.87,0.87,0.87,0.87,2,0
HUB,D,20170927,000000,0.86,0.86,0.83,0.83,3535,0
HUB,D,20170928,000000,0.85,0.86,0.72,0.78,49607,0
HUB,D,20170929,000000,0.78,0.8,0.75,0.8,8070,0
HUB,D,20171002,000000,0.88,0.93,0.84,0.85,22955,0
HUB,D,20171003,000000,0.86,0.9,0.83,0.88,22013,0
HUB,D,20171004,000000,0.87,0.92,0.84,0.86,62661,0
HUB,D,20171005,000000,0.92,0.92,0.86,0.86,1162,0
HUB,D,20171006,000000,0.86,0.86,0.8,0.8,1045,0
HUB,D,20171009,000000,0.84,0.9,0.8,0.84,8303,0
HUB,D,20171010,000000,0.88,0.92,0.8,0.88,21527,0
HUB,D,20171011,000000,0.9,0.9,0.84,0.89,2003,0
HUB,D,20171012,000000,0.86,0.86,0.83,0.86,2032,0
HUB,D,20171013,000000,0.86,0.86,0.86,0.86,1,0
HUB,D,20171016,000000,0.84,0.87,0.84,0.86,34876,0
HUB,D,20171017,000000,0.89,0.89,0.87,0.87,6041,0
HUB,D,20171018,000000,0.89,0.89,0.84,0.84,6956,0
HUB,D,20171019,000000,0.89,0.89,0.84,0.84,902,0
HUB,D,20171020,000000,0.87,0.87,0.83,0.83,14679,0
HUB,D,20171023,000000,0.86,0.86,0.82,0.85,21486,0
HUB,D,20171024,000000,0.92,0.92,0.85,0.91,95,0
HUB,D,20171025,000000,0.9,0.9,0.81,0.89,9836,0
HUB,D,20171026,000000,0.9,0.9,0.85,0.86,1279,0
HUB,D,20171027,000000,0.9,0.9,0.81,0.81,7775,0
HUB,D,20171030,000000,0.81,0.84,0.81,0.84,7127,0
HUB,D,20171031,000000,0.84,0.84,0.78,0.8,29511,0
HUB,D,20171102,000000,0.84,0.84,0.79,0.79,798,0
HUB,D,20171103,000000,0.83,0.83,0.83,0.83,2,0
HUB,D,20171106,000000,0.83,0.83,0.76,0.79,13250,0
HUB,D,20171107,000000,0.83,0.83,0.74,0.78,28854,0
HUB,D,20171108,000000,0.76,0.76,0.76,0.76,915,0
HUB,D,20171109,000000,0.78,0.78,0.75,0.77,2351,0
HUB,D,20171110,000000,0.74,0.77,0.74,0.77,2229,0
HUB,D,20171113,000000,0.78,0.79,0.67,0.7,170528,0
HUB,D,20171114,000000,0.7,0.71,0.69,0.7,21582,0
HUB,D,20171115,000000,0.7,0.77,0.7,0.75,76789,0
HUB,D,20171116,000000,0.78,0.8,0.77,0.8,10603,0
HUB,D,20171117,000000,0.81,0.81,0.74,0.74,21959,0
HUB,D,20171120,000000,0.75,0.75,0.75,0.75,3193,0
HUB,D,20171121,000000,0.75,0.75,0.73,0.75,5,0
HUB,D,20171122,000000,0.75,0.75,0.74,0.74,5,0
HUB,D,20171123,000000,0.7,0.74,0.7,0.73,14579,0
HUB,D,20171124,000000,0.76,0.76,0.72,0.73,40278,0
HUB,D,20171127,000000,0.75,0.75,0.71,0.73,102941,0
HUB,D,20171128,000000,0.75,0.75,0.71,0.72,6346,0
HUB,D,20171129,000000,0.73,0.73,0.67,0.72,11957,0
HUB,D,20171130,000000,0.72,0.72,0.65,0.65,120268,0
HUB,D,20171201,000000,0.71,0.71,0.62,0.7,27108,0
HUB,D,20171204,000000,0.67,0.73,0.67,0.7,13556,0
HUB,D,20171205,000000,0.72,0.72,0.66,0.72,78433,0
HUB,D,20171206,000000,0.66,0.72,0.66,0.7,15677,0
HUB,D,20171207,000000,0.68,0.72,0.68,0.72,130769,0
HUB,D,20171208,000000,0.72,0.72,0.7,0.72,6572,0
HUB,D,20171211,000000,0.72,0.72,0.68,0.7,31230,0
HUB,D,20171212,000000,0.72,0.72,0.7,0.7,1756,0
HUB,D,20171213,000000,0.7,0.72,0.7,0.72,12866,0
HUB,D,20171214,000000,0.7,0.7,0.7,0.7,2554,0
HUB,D,20171215,000000,0.72,0.72,0.72,0.72,2000,0
HUB,D,20171218,000000,0.73,0.73,0.69,0.7,137236,0
HUB,D,20171219,000000,0.69,0.71,0.64,0.67,41520,0
HUB,D,20171220,000000,0.7,0.7,0.63,0.65,916,0
HUB,D,20171221,000000,0.65,0.65,0.53,0.53,62055,0
HUB,D,20171222,000000,0.55,0.55,0.42,0.49,86864,0
HUB,D,20171227,000000,0.52,0.52,0.44,0.45,91836,0
HUB,D,20171228,000000,0.45,0.45,0.4,0.43,62683,0
HUB,D,20171229,000000,0.42,0.43,0.4,0.43,58623,0
HUB,D,20180103,000000,0.46,0.46,0.46,0.46,8361,0
HUB,D,20180104,000000,0.46,0.46,0.43,0.43,61645,0
HUB,D,20180105,000000,0.43,0.51,0.43,0.51,1086992,0
HUB,D,20180108,000000,0.65,0.71,0.65,0.71,359437,0
HUB,D,20180109,000000,0.82,0.9,0.62,0.62,993616,0
HUB,D,20180110,000000,0.61,0.65,0.57,0.59,329824,0
HUB,D,20180111,000000,0.56,0.58,0.5,0.5,568705,0
HUB,D,20180112,000000,0.51,0.53,0.48,0.51,568665,0
HUB,D,20180115,000000,0.52,0.52,0.49,0.49,149846,0
HUB,D,20180116,000000,0.49,0.51,0.45,0.47,186905,0
HUB,D,20180117,000000,0.46,0.46,0.42,0.45,707868,0
HUB,D,20180118,000000,0.45,0.58,0.45,0.53,1281465,0
HUB,D,20180119,000000,0.54,0.57,0.53,0.53,325853,0
HUB,D,20180122,000000,0.54,0.56,0.5,0.52,149406,0
HUB,D,20180123,000000,0.52,0.52,0.47,0.49,231726,0
HUB,D,20180124,000000,0.5,0.51,0.49,0.51,55105,0
HUB,D,20180125,000000,0.51,0.51,0.47,0.48,79986,0
HUB,D,20180126,000000,0.49,0.49,0.48,0.49,31849,0
HUB,D,20180129,000000,0.49,0.49,0.47,0.48,132979,0
HUB,D,20180130,000000,0.49,0.63,0.48,0.63,1492636,0
HUB,D,20180131,000000,0.65,0.68,0.56,0.6,739517,0
HUB,D,20180201,000000,0.59,0.67,0.57,0.59,492416,0
HUB,D,20180202,000000,0.59,0.6,0.57,0.6,22422,0
HUB,D,20180205,000000,0.61,0.61,0.55,0.57,77241,0
HUB,D,20180206,000000,0.56,0.56,0.46,0.51,600022,0
HUB,D,20180207,000000,0.52,0.57,0.5,0.54,209732,0
HUB,D,20180208,000000,0.54,0.54,0.5,0.52,238809,0
HUB,D,20180209,000000,0.5,0.51,0.48,0.51,88796,0
HUB,D,20180212,000000,0.52,0.52,0.49,0.52,31444,0
HUB,D,20180213,000000,0.52,0.59,0.52,0.58,325266,0
HUB,D,20180214,000000,0.57,0.62,0.55,0.55,216642,0
HUB,D,20180215,000000,0.55,0.55,0.52,0.52,83137,0
HUB,D,20180216,000000,0.53,0.53,0.49,0.5,287292,0
HUB,D,20180219,000000,0.5,0.52,0.5,0.51,23250,0
HUB,D,20180220,000000,0.52,0.52,0.5,0.51,69509,0
HUB,D,20180221,000000,0.52,0.53,0.5,0.53,81185,0
HUB,D,20180222,000000,0.53,0.53,0.5,0.53,59083,0
HUB,D,20180223,000000,0.53,0.53,0.5,0.52,40278,0
HUB,D,20180226,000000,0.52,0.52,0.49,0.51,64316,0
HUB,D,20180227,000000,0.51,0.51,0.46,0.48,118157,0
HUB,D,20180228,000000,0.48,0.5,0.46,0.49,33845,0
HUB,D,20180301,000000,0.49,0.5,0.47,0.48,37871,0
HUB,D,20180302,000000,0.49,0.49,0.46,0.47,32817,0
HUB,D,20180305,000000,0.48,0.48,0.45,0.47,11438,0
HUB,D,20180306,000000,0.47,0.48,0.44,0.45,84568,0
HUB,D,20180307,000000,0.45,0.48,0.42,0.46,97505,0
HUB,D,20180308,000000,0.46,0.46,0.44,0.46,24264,0
HUB,D,20180309,000000,0.47,0.47,0.44,0.47,19196,0
HUB,D,20180312,000000,0.44,0.47,0.44,0.46,6973,0
HUB,D,20180313,000000,0.46,0.49,0.42,0.48,244631,0
HUB,D,20180314,000000,0.48,0.48,0.45,0.47,42263,0
HUB,D,20180315,000000,0.47,0.56,0.47,0.55,332039,0
HUB,D,20180316,000000,0.55,0.55,0.5,0.5,38190,0
HUB,D,20180319,000000,0.54,0.54,0.45,0.45,102841,0
HUB,D,20180320,000000,0.46,0.5,0.46,0.5,51596,0
HUB,D,20180321,000000,0.49,0.49,0.46,0.49,14449,0
HUB,D,20180322,000000,0.49,0.5,0.46,0.48,43466,0
HUB,D,20180323,000000,0.48,0.48,0.44,0.47,39801,0
HUB,D,20180326,000000,0.47,0.47,0.47,0.47,1,0
HUB,D,20180327,000000,0.47,0.47,0.47,0.47,1,0
HUB,D,20180328,000000,0.47,0.47,0.44,0.45,36756,0
HUB,D,20180329,000000,0.44,0.45,0.44,0.45,2562,0
HUB,D,20180403,000000,0.44,0.45,0.43,0.44,4298,0
HUB,D,20180404,000000,0.45,0.45,0.42,0.42,4561,0
HUB,D,20180405,000000,0.45,0.45,0.4,0.4,27581,0
HUB,D,20180406,000000,0.4,0.41,0.4,0.41,5614,0
HUB,D,20180409,000000,0.42,0.42,0.4,0.42,9921,0
HUB,D,20180410,000000,0.42,0.42,0.42,0.42,2001,0
HUB,D,20180411,000000,0.42,0.46,0.4,0.44,59043,0
HUB,D,20180412,000000,0.44,0.44,0.41,0.42,8491,0
HUB,D,20180413,000000,0.44,0.49,0.42,0.45,122408,0
HUB,D,20180416,000000,0.46,0.46,0.41,0.43,90635,0
HUB,D,20180417,000000,0.42,0.42,0.4,0.42,25930,0
HUB,D,20180418,000000,0.43,0.43,0.39,0.4,50067,0
HUB,D,20180419,000000,0.4,0.41,0.39,0.41,2501,0
HUB,D,20180420,000000,0.41,0.41,0.39,0.41,2936,0
HUB,D,20180423,000000,0.41,0.42,0.39,0.42,32790,0
HUB,D,20180424,000000,0.42,0.42,0.38,0.41,37670,0
HUB,D,20180425,000000,0.4,0.4,0.38,0.4,4223,0
HUB,D,20180426,000000,0.4,0.4,0.36,0.38,9742,0
HUB,D,20180427,000000,0.38,0.41,0.35,0.4,70007,0
HUB,D,20180430,000000,0.41,0.41,0.35,0.36,42780,0
HUB,D,20180502,000000,0.34,0.36,0.34,0.36,9138,0
HUB,D,20180504,000000,0.33,0.37,0.32,0.34,84859,0
HUB,D,20180507,000000,0.37,0.37,0.34,0.36,2202,0
HUB,D,20180508,000000,0.33,0.39,0.33,0.39,33855,0
HUB,D,20180509,000000,0.41,0.41,0.41,0.41,1,0
HUB,D,20180510,000000,0.41,0.41,0.4,0.4,1001,0
HUB,D,20180511,000000,0.4,0.4,0.39,0.4,1031,0
HUB,D,20180514,000000,0.39,0.39,0.38,0.38,2000,0
HUB,D,20180515,000000,0.38,0.38,0.38,0.38,1,0
HUB,D,20180516,000000,0.38,0.38,0.38,0.38,500,0
HUB,D,20180517,000000,0.37,0.37,0.34,0.36,12787,0
HUB,D,20180518,000000,0.35,0.36,0.32,0.35,10316,0
HUB,D,20180521,000000,0.35,0.35,0.32,0.35,8845,0
HUB,D,20180522,000000,0.35,0.35,0.32,0.35,2604,0
HUB,D,20180523,000000,0.37,0.37,0.36,0.36,6301,0
HUB,D,20180524,000000,0.36,0.36,0.36,0.36,1,0
HUB,D,20180525,000000,0.36,0.36,0.32,0.34,5108,0
HUB,D,20180528,000000,0.34,0.34,0.31,0.34,5036,0
HUB,D,20180529,000000,0.31,0.34,0.31,0.34,3,0
HUB,D,20180530,000000,0.3,0.3,0.24,0.27,93872,0
HUB,D,20180601,000000,0.24,0.26,0.22,0.25,64813,0
HUB,D,20180604,000000,0.25,0.25,0.25,0.25,17282,0
HUB,D,20180605,000000,0.22,0.25,0.22,0.25,13635,0
HUB,D,20180606,000000,0.25,0.26,0.22,0.25,12506,0
HUB,D,20180607,000000,0.25,0.25,0.23,0.24,2091,0
HUB,D,20180608,000000,0.25,0.25,0.21,0.21,164530,0
HUB,D,20180611,000000,0.21,0.21,0.19,0.21,115654,0
HUB,D,20180612,000000,0.21,0.21,0.2,0.21,15488,0
HUB,D,20180613,000000,0.2,0.21,0.2,0.21,22316,0
HUB,D,20180614,000000,0.21,0.21,0.2,0.21,4,0
HUB,D,20180615,000000,0.21,0.28,0.21,0.28,269523,0
HUB,D,20180618,000000,0.27,0.33,0.27,0.33,219176,0
HUB,D,20180619,000000,0.32,0.38,0.32,0.38,161047,0
HUB,D,20180620,000000,0.42,0.46,0.4,0.46,385193,0
HUB,D,20180621,000000,0.48,0.57,0.48,0.57,572013,0
HUB,D,20180622,000000,0.61,0.63,0.5,0.5,177164,0
HUB,D,20180625,000000,0.46,0.5,0.4,0.4,192311,0
HUB,D,20180626,000000,0.4,0.45,0.37,0.45,96666,0
HUB,D,20180627,000000,0.46,0.46,0.38,0.42,120189,0
HUB,D,20180628,000000,0.42,0.5,0.42,0.5,351373,0
HUB,D,20180629,000000,0.52,0.64,0.48,0.64,625831,0
HUB,D,20180702,000000,0.6,0.6,0.6,0.6,220360,0
HUB,D,20180703,000000,0.6,0.6,0.6,0.6,242448,0
HUB,D,20180704,000000,0.63,0.63,0.6,0.6,61254,0
HUB,D,20180705,000000,0.6,0.63,0.6,0.63,34964,0
HUB,D,20180706,000000,0.63,0.63,0.61,0.61,1797,0
HUB,D,20180709,000000,0.61,0.61,0.61,0.61,1778,0
HUB,D,20180710,000000,0.5,0.5,0.5,0.5,1666,0
HUB,D,20180712,000000,0.55,0.55,0.55,0.55,55,0
HUB,D,20180713,000000,0.6,0.6,0.6,0.6,1612,0
HUB,D,20180716,000000,0.59,0.59,0.59,0.59,9476,0
HUB,D,20180717,000000,0.52,0.52,0.52,0.52,2500,0
HUB,D,20180718,000000,0.45,0.45,0.44,0.44,16999,0
HUB,D,20180719,000000,0.44,0.44,0.4,0.4,10686,0
HUB,D,20180723,000000,0.46,0.46,0.46,0.46,1000,0
HUB,D,20180725,000000,0.4,0.4,0.4,0.4,11784,0
HUB,D,20180726,000000,0.4,0.4,0.4,0.4,1650,0
HUB,D,20180727,000000,0.44,0.45,0.44,0.45,3236,0
HUB,D,20180730,000000,0.45,0.45,0.45,0.45,4000,0
HUB,D,20180731,000000,0.49,0.49,0.49,0.49,100,0
HUB,D,20180801,000000,0.49,0.49,0.49,0.49,100,0
HUB,D,20180806,000000,0.41,0.46,0.41,0.46,4879,0
HUB,D,20180808,000000,0.42,0.42,0.42,0.42,1776,0
HUB,D,20180809,000000,0.42,0.42,0.42,0.42,12169,0
HUB,D,20180813,000000,0.4,0.42,0.4,0.42,18499,0
HUB,D,20180817,000000,0.4,0.4,0.4,0.4,9485,0
HUB,D,20180820,000000,0.4,0.4,0.4,0.4,1,0
HUB,D,20180822,000000,0.4,0.4,0.4,0.4,151,0
HUB,D,20180823,000000,0.4,0.4,0.4,0.4,1,0
HUB,D,20180824,000000,0.4,0.4,0.4,0.4,4267,0
HUB,D,20180827,000000,0.39,0.39,0.39,0.39,1828,0
HUB,D,20180828,000000,0.39,0.39,0.39,0.39,5768,0
HUB,D,20180830,000000,0.39,0.39,0.39,0.39,1,0
HUB,D,20180904,000000,0.4,0.4,0.4,0.4,2247,0
HUB,D,20180906,000000,0.37,0.37,0.37,0.37,5600,0
HUB,D,20180907,000000,0.4,0.4,0.37,0.37,13174,0
HUB,D,20180910,000000,0.36,0.36,0.36,0.36,1453,0
HUB,D,20180911,000000,0.4,0.44,0.4,0.44,38355,0
HUB,D,20180912,000000,0.47,0.5,0.47,0.5,8965,0
HUB,D,20180913,000000,0.42,0.5,0.42,0.5,2100,0
HUB,D,20180914,000000,0.5,0.52,0.5,0.52,1469,0
HUB,D,20180917,000000,0.51,0.51,0.5,0.5,3500,0
HUB,D,20180921,000000,0.48,0.48,0.48,0.48,2845,0
HUB,D,20180924,000000,0.48,0.48,0.48,0.48,4,0
HUB,D,20180926,000000,0.45,0.45,0.42,0.42,7596,0
HUB,D,20180927,000000,0.47,0.47,0.47,0.47,100,0
HUB,D,20180928,000000,0.44,0.52,0.44,0.52,32879,0
HUB,D,20181001,000000,0.5,0.5,0.5,0.5,84,0
HUB,D,20181003,000000,0.5,0.5,0.5,0.5,200,0
HUB,D,20181004,000000,0.52,0.52,0.52,0.52,50,0
HUB,D,20181010,000000,0.46,0.46,0.46,0.46,11570,0
HUB,D,20181012,000000,0.46,0.46,0.46,0.46,4120,0
HUB,D,20181016,000000,0.43,0.43,0.43,0.43,4,0
HUB,D,20181017,000000,0.42,0.42,0.42,0.42,4520,0
HUB,D,20181018,000000,0.41,0.43,0.41,0.43,19099,0
HUB,D,20181019,000000,0.43,0.43,0.43,0.43,3000,0
HUB,D,20181022,000000,0.43,0.43,0.4,0.4,11070,0
HUB,D,20181023,000000,0.4,0.4,0.4,0.4,1003,0
HUB,D,20181024,000000,0.4,0.4,0.4,0.4,2400,0
HUB,D,20181025,000000,0.42,0.42,0.42,0.42,2,0
HUB,D,20181026,000000,0.43,0.45,0.43,0.45,531,0
HUB,D,20181029,000000,0.47,0.47,0.47,0.47,26871,0
HUB,D,20181030,000000,0.47,0.47,0.47,0.47,4128,0
HUB,D,20181031,000000,0.44,0.44,0.44,0.44,51047,0
HUB,D,20181105,000000,0.48,0.48,0.48,0.48,50,0
HUB,D,20181115,000000,0.48,0.48,0.48,0.48,5521,0
HUB,D,20181119,000000,0.48,0.48,0.48,0.48,300,0
HUB,D,20181120,000000,0.46,0.46,0.46,0.46,300,0
HUB,D,20181121,000000,0.47,0.47,0.47,0.47,48,0
HUB,D,20181123,000000,0.46,0.46,0.46,0.46,1000,0
HUB,D,20181126,000000,0.43,0.43,0.43,0.43,2,0
HUB,D,20181127,000000,0.41,0.41,0.4,0.4,18932,0
HUB,D,20181128,000000,0.38,0.38,0.36,0.36,3017,0
HUB,D,20181129,000000,0.36,0.37,0.36,0.37,1107,0
HUB,D,20181130,000000,0.37,0.5,0.37,0.5,111122,0
HUB,D,20181203,000000,0.5,0.5,0.48,0.48,18834,0
HUB,D,20181205,000000,0.48,0.48,0.48,0.48,2,0
HUB,D,20181210,000000,0.43,0.43,0.43,0.43,200,0
HUB,D,20181212,000000,0.4,0.4,0.38,0.38,800,0
HUB,D,20181213,000000,0.4,0.4,0.4,0.4,22,0
HUB,D,20181214,000000,0.4,0.4,0.4,0.4,2000,0
HUB,D,20181217,000000,0.4,0.4,0.4,0.4,563,0
HUB,D,20181218,000000,0.4,0.4,0.4,0.4,859,0
HUB,D,20181219,000000,0.38,0.38,0.32,0.32,11109,0
HUB,D,20181220,000000,0.37,0.37,0.37,0.37,200,0
HUB,D,20181221,000000,0.37,0.4,0.37,0.4,1405,0
HUB,D,20181227,000000,0.41,0.41,0.41,0.41,450,0
HUB,D,20190102,000000,0.37,0.4,0.37,0.4,899,0
HUB,D,20190103,000000,0.48,0.48,0.48,0.48,1711,0
HUB,D,20190104,000000,0.5,0.5,0.5,0.5,10,0
HUB,D,20190108,000000,0.45,0.45,0.45,0.45,2000,0
HUB,D,20190109,000000,0.49,0.49,0.49,0.49,10,0
HUB,D,20190115,000000,0.36,0.36,0.36,0.36,38202,0
HUB,D,20190117,000000,0.37,0.37,0.36,0.36,6657,0
HUB,D,20190118,000000,0.36,0.36,0.36,0.36,1190,0
HUB,D,20190121,000000,0.36,0.36,0.36,0.36,10210,0
HUB,D,20190122,000000,0.36,0.36,0.36,0.36,2,0
HUB,D,20190125,000000,0.37,0.37,0.37,0.37,111,0
HUB,D,20190128,000000,0.39,0.42,0.39,0.42,3569,0
HUB,D,20190129,000000,0.42,0.42,0.42,0.42,1100,0
HUB,D,20190131,000000,0.38,0.38,0.38,0.38,495,0
HUB,D,20190201,000000,0.41,0.47,0.41,0.47,2300,0
HUB,D,20190204,000000,0.47,0.47,0.47,0.47,1003,0
HUB,D,20190205,000000,0.44,0.44,0.44,0.44,22,0
HUB,D,20190206,000000,0.43,0.43,0.43,0.43,985,0
HUB,D,20190213,000000,0.42,0.42,0.42,0.42,1900,0
HUB,D,20190215,000000,0.39,0.39,0.39,0.39,2269,0
HUB,D,20190219,000000,0.4,0.4,0.4,0.4,75,0
HUB,D,20190221,000000,0.4,0.4,0.4,0.4,5200,0
HUB,D,20190222,000000,0.44,0.44,0.4,0.4,2251,0
HUB,D,20190225,000000,0.41,0.41,0.41,0.41,6,0
HUB,D,20190226,000000,0.44,0.44,0.44,0.44,5,0
HUB,D,20190304,000000,0.43,0.43,0.43,0.43,2540,0
HUB,D,20190306,000000,0.42,0.42,0.42,0.42,100,0
HUB,D,20190307,000000,0.42,0.42,0.42,0.42,5,0
HUB,D,20190315,000000,0.39,0.39,0.39,0.39,243,0
HUB,D,20190319,000000,0.39,0.39,0.39,0.39,3146,0
HUB,D,20190322,000000,0.351,0.351,0.351,0.351,1000,0
HUB,D,20190325,000000,0.39,0.39,0.39,0.39,111,0
HUB,D,20190326,000000,0.37,0.37,0.37,0.37,669,0
HUB,D,20190327,000000,0.39,0.39,0.39,0.39,100,0
HUB,D,20190329,000000,0.38,0.38,0.38,0.38,1000,0
HUB,D,20190402,000000,0.37,0.37,0.37,0.37,327,0
HUB,D,20190403,000000,0.39,0.39,0.39,0.39,111,0
HUB,D,20190404,000000,0.36,0.36,0.36,0.36,4210,0
HUB,D,20190410,000000,0.38,0.38,0.38,0.38,198,0
HUB,D,20190415,000000,0.36,0.36,0.36,0.36,2013,0
HUB,D,20190423,000000,0.36,0.36,0.34,0.34,2000,0
HUB,D,20190424,000000,0.38,0.38,0.38,0.38,5100,0
HUB,D,20190502,000000,0.38,0.38,0.38,0.38,1000,0
HUB,D,20190507,000000,0.38,0.38,0.38,0.38,705,0
HUB,D,20190508,000000,0.342,0.342,0.342,0.342,800,0
HUB,D,20190509,000000,0.38,0.38,0.38,0.38,100,0
HUB,D,20190510,000000,0.38,0.38,0.38,0.38,5000,0
HUB,D,20190513,000000,0.38,0.38,0.38,0.38,101,0
HUB,D,20190515,000000,0.38,0.38,0.38,0.38,600,0
HUB,D,20190516,000000,0.36,0.36,0.36,0.36,2487,0
HUB,D,20190517,000000,0.37,0.37,0.37,0.37,1005,0
HUB,D,20190521,000000,0.38,0.38,0.38,0.38,507,0
HUB,D,20190523,000000,0.38,0.38,0.38,0.38,4500,0
HUB,D,20190524,000000,0.38,0.38,0.38,0.38,500,0
HUB,D,20190527,000000,0.38,0.38,0.38,0.38,1300,0
HUB,D,20190528,000000,0.37,0.37,0.37,0.37,220,0
HUB,D,20190531,000000,0.38,0.38,0.38,0.38,9818,0
HUB,D,20190605,000000,0.38,0.38,0.38,0.38,500,0
HUB,D,20190606,000000,0.38,0.38,0.38,0.38,5000,0
HUB,D,20190612,000000,0.37,0.37,0.37,0.37,10,0
HUB,D,20190613,000000,0.37,0.37,0.37,0.37,5,0
HUB,D,20190618,000000,0.35,0.37,0.35,0.37,8310,0
HUB,D,20190628,000000,0.36,0.36,0.36,0.36,2100,0
HUB,D,20190701,000000,0.36,0.36,0.36,0.36,6000,0
HUB,D,20190703,000000,0.37,0.37,0.37,0.37,5,0
HUB,D,20190704,000000,0.37,0.37,0.37,0.37,200,0
HUB,D,20190708,000000,0.35,0.35,0.35,0.35,57,0
HUB,D,20190709,000000,0.3,0.3,0.3,0.3,10143,0
HUB,D,20190712,000000,0.33,0.36,0.33,0.36,200,0
HUB,D,20190717,000000,0.37,0.37,0.37,0.37,1500,0
HUB,D,20190723,000000,0.37,0.37,0.37,0.37,3219,0
HUB,D,20190724,000000,0.39,0.39,0.39,0.39,6945,0
HUB,D,20190725,000000,0.39,0.39,0.39,0.39,3704,0
HUB,D,20190726,000000,0.41,0.41,0.41,0.41,796,0
HUB,D,20190729,000000,0.4,0.4,0.4,0.4,20,0
HUB,D,20190823,000000,0.35,0.35,0.35,0.35,435,0
HUB,D,20190826,000000,0.325,0.325,0.325,0.325,21060,0
HUB,D,20190829,000000,0.276,0.276,0.276,0.276,5500,0
HUB,D,20190902,000000,0.276,0.276,0.276,0.276,451,0
HUB,D,20190903,000000,0.3,0.3,0.3,0.3,500,0
HUB,D,20190905,000000,0.27,0.27,0.27,0.27,222,0
HUB,D,20190910,000000,0.27,0.27,0.27,0.27,2,0
HUB,D,20190911,000000,0.27,0.27,0.27,0.27,3900,0
HUB,D,20190912,000000,0.339,0.339,0.339,0.339,3000,0
HUB,D,20190913,000000,0.339,0.339,0.339,0.339,725,0
HUB,D,20190925,000000,0.372,0.398,0.372,0.398,1918,0
HUB,D,20200401,000000,0.39,0.39,0.39,0.39,42,0
HUB,D,20200402,000000,0.39,0.39,0.39,0.39,10,0
HUB,D,20200403,000000,0.38,0.38,0.38,0.38,2,0
HUB,D,20200406,000000,0.38,0.38,0.3,0.37,5845,0
HUB,D,20200407,000000,0.37,0.37,0.35,0.37,1009,0
HUB,D,20200420,000000,0.26,0.32,0.26,0.32,17319,0
HUB,D,20200421,000000,0.288,0.316,0.288,0.316,3032,0
HUB,D,20200422,000000,0.316,0.32,0.316,0.32,101,0
HUB,D,20200423,000000,0.318,0.318,0.318,0.318,6,0
HUB,D,20200424,000000,0.31,0.31,0.31,0.31,10,0
HUB,D,20200427,000000,0.308,0.308,0.28,0.29,1586,0
HUB,D,20200428,000000,0.29,0.29,0.29,0.29,10,0
HUB,D,20200429,000000,0.29,0.29,0.29,0.29,1450,0
HUB,D,20200430,000000,0.304,0.36,0.304,0.34,79453,0
HUB,D,20200504,000000,0.338,0.37,0.338,0.37,15918,0
HUB,D,20200505,000000,0.37,0.406,0.37,0.38,63837,0
HUB,D,20200506,000000,0.408,0.408,0.368,0.38,9830,0
HUB,D,20200507,000000,0.41,0.41,0.39,0.39,1408,0
HUB,D,20200508,000000,0.41,0.45,0.39,0.4,170944,0
HUB,D,20200511,000000,0.44,0.44,0.372,0.418,14795,0
HUB,D,20200512,000000,0.4,0.4,0.324,0.382,250607,0
HUB,D,20200513,000000,0.33,0.356,0.328,0.342,22965,0
HUB,D,20200514,000000,0.34,0.342,0.326,0.342,21154,0
HUB,D,20200515,000000,0.342,0.342,0.31,0.34,10572,0
HUB,D,20200518,000000,0.312,0.34,0.31,0.33,6857,0
HUB,D,20200519,000000,0.33,0.33,0.31,0.326,4733,0
HUB,D,20200520,000000,0.326,0.338,0.32,0.338,7582,0
HUB,D,20200521,000000,0.338,0.338,0.338,0.338,2,0
HUB,D,20200522,000000,0.338,0.338,0.31,0.338,3108,0
HUB,D,20200525,000000,0.31,0.338,0.31,0.322,4666,0
HUB,D,20200526,000000,0.322,0.354,0.322,0.35,20983,0
HUB,D,20200527,000000,0.36,0.36,0.312,0.35,6346,0
HUB,D,20200528,000000,0.36,0.36,0.326,0.326,3126,0
HUB,D,20200529,000000,0.35,0.35,0.322,0.35,12005,0
HUB,D,20200601,000000,0.36,0.36,0.33,0.34,4208,0
HUB,D,20200602,000000,0.35,0.36,0.322,0.36,10818,0
HUB,D,20200603,000000,0.36,0.36,0.34,0.36,21301,0
HUB,D,20200604,000000,0.36,0.362,0.36,0.36,7519,0
HUB,D,20200605,000000,0.358,0.358,0.34,0.358,18783,0
HUB,D,20200608,000000,0.36,0.36,0.35,0.35,2177,0
HUB,D,20200609,000000,0.356,0.356,0.322,0.354,38972,0
HUB,D,20200610,000000,0.354,0.354,0.324,0.348,9010,0
HUB,D,20200612,000000,0.348,0.348,0.348,0.348,2,0
HUB,D,20200615,000000,0.348,0.348,0.348,0.348,1664,0
HUB,D,20200616,000000,0.348,0.348,0.324,0.348,29,0
HUB,D,20200617,000000,0.348,0.348,0.338,0.338,536,0
HUB,D,20200618,000000,0.348,0.348,0.346,0.346,5971,0
HUB,D,20200619,000000,0.348,0.348,0.32,0.348,10024,0
HUB,D,20200622,000000,0.348,0.348,0.348,0.348,9,0
HUB,D,20200623,000000,0.344,0.35,0.32,0.35,32067,0
HUB,D,20200624,000000,0.35,0.422,0.332,0.422,206897,0
HUB,D,20200625,000000,0.46,0.51,0.442,0.51,80467,0
HUB,D,20200626,000000,0.52,0.55,0.474,0.5,94340,0
HUB,D,20200629,000000,0.515,0.515,0.49,0.505,1556,0
HUB,D,20200630,000000,0.515,0.515,0.505,0.505,432,0
HUB,D,20200701,000000,0.5,0.5,0.406,0.448,28672,0
HUB,D,20200702,000000,0.44,0.44,0.404,0.42,10162,0
HUB,D,20200703,000000,0.406,0.41,0.406,0.41,6619,0
HUB,D,20200706,000000,0.406,0.408,0.4,0.406,7891,0
HUB,D,20200707,000000,0.446,0.52,0.446,0.5,145435,0
HUB,D,20200708,000000,0.555,0.58,0.49,0.515,178899,0
HUB,D,20200709,000000,0.515,0.52,0.49,0.52,12511,0
HUB,D,20200710,000000,0.54,0.54,0.498,0.51,10537,0
