<TICKER>,<PER>,<DATE>,<TIME>,<OPEN>,<HIGH>,<LOW>,<CLOSE>,<VOL>,<OPENINT>
I2D,D,20160519,000000,18.483,18.818,16.819,17.432,81965,0
I2D,D,20160520,000000,17.424,17.424,16.81,17.424,29910,0
I2D,D,20160523,000000,16.845,17.138,16.004,16.802,1514,0
I2D,D,20160524,000000,16.382,16.802,16.382,16.802,2439,0
I2D,D,20160525,000000,16.928,16.97,16.928,16.928,2440,0
I2D,D,20160531,000000,16.214,16.802,16.214,16.802,223,0
I2D,D,20160601,000000,16.802,17.214,16.281,17.214,155,0
I2D,D,20160602,000000,16.466,16.802,16.466,16.802,696,0
I2D,D,20160603,000000,16.365,16.802,16.365,16.802,2,0
I2D,D,20160607,000000,16.046,16.088,15.214,16.088,4084,0
I2D,D,20160608,000000,16.054,16.054,16.054,16.054,202,0
I2D,D,20160609,000000,16.054,16.802,16.054,16.802,297,0
I2D,D,20160615,000000,16.054,16.777,16.054,16.777,321,0
I2D,D,20160616,000000,16.054,16.752,16.054,16.752,714,0
I2D,D,20160620,000000,16.785,16.785,16.382,16.382,226,0
I2D,D,20160621,000000,16.299,16.634,16.299,16.634,643,0
I2D,D,20160630,000000,15.424,15.962,15.424,15.962,891,0
I2D,D,20160701,000000,16.299,16.299,16.13,16.13,3391,0
I2D,D,20160706,000000,15.634,16.289,15.634,16.289,24,0
I2D,D,20160707,000000,16.289,16.289,16.289,16.289,47815,0
I2D,D,20160708,000000,15.971,15.971,15.971,15.971,1,0
I2D,D,20160713,000000,15.971,15.971,15.971,15.971,1191,0
I2D,D,20160714,000000,15.971,15.971,15.971,15.971,496,0
I2D,D,20160715,000000,15.971,15.971,15.962,15.962,2068,0
I2D,D,20160719,000000,16.299,16.299,16.299,16.299,309,0
I2D,D,20160722,000000,16.802,16.802,16.802,16.802,1208,0
I2D,D,20160725,000000,16.299,16.794,16.299,16.794,719,0
I2D,D,20160726,000000,16.794,16.886,16.029,16.886,3213,0
I2D,D,20160727,000000,16.34,16.718,16.34,16.718,238,0
I2D,D,20160728,000000,16.382,16.634,16.34,16.634,607,0
I2D,D,20160729,000000,16.299,16.299,16.299,16.299,190,0
I2D,D,20160801,000000,16.214,16.214,16.214,16.214,40,0
I2D,D,20160802,000000,16.214,16.223,16.214,16.214,619,0
I2D,D,20160805,000000,16.147,16.147,15.971,15.971,2071,0
I2D,D,20160808,000000,15.962,15.962,15.962,15.962,1191,0
I2D,D,20160809,000000,15.962,16.332,15.962,16.332,160,0
I2D,D,20160811,000000,15.979,15.979,15.962,15.962,554,0
I2D,D,20160812,000000,15.962,15.962,15.962,15.962,119,0
I2D,D,20160824,000000,16.382,16.382,15.878,15.878,31,0
I2D,D,20160826,000000,15.878,15.878,15.878,15.878,993,0
I2D,D,20160830,000000,16.214,16.214,16.214,16.214,119,0
I2D,D,20160902,000000,15.895,15.895,15.878,15.878,265,0
I2D,D,20160905,000000,15.878,15.878,15.878,15.878,119,0
I2D,D,20160908,000000,15.458,15.962,15.458,15.962,813,0
I2D,D,20160909,000000,15.458,15.962,15.458,15.962,43,0
I2D,D,20160912,000000,15.962,15.962,15.962,15.962,1,0
I2D,D,20160913,000000,15.962,15.962,15.962,15.962,2053,0
I2D,D,20160914,000000,15.878,15.878,15.878,15.878,49,0
I2D,D,20160921,000000,15.878,15.962,15.878,15.962,250,0
I2D,D,20160922,000000,16.198,16.289,16.198,16.289,10902,0
I2D,D,20160923,000000,16.299,17.382,16.299,16.954,23408,0
I2D,D,20160926,000000,16.954,16.954,16.752,16.954,772,0
I2D,D,20160927,000000,16.886,17.197,16.886,17.197,1624,0
I2D,D,20160928,000000,16.76,16.76,16.76,16.76,40,0
I2D,D,20160929,000000,16.76,17.811,16.76,17.558,2991,0
I2D,D,20160930,000000,17.222,17.222,17.088,17.088,828,0
I2D,D,20161003,000000,17.382,17.382,17.382,17.382,645,0
I2D,D,20161004,000000,17.382,17.382,17.382,17.382,345,0
I2D,D,20161005,000000,17.382,17.391,17.382,17.391,793,0
I2D,D,20161006,000000,17.391,18.012,17.391,18.012,3573,0
I2D,D,20161007,000000,18.003,18.012,17.634,17.642,5790,0
I2D,D,20161010,000000,17.902,18.062,17.642,18.062,5646,0
I2D,D,20161011,000000,18.062,18.39,17.642,17.642,654,0
I2D,D,20161013,000000,17.642,18.373,17.356,18.373,13565,0
I2D,D,20161014,000000,18.365,18.365,17.651,17.651,2199,0
I2D,D,20161017,000000,17.474,17.886,17.474,17.886,280,0
I2D,D,20161018,000000,17.642,17.642,17.642,17.642,119,0
I2D,D,20161019,000000,17.466,17.466,17.466,17.466,11903,0
I2D,D,20161020,000000,17.886,17.894,17.886,17.894,273,0
I2D,D,20161021,000000,17.894,17.894,17.894,17.894,83,0
I2D,D,20161024,000000,17.651,17.651,17.651,17.651,2656,0
I2D,D,20161025,000000,17.651,17.651,17.5,17.5,1985,0
I2D,D,20161027,000000,17.5,17.5,17.5,17.5,24,0
I2D,D,20161028,000000,17.474,17.474,17.474,17.474,238,0
I2D,D,20161031,000000,17.642,17.659,17.642,17.659,1785,0
I2D,D,20161102,000000,17.449,17.491,17.449,17.474,4321,0
I2D,D,20161103,000000,17.391,17.811,17.348,17.811,3809,0
I2D,D,20161108,000000,17.23,18.297,17.23,18.289,4797,0
I2D,D,20161109,000000,17.474,17.474,17.474,17.474,595,0
I2D,D,20161110,000000,18.289,18.289,18.289,18.289,6,0
I2D,D,20161114,000000,18.289,18.289,18.289,18.289,1,0
I2D,D,20161115,000000,17.474,17.474,17.474,17.474,119,0
I2D,D,20161116,000000,17.222,17.474,17.222,17.474,1191,0
I2D,D,20161117,000000,16.81,17.558,16.81,17.558,1057,0
I2D,D,20161122,000000,17.222,17.222,17.222,17.222,595,0
I2D,D,20161123,000000,17.886,17.886,17.222,17.222,124,0
I2D,D,20161124,000000,17.138,17.474,17.138,17.474,602,0
I2D,D,20161125,000000,17.466,17.525,17.138,17.138,4031,0
I2D,D,20161128,000000,17.055,17.138,17.055,17.096,3398,0
I2D,D,20161129,000000,17.516,17.516,17.516,17.516,6,0
I2D,D,20161130,000000,17.466,17.466,17.466,17.466,6,0
I2D,D,20161201,000000,17.432,17.432,17.432,17.432,2,0
I2D,D,20161202,000000,17.432,17.432,17.055,17.432,280,0
I2D,D,20161205,000000,17.424,17.424,17.424,17.424,6,0
I2D,D,20161206,000000,17.391,17.391,17.055,17.055,653,0
I2D,D,20161207,000000,17.055,17.055,17.055,17.055,505,0
I2D,D,20161208,000000,17.055,17.055,16.382,17.055,2030,0
I2D,D,20161209,000000,17.055,17.407,17.055,17.407,1688,0
I2D,D,20161212,000000,17.374,17.374,17.374,17.374,2,0
I2D,D,20161213,000000,17.391,17.391,17.391,17.391,1,0
I2D,D,20161214,000000,17.374,17.374,17.374,17.374,1,0
I2D,D,20161215,000000,17.374,17.374,16.97,17.222,678,0
I2D,D,20161216,000000,17.222,17.222,17.222,17.222,676,0
I2D,D,20161219,000000,17.374,17.374,17.138,17.306,953,0
I2D,D,20161220,000000,17.407,17.407,16.81,16.81,84,0
I2D,D,20161221,000000,17.055,17.055,16.802,16.802,3492,0
I2D,D,20161222,000000,17.306,17.306,16.76,16.76,2798,0
I2D,D,20161223,000000,16.81,16.81,16.55,16.81,280,0
I2D,D,20161228,000000,17.055,17.055,16.802,16.802,970,0
I2D,D,20161229,000000,17.055,17.055,16.382,16.39,1399,0
I2D,D,20161230,000000,16.382,16.382,16.382,16.382,4944,0
I2D,D,20170102,000000,16.382,16.382,16.382,16.382,595,0
I2D,D,20170103,000000,16.634,16.76,16.299,16.76,303,0
I2D,D,20170105,000000,16.299,16.718,16.299,16.382,1072,0
I2D,D,20170110,000000,16.466,16.466,16.466,16.466,119,0
I2D,D,20170111,000000,16.592,16.592,16.466,16.466,151,0
I2D,D,20170112,000000,16.718,16.76,16.718,16.76,2,0
I2D,D,20170113,000000,16.718,16.718,16.718,16.718,2,0
I2D,D,20170116,000000,16.382,16.676,16.382,16.382,4919,0
I2D,D,20170117,000000,16.676,16.802,16.382,16.382,31313,0
I2D,D,20170118,000000,16.752,16.794,16.382,16.794,7001,0
I2D,D,20170119,000000,16.794,16.794,16.399,16.399,710,0
I2D,D,20170120,000000,16.794,16.794,16.794,16.794,1,0
I2D,D,20170123,000000,16.794,16.794,16.794,16.794,1,0
I2D,D,20170124,000000,16.794,16.794,16.794,16.794,1,0
I2D,D,20170125,000000,16.794,16.794,16.794,16.794,100,0
I2D,D,20170126,000000,16.785,16.794,16.785,16.794,2,0
I2D,D,20170127,000000,16.785,16.794,16.273,16.794,243,0
I2D,D,20170130,000000,16.718,16.718,16.718,16.718,1,0
I2D,D,20170131,000000,16.709,16.709,16.709,16.709,5952,0
I2D,D,20170201,000000,16.718,16.718,16.718,16.718,1,0
I2D,D,20170202,000000,16.718,16.718,16.214,16.374,1137,0
I2D,D,20170203,000000,16.676,16.676,16.382,16.382,2,0
I2D,D,20170206,000000,16.13,16.13,16.13,16.13,1,0
I2D,D,20170207,000000,16.382,16.382,16.382,16.382,59,0
I2D,D,20170209,000000,16.256,16.256,15.878,15.887,1788,0
I2D,D,20170210,000000,16.289,16.289,16.289,16.289,565,0
I2D,D,20170213,000000,16.289,16.289,16.289,16.289,55,0
I2D,D,20170214,000000,16.289,16.289,16.289,16.289,54,0
I2D,D,20170215,000000,16.289,16.289,16.289,16.289,61,0
I2D,D,20170216,000000,15.92,15.962,14.87,15.953,1847,0
I2D,D,20170217,000000,16.289,16.289,16.289,16.289,120,0
I2D,D,20170220,000000,16.289,16.289,16.046,16.046,120,0
I2D,D,20170221,000000,16.046,16.289,16.046,16.289,593,0
I2D,D,20170222,000000,16.214,16.214,16.214,16.214,1,0
I2D,D,20170223,000000,16.289,16.382,16.289,16.382,242,0
I2D,D,20170224,000000,16.046,16.046,16.046,16.046,31,0
I2D,D,20170227,000000,16.382,16.382,16.046,16.046,61,0
I2D,D,20170228,000000,16.382,16.382,16.382,16.382,780,0
I2D,D,20170301,000000,15.794,16.382,15.794,16.382,163,0
I2D,D,20170303,000000,15.962,15.962,15.962,15.962,2,0
I2D,D,20170306,000000,15.962,16.382,15.962,16.382,464,0
I2D,D,20170307,000000,15.794,15.878,15.794,15.794,595,0
I2D,D,20170308,000000,16.172,16.172,15.794,15.794,601,0
I2D,D,20170309,000000,16.172,16.172,16.172,16.172,1,0
I2D,D,20170310,000000,16.172,16.172,16.172,16.172,1,0
I2D,D,20170313,000000,15.953,15.953,15.953,15.953,72,0
I2D,D,20170314,000000,15.878,15.878,15.878,15.878,95,0
I2D,D,20170315,000000,15.542,16.299,15.542,15.542,233,0
I2D,D,20170316,000000,15.542,15.962,15.542,15.962,54,0
I2D,D,20170317,000000,15.962,15.962,15.5,15.5,1311,0
I2D,D,20170320,000000,15.542,15.542,15.29,15.29,1250,0
I2D,D,20170321,000000,15.298,15.298,15.298,15.298,415,0
I2D,D,20170322,000000,15.298,15.298,14.45,14.878,1788,0
I2D,D,20170323,000000,14.744,15.794,14.744,15.542,2070,0
I2D,D,20170324,000000,15.542,16.382,15.542,15.962,4309,0
I2D,D,20170327,000000,15.962,15.962,15.794,15.794,1046,0
I2D,D,20170328,000000,16.206,16.206,16.206,16.206,710,0
I2D,D,20170329,000000,16.172,16.172,16.088,16.088,2,0
I2D,D,20170330,000000,15.962,15.962,15.962,15.962,1,0
I2D,D,20170331,000000,15.962,15.962,15.962,15.962,120,0
I2D,D,20170403,000000,16.172,16.172,15.962,15.962,2,0
I2D,D,20170404,000000,15.962,15.962,15.962,15.962,1,0
I2D,D,20170405,000000,15.626,15.626,15.542,15.626,1329,0
I2D,D,20170406,000000,15.374,15.374,15.374,15.374,1,0
I2D,D,20170407,000000,15.29,15.29,15.29,15.29,1,0
I2D,D,20170410,000000,15.878,16.189,15.878,16.122,1784,0
I2D,D,20170411,000000,16.122,16.122,15.945,15.945,2110,0
I2D,D,20170412,000000,16.122,16.189,16.122,16.122,2752,0
I2D,D,20170418,000000,16.13,16.163,16.13,16.163,2,0
I2D,D,20170420,000000,16.163,16.55,15.962,16.172,21881,0
I2D,D,20170421,000000,16.307,16.634,16.307,16.382,13625,0
I2D,D,20170424,000000,16.634,16.643,16.214,16.567,16293,0
I2D,D,20170425,000000,16.382,16.676,16.382,16.382,6581,0
I2D,D,20170426,000000,16.466,16.466,16.299,16.382,1923,0
I2D,D,20170427,000000,16.466,16.634,16.299,16.382,9377,0
I2D,D,20170428,000000,16.382,16.634,16.382,16.592,14760,0
I2D,D,20170502,000000,16.634,16.634,16.592,16.634,5452,0
I2D,D,20170504,000000,16.634,17.222,16.634,17.096,8819,0
I2D,D,20170505,000000,17.189,17.205,16.987,17.205,6818,0
I2D,D,20170508,000000,17.265,17.861,17.265,17.819,8606,0
I2D,D,20170509,000000,17.819,17.836,17.474,17.558,7280,0
I2D,D,20170510,000000,17.558,17.558,17.391,17.474,2911,0
I2D,D,20170511,000000,17.516,17.626,17.306,17.306,2435,0
I2D,D,20170512,000000,17.626,17.626,17.474,17.516,5555,0
I2D,D,20170515,000000,17.466,17.533,17.13,17.13,11027,0
I2D,D,20170516,000000,17.113,17.121,16.76,16.802,7925,0
I2D,D,20170517,000000,16.802,16.97,16.785,16.97,6103,0
I2D,D,20170518,000000,17.113,17.189,17.063,17.088,11224,0
I2D,D,20170519,000000,17.113,17.332,17.113,17.315,8049,0
I2D,D,20170522,000000,16.935,17.574,16.565,16.611,3089,0
I2D,D,20170523,000000,16.658,17.028,16.565,16.611,2780,0
I2D,D,20170524,000000,17.093,17.093,16.473,16.473,1074,0
I2D,D,20170525,000000,16.389,16.473,16.287,16.473,678,0
I2D,D,20170526,000000,16.565,16.565,16.195,16.195,532,0
I2D,D,20170529,000000,16.241,16.621,16.112,16.621,984,0
I2D,D,20170530,000000,16.38,16.38,16.38,16.38,108,0
I2D,D,20170531,000000,16.195,16.38,15.964,16.38,1003,0
I2D,D,20170601,000000,16.102,16.102,15.917,15.964,1972,0
I2D,D,20170602,000000,15.741,15.982,15.547,15.982,938,0
I2D,D,20170606,000000,15.103,15.547,15.103,15.547,808,0
I2D,D,20170607,000000,15.547,15.547,15.084,15.084,1805,0
I2D,D,20170608,000000,15.075,15.075,14.807,14.853,1461,0
I2D,D,20170609,000000,14.714,15.168,14.344,14.344,2011,0
I2D,D,20170612,000000,13.974,14.807,13.419,14.039,3723,0
I2D,D,20170613,000000,13.428,13.65,13.428,13.465,3717,0
I2D,D,20170614,000000,13.428,13.881,13.428,13.881,379,0
I2D,D,20170616,000000,14.057,14.252,13.974,14.252,808,0
I2D,D,20170619,000000,14.622,14.807,14.622,14.622,298,0
I2D,D,20170620,000000,14.622,14.622,14.622,14.622,270,0
I2D,D,20170621,000000,14.612,14.622,14.612,14.622,108,0
I2D,D,20170622,000000,14.066,14.603,14.066,14.52,384,0
I2D,D,20170623,000000,14.603,14.603,14.344,14.585,787,0
I2D,D,20170626,000000,14.52,14.529,14.52,14.52,552,0
I2D,D,20170627,000000,14.066,14.622,14.066,14.529,352,0
I2D,D,20170629,000000,14.483,14.483,14.483,14.483,108,0
I2D,D,20170630,000000,14.252,14.622,14.252,14.622,442,0
I2D,D,20170703,000000,14.612,14.622,14.612,14.622,1101,0
I2D,D,20170704,000000,14.622,14.899,14.622,14.899,681,0
I2D,D,20170705,000000,14.714,14.714,14.529,14.529,282,0
I2D,D,20170706,000000,14.529,14.529,14.344,14.529,307,0
I2D,D,20170710,000000,13.891,13.891,13.881,13.881,1081,0
I2D,D,20170711,000000,13.881,13.881,13.234,13.881,487,0
I2D,D,20170712,000000,13.881,14.52,13.234,14.52,142,0
I2D,D,20170714,000000,13.872,13.928,13.789,13.789,2459,0
I2D,D,20170717,000000,13.881,13.881,13.881,13.881,1837,0
I2D,D,20170718,000000,13.974,13.974,13.696,13.696,1027,0
I2D,D,20170720,000000,13.696,13.881,13.696,13.881,1713,0
I2D,D,20170721,000000,13.881,13.881,13.4,13.872,3608,0
I2D,D,20170725,000000,13.465,13.465,13.252,13.252,2942,0
I2D,D,20170726,000000,13.206,13.854,13.206,13.326,4046,0
I2D,D,20170727,000000,13.206,13.206,13.048,13.095,367,0
I2D,D,20170728,000000,13.419,13.419,13.419,13.419,65,0
I2D,D,20170731,000000,13.15,13.15,13.15,13.15,323,0
I2D,D,20170801,000000,13.419,13.419,13.326,13.419,659,0
I2D,D,20170802,000000,13.409,13.409,13.409,13.409,411,0
I2D,D,20170803,000000,13.234,13.234,13.224,13.224,405,0
I2D,D,20170804,000000,13.141,13.409,12.493,13.409,5013,0
I2D,D,20170807,000000,13.28,13.409,13.048,13.409,935,0
I2D,D,20170808,000000,13.409,13.409,13.021,13.021,1111,0
I2D,D,20170809,000000,13.4,13.4,13.234,13.234,2165,0
I2D,D,20170810,000000,13.4,14.326,13.4,13.881,9765,0
I2D,D,20170811,000000,13.844,13.844,13.807,13.807,21936,0
I2D,D,20170814,000000,14.344,15.205,13.511,13.511,1864,0
I2D,D,20170816,000000,14.252,14.252,13.419,13.696,3258,0
I2D,D,20170817,000000,13.335,13.511,13.234,13.511,5000,0
I2D,D,20170818,000000,13.15,13.511,13.058,13.511,5390,0
I2D,D,20170823,000000,13.511,13.604,13.511,13.604,305,0
I2D,D,20170824,000000,13.696,13.696,13.65,13.696,1621,0
I2D,D,20170825,000000,13.696,14.057,13.511,14.057,4407,0
I2D,D,20170828,000000,14.011,14.02,13.197,14.02,521,0
I2D,D,20170829,000000,13.206,13.881,13.206,13.872,1005,0
I2D,D,20170830,000000,13.835,13.835,13.835,13.835,108,0
I2D,D,20170831,000000,13.835,14.113,13.835,14.113,846,0
I2D,D,20170901,000000,13.881,13.881,13.613,13.613,899,0
I2D,D,20170904,000000,13.613,13.789,13.557,13.696,7701,0
I2D,D,20170907,000000,13.789,13.789,13.511,13.511,864,0
I2D,D,20170908,000000,13.511,13.863,13.372,13.372,18406,0
I2D,D,20170911,000000,13.326,13.789,13.326,13.789,413,0
I2D,D,20170912,000000,13.78,13.789,13.78,13.789,162,0
I2D,D,20170915,000000,13.761,13.789,13.761,13.789,818,0
I2D,D,20170919,000000,13.15,13.15,13.15,13.15,108,0
I2D,D,20170925,000000,13.15,13.15,13.15,13.15,124,0
I2D,D,20170926,000000,13.604,13.743,13.604,13.743,319,0
I2D,D,20170929,000000,13.743,13.743,13.743,13.743,32,0
I2D,D,20171004,000000,13.65,13.696,13.65,13.696,965,0
I2D,D,20171005,000000,13.058,13.058,13.058,13.058,270,0
I2D,D,20171006,000000,13.641,13.696,13.641,13.696,1237,0
I2D,D,20171010,000000,13.687,13.687,13.687,13.687,216,0
I2D,D,20171012,000000,13.28,13.28,13.243,13.243,1025,0
I2D,D,20171013,000000,13.141,13.15,13.104,13.15,251,0
I2D,D,20171016,000000,13.169,13.169,13.16,13.16,1869,0
I2D,D,20171017,000000,13.002,13.002,12.956,12.956,1988,0
I2D,D,20171018,000000,12.956,12.956,12.956,12.956,97,0
I2D,D,20171019,000000,12.956,12.956,12.845,12.956,10000,0
I2D,D,20171020,000000,12.956,12.956,12.863,12.956,579,0
I2D,D,20171023,000000,12.845,12.845,12.817,12.817,810,0
I2D,D,20171024,000000,12.539,12.539,11.568,12.04,3069,0
I2D,D,20171025,000000,12.031,12.031,11.753,12.031,1098,0
I2D,D,20171026,000000,12.031,12.031,12.031,12.031,72,0
I2D,D,20171027,000000,12.29,12.29,12.29,12.29,86,0
I2D,D,20171030,000000,12.29,12.29,12.29,12.29,203,0
I2D,D,20171102,000000,12.123,12.123,11.568,11.845,1064,0
I2D,D,20171106,000000,11.568,11.568,11.568,11.568,36,0
I2D,D,20171107,000000,11.66,11.66,11.66,11.66,72,0
I2D,D,20171108,000000,11.66,11.707,11.66,11.707,165,0
I2D,D,20171109,000000,11.707,11.707,11.707,11.707,98,0
I2D,D,20171114,000000,11.475,11.475,11.29,11.383,776,0
I2D,D,20171116,000000,11.522,11.522,11.522,11.522,28,0
I2D,D,20171117,000000,11.013,11.29,11.013,11.29,303,0
I2D,D,20171120,000000,11.04,11.04,11.04,11.04,54,0
I2D,D,20171121,000000,11.05,11.05,10.837,10.837,3226,0
I2D,D,20171122,000000,11.068,11.077,11.068,11.077,216,0
I2D,D,20171124,000000,11.096,11.096,10.652,11.096,483,0
I2D,D,20171127,000000,11.096,11.096,11.096,11.096,432,0
I2D,D,20171128,000000,11.096,11.151,11.096,11.151,6375,0
I2D,D,20171129,000000,10.735,11.059,10.559,10.559,1260,0
I2D,D,20171201,000000,10.467,10.467,10.467,10.467,81,0
I2D,D,20171205,000000,10.457,10.485,10.457,10.485,5727,0
I2D,D,20171206,000000,10.513,10.911,10.513,10.772,900,0
I2D,D,20171208,000000,10.735,10.735,10.457,10.457,1095,0
I2D,D,20171211,000000,10.642,10.781,10.291,10.291,7054,0
I2D,D,20171212,000000,10.291,10.735,10.291,10.735,161,0
I2D,D,20171215,000000,10.365,10.726,10.291,10.726,310,0
I2D,D,20171219,000000,10.531,10.531,10.531,10.531,270,0
I2D,D,20171220,000000,10.457,10.522,10.42,10.522,6505,0
I2D,D,20171221,000000,10.522,11.244,10.522,11.244,3174,0
I2D,D,20171222,000000,11.244,11.244,11.244,11.244,11249,0
I2D,D,20171227,000000,11.114,11.225,10.92,10.92,1364,0
I2D,D,20171229,000000,11.244,11.41,11.244,11.41,259,0
I2D,D,20180103,000000,11.429,11.614,11.429,11.614,1485,0
I2D,D,20180104,000000,11.707,11.938,11.707,11.938,913,0
I2D,D,20180105,000000,12.031,12.863,12.031,12.863,1492,0
I2D,D,20180108,000000,12.863,13.048,12.863,13.048,1444,0
I2D,D,20180109,000000,13.465,13.557,13.141,13.141,2305,0
I2D,D,20180110,000000,13.465,13.465,13.326,13.326,465,0
I2D,D,20180111,000000,13.511,13.789,13.511,13.789,923,0
I2D,D,20180112,000000,13.789,13.881,13.789,13.881,161,0
I2D,D,20180115,000000,14.066,15.084,14.02,14.899,73391,0
I2D,D,20180116,000000,14.853,15.038,14.853,15.038,6628,0
I2D,D,20180117,000000,15.084,15.131,14.807,15.131,910,0
I2D,D,20180118,000000,15.131,15.177,15.131,15.131,184,0
I2D,D,20180119,000000,14.992,15.964,14.946,15.917,4122,0
I2D,D,20180122,000000,15.732,15.732,15.732,15.732,38,0
I2D,D,20180123,000000,15.732,15.732,15.732,15.732,344,0
I2D,D,20180124,000000,15.732,15.732,15.732,15.732,1081,0
I2D,D,20180125,000000,15.362,15.408,15.269,15.269,1329,0
I2D,D,20180126,000000,15.084,15.084,14.714,15.038,2146,0
I2D,D,20180129,000000,14.714,14.714,14.714,14.714,533,0
I2D,D,20180130,000000,14.529,14.714,14.483,14.483,791,0
I2D,D,20180131,000000,14.437,14.483,14.159,14.159,1139,0
I2D,D,20180201,000000,14.205,14.205,14.205,14.205,702,0
I2D,D,20180202,000000,14.205,15.038,14.205,14.622,2251,0
I2D,D,20180205,000000,14.437,14.714,14.159,14.714,12803,0
I2D,D,20180206,000000,14.344,14.483,13.928,14.483,839,0
I2D,D,20180207,000000,13.974,14.113,13.881,14.113,826,0
I2D,D,20180208,000000,13.974,14.529,13.974,14.529,13254,0
I2D,D,20180209,000000,14.575,14.575,14.575,14.575,1674,0
I2D,D,20180213,000000,14.575,14.575,14.529,14.529,77,0
I2D,D,20180214,000000,14.529,14.714,14.066,14.344,50309,0
I2D,D,20180215,000000,14.529,14.668,14.529,14.668,21623,0
I2D,D,20180219,000000,14.529,14.529,14.529,14.529,432,0
I2D,D,20180220,000000,14.344,14.714,14.344,14.714,91877,0
I2D,D,20180221,000000,14.807,14.992,14.807,14.992,12513,0
I2D,D,20180222,000000,14.946,14.992,14.714,14.992,72401,0
I2D,D,20180223,000000,14.575,15.686,14.575,14.668,42447,0
I2D,D,20180226,000000,15.177,15.177,14.807,14.807,4774,0
I2D,D,20180227,000000,15.038,15.455,14.946,15.131,5936,0
I2D,D,20180228,000000,15.177,15.177,14.899,14.899,1418,0
I2D,D,20180301,000000,15.269,15.362,15.269,15.362,2232,0
I2D,D,20180302,000000,15.501,15.501,15.084,15.084,3404,0
I2D,D,20180305,000000,15.316,15.316,15.084,15.269,5322,0
I2D,D,20180306,000000,14.946,14.946,14.714,14.807,6167,0
I2D,D,20180307,000000,14.992,15.501,14.992,15.501,5997,0
I2D,D,20180308,000000,15.455,15.501,14.668,14.992,10564,0
I2D,D,20180309,000000,15.362,15.593,15.362,15.593,4833,0
I2D,D,20180312,000000,15.316,15.917,15.316,15.825,8756,0
I2D,D,20180313,000000,15.316,15.547,14.622,15.269,9894,0
I2D,D,20180314,000000,15.593,15.593,14.714,14.714,25065,0
I2D,D,20180315,000000,14.807,15.455,14.807,15.455,5130,0
I2D,D,20180316,000000,15.131,16.287,15.131,16.287,7750,0
I2D,D,20180319,000000,16.195,17.583,16.01,17.167,9133,0
I2D,D,20180320,000000,17.444,17.444,17.444,17.444,133,0
I2D,D,20180321,000000,16.843,16.843,16.473,16.473,508,0
I2D,D,20180322,000000,16.658,17.12,16.658,16.658,24488,0
I2D,D,20180323,000000,16.658,16.658,16.658,16.658,1081,0
I2D,D,20180326,000000,16.519,17.398,16.519,17.213,1331,0
I2D,D,20180327,000000,16.889,17.12,16.843,17.12,4193,0
I2D,D,20180328,000000,16.843,16.935,16.658,16.843,11948,0
I2D,D,20180329,000000,16.843,16.843,16.843,16.843,3388,0
I2D,D,20180403,000000,16.843,16.843,16.843,16.843,5943,0
I2D,D,20180404,000000,16.889,16.889,16.843,16.843,12103,0
I2D,D,20180405,000000,16.843,16.843,16.611,16.611,1977,0
I2D,D,20180406,000000,16.565,16.658,16.519,16.658,1739,0
I2D,D,20180409,000000,16.658,16.658,16.658,16.658,761,0
I2D,D,20180410,000000,16.473,16.473,16.195,16.473,7337,0
I2D,D,20180411,000000,16.287,16.287,16.102,16.287,735,0
I2D,D,20180412,000000,16.195,16.658,16.01,16.658,2966,0
I2D,D,20180413,000000,16.565,16.565,16.195,16.565,1701,0
I2D,D,20180416,000000,16.565,16.565,16.565,16.565,11,0
I2D,D,20180417,000000,16.473,16.473,16.473,16.473,18370,0
I2D,D,20180418,000000,16.287,16.473,16.195,16.473,541,0
I2D,D,20180419,000000,16.38,16.38,16.38,16.38,1162,0
I2D,D,20180420,000000,16.241,16.241,16.01,16.01,1164,0
I2D,D,20180423,000000,16.195,16.473,16.195,16.241,9178,0
I2D,D,20180424,000000,16.241,16.241,15.732,15.732,1508,0
I2D,D,20180425,000000,16.102,16.102,16.01,16.01,4013,0
I2D,D,20180427,000000,16.01,16.01,16.01,16.01,108,0
I2D,D,20180430,000000,16.195,16.195,15.917,16.195,8714,0
I2D,D,20180502,000000,16.195,16.195,16.195,16.195,896,0
I2D,D,20180504,000000,15.917,16.38,15.917,16.38,258,0
I2D,D,20180507,000000,16.102,16.102,16.102,16.102,63,0
I2D,D,20180508,000000,15.917,16.287,15.917,16.287,1568,0
I2D,D,20180509,000000,16.195,16.195,16.195,16.195,1082,0
I2D,D,20180510,000000,16.102,16.195,16.102,16.195,1296,0
I2D,D,20180511,000000,16.102,16.195,16.102,16.195,1091,0
I2D,D,20180514,000000,16.102,16.102,15.917,15.917,1515,0
I2D,D,20180515,000000,16.195,16.195,16.195,16.195,20837,0
I2D,D,20180516,000000,16.195,16.195,16.195,16.195,308,0
I2D,D,20180518,000000,16.195,16.38,15.732,15.732,4182,0
I2D,D,20180521,000000,15.64,15.64,15.084,15.084,1005,0
I2D,D,20180522,000000,14.807,14.807,14.437,14.437,11867,0
I2D,D,20180523,000000,14.622,15.269,14.622,15.177,1986,0
I2D,D,20180524,000000,15.223,16.658,15.223,16.658,9086,0
I2D,D,20180525,000000,16.01,16.01,16.01,16.01,594,0
I2D,D,20180528,000000,15.177,15.177,15.177,15.177,88,0
I2D,D,20180529,000000,15.177,15.177,15.177,15.177,864,0
I2D,D,20180530,000000,14.899,15.547,14.899,15.547,23,0
I2D,D,20180601,000000,14.899,15.547,14.899,15.547,63,0
I2D,D,20180605,000000,15.547,15.547,15.547,15.547,5358,0
I2D,D,20180607,000000,15.547,15.547,15.547,15.547,32147,0
I2D,D,20180608,000000,15.038,15.732,15.038,15.732,83,0
I2D,D,20180611,000000,15.732,15.732,15.732,15.732,106,0
I2D,D,20180615,000000,15.547,15.547,15.038,15.038,306,0
I2D,D,20180618,000000,14.992,15.038,14.807,14.807,3548,0
I2D,D,20180619,000000,13.372,14.252,13.372,14.252,3129,0
I2D,D,20180622,000000,14.344,14.344,14.298,14.298,27,0
I2D,D,20180625,000000,14.714,14.714,14.714,14.714,103,0
I2D,D,20180627,000000,14.298,14.298,14.298,14.298,3,0
I2D,D,20180628,000000,14.668,15.177,14.668,15.177,2161,0
I2D,D,20180702,000000,14.992,14.992,14.992,14.992,108,0
I2D,D,20180705,000000,15.177,15.732,15.177,15.732,4242,0
I2D,D,20180709,000000,15.732,15.732,15.732,15.732,907,0
I2D,D,20180711,000000,15.917,16.102,15.917,16.102,220,0
I2D,D,20180712,000000,16.102,16.658,16.01,16.01,14374,0
I2D,D,20180719,000000,16.01,16.01,16.01,16.01,167,0
I2D,D,20180724,000000,15.64,15.64,15.64,15.64,68,0
I2D,D,20180725,000000,15.362,15.362,15.084,15.084,1021,0
I2D,D,20180726,000000,14.899,15.455,14.899,15.455,1082,0
I2D,D,20180727,000000,14.807,14.807,14.622,14.807,1531,0
I2D,D,20180730,000000,14.899,14.899,14.807,14.807,1199,0
I2D,D,20180731,000000,14.622,14.992,14.622,14.992,525,0
I2D,D,20180801,000000,15.177,15.177,14.807,14.807,2301,0
I2D,D,20180802,000000,14.807,14.807,14.807,14.807,1102,0
I2D,D,20180803,000000,15.084,15.177,14.807,14.807,1945,0
I2D,D,20180806,000000,15.269,15.269,14.992,14.992,1081,0
I2D,D,20180807,000000,14.992,14.992,14.807,14.807,1084,0
I2D,D,20180808,000000,14.807,14.807,14.807,14.807,228,0
I2D,D,20180809,000000,14.714,14.714,14.344,14.529,3058,0
I2D,D,20180810,000000,14.437,14.437,14.344,14.437,2669,0
I2D,D,20180813,000000,14.344,14.344,14.159,14.252,4366,0
I2D,D,20180814,000000,14.437,14.437,14.437,14.437,6,0
I2D,D,20180816,000000,14.066,14.344,13.789,13.881,2972,0
I2D,D,20180817,000000,13.696,13.696,12.956,12.956,14818,0
I2D,D,20180820,000000,12.956,12.956,12.956,12.956,153,0
I2D,D,20180821,000000,14.02,14.02,14.02,14.02,32,0
I2D,D,20180822,000000,13.419,13.419,13.419,13.419,1959,0
I2D,D,20180827,000000,13.465,13.465,13.465,13.465,162,0
I2D,D,20180828,000000,13.511,13.743,13.511,13.743,283,0
I2D,D,20180829,000000,13.835,13.881,13.234,13.234,2161,0
I2D,D,20180830,000000,13.604,13.881,13.234,13.881,939,0
I2D,D,20180831,000000,13.835,14.02,13.743,14.02,367,0
I2D,D,20180903,000000,14.02,14.066,13.789,13.789,1734,0
I2D,D,20180904,000000,13.789,14.066,13.65,13.881,3032,0
I2D,D,20180905,000000,13.835,14.159,13.604,13.881,7795,0
I2D,D,20180906,000000,14.437,14.437,13.419,13.65,9045,0
I2D,D,20180907,000000,14.5,15.95,14,14,3419,0
I2D,D,20180910,000000,14,14,14,14,337,0
I2D,D,20180911,000000,13.5,13.5,12.5,12.5,1459,0
I2D,D,20180912,000000,13.7,13.7,12.5,13.7,94,0
I2D,D,20180913,000000,14,15.4,13.5,14.5,7787,0
I2D,D,20180914,000000,13.05,13.05,13.05,13.05,103,0
I2D,D,20180917,000000,13.1,13.1,13.1,13.1,17,0
I2D,D,20180918,000000,13.1,13.9,13.1,13.9,238,0
I2D,D,20180920,000000,13.05,13.05,13.05,13.05,400,0
I2D,D,20180924,000000,14,14,13.05,13.05,26,0
I2D,D,20180925,000000,13.05,13.05,13.05,13.05,140,0
I2D,D,20180928,000000,13.05,13.05,13.05,13.05,164,0
I2D,D,20181001,000000,14,14,14,14,125,0
I2D,D,20181002,000000,13.1,13.1,13.1,13.1,60,0
I2D,D,20181003,000000,13.15,13.15,13.1,13.1,1130,0
I2D,D,20181004,000000,13.1,13.1,13.1,13.1,460,0
I2D,D,20181008,000000,13,13,13,13,377,0
I2D,D,20181009,000000,13,13,13,13,1,0
I2D,D,20181011,000000,11.15,11.15,11.15,11.15,330,0
I2D,D,20181015,000000,12.25,12.25,12.25,12.25,100,0
I2D,D,20181022,000000,12.25,12.25,12.25,12.25,100,0
I2D,D,20181023,000000,12.25,12.25,12.25,12.25,1439,0
I2D,D,20181024,000000,11.3,11.3,11.3,11.3,30,0
I2D,D,20181025,000000,11.3,11.3,11.3,11.3,128,0
I2D,D,20181029,000000,11.3,11.3,11.3,11.3,100,0
I2D,D,20181031,000000,11.3,11.3,11.3,11.3,340,0
I2D,D,20181102,000000,11.3,11.3,11.3,11.3,171,0
I2D,D,20181106,000000,11.3,11.3,11.3,11.3,10,0
I2D,D,20181113,000000,11.3,11.3,11.3,11.3,500,0
I2D,D,20181115,000000,11.3,11.3,11.3,11.3,11,0
I2D,D,20181205,000000,11.2,11.2,11.2,11.2,100,0
I2D,D,20181206,000000,11.2,11.2,11.2,11.2,192,0
I2D,D,20181212,000000,11,11,11,11,409,0
I2D,D,20181213,000000,9.9,9.9,9.9,9.9,2481,0
I2D,D,20181214,000000,9.9,9.9,9.9,9.9,95,0
I2D,D,20181217,000000,9.9,9.9,9.9,9.9,119,0
I2D,D,20181218,000000,8.7,9,8.7,9,187,0
I2D,D,20181219,000000,9,9,9,9,421,0
I2D,D,20181221,000000,8.9,8.9,8.9,8.9,500,0
I2D,D,20181228,000000,8.98,8.98,8.98,8.98,24,0
I2D,D,20190104,000000,11,11,11,11,50,0
I2D,D,20190114,000000,10,10,10,10,659,0
I2D,D,20190116,000000,10.8,10.8,10.8,10.8,1700,0
I2D,D,20190117,000000,10.9,11,10.9,11,39597,0
I2D,D,20190118,000000,11,11,11,11,800,0
I2D,D,20190122,000000,10.6,10.6,10.6,10.6,384,0
I2D,D,20190125,000000,11.05,11.05,11.05,11.05,90,0
I2D,D,20190130,000000,11.05,11.05,11.05,11.05,10,0
I2D,D,20190131,000000,11,11,11,11,769,0
I2D,D,20190211,000000,11,11,11,11,13,0
I2D,D,20190212,000000,11,11,11,11,309,0
I2D,D,20190213,000000,10.9,10.9,10.9,10.9,101,0
I2D,D,20190214,000000,10.9,10.9,10.9,10.9,126,0
I2D,D,20190221,000000,10.75,10.75,10.75,10.75,89,0
I2D,D,20190222,000000,10.75,10.75,10.75,10.75,108,0
I2D,D,20190301,000000,12,12,12,12,1,0
I2D,D,20190304,000000,12.9,12.9,12.9,12.9,1,0
I2D,D,20190313,000000,12.8,12.8,12.8,12.8,100,0
I2D,D,20190319,000000,10.9,10.9,10.9,10.9,101,0
I2D,D,20190328,000000,11,11.4,11,11.4,244,0
I2D,D,20190329,000000,11.9,11.9,11.9,11.9,922,0
I2D,D,20190401,000000,12.8,12.8,12.8,12.8,1,0
I2D,D,20190402,000000,11.4,11.4,11.4,11.4,410,0
I2D,D,20190403,000000,11.5,11.5,11.5,11.5,355,0
I2D,D,20190404,000000,12.6,12.6,12.3,12.3,200,0
I2D,D,20190405,000000,12.2,12.2,12.2,12.2,200,0
I2D,D,20190409,000000,11.5,11.5,11.5,11.5,499,0
I2D,D,20190410,000000,12.5,12.5,12.5,12.5,1,0
I2D,D,20190412,000000,11.5,12.4,11.5,12.4,121,0
I2D,D,20190415,000000,11.5,11.5,11.5,11.5,310,0
I2D,D,20190416,000000,12,12,12,12,1,0
I2D,D,20190417,000000,11.5,11.5,11.5,11.5,16232,0
I2D,D,20190418,000000,11.5,11.5,11.5,11.5,236,0
I2D,D,20190423,000000,11,11,11,11,59,0
I2D,D,20190424,000000,11,11,11,11,221,0
I2D,D,20190429,000000,11.9,11.9,11.9,11.9,100,0
I2D,D,20190430,000000,11,11,10.9,10.9,754,0
I2D,D,20190508,000000,11.4,11.4,11.4,11.4,90,0
I2D,D,20190509,000000,11.7,11.7,11.5,11.5,260,0
I2D,D,20190510,000000,11.3,11.3,11,11,120,0
I2D,D,20190513,000000,11,11,11,11,100,0
I2D,D,20190514,000000,11,11,11,11,12,0
I2D,D,20190515,000000,11,11,11,11,78,0
I2D,D,20190516,000000,11,11,10.7,10.7,61,0
I2D,D,20190517,000000,10.5,10.5,10.5,10.5,186,0
I2D,D,20190520,000000,10.5,10.5,10.3,10.3,5019,0
I2D,D,20190521,000000,9.85,9.85,9.5,9.5,1685,0
I2D,D,20190522,000000,8.95,8.95,8.95,8.95,2583,0
I2D,D,20190523,000000,8.95,8.95,8.95,8.95,9594,0
I2D,D,20190524,000000,9,9,8.95,8.95,35,0
I2D,D,20190527,000000,8.9,8.9,8.85,8.85,869,0
I2D,D,20190528,000000,8.5,8.5,7.5,7.5,1604,0
I2D,D,20190529,000000,7.15,7.15,7.15,7.15,1081,0
I2D,D,20190530,000000,7.15,7.15,7.15,7.15,300,0
I2D,D,20190531,000000,7.1,7.1,7.05,7.05,325,0
I2D,D,20190603,000000,7,7,7,7,2611,0
I2D,D,20190604,000000,6.95,6.95,6.95,6.95,5580,0
I2D,D,20190605,000000,6.95,6.95,6.9,6.9,5964,0
I2D,D,20190606,000000,6.9,6.95,6.9,6.95,90,0
I2D,D,20190607,000000,7,7,6.9,6.9,1119,0
I2D,D,20190610,000000,7,7,6.95,6.95,12283,0
I2D,D,20190611,000000,6.95,6.95,6.8,6.8,2616,0
I2D,D,20190612,000000,6.8,6.8,6.8,6.8,50,0
I2D,D,20190613,000000,6.8,6.8,6.8,6.8,34,0
I2D,D,20190614,000000,6.8,6.8,6.8,6.8,8,0
I2D,D,20190617,000000,6.9,6.9,6.5,6.5,128,0
I2D,D,20190618,000000,6.9,6.9,6.9,6.9,2,0
I2D,D,20190619,000000,6.9,7.8,6.8,7.8,10829,0
I2D,D,20190621,000000,7.8,8.15,7.75,8.15,26093,0
I2D,D,20190624,000000,8.35,8.35,7.3,7.3,4724,0
I2D,D,20190625,000000,7.2,7.2,6.8,6.8,1950,0
I2D,D,20190626,000000,6.85,6.85,6.8,6.8,1200,0
I2D,D,20190627,000000,6.8,6.8,6.8,6.8,5440,0
I2D,D,20190628,000000,6.90,7.40,6.65,6.90,9489,0
I2D,D,20190701,000000,6.9,6.9,6.9,6.9,5,0
I2D,D,20190703,000000,7.2,7.2,6.55,6.55,505,0
I2D,D,20190704,000000,6.6,6.6,6.6,6.6,25,0
I2D,D,20190708,000000,6.6,6.7,6.6,6.6,158,0
I2D,D,20190709,000000,6.7,6.7,6.45,6.45,1618,0
I2D,D,20190710,000000,6.45,6.45,6.45,6.45,157,0
I2D,D,20190715,000000,6.45,6.45,6.45,6.45,313,0
I2D,D,20190716,000000,6.4,6.85,6.35,6.85,4325,0
I2D,D,20190717,000000,7.05,7.05,6.55,6.8,15819,0
I2D,D,20190718,000000,6.8,6.8,6.35,6.8,12491,0
I2D,D,20190719,000000,6.95,6.95,6.95,6.95,1777,0
I2D,D,20190722,000000,6.95,6.95,6.95,6.95,722,0
I2D,D,20190723,000000,6.95,6.95,6.95,6.95,514,0
I2D,D,20190724,000000,6.95,7,6.95,7,1714,0
I2D,D,20190725,000000,7,7.05,6.8,6.8,1111,0
I2D,D,20190726,000000,7.15,7.15,7.15,7.15,499,0
I2D,D,20190729,000000,7.15,7.15,6.7,6.7,4185,0
I2D,D,20190730,000000,6.8,6.8,6.8,6.8,1455,0
I2D,D,20190731,000000,6.8,6.8,6.8,6.8,3,0
I2D,D,20190801,000000,6.9,6.9,6.85,6.9,13,0
I2D,D,20190802,000000,6.9,7.5,6.9,7.5,30,0
I2D,D,20190805,000000,7.5,7.5,7.5,7.5,5,0
I2D,D,20190806,000000,6.9,7.15,6.55,6.55,2874,0
I2D,D,20190807,000000,6.55,6.55,6.55,6.55,588,0
I2D,D,20190808,000000,6.5,6.5,6.5,6.5,10,0
I2D,D,20190809,000000,6.5,6.5,6.5,6.5,74,0
I2D,D,20190812,000000,6.8,6.8,6.65,6.65,30,0
I2D,D,20190813,000000,6.65,6.65,6.65,6.65,162,0
I2D,D,20190819,000000,6.75,6.75,6.6,6.6,8,0
I2D,D,20190820,000000,6.6,6.6,6.6,6.6,5,0
I2D,D,20190821,000000,6.6,6.6,6.6,6.6,2,0
I2D,D,20190822,000000,6.6,6.6,6.6,6.6,5,0
I2D,D,20190823,000000,6.6,6.6,6.35,6.35,142,0
I2D,D,20190826,000000,6.45,6.65,6.45,6.65,429,0
I2D,D,20190828,000000,6.5,6.5,6.5,6.5,35,0
I2D,D,20190829,000000,6.5,6.5,6.5,6.5,45,0
I2D,D,20190903,000000,6.5,6.5,6.5,6.5,2,0
I2D,D,20190904,000000,6.6,6.6,6.6,6.6,5,0
I2D,D,20190905,000000,6.5,6.5,6.5,6.5,5,0
I2D,D,20190906,000000,6.45,6.45,5.85,6.1,4901,0
I2D,D,20190910,000000,6,6,6,6,95,0
I2D,D,20190911,000000,6,6.05,6,6.05,315,0
I2D,D,20190912,000000,6.1,6.1,6.1,6.1,425,0
I2D,D,20190918,000000,6.4,6.8,6.1,6.7,15180,0
I2D,D,20190919,000000,6.75,6.8,6.75,6.75,25936,0
I2D,D,20190920,000000,6.75,7.3,6.75,7.1,21396,0
I2D,D,20190923,000000,7.3,7.3,6.7,6.95,1527,0
I2D,D,20190924,000000,6.9,6.95,6.9,6.9,30862,0
I2D,D,20190925,000000,6.95,7.6,6.8,7,18336,0
I2D,D,20190926,000000,7.4,8,7.4,8,1252,0
I2D,D,20190927,000000,8.9,9.55,8.9,9.35,1883,0
I2D,D,20190930,000000,9.8,10.3,9.8,10.3,368,0
I2D,D,20191001,000000,10.4,10.4,10.2,10.2,4650,0
I2D,D,20191002,000000,10.4,10.4,10.1,10.1,3472,0
I2D,D,20191003,000000,10.4,10.4,10.4,10.4,15,0
I2D,D,20191004,000000,10.4,11.1,10.4,10.9,7992,0
I2D,D,20191007,000000,11.2,11.2,10.4,10.4,5386,0
I2D,D,20191008,000000,10.3,10.3,10.3,10.3,1817,0
I2D,D,20191009,000000,10.3,10.3,10.3,10.3,219,0
I2D,D,20191010,000000,10.3,10.3,10.1,10.1,10982,0
I2D,D,20191011,000000,10,10,9.85,9.85,1897,0
I2D,D,20191014,000000,9.9,10,9.9,10,1960,0
I2D,D,20191015,000000,9.9,11.7,9.9,10.3,9922,0
I2D,D,20191017,000000,10.4,10.4,10.4,10.4,5,0
I2D,D,20191018,000000,10.4,10.4,10,10,726,0
I2D,D,20191021,000000,10,10,10,10,850,0
I2D,D,20191022,000000,10.4,10.4,9.85,9.85,772,0
I2D,D,20191023,000000,9.85,9.85,9,9,1845,0
I2D,D,20191025,000000,8.85,9,8.6,8.6,1579,0
I2D,D,20191028,000000,8.6,8.6,8.6,8.6,975,0
I2D,D,20191031,000000,8.6,8.6,8.55,8.55,87,0
I2D,D,20191104,000000,8.55,8.55,8.55,8.55,5,0
I2D,D,20191105,000000,8.6,8.6,8.6,8.6,880,0
I2D,D,20191106,000000,8.6,8.6,8.6,8.6,14,0
I2D,D,20191107,000000,8.6,8.9,8.6,8.6,176,0
I2D,D,20191108,000000,8.8,8.8,8.5,8.5,395,0
I2D,D,20191112,000000,8.8,8.8,8.8,8.8,124,0
I2D,D,20191113,000000,8.85,8.9,8.85,8.9,100,0
I2D,D,20191114,000000,8.85,8.85,8,8,3692,0
I2D,D,20191118,000000,8,8,7.9,8,9153,0
I2D,D,20191119,000000,8,8,7.9,8,6132,0
I2D,D,20191120,000000,8,10,8,9.3,5898,0
I2D,D,20191121,000000,9.35,9.85,9,9,24401,0
I2D,D,20191122,000000,9,9,9,9,38,0
I2D,D,20191125,000000,9,9.5,9,9.4,4165,0
I2D,D,20191126,000000,9.4,9.45,9.4,9.45,20,0
I2D,D,20191128,000000,9.4,10,9,9.4,8380,0
I2D,D,20191129,000000,9.4,9.5,8.8,8.8,6993,0
I2D,D,20191202,000000,8.7,9.1,8.7,9,2285,0
I2D,D,20191203,000000,8.9,9.1,8.9,9.1,77,0
I2D,D,20191204,000000,9,9.05,8.9,8.9,6704,0
I2D,D,20191205,000000,8.8,9.05,8.8,9.05,837,0
I2D,D,20191206,000000,9.05,9.4,9.05,9.4,88,0
I2D,D,20191209,000000,9.4,9.45,9.05,9.05,4238,0
I2D,D,20191211,000000,8.9,8.9,8.9,8.9,15,0
I2D,D,20191212,000000,8.9,9.05,8.9,9.05,833,0
I2D,D,20191213,000000,9.5,9.5,9.05,9.05,2585,0
I2D,D,20191217,000000,9.05,9.05,8.7,8.7,560,0
I2D,D,20191218,000000,8.8,9,8.8,9,13405,0
I2D,D,20191219,000000,9.05,9.05,9.05,9.05,5,0
I2D,D,20191220,000000,9.05,9.05,9.05,9.05,5,0
I2D,D,20191223,000000,9.05,9.05,8.7,8.95,8900,0
I2D,D,20191227,000000,9.5,9.5,9.5,9.5,5,0
I2D,D,20191230,000000,9.05,9.05,9.05,9.05,619,0
I2D,D,20200102,000000,8.65,8.95,8.65,8.95,332,0
I2D,D,20200103,000000,8.95,8.95,8.6,8.6,444,0
I2D,D,20200107,000000,8.95,8.95,8.95,8.95,5,0
I2D,D,20200108,000000,8.95,8.95,8.2,8.2,2953,0
I2D,D,20200109,000000,8.5,8.5,8.5,8.5,22,0
I2D,D,20200110,000000,8.5,8.5,7.9,7.9,23,0
I2D,D,20200113,000000,7.9,7.9,7.9,7.9,16,0
I2D,D,20200114,000000,7.9,7.9,7.9,7.9,19,0
I2D,D,20200115,000000,7.9,7.9,7.9,7.9,142,0
I2D,D,20200116,000000,8.15,8.15,8.1,8.1,16,0
I2D,D,20200117,000000,8.15,8.15,8.1,8.1,14,0
I2D,D,20200120,000000,8.15,8.15,8.1,8.1,13,0
I2D,D,20200121,000000,8.15,8.2,8.1,8.2,2001,0
I2D,D,20200122,000000,8.5,8.5,8.45,8.5,1136,0
I2D,D,20200123,000000,8.5,8.5,8.5,8.5,16,0
I2D,D,20200124,000000,8.5,8.5,8.5,8.5,25,0
I2D,D,20200127,000000,8.5,8.5,8.5,8.5,54,0
I2D,D,20200128,000000,8.5,8.5,8.5,8.5,17,0
I2D,D,20200129,000000,8.5,8.5,8.5,8.5,17,0
I2D,D,20200130,000000,8.5,8.5,8.5,8.5,15,0
I2D,D,20200131,000000,8.5,8.5,8.5,8.5,13,0
I2D,D,20200203,000000,8.5,8.5,8.25,8.25,342,0
I2D,D,20200204,000000,8.5,8.6,8.3,8.6,1590,0
I2D,D,20200205,000000,8.6,8.6,8.6,8.6,111,0
I2D,D,20200206,000000,8.6,9.2,8.5,9.2,3038,0
I2D,D,20200207,000000,9.25,10,8.6,8.6,5050,0
I2D,D,20200210,000000,8.7,9,8.7,9,100,0
I2D,D,20200212,000000,9,9,9,9,16,0
I2D,D,20200220,000000,8.6,8.6,8.6,8.6,122,0
I2D,D,20200221,000000,8.6,8.6,8.6,8.6,13,0
I2D,D,20200224,000000,8.6,8.6,8.6,8.6,13,0
I2D,D,20200225,000000,8.6,8.6,8.2,8.2,1311,0
I2D,D,20200228,000000,8.05,8.05,7.5,7.5,1434,0
I2D,D,20200302,000000,7.5,7.5,7.45,7.45,1400,0
I2D,D,20200303,000000,7.5,7.5,7.5,7.5,233,0
I2D,D,20200304,000000,7.5,7.5,7.5,7.5,35,0
I2D,D,20200305,000000,7.5,7.5,7.5,7.5,21,0
I2D,D,20200310,000000,7.45,7.45,7.15,7.3,192,0
I2D,D,20200313,000000,7,7,7,7,15,0
I2D,D,20200316,000000,7,7,6.6,6.6,1958,0
I2D,D,20200317,000000,6.6,6.6,6.35,6.35,1190,0
I2D,D,20200318,000000,6.05,6.65,6,6.4,49326,0
I2D,D,20200319,000000,6.1,6.6,5.95,6.6,43339,0
I2D,D,20200320,000000,6.7,7.4,6.7,7.4,2899,0
I2D,D,20200323,000000,7.4,7.65,6.95,7.6,13364,0
I2D,D,20200324,000000,7.65,7.7,7.2,7.4,9166,0
I2D,D,20200325,000000,7.45,7.45,7.45,7.45,5,0
I2D,D,20200326,000000,7.5,7.65,7.5,7.65,16,0
I2D,D,20200327,000000,7.6,7.6,7,7.2,20664,0
I2D,D,20200330,000000,7.15,7.15,7.15,7.15,1090,0
I2D,D,20200331,000000,7.1,7.1,6.7,6.7,2900,0
I2D,D,20200401,000000,6.65,6.65,6.6,6.6,1164,0
I2D,D,20200402,000000,6.6,6.6,6.25,6.25,3457,0
I2D,D,20200403,000000,6.2,6.3,5.75,6.2,8029,0
I2D,D,20200406,000000,6.3,6.8,6.3,6.75,5635,0
I2D,D,20200407,000000,6.65,6.9,6.6,6.8,9919,0
I2D,D,20200408,000000,6.85,6.85,6.85,6.85,1100,0
I2D,D,20200409,000000,6.9,8.25,6.9,7.7,24961,0
I2D,D,20200414,000000,7.6,8.3,7.6,8,13319,0
I2D,D,20200415,000000,8,8.3,7.9,7.9,7693,0
I2D,D,20200416,000000,8.05,8.55,8.05,8.55,2358,0
I2D,D,20200417,000000,8.55,8.55,8.1,8.1,1854,0
I2D,D,20200420,000000,8.05,8.75,8.05,8.75,3465,0
I2D,D,20200422,000000,8.75,8.75,8.5,8.5,4511,0
I2D,D,20200424,000000,8.5,8.5,8.15,8.15,926,0
I2D,D,20200427,000000,8.15,8.15,8.15,8.15,1071,0
I2D,D,20200428,000000,8.2,8.2,8.1,8.1,935,0
I2D,D,20200429,000000,8.1,8.1,8.1,8.1,930,0
I2D,D,20200430,000000,8.2,8.4,8.2,8.4,1180,0
I2D,D,20200504,000000,8.75,8.75,8.4,8.4,330,0
I2D,D,20200505,000000,8.75,8.75,8,8,2041,0
I2D,D,20200518,000000,8,8.85,8,8,42825,0
I2D,D,20200519,000000,8,8,8,8,494,0
I2D,D,20200520,000000,8,8,8,8,10,0
I2D,D,20200521,000000,7.95,7.95,7.95,7.95,5,0
I2D,D,20200522,000000,7.95,8.4,7.65,8.4,40838,0
I2D,D,20200525,000000,8.45,8.45,8.45,8.45,2,0
I2D,D,20200526,000000,8.45,8.5,8.35,8.5,673,0
I2D,D,20200528,000000,8.6,9,8.6,9,1075,0
I2D,D,20200529,000000,9,9,8.9,9,277,0
I2D,D,20200601,000000,9,10.5,8.1,9.4,39814,0
I2D,D,20200602,000000,9.45,10,9.1,10,3447,0
I2D,D,20200603,000000,10.5,10.5,9.7,10.1,3318,0
I2D,D,20200604,000000,10.5,10.5,10,10,3295,0
I2D,D,20200605,000000,9.9,9.9,9.9,9.9,10,0
I2D,D,20200608,000000,10,10.5,10,10.5,115,0
I2D,D,20200609,000000,10.5,10.5,10.4,10.4,377,0
I2D,D,20200610,000000,10.5,12,10.4,12,3241,0
I2D,D,20200612,000000,12.8,13,12.5,13,3079,0
I2D,D,20200615,000000,13.8,13.8,12.7,12.7,1070,0
I2D,D,20200616,000000,12.7,12.7,12.4,12.5,5111,0
I2D,D,20200617,000000,12.6,12.6,12,12,3460,0
I2D,D,20200618,000000,12.1,12.1,12.1,12.1,660,0
I2D,D,20200619,000000,12.1,12.1,11.8,11.8,17,0
I2D,D,20200622,000000,12.3,12.3,12.3,12.3,620,0
I2D,D,20200623,000000,12.2,12.2,12,12,605,0
I2D,D,20200624,000000,12,12,11.4,11.4,1275,0
I2D,D,20200625,000000,11.8,12,11.2,11.2,3983,0
I2D,D,20200626,000000,11.5,11.5,11.3,11.3,900,0
I2D,D,20200629,000000,11.1,11.1,10.5,10.5,1418,0
I2D,D,20200630,000000,10.5,10.5,10.5,10.5,402,0
I2D,D,20200701,000000,10.5,10.8,10.5,10.8,215,0
I2D,D,20200702,000000,10.8,10.8,10.8,10.8,5,0
I2D,D,20200703,000000,10.8,10.8,10.8,10.8,5,0
I2D,D,20200706,000000,10.8,10.8,10.8,10.8,2,0
I2D,D,20200707,000000,10.8,10.8,10.8,10.8,11,0
I2D,D,20200708,000000,10.8,10.8,10.7,10.7,11,0
I2D,D,20200709,000000,10.8,11,10.8,11,213,0
I2D,D,20200710,000000,11,12,10.5,12,1121,0
