<TICKER>,<PER>,<DATE>,<TIME>,<OPEN>,<HIGH>,<LOW>,<CLOSE>,<VOL>,<OPENINT>
IBS,D,20091013,000000,940,200000,940,2380,27,0
IBS,D,20091014,000000,2260,3240,2080,3240,22,0
IBS,D,20091015,000000,3260,4000,3260,4000,42,0
IBS,D,20091016,000000,3960,5000,3500,3700,58,0
IBS,D,20091019,000000,3500,3800,3040,3180,17,0
IBS,D,20091020,000000,3100,3100,2580,2700,39,0
IBS,D,20091021,000000,2680,2960,2260,2320,24,0
IBS,D,20091022,000000,2400,3000,2260,2800,73,0
IBS,D,20091023,000000,3040,3040,2500,2500,23,0
IBS,D,20091026,000000,2560,2680,2400,2420,5,0
IBS,D,20091027,000000,2400,2500,2300,2420,6,0
IBS,D,20091028,000000,2340,2340,2200,2200,12,0
IBS,D,20091029,000000,2160,2700,2120,2460,22,0
IBS,D,20091030,000000,2680,2680,2220,2260,9,0
IBS,D,20091102,000000,2320,2520,2260,2340,9,0
IBS,D,20091103,000000,2340,2340,2060,2080,17,0
IBS,D,20091104,000000,2100,2200,1680,1880,20,0
IBS,D,20091105,000000,1860,2080,1800,2060,5,0
IBS,D,20091106,000000,2060,2080,1900,1920,2,0
IBS,D,20091109,000000,1920,1920,1640,1900,3,0
IBS,D,20091110,000000,2100,2100,2100,2100,0,0
IBS,D,20091112,000000,1800,2520,1800,2460,25,0
IBS,D,20091113,000000,2360,2360,2200,2240,1,0
IBS,D,20091116,000000,2220,2300,2020,2240,5,0
IBS,D,20091117,000000,2040,2180,1900,1960,6,0
IBS,D,20091118,000000,2160,2160,2160,2160,0,0
IBS,D,20091119,000000,1920,2080,1900,2080,2,0
IBS,D,20091123,000000,2000,2060,2000,2000,1,0
IBS,D,20091124,000000,1960,2000,1800,1800,8,0
IBS,D,20091125,000000,1880,1880,1700,1860,1,0
IBS,D,20091126,000000,1800,1800,1700,1700,3,0
IBS,D,20091127,000000,1720,1800,1720,1800,1,0
IBS,D,20091130,000000,1720,1720,1520,1720,4,0
IBS,D,20091201,000000,1720,1720,1620,1700,2,0
IBS,D,20091202,000000,1700,1700,1520,1520,3,0
IBS,D,20091203,000000,1520,1700,1520,1700,0,0
IBS,D,20091204,000000,1680,1680,1540,1540,1,0
IBS,D,20091207,000000,1660,1660,1560,1560,2,0
IBS,D,20091208,000000,1560,1560,1560,1560,0,0
IBS,D,20091209,000000,1560,1560,1380,1420,1,0
IBS,D,20091210,000000,1560,1560,1280,1380,2,0
IBS,D,20091211,000000,1400,1640,1380,1480,3,0
IBS,D,20091214,000000,1560,1560,1560,1560,0,0
IBS,D,20091215,000000,1260,1500,1260,1500,1,0
IBS,D,20091217,000000,1420,1600,1420,1500,5,0
IBS,D,20091218,000000,1300,1480,1300,1480,0,0
IBS,D,20091221,000000,1340,1340,1280,1280,0,0
IBS,D,20091222,000000,1440,1440,1300,1440,0,0
IBS,D,20091228,000000,1300,1300,1300,1300,0,0
IBS,D,20091229,000000,1360,1560,1360,1560,1,0
IBS,D,20091230,000000,1580,1700,1580,1600,1,0
IBS,D,20100105,000000,1640,1720,1640,1720,0,0
IBS,D,20100106,000000,1740,1800,1440,1440,1,0
IBS,D,20100107,000000,1720,1720,1720,1720,1,0
IBS,D,20100108,000000,1720,1720,1720,1720,0,0
IBS,D,20100111,000000,1760,1800,1760,1800,0,0
IBS,D,20100113,000000,1700,1700,1700,1700,1,0
IBS,D,20100114,000000,1700,1700,1700,1700,1,0
IBS,D,20100115,000000,1600,1680,1600,1620,2,0
IBS,D,20100118,000000,1400,1580,1400,1580,1,0
IBS,D,20100119,000000,1420,1660,1420,1660,1,0
IBS,D,20100121,000000,1580,1800,1580,1740,10,0
IBS,D,20100122,000000,1520,2440,1520,2180,70,0
IBS,D,20100125,000000,2160,2340,1760,1940,27,0
IBS,D,20100126,000000,1980,2100,1800,2000,4,0
IBS,D,20100127,000000,1980,1980,1720,1900,5,0
IBS,D,20100128,000000,1920,1920,1920,1920,0,0
IBS,D,20100129,000000,1900,1900,1640,1720,8,0
IBS,D,20100201,000000,1760,1840,1680,1800,3,0
IBS,D,20100202,000000,1800,1800,1640,1740,13,0
IBS,D,20100203,000000,1660,1680,1620,1620,6,0
IBS,D,20100204,000000,1660,1740,1520,1620,11,0
IBS,D,20100205,000000,1620,1620,1500,1580,2,0
IBS,D,20100208,000000,1620,1620,1460,1600,1,0
IBS,D,20100209,000000,1560,1600,1480,1560,2,0
IBS,D,20100210,000000,1560,1720,1560,1660,3,0
IBS,D,20100211,000000,1600,1600,1600,1600,0,0
IBS,D,20100212,000000,1620,1640,1620,1640,1,0
IBS,D,20100215,000000,1520,1600,1460,1580,4,0
IBS,D,20100216,000000,1580,1800,1520,1640,11,0
IBS,D,20100217,000000,1680,1920,1680,1920,19,0
IBS,D,20100219,000000,1900,1900,1700,1840,1,0
IBS,D,20100222,000000,1880,1880,1620,1760,4,0
IBS,D,20100223,000000,1520,1800,1520,1800,0,0
IBS,D,20100224,000000,1760,1860,1580,1780,4,0
IBS,D,20100225,000000,1720,1860,1720,1860,2,0
IBS,D,20100226,000000,1760,1860,1760,1860,1,0
IBS,D,20100301,000000,1860,2120,1860,1980,5,0
IBS,D,20100302,000000,1980,1980,1760,1880,5,0
IBS,D,20100303,000000,1760,1760,1600,1720,20,0
IBS,D,20100304,000000,1620,1740,1620,1740,2,0
IBS,D,20100305,000000,1740,1740,1640,1680,2,0
IBS,D,20100308,000000,1640,1640,1620,1620,4,0
IBS,D,20100309,000000,1680,1680,1520,1620,5,0
IBS,D,20100310,000000,1560,1620,1500,1600,9,0
IBS,D,20100311,000000,1600,1680,1560,1680,7,0
IBS,D,20100312,000000,1660,1680,1600,1680,9,0
IBS,D,20100315,000000,1600,1800,1600,1800,11,0
IBS,D,20100316,000000,1800,1940,1800,1920,20,0
IBS,D,20100317,000000,1900,1900,1840,1900,11,0
IBS,D,20100318,000000,1740,1840,1700,1840,9,0
IBS,D,20100319,000000,1700,1920,1700,1900,6,0
IBS,D,20100322,000000,1700,1780,1640,1780,8,0
IBS,D,20100323,000000,1660,1700,1640,1700,6,0
IBS,D,20100324,000000,1620,1680,1620,1680,1,0
IBS,D,20100325,000000,1700,1700,1600,1680,8,0
IBS,D,20100326,000000,1600,1660,1560,1660,3,0
IBS,D,20100329,000000,1680,1680,1600,1600,4,0
IBS,D,20100330,000000,1660,1680,1660,1680,1,0
IBS,D,20100331,000000,1620,1660,1520,1660,4,0
IBS,D,20100401,000000,1520,1600,1520,1600,2,0
IBS,D,20100406,000000,1560,1620,1560,1620,2,0
IBS,D,20100407,000000,1660,1660,1640,1640,0,0
IBS,D,20100408,000000,1640,1640,1640,1640,1,0
IBS,D,20100409,000000,1660,1660,1660,1660,0,0
IBS,D,20100412,000000,1660,1680,1660,1680,2,0
IBS,D,20100413,000000,1620,1680,1540,1540,4,0
IBS,D,20100414,000000,1660,1660,1660,1660,0,0
IBS,D,20100415,000000,1560,1700,1560,1680,5,0
IBS,D,20100420,000000,1540,1680,1540,1680,0,0
IBS,D,20100421,000000,1640,1640,1640,1640,1,0
IBS,D,20100422,000000,1580,1760,1580,1740,2,0
IBS,D,20100423,000000,1600,1740,1600,1740,0,0
IBS,D,20100426,000000,1620,1620,1620,1620,1,0
IBS,D,20100427,000000,1560,1640,1560,1640,0,0
IBS,D,20100428,000000,1640,1640,1640,1640,0,0
IBS,D,20100429,000000,1720,1720,1720,1720,0,0
IBS,D,20100430,000000,1720,1720,1720,1720,0,0
IBS,D,20100505,000000,1580,1700,1580,1700,0,0
IBS,D,20100506,000000,1580,1720,1520,1680,1,0
IBS,D,20100507,000000,1460,1680,1460,1680,0,0
IBS,D,20100512,000000,1560,1680,1560,1680,1,0
IBS,D,20100517,000000,1680,1680,1680,1680,1,0
IBS,D,20100518,000000,1700,1720,1580,1580,1,0
IBS,D,20100519,000000,1580,1640,1280,1280,3,0
IBS,D,20100520,000000,1320,1520,1320,1460,5,0
IBS,D,20100521,000000,1480,1580,1480,1580,1,0
IBS,D,20100524,000000,1480,1640,1480,1640,1,0
IBS,D,20100525,000000,1400,1600,1400,1600,1,0
IBS,D,20100526,000000,1400,1560,1280,1480,16,0
IBS,D,20100527,000000,1300,1460,1280,1380,17,0
IBS,D,20100528,000000,1360,1360,1360,1360,0,0
IBS,D,20100601,000000,1240,1360,1240,1360,0,0
IBS,D,20100604,000000,1240,1300,1240,1300,1,0
IBS,D,20100607,000000,1300,1300,1300,1300,0,0
IBS,D,20100608,000000,1300,1300,1300,1300,1,0
IBS,D,20100609,000000,1340,1340,1300,1320,1,0
IBS,D,20100610,000000,1240,1240,1220,1220,1,0
IBS,D,20100611,000000,1240,1320,1240,1300,3,0
IBS,D,20100615,000000,1240,1320,1240,1320,1,0
IBS,D,20100617,000000,1300,1320,1300,1320,2,0
IBS,D,20100622,000000,1240,1320,1200,1320,1,0
IBS,D,20100623,000000,1280,1300,1280,1300,1,0
IBS,D,20100624,000000,1200,1300,1200,1300,2,0
IBS,D,20100629,000000,1280,1300,1140,1300,1,0
IBS,D,20100630,000000,1280,1280,1160,1260,0,0
IBS,D,20100701,000000,1280,1280,1080,1280,1,0
IBS,D,20100706,000000,1080,1280,1080,1280,1,0
IBS,D,20100709,000000,1200,1280,1200,1280,1,0
IBS,D,20100713,000000,1100,1220,1040,1220,1,0
IBS,D,20100714,000000,1100,1180,1080,1160,2,0
IBS,D,20100715,000000,1060,1160,1060,1160,1,0
IBS,D,20100716,000000,1260,1260,1240,1240,0,0
IBS,D,20100720,000000,1200,1200,1200,1200,0,0
IBS,D,20100723,000000,1200,1200,1040,1160,2,0
IBS,D,20100727,000000,1160,1160,1160,1160,0,0
IBS,D,20100729,000000,1160,1160,1160,1160,1,0
IBS,D,20100802,000000,1020,1180,1020,1180,2,0
IBS,D,20100803,000000,1140,1140,1140,1140,4,0
IBS,D,20100804,000000,1040,1040,1040,1040,1,0
IBS,D,20100805,000000,1100,1160,1100,1160,5,0
IBS,D,20100806,000000,1160,1160,1040,1040,0,0
IBS,D,20100809,000000,1040,1140,1040,1040,2,0
IBS,D,20100811,000000,1040,1040,1040,1040,1,0
IBS,D,20100812,000000,1160,1160,1160,1160,0,0
IBS,D,20100813,000000,1160,1160,1160,1160,0,0
IBS,D,20100817,000000,1100,1100,1100,1100,1,0
IBS,D,20100818,000000,1100,1100,1020,1020,0,0
IBS,D,20100823,000000,1160,1160,1020,1020,0,0
IBS,D,20100825,000000,1020,1020,1020,1020,2,0
IBS,D,20100830,000000,1160,1160,1160,1160,0,0
IBS,D,20100902,000000,1020,1020,1020,1020,0,0
IBS,D,20100903,000000,1040,1040,1040,1040,2,0
IBS,D,20100906,000000,1140,1140,1140,1140,0,0
IBS,D,20100907,000000,1020,1020,1020,1020,2,0
IBS,D,20100908,000000,1140,1160,1140,1160,1,0
IBS,D,20100909,000000,1240,1240,1160,1160,2,0
IBS,D,20100913,000000,1160,1260,1160,1260,2,0
IBS,D,20100915,000000,1160,1160,1160,1160,1,0
IBS,D,20100916,000000,1260,1260,1260,1260,2,0
IBS,D,20100917,000000,1260,1260,1260,1260,2,0
IBS,D,20100921,000000,1280,1280,1280,1280,0,0
IBS,D,20100923,000000,1380,1380,1380,1380,0,0
IBS,D,20100924,000000,1180,1340,1160,1340,1,0
IBS,D,20100927,000000,1340,1340,1340,1340,0,0
IBS,D,20100929,000000,1380,1380,1380,1380,0,0
IBS,D,20100930,000000,1160,1340,1160,1340,0,0
IBS,D,20101001,000000,1260,1260,1260,1260,0,0
IBS,D,20101006,000000,1020,1260,1020,1260,1,0
IBS,D,20101011,000000,1040,1260,1040,1260,2,0
IBS,D,20101015,000000,1240,1240,1240,1240,0,0
IBS,D,20101018,000000,1240,1240,1220,1220,1,0
IBS,D,20101019,000000,1140,1200,1000,1060,5,0
IBS,D,20101020,000000,1060,1120,980,1060,17,0
IBS,D,20101021,000000,1020,1040,980,980,7,0
IBS,D,20101022,000000,1040,1060,1000,1000,3,0
IBS,D,20101026,000000,1060,1060,1040,1040,10,0
IBS,D,20101027,000000,1060,1080,1000,1040,23,0
IBS,D,20101028,000000,1020,1080,1000,1080,7,0
IBS,D,20101029,000000,1080,1080,1020,1080,2,0
IBS,D,20101102,000000,1100,1100,1000,1060,8,0
IBS,D,20101103,000000,1060,1100,1060,1080,16,0
IBS,D,20101104,000000,1100,1100,1000,1040,17,0
IBS,D,20101105,000000,1040,1100,1040,1100,19,0
IBS,D,20101108,000000,1100,1100,1000,1100,8,0
IBS,D,20101109,000000,1080,1100,1040,1100,10,0
IBS,D,20101110,000000,1100,1160,1080,1080,12,0
IBS,D,20101112,000000,1120,1120,1120,1120,2,0
IBS,D,20101115,000000,1140,1200,1080,1200,13,0
IBS,D,20101116,000000,1160,1200,1160,1200,5,0
IBS,D,20101117,000000,1120,1160,1120,1160,2,0
IBS,D,20101118,000000,1180,1300,1180,1280,12,0
IBS,D,20101119,000000,1260,1400,1260,1300,29,0
IBS,D,20101122,000000,1400,1460,1260,1460,27,0
IBS,D,20101123,000000,1440,1480,1240,1340,8,0
IBS,D,20101125,000000,1220,1220,1200,1200,7,0
IBS,D,20101126,000000,1180,1300,1180,1300,7,0
IBS,D,20101129,000000,1240,1240,1220,1220,5,0
IBS,D,20101130,000000,1200,1200,1180,1180,4,0
IBS,D,20101201,000000,1180,1180,1160,1160,2,0
IBS,D,20101202,000000,1220,1260,1140,1260,12,0
IBS,D,20101203,000000,1260,1260,1260,1260,0,0
IBS,D,20101206,000000,1260,1260,1200,1200,0,0
IBS,D,20101207,000000,1200,1200,1180,1200,5,0
IBS,D,20101208,000000,1160,1160,1160,1160,2,0
IBS,D,20101210,000000,1160,1160,1160,1160,1,0
IBS,D,20101213,000000,1160,1160,1160,1160,3,0
IBS,D,20101214,000000,1160,1200,1140,1200,5,0
IBS,D,20101215,000000,1200,1260,1100,1240,28,0
IBS,D,20101216,000000,1280,1500,1280,1340,140,0
IBS,D,20101217,000000,1460,1500,1380,1480,15,0
IBS,D,20101220,000000,1480,1480,1320,1320,0,0
IBS,D,20101221,000000,1480,1500,1480,1500,7,0
IBS,D,20101222,000000,1500,1500,1300,1360,45,0
IBS,D,20101223,000000,1260,1280,1200,1280,24,0
IBS,D,20101228,000000,1240,1240,1180,1200,6,0
IBS,D,20101229,000000,1240,1260,1240,1260,2,0
IBS,D,20110103,000000,1700,1800,1580,1800,331,0
IBS,D,20110104,000000,1920,2300,1740,1740,831,0
IBS,D,20110105,000000,1840,1840,1480,1580,177,0
IBS,D,20110107,000000,1580,1640,1500,1640,103,0
IBS,D,20110110,000000,1540,1560,1480,1520,30,0
IBS,D,20110111,000000,1500,1520,1360,1400,98,0
IBS,D,20110112,000000,1420,1440,1360,1360,42,0
IBS,D,20110113,000000,1360,1400,1320,1360,27,0
IBS,D,20110114,000000,1380,1400,1340,1360,22,0
IBS,D,20110117,000000,1360,1620,1300,1540,143,0
IBS,D,20110118,000000,1540,1780,1380,1480,112,0
IBS,D,20110119,000000,1380,1400,1320,1360,104,0
IBS,D,20110120,000000,1400,1400,1320,1320,25,0
IBS,D,20110121,000000,1380,1400,1340,1340,86,0
IBS,D,20110124,000000,1380,1560,1360,1420,211,0
IBS,D,20110125,000000,1480,1480,1300,1320,87,0
IBS,D,20110126,000000,1380,1380,1280,1340,23,0
IBS,D,20110127,000000,1380,1380,1320,1360,92,0
IBS,D,20110128,000000,1300,1360,1300,1340,82,0
IBS,D,20110131,000000,1380,1380,1320,1340,36,0
IBS,D,20110201,000000,1320,1320,1200,1300,106,0
IBS,D,20110202,000000,1200,1260,1180,1200,21,0
IBS,D,20110203,000000,1200,1240,1160,1160,11,0
IBS,D,20110204,000000,1160,1180,1080,1160,50,0
IBS,D,20110207,000000,1160,1260,1160,1240,13,0
IBS,D,20110208,000000,1220,1220,1140,1180,15,0
IBS,D,20110209,000000,1180,1220,1180,1220,6,0
IBS,D,20110211,000000,1180,1200,1140,1200,18,0
IBS,D,20110214,000000,1120,1200,1120,1200,0,0
IBS,D,20110215,000000,1160,1160,1100,1140,42,0
IBS,D,20110216,000000,1120,1180,1120,1140,10,0
IBS,D,20110217,000000,1140,1140,1100,1100,23,0
IBS,D,20110218,000000,1100,1100,1100,1100,2,0
IBS,D,20110221,000000,1100,1140,1100,1140,7,0
IBS,D,20110222,000000,1100,1220,1100,1160,61,0
IBS,D,20110223,000000,1080,1100,1080,1080,11,0
IBS,D,20110224,000000,1080,1080,1060,1060,10,0
IBS,D,20110225,000000,1100,1120,1100,1120,1,0
IBS,D,20110228,000000,1120,1200,1120,1200,18,0
IBS,D,20110301,000000,1180,1220,1160,1220,14,0
IBS,D,20110302,000000,1200,1200,1160,1180,5,0
IBS,D,20110303,000000,1180,1200,1180,1200,2,0
IBS,D,20110304,000000,1200,1220,1200,1220,5,0
IBS,D,20110307,000000,1180,1280,1160,1220,15,0
IBS,D,20110308,000000,1280,1280,1200,1260,23,0
IBS,D,20110309,000000,1260,1300,1260,1280,11,0
IBS,D,20110311,000000,1200,1280,1180,1180,4,0
IBS,D,20110314,000000,1220,1220,1200,1200,1,0
IBS,D,20110315,000000,1200,1200,1160,1200,15,0
IBS,D,20110316,000000,1200,1200,1160,1180,7,0
IBS,D,20110317,000000,1180,1200,1160,1200,3,0
IBS,D,20110318,000000,1200,1240,1200,1240,8,0
IBS,D,20110321,000000,1240,1240,1220,1220,2,0
IBS,D,20110322,000000,1200,1240,1180,1200,6,0
IBS,D,20110323,000000,1200,1200,1200,1200,0,0
IBS,D,20110324,000000,1200,1220,1200,1200,3,0
IBS,D,20110325,000000,1200,1200,1200,1200,2,0
IBS,D,20110328,000000,1200,1200,1200,1200,5,0
IBS,D,20110330,000000,1200,1220,1180,1220,8,0
IBS,D,20110331,000000,1200,1200,1200,1200,8,0
IBS,D,20110401,000000,1220,1220,1220,1220,2,0
IBS,D,20110404,000000,1240,1240,1240,1240,3,0
IBS,D,20110405,000000,1200,1240,1180,1240,3,0
IBS,D,20110406,000000,1200,1240,1200,1240,5,0
IBS,D,20110407,000000,1180,1200,1180,1200,1,0
IBS,D,20110408,000000,1180,1240,1160,1240,8,0
IBS,D,20110412,000000,1180,1180,1180,1180,2,0
IBS,D,20110413,000000,1200,1200,1180,1200,2,0
IBS,D,20110414,000000,1160,1160,1160,1160,1,0
IBS,D,20110415,000000,1160,1160,1080,1120,36,0
IBS,D,20110418,000000,1160,1160,1120,1120,5,0
IBS,D,20110419,000000,1140,1140,1140,1140,1,0
IBS,D,20110420,000000,1120,1160,1120,1120,7,0
IBS,D,20110421,000000,1140,1160,1120,1120,7,0
IBS,D,20110426,000000,1160,1340,1160,1300,96,0
IBS,D,20110427,000000,1260,1260,1220,1220,9,0
IBS,D,20110428,000000,1220,1220,1180,1200,11,0
IBS,D,20110429,000000,1200,1200,1120,1180,20,0
IBS,D,20110502,000000,1120,1160,1120,1160,14,0
IBS,D,20110504,000000,1120,1120,1080,1080,32,0
IBS,D,20110505,000000,1060,1080,1040,1080,8,0
IBS,D,20110506,000000,1100,1140,1100,1140,6,0
IBS,D,20110510,000000,1100,1200,1100,1120,10,0
IBS,D,20110511,000000,1160,1180,1160,1180,4,0
IBS,D,20110512,000000,1140,1140,1120,1120,4,0
IBS,D,20110513,000000,1120,1120,1120,1120,1,0
IBS,D,20110516,000000,1120,1120,1080,1080,2,0
IBS,D,20110517,000000,1120,1300,1120,1200,59,0
IBS,D,20110518,000000,1220,1220,1160,1220,5,0
IBS,D,20110519,000000,1200,1200,1180,1180,5,0
IBS,D,20110520,000000,1200,1200,1160,1160,6,0
IBS,D,20110523,000000,1160,1160,1120,1120,4,0
IBS,D,20110525,000000,1120,1180,1120,1120,9,0
IBS,D,20110526,000000,1100,1120,1100,1100,10,0
IBS,D,20110527,000000,1120,1120,1080,1120,6,0
IBS,D,20110530,000000,1120,1120,1120,1120,4,0
IBS,D,20110531,000000,1120,1120,1100,1120,5,0
IBS,D,20110601,000000,1080,1180,1000,1100,160,0
IBS,D,20110602,000000,1100,1160,1000,1040,76,0
IBS,D,20110603,000000,1080,1200,1060,1160,50,0
IBS,D,20110606,000000,1160,1200,1000,1040,202,0
IBS,D,20110607,000000,1040,1100,1000,1100,47,0
IBS,D,20110608,000000,1060,1120,1020,1120,24,0
IBS,D,20110609,000000,1080,1080,1080,1080,3,0
IBS,D,20110613,000000,1060,1120,1020,1060,22,0
IBS,D,20110614,000000,1080,1100,1040,1100,12,0
IBS,D,20110616,000000,1100,1140,1100,1140,20,0
IBS,D,20110617,000000,1100,1140,1100,1140,4,0
IBS,D,20110620,000000,1120,1140,1120,1140,3,0
IBS,D,20110622,000000,1080,1080,1080,1080,1,0
IBS,D,20110624,000000,1120,1140,1120,1140,5,0
IBS,D,20110627,000000,1100,1100,1080,1080,1,0
IBS,D,20110628,000000,1080,1160,1080,1100,10,0
IBS,D,20110629,000000,1100,1140,1100,1140,1,0
IBS,D,20110630,000000,1140,1140,1100,1120,2,0
IBS,D,20110701,000000,1080,1100,1060,1080,10,0
IBS,D,20110705,000000,1080,1100,1080,1080,1,0
IBS,D,20110706,000000,1080,1120,1080,1120,1,0
IBS,D,20110707,000000,1120,1140,1080,1080,18,0
IBS,D,20110708,000000,1060,1060,1060,1060,0,0
IBS,D,20110711,000000,1060,1100,1020,1100,3,0
IBS,D,20110712,000000,1080,1120,1040,1120,64,0
IBS,D,20110713,000000,1100,1140,1100,1140,42,0
IBS,D,20110718,000000,1080,1080,1040,1040,7,0
IBS,D,20110719,000000,1100,1100,1100,1100,1,0
IBS,D,20110720,000000,1080,1100,1040,1100,31,0
IBS,D,20110721,000000,1060,1100,1040,1060,58,0
IBS,D,20110725,000000,1060,1060,1060,1060,2,0
IBS,D,20110727,000000,1040,1040,1040,1040,1,0
IBS,D,20110728,000000,1040,1040,1020,1040,5,0
IBS,D,20110729,000000,1060,1060,1060,1060,0,0
IBS,D,20110801,000000,1040,1040,980,1020,49,0
IBS,D,20110802,000000,1000,1020,1000,1020,30,0
IBS,D,20110803,000000,1000,1020,980,1020,48,0
IBS,D,20110804,000000,1020,1020,920,920,13,0
IBS,D,20110805,000000,900,900,840,860,13,0
IBS,D,20110808,000000,820,860,800,800,4,0
IBS,D,20110809,000000,800,800,800,800,11,0
IBS,D,20110810,000000,820,820,800,800,6,0
IBS,D,20110811,000000,820,820,820,820,0,0
IBS,D,20110812,000000,840,840,780,840,5,0
IBS,D,20110816,000000,840,840,780,780,3,0
IBS,D,20110817,000000,840,940,840,940,23,0
IBS,D,20110818,000000,940,940,900,900,23,0
IBS,D,20110819,000000,940,940,940,940,0,0
IBS,D,20110822,000000,880,940,860,940,0,0
IBS,D,20110824,000000,880,880,840,880,9,0
IBS,D,20110825,000000,860,880,860,880,4,0
IBS,D,20110826,000000,840,840,840,840,0,0
IBS,D,20110829,000000,820,820,820,820,5,0
IBS,D,20110830,000000,820,880,820,880,6,0
IBS,D,20110901,000000,880,1000,880,1000,20,0
IBS,D,20110902,000000,1000,1060,940,940,18,0
IBS,D,20110905,000000,1000,1000,1000,1000,0,0
IBS,D,20110906,000000,920,920,900,900,4,0
IBS,D,20110907,000000,900,900,820,860,8,0
IBS,D,20110908,000000,840,860,840,860,1,0
IBS,D,20110909,000000,860,860,840,840,32,0
IBS,D,20110912,000000,840,880,840,840,3,0
IBS,D,20110913,000000,840,840,840,840,5,0
IBS,D,20110914,000000,840,840,840,840,2,0
IBS,D,20110915,000000,900,940,900,940,18,0
IBS,D,20110916,000000,960,1000,960,1000,12,0
IBS,D,20110919,000000,1000,1060,1000,1060,4,0
IBS,D,20110920,000000,1040,1060,1040,1060,8,0
IBS,D,20110922,000000,1000,1060,1000,1060,0,0
IBS,D,20110923,000000,1000,1020,1000,1020,12,0
IBS,D,20110926,000000,1000,1000,1000,1000,1,0
IBS,D,20110927,000000,1040,1040,1000,1000,1,0
IBS,D,20110928,000000,1000,1000,1000,1000,3,0
IBS,D,20110929,000000,1000,1000,1000,1000,6,0
IBS,D,20110930,000000,1000,1000,1000,1000,1,0
IBS,D,20111003,000000,1000,1000,1000,1000,5,0
IBS,D,20111004,000000,1000,1000,1000,1000,1,0
IBS,D,20111007,000000,1000,1000,1000,1000,0,0
IBS,D,20111010,000000,980,980,980,980,1,0
IBS,D,20111011,000000,1020,1080,940,940,7,0
IBS,D,20111012,000000,940,940,940,940,0,0
IBS,D,20111014,000000,940,1000,940,1000,1,0
IBS,D,20111024,000000,940,960,920,960,2,0
IBS,D,20111025,000000,900,900,900,900,4,0
IBS,D,20111026,000000,900,900,900,900,0,0
IBS,D,20111027,000000,940,980,940,940,8,0
IBS,D,20111028,000000,920,960,900,960,3,0
IBS,D,20111031,000000,980,980,980,980,0,0
IBS,D,20111102,000000,900,940,900,940,2,0
IBS,D,20111107,000000,900,940,900,940,0,0
IBS,D,20111108,000000,900,940,900,940,0,0
IBS,D,20111109,000000,940,940,940,940,1,0
IBS,D,20111110,000000,900,900,900,900,2,0
IBS,D,20111114,000000,940,940,940,940,0,0
IBS,D,20111115,000000,920,940,920,940,0,0
IBS,D,20111116,000000,920,920,860,920,2,0
IBS,D,20111117,000000,880,880,880,880,1,0
IBS,D,20111118,000000,880,880,880,880,0,0
IBS,D,20111121,000000,900,900,860,860,1,0
IBS,D,20111122,000000,860,860,780,800,13,0
IBS,D,20111123,000000,800,800,780,780,3,0
IBS,D,20111128,000000,780,780,780,780,1,0
IBS,D,20111129,000000,760,820,760,820,0,0
IBS,D,20111130,000000,760,820,760,820,2,0
IBS,D,20111201,000000,760,820,760,820,0,0
IBS,D,20111202,000000,800,800,800,800,0,0
IBS,D,20111205,000000,800,840,800,840,7,0
IBS,D,20111206,000000,840,920,840,920,11,0
IBS,D,20111207,000000,920,920,920,920,6,0
IBS,D,20111208,000000,940,940,940,940,8,0
IBS,D,20111209,000000,960,960,940,940,7,0
IBS,D,20111212,000000,940,940,940,940,8,0
IBS,D,20111213,000000,980,1000,980,980,3,0
IBS,D,20111214,000000,1020,1080,1020,1080,10,0
IBS,D,20111215,000000,1000,1060,1000,1040,7,0
IBS,D,20111216,000000,1080,1080,1080,1080,3,0
IBS,D,20111219,000000,1020,1020,960,1020,4,0
IBS,D,20111220,000000,1000,1000,980,980,3,0
IBS,D,20111222,000000,1000,1000,920,920,5,0
IBS,D,20111223,000000,920,920,920,920,0,0
IBS,D,20111227,000000,860,1100,860,1100,25,0
IBS,D,20111228,000000,1200,1220,1140,1140,37,0
IBS,D,20111229,000000,1140,1220,1140,1220,80,0
IBS,D,20111230,000000,1140,1360,1120,1260,91,0
IBS,D,20120102,000000,1240,1260,1020,1140,14,0
IBS,D,20120105,000000,1020,1020,1020,1020,3,0
IBS,D,20120109,000000,1000,1000,1000,1000,0,0
IBS,D,20120110,000000,1000,1000,980,980,8,0
IBS,D,20120111,000000,980,980,980,980,0,0
IBS,D,20120112,000000,1100,1100,1100,1100,0,0
IBS,D,20120113,000000,980,980,980,980,0,0
IBS,D,20120116,000000,1000,1000,980,980,3,0
IBS,D,20120117,000000,980,1040,960,1040,2,0
IBS,D,20120118,000000,1020,1020,1020,1020,0,0
IBS,D,20120119,000000,960,1000,940,1000,1,0
IBS,D,20120120,000000,940,960,900,960,9,0
IBS,D,20120124,000000,960,960,920,920,0,0
IBS,D,20120125,000000,940,940,920,920,2,0
IBS,D,20120126,000000,920,940,920,940,5,0
IBS,D,20120130,000000,940,940,940,940,1,0
IBS,D,20120131,000000,940,940,900,940,4,0
IBS,D,20120201,000000,940,940,940,940,0,0
IBS,D,20120202,000000,940,940,940,940,0,0
IBS,D,20120203,000000,900,960,900,960,0,0
IBS,D,20120206,000000,920,920,920,920,0,0
IBS,D,20120207,000000,920,920,900,900,4,0
IBS,D,20120208,000000,920,920,900,900,10,0
IBS,D,20120210,000000,960,960,960,960,0,0
IBS,D,20120213,000000,960,960,960,960,0,0
IBS,D,20120214,000000,960,1020,960,1020,9,0
IBS,D,20120215,000000,1020,1020,1020,1020,0,0
IBS,D,20120216,000000,960,960,960,960,1,0
IBS,D,20120217,000000,1020,1020,1020,1020,0,0
IBS,D,20120220,000000,1020,1020,1020,1020,0,0
IBS,D,20120221,000000,1020,1020,1020,1020,0,0
IBS,D,20120222,000000,1020,1020,1020,1020,0,0
IBS,D,20120223,000000,1020,1020,1020,1020,0,0
IBS,D,20120224,000000,1020,1020,1020,1020,0,0
IBS,D,20120227,000000,1020,1020,1020,1020,2,0
IBS,D,20120229,000000,1040,1040,1020,1020,9,0
IBS,D,20120301,000000,1020,1020,1020,1020,0,0
IBS,D,20120302,000000,1020,1060,1020,1060,1,0
IBS,D,20120305,000000,1080,1140,1080,1140,4,0
IBS,D,20120306,000000,1080,1100,1040,1100,2,0
IBS,D,20120307,000000,1040,1100,1040,1100,0,0
IBS,D,20120308,000000,1020,1120,980,1080,54,0
IBS,D,20120309,000000,1060,1060,1000,1040,8,0
IBS,D,20120312,000000,1000,1000,1000,1000,1,0
IBS,D,20120313,000000,1040,1040,1040,1040,0,0
IBS,D,20120314,000000,1040,1120,1040,1120,42,0
IBS,D,20120316,000000,1120,1120,1120,1120,0,0
IBS,D,20120319,000000,1120,1120,1120,1120,0,0
IBS,D,20120320,000000,1120,1120,1120,1120,0,0
IBS,D,20120321,000000,1120,1120,1120,1120,0,0
IBS,D,20120322,000000,1020,1120,1020,1120,5,0
IBS,D,20120323,000000,1120,1120,1120,1120,0,0
IBS,D,20120327,000000,1100,1100,1100,1100,0,0
IBS,D,20120328,000000,1080,1080,1080,1080,0,0
IBS,D,20120329,000000,1080,1080,1060,1060,0,0
IBS,D,20120330,000000,1020,1120,1020,1120,2,0
IBS,D,20120402,000000,1120,1120,1120,1120,0,0
IBS,D,20120405,000000,1100,1100,1100,1100,0,0
IBS,D,20120410,000000,1100,1100,1100,1100,0,0
IBS,D,20120411,000000,1040,1040,1000,1040,10,0
IBS,D,20120412,000000,1000,1080,960,1040,52,0
IBS,D,20120413,000000,1060,1120,1000,1080,102,0
IBS,D,20120416,000000,1100,1240,1040,1200,87,0
IBS,D,20120417,000000,1200,1360,1200,1260,440,0
IBS,D,20120418,000000,1300,1380,1240,1260,826,0
IBS,D,20120419,000000,1260,1380,1160,1160,618,0
IBS,D,20120420,000000,1220,1420,1220,1240,909,0
IBS,D,20120423,000000,1300,1440,1260,1280,1286,0
IBS,D,20120424,000000,1320,1440,1260,1300,1571,0
IBS,D,20120425,000000,1340,1420,1280,1300,1073,0
IBS,D,20120426,000000,1320,1340,1200,1200,518,0
IBS,D,20120427,000000,1240,1380,1220,1260,864,0
IBS,D,20120430,000000,1260,1260,1220,1220,14,0
IBS,D,20120502,000000,1260,1260,1200,1260,12,0
IBS,D,20120504,000000,1200,1200,1200,1200,24,0
IBS,D,20120507,000000,1280,1340,1260,1260,391,0
IBS,D,20120508,000000,1280,1340,1220,1260,501,0
IBS,D,20120509,000000,1240,1280,1220,1240,101,0
IBS,D,20120510,000000,1220,1220,1220,1220,19,0
IBS,D,20120511,000000,1220,1220,1220,1220,13,0
IBS,D,20120514,000000,1200,1200,1200,1200,23,0
IBS,D,20120515,000000,1200,1200,1180,1180,18,0
IBS,D,20120516,000000,1180,1200,1160,1200,14,0
IBS,D,20120517,000000,1140,1140,1140,1140,1,0
IBS,D,20120521,000000,1140,1140,1140,1140,2,0
IBS,D,20120522,000000,1180,1180,1180,1180,0,0
IBS,D,20120523,000000,1100,1200,1100,1180,12,0
IBS,D,20120524,000000,1100,1200,1100,1200,2,0
IBS,D,20120525,000000,1100,1160,1000,1120,8,0
IBS,D,20120529,000000,1100,1100,1100,1100,0,0
IBS,D,20120530,000000,1100,1100,1100,1100,0,0
IBS,D,20120531,000000,1100,1100,1100,1100,0,0
IBS,D,20120601,000000,1080,1080,1080,1080,0,0
IBS,D,20120604,000000,1080,1080,1080,1080,0,0
IBS,D,20120605,000000,1000,1000,960,1000,6,0
IBS,D,20120606,000000,920,920,920,920,1,0
IBS,D,20120608,000000,1020,1020,940,1000,2,0
IBS,D,20120611,000000,1000,1080,1000,1060,2,0
IBS,D,20120612,000000,1060,1060,980,980,4,0
IBS,D,20120618,000000,960,960,960,960,0,0
IBS,D,20120619,000000,960,980,920,980,3,0
IBS,D,20120622,000000,980,1000,980,1000,1,0
IBS,D,20120625,000000,1000,1020,900,1020,0,0
IBS,D,20120626,000000,1000,1120,1000,1120,15,0
IBS,D,20120627,000000,1080,1100,1080,1100,3,0
IBS,D,20120628,000000,1000,1060,1000,1060,3,0
IBS,D,20120704,000000,960,1020,960,1020,1,0
IBS,D,20120705,000000,920,1020,920,1020,5,0
IBS,D,20120709,000000,1020,1020,1020,1020,0,0
IBS,D,20120710,000000,1000,1000,1000,1000,1,0
IBS,D,20120711,000000,920,1000,900,1000,5,0
IBS,D,20120712,000000,900,900,840,880,14,0
IBS,D,20120713,000000,820,820,820,820,6,0
IBS,D,20120716,000000,900,900,900,900,0,0
IBS,D,20120718,000000,900,900,900,900,0,0
IBS,D,20120719,000000,900,900,900,900,0,0
IBS,D,20120720,000000,900,900,900,900,0,0
IBS,D,20120723,000000,820,820,800,800,3,0
IBS,D,20120724,000000,860,860,860,860,0,0
IBS,D,20120725,000000,780,780,780,780,1,0
IBS,D,20120726,000000,780,840,780,840,0,0
IBS,D,20120803,000000,840,860,840,860,1,0
IBS,D,20120814,000000,800,800,800,800,13,0
IBS,D,20120817,000000,860,900,860,900,4,0
IBS,D,20120820,000000,900,900,900,900,0,0
IBS,D,20120822,000000,820,860,820,860,77,0
IBS,D,20120824,000000,800,900,800,900,7,0
IBS,D,20120827,000000,900,900,820,820,2,0
IBS,D,20120829,000000,860,860,860,860,0,0
IBS,D,20120830,000000,840,900,840,900,3,0
IBS,D,20120831,000000,900,920,860,920,4,0
IBS,D,20120903,000000,860,900,860,900,3,0
IBS,D,20120905,000000,860,860,860,860,2,0
IBS,D,20120906,000000,860,860,860,860,1,0
IBS,D,20120907,000000,900,900,900,900,0,0
IBS,D,20120911,000000,900,900,900,900,1,0
IBS,D,20120912,000000,920,920,920,920,0,0
IBS,D,20120913,000000,920,960,920,960,2,0
IBS,D,20120914,000000,960,1020,960,1020,4,0
IBS,D,20120917,000000,1020,1020,1020,1020,0,0
IBS,D,20120919,000000,940,1020,940,1020,0,0
IBS,D,20121001,000000,1000,1000,1000,1000,2,0
IBS,D,20121004,000000,940,940,940,940,0,0
IBS,D,20121012,000000,1000,1000,1000,1000,0,0
IBS,D,20121015,000000,1000,1020,1000,1020,8,0
IBS,D,20121023,000000,940,940,940,940,1,0
IBS,D,20121024,000000,980,980,980,980,0,0
IBS,D,20121026,000000,980,980,980,980,0,0
IBS,D,20121031,000000,840,940,820,940,5,0
IBS,D,20121102,000000,820,880,820,880,4,0
IBS,D,20121107,000000,880,880,880,880,0,0
IBS,D,20121112,000000,880,880,880,880,1,0
IBS,D,20121113,000000,940,960,940,960,1,0
IBS,D,20121119,000000,920,920,920,920,1,0
IBS,D,20121122,000000,900,900,740,800,6,0
IBS,D,20121127,000000,660,780,660,780,0,0
IBS,D,20121130,000000,780,820,780,820,0,0
IBS,D,20121203,000000,820,820,800,800,0,0
IBS,D,20121204,000000,820,840,820,820,3,0
IBS,D,20121205,000000,820,820,780,800,1,0
IBS,D,20121206,000000,780,820,780,820,1,0
IBS,D,20121207,000000,820,940,820,940,62,0
IBS,D,20121210,000000,940,1060,940,960,4,0
IBS,D,20121211,000000,960,980,920,980,2,0
IBS,D,20121212,000000,980,980,760,900,21,0
IBS,D,20121213,000000,820,820,820,820,2,0
IBS,D,20121214,000000,920,920,820,900,1,0
IBS,D,20121217,000000,900,900,900,900,0,0
IBS,D,20121218,000000,900,900,860,900,8,0
IBS,D,20121219,000000,900,900,720,800,24,0
IBS,D,20121220,000000,860,860,720,720,2,0
IBS,D,20121221,000000,840,840,680,720,10,0
IBS,D,20121227,000000,800,800,660,800,8,0
IBS,D,20121228,000000,800,800,800,800,0,0
IBS,D,20130102,000000,800,800,800,800,0,0
IBS,D,20130103,000000,800,800,800,800,0,0
IBS,D,20130104,000000,800,800,800,800,0,0
IBS,D,20130107,000000,800,800,800,800,0,0
IBS,D,20130108,000000,800,800,720,800,0,0
IBS,D,20130109,000000,800,800,720,800,0,0
IBS,D,20130110,000000,800,800,700,800,6,0
IBS,D,20130111,000000,800,800,660,760,0,0
IBS,D,20130114,000000,780,780,740,740,10,0
IBS,D,20130115,000000,800,800,800,800,0,0
IBS,D,20130116,000000,800,800,640,680,32,0
IBS,D,20130117,000000,680,800,640,780,48,0
IBS,D,20130118,000000,780,820,700,800,1,0
IBS,D,20130121,000000,800,800,700,780,2,0
IBS,D,20130122,000000,760,760,760,760,0,0
IBS,D,20130123,000000,760,780,680,780,1,0
IBS,D,20130124,000000,780,920,780,840,20,0
IBS,D,20130125,000000,800,900,720,800,17,0
IBS,D,20130128,000000,880,880,860,860,0,0
IBS,D,20130129,000000,860,860,780,860,0,0
IBS,D,20130130,000000,860,860,860,860,0,0
IBS,D,20130131,000000,860,860,860,860,0,0
IBS,D,20130201,000000,840,840,820,820,3,0
IBS,D,20130204,000000,840,840,820,820,0,0
IBS,D,20130205,000000,840,840,840,840,0,0
IBS,D,20130206,000000,840,840,760,760,2,0
IBS,D,20130207,000000,800,800,800,800,0,0
IBS,D,20130208,000000,800,800,800,800,0,0
IBS,D,20130211,000000,800,800,800,800,0,0
IBS,D,20130212,000000,800,800,800,800,0,0
IBS,D,20130213,000000,800,800,800,800,1,0
IBS,D,20130214,000000,800,860,800,840,9,0
IBS,D,20130215,000000,820,860,800,860,7,0
IBS,D,20130218,000000,860,960,860,940,29,0
IBS,D,20130219,000000,960,1000,940,1000,15,0
IBS,D,20130220,000000,1000,1040,980,1020,12,0
IBS,D,20130221,000000,1020,1020,1020,1020,0,0
IBS,D,20130222,000000,1000,1000,900,980,2,0
IBS,D,20130225,000000,980,980,980,980,0,0
IBS,D,20130226,000000,1000,1000,980,980,0,0
IBS,D,20130227,000000,980,980,980,980,0,0
IBS,D,20130228,000000,980,980,980,980,0,0
IBS,D,20130301,000000,960,960,840,940,9,0
IBS,D,20130304,000000,780,800,720,740,11,0
IBS,D,20130305,000000,760,800,760,800,5,0
IBS,D,20130306,000000,800,800,800,800,0,0
IBS,D,20130307,000000,800,800,800,800,0,0
IBS,D,20130308,000000,800,800,800,800,0,0
IBS,D,20130311,000000,800,800,740,800,1,0
IBS,D,20130312,000000,780,780,720,720,3,0
IBS,D,20130313,000000,720,720,720,720,1,0
IBS,D,20130314,000000,760,760,760,760,0,0
IBS,D,20130315,000000,760,820,760,820,3,0
IBS,D,20130318,000000,820,820,800,800,1,0
IBS,D,20130319,000000,820,820,820,820,0,0
IBS,D,20130320,000000,820,820,780,800,1,0
IBS,D,20130321,000000,800,800,800,800,0,0
IBS,D,20130322,000000,820,820,760,800,4,0
IBS,D,20130325,000000,800,820,760,760,1,0
IBS,D,20130326,000000,800,800,760,800,5,0
IBS,D,20130327,000000,800,800,800,800,0,0
IBS,D,20130328,000000,800,800,680,800,0,0
IBS,D,20130402,000000,800,800,680,680,0,0
IBS,D,20130403,000000,780,800,680,680,0,0
IBS,D,20130404,000000,800,800,680,780,1,0
IBS,D,20130405,000000,780,780,780,780,0,0
IBS,D,20130408,000000,780,800,780,800,0,0
IBS,D,20130409,000000,800,800,800,800,0,0
IBS,D,20130410,000000,760,780,740,780,69,0
IBS,D,20130411,000000,800,800,660,800,1,0
IBS,D,20130412,000000,800,800,800,800,0,0
IBS,D,20130415,000000,900,900,900,900,0,0
IBS,D,20130417,000000,880,880,880,880,0,0
IBS,D,20130418,000000,800,800,800,800,0,0
IBS,D,20130419,000000,800,800,800,800,0,0
IBS,D,20130422,000000,720,800,700,800,1,0
IBS,D,20130423,000000,800,800,800,800,0,0
IBS,D,20130424,000000,800,800,800,800,0,0
IBS,D,20130425,000000,780,780,780,780,0,0
IBS,D,20130426,000000,780,780,780,780,0,0
IBS,D,20130429,000000,780,780,780,780,0,0
IBS,D,20130430,000000,780,780,780,780,0,0
IBS,D,20130502,000000,800,800,800,800,0,0
IBS,D,20130506,000000,800,800,800,800,1,0
IBS,D,20130507,000000,800,800,800,800,0,0
IBS,D,20130508,000000,800,800,780,780,2,0
IBS,D,20130509,000000,800,800,760,800,0,0
IBS,D,20130510,000000,800,800,800,800,0,0
IBS,D,20130513,000000,800,800,800,800,0,0
IBS,D,20130514,000000,800,800,780,780,1,0
IBS,D,20130515,000000,800,800,800,800,0,0
IBS,D,20130516,000000,800,800,800,800,0,0
IBS,D,20130517,000000,800,800,660,800,0,0
IBS,D,20130520,000000,800,800,660,660,1,0
IBS,D,20130521,000000,780,780,780,780,0,0
IBS,D,20130522,000000,680,740,680,740,0,0
IBS,D,20130523,000000,740,740,740,740,0,0
IBS,D,20130524,000000,740,740,740,740,0,0
IBS,D,20130527,000000,680,680,680,680,1,0
IBS,D,20130528,000000,760,760,760,760,0,0
IBS,D,20130529,000000,760,760,760,760,0,0
IBS,D,20130531,000000,700,800,700,800,4,0
IBS,D,20130603,000000,800,800,800,800,0,0
IBS,D,20130604,000000,800,800,800,800,0,0
IBS,D,20130605,000000,800,800,800,800,0,0
IBS,D,20130606,000000,800,800,800,800,0,0
IBS,D,20130607,000000,780,780,780,780,0,0
IBS,D,20130610,000000,780,780,780,780,0,0
IBS,D,20130611,000000,780,780,700,780,0,0
IBS,D,20130612,000000,780,780,780,780,0,0
IBS,D,20130613,000000,780,780,780,780,0,0
IBS,D,20130614,000000,780,780,780,780,0,0
IBS,D,20130617,000000,780,780,780,780,0,0
IBS,D,20130618,000000,780,780,780,780,0,0
IBS,D,20130619,000000,780,780,780,780,0,0
IBS,D,20130620,000000,780,780,780,780,0,0
IBS,D,20130621,000000,780,780,780,780,0,0
IBS,D,20130624,000000,780,780,780,780,0,0
IBS,D,20130625,000000,640,640,500,540,435,0
IBS,D,20130626,000000,540,540,480,500,123,0
IBS,D,20130627,000000,500,520,480,480,42,0
IBS,D,20130628,000000,500,520,500,500,9,0
IBS,D,20130701,000000,500,500,440,500,71,0
IBS,D,20130702,000000,500,500,440,440,66,0
IBS,D,20130703,000000,440,440,380,400,56,0
IBS,D,20130704,000000,400,440,400,440,11,0
IBS,D,20130705,000000,440,440,420,420,30,0
IBS,D,20130708,000000,420,420,400,400,4,0
IBS,D,20130709,000000,420,480,420,460,40,0
IBS,D,20130710,000000,460,460,420,440,11,0
IBS,D,20130711,000000,480,480,460,460,31,0
IBS,D,20130712,000000,460,480,400,420,71,0
IBS,D,20130715,000000,420,440,380,380,118,0
IBS,D,20130716,000000,360,380,340,360,123,0
IBS,D,20130717,000000,360,380,360,360,21,0
IBS,D,20130718,000000,360,360,340,360,12,0
IBS,D,20130719,000000,360,380,360,380,13,0
IBS,D,20130722,000000,360,380,360,360,5,0
IBS,D,20130723,000000,380,380,360,380,5,0
IBS,D,20130724,000000,380,380,380,380,0,0
IBS,D,20130725,000000,380,380,360,380,0,0
IBS,D,20130726,000000,380,380,360,380,9,0
IBS,D,20130729,000000,360,380,340,380,18,0
IBS,D,20130730,000000,380,380,360,380,8,0
IBS,D,20130731,000000,380,380,360,380,11,0
IBS,D,20130801,000000,380,380,380,380,0,0
IBS,D,20130802,000000,360,380,360,380,18,0
IBS,D,20130805,000000,380,380,360,380,16,0
IBS,D,20130806,000000,380,400,380,380,7,0
IBS,D,20130807,000000,380,400,380,400,3,0
IBS,D,20130808,000000,400,420,380,420,51,0
IBS,D,20130809,000000,420,540,400,520,189,0
IBS,D,20130812,000000,520,560,500,500,129,0
IBS,D,20130813,000000,480,540,480,540,36,0
IBS,D,20130814,000000,520,540,460,520,40,0
IBS,D,20130816,000000,500,560,500,540,86,0
IBS,D,20130819,000000,540,540,460,460,84,0
IBS,D,20130820,000000,480,480,400,440,55,0
IBS,D,20130821,000000,420,480,420,480,8,0
IBS,D,20130822,000000,480,500,480,500,9,0
IBS,D,20130823,000000,500,500,480,500,38,0
IBS,D,20130826,000000,500,500,460,480,9,0
IBS,D,20130827,000000,480,480,460,460,4,0
IBS,D,20130828,000000,460,460,440,440,11,0
IBS,D,20130829,000000,440,460,440,460,13,0
IBS,D,20130830,000000,460,460,440,460,2,0
IBS,D,20130902,000000,460,460,420,460,5,0
IBS,D,20130903,000000,460,460,420,420,7,0
IBS,D,20130904,000000,440,440,420,440,6,0
IBS,D,20130905,000000,440,440,380,400,10,0
IBS,D,20130906,000000,440,440,440,440,0,0
IBS,D,20130909,000000,440,440,420,420,7,0
IBS,D,20130910,000000,440,440,440,440,0,0
IBS,D,20130911,000000,440,440,400,420,5,0
IBS,D,20130912,000000,420,440,420,440,5,0
IBS,D,20130913,000000,440,440,400,440,0,0
IBS,D,20130916,000000,400,440,400,400,3,0
IBS,D,20130917,000000,440,440,440,440,5,0
IBS,D,20130918,000000,400,440,400,420,22,0
IBS,D,20130919,000000,440,440,400,420,7,0
IBS,D,20130920,000000,440,440,400,400,17,0
IBS,D,20130923,000000,400,440,400,420,26,0
IBS,D,20130924,000000,420,440,420,420,23,0
IBS,D,20130925,000000,420,420,400,400,11,0
IBS,D,20130926,000000,420,440,380,420,22,0
IBS,D,20130927,000000,420,420,420,420,0,0
IBS,D,20130930,000000,420,420,400,400,0,0
IBS,D,20131001,000000,420,420,380,380,18,0
IBS,D,20131002,000000,420,420,380,400,10,0
IBS,D,20131003,000000,420,420,380,420,23,0
IBS,D,20131004,000000,420,420,420,420,1,0
IBS,D,20131007,000000,420,420,400,400,15,0
IBS,D,20131008,000000,420,420,380,400,6,0
IBS,D,20131009,000000,420,420,420,420,11,0
IBS,D,20131010,000000,440,440,400,400,5,0
IBS,D,20131011,000000,440,560,440,540,485,0
IBS,D,20131014,000000,540,680,540,660,752,0
IBS,D,20131015,000000,660,720,600,600,431,0
IBS,D,20131016,000000,600,640,560,600,296,0
IBS,D,20131017,000000,600,600,560,560,83,0
IBS,D,20131018,000000,580,580,520,540,103,0
IBS,D,20131021,000000,540,560,520,560,29,0
IBS,D,20131022,000000,560,560,540,560,20,0
IBS,D,20131023,000000,540,560,520,540,50,0
IBS,D,20131024,000000,560,560,520,540,35,0
IBS,D,20131025,000000,520,540,500,500,58,0
IBS,D,20131028,000000,500,520,440,440,212,0
IBS,D,20131029,000000,480,480,440,460,82,0
IBS,D,20131030,000000,460,520,460,500,301,0
IBS,D,20131031,000000,520,540,500,500,95,0
IBS,D,20131104,000000,520,520,500,500,36,0
IBS,D,20131105,000000,500,520,500,520,16,0
IBS,D,20131106,000000,520,520,480,500,83,0
IBS,D,20131107,000000,500,500,500,500,26,0
IBS,D,20131108,000000,480,480,440,480,96,0
IBS,D,20131112,000000,480,480,460,480,32,0
IBS,D,20131113,000000,460,480,460,460,12,0
IBS,D,20131114,000000,480,480,460,480,41,0
IBS,D,20131115,000000,480,480,460,480,5,0
IBS,D,20131118,000000,480,480,440,480,17,0
IBS,D,20131119,000000,460,480,460,480,21,0
IBS,D,20131120,000000,480,480,460,460,39,0
IBS,D,20131121,000000,480,480,460,460,31,0
IBS,D,20131122,000000,480,480,460,460,19,0
IBS,D,20131125,000000,440,460,440,460,5,0
IBS,D,20131126,000000,460,460,460,460,0,0
IBS,D,20131127,000000,460,460,460,460,85,0
IBS,D,20131128,000000,460,480,460,480,10,0
IBS,D,20131129,000000,460,480,440,480,7,0
IBS,D,20131202,000000,440,480,440,460,25,0
IBS,D,20131203,000000,460,460,440,460,30,0
IBS,D,20131204,000000,460,460,440,460,11,0
IBS,D,20131205,000000,460,460,440,460,8,0
IBS,D,20131206,000000,460,460,420,440,13,0
IBS,D,20131209,000000,440,440,420,440,16,0
IBS,D,20131210,000000,440,460,440,460,34,0
IBS,D,20131211,000000,460,460,420,440,12,0
IBS,D,20131212,000000,460,460,420,460,62,0
IBS,D,20131213,000000,460,480,440,460,49,0
IBS,D,20131216,000000,460,460,440,460,18,0
IBS,D,20131217,000000,460,460,440,440,3,0
IBS,D,20131218,000000,460,460,440,460,4,0
IBS,D,20131219,000000,460,460,400,420,75,0
IBS,D,20131220,000000,400,420,380,400,27,0
IBS,D,20131223,000000,400,420,400,400,3,0
IBS,D,20131227,000000,420,440,400,440,117,0
IBS,D,20131230,000000,440,460,440,460,29,0
IBS,D,20140102,000000,440,500,440,500,38,0
IBS,D,20140103,000000,500,500,460,500,262,0
IBS,D,20140107,000000,500,540,480,500,343,0
IBS,D,20140108,000000,520,540,480,520,74,0
IBS,D,20140109,000000,520,540,500,540,63,0
IBS,D,20140110,000000,540,540,460,540,117,0
IBS,D,20140113,000000,540,540,500,540,111,0
IBS,D,20140114,000000,540,540,520,540,9,0
IBS,D,20140115,000000,540,540,500,540,13,0
IBS,D,20140116,000000,500,540,500,520,250,0
IBS,D,20140117,000000,520,520,480,480,35,0
IBS,D,20140120,000000,520,520,480,480,11,0
IBS,D,20140121,000000,520,520,460,460,52,0
IBS,D,20140122,000000,480,480,480,480,3,0
IBS,D,20140123,000000,480,480,460,480,6,0
IBS,D,20140124,000000,480,480,480,480,0,0
IBS,D,20140127,000000,480,480,460,460,26,0
IBS,D,20140128,000000,460,480,440,480,12,0
IBS,D,20140129,000000,460,480,460,480,7,0
IBS,D,20140130,000000,480,500,460,500,304,0
IBS,D,20140131,000000,500,500,460,460,116,0
IBS,D,20140203,000000,460,460,460,460,1,0
IBS,D,20140204,000000,460,460,440,460,16,0
IBS,D,20140205,000000,460,460,440,460,8,0
IBS,D,20140206,000000,460,460,440,460,35,0
IBS,D,20140207,000000,460,460,440,460,41,0
IBS,D,20140210,000000,440,440,400,440,81,0
IBS,D,20140211,000000,440,480,440,480,340,0
IBS,D,20140212,000000,480,480,440,440,237,0
IBS,D,20140213,000000,440,480,440,480,150,0
IBS,D,20140214,000000,480,480,440,460,321,0
IBS,D,20140217,000000,460,460,420,420,33,0
IBS,D,20140218,000000,440,460,440,440,29,0
IBS,D,20140219,000000,440,440,440,440,19,0
IBS,D,20140220,000000,440,440,420,440,4,0
IBS,D,20140221,000000,440,440,420,440,19,0
IBS,D,20140224,000000,440,460,420,460,10,0
IBS,D,20140225,000000,460,460,420,440,90,0
IBS,D,20140226,000000,440,440,420,440,6,0
IBS,D,20140227,000000,440,440,420,420,23,0
IBS,D,20140228,000000,420,440,400,420,98,0
IBS,D,20140303,000000,400,420,380,400,45,0
IBS,D,20140304,000000,420,420,400,420,8,0
IBS,D,20140305,000000,420,420,400,400,30,0
IBS,D,20140306,000000,420,420,380,400,102,0
IBS,D,20140307,000000,400,400,380,400,3,0
IBS,D,20140310,000000,400,400,380,400,23,0
IBS,D,20140311,000000,400,400,380,400,28,0
IBS,D,20140312,000000,400,400,380,380,5,0
IBS,D,20140313,000000,380,380,360,380,2,0
IBS,D,20140314,000000,380,380,360,380,12,0
IBS,D,20140317,000000,400,400,380,380,11,0
IBS,D,20140318,000000,400,420,360,360,159,0
IBS,D,20140319,000000,380,380,340,360,169,0
IBS,D,20140320,000000,360,380,360,380,45,0
IBS,D,20140321,000000,380,380,380,380,12,0
IBS,D,20140324,000000,380,380,360,380,114,0
IBS,D,20140325,000000,380,380,340,360,18,0
IBS,D,20140326,000000,360,360,340,360,40,0
IBS,D,20140327,000000,340,360,340,360,26,0
IBS,D,20140328,000000,340,360,340,360,56,0
IBS,D,20140331,000000,360,360,280,340,128,0
IBS,D,20140401,000000,340,340,340,340,6,0
IBS,D,20140402,000000,340,340,280,280,42,0
IBS,D,20140417,000000,309.2,309.2,309.2,309.2,12,0
IBS,D,20140422,000000,309.2,309.2,309.2,309.2,203,0
IBS,D,20140423,000000,308.4,308.4,277.6,277.6,9,0
IBS,D,20140424,000000,292,292,280,280,7,0
IBS,D,20140425,000000,278.8,278.8,278.8,278.8,4,0
IBS,D,20140428,000000,284,284,270.4,270.4,76,0
IBS,D,20140429,000000,280,280,280,280,33,0
IBS,D,20140430,000000,280,280,280,280,3,0
IBS,D,20140502,000000,280,280,280,280,1,0
IBS,D,20140505,000000,272,272,260,260,11,0
IBS,D,20140506,000000,252,252,252,252,14,0
IBS,D,20140507,000000,252,252,252,252,4,0
IBS,D,20140508,000000,252,252,252,252,4,0
IBS,D,20140509,000000,244,244,244,244,34,0
IBS,D,20140512,000000,230,230,219.6,219.6,26,0
IBS,D,20140513,000000,210,210,210,210,123,0
IBS,D,20140514,000000,200.4,200.4,198,198,84,0
IBS,D,20140515,000000,192.4,192.4,191.6,191.6,53,0
IBS,D,20140516,000000,180,180,178.8,178.8,17,0
IBS,D,20140519,000000,160,160,156,156,150,0
IBS,D,20140520,000000,156,156,152,152,27,0
IBS,D,20140521,000000,168,168,168,168,113,0
IBS,D,20140522,000000,168,168,168,168,21,0
IBS,D,20140523,000000,160,160.4,160,160.4,249,0
IBS,D,20140526,000000,166.8,166.8,166.8,166.8,7,0
IBS,D,20140527,000000,160,160,158,158,64,0
IBS,D,20140528,000000,158,158,158,158,16,0
IBS,D,20140529,000000,164.8,164.8,164,164,1,0
IBS,D,20140530,000000,164,164,158,158,29,0
IBS,D,20140602,000000,154.8,154.8,154.8,154.8,26,0
IBS,D,20140603,000000,159.6,159.6,150,150,5,0
IBS,D,20140604,000000,144.8,158.8,144.8,158.8,12,0
IBS,D,20140605,000000,159.6,159.6,159.6,159.6,94,0
IBS,D,20140606,000000,152,152,152,152,96,0
IBS,D,20140609,000000,152,152,152,152,63,0
IBS,D,20140610,000000,150,150,144.4,144.4,11,0
IBS,D,20140611,000000,144,144.4,144,144.4,20,0
IBS,D,20140612,000000,144,144,143.6,143.6,81,0
IBS,D,20140613,000000,156.8,156.8,140.8,140.8,5,0
IBS,D,20140616,000000,140.8,141.2,140.8,141.2,40,0
IBS,D,20140617,000000,140.8,140.8,140.8,140.8,100,0
IBS,D,20140618,000000,156.4,156.4,144,144,41,0
IBS,D,20140620,000000,140,144,140,144,34,0
IBS,D,20140623,000000,148,148,148,148,38,0
IBS,D,20140624,000000,147.6,147.6,147.6,147.6,6,0
IBS,D,20140625,000000,147.6,147.6,147.2,147.2,3,0
IBS,D,20140626,000000,146.8,146.8,146.8,146.8,0,0
IBS,D,20140627,000000,151.6,151.6,151.6,151.6,3,0
IBS,D,20140630,000000,151.6,152,151.6,152,87,0
IBS,D,20140701,000000,152,152,152,152,128,0
IBS,D,20140702,000000,156.4,168,151.6,158.8,107,0
IBS,D,20140703,000000,158.8,158.8,152,156,88,0
IBS,D,20140704,000000,158.8,158.8,145.2,158.8,63,0
IBS,D,20140707,000000,158.8,158.8,153.2,154.8,39,0
IBS,D,20140708,000000,158.8,158.8,145.6,152,22,0
IBS,D,20140709,000000,158.8,158.8,148,158.8,3,0
IBS,D,20140710,000000,158.8,158.8,149.2,158.8,21,0
IBS,D,20140711,000000,158.8,158.8,158.8,158.8,0,0
IBS,D,20140715,000000,144,146,135.6,135.6,83,0
IBS,D,20140716,000000,136.4,148.4,136.4,148.4,23,0
IBS,D,20140717,000000,157.2,157.2,144,144,27,0
IBS,D,20140718,000000,150,150,146,148,28,0
IBS,D,20140721,000000,151.6,151.6,146,146,9,0
IBS,D,20140722,000000,146,151.6,143.6,148,55,0
IBS,D,20140723,000000,147.6,147.6,138.4,145.6,38,0
IBS,D,20140724,000000,148,148,145.2,145.6,4,0
IBS,D,20140725,000000,148,148,148,148,0,0
IBS,D,20140728,000000,144,146,139.2,146,63,0
IBS,D,20140729,000000,138.8,147.6,135.6,140,107,0
IBS,D,20140730,000000,135.6,142,135.2,142,64,0
IBS,D,20140731,000000,147.2,147.2,132.8,146.8,57,0
IBS,D,20140801,000000,132.4,132.8,132.4,132.8,102,0
IBS,D,20140804,000000,134,134,126.8,132.8,2,0
IBS,D,20140805,000000,134,145.6,132,132,17,0
IBS,D,20140806,000000,139.6,139.6,129.6,131.6,83,0
IBS,D,20140807,000000,144,144,138,138,3,0
IBS,D,20140808,000000,140,140,140,140,2,0
IBS,D,20140811,000000,143.6,143.6,126.4,126.4,26,0
IBS,D,20140813,000000,138.8,143.6,128,128,66,0
IBS,D,20140814,000000,128.8,139.6,128.8,136.8,4,0
IBS,D,20140818,000000,132,132,124.4,132,22,0
IBS,D,20140819,000000,138.8,138.8,138.8,138.8,0,0
IBS,D,20140820,000000,138.8,138.8,118,127.6,82,0
IBS,D,20140821,000000,127.6,127.6,104,107.2,99,0
IBS,D,20140822,000000,104,107.6,94,107.6,29,0
IBS,D,20140825,000000,111.2,114,111.2,114,2,0
IBS,D,20140826,000000,113.6,113.6,102.4,104,50,0
IBS,D,20140827,000000,99.6,99.6,92,99.6,23,0
IBS,D,20140828,000000,100,100,100,100,0,0
IBS,D,20140829,000000,100,100,100,100,0,0
IBS,D,20140901,000000,99.6,99.6,90,96,3,0
IBS,D,20140902,000000,98.8,98.8,89.2,89.2,151,0
IBS,D,20140903,000000,85.2,85.2,78,82,134,0
IBS,D,20140904,000000,84.4,89.6,83.6,89.6,154,0
IBS,D,20140905,000000,89.2,89.2,87.6,87.6,16,0
IBS,D,20140908,000000,91.6,102,91.6,102,238,0
IBS,D,20140909,000000,106,128,106,127.2,347,0
IBS,D,20140910,000000,132.4,132.4,112.8,112.8,431,0
IBS,D,20140911,000000,115.6,115.6,104,113.2,71,0
IBS,D,20140912,000000,116,120,108,117.6,32,0
IBS,D,20140915,000000,118,118,106.4,115.6,40,0
IBS,D,20140916,000000,114,114,114,114,0,0
IBS,D,20140917,000000,116,116,100.8,114,162,0
IBS,D,20140918,000000,114.8,114.8,104.4,109.6,62,0
IBS,D,20140919,000000,116,116,104.4,104.4,209,0
IBS,D,20140922,000000,104.4,104.4,104.4,104.4,15,0
IBS,D,20140923,000000,114,114,102.8,107.6,73,0
IBS,D,20140924,000000,107.6,107.6,102.4,102.4,69,0
IBS,D,20140925,000000,104.8,104.8,102,102,64,0
IBS,D,20140926,000000,104,104,96,104,99,0
IBS,D,20140929,000000,104.8,104.8,90,90,120,0
IBS,D,20140930,000000,86.8,94,86,93.6,119,0
IBS,D,20141001,000000,91.6,91.6,82.4,86.8,133,0
IBS,D,20141002,000000,86.8,94.4,86.8,87.6,132,0
IBS,D,20141003,000000,91.6,91.6,82.8,82.8,20,0
IBS,D,20141006,000000,82.8,88,82.8,88,16,0
IBS,D,20141007,000000,86.8,86.8,78.4,86,122,0
IBS,D,20141008,000000,86.4,86.4,80,80.8,228,0
IBS,D,20141009,000000,86,86,80,86,0,0
IBS,D,20141010,000000,86,86,86,86,1,0
IBS,D,20141013,000000,86,86,85.6,85.6,10,0
IBS,D,20141014,000000,84.4,84.4,80,83.6,38,0
IBS,D,20141015,000000,82.8,83.2,78.8,83.2,44,0
IBS,D,20141016,000000,82.8,82.8,78.8,80.8,42,0
IBS,D,20141017,000000,78.8,80.4,78,80.4,63,0
IBS,D,20141020,000000,82.8,82.8,82.8,82.8,0,0
IBS,D,20141021,000000,82.8,83.2,82.4,83.2,9,0
IBS,D,20141022,000000,82.8,82.8,76.8,82.4,84,0
IBS,D,20141023,000000,82.4,82.4,82.4,82.4,0,0
IBS,D,20141024,000000,82,82,76,80,109,0
IBS,D,20141027,000000,80,80,80,80,0,0
IBS,D,20141028,000000,80,80,80,80,0,0
IBS,D,20141029,000000,80,80,76,78,379,0
IBS,D,20141030,000000,80,80,80,80,1,0
IBS,D,20141031,000000,80,80,76,80,380,0
IBS,D,20141103,000000,80,80,76.4,80,31,0
IBS,D,20141104,000000,80,82.4,78,82.4,86,0
IBS,D,20141105,000000,82.4,82.4,80,82.4,27,0
IBS,D,20141106,000000,78,83.2,78,83.2,28,0
IBS,D,20141107,000000,84,88,82.4,88,56,0
IBS,D,20141110,000000,88,88,82.4,88,146,0
IBS,D,20141112,000000,88,88,88,88,14,0
IBS,D,20141113,000000,88,88,88,88,0,0
IBS,D,20141114,000000,88,88,87.2,88,28,0
IBS,D,20141117,000000,88,90.4,84,90.4,156,0
IBS,D,20141118,000000,90.4,90.4,79.6,79.6,282,0
IBS,D,20141119,000000,79.6,86.8,79.6,80,73,0
IBS,D,20141120,000000,86.8,86.8,80,80,34,0
IBS,D,20141121,000000,80,86,80,86,60,0
IBS,D,20141124,000000,86,86,79.6,84.8,45,0
IBS,D,20141125,000000,84.8,84.8,76,76,54,0
IBS,D,20141126,000000,83.6,83.6,79.2,83.2,0,0
IBS,D,20141127,000000,83.2,83.2,75.2,79.6,35,0
IBS,D,20141128,000000,81.2,81.2,80.8,81.2,6,0
IBS,D,20141201,000000,81.6,82,74.4,81.6,8,0
IBS,D,20141202,000000,81.6,81.6,74,80.8,0,0
IBS,D,20141203,000000,81.2,81.6,76,81.6,6,0
IBS,D,20141204,000000,81.6,81.6,74,81.2,27,0
IBS,D,20141205,000000,81.2,81.2,76,80.8,10,0
IBS,D,20141208,000000,81.2,81.2,72.8,80,116,0
IBS,D,20141209,000000,80,80,80,80,0,0
IBS,D,20141210,000000,79.6,79.6,79.6,79.6,0,0
IBS,D,20141211,000000,79.6,79.6,76,79.2,15,0
IBS,D,20141212,000000,79.2,79.2,72.8,78.8,7,0
IBS,D,20141215,000000,78,78,73.2,73.2,32,0
IBS,D,20141216,000000,72,72,71.2,71.6,32,0
IBS,D,20141217,000000,71.6,71.6,71.6,71.6,0,0
IBS,D,20141218,000000,70.8,71.2,70.8,70.8,85,0
IBS,D,20141219,000000,70.8,70.8,57.6,58.4,158,0
IBS,D,20141222,000000,57.6,57.6,46.8,49.2,572,0
IBS,D,20141223,000000,46.8,51.2,46.8,48,152,0
IBS,D,20141229,000000,51.6,54,51.2,54,92,0
IBS,D,20141230,000000,53.6,58.4,52,52,51,0
IBS,D,20150102,000000,57.2,57.2,57.2,57.2,1,0
IBS,D,20150105,000000,62.8,62.8,60,60,3,0
IBS,D,20150107,000000,60,60,54.4,54.4,18,0
IBS,D,20150108,000000,54.8,54.8,54.8,54.8,30,0
IBS,D,20150109,000000,54,54,54,54,13,0
IBS,D,20150112,000000,52,52.4,52,52.4,18,0
IBS,D,20150113,000000,52.8,52.8,52.8,52.8,13,0
IBS,D,20150114,000000,53.6,53.6,53.6,53.6,39,0
IBS,D,20150115,000000,59.2,59.2,58.8,58.8,7,0
IBS,D,20150116,000000,58.8,58.8,58.8,58.8,3,0
IBS,D,20150119,000000,58.4,58.4,56,56,5,0
IBS,D,20150120,000000,56,56,56,56,23,0
IBS,D,20150121,000000,53.6,53.6,53.6,53.6,15,0
IBS,D,20150122,000000,58,58,58,58,3,0
IBS,D,20150123,000000,50,50,50,50,5,0
IBS,D,20150126,000000,54.8,57.2,54.8,57.2,1,0
IBS,D,20150127,000000,50,50.4,50,50.4,15,0
IBS,D,20150128,000000,55.2,55.2,55.2,55.2,0,0
IBS,D,20150129,000000,50,50,50,50,5,0
IBS,D,20150130,000000,49.6,49.6,49.6,49.6,20,0
IBS,D,20150202,000000,49.6,49.6,49.6,49.6,5,0
IBS,D,20150203,000000,49.6,49.6,49.6,49.6,15,0
IBS,D,20150204,000000,51.2,51.2,49.6,49.6,5,0
IBS,D,20150205,000000,49.6,50,49.6,50,3,0
IBS,D,20150206,000000,48,50,48,50,12,0
IBS,D,20150209,000000,49.2,49.2,49.2,49.2,10,0
IBS,D,20150210,000000,48.8,48.8,48,48,21,0
IBS,D,20150211,000000,47.2,47.2,47.2,47.2,66,0
IBS,D,20150212,000000,47.2,48,47.2,48,75,0
IBS,D,20150213,000000,47.2,47.2,47.2,47.2,116,0
IBS,D,20150216,000000,46.8,46.8,46.8,46.8,6,0
IBS,D,20150217,000000,46.8,46.8,46.8,46.8,3,0
IBS,D,20150218,000000,46.8,46.8,46.8,46.8,38,0
IBS,D,20150219,000000,46.4,46.4,46.4,46.4,19,0
IBS,D,20150220,000000,46.4,46.4,44,44,121,0
IBS,D,20150223,000000,44,44,44,44,40,0
IBS,D,20150224,000000,44,44,44,44,6,0
IBS,D,20150225,000000,40,40,40,40,5,0
IBS,D,20150226,000000,42,46,42,46,7,0
IBS,D,20150227,000000,50.4,50.4,50.4,50.4,1,0
IBS,D,20150302,000000,52,52,48,48,91,0
IBS,D,20150303,000000,46,48,46,48,2,0
IBS,D,20150309,000000,46,48,46,48,36,0
IBS,D,20150310,000000,48,48,48,48,1,0
IBS,D,20150311,000000,48,48,48,48,1,0
IBS,D,20150312,000000,46.8,46.8,46.8,46.8,44,0
IBS,D,20150313,000000,42.4,42.4,42.4,42.4,211,0
IBS,D,20150316,000000,42.4,42.4,42.4,42.4,54,0
IBS,D,20150317,000000,46.4,46.4,46.4,46.4,8,0
IBS,D,20150318,000000,46.4,46.4,46.4,46.4,50,0
IBS,D,20150320,000000,42.8,42.8,42.4,42.4,209,0
IBS,D,20150323,000000,42.4,42.4,42.4,42.4,0,0
IBS,D,20150324,000000,42.4,42.4,40.8,40.8,170,0
IBS,D,20150325,000000,39.6,40,39.6,40,98,0
IBS,D,20150326,000000,36,36,36,36,23,0
IBS,D,20150327,000000,36,36,36,36,178,0
IBS,D,20150330,000000,39.6,39.6,39.6,39.6,0,0
IBS,D,20150331,000000,35.2,35.2,35.2,35.2,50,0
IBS,D,20150401,000000,38,38,38,38,25,0
IBS,D,20150402,000000,35.2,35.2,35.2,35.2,20,0
IBS,D,20150407,000000,36,36,34,34,15,0
IBS,D,20150408,000000,34,34,32,32,75,0
IBS,D,20150413,000000,28.8,28.8,28.8,28.8,216,0
IBS,D,20150414,000000,31.2,31.2,31.2,31.2,1,0
IBS,D,20150415,000000,30.8,30.8,30.8,30.8,7,0
IBS,D,20150416,000000,27.2,27.2,25.6,25.6,327,0
IBS,D,20150417,000000,25.6,25.6,25.6,25.6,99,0
IBS,D,20150422,000000,23.2,23.6,23.2,23.6,129,0
IBS,D,20150423,000000,23.6,23.6,23.6,23.6,72,0
IBS,D,20150424,000000,25.6,25.6,25.6,25.6,0,0
IBS,D,20150427,000000,22.4,22.4,22.4,22.4,5,0
IBS,D,20150428,000000,25.2,25.2,25.2,25.2,13,0
IBS,D,20150429,000000,25.2,25.2,25.2,25.2,0,0
IBS,D,20150430,000000,24,24,24,24,78,0
IBS,D,20150504,000000,22.4,22.4,22.4,22.4,139,0
IBS,D,20150505,000000,22.4,22.4,22,22,47,0
IBS,D,20150506,000000,22,22,22,22,60,0
IBS,D,20150507,000000,22,22,22,22,6,0
IBS,D,20150508,000000,21.6,21.6,21.6,21.6,157,0
IBS,D,20150511,000000,22,22,20.8,20.8,80,0
IBS,D,20150513,000000,22.8,23.6,22.8,23.6,3,0
IBS,D,20150514,000000,23.2,23.2,23.2,23.2,1,0
IBS,D,20150515,000000,24,24,24,24,0,0
IBS,D,20150518,000000,22,22,21.2,21.2,65,0
IBS,D,20150519,000000,19.6,19.6,18,18,167,0
IBS,D,20150520,000000,18,18,18,18,659,0
IBS,D,20150521,000000,18,18,18,18,91,0
IBS,D,20150522,000000,18,18,18,18,45,0
IBS,D,20150525,000000,18,18,18,18,3,0
IBS,D,20150526,000000,16.4,16.4,16.4,16.4,684,0
IBS,D,20150527,000000,18,18,18,18,3,0
IBS,D,20150528,000000,18,18,18,18,4,0
IBS,D,20150529,000000,19.6,19.6,19.6,19.6,0,0
IBS,D,20150601,000000,16,16,16,16,304,0
IBS,D,20150602,000000,16,16,14,14,103,0
IBS,D,20150603,000000,13.6,13.6,12.8,12.8,524,0
IBS,D,20150605,000000,12.8,12.8,12.8,12.8,190,0
IBS,D,20150608,000000,12.8,12.8,12.8,12.8,105,0
IBS,D,20150609,000000,12,12,12,12,74,0
IBS,D,20150610,000000,12,12,12,12,23,0
IBS,D,20150611,000000,12,12,12,12,19,0
IBS,D,20150612,000000,10,10,10,10,417,0
IBS,D,20150615,000000,11.2,11.2,11.2,11.2,31,0
IBS,D,20150616,000000,13.6,13.6,13.6,13.6,8,0
IBS,D,20150618,000000,13.6,13.6,13.6,13.6,223,0
IBS,D,20150624,000000,14,14,14,14,3,0
IBS,D,20150625,000000,14,14.8,14,14.8,19,0
IBS,D,20150626,000000,14.8,14.8,14.8,14.8,6,0
IBS,D,20150708,000000,11.6,11.6,11.6,11.6,51,0
IBS,D,20150709,000000,11.6,11.6,11.6,11.6,6,0
IBS,D,20150710,000000,11.6,11.6,11.6,11.6,6,0
IBS,D,20150715,000000,12.8,12.8,12.8,12.8,45,0
IBS,D,20150716,000000,14.8,14.8,14.8,14.8,75,0
IBS,D,20150717,000000,14.8,14.8,14.8,14.8,43,0
IBS,D,20150720,000000,17.6,17.6,17.6,17.6,88,0
IBS,D,20150721,000000,17.6,18,17.6,18,98,0
IBS,D,20150722,000000,20,20,20,20,43,0
IBS,D,20150723,000000,20,21.6,20,21.6,71,0
IBS,D,20150724,000000,24,24.8,24,24.8,438,0
IBS,D,20150727,000000,29.6,29.6,29.6,29.6,37,0
IBS,D,20150728,000000,34,36,34,36,319,0
IBS,D,20150729,000000,36,36,34,34,284,0
IBS,D,20150730,000000,32.8,32.8,30.4,30.4,134,0
IBS,D,20150731,000000,30,30,30,30,29,0
IBS,D,20150803,000000,26.4,26.4,25.2,25.2,240,0
IBS,D,20150804,000000,28,28,28,28,1,0
IBS,D,20150805,000000,28,30,28,30,14,0
IBS,D,20150806,000000,32.8,32.8,32.8,32.8,1,0
IBS,D,20150810,000000,32.4,32.4,32.4,32.4,3,0
IBS,D,20150811,000000,31.2,31.2,31.2,31.2,1,0
IBS,D,20150813,000000,30,30,30,30,7,0
IBS,D,20150820,000000,29.6,29.6,29.6,29.6,0,0
IBS,D,20150901,000000,28,28,28,28,3,0
IBS,D,20150908,000000,28,28,27.6,27.6,178,0
IBS,D,20150916,000000,27.6,27.6,27.6,27.6,450,0
IBS,D,20150917,000000,26.8,26.8,26.8,26.8,4,0
IBS,D,20150921,000000,32,32,32,32,307,0
IBS,D,20150924,000000,31.6,31.6,31.6,31.6,325,0
IBS,D,20150929,000000,31.2,31.2,31.2,31.2,19,0
IBS,D,20151001,000000,31.2,31.2,31.2,31.2,24,0
IBS,D,20151007,000000,31.2,31.2,30,30,128,0
IBS,D,20151008,000000,30,30,30,30,3,0
IBS,D,20151009,000000,27.2,27.2,27.2,27.2,95,0
IBS,D,20151012,000000,27.2,27.2,27.2,27.2,3,0
IBS,D,20151014,000000,26.4,27.2,26.4,27.2,44,0
IBS,D,20151028,000000,27.2,27.2,27.2,27.2,1,0
IBS,D,20151102,000000,24.5,24.5,24,24,82,0
IBS,D,20151105,000000,24,24,24,24,68,0
IBS,D,20151106,000000,27,27,27,27,17,0
IBS,D,20151109,000000,24,24,24,24,7,0
IBS,D,20151110,000000,24,26.4,24,26.4,11,0
IBS,D,20151112,000000,26.4,26.4,26.4,26.4,3,0
IBS,D,20151116,000000,26.4,26.4,25,25,331,0
IBS,D,20151118,000000,27.5,27.5,27.5,27.5,1,0
IBS,D,20151119,000000,24,24,24,24,4,0
IBS,D,20151120,000000,26.4,26.4,26.4,26.4,1,0
IBS,D,20151123,000000,29,29,29,29,1,0
IBS,D,20151124,000000,24,24,24,24,1,0
IBS,D,20151125,000000,26.4,26.4,26.4,26.4,1,0
IBS,D,20151126,000000,28.4,28.4,28.4,28.4,1,0
IBS,D,20151127,000000,27.5,27.5,27.5,27.5,41,0
IBS,D,20151130,000000,27.49,27.49,27.49,27.49,1,0
IBS,D,20151202,000000,25,25,25,25,9,0
IBS,D,20151204,000000,27,27,27,27,17,0
IBS,D,20151207,000000,27.5,28,27.5,28,7,0
IBS,D,20151208,000000,28.8,28.8,28.8,28.8,7,0
IBS,D,20151210,000000,28.8,28.8,28.8,28.8,22,0
IBS,D,20151211,000000,29,29,29,29,88,0
IBS,D,20151222,000000,29,29,29,29,26,0
IBS,D,20151228,000000,26,26,26,26,30,0
IBS,D,20160105,000000,27,27,27,27,1,0
IBS,D,20160111,000000,27,27,27,27,4,0
IBS,D,20160113,000000,28.48,28.48,28.48,28.48,1,0
IBS,D,20160114,000000,31.28,31.28,31.28,31.28,1,0
IBS,D,20160405,000000,24.99,24.99,24.99,24.99,30,0
IBS,D,20160413,000000,21.75,21.75,21.75,21.75,20,0
IBS,D,20160414,000000,21.6,21.6,21.6,21.6,200,0
IBS,D,20160418,000000,24,24,24,24,5,0
IBS,D,20160420,000000,22,22,22,22,11,0
IBS,D,20160426,000000,21,21,21,21,1,0
IBS,D,20160429,000000,20,20,20,20,2,0
IBS,D,20160502,000000,19,19,19,19,10,0
IBS,D,20160505,000000,17.1,17.1,17.1,17.1,16,0
IBS,D,20160506,000000,17.2,17.2,17.2,17.2,57,0
IBS,D,20160510,000000,17.5,17.5,17.5,17.5,6,0
IBS,D,20160511,000000,17.5,17.5,17.5,17.5,1,0
IBS,D,20160513,000000,20,20,20,20,31,0
IBS,D,20160516,000000,20,20,20,20,23,0
IBS,D,20160519,000000,22,22,22,22,19,0
IBS,D,20160520,000000,22,24,22,24,27,0
IBS,D,20160523,000000,24,24,24,24,92,0
IBS,D,20160524,000000,24,24,24,24,50,0
IBS,D,20160525,000000,24,24,24,24,88,0
IBS,D,20160527,000000,24,24,24,24,27,0
IBS,D,20160624,000000,24.5,24.5,24.5,24.5,72,0
IBS,D,20160704,000000,25,25,25,25,28,0
IBS,D,20160802,000000,25.95,25.95,25.95,25.95,32,0
IBS,D,20160804,000000,25,25,25,25,100,0
IBS,D,20160805,000000,21,21.1,21,21.1,162,0
IBS,D,20160808,000000,20,20,20,20,533,0
IBS,D,20160810,000000,22,24.2,22,24.2,2,0
IBS,D,20160812,000000,24.4,26.6,24.4,26.6,38,0
IBS,D,20160817,000000,27,28.9,27,28.9,21,0
IBS,D,20160819,000000,30.98,30.98,30.98,30.98,3,0
IBS,D,20160824,000000,30.98,30.98,30.98,30.98,1,0
IBS,D,20160901,000000,27.89,27.89,27.89,27.89,6,0
IBS,D,20160905,000000,27.89,27.89,27.89,27.89,2,0
IBS,D,20160908,000000,30.67,30.67,30.67,30.67,1,0
IBS,D,20160909,000000,27.61,27.61,27.61,27.61,1,0
IBS,D,20160912,000000,28.01,28.01,28.01,28.01,10,0
IBS,D,20160913,000000,30.58,30.58,30.58,30.58,16,0
IBS,D,20160921,000000,30.98,30.98,30.98,30.98,4,0
IBS,D,20160927,000000,27.89,27.89,27.89,27.89,26,0
IBS,D,20161010,000000,30,30,30,30,1,0
IBS,D,20161019,000000,30,30,30,30,50,0
IBS,D,20170109,000000,27,27,24.1,24.1,24,0
IBS,D,20170110,000000,21.69,23,21.69,23,75,0
IBS,D,20170213,000000,16.5,16.5,16.5,16.5,9,0
IBS,D,20170214,000000,16.56,18.01,16.56,18.01,67,0
IBS,D,20170215,000000,19.75,19.75,19.75,19.75,20,0
IBS,D,20170216,000000,19.75,19.75,19.75,19.75,55,0
IBS,D,20170217,000000,19.99,20,19.99,20,198,0
IBS,D,20170220,000000,21,21,21,21,10,0
IBS,D,20170221,000000,19.76,19.76,19.76,19.76,30,0
IBS,D,20170222,000000,19.76,19.76,19.75,19.75,36,0
IBS,D,20170223,000000,19.75,19.75,19.75,19.75,15,0
IBS,D,20170224,000000,21,21,21,21,115,0
IBS,D,20170301,000000,22,22,22,22,95,0
IBS,D,20170302,000000,23,23,23,23,131,0
IBS,D,20170303,000000,25.3,25.3,25.3,25.3,2,0
IBS,D,20170306,000000,27.5,27.5,27.5,27.5,10,0
IBS,D,20170307,000000,29.9,29.9,29.9,29.9,100,0
IBS,D,20170308,000000,26.91,27.88,26.91,27.88,46,0
IBS,D,20170310,000000,27.88,27.88,27.88,27.88,1,0
IBS,D,20170314,000000,25.35,25.35,25.35,25.35,30,0
IBS,D,20170316,000000,25.35,25.35,25.35,25.35,5,0
IBS,D,20170324,000000,25.35,25.35,25.35,25.35,1,0
IBS,D,20170329,000000,25.35,25.35,25.35,25.35,1,0
IBS,D,20170405,000000,27.5,27.5,21,21,61,0
IBS,D,20170407,000000,21,21,21,21,48,0
IBS,D,20170413,000000,23.1,25.4,23.1,25.4,31,0
IBS,D,20170418,000000,25,25,25,25,5,0
IBS,D,20170419,000000,25,25,25,25,43,0
IBS,D,20170505,000000,21,21,21,21,10,0
IBS,D,20170511,000000,21,21,21,21,23,0
IBS,D,20170519,000000,20,20,20,20,2,0
IBS,D,20170522,000000,22,22,22,22,6,0
IBS,D,20170523,000000,24.2,24.2,24.2,24.2,2,0
IBS,D,20170524,000000,24.2,24.2,24.2,24.2,4,0
IBS,D,20170526,000000,25,25,25,25,1,0
IBS,D,20170602,000000,24.32,24.35,24.32,24.35,20,0
IBS,D,20170607,000000,24.35,24.35,24.35,24.35,1,0
IBS,D,20170609,000000,25,25,25,25,41,0
IBS,D,20170612,000000,25,25,25,25,18,0
IBS,D,20170613,000000,25.51,26.38,25.51,26.38,36,0
IBS,D,20170614,000000,29,30,29,30,4,0
IBS,D,20170616,000000,30,30,30,30,3,0
IBS,D,20170620,000000,28.04,28.04,28.04,28.04,1,0
IBS,D,20170621,000000,28,28,28,28,1,0
IBS,D,20170623,000000,28,28.04,28,28.04,7,0
IBS,D,20170626,000000,28.04,29.5,28.04,29.5,72,0
IBS,D,20170630,000000,29.5,29.5,29.5,29.5,1,0
IBS,D,20170711,000000,28.3,28.3,28.3,28.3,48,0
IBS,D,20170712,000000,27.9,27.9,27.9,27.9,11,0
IBS,D,20170713,000000,27.9,27.9,27.9,27.9,6,0
IBS,D,20170714,000000,27.9,27.9,27.9,27.9,10,0
IBS,D,20170717,000000,27.9,27.9,27.9,27.9,25,0
IBS,D,20170720,000000,27.93,27.93,27.93,27.93,5,0
IBS,D,20170724,000000,27.94,27.94,27.94,27.94,3,0
IBS,D,20170803,000000,28.44,28.44,28.44,28.44,1,0
IBS,D,20170804,000000,28.44,28.44,28.44,28.44,1,0
IBS,D,20170828,000000,22,22,22,22,12,0
IBS,D,20170829,000000,20,20,20,20,2,0
IBS,D,20170904,000000,20,20,20,20,25,0
IBS,D,20170907,000000,20,20,20,20,11,0
IBS,D,20170914,000000,22,24,22,24,2,0
IBS,D,20170918,000000,24.21,24.21,24.21,24.21,2,0
IBS,D,20170921,000000,24.22,24.22,24.22,24.22,1,0
IBS,D,20171005,000000,25,25,25,25,1,0
IBS,D,20171016,000000,20,20,20,20,35,0
IBS,D,20171017,000000,22,22,22,22,2,0
IBS,D,20171020,000000,20,20,20,20,2,0
IBS,D,20171026,000000,20,20,20,20,1,0
IBS,D,20171102,000000,18.59,18.6,18.59,18.6,135,0
IBS,D,20171109,000000,18.6,18.6,18.6,18.6,1,0
IBS,D,20171110,000000,18.6,18.6,18.6,18.6,44,0
IBS,D,20171115,000000,18.01,18.01,18.01,18.01,28,0
IBS,D,20171122,000000,17.99,17.99,17.99,17.99,7,0
IBS,D,20171124,000000,17.01,17.01,17.01,17.01,2,0
IBS,D,20171127,000000,18,18,18,18,29,0
IBS,D,20171129,000000,19.8,19.8,19.8,19.8,25,0
IBS,D,20171130,000000,20,20,20,20,25,0
IBS,D,20171205,000000,22.44,22.44,22.44,22.44,37,0
IBS,D,20171206,000000,22.44,22.44,22.44,22.44,4,0
IBS,D,20171207,000000,22.44,22.44,22.44,22.44,6,0
IBS,D,20171211,000000,22.75,22.75,22.75,22.75,25,0
IBS,D,20171212,000000,24.67,24.67,24.67,24.67,5,0
IBS,D,20171215,000000,24.74,24.74,24.74,24.74,20,0
IBS,D,20171220,000000,22.27,23.77,22.27,23.77,2,0
IBS,D,20171227,000000,23.77,23.77,23.77,23.77,8,0
IBS,D,20171229,000000,21.99,21.99,21.41,21.41,47,0
IBS,D,20180105,000000,23.4,23.4,23.4,23.4,1,0
IBS,D,20180108,000000,25,25,25,25,2,0
IBS,D,20180307,000000,20,20,20,20,15,0
IBS,D,20180308,000000,25,25,25,25,110,0
IBS,D,20180309,000000,24.2,24.4,24.2,24.4,28,0
IBS,D,20180314,000000,24.6,24.8,24.6,24.8,12,0
IBS,D,20180315,000000,25,25,25,25,1,0
IBS,D,20180404,000000,25.2,25.2,25.2,25.2,23,0
IBS,D,20180405,000000,24.8,24.8,22.4,22.4,26,0
IBS,D,20180409,000000,24.6,24.6,24.6,24.6,1,0
IBS,D,20180410,000000,27,27,27,27,2,0
IBS,D,20180411,000000,27,27,27,27,3,0
IBS,D,20180416,000000,22,22,22,22,20,0
IBS,D,20180417,000000,22,22,22,22,20,0
IBS,D,20180425,000000,22.8,24.4,22.8,24.4,3,0
IBS,D,20180426,000000,24.8,24.8,24.8,24.8,1,0
IBS,D,20180502,000000,22,22,22,22,3,0
IBS,D,20180522,000000,22.4,22.4,22.4,22.4,1,0
IBS,D,20180606,000000,22.4,22.4,22.4,22.4,2,0
IBS,D,20180614,000000,22,22,22,22,1,0
IBS,D,20180615,000000,20.4,20.4,20.4,20.4,10,0
IBS,D,20180629,000000,20.4,20.4,20.2,20.2,2,0
IBS,D,20180730,000000,18.4,18.4,18,18,7,0
IBS,D,20180801,000000,18,18,18,18,24,0
IBS,D,20180802,000000,18,18,18,18,22,0
IBS,D,20180806,000000,18,18,18,18,1,0
IBS,D,20180807,000000,18,18,18,18,33,0
IBS,D,20180809,000000,17,17,17,17,34,0
IBS,D,20180814,000000,17,17,17,17,16,0
IBS,D,20180822,000000,18.4,18.4,18.4,18.4,1,0
IBS,D,20180824,000000,20.2,20.2,20.2,20.2,2,0
IBS,D,20180827,000000,20.2,20.2,20.2,20.2,1,0
IBS,D,20180921,000000,19.9,19.9,19.9,19.9,26,0
IBS,D,20181002,000000,19,19,19,19,5,0
IBS,D,20181024,000000,16,16,16,16,1,0
IBS,D,20181029,000000,16,16,16,16,50,0
IBS,D,20181031,000000,15,15,15,15,1,0
IBS,D,20181102,000000,14,14,14,14,18,0
IBS,D,20181106,000000,13.7,13.7,13.7,13.7,50,0
IBS,D,20181113,000000,14,14,14,14,1,0
IBS,D,20181114,000000,15,15,15,15,2,0
IBS,D,20190110,000000,10,10,10,10,256,0
IBS,D,20190121,000000,9.95,9.95,9.95,9.95,10,0
IBS,D,20190125,000000,9.95,9.95,8,8,167,0
IBS,D,20190129,000000,9.55,9.55,9.55,9.55,355,0
IBS,D,20190130,000000,10,10,10,10,7,0
IBS,D,20190131,000000,11,11,11,11,7,0
IBS,D,20190204,000000,12,12,12,12,3,0
IBS,D,20190205,000000,11,11,11,11,10,0
IBS,D,20190208,000000,10,10,10,10,66,0
IBS,D,20190211,000000,11,11,11,11,3,0
IBS,D,20190228,000000,12,12,12,12,3,0
IBS,D,20190305,000000,14,14,14,14,2,0
IBS,D,20190319,000000,14,14,14,14,25,0
IBS,D,20190322,000000,15.4,15.4,15.4,15.4,66,0
IBS,D,20190326,000000,15.8,15.8,15.8,15.8,1,0
IBS,D,20190329,000000,12.1,12.1,12.1,12.1,258,0
IBS,D,20190401,000000,12.1,12.1,12.1,12.1,225,0
IBS,D,20190402,000000,10.9,12.1,10.9,12.1,221,0
IBS,D,20190403,000000,13.3,13.3,13.3,13.3,2,0
IBS,D,20190417,000000,13.4,13.4,13.4,13.4,30,0
IBS,D,20190426,000000,13.4,13.4,13.4,13.4,85,0
IBS,D,20190515,000000,12,12,12,12,2,0
IBS,D,20190520,000000,10.8,10.8,10.8,10.8,58,0
IBS,D,20190522,000000,10.8,10.8,10.8,10.8,2,0
IBS,D,20190710,000000,9.75,9.75,9.75,9.75,59,0
IBS,D,20190715,000000,8.8,8.8,8.8,8.8,64,0
IBS,D,20190723,000000,7.1,7.1,7.1,7.1,57,0
IBS,D,20190726,000000,7.1,7.1,7.1,7.1,9,0
IBS,D,20190805,000000,7.1,7.1,7.1,7.1,3,0
IBS,D,20190819,000000,8.5,8.5,8.5,8.5,98,0
IBS,D,20190820,000000,8.5,10.1,8.5,10.1,135,0
IBS,D,20190821,000000,10.8,10.8,10.8,10.8,118,0
IBS,D,20190822,000000,12.9,12.9,12.9,12.9,13,0
IBS,D,20190823,000000,14,14,14,14,5,0
IBS,D,20190826,000000,15.4,15.4,15.2,15.2,39,0
IBS,D,20190906,000000,14.9,14.9,14.9,14.9,70,0
IBS,D,20191210,000000,13.5,13.5,13.5,13.5,74,0
IBS,D,20200103,000000,12.5,12.5,12.5,12.5,50,0
IBS,D,20200108,000000,10,10,10,10,25,0
IBS,D,20200110,000000,10,10,10,10,50,0
IBS,D,20200113,000000,10,10,10,10,40,0
IBS,D,20200122,000000,10,10,10,10,100,0
IBS,D,20200123,000000,10,10,10,10,100,0
IBS,D,20200130,000000,8.8,8.8,8.8,8.8,13,0
IBS,D,20200204,000000,10,10,10,10,17,0
IBS,D,20200212,000000,10,10,10,10,49,0
IBS,D,20200217,000000,10,10,10,10,60,0
IBS,D,20200312,000000,11,11,11,11,1,0
IBS,D,20200323,000000,11,11,11,11,130,0
IBS,D,20200324,000000,11,12.1,11,12.1,34,0
IBS,D,20200325,000000,11,11,11,11,46,0
IBS,D,20200609,000000,4.74,4.74,4.74,4.74,629,0
IBS,D,20200610,000000,5,5,5,5,5451,0
IBS,D,20200617,000000,5,5,5,5,1480,0
IBS,D,20200618,000000,5.45,5.45,5.45,5.45,5900,0
IBS,D,20200619,000000,5,5,5,5,1477,0
IBS,D,20200622,000000,5.45,5.45,5.45,5.45,10,0
IBS,D,20200624,000000,6,6,6,6,192,0
IBS,D,20200625,000000,6.6,6.6,6.6,6.6,110,0
IBS,D,20200629,000000,7.8,7.8,7.8,7.8,180,0
IBS,D,20200630,000000,7.85,7.85,7.85,7.85,126,0
IBS,D,20200701,000000,7.85,7.85,7.85,7.85,49,0
IBS,D,20200703,000000,7.5,7.5,7.5,7.5,80,0
IBS,D,20200706,000000,7.5,7.5,7.5,7.5,740,0
IBS,D,20200707,000000,8.2,8.8,8.2,8.8,171,0
IBS,D,20200708,000000,11.8,11.8,11.4,11.4,103,0
IBS,D,20200709,000000,9.4,11,9.4,11,179,0
