<TICKER>,<PER>,<DATE>,<TIME>,<OPEN>,<HIGH>,<LOW>,<CLOSE>,<VOL>,<OPENINT>
IDA,D,20150416,000000,25,26.95,25,26.95,227078,0
IDA,D,20150417,000000,27,28,26.22,26.45,76991,0
IDA,D,20150420,000000,26.45,27.12,25.5,26.9,56942,0
IDA,D,20150421,000000,26.66,26.7,26.49,26.49,11961,0
IDA,D,20150422,000000,26.16,26.5,25.8,26.2,13085,0
IDA,D,20150423,000000,26.3,26.3,25.61,25.75,11603,0
IDA,D,20150424,000000,25.53,25.7,25.2,25.7,43277,0
IDA,D,20150427,000000,25.25,25.9,25.25,25.7,12452,0
IDA,D,20150428,000000,25.5,26.4,25.5,26.4,31901,0
IDA,D,20150429,000000,25.85,26.39,25.8,26.39,5947,0
IDA,D,20150430,000000,26,26.38,25.72,26.38,4605,0
IDA,D,20150504,000000,26,27.19,26,27.19,48474,0
IDA,D,20150505,000000,26.91,27.2,26.8,27.2,43182,0
IDA,D,20150506,000000,27.2,28,26.9,28,31275,0
IDA,D,20150507,000000,28.5,28.9,28,28.15,28681,0
IDA,D,20150508,000000,28,28.5,27.8,28,8703,0
IDA,D,20150511,000000,28,28,27.55,28,15228,0
IDA,D,20150512,000000,27.98,27.98,26.33,27.87,3056,0
IDA,D,20150513,000000,27.5,27.84,27.1,27.7,4988,0
IDA,D,20150514,000000,27.7,28.05,27.1,28,6198,0
IDA,D,20150515,000000,28,28.5,27.42,28.5,6971,0
IDA,D,20150518,000000,28.4,28.5,27.58,27.58,7208,0
IDA,D,20150519,000000,27.4,28.2,27.12,28.2,6720,0
IDA,D,20150520,000000,28.48,28.48,27.4,28,864,0
IDA,D,20150521,000000,27.72,28,27.6,28,1960,0
IDA,D,20150522,000000,28,28,27.6,27.85,1285,0
IDA,D,20150525,000000,27.3,27.7,27.28,27.7,2055,0
IDA,D,20150526,000000,27.5,27.6,26.91,27.28,4801,0
IDA,D,20150527,000000,27,27.5,27,27.5,2514,0
IDA,D,20150528,000000,27.55,28,27.03,28,16500,0
IDA,D,20150529,000000,27.26,28,27.26,28,974,0
IDA,D,20150601,000000,27.5,27.8,27.2,27.8,365,0
IDA,D,20150602,000000,27.91,27.91,27.1,27.7,2782,0
IDA,D,20150603,000000,27.7,27.7,27.12,27.32,5394,0
IDA,D,20150605,000000,27,27,26.41,26.5,10102,0
IDA,D,20150608,000000,26.5,26.5,25.33,26.45,7266,0
IDA,D,20150609,000000,26.4,26.4,26.3,26.3,710,0
IDA,D,20150610,000000,25.63,26.1,25.18,26.1,17221,0
IDA,D,20150611,000000,26.1,26.2,25.37,26.2,2803,0
IDA,D,20150612,000000,25.52,26.4,25.52,26.4,726,0
IDA,D,20150615,000000,25.81,26.3,25.81,26.3,865,0
IDA,D,20150616,000000,25.71,26.29,25.71,26.15,699,0
IDA,D,20150617,000000,25.71,26.15,25.71,26.15,943,0
IDA,D,20150618,000000,26.12,26.12,24.5,25.38,6670,0
IDA,D,20150619,000000,25.38,25.38,24.85,25.36,12340,0
IDA,D,20150622,000000,24.8,25.29,24.8,25.29,1400,0
IDA,D,20150623,000000,25.4,25.5,25,25.5,13602,0
IDA,D,20150624,000000,26,26.2,25.5,25.7,31419,0
IDA,D,20150625,000000,25.99,26.39,25.7,26,11317,0
IDA,D,20150626,000000,26,26,25.46,26,4752,0
IDA,D,20150629,000000,25.01,26,24.55,26,10117,0
IDA,D,20150630,000000,25.5,26.26,25.5,26.26,4510,0
IDA,D,20150701,000000,25.41,26.5,25.41,26,2292,0
IDA,D,20150702,000000,26,26,25.76,26,1143,0
IDA,D,20150703,000000,26,26,25.92,26,533,0
IDA,D,20150706,000000,25.55,25.87,25.25,25.8,3670,0
IDA,D,20150707,000000,25.34,25.8,25.2,25.8,2515,0
IDA,D,20150708,000000,25.4,25.4,24.8,25.19,3429,0
IDA,D,20150709,000000,24.8,25.16,23.6,25.16,3724,0
IDA,D,20150710,000000,25,25.87,25,25.87,2079,0
IDA,D,20150713,000000,25.99,26,25.7,25.89,1295,0
IDA,D,20150714,000000,25.04,25.69,25.04,25.69,3282,0
IDA,D,20150715,000000,25,25.69,25,25.69,1341,0
IDA,D,20150716,000000,25.69,25.69,25.69,25.69,60,0
IDA,D,20150717,000000,25.11,26,25.11,25.7,686,0
IDA,D,20150720,000000,26,26,25.69,25.69,3681,0
IDA,D,20150721,000000,25.6,25.69,25.6,25.69,6063,0
IDA,D,20150722,000000,25.42,25.58,24.68,25.58,1379,0
IDA,D,20150723,000000,24.61,25.2,24.61,25.2,861,0
IDA,D,20150724,000000,24.64,25.2,24.64,25.15,1853,0
IDA,D,20150727,000000,25.12,25.12,24.57,25.11,490,0
IDA,D,20150728,000000,25.11,25.5,25.1,25.5,988,0
IDA,D,20150729,000000,25.8,25.88,25.5,25.69,13162,0
IDA,D,20150730,000000,25.6,26,25.6,25.9,749,0
IDA,D,20150731,000000,25.9,26.09,25.71,26,7937,0
IDA,D,20150803,000000,26,26,26,26,642,0
IDA,D,20150804,000000,26,26,25.9,25.9,2541,0
IDA,D,20150805,000000,25.9,25.9,25.8,25.8,714,0
IDA,D,20150806,000000,25,25.6,25,25.59,7940,0
IDA,D,20150807,000000,25.2,26,25.08,26,1197,0
IDA,D,20150810,000000,26,26,25.62,25.62,98,0
IDA,D,20150811,000000,26,26,25.6,25.6,59,0
IDA,D,20150812,000000,25.6,25.6,25.6,25.6,1207,0
IDA,D,20150813,000000,25.6,25.6,25.6,25.6,69,0
IDA,D,20150814,000000,25.6,25.6,25.6,25.6,138,0
IDA,D,20150817,000000,25.55,25.6,25.5,25.6,2068,0
IDA,D,20150818,000000,25.02,25.7,25.02,25.7,207,0
IDA,D,20150819,000000,24.32,25.9,24.32,25.85,674,0
IDA,D,20150820,000000,25.2,25.95,25.2,25.9,1498,0
IDA,D,20150821,000000,25.9,25.9,25.6,25.6,220,0
IDA,D,20150824,000000,24.04,25,24.04,25,7272,0
IDA,D,20150825,000000,25,25,25,25,12,0
IDA,D,20150826,000000,24.15,25,24.15,25,112,0
IDA,D,20150827,000000,24.95,24.95,24.9,24.9,1440,0
IDA,D,20150828,000000,24.95,24.95,24.95,24.95,19,0
IDA,D,20150831,000000,24.95,25.77,24.95,25.77,1300,0
IDA,D,20150901,000000,24.7,25.3,24.7,25.3,66,0
IDA,D,20150902,000000,24.77,25.5,24.77,25.5,467,0
IDA,D,20150903,000000,25.3,25.49,25.3,25.49,70,0
IDA,D,20150904,000000,25,25.49,25,25.49,610,0
IDA,D,20150907,000000,25.63,25.7,25.63,25.7,300,0
IDA,D,20150908,000000,25.21,25.8,25.21,25.8,1052,0
IDA,D,20150909,000000,25.12,25.68,25.1,25.68,3547,0
IDA,D,20150910,000000,25.57,25.57,25.57,25.57,3,0
IDA,D,20150911,000000,25.11,25.49,25.1,25.49,1399,0
IDA,D,20150914,000000,25.1,25.43,25.1,25.43,469,0
IDA,D,20150915,000000,25.12,25.69,25.12,25.69,517,0
IDA,D,20150916,000000,25.21,25.21,25,25.1,3825,0
IDA,D,20150917,000000,25.05,25.73,25.05,25.5,1931,0
IDA,D,20150918,000000,24.91,25.39,24.91,25.39,1207,0
IDA,D,20150921,000000,25.31,25.31,24.9,25.3,1949,0
IDA,D,20150922,000000,24.91,25.36,24.91,25.35,1146,0
IDA,D,20150924,000000,24.61,25.07,24.61,25.04,1485,0
IDA,D,20150925,000000,25.19,25.2,24.99,25.2,1112,0
IDA,D,20150928,000000,25.4,25.6,24.61,25.3,1300,0
IDA,D,20150929,000000,25.5,25.6,25.3,25.6,1000,0
IDA,D,20150930,000000,25.6,25.84,25.6,25.79,1168,0
IDA,D,20151001,000000,25,25.5,25,25.5,100,0
IDA,D,20151002,000000,25.1,25.5,25.1,25.5,1057,0
IDA,D,20151005,000000,25.12,25.6,25.12,25.6,1143,0
IDA,D,20151006,000000,25.27,25.63,25.27,25.63,1017,0
IDA,D,20151007,000000,25.64,25.65,25.36,25.65,462,0
IDA,D,20151008,000000,25.6,25.6,25.6,25.6,120,0
IDA,D,20151009,000000,25.27,25.8,25.27,25.8,3996,0
IDA,D,20151012,000000,25.85,25.85,25.7,25.7,190,0
IDA,D,20151013,000000,25.5,25.7,25.5,25.7,519,0
IDA,D,20151014,000000,25.26,25.5,25.26,25.5,555,0
IDA,D,20151015,000000,25.5,25.55,25.5,25.55,90773,0
IDA,D,20151016,000000,25.65,25.7,25.55,25.55,518,0
IDA,D,20151019,000000,25.55,25.55,25.55,25.55,2212,0
IDA,D,20151020,000000,25.55,25.65,25.55,25.65,227,0
IDA,D,20151021,000000,25.55,25.55,25.54,25.54,31752,0
IDA,D,20151023,000000,25.26,25.5,25.17,25.5,3072,0
IDA,D,20151026,000000,24.99,25.47,24.91,25.47,3825,0
IDA,D,20151027,000000,25.05,25.47,25.05,25.47,526,0
IDA,D,20151028,000000,25.1,26.29,25.1,25.9,589697,0
IDA,D,20151029,000000,26,26.15,25.61,25.61,678,0
IDA,D,20151030,000000,25.6,25.9,25.6,25.9,246,0
IDA,D,20151102,000000,25.9,25.9,25.9,25.9,20,0
IDA,D,20151103,000000,25.6,25.88,25.02,25.88,196,0
IDA,D,20151104,000000,25.88,25.88,25.79,25.79,3,0
IDA,D,20151105,000000,25.31,25.7,25.31,25.7,63,0
IDA,D,20151106,000000,25.7,25.7,25.7,25.7,390,0
IDA,D,20151109,000000,25.69,25.69,24.9,24.9,1519,0
IDA,D,20151110,000000,24.71,24.89,24.7,24.89,253,0
IDA,D,20151112,000000,24.61,24.9,24.6,24.9,156,0
IDA,D,20151113,000000,24.61,25,24.6,25,2129,0
IDA,D,20151116,000000,24.8,25,24.8,24.8,502,0
IDA,D,20151117,000000,24.8,25,24.8,25,1374,0
IDA,D,20151118,000000,25,25.35,25,25.35,1276,0
IDA,D,20151119,000000,25.01,25.44,25,25.43,763,0
IDA,D,20151120,000000,25.5,25.5,25.01,25.49,111,0
IDA,D,20151123,000000,25.01,25.01,25,25,1079,0
IDA,D,20151124,000000,25,25.02,25,25,9199,0
IDA,D,20151125,000000,25,25,25,25,15577,0
IDA,D,20151126,000000,24.95,25.84,24.95,25.84,1852,0
IDA,D,20151127,000000,25.06,25.8,25.05,25.8,436,0
IDA,D,20151130,000000,25.26,25.7,25.25,25.7,469,0
IDA,D,20151201,000000,25.69,25.84,25.06,25.84,973,0
IDA,D,20151202,000000,25.8,25.8,25.01,25.65,539,0
IDA,D,20151203,000000,25.41,25.79,25.02,25.64,140,0
IDA,D,20151204,000000,25.64,25.64,24.6,25.44,983,0
IDA,D,20151207,000000,25.63,25.63,25.47,25.47,102,0
IDA,D,20151208,000000,25.47,25.47,25.42,25.43,503,0
IDA,D,20151209,000000,25.1,25.29,24.7,25.29,1074,0
IDA,D,20151210,000000,25.2,25.25,24.61,25.25,240,0
IDA,D,20151211,000000,25.24,25.24,24.99,24.99,7,0
IDA,D,20151214,000000,24.99,24.99,24.2,24.99,2403,0
IDA,D,20151215,000000,24.06,25.47,24.06,25.47,1111,0
IDA,D,20151216,000000,25.47,25.5,24.92,25.5,518,0
IDA,D,20151217,000000,25,25.7,25,25.7,640,0
IDA,D,20151218,000000,25.78,25.8,25.78,25.8,210,0
IDA,D,20151221,000000,25.7,25.8,25.11,25.7,1570,0
IDA,D,20151222,000000,25.29,25.7,25.29,25.5,18,0
IDA,D,20151223,000000,25.02,26,25.02,25.95,3775,0
IDA,D,20151228,000000,25.9,25.9,25.53,25.55,1106,0
IDA,D,20151229,000000,25.52,25.6,24.7,25.3,22785,0
IDA,D,20151230,000000,25.8,25.8,24.9,25.3,4512,0
IDA,D,20160104,000000,24.75,25.3,24.75,25.3,164,0
IDA,D,20160105,000000,25.3,25.3,24.88,24.88,182,0
IDA,D,20160107,000000,25.75,25.75,24.55,25.3,68,0
IDA,D,20160108,000000,25.3,25.3,24.79,25,119,0
IDA,D,20160111,000000,25.25,25.25,25,25.25,77,0
IDA,D,20160112,000000,25,25.49,25,25.49,599,0
IDA,D,20160113,000000,25.7,25.8,25.7,25.75,879,0
IDA,D,20160114,000000,25.7,25.7,25.5,25.5,2,0
IDA,D,20160115,000000,25.75,25.75,25.5,25.5,2,0
IDA,D,20160118,000000,25.15,25.5,25.15,25.5,331,0
IDA,D,20160119,000000,25.45,25.45,24.8,25.3,273,0
IDA,D,20160120,000000,25.3,25.3,24.65,25.29,592,0
IDA,D,20160121,000000,25.29,25.29,24.24,24.5,4367,0
IDA,D,20160122,000000,25.1,25.21,24.05,24.99,1112,0
IDA,D,20160125,000000,25.2,25.2,25.18,25.18,2,0
IDA,D,20160126,000000,25.18,25.18,24.3,24.99,322,0
IDA,D,20160127,000000,24.5,24.59,24.12,24.4,1421,0
IDA,D,20160128,000000,25.1,25.1,24.21,24.39,1164,0
IDA,D,20160129,000000,24.32,24.49,24.01,24.01,1434,0
IDA,D,20160201,000000,23.92,24.49,23.92,24.45,162,0
IDA,D,20160202,000000,24.3,24.31,24.01,24.23,945,0
IDA,D,20160203,000000,24.23,24.23,23.92,24.04,179,0
IDA,D,20160204,000000,23.92,24,23.75,24,816,0
IDA,D,20160205,000000,23.78,24.23,23.78,24.1,412,0
IDA,D,20160208,000000,24.21,24.21,23,23.4,940,0
IDA,D,20160209,000000,23.4,23.5,22.3,23.5,2081,0
IDA,D,20160210,000000,23.48,23.97,23,23.97,2152,0
IDA,D,20160211,000000,23.97,23.97,22.8,22.8,5833,0
IDA,D,20160212,000000,23.97,23.97,22.45,22.45,186,0
IDA,D,20160215,000000,22.7,22.98,22.4,22.98,562,0
IDA,D,20160216,000000,22.98,22.99,22.35,22.99,62,0
IDA,D,20160217,000000,22.34,23.8,22.34,23.74,1114,0
IDA,D,20160218,000000,23.75,24.24,23.75,24.1,1073,0
IDA,D,20160219,000000,24.53,24.6,24.1,24.49,1545,0
IDA,D,20160222,000000,24,24.44,23.86,24.43,1244,0
IDA,D,20160223,000000,24.43,24.43,24.43,24.43,2,0
IDA,D,20160224,000000,24.3,24.3,24.29,24.29,2,0
IDA,D,20160225,000000,24.3,24.5,23.8,24.5,329,0
IDA,D,20160226,000000,24.5,24.5,24,24.5,2701,0
IDA,D,20160229,000000,24.5,24.5,24.4,24.4,3,0
IDA,D,20160301,000000,24.49,24.49,24.48,24.48,2,0
IDA,D,20160302,000000,24.48,24.48,24.39,24.39,2,0
IDA,D,20160303,000000,24.39,24.39,23.23,24,1151,0
IDA,D,20160304,000000,24.48,24.48,23.5,23.9,1149,0
IDA,D,20160307,000000,23.9,24.19,23,24.1,1901,0
IDA,D,20160308,000000,24.34,24.37,23.18,24.3,2640,0
IDA,D,20160309,000000,24.34,24.34,23.31,24.15,1474,0
IDA,D,20160310,000000,24.27,24.27,23.39,23.39,3889,0
IDA,D,20160311,000000,23.55,23.8,23,23,12682,0
IDA,D,20160314,000000,23.54,23.54,23.3,23.3,121,0
IDA,D,20160315,000000,23.33,24.98,23.33,23.99,7722,0
IDA,D,20160316,000000,24.89,24.89,23.33,23.33,6949,0
IDA,D,20160317,000000,23.34,24,23.34,23.79,1216,0
IDA,D,20160318,000000,23.34,23.85,23.33,23.85,772,0
IDA,D,20160321,000000,24.17,24.17,23.7,23.7,365,0
IDA,D,20160322,000000,23.9,23.9,23.41,23.43,151,0
IDA,D,20160323,000000,23.9,24.3,23.4,24.3,686,0
IDA,D,20160324,000000,23.89,24.46,23.45,24.46,446,0
IDA,D,20160329,000000,24.48,24.48,23.85,24.3,792,0
IDA,D,20160330,000000,24.3,24.49,23.85,24.49,2306,0
IDA,D,20160331,000000,24.49,24.6,23.93,24.6,1342,0
IDA,D,20160401,000000,24.6,24.6,24.51,24.51,17,0
IDA,D,20160404,000000,24.8,24.8,24.45,24.45,6,0
IDA,D,20160405,000000,24.45,24.45,24,24.4,129,0
IDA,D,20160406,000000,24.45,24.45,23.86,24.45,1160,0
IDA,D,20160407,000000,24.45,24.45,24.25,24.39,34,0
IDA,D,20160408,000000,24.45,24.45,24.4,24.4,2,0
IDA,D,20160411,000000,24.45,24.45,24.25,24.3,382,0
IDA,D,20160412,000000,24.44,24.44,24.4,24.4,2,0
IDA,D,20160413,000000,24.4,24.4,24.4,24.4,20,0
IDA,D,20160414,000000,24.44,24.45,24,24.4,236,0
IDA,D,20160415,000000,24.4,24.4,24.1,24.4,102,0
IDA,D,20160418,000000,23.9,24.75,23.9,24.64,677,0
IDA,D,20160419,000000,24.49,24.49,24.25,24.25,727,0
IDA,D,20160420,000000,24.5,24.5,24.4,24.4,7,0
IDA,D,20160421,000000,24.4,24.5,24.4,24.4,52,0
IDA,D,20160422,000000,24.4,24.4,24.02,24.39,254,0
IDA,D,20160425,000000,24.39,24.39,23.82,24.39,194,0
IDA,D,20160426,000000,24.38,24.38,24.37,24.37,9,0
IDA,D,20160427,000000,24.37,24.37,23.93,24.35,417,0
IDA,D,20160428,000000,24.34,24.34,23.9,24.1,109,0
IDA,D,20160429,000000,24.34,24.34,23.91,23.91,144,0
IDA,D,20160502,000000,24.33,24.33,23.7,24.24,435,0
IDA,D,20160504,000000,24.2,24.2,24.13,24.13,101,0
IDA,D,20160505,000000,24.13,24.13,24.12,24.12,138,0
IDA,D,20160506,000000,24.13,24.13,23.67,24.11,194,0
IDA,D,20160509,000000,24.11,24.11,24,24,2,0
IDA,D,20160510,000000,24,24,23.59,23.59,124,0
IDA,D,20160511,000000,23.49,24,23.2,23.98,316,0
IDA,D,20160512,000000,23.96,23.96,23.55,23.55,12,0
IDA,D,20160513,000000,23.55,23.96,23.2,23.89,582,0
IDA,D,20160516,000000,23.89,23.95,23.22,23.88,727,0
IDA,D,20160517,000000,23.88,23.88,23.88,23.88,2,0
IDA,D,20160518,000000,23.88,23.88,23.25,23.3,51,0
IDA,D,20160519,000000,23.85,23.85,23.02,23.83,463,0
IDA,D,20160520,000000,23.84,24,23.83,23.83,446,0
IDA,D,20160523,000000,23.98,24.4,23.41,24.36,1337,0
IDA,D,20160524,000000,24.36,24.36,23.85,24.35,171,0
IDA,D,20160525,000000,24.34,24.34,24.31,24.31,94,0
IDA,D,20160527,000000,24.36,24.36,23.85,24.36,156,0
IDA,D,20160530,000000,23.27,24.28,23.27,24.28,114,0
IDA,D,20160531,000000,24.27,24.3,24.27,24.27,177,0
IDA,D,20160601,000000,24,24,23.03,23.89,198,0
IDA,D,20160602,000000,24.2,24.2,23.4,23.4,216,0
IDA,D,20160603,000000,24.19,24.19,23.85,24.18,23,0
IDA,D,20160606,000000,24.18,24.18,24.17,24.17,3,0
IDA,D,20160607,000000,24.17,24.17,23.51,23.99,56,0
IDA,D,20160608,000000,24.15,24.15,24.13,24.13,2,0
IDA,D,20160609,000000,24.14,24.14,23.51,23.51,554,0
IDA,D,20160610,000000,24.13,24.13,23.2,23.5,139,0
IDA,D,20160613,000000,23.49,23.49,23.2,23.4,74,0
IDA,D,20160614,000000,23.49,23.49,23,23,239,0
IDA,D,20160615,000000,23.19,23.69,22.6,23.69,755,0
IDA,D,20160616,000000,23.69,23.69,23,23.29,224,0
IDA,D,20160617,000000,23.29,23.29,22.51,22.99,804,0
IDA,D,20160620,000000,22.99,24.1,22.99,24,170,0
IDA,D,20160621,000000,23.09,23.98,23.02,23.72,144,0
IDA,D,20160622,000000,23.02,23.72,23.02,23.69,249,0
IDA,D,20160623,000000,23.02,24.1,23.02,24.1,1036,0
IDA,D,20160624,000000,22.5,23.5,22.5,23.49,463,0
IDA,D,20160627,000000,22.02,23.5,22.02,23.45,276,0
IDA,D,20160628,000000,23.45,23.45,23.31,23.43,706,0
IDA,D,20160629,000000,23.43,23.43,23.42,23.42,2,0
IDA,D,20160630,000000,23,24.16,22.53,24.1,1615,0
IDA,D,20160701,000000,24.16,24.16,23.71,23.71,28,0
IDA,D,20160704,000000,24.14,24.14,23,24,91,0
IDA,D,20160705,000000,24.14,24.14,24.1,24.11,1002,0
IDA,D,20160706,000000,24.14,24.14,24.1,24.1,2,0
IDA,D,20160707,000000,24.1,24.1,24.1,24.1,2,0
IDA,D,20160708,000000,24.14,24.14,24.1,24.1,2,0
IDA,D,20160711,000000,24.1,24.1,23.41,24.1,19,0
IDA,D,20160712,000000,24.08,24.08,23.46,23.49,17,0
IDA,D,20160713,000000,24.08,24.08,24,24,2,0
IDA,D,20160714,000000,23.99,23.99,23.51,23.99,60,0
IDA,D,20160715,000000,23.99,23.99,23.3,23.32,244,0
IDA,D,20160718,000000,23.99,23.99,22.66,23.97,1129,0
IDA,D,20160719,000000,23.96,23.96,23.96,23.96,2,0
IDA,D,20160720,000000,23.96,23.96,23.9,23.9,2,0
IDA,D,20160721,000000,23.9,23.9,23.3,23.5,42,0
IDA,D,20160722,000000,23.79,23.95,23.31,23.95,209,0
IDA,D,20160725,000000,23.94,23.94,23.9,23.9,7,0
IDA,D,20160726,000000,23.9,23.9,23.4,23.84,333,0
IDA,D,20160727,000000,23.84,23.84,23.84,23.84,2,0
IDA,D,20160728,000000,23.84,23.84,23.3,23.8,61,0
IDA,D,20160729,000000,23.94,24,23.9,23.9,1275,0
IDA,D,20160801,000000,23.31,24,23.3,24,343,0
IDA,D,20160802,000000,24,24,24,24,2,0
IDA,D,20160803,000000,24,24,24,24,2,0
IDA,D,20160804,000000,24,24.37,23.9,23.9,42342,0
IDA,D,20160805,000000,24.38,24.38,24,24.3,25416,0
IDA,D,20160808,000000,24.29,24.29,23.53,24.28,1247,0
IDA,D,20160809,000000,24.25,24.25,24.05,24.15,44,0
IDA,D,20160810,000000,24.1,24.1,23.36,23.41,20017,0
IDA,D,20160811,000000,24.02,24.02,23.9,23.9,1625,0
IDA,D,20160812,000000,23.9,24.1,23.4,24.1,380,0
IDA,D,20160816,000000,23.5,24.09,23.4,24.09,888,0
IDA,D,20160817,000000,24.19,24.19,23.42,24,60,0
IDA,D,20160818,000000,23.99,23.99,23.97,23.97,2,0
IDA,D,20160819,000000,23.99,23.99,23.98,23.98,51,0
IDA,D,20160822,000000,23.98,23.98,23.41,23.41,389,0
IDA,D,20160823,000000,23.97,23.97,23.92,23.92,2,0
IDA,D,20160824,000000,23.9,23.9,23.4,23.87,55,0
IDA,D,20160825,000000,23.87,23.87,23.4,23.68,343,0
IDA,D,20160826,000000,23.68,23.99,23.35,23.99,482,0
IDA,D,20160829,000000,23.4,23.41,23.3,23.3,1525,0
IDA,D,20160830,000000,23.8,23.8,23.8,23.8,2,0
IDA,D,20160831,000000,23.8,23.8,23.12,23.8,644,0
IDA,D,20160901,000000,23.9,23.9,23.3,23.9,57,0
IDA,D,20160902,000000,23.9,23.9,23.3,23.9,1125,0
IDA,D,20160905,000000,23.89,23.89,23.87,23.87,2,0
IDA,D,20160906,000000,23.89,23.89,23.2,23.85,98,0
IDA,D,20160907,000000,23.6,23.85,23.3,23.85,113362,0
IDA,D,20160908,000000,23.87,23.87,23.5,23.85,11,0
IDA,D,20160909,000000,23.87,23.87,23.3,23.87,408,0
IDA,D,20160912,000000,23.87,23.87,23.04,23.87,377,0
IDA,D,20160913,000000,23.02,23.7,23.02,23.2,173,0
IDA,D,20160914,000000,23.84,23.84,23.6,23.8,12,0
IDA,D,20160915,000000,23.79,23.79,23.6,23.6,12,0
IDA,D,20160916,000000,23.83,23.83,23.6,23.6,2,0
IDA,D,20160919,000000,23.79,23.79,23.04,23.43,2434,0
IDA,D,20160920,000000,23.45,23.45,23,23.42,1021,0
IDA,D,20160921,000000,23.42,23.42,23,23.28,209,0
IDA,D,20160922,000000,22.75,23.24,22.72,23.2,186,0
IDA,D,20160923,000000,22.51,23.24,22.51,23.24,1353,0
IDA,D,20160926,000000,23.24,23.24,22.55,22.99,277,0
IDA,D,20160927,000000,22.57,22.98,22.57,22.98,153,0
IDA,D,20160928,000000,22.97,22.97,22.01,22.85,1338,0
IDA,D,20160929,000000,22.13,22.82,22.13,22.82,445,0
IDA,D,20160930,000000,22.8,22.8,22.16,22.79,389,0
IDA,D,20161003,000000,22.77,22.77,22.2,22.49,605,0
IDA,D,20161004,000000,22.49,22.5,22.18,22.45,948,0
IDA,D,20161005,000000,22.4,22.4,22.4,22.4,514,0
IDA,D,20161006,000000,22.19,22.4,22.17,22.4,711,0
IDA,D,20161007,000000,22.4,22.5,22.4,22.5,254,0
IDA,D,20161010,000000,22.49,22.77,22.49,22.77,761,0
IDA,D,20161011,000000,22.7,22.7,22.4,22.4,31762,0
IDA,D,20161012,000000,22.7,22.7,22.22,22.5,81,0
IDA,D,20161013,000000,22.7,22.7,22.22,22.5,521,0
IDA,D,20161014,000000,22.5,22.5,22,22.45,6041,0
IDA,D,20161017,000000,22.5,22.7,22.45,22.7,52,0
IDA,D,20161018,000000,22.49,22.49,22.45,22.47,207,0
IDA,D,20161019,000000,22.47,22.47,22,22,6325,0
IDA,D,20161020,000000,22.43,22.43,22,22.11,868594,0
IDA,D,20161021,000000,22.4,23.2,22.11,22.7,217179,0
IDA,D,20161024,000000,22.9,23.4,22.71,22.76,72179,0
IDA,D,20161025,000000,22.9,23.38,22.55,22.9,290818,0
IDA,D,20161026,000000,22.57,23,22.55,22.89,958,0
IDA,D,20161027,000000,22.99,23.15,22.75,23,3928,0
IDA,D,20161028,000000,23.15,23.42,23.15,23.42,290862,0
IDA,D,20161031,000000,23,23.7,23,23.7,23244,0
IDA,D,20161102,000000,23.92,23.92,23.16,23.76,21042,0
IDA,D,20161103,000000,23.76,23.76,23.5,23.76,9969,0
IDA,D,20161104,000000,23.67,23.99,23.5,23.92,804,0
IDA,D,20161107,000000,23.9,23.9,23.9,23.9,52,0
IDA,D,20161108,000000,23.89,23.89,23.7,23.83,393,0
IDA,D,20161109,000000,23.79,23.79,23.6,23.78,25,0
IDA,D,20161110,000000,23.78,23.83,23.16,23.59,2726,0
IDA,D,20161114,000000,23.58,23.58,23.54,23.54,2,0
IDA,D,20161115,000000,23.74,23.74,23.5,23.5,3,0
IDA,D,20161116,000000,23.5,23.7,23,23.7,879,0
IDA,D,20161117,000000,23.7,23.7,23.69,23.69,2,0
IDA,D,20161118,000000,23.69,23.7,22.75,23.7,181,0
IDA,D,20161121,000000,23.69,23.69,22.22,22.75,103965,0
IDA,D,20161122,000000,22.32,23.69,22.32,23,49587,0
IDA,D,20161123,000000,22.75,23.19,22.75,23.19,677,0
IDA,D,20161124,000000,23.19,23.19,22.76,22.76,59,0
IDA,D,20161125,000000,23.1,23.1,22.61,22.67,286,0
IDA,D,20161128,000000,22.67,23.09,22.67,23.09,256,0
IDA,D,20161129,000000,22.99,23,22.67,22.99,120140,0
IDA,D,20161130,000000,22.98,22.98,22.98,22.98,2,0
IDA,D,20161201,000000,22.97,22.97,22.97,22.97,2,0
IDA,D,20161202,000000,22.67,23.5,22.67,23.5,2178,0
IDA,D,20161205,000000,23.69,23.69,23.5,23.5,2,0
IDA,D,20161206,000000,23.69,23.69,23,23,158,0
IDA,D,20161207,000000,23,23,22.7,22.7,30692,0
IDA,D,20161208,000000,22.65,23.4,22.52,23,940,0
IDA,D,20161209,000000,23.39,23.39,22.75,23.3,4549,0
IDA,D,20161212,000000,23.39,23.39,22.8,23.3,1113,0
IDA,D,20161213,000000,23.39,23.39,23,23,521,0
IDA,D,20161214,000000,23.39,23.39,23.28,23.28,6,0
IDA,D,20161215,000000,23.29,23.29,23.28,23.28,2,0
IDA,D,20161216,000000,23.29,23.29,22.7,23.28,1193,0
IDA,D,20161219,000000,23.29,23.29,23,23.29,83,0
IDA,D,20161220,000000,23.25,23.25,22.62,23,27,0
IDA,D,20161221,000000,23,23,22.8,22.8,409,0
IDA,D,20161222,000000,22.8,23,22.3,23,8390,0
IDA,D,20161223,000000,23.3,23.3,22.8,23.3,392,0
IDA,D,20161227,000000,23.3,23.3,23,23.3,224,0
IDA,D,20161228,000000,23.3,23.9,23.2,23.88,4567,0
IDA,D,20161229,000000,23.88,23.9,23.3,23.5,2607,0
IDA,D,20161230,000000,23,23,22.56,22.56,10135,0
IDA,D,20170102,000000,22.57,23.49,22.57,23.49,61,0
IDA,D,20170103,000000,22.57,24,22.57,24,12241,0
IDA,D,20170104,000000,24.06,24.06,23.21,23.46,8436,0
IDA,D,20170105,000000,23.8,23.8,23.3,23.7,2536,0
IDA,D,20170109,000000,23.7,23.7,23.01,23.68,983,0
IDA,D,20170110,000000,23.6,23.6,23,23.49,1317,0
IDA,D,20170111,000000,23.02,23.24,22.91,23.24,3695,0
IDA,D,20170112,000000,23.24,23.25,23,23.25,277,0
IDA,D,20170113,000000,23.25,23.25,22.92,23.25,148,0
IDA,D,20170116,000000,23.25,23.25,23.15,23.15,2,0
IDA,D,20170117,000000,23.23,23.23,23.1,23.1,182,0
IDA,D,20170118,000000,23.1,23.1,22.9,23.04,1022,0
IDA,D,20170119,000000,22.91,23.19,22.75,23.19,988,0
IDA,D,20170120,000000,23,23,22.5,22.51,1211,0
IDA,D,20170123,000000,23.2,23.2,22.7,23.17,302,0
IDA,D,20170124,000000,23,23,22.9,23,1418,0
IDA,D,20170125,000000,23,23.2,22.75,23.2,854,0
IDA,D,20170126,000000,23.45,23.68,23.1,23.51,6371,0
IDA,D,20170127,000000,23.62,23.62,22.95,23.15,1742,0
IDA,D,20170130,000000,23.6,23.6,23,23.1,2936,0
IDA,D,20170131,000000,23.1,23.1,23,23.1,3711,0
IDA,D,20170201,000000,23.1,23.26,23,23.15,10808,0
IDA,D,20170202,000000,23.15,23.21,23.15,23.19,3103,0
IDA,D,20170203,000000,23.21,23.21,23,23.21,544,0
IDA,D,20170206,000000,23.2,23.2,22.9,23.2,3646,0
IDA,D,20170207,000000,23.2,23.2,22.82,23.16,1183,0
IDA,D,20170208,000000,23.2,23.2,23.19,23.19,72,0
IDA,D,20170209,000000,23.1,23.2,23.1,23.2,1994,0
IDA,D,20170210,000000,23.15,24,23.15,23.77,88884,0
IDA,D,20170213,000000,23.77,25.97,23.75,25,291680,0
IDA,D,20170214,000000,25.7,25.94,24.5,25,7298,0
IDA,D,20170215,000000,25.55,25.56,25,25.51,23772,0
IDA,D,20170216,000000,25.52,26.2,25,25.74,11074,0
IDA,D,20170217,000000,25.73,25.73,25,25,20625,0
IDA,D,20170220,000000,25.16,25.49,25.02,25.02,2204,0
IDA,D,20170221,000000,25.48,26,24.6,24.6,4628,0
IDA,D,20170222,000000,24.62,24.98,24,24.76,6726,0
IDA,D,20170223,000000,24.5,24.6,24,24.26,818,0
IDA,D,20170224,000000,24.74,25.25,24,24.5,27937,0
IDA,D,20170227,000000,24.6,25.25,24.15,24.15,3033,0
IDA,D,20170228,000000,25.25,25.25,24.27,25,7384,0
IDA,D,20170301,000000,25.51,25.95,25,25.6,17691,0
IDA,D,20170302,000000,26.52,26.61,25.5,25.6,192093,0
IDA,D,20170303,000000,26,26.49,25.76,25.76,27561,0
IDA,D,20170306,000000,25.75,26.22,25.39,25.39,21814,0
IDA,D,20170307,000000,25.23,25.85,24.9,25,19904,0
IDA,D,20170308,000000,24.82,25.33,24.82,25.18,29952,0
IDA,D,20170309,000000,25.18,25.18,25,25.14,8192,0
IDA,D,20170310,000000,25.19,26.18,25,25.02,14958,0
IDA,D,20170313,000000,25.5,25.5,24.82,25,29519,0
IDA,D,20170314,000000,25.01,25.3,25,25,5795,0
IDA,D,20170315,000000,25.15,25.15,24.71,24.98,25251,0
IDA,D,20170316,000000,25.1,25.2,25.07,25.18,2772,0
IDA,D,20170317,000000,25.18,25.25,24.97,24.97,3664,0
IDA,D,20170320,000000,25.1,25.2,25,25.19,1797,0
IDA,D,20170321,000000,25.19,25.19,24.63,24.63,842,0
IDA,D,20170322,000000,25.18,25.18,24.33,25,1773,0
IDA,D,20170323,000000,25,25,24.52,24.94,2801,0
IDA,D,20170324,000000,25,25.14,24.75,25.14,2026,0
IDA,D,20170327,000000,25.14,25.18,25,25.12,2768,0
IDA,D,20170328,000000,25.2,25.22,24.91,25.22,292,0
IDA,D,20170329,000000,25.23,25.23,24.8,25,330,0
IDA,D,20170330,000000,25.23,25.23,24.71,25.05,701,0
IDA,D,20170331,000000,24.52,25.3,24.51,25,9419,0
IDA,D,20170403,000000,24.62,24.98,24.62,24.89,1206,0
IDA,D,20170404,000000,25.19,25.19,25,25,696,0
IDA,D,20170405,000000,24.7,25.09,24.68,24.7,10396,0
IDA,D,20170406,000000,25.14,25.14,24.7,24.89,335,0
IDA,D,20170407,000000,24.99,24.99,24.71,24.71,190,0
IDA,D,20170410,000000,24.85,24.85,24.5,24.83,1796,0
IDA,D,20170411,000000,24.82,24.82,24.43,24.75,1211,0
IDA,D,20170412,000000,24.75,24.75,23.35,23.76,10498,0
IDA,D,20170413,000000,24.3,24.3,23.45,23.49,3420,0
IDA,D,20170418,000000,23.5,23.7,23.49,23.68,1592,0
IDA,D,20170419,000000,23.69,23.69,23.6,23.69,853,0
IDA,D,20170420,000000,23.69,23.72,23.65,23.72,863,0
IDA,D,20170421,000000,23.72,23.9,23.72,23.9,3556,0
IDA,D,20170424,000000,23.93,24.23,23.72,24.23,15030,0
IDA,D,20170425,000000,24.28,24.45,24.23,24.45,15926,0
IDA,D,20170426,000000,24.45,24.45,24.38,24.43,4011,0
IDA,D,20170427,000000,24.43,24.43,24,24.25,4388,0
IDA,D,20170428,000000,24.24,24.45,24,24.45,8335,0
IDA,D,20170502,000000,24.45,24.45,24.24,24.4,520,0
IDA,D,20170504,000000,24.45,24.45,24,24.06,2558,0
IDA,D,20170505,000000,24.06,24.06,23.76,24.06,2138,0
IDA,D,20170508,000000,24.06,24.2,23.8,24.2,4075,0
IDA,D,20170509,000000,24.06,24.39,23.82,24.39,9065,0
IDA,D,20170510,000000,24.38,24.39,23.9,23.9,3400,0
IDA,D,20170511,000000,24.3,24.39,23.91,24.35,5138,0
IDA,D,20170512,000000,24.38,24.39,23.92,24.39,931,0
IDA,D,20170515,000000,24.39,24.39,23.9,24.29,3035,0
IDA,D,20170516,000000,24.28,24.28,23.67,24.19,1275,0
IDA,D,20170517,000000,24.1,24.38,23.9,24.38,6030,0
IDA,D,20170518,000000,24.38,24.5,23.9,24.43,11041,0
IDA,D,20170519,000000,24.41,24.6,24.1,24.6,8876,0
IDA,D,20170522,000000,24.6,24.6,24,24,4134,0
IDA,D,20170523,000000,24.05,24.05,23.9,24.04,879,0
IDA,D,20170524,000000,24.04,24.15,23.9,24.15,6463,0
IDA,D,20170525,000000,23.87,24.19,23.87,24.19,3234,0
IDA,D,20170526,000000,24.19,24.19,24.17,24.17,127,0
IDA,D,20170529,000000,24.17,24.45,24.15,24.45,18205,0
IDA,D,20170530,000000,24.41,24.47,24.4,24.47,5042,0
IDA,D,20170531,000000,24.47,24.47,24.4,24.4,217,0
IDA,D,20170601,000000,24.38,24.51,24.38,24.51,4878,0
IDA,D,20170602,000000,24.12,24.45,24.12,24.45,796,0
IDA,D,20170605,000000,24.45,24.45,24.37,24.44,2781,0
IDA,D,20170606,000000,24.26,24.3,23.97,24.1,6189,0
IDA,D,20170607,000000,24.25,24.25,24,24,2321,0
IDA,D,20170608,000000,24.05,24.05,24,24,1432,0
IDA,D,20170609,000000,24.05,24.09,24,24.08,16227,0
IDA,D,20170612,000000,24.09,24.09,23.93,24.09,2267,0
IDA,D,20170613,000000,24.09,24.09,23.99,23.99,302,0
IDA,D,20170614,000000,24.08,24.08,23.9,23.99,3973,0
IDA,D,20170616,000000,24,24.04,23.9,24,3557,0
IDA,D,20170619,000000,24,24.13,23.7,23.9,7521,0
IDA,D,20170620,000000,23.9,23.9,23.82,23.87,16437,0
IDA,D,20170621,000000,23.85,23.85,23.85,23.85,1612,0
IDA,D,20170622,000000,23.85,23.85,23.71,23.85,715,0
IDA,D,20170623,000000,23.85,23.85,23.6,23.84,2046,0
IDA,D,20170626,000000,23.85,23.85,23.8,23.8,2051,0
IDA,D,20170627,000000,23.75,23.79,23.6,23.79,3858,0
IDA,D,20170628,000000,23.67,23.87,23.67,23.87,3500,0
IDA,D,20170629,000000,23.87,23.87,23.75,23.87,1718,0
IDA,D,20170630,000000,23.87,24,23.87,24,834,0
IDA,D,20170703,000000,23.82,24.3,23.82,24.2,1389,0
IDA,D,20170704,000000,24.2,24.2,23.95,24.2,104,0
IDA,D,20170705,000000,24,24,23.9,24,504,0
IDA,D,20170706,000000,24.39,24.39,23.99,23.99,2,0
IDA,D,20170707,000000,23.95,24.39,23.95,24,458,0
IDA,D,20170710,000000,24.3,24.3,23.75,23.9,871,0
IDA,D,20170711,000000,23.9,24.27,23.8,23.89,498,0
IDA,D,20170712,000000,24.18,24.18,23.05,24.12,5368,0
IDA,D,20170713,000000,24.08,24.25,23.6,24.05,3074,0
IDA,D,20170714,000000,24.05,24.19,24.05,24.19,709,0
IDA,D,20170717,000000,24.19,24.19,23.75,24,758,0
IDA,D,20170718,000000,24,24,23.76,24,243,0
IDA,D,20170719,000000,23.99,24.19,23.75,24.19,552,0
IDA,D,20170720,000000,24.19,24.5,24.19,24.3,5697,0
IDA,D,20170721,000000,24.49,25.4,24.47,25.3,4993,0
IDA,D,20170724,000000,25.3,25.39,24.65,25.1,906,0
IDA,D,20170725,000000,25.1,25.1,24.61,24.9,2973,0
IDA,D,20170726,000000,25.25,25.33,24.86,25.21,12062,0
IDA,D,20170727,000000,24.95,25.27,24.95,25.27,1788,0
IDA,D,20170728,000000,25.27,26,24.8,25.4,13463,0
IDA,D,20170731,000000,25.6,26.2,25.24,26.2,12474,0
IDA,D,20170801,000000,26.15,26.15,25.41,25.85,1350,0
IDA,D,20170802,000000,25.5,25.8,25.42,25.5,7432,0
IDA,D,20170803,000000,25.9,25.9,25.45,25.65,332,0
IDA,D,20170804,000000,26.1,26.1,25.8,25.9,4268,0
IDA,D,20170807,000000,25.9,25.9,25.51,25.6,2085,0
IDA,D,20170808,000000,25.74,25.74,25,25.5,16319,0
IDA,D,20170809,000000,25.55,25.55,25.21,25.53,12245,0
IDA,D,20170810,000000,25.5,26,25.31,25.95,22558,0
IDA,D,20170811,000000,25.89,25.89,25.3,25.75,820,0
IDA,D,20170814,000000,25.8,25.9,25.32,25.9,3456,0
IDA,D,20170816,000000,25.9,25.9,25.5,25.5,191,0
IDA,D,20170817,000000,25.9,25.98,25.5,25.98,25503,0
IDA,D,20170818,000000,25.41,25.9,25.41,25.9,1353,0
IDA,D,20170821,000000,25.9,25.9,25.5,25.5,21760,0
IDA,D,20170822,000000,25.85,26,25.35,25.5,23901,0
IDA,D,20170823,000000,25.36,26,25.36,25.5,29238,0
IDA,D,20170824,000000,25.9,26.37,25.73,26.3,47082,0
IDA,D,20170825,000000,26.3,26.3,26,26.28,3457,0
IDA,D,20170828,000000,26.2,26.2,25.9,26.2,10958,0
IDA,D,20170829,000000,26.3,26.3,26.2,26.2,572,0
IDA,D,20170830,000000,26.24,26.89,25.71,26.88,9920,0
IDA,D,20170831,000000,26.88,26.88,26.5,26.85,35702,0
IDA,D,20170901,000000,26.8,26.8,26.5,26.8,1051,0
IDA,D,20170904,000000,26.75,26.75,26,26.3,1095,0
IDA,D,20170905,000000,26.3,26.35,26.3,26.3,154,0
IDA,D,20170906,000000,26.4,26.4,25.7,26,1151,0
IDA,D,20170907,000000,26.39,26.39,25.71,25.75,460,0
IDA,D,20170908,000000,25.75,25.76,25.62,25.62,312,0
IDA,D,20170911,000000,25.62,25.85,25.6,25.85,909,0
IDA,D,20170912,000000,26,26.2,25.7,26.2,2698,0
IDA,D,20170913,000000,26.16,26.16,25.7,25.99,722,0
IDA,D,20170914,000000,25.99,25.99,25.7,25.75,1301,0
IDA,D,20170915,000000,25.66,25.75,25.55,25.66,4942,0
IDA,D,20170918,000000,25.98,25.98,25.53,25.9,2043,0
IDA,D,20170919,000000,25.8,25.8,25.25,25.6,34082,0
IDA,D,20170920,000000,25.99,25.99,25.6,25.9,486,0
IDA,D,20170921,000000,25.85,26.05,25.78,26.05,1307,0
IDA,D,20170922,000000,26,26,25.99,25.99,10172,0
IDA,D,20170925,000000,25.8,25.8,25.5,25.8,10308,0
IDA,D,20170926,000000,25.7,25.7,24.63,25.34,36350,0
IDA,D,20170927,000000,25.3,25.3,24.85,25.1,33138,0
IDA,D,20170928,000000,25.1,25.1,25.1,25.1,7,0
IDA,D,20170929,000000,25,25.61,24.8,25.61,14571,0
IDA,D,20171002,000000,24.85,25.1,24.85,25.09,10420,0
IDA,D,20171003,000000,25.1,25.1,25.09,25.09,382,0
IDA,D,20171004,000000,24.8,24.85,24.52,24.75,2948,0
IDA,D,20171005,000000,25.1,25.1,24.75,25.06,1912,0
IDA,D,20171006,000000,25.04,25.05,24.22,24.57,4754,0
IDA,D,20171009,000000,24.5,24.5,24.22,24.39,2675,0
IDA,D,20171010,000000,24.98,24.98,23.97,24.5,9324,0
IDA,D,20171011,000000,24.3,24.3,23.56,23.7,7323,0
IDA,D,20171012,000000,23.83,23.97,23.66,23.89,3280,0
IDA,D,20171013,000000,23.81,23.97,23.81,23.97,1088,0
IDA,D,20171016,000000,23.52,24.14,23.52,23.8,2752,0
IDA,D,20171017,000000,23.9,23.9,23.56,23.88,442,0
IDA,D,20171018,000000,23.89,23.89,23.7,23.87,432,0
IDA,D,20171019,000000,23.5,23.69,23.07,23.39,6848,0
IDA,D,20171020,000000,23.6,23.6,23.16,23.39,17988,0
IDA,D,20171023,000000,23.35,23.35,22.8,22.9,11156,0
IDA,D,20171024,000000,22.89,22.89,22.63,22.88,10004,0
IDA,D,20171025,000000,22.87,23.35,22.8,23.35,7196,0
IDA,D,20171026,000000,22.9,23.19,22.81,23.15,4032,0
IDA,D,20171027,000000,23.61,23.97,22.71,23.2,20316,0
IDA,D,20171030,000000,23.79,24,23.35,24,6272,0
IDA,D,20171031,000000,23.61,24.6,23.61,24.6,16186,0
IDA,D,20171102,000000,25.22,25.4,24.5,24.5,22379,0
IDA,D,20171103,000000,24.77,24.77,24.25,24.25,3409,0
IDA,D,20171106,000000,24.66,24.66,23.91,24,4867,0
IDA,D,20171107,000000,24,24.41,23.9,24.25,2696,0
IDA,D,20171108,000000,24.39,24.39,23.7,23.94,4518,0
IDA,D,20171109,000000,23.99,23.99,23.73,23.79,663,0
IDA,D,20171110,000000,23.8,23.8,23.7,23.79,1085,0
IDA,D,20171113,000000,24,24.36,23.79,23.79,22361,0
IDA,D,20171114,000000,23.79,24.15,23.7,23.79,1525,0
IDA,D,20171115,000000,24.37,24.37,23.7,23.79,1932,0
IDA,D,20171116,000000,23.79,23.79,23.7,23.79,852,0
IDA,D,20171117,000000,23.52,23.79,23.52,23.79,2478,0
IDA,D,20171120,000000,24,24.05,23.67,24.05,2739,0
IDA,D,20171121,000000,24.05,24.45,24,24.14,656,0
IDA,D,20171122,000000,24.1,24.3,23.9,24.2,493,0
IDA,D,20171123,000000,24.44,24.44,23.9,24,10289,0
IDA,D,20171124,000000,24,24,23.72,23.98,16123,0
IDA,D,20171127,000000,23.98,23.98,23.8,23.8,786,0
IDA,D,20171128,000000,23.89,24.3,23.5,23.61,4105,0
IDA,D,20171129,000000,23.6,24.19,23.48,23.54,3019,0
IDA,D,20171130,000000,23.54,24.18,23.38,24,4934,0
IDA,D,20171201,000000,24,24,23,23.76,9242,0
IDA,D,20171204,000000,23.85,24.14,23.75,24,131993,0
IDA,D,20171205,000000,24.12,24.12,23.92,24.09,1157,0
IDA,D,20171206,000000,24.11,24.11,23.61,23.7,205948,0
IDA,D,20171207,000000,23.99,23.99,23.41,23.97,1505,0
IDA,D,20171208,000000,23.97,24,23.53,23.99,1802,0
IDA,D,20171211,000000,24.1,24.1,23.91,24.09,1778,0
IDA,D,20171212,000000,24.09,24.09,23.82,24.09,541,0
IDA,D,20171213,000000,24.09,24.09,24,24.05,80993,0
IDA,D,20171214,000000,24.09,24.09,24,24.09,842,0
IDA,D,20171215,000000,24,24,23.51,24,28106,0
IDA,D,20171218,000000,23.98,23.98,23.66,23.9,1032,0
IDA,D,20171219,000000,23.89,23.89,23.66,23.84,2592,0
IDA,D,20171220,000000,23.83,23.85,23.7,23.85,5930,0
IDA,D,20171221,000000,23.7,23.85,23.7,23.85,3085,0
IDA,D,20171222,000000,23.85,23.85,23.75,23.84,5787,0
IDA,D,20171227,000000,23.84,23.85,23.73,23.8,3755,0
IDA,D,20171228,000000,23.8,23.8,23.11,23.11,19287,0
IDA,D,20171229,000000,23.5,23.5,23.14,23.14,23511,0
IDA,D,20180103,000000,24.4,24.4,23.1,23.4,13230,0
IDA,D,20180104,000000,23.4,23.4,23.1,23.2,56375,0
IDA,D,20180105,000000,23.4,23.4,23.1,23.2,19358,0
IDA,D,20180108,000000,23.4,23.4,22.9,23.3,5769,0
IDA,D,20180109,000000,23.4,23.4,22.9,22.9,9471,0
IDA,D,20180110,000000,23,23,22.7,22.8,4114,0
IDA,D,20180111,000000,22.8,23,22.4,22.4,12281,0
IDA,D,20180112,000000,22.5,23,22.5,22.9,22771,0
IDA,D,20180115,000000,22.7,22.7,21.9,22.5,26559,0
IDA,D,20180116,000000,22.4,22.6,22,22.1,7538,0
IDA,D,20180117,000000,22.3,22.4,22.1,22.3,8073,0
IDA,D,20180118,000000,22.2,22.4,21.4,21.5,26727,0
IDA,D,20180119,000000,21.7,21.7,20.9,20.9,62823,0
IDA,D,20180122,000000,20.8,21.6,20.6,21,44764,0
IDA,D,20180123,000000,21,21.5,20.8,21,43217,0
IDA,D,20180124,000000,21.2,21.2,20.7,20.8,5785,0
IDA,D,20180125,000000,21,21.1,20.9,21,5692,0
IDA,D,20180126,000000,21.1,21.3,20.9,21,17584,0
IDA,D,20180129,000000,21.1,21.1,20.8,21,56433,0
IDA,D,20180130,000000,21,21,20.6,20.8,170165,0
IDA,D,20180131,000000,20.9,20.9,20.6,20.7,7561,0
IDA,D,20180201,000000,20.7,20.7,20.4,20.4,5711,0
IDA,D,20180202,000000,20.3,20.7,20.3,20.7,2091,0
IDA,D,20180205,000000,20.5,20.5,20.2,20.5,9727,0
IDA,D,20180206,000000,20,20.2,19,20.2,20382,0
IDA,D,20180207,000000,19.8,20.3,19.8,20,10352,0
IDA,D,20180208,000000,19.75,19.95,19.4,19.4,9297,0
IDA,D,20180209,000000,19.3,19.3,18.4,19,20309,0
IDA,D,20180212,000000,18.6,18.8,18.4,18.8,5705,0
IDA,D,20180213,000000,18.75,18.9,18.45,18.5,2489,0
IDA,D,20180214,000000,18.55,18.8,18.4,18.4,3076,0
IDA,D,20180215,000000,18.45,18.9,18,18,6971,0
IDA,D,20180216,000000,18.4,18.4,18.1,18.4,470,0
IDA,D,20180219,000000,18.1,18.5,18.1,18.5,23332,0
IDA,D,20180220,000000,18.45,18.5,18.2,18.3,6796,0
IDA,D,20180221,000000,18.25,18.25,17.9,18.15,4528,0
IDA,D,20180222,000000,18.1,18.2,17.8,18,1980,0
IDA,D,20180223,000000,17.95,18.1,17.2,17.6,10612,0
IDA,D,20180226,000000,17.85,18,17.6,17.9,3950,0
IDA,D,20180227,000000,17.9,17.95,17.6,17.9,8529,0
IDA,D,20180228,000000,18,18,17.6,17.9,3093,0
IDA,D,20180301,000000,17.7,17.95,17.5,17.8,4595,0
IDA,D,20180302,000000,17.6,17.6,16.5,17.2,9188,0
IDA,D,20180305,000000,17.2,17.2,16.2,16.9,9038,0
IDA,D,20180306,000000,16.9,16.9,16.35,16.85,10089,0
IDA,D,20180307,000000,16.75,16.95,16.7,16.85,10959,0
IDA,D,20180308,000000,16.85,18,16.85,17.35,48509,0
IDA,D,20180309,000000,17.1,17.8,15.85,16.3,31517,0
IDA,D,20180312,000000,16.4,16.45,16.2,16.3,5767,0
IDA,D,20180313,000000,16.3,16.3,15.9,15.95,3296,0
IDA,D,20180314,000000,16.3,16.3,15.6,16,4495,0
IDA,D,20180315,000000,16.4,16.4,15.45,15.8,8886,0
IDA,D,20180316,000000,16.2,16.2,15.5,15.65,6514,0
IDA,D,20180319,000000,15.9,15.9,15.1,15.35,9795,0
IDA,D,20180320,000000,15.1,15.4,14.7,15.4,34372,0
IDA,D,20180321,000000,15.4,15.5,15.1,15.5,10395,0
IDA,D,20180322,000000,15.4,15.5,15,15.4,31310,0
IDA,D,20180323,000000,14.9,15.65,14.9,15.45,22466,0
IDA,D,20180326,000000,15.65,15.75,15.15,15.65,5896,0
IDA,D,20180327,000000,15.65,15.7,15.05,15.3,2952,0
IDA,D,20180328,000000,15.3,15.3,14.65,15.15,305597,0
IDA,D,20180329,000000,15.15,15.15,14.85,15.15,8337,0
IDA,D,20180403,000000,15.15,15.15,14.25,15.15,343752,0
IDA,D,20180404,000000,15.15,15.3,14.75,15.3,8921,0
IDA,D,20180405,000000,15.3,15.75,14.95,15.75,4349,0
IDA,D,20180406,000000,15.75,15.75,15.2,15.6,9872,0
IDA,D,20180409,000000,15.6,15.6,15.35,15.6,7964,0
IDA,D,20180410,000000,15.3,15.35,14.75,14.9,25380,0
IDA,D,20180411,000000,15.15,15.15,14.4,14.75,15400,0
IDA,D,20180412,000000,14.75,14.9,14,14.4,12170,0
IDA,D,20180413,000000,14.15,14.9,13.2,13.5,45331,0
IDA,D,20180416,000000,13.55,13.55,12.5,13,42835,0
IDA,D,20180417,000000,12.8,13.8,12.35,13.2,25845,0
IDA,D,20180418,000000,13,13.3,12.7,13,20426,0
IDA,D,20180419,000000,13.3,13.3,11,11,28632,0
IDA,D,20180420,000000,11.25,11.7,10.15,10.8,60613,0
IDA,D,20180423,000000,10.85,10.85,9.78,10.3,56414,0
IDA,D,20180424,000000,10.05,10.25,9.64,9.9,34978,0
IDA,D,20180425,000000,9.7,9.7,8.74,9.22,97699,0
IDA,D,20180426,000000,9.2,9.34,7.4,7.68,304841,0
IDA,D,20180427,000000,8,9.7,7.8,9.7,1120670,0
IDA,D,20180430,000000,10.6,11.65,10.05,11.65,555153,0
IDA,D,20180502,000000,12,12.8,11,11.8,327694,0
IDA,D,20180504,000000,11.9,11.95,10.75,11.6,119399,0
IDA,D,20180507,000000,11.2,11.3,10.3,10.4,81914,0
IDA,D,20180508,000000,10.1,10.2,8.84,9.4,179529,0
IDA,D,20180509,000000,9.26,9.76,9.16,9.7,87106,0
IDA,D,20180510,000000,9.66,9.7,9.28,9.6,44006,0
IDA,D,20180511,000000,9.72,9.9,9.1,9.5,110606,0
IDA,D,20180514,000000,9.66,9.66,9.28,9.48,20815,0
IDA,D,20180515,000000,9.58,9.58,8.8,9.14,60091,0
IDA,D,20180516,000000,9.14,9.14,8.3,8.42,62006,0
IDA,D,20180517,000000,8.42,8.8,7.92,8.8,59240,0
IDA,D,20180518,000000,8.98,9.7,8.8,9,91804,0
IDA,D,20180521,000000,9.08,9.08,8.78,8.9,29212,0
IDA,D,20180522,000000,8.9,8.9,8.36,8.54,43168,0
IDA,D,20180523,000000,8.4,8.5,7.88,8,38575,0
IDA,D,20180524,000000,7.82,8,7.32,7.48,80405,0
IDA,D,20180525,000000,7.48,7.66,7.32,7.4,53117,0
IDA,D,20180528,000000,7.36,8.5,7.3,7.42,161532,0
IDA,D,20180529,000000,7.64,7.64,6.9,6.96,132195,0
IDA,D,20180530,000000,6.9,6.96,6.34,6.4,237051,0
IDA,D,20180601,000000,6.58,6.92,6.4,6.5,100835,0
IDA,D,20180604,000000,6.8,6.8,6.12,6.46,66019,0
IDA,D,20180605,000000,6.48,7.1,6.38,6.9,84826,0
IDA,D,20180606,000000,7.08,7.58,6.84,6.84,203879,0
IDA,D,20180607,000000,7.06,7.06,6.8,6.96,26437,0
IDA,D,20180608,000000,7.02,7.02,6.72,6.8,30738,0
IDA,D,20180611,000000,6.8,6.86,6.66,6.82,7987,0
IDA,D,20180612,000000,6.86,7.2,6.8,6.86,49895,0
IDA,D,20180613,000000,7.12,7.12,6.84,6.98,81110,0
IDA,D,20180614,000000,7,7.18,6.74,6.88,32448,0
IDA,D,20180615,000000,6.82,6.84,6.54,6.76,12524,0
IDA,D,20180618,000000,6.54,6.58,6.38,6.4,39165,0
IDA,D,20180619,000000,6.4,6.5,6.36,6.5,14630,0
IDA,D,20180620,000000,6.5,6.5,6.46,6.5,4511,0
IDA,D,20180621,000000,6.5,6.5,6.42,6.5,9835,0
IDA,D,20180622,000000,6.5,6.58,6.46,6.54,4942,0
IDA,D,20180625,000000,6.54,6.66,6.4,6.48,9152,0
IDA,D,20180626,000000,6.48,6.5,6.32,6.46,12297,0
IDA,D,20180627,000000,6.42,6.42,6.2,6.36,127830,0
IDA,D,20180628,000000,6.38,6.48,6.28,6.34,21148,0
IDA,D,20180629,000000,6.34,6.34,6.14,6.28,20392,0
IDA,D,20180702,000000,6.16,6.3,6.1,6.3,12380,0
IDA,D,20180703,000000,6.3,6.3,6.2,6.26,9835,0
IDA,D,20180704,000000,6.3,6.3,6.06,6.2,7327,0
IDA,D,20180705,000000,6.22,6.3,6.08,6.18,5500,0
IDA,D,20180706,000000,6.2,6.24,6.2,6.2,57295,0
IDA,D,20180709,000000,6.24,6.24,6.14,6.14,118601,0
IDA,D,20180710,000000,6.2,6.2,6.14,6.2,92007,0
IDA,D,20180711,000000,6.22,6.22,6.1,6.18,22064,0
IDA,D,20180712,000000,6.18,6.18,6.04,6.04,83179,0
IDA,D,20180713,000000,6.16,6.16,6,6.02,38270,0
IDA,D,20180716,000000,6.1,6.7,6.06,6.44,176960,0
IDA,D,20180717,000000,6.5,6.84,6.26,6.56,80846,0
IDA,D,20180718,000000,7.1,8.08,7.08,7.84,701183,0
IDA,D,20180719,000000,7.84,7.88,7.46,7.76,211553,0
IDA,D,20180720,000000,7.88,7.88,7.28,7.44,230131,0
IDA,D,20180723,000000,7.44,7.76,6.7,7.74,121285,0
IDA,D,20180724,000000,7.74,7.94,7.74,7.84,62794,0
IDA,D,20180725,000000,7.88,7.9,7.68,7.7,53899,0
IDA,D,20180726,000000,7.68,7.84,7.6,7.7,20508,0
IDA,D,20180727,000000,7.76,7.76,7.32,7.4,35826,0
IDA,D,20180730,000000,7.4,7.48,7.16,7.46,72396,0
IDA,D,20180731,000000,7.6,7.6,7.34,7.48,21210,0
IDA,D,20180801,000000,7.56,7.56,6.86,7.02,160192,0
IDA,D,20180802,000000,7.14,7.14,7,7.06,9228,0
IDA,D,20180803,000000,7.14,7.14,6.88,7.08,20133,0
IDA,D,20180806,000000,7.06,7.06,6.8,7.06,17992,0
IDA,D,20180807,000000,7.06,7.06,6.86,6.96,16319,0
IDA,D,20180808,000000,6.82,7,6.8,6.86,16705,0
IDA,D,20180809,000000,6.84,6.84,6.72,6.82,49563,0
IDA,D,20180810,000000,6.88,6.88,6.7,6.8,3384,0
IDA,D,20180813,000000,6.8,6.8,6.5,6.66,14227,0
IDA,D,20180814,000000,6.66,6.66,6.06,6.4,75535,0
IDA,D,20180816,000000,6.5,6.5,6.18,6.3,10292,0
IDA,D,20180817,000000,6.24,6.3,6.06,6.18,38504,0
IDA,D,20180820,000000,5.7,5.7,4.42,4.42,1314421,0
IDA,D,20180821,000000,4.41,4.6,4.21,4.4,208274,0
IDA,D,20180822,000000,4.47,4.55,4.42,4.49,150675,0
IDA,D,20180823,000000,4.63,4.65,4.43,4.5,170943,0
IDA,D,20180824,000000,4.48,4.52,4.4,4.5,65157,0
IDA,D,20180827,000000,4.5,4.58,4.45,4.5,62037,0
IDA,D,20180828,000000,4.53,4.54,4.4,4.44,52579,0
IDA,D,20180829,000000,4.49,4.49,4.4,4.49,25699,0
IDA,D,20180830,000000,4.43,4.47,4.38,4.4,58022,0
IDA,D,20180831,000000,4.4,4.4,4.16,4.29,55022,0
IDA,D,20180903,000000,4.35,4.48,4.17,4.28,60233,0
IDA,D,20180904,000000,4.25,4.25,3.93,4.02,84485,0
IDA,D,20180905,000000,4.02,4.02,3.73,3.8,98526,0
IDA,D,20180906,000000,3.8,3.83,3.7,3.79,13274,0
IDA,D,20180907,000000,3.8,3.9,3.55,3.73,41664,0
IDA,D,20180910,000000,3.76,3.81,3.59,3.65,42016,0
IDA,D,20180911,000000,3.65,3.65,3.48,3.55,40027,0
IDA,D,20180912,000000,3.56,3.56,3.36,3.52,35008,0
IDA,D,20180913,000000,3.52,3.52,3.42,3.47,116667,0
IDA,D,20180914,000000,3.48,3.95,3.47,3.76,435059,0
IDA,D,20180917,000000,3.8,3.84,3.5,3.61,106614,0
IDA,D,20180918,000000,3.61,3.68,3.51,3.51,29737,0
IDA,D,20180919,000000,3.55,3.55,3.21,3.35,90451,0
IDA,D,20180920,000000,3.33,3.45,3.33,3.4,70352,0
IDA,D,20180921,000000,3.1,3.75,3.1,3.47,529706,0
IDA,D,20180924,000000,3.5,3.7,3.48,3.6,322045,0
IDA,D,20180925,000000,3.66,3.77,3.55,3.6,293176,0
IDA,D,20180926,000000,3.63,3.68,3.55,3.62,45533,0
IDA,D,20180927,000000,3.59,3.61,3.55,3.6,58459,0
IDA,D,20180928,000000,3.61,3.61,3.55,3.59,43257,0
IDA,D,20181001,000000,3.6,3.64,3.56,3.58,20191,0
IDA,D,20181002,000000,3.57,3.57,3.36,3.47,110684,0
IDA,D,20181003,000000,3.46,3.46,3.3,3.3,90934,0
IDA,D,20181004,000000,3.3,3.37,3.3,3.32,64404,0
IDA,D,20181005,000000,3.37,3.47,3.31,3.45,43441,0
IDA,D,20181008,000000,3.45,3.45,3.34,3.35,69782,0
IDA,D,20181009,000000,3.4,3.4,3.35,3.4,76028,0
IDA,D,20181010,000000,3.4,3.4,3.38,3.4,5215,0
IDA,D,20181011,000000,3.3,3.4,3.3,3.4,44957,0
IDA,D,20181012,000000,3.3,3.35,3.23,3.29,45297,0
IDA,D,20181015,000000,3.3,3.31,3.25,3.3,19765,0
IDA,D,20181016,000000,3.3,3.36,3.29,3.29,30771,0
IDA,D,20181017,000000,3.3,3.99,3.29,3.78,427389,0
IDA,D,20181018,000000,3.7,3.81,3.54,3.62,110775,0
IDA,D,20181019,000000,3.65,3.65,3.48,3.49,53027,0
IDA,D,20181022,000000,3.6,3.67,3.46,3.46,47520,0
IDA,D,20181023,000000,3.58,3.58,3.41,3.5,10816,0
IDA,D,20181024,000000,3.54,3.54,3.39,3.4,30842,0
IDA,D,20181025,000000,3.39,3.45,3.39,3.44,25119,0
IDA,D,20181026,000000,3.48,3.54,3.38,3.4,25292,0
IDA,D,20181029,000000,3.35,3.5,3.35,3.46,25255,0
IDA,D,20181030,000000,3.47,3.47,3.3,3.35,31712,0
IDA,D,20181031,000000,3.31,3.35,3.01,3.17,138835,0
IDA,D,20181102,000000,3.17,3.23,2.95,3,230862,0
IDA,D,20181105,000000,3.05,3.07,2.98,2.99,60169,0
IDA,D,20181106,000000,2.92,3.01,2.9,2.95,65487,0
IDA,D,20181107,000000,2.98,3,2.91,2.97,278662,0
IDA,D,20181108,000000,3,3.06,2.97,2.97,56850,0
IDA,D,20181109,000000,3.04,3.04,2.93,3,103840,0
IDA,D,20181113,000000,2.93,2.95,2.79,2.81,110567,0
IDA,D,20181114,000000,2.62,2.62,2.13,2.49,896174,0
IDA,D,20181115,000000,2.55,2.8,2.5,2.6,391164,0
IDA,D,20181116,000000,2.7,2.7,2.19,2.19,377160,0
IDA,D,20181119,000000,2.37,2.4,1.93,1.93,814972,0
IDA,D,20181120,000000,1.99,2.09,1.62,1.77,1195255,0
IDA,D,20181121,000000,1.79,2.22,1.7,2.22,1844749,0
IDA,D,20181122,000000,2.36,2.9,2.35,2.82,3414172,0
IDA,D,20181123,000000,2.85,2.88,2.52,2.81,1726479,0
IDA,D,20181126,000000,2.8,2.8,2.43,2.57,369160,0
IDA,D,20181127,000000,2.51,2.8,2.41,2.56,1249930,0
IDA,D,20181128,000000,2.45,2.67,2.45,2.53,554574,0
IDA,D,20181129,000000,2.56,2.57,2.5,2.53,115860,0
IDA,D,20181130,000000,2.5,2.54,2.41,2.43,153409,0
IDA,D,20181203,000000,2.52,2.52,2.42,2.5,100772,0
IDA,D,20181204,000000,2.52,2.55,2.27,2.43,277897,0
IDA,D,20181205,000000,2.4,2.43,2.3,2.34,322563,0
IDA,D,20181206,000000,2.3,2.33,2.07,2.18,635450,0
IDA,D,20181207,000000,2.18,2.18,2.14,2.18,188358,0
IDA,D,20181210,000000,2.18,2.18,2.05,2.1,281839,0
IDA,D,20181211,000000,2.1,2.17,2.05,2.07,145195,0
IDA,D,20181212,000000,2.09,2.13,2.05,2.1,54881,0
IDA,D,20181213,000000,2.1,2.37,2.09,2.37,415501,0
IDA,D,20181214,000000,2.53,2.65,2.34,2.34,1137508,0
IDA,D,20181217,000000,2.26,2.3,2.2,2.23,193633,0
IDA,D,20181218,000000,2.26,2.61,2.26,2.6,703037,0
IDA,D,20181219,000000,2.59,2.66,2.5,2.55,879372,0
IDA,D,20181220,000000,2.57,2.6,2.4,2.47,437805,0
IDA,D,20181221,000000,2.48,2.48,2.36,2.38,169247,0
IDA,D,20181227,000000,2.43,2.47,2.37,2.38,61358,0
IDA,D,20181228,000000,2.41,2.44,2.39,2.43,54298,0
IDA,D,20190102,000000,2.47,2.48,2.4,2.48,114943,0
IDA,D,20190103,000000,2.49,2.5,2.43,2.45,65874,0
IDA,D,20190104,000000,2.45,2.45,2.41,2.41,37496,0
IDA,D,20190107,000000,2.44,2.45,2.38,2.45,73951,0
IDA,D,20190108,000000,2.44,2.46,2.42,2.45,125962,0
IDA,D,20190109,000000,2.46,2.47,2.43,2.46,109187,0
IDA,D,20190110,000000,2.45,2.46,2.42,2.45,42951,0
IDA,D,20190111,000000,2.46,2.46,2.42,2.45,89863,0
IDA,D,20190114,000000,2.46,2.46,2.42,2.44,19813,0
IDA,D,20190115,000000,2.46,2.46,2.42,2.44,28132,0
IDA,D,20190116,000000,2.43,2.45,2.41,2.45,171637,0
IDA,D,20190117,000000,2.45,2.87,2.45,2.76,1061683,0
IDA,D,20190118,000000,2.76,2.85,2.53,2.68,1387864,0
IDA,D,20190121,000000,2.68,2.73,2.52,2.56,526969,0
IDA,D,20190122,000000,2.54,2.58,2.48,2.52,267786,0
IDA,D,20190123,000000,2.51,2.53,2.44,2.52,129762,0
IDA,D,20190124,000000,2.5,2.64,2.48,2.57,271036,0
IDA,D,20190125,000000,2.6,2.6,2.58,2.6,82800,0
IDA,D,20190128,000000,2.71,3.25,2.71,3,1737401,0
IDA,D,20190129,000000,3.01,4,2.92,3.69,3527373,0
IDA,D,20190130,000000,3.73,3.96,3.46,3.51,1668076,0
IDA,D,20190131,000000,3.55,3.69,3.41,3.43,819353,0
IDA,D,20190201,000000,3.44,3.86,3.44,3.75,1673446,0
IDA,D,20190204,000000,3.91,4.46,3.9,4.4,2461587,0
IDA,D,20190205,000000,4.55,4.63,4.27,4.45,1606338,0
IDA,D,20190206,000000,4.42,4.85,4.4,4.84,1605230,0
IDA,D,20190207,000000,4.95,6.06,4.95,6.06,3050209,0
IDA,D,20190208,000000,6.58,8,6.58,8,1813470,0
IDA,D,20190211,000000,9.1,9.68,5.8,5.8,5345462,0
IDA,D,20190212,000000,5.8,6.38,4.8,6.1,5952565,0
IDA,D,20190213,000000,6.5,6.66,5.7,6.12,2292238,0
IDA,D,20190214,000000,6.04,6.12,5.38,5.64,1389090,0
IDA,D,20190215,000000,5.6,5.76,5.16,5.6,989408,0
IDA,D,20190218,000000,5.72,5.76,4.5,4.59,1272218,0
IDA,D,20190219,000000,4.51,5.64,4.21,5.64,2515624,0
IDA,D,20190220,000000,5.92,6.16,4.92,5.5,2974554,0
IDA,D,20190221,000000,5.4,5.6,5.22,5.38,711818,0
IDA,D,20190222,000000,5.5,5.6,5.36,5.48,361431,0
IDA,D,20190225,000000,5.52,5.62,5.26,5.34,420082,0
IDA,D,20190226,000000,4.82,5.2,4.8,5.08,642276,0
IDA,D,20190227,000000,4.9,5.06,4.71,4.82,441261,0
IDA,D,20190228,000000,4.72,5.38,4.7,5.1,1057772,0
IDA,D,20190301,000000,5.12,5.24,5,5.12,370090,0
IDA,D,20190304,000000,5.32,5.32,5.06,5.06,338365,0
IDA,D,20190305,000000,5.1,5.14,5,5.1,128785,0
IDA,D,20190306,000000,5.12,5.14,5,5.08,104362,0
IDA,D,20190307,000000,5.1,5.1,4.85,5.02,381320,0
IDA,D,20190308,000000,4.94,5.04,4.79,4.85,238962,0
IDA,D,20190311,000000,4.78,4.83,4.61,4.69,343681,0
IDA,D,20190312,000000,4.7,4.78,4.6,4.78,198956,0
IDA,D,20190313,000000,4.91,4.95,4.7,4.8,181863,0
IDA,D,20190314,000000,4.8,5.08,4.71,5.04,377201,0
IDA,D,20190315,000000,5.04,5.06,4.86,4.96,129559,0
IDA,D,20190318,000000,5.1,5.6,5.1,5.6,1267008,0
IDA,D,20190319,000000,5.64,5.98,5.42,5.42,1388701,0
IDA,D,20190320,000000,5.4,5.56,5.26,5.3,224099,0
IDA,D,20190321,000000,5.3,5.56,5.2,5.34,275883,0
IDA,D,20190322,000000,5.4,5.48,5.26,5.28,107538,0
IDA,D,20190325,000000,5.26,5.46,5.14,5.24,180717,0
IDA,D,20190326,000000,5.28,5.4,5.2,5.22,78735,0
IDA,D,20190327,000000,5.22,5.36,5,5.08,227022,0
IDA,D,20190328,000000,5.14,5.28,4.91,5.06,291492,0
IDA,D,20190329,000000,5.04,5.04,4.93,4.97,138532,0
IDA,D,20190401,000000,4.95,4.95,4.7,4.825,166972,0
IDA,D,20190402,000000,4.82,5.02,4.76,4.975,142998,0
IDA,D,20190403,000000,5.04,5.04,4.85,4.865,49024,0
IDA,D,20190404,000000,4.865,4.97,4.845,4.845,46217,0
IDA,D,20190405,000000,4.94,4.94,4.845,4.935,31424,0
IDA,D,20190408,000000,4.81,4.93,4.78,4.825,66989,0
IDA,D,20190409,000000,4.8,4.8,4.72,4.785,62047,0
IDA,D,20190410,000000,4.81,5.06,4.74,4.9,117797,0
IDA,D,20190411,000000,5,5.05,4.88,4.88,29024,0
IDA,D,20190412,000000,4.89,4.95,4.76,4.815,31757,0
IDA,D,20190415,000000,4.89,4.89,4.79,4.795,24470,0
IDA,D,20190416,000000,4.77,4.955,4.77,4.87,45397,0
IDA,D,20190417,000000,4.9,4.9,4.8,4.845,16830,0
IDA,D,20190418,000000,4.8,4.88,4.78,4.835,26821,0
IDA,D,20190423,000000,4.8,4.8,4.59,4.695,95194,0
IDA,D,20190424,000000,4.7,4.76,4.55,4.57,58324,0
IDA,D,20190425,000000,4.56,4.56,4.4,4.44,75478,0
IDA,D,20190426,000000,4.35,4.6,4,4.58,120936,0
IDA,D,20190429,000000,4.58,4.69,4.52,4.625,34690,0
IDA,D,20190430,000000,4.12,4.2,3.71,3.71,345349,0
IDA,D,20190502,000000,3,3.11,3,3,408732,0
IDA,D,20190506,000000,2.7,3.265,2.54,3.07,2867809,0
IDA,D,20190507,000000,3.2,3.2,2.725,2.8,535789,0
IDA,D,20190508,000000,2.75,3.26,2.75,3.02,411790,0
IDA,D,20190509,000000,2.85,3.07,2.85,2.99,225381,0
IDA,D,20190510,000000,3.035,3.035,2.805,2.895,185615,0
IDA,D,20190513,000000,2.91,2.91,2.76,2.81,85606,0
IDA,D,20190514,000000,2.83,2.98,2.79,2.85,185039,0
IDA,D,20190515,000000,2.9,2.9,2.8,2.8,54411,0
IDA,D,20190516,000000,2.81,2.83,2.75,2.75,147066,0
IDA,D,20190517,000000,2.76,2.8,2.69,2.75,165357,0
IDA,D,20190520,000000,2.71,2.745,2.5,2.55,158158,0
IDA,D,20190521,000000,2.55,2.57,2.5,2.52,56186,0
IDA,D,20190522,000000,2.51,2.61,2.43,2.43,133562,0
IDA,D,20190523,000000,2.43,2.49,2.3,2.3,215989,0
IDA,D,20190524,000000,2.25,2.25,2.025,2.075,401008,0
IDA,D,20190527,000000,2.1,2.13,2.01,2.01,148567,0
IDA,D,20190528,000000,2.05,2.36,2.02,2.31,508137,0
IDA,D,20190529,000000,2.33,2.36,2.2,2.31,147337,0
IDA,D,20190530,000000,2.28,2.47,2.12,2.35,254556,0
IDA,D,20190531,000000,2.31,2.79,2.29,2.58,408109,0
IDA,D,20190603,000000,2.53,2.53,2.28,2.3,439364,0
IDA,D,20190604,000000,2.35,2.36,2.22,2.25,118338,0
IDA,D,20190605,000000,2.21,2.21,1.99,2.07,431166,0
IDA,D,20190606,000000,2,2.265,1.928,2.155,277042,0
IDA,D,20190607,000000,2.26,2.26,2.12,2.16,190467,0
IDA,D,20190610,000000,2.195,2.195,2.07,2.07,164432,0
IDA,D,20190611,000000,2.13,2.13,2,2.04,136558,0
IDA,D,20190612,000000,2.025,2.09,2.02,2.03,34049,0
IDA,D,20190613,000000,2.04,2.12,2.02,2.12,86320,0
IDA,D,20190614,000000,2.1,2.1,2.045,2.05,60551,0
IDA,D,20190617,000000,2.165,2.44,2.165,2.44,634725,0
IDA,D,20190618,000000,2.38,2.38,2.15,2.155,516227,0
IDA,D,20190619,000000,2.2,2.26,2.07,2.135,223008,0
IDA,D,20190621,000000,2.14,2.155,2.08,2.11,112240,0
IDA,D,20190624,000000,2.11,2.145,2.08,2.09,71777,0
IDA,D,20190625,000000,2.09,2.18,2.07,2.09,49933,0
IDA,D,20190626,000000,2.13,2.16,2.09,2.13,51020,0
IDA,D,20190627,000000,2.135,2.17,2.125,2.16,34227,0
IDA,D,20190628,000000,2.15,2.15,2.09,2.14,36950,0
IDA,D,20190701,000000,2.165,2.165,2.14,2.155,16736,0
IDA,D,20190702,000000,2.175,2.175,2.1,2.12,17272,0
IDA,D,20190703,000000,2.12,2.15,2.1,2.14,16079,0
IDA,D,20190704,000000,2.15,2.275,2.15,2.2,96230,0
IDA,D,20190705,000000,2.25,2.27,2.165,2.21,30474,0
IDA,D,20190708,000000,2.19,2.19,2.13,2.135,89858,0
IDA,D,20190709,000000,2.15,2.19,2.13,2.14,32404,0
IDA,D,20190710,000000,2.4,2.62,2.38,2.49,601914,0
IDA,D,20190711,000000,2.5,2.55,2.4,2.45,137138,0
IDA,D,20190712,000000,2.45,2.49,2.41,2.42,88236,0
IDA,D,20190715,000000,2.44,2.46,2.41,2.43,42123,0
IDA,D,20190716,000000,2.43,2.45,2.41,2.43,16549,0
IDA,D,20190717,000000,2.36,2.36,2.16,2.26,377579,0
IDA,D,20190718,000000,2.265,2.3,2.25,2.26,37026,0
IDA,D,20190719,000000,2.215,2.345,2.215,2.29,62483,0
IDA,D,20190722,000000,2.25,2.415,2.25,2.39,309421,0
IDA,D,20190723,000000,2.395,2.41,2.33,2.34,40281,0
IDA,D,20190724,000000,2.34,2.41,2.33,2.33,30363,0
IDA,D,20190725,000000,2.38,2.4,2.31,2.33,62592,0
IDA,D,20190726,000000,2.33,2.38,2.28,2.3,22469,0
IDA,D,20190729,000000,2.33,2.37,2.28,2.28,27167,0
IDA,D,20190730,000000,2.32,2.33,2.26,2.27,67848,0
IDA,D,20190731,000000,2.25,2.28,2.22,2.23,29663,0
IDA,D,20190801,000000,2.2,2.25,2.2,2.215,67704,0
IDA,D,20190802,000000,2.23,2.23,2.18,2.21,17280,0
IDA,D,20190805,000000,2.2,2.2,2.05,2.08,82463,0
IDA,D,20190806,000000,2.11,2.15,2.05,2.06,76518,0
IDA,D,20190807,000000,2.065,2.15,2.06,2.1,43538,0
IDA,D,20190808,000000,2.1,2.115,2.07,2.1,7204,0
IDA,D,20190809,000000,2.1,2.1,2.065,2.08,7129,0
IDA,D,20190812,000000,2.12,2.12,2.08,2.1,14709,0
IDA,D,20190813,000000,2.1,2.16,2.1,2.155,30537,0
IDA,D,20190814,000000,2.155,2.18,2.11,2.16,18813,0
IDA,D,20190816,000000,2.1,2.155,2.06,2.06,33342,0
IDA,D,20190819,000000,2.06,2.1,1.96,1.96,105507,0
IDA,D,20190820,000000,1.96,1.99,1.88,1.97,71563,0
IDA,D,20190821,000000,1.95,2.06,1.95,2.06,61453,0
IDA,D,20190822,000000,2.055,2.085,1.98,2.035,40900,0
IDA,D,20190823,000000,2.045,2.045,1.964,2.01,30282,0
IDA,D,20190826,000000,1.98,2.05,1.98,1.98,13137,0
IDA,D,20190827,000000,2,2,1.97,2,14153,0
IDA,D,20190828,000000,2.035,2.035,1.85,1.92,32484,0
IDA,D,20190829,000000,1.92,1.948,1.88,1.91,38863,0
IDA,D,20190830,000000,1.94,1.95,1.89,1.9,18368,0
IDA,D,20190902,000000,1.94,1.94,1.86,1.93,25854,0
IDA,D,20190903,000000,1.89,1.91,1.89,1.898,17843,0
IDA,D,20190904,000000,1.89,1.94,1.89,1.94,14588,0
IDA,D,20190905,000000,1.94,1.94,1.8,1.9,71031,0
IDA,D,20190906,000000,1.91,1.91,1.854,1.89,10379,0
IDA,D,20190909,000000,1.89,2.28,1.772,2.28,212356,0
IDA,D,20190910,000000,2.24,2.44,2.125,2.15,330125,0
IDA,D,20190911,000000,2.18,2.18,2.055,2.06,132928,0
IDA,D,20190912,000000,2.12,2.33,2.06,2.11,231236,0
IDA,D,20190913,000000,2.15,2.2,2.09,2.13,74974,0
IDA,D,20190916,000000,2.1,2.27,2.1,2.24,83240,0
IDA,D,20190917,000000,2.7,2.71,2.495,2.71,1022584,0
IDA,D,20190918,000000,2.88,3.275,2.76,3.275,1411078,0
IDA,D,20190919,000000,3.5,3.93,3.16,3.2,1811306,0
IDA,D,20190920,000000,3.17,3.46,3.15,3.29,540559,0
IDA,D,20190923,000000,3.3,3.35,2.91,2.98,452147,0
IDA,D,20190924,000000,3.17,3.195,2.6,2.69,556449,0
IDA,D,20190925,000000,2.7,2.81,2.44,2.455,313275,0
IDA,D,20190926,000000,2.4,2.695,2.36,2.515,306543,0
IDA,D,20190927,000000,2.52,2.575,2.29,2.335,182107,0
IDA,D,20190930,000000,2.33,2.33,2.19,2.21,118145,0
IDA,D,20191001,000000,2.2,2.29,2.08,2.25,140625,0
IDA,D,20191002,000000,2.29,2.35,2.16,2.16,115319,0
IDA,D,20191003,000000,2.16,2.61,2.15,2.61,566999,0
IDA,D,20191004,000000,2.8,3.07,2.625,2.64,697222,0
IDA,D,20191007,000000,2.745,2.76,2.6,2.65,96426,0
IDA,D,20191008,000000,2.605,3.08,2.6,3,361430,0
IDA,D,20191009,000000,2.9,2.995,2.82,2.905,265637,0
IDA,D,20191010,000000,2.945,2.95,2.76,2.86,165375,0
IDA,D,20191011,000000,2.87,2.94,2.72,2.73,193813,0
IDA,D,20191014,000000,2.76,2.79,2.68,2.72,64380,0
IDA,D,20191015,000000,2.75,2.775,2.69,2.7,60309,0
IDA,D,20191016,000000,2.7,2.825,2.65,2.76,71446,0
IDA,D,20191017,000000,2.785,2.79,2.54,2.62,119885,0
IDA,D,20191018,000000,2.6,2.6,2.49,2.565,65698,0
IDA,D,20191021,000000,2.59,2.59,2.52,2.53,21078,0
IDA,D,20191022,000000,2.64,3.02,2.6,2.8,427633,0
IDA,D,20191023,000000,2.82,2.825,2.7,2.75,141296,0
IDA,D,20191024,000000,2.79,2.795,2.7,2.73,55149,0
IDA,D,20191025,000000,2.8,2.8,2.62,2.63,87557,0
IDA,D,20191028,000000,2.68,2.81,2.63,2.66,91404,0
IDA,D,20191029,000000,2.39,2.6,2.305,2.5,331497,0
IDA,D,20191030,000000,2.585,2.65,2.5,2.52,42415,0
IDA,D,20191031,000000,2.59,2.59,2.53,2.58,8294,0
IDA,D,20191104,000000,2.595,2.73,2.525,2.62,100731,0
IDA,D,20191105,000000,2.63,2.81,2.63,2.78,170073,0
IDA,D,20191106,000000,2.8,2.92,2.75,2.78,112562,0
IDA,D,20191107,000000,2.78,2.84,2.75,2.83,37204,0
IDA,D,20191108,000000,2.83,2.83,2.77,2.775,27663,0
IDA,D,20191112,000000,2.85,2.85,2.775,2.78,27271,0
IDA,D,20191113,000000,2.8,3.08,2.8,2.98,381906,0
IDA,D,20191114,000000,2.99,3,2.85,2.895,107059,0
IDA,D,20191115,000000,2.89,2.97,2.88,2.95,143479,0
IDA,D,20191118,000000,2.94,3.12,2.94,3.025,351700,0
IDA,D,20191119,000000,2.98,3,2.8,2.83,288441,0
IDA,D,20191120,000000,2.86,2.89,2.7,2.78,121199,0
IDA,D,20191121,000000,2.705,2.815,2.67,2.7,74364,0
IDA,D,20191122,000000,2.7,2.7,2.6,2.645,94857,0
IDA,D,20191125,000000,2.58,2.745,2.58,2.7,107805,0
IDA,D,20191126,000000,2.7,2.7,2.6,2.62,111071,0
IDA,D,20191127,000000,2.62,2.62,2.58,2.59,53532,0
IDA,D,20191128,000000,2.6,2.65,2.58,2.6,36474,0
IDA,D,20191129,000000,2.6,2.7,2.59,2.59,68020,0
IDA,D,20191202,000000,2.65,2.69,2.56,2.57,47386,0
IDA,D,20191203,000000,2.62,2.62,2.5,2.54,53552,0
IDA,D,20191204,000000,2.505,2.56,2.5,2.53,52699,0
IDA,D,20191205,000000,2.53,2.53,2.5,2.5,10030,0
IDA,D,20191206,000000,2.53,2.55,2.5,2.505,25239,0
IDA,D,20191209,000000,2.48,2.55,2.48,2.5,29134,0
IDA,D,20191210,000000,2.5,2.52,2.46,2.46,28701,0
IDA,D,20191211,000000,2.47,2.495,2.46,2.46,17155,0
IDA,D,20191212,000000,2.51,2.58,2.47,2.485,43922,0
IDA,D,20191213,000000,2.525,2.525,2.465,2.465,15265,0
IDA,D,20191216,000000,2.465,2.5,2.44,2.455,60473,0
IDA,D,20191217,000000,2.51,2.51,2.445,2.465,12490,0
IDA,D,20191218,000000,2.47,2.49,2.375,2.45,83732,0
IDA,D,20191219,000000,2.47,2.48,2.45,2.45,82260,0
IDA,D,20191220,000000,2.485,2.565,2.41,2.49,97068,0
IDA,D,20191223,000000,2.49,2.49,2.33,2.375,161587,0
IDA,D,20191227,000000,2.375,2.42,2.35,2.36,62989,0
IDA,D,20191230,000000,2.37,2.435,2.35,2.4,35379,0
IDA,D,20200102,000000,2.4,2.435,2.34,2.41,38593,0
IDA,D,20200103,000000,2.41,2.42,2.38,2.41,32673,0
IDA,D,20200107,000000,2.39,2.42,2.36,2.39,32568,0
IDA,D,20200108,000000,2.41,2.41,2.31,2.32,66704,0
IDA,D,20200109,000000,2.37,2.415,2.31,2.375,63555,0
IDA,D,20200110,000000,2.39,2.39,2.31,2.355,16126,0
IDA,D,20200113,000000,2.36,2.55,2.33,2.45,176503,0
IDA,D,20200114,000000,2.45,2.51,2.405,2.47,44686,0
IDA,D,20200115,000000,2.53,2.53,2.35,2.35,65203,0
IDA,D,20200116,000000,2.38,2.395,2.36,2.37,19465,0
IDA,D,20200117,000000,2.355,2.39,2.335,2.345,43675,0
IDA,D,20200120,000000,2.375,2.375,2.32,2.36,30999,0
IDA,D,20200121,000000,2.38,2.38,2.35,2.36,11330,0
IDA,D,20200122,000000,2.36,2.38,2.315,2.33,36691,0
IDA,D,20200123,000000,2.32,2.35,2.3,2.305,19426,0
IDA,D,20200124,000000,2.3,2.37,2.3,2.36,16143,0
IDA,D,20200127,000000,2.32,2.38,2.3,2.3,20685,0
IDA,D,20200128,000000,2.3,2.34,2.295,2.295,10084,0
IDA,D,20200129,000000,2.34,2.34,2.27,2.33,31141,0
IDA,D,20200130,000000,2.33,2.33,2.22,2.25,57996,0
IDA,D,20200131,000000,2.235,2.34,2.1,2.29,152711,0
IDA,D,20200203,000000,2.3,2.3,2.135,2.195,89039,0
IDA,D,20200204,000000,2.18,2.2,2.12,2.17,106274,0
IDA,D,20200205,000000,2.17,2.22,2.16,2.16,40149,0
IDA,D,20200206,000000,2.215,2.215,2.17,2.19,17849,0
IDA,D,20200207,000000,2.2,2.2,2.15,2.17,20148,0
IDA,D,20200210,000000,2.17,2.2,2.145,2.17,43671,0
IDA,D,20200211,000000,2.195,2.35,2.16,2.335,95032,0
IDA,D,20200212,000000,2.35,2.36,2.275,2.3,20847,0
IDA,D,20200213,000000,2.3,2.3,2.28,2.295,12168,0
IDA,D,20200214,000000,2.3,2.3,2.28,2.29,9395,0
IDA,D,20200217,000000,2.3,2.305,2.25,2.28,24504,0
IDA,D,20200218,000000,2.28,2.375,2.28,2.305,23181,0
IDA,D,20200219,000000,2.365,2.365,2.27,2.35,58663,0
IDA,D,20200220,000000,2.37,2.37,2.32,2.355,13276,0
IDA,D,20200221,000000,2.33,2.35,2.25,2.28,25258,0
IDA,D,20200224,000000,2.26,2.26,2.16,2.17,30850,0
IDA,D,20200225,000000,2.16,2.25,2.05,2.11,60230,0
IDA,D,20200226,000000,2.11,2.145,2.02,2.08,70449,0
IDA,D,20200227,000000,2.1,2.1,1.902,2,113134,0
IDA,D,20200228,000000,1.91,1.92,1.72,1.85,231844,0
IDA,D,20200302,000000,1.808,1.96,1.808,1.94,74575,0
IDA,D,20200303,000000,1.95,2.14,1.95,2.11,59220,0
IDA,D,20200304,000000,2,2.08,1.99,2.01,49488,0
IDA,D,20200305,000000,2.02,2.135,2.005,2.015,27087,0
IDA,D,20200306,000000,2,2,1.862,1.95,45664,0
IDA,D,20200309,000000,1.75,1.854,1.65,1.69,169143,0
IDA,D,20200310,000000,1.718,2.04,1.7,1.844,174400,0
IDA,D,20200311,000000,1.9,1.934,1.65,1.778,169784,0
IDA,D,20200312,000000,1.66,1.7,1.45,1.45,168950,0
IDA,D,20200313,000000,1.35,1.628,1.3,1.588,250330,0
IDA,D,20200316,000000,1.45,1.59,1.45,1.552,150034,0
IDA,D,20200317,000000,1.58,1.63,1.55,1.6,78413,0
IDA,D,20200318,000000,1.62,1.7,1.56,1.6,118710,0
IDA,D,20200319,000000,1.7,1.83,1.61,1.73,198737,0
IDA,D,20200320,000000,1.8,1.848,1.668,1.696,167588,0
IDA,D,20200323,000000,1.69,1.69,1.55,1.6,48717,0
IDA,D,20200324,000000,1.7,1.718,1.57,1.6,37185,0
IDA,D,20200325,000000,1.61,1.662,1.56,1.62,42515,0
IDA,D,20200326,000000,1.62,1.648,1.59,1.648,14155,0
IDA,D,20200327,000000,1.648,1.65,1.55,1.59,41626,0
IDA,D,20200330,000000,1.61,1.61,1.46,1.548,107433,0
IDA,D,20200331,000000,1.548,1.55,1.51,1.548,24755,0
IDA,D,20200401,000000,1.55,1.55,1.5,1.5,19565,0
IDA,D,20200402,000000,1.534,1.55,1.49,1.544,57564,0
IDA,D,20200403,000000,1.548,1.55,1.4,1.55,85301,0
IDA,D,20200406,000000,1.46,1.56,1.444,1.54,121988,0
IDA,D,20200407,000000,1.57,1.598,1.54,1.54,84082,0
IDA,D,20200408,000000,1.59,1.59,1.512,1.56,30127,0
IDA,D,20200409,000000,1.524,1.546,1.5,1.536,44283,0
IDA,D,20200414,000000,1.548,1.59,1.52,1.58,68081,0
IDA,D,20200415,000000,1.58,1.58,1.48,1.538,123263,0
IDA,D,20200416,000000,1.538,1.58,1.464,1.53,71913,0
IDA,D,20200417,000000,1.56,1.56,1.516,1.522,22083,0
IDA,D,20200420,000000,1.558,1.558,1.506,1.524,30869,0
IDA,D,20200421,000000,1.524,1.55,1.5,1.5,19978,0
IDA,D,20200422,000000,1.52,1.54,1.49,1.492,23383,0
IDA,D,20200423,000000,1.484,1.53,1.48,1.518,53127,0
IDA,D,20200424,000000,1.53,1.53,1.482,1.49,6426,0
IDA,D,20200427,000000,1.54,1.54,1.45,1.486,113853,0
IDA,D,20200428,000000,1.498,1.54,1.45,1.48,30101,0
IDA,D,20200429,000000,1.482,1.53,1.482,1.53,75635,0
IDA,D,20200430,000000,1.536,1.56,1.514,1.532,48519,0
IDA,D,20200504,000000,1.544,1.544,1.51,1.542,22626,0
IDA,D,20200505,000000,1.548,1.56,1.51,1.54,27676,0
IDA,D,20200506,000000,1.55,1.688,1.52,1.6,219714,0
IDA,D,20200507,000000,1.648,1.876,1.63,1.84,354576,0
IDA,D,20200508,000000,1.83,1.85,1.722,1.73,100826,0
IDA,D,20200511,000000,1.73,1.75,1.67,1.732,80087,0
IDA,D,20200512,000000,1.738,1.89,1.706,1.89,91303,0
IDA,D,20200513,000000,1.878,1.94,1.8,1.84,59476,0
IDA,D,20200514,000000,1.85,1.92,1.7,1.79,152525,0
IDA,D,20200515,000000,1.85,1.9,1.84,1.86,72186,0
IDA,D,20200518,000000,1.88,1.958,1.88,1.94,75969,0
IDA,D,20200519,000000,1.95,1.998,1.95,1.98,58331,0
IDA,D,20200520,000000,1.96,2.095,1.95,2.095,182339,0
IDA,D,20200521,000000,2.1,2.35,2.1,2.22,490243,0
IDA,D,20200522,000000,2.22,2.22,2.11,2.16,87963,0
IDA,D,20200525,000000,2.17,2.24,2.17,2.17,37114,0
IDA,D,20200526,000000,2.16,2.16,2.01,2.08,142805,0
IDA,D,20200527,000000,2.09,2.25,2.055,2.15,89264,0
IDA,D,20200528,000000,2.16,2.2,2.01,2.05,74882,0
IDA,D,20200529,000000,2.04,2.04,2,2.035,40869,0
IDA,D,20200601,000000,2.045,2.12,2.04,2.04,43452,0
IDA,D,20200602,000000,2.015,2.08,1.972,2.015,104879,0
IDA,D,20200603,000000,2.015,2.045,2,2.04,68464,0
IDA,D,20200604,000000,2.045,2.05,1.99,2,74241,0
IDA,D,20200605,000000,2,2.085,1.99,2.015,330892,0
IDA,D,20200608,000000,2.01,2.075,2,2.01,209683,0
IDA,D,20200609,000000,2.05,2.05,1.97,1.982,66920,0
IDA,D,20200610,000000,1.99,1.99,1.92,1.97,62400,0
IDA,D,20200612,000000,1.968,2.12,1.95,2.08,253744,0
IDA,D,20200615,000000,2.1,2.1,2,2.06,97409,0
IDA,D,20200616,000000,2.06,2.1,2,2.05,90256,0
IDA,D,20200617,000000,2.085,2.085,2.01,2.04,42808,0
IDA,D,20200618,000000,2.045,2.055,2,2.05,52363,0
IDA,D,20200619,000000,2.075,2.075,2,2.02,28544,0
IDA,D,20200622,000000,2.055,2.055,1.99,2,89933,0
IDA,D,20200623,000000,2.02,2.03,2,2.02,96173,0
IDA,D,20200624,000000,2.02,2.025,1.99,2.02,44132,0
IDA,D,20200625,000000,2,2.05,1.98,1.998,83528,0
IDA,D,20200626,000000,1.998,2.04,1.998,2,12278,0
IDA,D,20200629,000000,2.06,2.65,2.06,2.65,768193,0
IDA,D,20200630,000000,3.14,3.34,2.35,2.4,2268719,0
IDA,D,20200701,000000,2.49,2.565,2.26,2.33,347532,0
IDA,D,20200702,000000,2.335,2.51,2.3,2.35,262677,0
IDA,D,20200703,000000,2.375,2.61,2.33,2.515,249440,0
IDA,D,20200706,000000,2.58,2.75,2.58,2.66,270677,0
IDA,D,20200707,000000,2.7,2.825,2.5,2.595,272663,0
IDA,D,20200708,000000,2.59,2.87,2.44,2.6,582652,0
IDA,D,20200709,000000,2.61,2.61,2.53,2.56,89399,0
IDA,D,20200710,000000,2.53,2.555,2.47,2.55,103501,0
