<TICKER>,<PER>,<DATE>,<TIME>,<OPEN>,<HIGH>,<LOW>,<CLOSE>,<VOL>,<OPENINT>
ITB,D,20101012,000000,14.764,15.875,14.223,15.875,182934,0
ITB,D,20101013,000000,16.058,17.068,16.058,16.746,132400,0
ITB,D,20101014,000000,16.701,16.746,16.077,16.746,15371,0
ITB,D,20101015,000000,16.728,17.407,16.251,17.407,73192,0
ITB,D,20101018,000000,17.435,17.435,16.838,17.435,11181,0
ITB,D,20101019,000000,17.297,17.618,17.251,17.251,18394,0
ITB,D,20101020,000000,17.114,17.435,16.627,17.251,23075,0
ITB,D,20101021,000000,17.251,17.251,16.985,17.022,19889,0
ITB,D,20101022,000000,16.976,17.398,16.976,17.389,14437,0
ITB,D,20101025,000000,17.031,17.444,17.031,17.435,5859,0
ITB,D,20101026,000000,17.398,18.095,17.398,18.077,6003,0
ITB,D,20101027,000000,18.095,18.095,17.481,18.068,355,0
ITB,D,20101028,000000,18.325,18.554,18.306,18.554,17884,0
ITB,D,20101029,000000,18.398,18.444,18.398,18.444,1231,0
ITB,D,20101102,000000,18.352,18.352,18.352,18.352,34907,0
ITB,D,20101103,000000,17.545,18.352,17.545,18.352,1507,0
ITB,D,20101104,000000,17.756,17.912,17.756,17.857,3699,0
ITB,D,20101105,000000,17.894,18.352,17.894,18.352,16580,0
ITB,D,20101108,000000,18.215,18.352,18.215,18.352,150,0
ITB,D,20101109,000000,18.306,18.352,18.306,18.352,213,0
ITB,D,20101110,000000,17.985,18.306,17.71,18.306,1068,0
ITB,D,20101112,000000,17.829,18.123,17.802,18.123,1975,0
ITB,D,20101115,000000,17.71,18.013,17.637,17.756,1008,0
ITB,D,20101116,000000,17.637,17.637,17.637,17.637,109,0
ITB,D,20101117,000000,17.526,18.077,17.517,18.077,7340,0
ITB,D,20101118,000000,18.077,18.077,17.526,17.664,6369,0
ITB,D,20101119,000000,17.894,18.123,17.618,17.976,8459,0
ITB,D,20101122,000000,17.435,18.013,17.435,17.802,3252,0
ITB,D,20101123,000000,17.022,17.802,17.022,17.802,4104,0
ITB,D,20101124,000000,17.71,17.884,17.71,17.884,2109,0
ITB,D,20101125,000000,17.49,18.077,17.49,18.077,2046,0
ITB,D,20101126,000000,17.453,17.793,17.453,17.793,141,0
ITB,D,20101129,000000,17.453,17.875,17.398,17.398,7307,0
ITB,D,20101130,000000,17.398,17.875,17.398,17.866,588,0
ITB,D,20101201,000000,17.875,17.875,17.26,17.857,131,0
ITB,D,20101202,000000,17.802,17.802,17.802,17.802,277,0
ITB,D,20101203,000000,17.013,17.793,16.976,17.793,1803,0
ITB,D,20101206,000000,17.563,17.783,17.022,17.783,5021,0
ITB,D,20101207,000000,17.783,17.783,17.178,17.774,5082,0
ITB,D,20101208,000000,17.774,17.783,17.352,17.783,1958,0
ITB,D,20101209,000000,17.71,17.71,17.71,17.71,766,0
ITB,D,20101210,000000,17.435,17.435,17.38,17.38,2248,0
ITB,D,20101213,000000,17.242,17.242,17.242,17.242,74,0
ITB,D,20101214,000000,16.884,16.884,16.802,16.802,131,0
ITB,D,20101215,000000,16.517,16.517,16.297,16.499,900,0
ITB,D,20101216,000000,16.425,16.49,15.783,16.49,1034,0
ITB,D,20101217,000000,16.49,16.517,16.123,16.508,515,0
ITB,D,20101222,000000,16.077,16.104,16.077,16.077,153,0
ITB,D,20101223,000000,16.049,16.058,15.599,15.967,1009,0
ITB,D,20101227,000000,15.333,15.967,15.324,15.967,2812,0
ITB,D,20101228,000000,15.526,16.416,15.416,16.416,24638,0
ITB,D,20101229,000000,16.315,16.315,15.599,16.306,770,0
ITB,D,20101231,000000,15.875,16.471,15.875,16.471,11567,0
ITB,D,20110103,000000,15.599,16.462,15.599,16.462,385,0
ITB,D,20110104,000000,15.599,16.058,15.599,16.058,402,0
ITB,D,20110105,000000,15.425,15.508,15.425,15.508,538,0
ITB,D,20110107,000000,15.306,15.599,15.196,15.599,1893,0
ITB,D,20110110,000000,15.287,15.287,15.287,15.287,78,0
ITB,D,20110111,000000,15.287,15.957,15.287,15.957,9,0
ITB,D,20110112,000000,15.599,15.599,15.287,15.508,440,0
ITB,D,20110118,000000,14.774,14.774,14.498,14.498,1877,0
ITB,D,20110119,000000,14.664,14.673,14.664,14.673,96,0
ITB,D,20110121,000000,13.764,14.581,13.764,14.581,1320,0
ITB,D,20110124,000000,13.489,13.764,13.489,13.489,116,0
ITB,D,20110125,000000,13.59,13.764,13.581,13.764,2410,0
ITB,D,20110126,000000,13.672,13.948,13.672,13.948,257,0
ITB,D,20110127,000000,13.672,14.076,13.627,14.076,600,0
ITB,D,20110128,000000,14.076,14.076,14.076,14.076,372,0
ITB,D,20110201,000000,14.04,14.04,13.764,13.764,21807,0
ITB,D,20110202,000000,13.764,14.452,13.672,14.186,80061,0
ITB,D,20110203,000000,14.397,14.682,14.223,14.682,4044,0
ITB,D,20110204,000000,14.682,14.764,14.407,14.407,515,0
ITB,D,20110207,000000,14.407,14.407,14.315,14.315,785,0
ITB,D,20110208,000000,14.407,14.728,14.379,14.728,3019,0
ITB,D,20110209,000000,15.003,15.003,15.003,15.003,59,0
ITB,D,20110210,000000,14.682,14.82,14.682,14.682,669,0
ITB,D,20110211,000000,14.957,14.957,14.957,14.957,1128,0
ITB,D,20110215,000000,14.957,14.976,14.04,14.682,5393,0
ITB,D,20110216,000000,14.682,15.141,14.682,14.93,18645,0
ITB,D,20110217,000000,15.04,15.04,15.04,15.04,5,0
ITB,D,20110218,000000,15.04,15.232,15.04,15.232,356,0
ITB,D,20110221,000000,15.232,15.232,15.232,15.232,129,0
ITB,D,20110222,000000,15.232,15.324,15.232,15.324,206,0
ITB,D,20110223,000000,15.324,15.508,15.324,15.508,1700,0
ITB,D,20110224,000000,15.508,15.59,15.499,15.59,1231,0
ITB,D,20110225,000000,15.462,15.462,15.232,15.416,1013,0
ITB,D,20110228,000000,15.554,15.554,15.141,15.508,311,0
ITB,D,20110301,000000,15.37,15.37,15.37,15.37,23,0
ITB,D,20110302,000000,15.232,15.37,15.232,15.37,88,0
ITB,D,20110303,000000,15.141,15.141,15.141,15.141,311,0
ITB,D,20110304,000000,15.324,15.324,14.957,15.141,485,0
ITB,D,20110307,000000,15.049,15.049,14.59,15.049,643,0
ITB,D,20110308,000000,14.774,15.131,14.774,15.131,2323,0
ITB,D,20110309,000000,14.884,14.884,14.884,14.884,997,0
ITB,D,20110310,000000,14.884,14.911,14.884,14.911,375,0
ITB,D,20110311,000000,14.911,15.049,14.911,15.049,792,0
ITB,D,20110314,000000,14.865,14.911,14.498,14.911,587,0
ITB,D,20110315,000000,14.544,14.865,14.544,14.865,190,0
ITB,D,20110316,000000,14.865,14.911,14.865,14.911,538,0
ITB,D,20110317,000000,14.957,15.049,14.957,15.049,114,0
ITB,D,20110318,000000,14.957,15.315,14.957,15.315,1079,0
ITB,D,20110321,000000,15.416,15.416,14.957,15.141,842,0
ITB,D,20110322,000000,15.141,15.141,15.141,15.141,118,0
ITB,D,20110324,000000,14.957,14.957,14.865,14.957,338,0
ITB,D,20110325,000000,14.82,14.82,14.774,14.774,327,0
ITB,D,20110328,000000,14.82,14.82,14.682,14.682,702,0
ITB,D,20110329,000000,14.508,14.682,14.508,14.682,34,0
ITB,D,20110330,000000,14.682,14.682,14.682,14.682,588,0
ITB,D,20110331,000000,14.627,14.682,14.627,14.664,599,0
ITB,D,20110401,000000,14.315,14.407,14.223,14.407,578,0
ITB,D,20110404,000000,12.984,14.673,12.984,14.361,610,0
ITB,D,20110405,000000,14.223,14.269,14.076,14.269,533,0
ITB,D,20110406,000000,13.856,13.856,13.351,13.764,1178,0
ITB,D,20110407,000000,13.764,13.764,13.764,13.764,76,0
ITB,D,20110408,000000,13.535,13.764,13.535,13.764,371,0
ITB,D,20110411,000000,13.764,13.764,13.764,13.764,231,0
ITB,D,20110412,000000,13.764,13.764,13.764,13.764,66,0
ITB,D,20110413,000000,13.994,13.994,13.994,13.994,177,0
ITB,D,20110414,000000,13.764,13.764,13.764,13.764,218,0
ITB,D,20110415,000000,13.232,13.663,12.626,13.654,2374,0
ITB,D,20110418,000000,13.654,13.654,13.076,13.37,320,0
ITB,D,20110419,000000,13.672,13.672,13.397,13.672,50,0
ITB,D,20110420,000000,13.076,13.672,13.03,13.672,289,0
ITB,D,20110421,000000,13.672,13.672,13.672,13.672,1058,0
ITB,D,20110427,000000,13.397,13.672,13.397,13.672,59,0
ITB,D,20110429,000000,13.672,14.223,13.672,14.223,1755,0
ITB,D,20110502,000000,13.783,13.783,13.764,13.764,452,0
ITB,D,20110504,000000,13.764,13.764,13.305,13.305,571,0
ITB,D,20110506,000000,13.168,13.425,13.168,13.425,436,0
ITB,D,20110509,000000,13.305,13.305,13.305,13.305,109,0
ITB,D,20110510,000000,13.168,13.168,13.122,13.122,221,0
ITB,D,20110511,000000,13.305,13.305,13.305,13.305,54,0
ITB,D,20110513,000000,13.305,13.305,13.039,13.039,21,0
ITB,D,20110516,000000,12.938,13.296,12.938,13.296,68,0
ITB,D,20110517,000000,12.938,12.938,12.388,12.847,731,0
ITB,D,20110518,000000,12.663,12.938,12.067,12.938,673,0
ITB,D,20110519,000000,12.388,12.388,12.388,12.388,2,0
ITB,D,20110520,000000,12.709,12.709,12.709,12.709,2,0
ITB,D,20110523,000000,12.709,12.709,12.709,12.709,5,0
ITB,D,20110524,000000,12.755,12.755,12.755,12.755,186,0
ITB,D,20110525,000000,11.837,12.663,11.746,12.663,397,0
ITB,D,20110526,000000,11.837,12.525,11.746,12.525,447,0
ITB,D,20110527,000000,12.388,12.388,11.791,12.388,1101,0
ITB,D,20110530,000000,12.663,12.663,12.663,12.663,2,0
ITB,D,20110531,000000,11.562,12.562,11.516,12.562,3900,0
ITB,D,20110601,000000,11.562,11.865,11.562,11.562,514,0
ITB,D,20110602,000000,12.48,12.48,11.378,11.378,968,0
ITB,D,20110603,000000,11.47,11.47,11.195,11.415,4374,0
ITB,D,20110606,000000,11.516,11.516,11.149,11.305,599,0
ITB,D,20110607,000000,12.333,12.333,11.746,11.746,58,0
ITB,D,20110608,000000,12.021,12.021,11.516,11.929,366,0
ITB,D,20110609,000000,12.113,12.113,11.011,11.746,296,0
ITB,D,20110610,000000,11.929,11.929,11.883,11.883,1361,0
ITB,D,20110613,000000,11.883,12.388,11.883,12.388,681,0
ITB,D,20110614,000000,12.204,12.204,11.837,12.204,706,0
ITB,D,20110615,000000,12.204,12.204,12.204,12.204,930,0
ITB,D,20110616,000000,11.929,11.929,11.929,11.929,40,0
ITB,D,20110617,000000,12.158,12.158,11.195,11.92,597,0
ITB,D,20110620,000000,11.03,11.7,10.69,10.69,17280,0
ITB,D,20110621,000000,11.69,11.69,11.342,11.69,57,0
ITB,D,20110622,000000,11.681,11.681,11.681,11.681,3,0
ITB,D,20110624,000000,11.553,11.553,11.452,11.47,295,0
ITB,D,20110627,000000,11.47,11.47,10.745,11.47,295,0
ITB,D,20110628,000000,11.69,11.69,11.47,11.47,71,0
ITB,D,20110629,000000,11.47,11.47,10.553,11.186,964,0
ITB,D,20110630,000000,11.278,11.47,11.039,11.47,5064,0
ITB,D,20110701,000000,11.461,11.47,11.461,11.47,482,0
ITB,D,20110704,000000,11.47,11.47,10.461,11.47,541,0
ITB,D,20110705,000000,11.461,11.746,11.461,11.746,768,0
ITB,D,20110706,000000,11.47,11.746,11.47,11.746,546,0
ITB,D,20110707,000000,11.195,11.654,11.195,11.654,596,0
ITB,D,20110708,000000,11.562,11.562,11.562,11.562,436,0
ITB,D,20110711,000000,10.598,11.259,10.598,11.25,655,0
ITB,D,20110712,000000,10.598,11.002,10.553,10.993,1200,0
ITB,D,20110713,000000,10.984,10.984,10.002,10.002,3036,0
ITB,D,20110714,000000,10.002,10.47,9.1761,9.819,2743,0
ITB,D,20110715,000000,9.4422,9.589,8.9467,9.1761,5777,0
ITB,D,20110718,000000,9.0844,9.0844,8.2585,8.9009,122,0
ITB,D,20110719,000000,8.2585,8.9009,8.075,8.9009,15611,0
ITB,D,20110720,000000,8.9009,8.9009,8.9009,8.9009,141,0
ITB,D,20110725,000000,8.9009,8.9009,8.9009,8.9009,60,0
ITB,D,20110726,000000,8.7173,8.9926,8.7173,8.9926,12185,0
ITB,D,20110727,000000,8.9926,8.9926,8.9009,8.9009,280,0
ITB,D,20110728,000000,8.9009,9.1761,8.9009,8.9009,49408,0
ITB,D,20110729,000000,9.1761,9.2128,8.7173,9.2128,2775,0
ITB,D,20110801,000000,9.91,10.553,9.4514,9.635,332,0
ITB,D,20110802,000000,10.094,10.094,8.6714,9.167,509,0
ITB,D,20110803,000000,9.809,9.809,9.0844,9.0844,16,0
ITB,D,20110804,000000,9.819,9.819,8.7173,9.1761,2510,0
ITB,D,20110805,000000,8.2585,9.91,8.2585,9.91,2298,0
ITB,D,20110808,000000,9.635,9.91,9.635,9.8,50,0
ITB,D,20110811,000000,9.1486,9.1486,9.1486,9.1486,545,0
ITB,D,20110812,000000,8.442,9.1394,8.442,9.1394,2638,0
ITB,D,20110816,000000,9.1761,9.1761,9.1761,9.1761,38,0
ITB,D,20110818,000000,8.2585,8.9926,8.2585,8.9009,2860,0
ITB,D,20110819,000000,8.4879,8.7173,8.4879,8.4879,12372,0
ITB,D,20110822,000000,7.7997,8.2585,7.708,8.2585,4735,0
ITB,D,20110824,000000,8.855,8.855,8.855,8.855,2,0
ITB,D,20110831,000000,8.6256,8.6256,8.6256,8.6256,20,0
ITB,D,20110901,000000,7.9832,7.9832,7.2491,7.7997,1586,0
ITB,D,20110905,000000,7.7905,7.7905,7.7905,7.7905,1168,0
ITB,D,20110906,000000,7.6162,7.6162,7.6162,7.6162,4359,0
ITB,D,20110907,000000,7.708,7.708,7.708,7.708,1,0
ITB,D,20110908,000000,7.0748,7.708,7.0748,7.6988,8047,0
ITB,D,20110909,000000,7.6988,7.6988,7.6988,7.6988,1,0
ITB,D,20110913,000000,6.9739,7.3409,6.6986,6.6986,39,0
ITB,D,20110914,000000,7.295,7.295,6.6068,7.295,245,0
ITB,D,20110915,000000,7.3409,7.3409,6.6068,7.3317,9177,0
ITB,D,20110916,000000,7.3409,7.3409,7.3409,7.3409,5,0
ITB,D,20110919,000000,7.3409,7.3409,7.3409,7.3409,5,0
ITB,D,20110920,000000,7.3409,7.3409,7.295,7.295,7,0
ITB,D,20110921,000000,7.3409,7.3409,7.3317,7.3317,21,0
ITB,D,20110922,000000,7.3409,7.3409,7.3317,7.3317,53,0
ITB,D,20110923,000000,7.3317,7.3409,7.2033,7.3134,81,0
ITB,D,20110926,000000,7.3042,7.3042,7.295,7.3042,2240,0
ITB,D,20110927,000000,7.3317,7.3317,7.3317,7.3317,490,0
ITB,D,20110928,000000,7.3409,7.3409,6.8821,7.3226,3674,0
ITB,D,20110929,000000,7.2491,7.2859,7.2491,7.2859,599,0
ITB,D,20110930,000000,7.2859,7.2859,7.2859,7.2859,1,0
ITB,D,20111003,000000,7.24,7.24,7.24,7.24,1,0
ITB,D,20111005,000000,7.1574,7.1574,7.1574,7.1574,1,0
ITB,D,20111006,000000,7.2491,7.8639,6.7903,7.1574,3280,0
ITB,D,20111007,000000,7.1574,7.3409,7.1574,7.3409,13,0
ITB,D,20111010,000000,7.7997,7.7997,7.3409,7.3409,13296,0
ITB,D,20111011,000000,7.6162,7.7997,7.6162,7.7997,2,0
ITB,D,20111012,000000,7.7997,7.7997,7.6529,7.6529,2,0
ITB,D,20111013,000000,7.3409,7.3409,7.3409,7.3409,1,0
ITB,D,20111014,000000,7.7997,7.7997,7.5703,7.7355,1233,0
ITB,D,20111017,000000,8.2493,8.4879,7.9282,8.4879,65,0
ITB,D,20111018,000000,8.8825,8.8825,8.6256,8.6256,2,0
ITB,D,20111019,000000,8.8825,8.9009,8.2585,8.9009,10419,0
ITB,D,20111020,000000,8.2585,8.8091,8.2585,8.8091,7759,0
ITB,D,20111021,000000,8.8091,8.8091,8.5797,8.5797,13,0
ITB,D,20111024,000000,8.8091,8.8091,8.8091,8.8091,5,0
ITB,D,20111025,000000,8.8091,8.8091,8.8091,8.8091,654,0
ITB,D,20111026,000000,8.754,8.754,8.754,8.754,27,0
ITB,D,20111027,000000,8.7082,8.7082,8.7082,8.7082,45,0
ITB,D,20111028,000000,8.7082,8.7082,8.5338,8.7082,150,0
ITB,D,20111031,000000,8.5797,8.5797,8.5797,8.5797,134,0
ITB,D,20111102,000000,7.1757,8.6714,7.1757,8.6714,3402,0
ITB,D,20111103,000000,8.2585,8.699,8.2585,8.699,545,0
ITB,D,20111104,000000,8.6439,8.6439,8.6164,8.6164,47,0
ITB,D,20111107,000000,8.6072,8.6072,8.6072,8.6072,49,0
ITB,D,20111108,000000,8.2585,8.6072,8.2585,8.6072,1095,0
ITB,D,20111109,000000,8.598,8.598,8.598,8.598,1744,0
ITB,D,20111110,000000,8.5797,8.5797,8.5797,8.5797,1,0
ITB,D,20111115,000000,7.7997,7.7997,7.7997,7.7997,162,0
ITB,D,20111116,000000,8.1851,8.1851,7.7997,7.7997,154,0
ITB,D,20111117,000000,8.1851,8.1851,7.7997,7.7997,157,0
ITB,D,20111121,000000,8.1668,8.1668,8.1668,8.1668,5,0
ITB,D,20111122,000000,8.1851,8.1851,6.8821,7.8823,10193,0
ITB,D,20111123,000000,7.8181,7.8181,7.8181,7.8181,174,0
ITB,D,20111125,000000,7.708,7.708,6.7903,6.7903,3071,0
ITB,D,20111129,000000,7.24,7.24,6.4233,6.6068,651,0
ITB,D,20111130,000000,6.3315,7.24,6.3315,7.24,932,0
ITB,D,20111201,000000,7.3409,7.3409,7.3409,7.3409,2,0
ITB,D,20111202,000000,7.3317,7.3409,7.3317,7.3409,7438,0
ITB,D,20111205,000000,7.2491,7.2491,7.2491,7.2491,1,0
ITB,D,20111206,000000,7.2491,7.2491,7.2491,7.2491,2,0
ITB,D,20111207,000000,7.295,7.295,7.295,7.295,48,0
ITB,D,20111208,000000,6.3774,6.3774,6.3774,6.3774,5449,0
ITB,D,20111209,000000,6.3682,6.3774,6.0287,6.148,60986,0
ITB,D,20111212,000000,6.148,6.148,5.6892,5.9645,4720,0
ITB,D,20111213,000000,5.8727,6.0104,5.8727,6.0104,10765,0
ITB,D,20111214,000000,6.0104,6.0104,6.0104,6.0104,218,0
ITB,D,20111215,000000,6.0012,6.0012,5.5057,5.8268,2573,0
ITB,D,20111216,000000,5.8268,5.8268,5.368,5.8268,2621,0
ITB,D,20111219,000000,5.8268,5.8268,5.3313,5.5424,34080,0
ITB,D,20111220,000000,5.4965,5.4965,5.1386,5.4965,3545,0
ITB,D,20111221,000000,5.4965,5.6892,5.4965,5.5057,4361,0
ITB,D,20111222,000000,5.2304,5.3497,5.0469,5.313,3099,0
ITB,D,20111223,000000,5.0469,5.313,5.0469,5.313,1095,0
ITB,D,20111227,000000,5.0469,5.368,5.0469,5.3589,559,0
ITB,D,20111228,000000,5.3405,5.3405,5.2212,5.3313,5909,0
ITB,D,20111229,000000,5.3222,5.8268,4.8634,5.8268,2702,0
ITB,D,20111230,000000,5.83,6.61,5.32,6.61,19284,0
ITB,D,20120102,000000,6.3682,6.3682,5.9645,6.2857,363,0
ITB,D,20120103,000000,6.0012,6.0012,6.0012,6.0012,1,0
ITB,D,20120104,000000,6.0012,6.0012,5.0561,5.0561,8491,0
ITB,D,20120105,000000,5.2304,5.2304,5.0469,5.0561,4005,0
ITB,D,20120109,000000,4.7808,5.0561,4.7716,4.7716,3433,0
ITB,D,20120110,000000,5.0469,5.0469,5.0469,5.0469,47,0
ITB,D,20120111,000000,5.2763,5.2763,5.2763,5.2763,1,0
ITB,D,20120112,000000,5.2304,5.2304,4.7716,4.7716,4053,0
ITB,D,20120113,000000,4.7808,5.0469,4.6798,4.6798,4420,0
ITB,D,20120116,000000,4.6431,4.6431,4.5972,4.5972,676,0
ITB,D,20120117,000000,4.4504,4.5881,4.4504,4.5881,1529,0
ITB,D,20120120,000000,4.5881,4.7257,4.5881,4.7257,1962,0
ITB,D,20120123,000000,4.6339,4.6339,4.5881,4.5881,7606,0
ITB,D,20120124,000000,4.7074,4.7074,4.6707,4.6707,546,0
ITB,D,20120125,000000,4.6707,4.6707,4.6707,4.6707,56,0
ITB,D,20120126,000000,4.6615,4.6615,4.533,4.5881,3410,0
ITB,D,20120127,000000,4.5881,4.7349,4.5881,4.5881,12207,0
ITB,D,20120130,000000,4.6707,4.6707,4.5881,4.5881,2430,0
ITB,D,20120131,000000,4.59,5.12,4.59,5.12,41762,0
ITB,D,20120201,000000,5.1203,5.2488,5.1203,5.1386,7019,0
ITB,D,20120202,000000,5.2212,5.313,5.1662,5.313,1160,0
ITB,D,20120203,000000,5.212,5.2212,4.9551,5.2212,1611,0
ITB,D,20120206,000000,5.313,5.6892,5.0469,5.1386,6507,0
ITB,D,20120207,000000,5.3038,6.4233,5.0102,6.4233,35034,0
ITB,D,20120208,000000,6.6068,6.8821,5.9645,6.1388,14803,0
ITB,D,20120209,000000,6.3132,6.4141,5.7993,5.9461,9811,0
ITB,D,20120210,000000,5.9094,6.1388,5.5699,5.7534,2485,0
ITB,D,20120213,000000,5.5057,5.9645,5.5057,5.9553,2427,0
ITB,D,20120214,000000,5.9553,6.2398,5.7626,6.2122,19395,0
ITB,D,20120215,000000,6.2398,6.8821,6.148,6.8454,7517,0
ITB,D,20120216,000000,6.7628,6.7628,6.1755,6.6802,3954,0
ITB,D,20120217,000000,6.7903,7.1574,6.7903,6.8821,5571,0
ITB,D,20120220,000000,7.1482,7.1482,6.304,6.304,3410,0
ITB,D,20120221,000000,6.8821,6.8821,6.5151,6.5976,2989,0
ITB,D,20120222,000000,6.5151,6.6894,6.0563,6.6894,3251,0
ITB,D,20120223,000000,6.6435,6.6435,6.4233,6.4233,69,0
ITB,D,20120224,000000,6.5059,6.5059,6.4325,6.4692,2358,0
ITB,D,20120227,000000,6.4692,6.4692,6.4233,6.4233,92,0
ITB,D,20120228,000000,6.46,6.46,5.992,6.3958,1041,0
ITB,D,20120229,000000,6.4,6.4,6.4,6.4,374,0
ITB,D,20120301,000000,6.4692,6.4692,6.3132,6.3315,363,0
ITB,D,20120302,000000,6.4233,6.4233,6.4233,6.4233,7,0
ITB,D,20120305,000000,6.4325,6.4325,6.3774,6.4325,611,0
ITB,D,20120306,000000,6.4049,6.4049,6.4049,6.4049,5,0
ITB,D,20120307,000000,5.992,6.3315,5.9186,5.937,18631,0
ITB,D,20120308,000000,6.2031,6.2031,5.8727,5.9645,1854,0
ITB,D,20120309,000000,6.0838,6.1847,6.0838,6.1847,2180,0
ITB,D,20120312,000000,5.9094,5.9186,5.6892,5.6892,2662,0
ITB,D,20120313,000000,5.9094,5.9278,5.8727,5.8727,1307,0
ITB,D,20120314,000000,5.8727,5.8727,5.5516,5.7534,1350,0
ITB,D,20120315,000000,5.5149,5.5332,5.3222,5.5149,24949,0
ITB,D,20120316,000000,5.5516,5.5516,5.5516,5.5516,16,0
ITB,D,20120320,000000,5.5057,5.5057,5.5057,5.5057,54,0
ITB,D,20120321,000000,5.5057,5.5332,5.3405,5.3405,2746,0
ITB,D,20120322,000000,5.8636,5.8636,5.1386,5.3956,7160,0
ITB,D,20120323,000000,5.3956,5.3956,5.0469,5.0561,292,0
ITB,D,20120326,000000,5.2304,5.2304,5.2304,5.2304,763,0
ITB,D,20120327,000000,5.2396,5.2396,5.0469,5.0469,242,0
ITB,D,20120328,000000,5.1386,5.1386,5.0561,5.0836,168,0
ITB,D,20120329,000000,5.0469,5.0469,5.0469,5.0469,1424,0
ITB,D,20120330,000000,5.05,5.31,5.05,5.31,329,0
ITB,D,20120403,000000,4.9092,4.9551,4.9092,4.9551,1626,0
ITB,D,20120405,000000,4.8634,4.8634,4.8634,4.8634,109,0
ITB,D,20120410,000000,5.2304,5.2304,5.2304,5.2304,2,0
ITB,D,20120411,000000,4.8634,4.8634,4.8634,4.8634,307,0
ITB,D,20120412,000000,4.8634,4.8634,4.8634,4.8634,332,0
ITB,D,20120413,000000,4.8634,4.8634,4.8266,4.8266,5836,0
ITB,D,20120416,000000,4.7716,4.7716,4.7716,4.7716,313,0
ITB,D,20120417,000000,4.8634,4.8634,4.8634,4.8634,814,0
ITB,D,20120418,000000,4.9092,4.9092,4.9001,4.9092,510,0
ITB,D,20120419,000000,4.7716,4.7716,4.7716,4.7716,1090,0
ITB,D,20120420,000000,4.6615,4.6615,4.5789,4.5789,3415,0
ITB,D,20120423,000000,4.5697,4.5697,4.1201,4.5238,617,0
ITB,D,20120424,000000,4.2944,4.4688,4.2944,4.4688,523,0
ITB,D,20120502,000000,4.377,4.4045,4.377,4.4045,2012,0
ITB,D,20120507,000000,4.3036,4.3036,4.3036,4.3036,229,0
ITB,D,20120508,000000,4.0375,4.1109,3.9182,4.1109,377,0
ITB,D,20120509,000000,3.9182,3.9182,3.698,3.7255,3503,0
ITB,D,20120510,000000,3.9824,3.9824,3.753,3.753,824,0
ITB,D,20120514,000000,3.753,3.753,3.5787,3.5787,778,0
ITB,D,20120515,000000,3.5787,3.7622,3.5787,3.7622,1290,0
ITB,D,20120516,000000,3.8723,3.9457,3.8723,3.9457,218,0
ITB,D,20120518,000000,3.5512,3.7439,3.5512,3.7439,1417,0
ITB,D,20120522,000000,3.7439,3.7439,3.7439,3.7439,59,0
ITB,D,20120523,000000,3.7439,3.7439,3.7439,3.7439,240,0
ITB,D,20120524,000000,3.7439,4.1109,3.7439,4.1109,207,0
ITB,D,20120525,000000,4.5147,4.5147,3.7163,3.7163,425,0
ITB,D,20120528,000000,4.4045,4.4045,4.4045,4.4045,2606,0
ITB,D,20120529,000000,3.9916,4.2853,3.9916,4.2853,372,0
ITB,D,20120531,000000,4.2,4.2,4.2,4.2,272,0
ITB,D,20120601,000000,3.8815,3.8999,3.6796,3.7163,2284,0
ITB,D,20120606,000000,3.34,3.34,3.29,3.29,3286,0
ITB,D,20120608,000000,3.2116,3.2116,3.2116,3.2116,45,0
ITB,D,20120611,000000,3.5145,3.5145,3.5145,3.5145,54,0
ITB,D,20120612,000000,3.5145,3.8264,3.5145,3.6521,312,0
ITB,D,20120613,000000,3.2851,3.6154,3.0465,3.3034,3795,0
ITB,D,20120614,000000,3.2667,3.2667,3.2667,3.2667,361,0
ITB,D,20120615,000000,3.09,3.1,3.07,3.1,1831,0
ITB,D,20120618,000000,3.4043,3.4043,2.9455,2.9455,417,0
ITB,D,20120619,000000,2.863,3.0006,2.6611,3.0006,5131,0
ITB,D,20120620,000000,2.762,2.9914,2.762,2.9914,130,0
ITB,D,20120621,000000,2.9272,2.9272,2.9272,2.9272,22,0
ITB,D,20120622,000000,2.99,2.99,2.76,2.88,3551,0
ITB,D,20120625,000000,2.8813,2.8813,2.6152,2.8446,4167,0
ITB,D,20120626,000000,2.89,2.95,2.87,2.95,1112,0
ITB,D,20120627,000000,2.98,3.01,2.85,2.85,62426,0
ITB,D,20120628,000000,2.89,2.97,2.86,2.86,4207,0
ITB,D,20120629,000000,2.97,2.98,2.95,2.96,15315,0
ITB,D,20120702,000000,3.03,3.16,2.98,3.16,24038,0
ITB,D,20120703,000000,3.03,3.23,2.97,3.23,4016,0
ITB,D,20120704,000000,3.51,3.52,3.2,3.2,922,0
ITB,D,20120705,000000,3.5,3.52,3.46,3.46,3837,0
ITB,D,20120706,000000,3.46,3.46,3.46,3.46,1313,0
ITB,D,20120709,000000,3.6,3.6,3.5,3.6,565,0
ITB,D,20120710,000000,3.6,3.61,3.6,3.61,1118,0
ITB,D,20120711,000000,3.97,3.97,3.97,3.97,14,0
ITB,D,20120712,000000,4.35,4.35,3.7,4.1,1463,0
ITB,D,20120713,000000,4,4,4,4,3,0
ITB,D,20120716,000000,3.9,3.9,3.9,3.9,1690,0
ITB,D,20120718,000000,4.29,4.29,4.29,4.29,1001,0
ITB,D,20120719,000000,4.4,4.55,4.4,4.41,3330,0
ITB,D,20120720,000000,4.81,4.81,4.81,4.81,10,0
ITB,D,20120723,000000,4.71,4.71,4.71,4.71,170,0
ITB,D,20120724,000000,4.81,4.81,4.75,4.75,98,0
ITB,D,20120725,000000,4.4,4.4,4.4,4.4,6,0
ITB,D,20120726,000000,4.34,4.34,4.34,4.34,111,0
ITB,D,20120727,000000,4.21,4.65,4.21,4.6,812,0
ITB,D,20120730,000000,4.58,4.58,4.58,4.58,10,0
ITB,D,20120731,000000,4.49,4.49,4.49,4.49,1,0
ITB,D,20120801,000000,4.2,4.2,4.2,4.2,1,0
ITB,D,20120802,000000,4.48,4.48,4.48,4.48,70,0
ITB,D,20120807,000000,4.4,4.4,4.4,4.4,1,0
ITB,D,20120810,000000,4.2,4.2,4.2,4.2,1,0
ITB,D,20120814,000000,4.21,4.21,4.1,4.1,69,0
ITB,D,20120816,000000,4.43,4.43,4.43,4.43,3,0
ITB,D,20120817,000000,4.2,4.2,4.2,4.2,5,0
ITB,D,20120820,000000,4.3,4.3,3.65,3.67,2059,0
ITB,D,20120821,000000,3.51,3.51,3.51,3.51,827,0
ITB,D,20120822,000000,3.52,3.52,3.51,3.51,241,0
ITB,D,20120823,000000,3.5,3.5,3.5,3.5,102,0
ITB,D,20120827,000000,3.15,3.38,3.1,3.38,2088,0
ITB,D,20120828,000000,3.38,3.38,3.38,3.38,150,0
ITB,D,20120829,000000,3.25,3.25,3.25,3.25,120,0
ITB,D,20120830,000000,2.93,3.24,2.93,3.24,97,0
ITB,D,20120831,000000,3.14,3.14,3.14,3.14,1,0
ITB,D,20120903,000000,3.01,3.24,3.01,3.24,542,0
ITB,D,20120905,000000,3.24,3.24,3.24,3.24,470,0
ITB,D,20120907,000000,3.24,3.24,3.01,3.01,349,0
ITB,D,20120911,000000,3.04,3.04,3.04,3.04,300,0
ITB,D,20120912,000000,3.13,3.19,3.13,3.19,664,0
ITB,D,20120913,000000,3.19,3.22,3.19,3.22,715,0
ITB,D,20120914,000000,3.24,3.24,3.24,3.24,281,0
ITB,D,20120917,000000,3.24,3.45,2.92,3.26,2153,0
ITB,D,20120918,000000,3.26,3.26,3.1,3.1,277,0
ITB,D,20120919,000000,3.26,3.26,3.26,3.26,60,0
ITB,D,20120920,000000,3.26,3.26,2.94,3.26,513,0
ITB,D,20120921,000000,3.25,3.26,3.25,3.26,283,0
ITB,D,20120924,000000,3.26,3.26,3.26,3.26,1365,0
ITB,D,20120925,000000,3.46,3.46,3.46,3.46,385,0
ITB,D,20120927,000000,3.46,3.46,3.46,3.46,6,0
ITB,D,20121001,000000,3.55,3.56,3.55,3.56,419,0
ITB,D,20121003,000000,3.5,3.5,3.5,3.5,10,0
ITB,D,20121005,000000,3.55,3.56,3.5,3.56,1543,0
ITB,D,20121008,000000,3.56,3.65,3.56,3.65,486,0
ITB,D,20121009,000000,3.66,3.7,3.66,3.7,193,0
ITB,D,20121010,000000,3.7,3.7,3.6,3.6,51034,0
ITB,D,20121011,000000,3.6,3.6,3.6,3.6,86,0
ITB,D,20121012,000000,3.9,3.9,3.9,3.9,100,0
ITB,D,20121015,000000,3.61,3.89,3.61,3.89,308,0
ITB,D,20121016,000000,3.89,3.89,3.89,3.89,103,0
ITB,D,20121018,000000,3.81,3.81,3.81,3.81,10,0
ITB,D,20121019,000000,3.89,3.89,3.89,3.89,4,0
ITB,D,20121022,000000,3.89,3.89,3.75,3.75,103,0
ITB,D,20121023,000000,3.79,3.89,3.79,3.89,550,0
ITB,D,20121024,000000,3.8,3.8,3.8,3.8,854,0
ITB,D,20121025,000000,3.89,3.89,3.8,3.8,794,0
ITB,D,20121026,000000,3.89,3.89,3.42,3.89,601,0
ITB,D,20121030,000000,3.51,3.51,3.15,3.5,587,0
ITB,D,20121031,000000,3.5,3.85,3.5,3.85,144,0
ITB,D,20121105,000000,3.46,3.81,3.46,3.81,569,0
ITB,D,20121106,000000,3.7,3.7,3.7,3.7,1,0
ITB,D,20121107,000000,3.65,3.65,3.65,3.65,5,0
ITB,D,20121108,000000,3.6,3.6,3.6,3.6,4,0
ITB,D,20121109,000000,3.25,3.3,3.24,3.3,1507,0
ITB,D,20121113,000000,3.31,3.31,3.31,3.31,78,0
ITB,D,20121119,000000,3.3,3.3,3.3,3.3,2400,0
ITB,D,20121122,000000,3.57,3.57,3.3,3.3,10,0
ITB,D,20121126,000000,3,3.28,3,3.27,362,0
ITB,D,20121127,000000,3.24,3.24,3.17,3.17,690,0
ITB,D,20121128,000000,3.15,3.15,3.15,3.15,155,0
ITB,D,20121129,000000,3.18,3.18,3.18,3.18,13,0
ITB,D,20121130,000000,3.15,3.18,3.15,3.18,8,0
ITB,D,20121204,000000,2.87,2.91,2.87,2.91,210,0
ITB,D,20121205,000000,2.92,2.92,2.92,2.92,82,0
ITB,D,20121206,000000,2.94,3.21,2.93,3.21,543,0
ITB,D,20121207,000000,3.2,3.28,3.2,3.2,1043,0
ITB,D,20121210,000000,3.2,3.2,3.2,3.2,10,0
ITB,D,20121211,000000,3.02,3.02,3.02,3.02,59,0
ITB,D,20121212,000000,3.02,3.02,3.02,3.02,10,0
ITB,D,20121213,000000,3.02,3.02,3.02,3.02,12,0
ITB,D,20121214,000000,3.02,3.02,3.02,3.02,90,0
ITB,D,20121217,000000,3.02,3.02,2.87,2.98,5962,0
ITB,D,20121218,000000,2.9,2.9,2.9,2.9,10,0
ITB,D,20121219,000000,2.8,2.8,2.8,2.8,777,0
ITB,D,20121220,000000,2.7,2.93,2.64,2.64,855,0
ITB,D,20121221,000000,2.86,2.86,2.86,2.86,2,0
ITB,D,20130102,000000,2.95,2.95,2.95,2.95,947,0
ITB,D,20130103,000000,2.8,3.01,2.8,3.01,203,0
ITB,D,20130108,000000,2.94,2.94,2.94,2.94,551,0
ITB,D,20130109,000000,2.79,3.22,2.75,3.2,1183,0
ITB,D,20130111,000000,2.9,3.15,2.9,3.14,307,0
ITB,D,20130114,000000,3.1,3.1,3.07,3.07,1221,0
ITB,D,20130115,000000,3.07,3.07,3.07,3.07,97,0
ITB,D,20130116,000000,3.07,3.07,3.05,3.05,17935,0
ITB,D,20130122,000000,2.96,3.11,2.96,3.11,128,0
ITB,D,20130123,000000,3.14,3.14,3.14,3.14,58,0
ITB,D,20130124,000000,3.15,3.15,3.15,3.15,179,0
ITB,D,20130125,000000,3.1,3.1,2.9,3.1,623,0
ITB,D,20130128,000000,3.13,3.15,3.13,3.15,141,0
ITB,D,20130129,000000,3.15,3.15,3.15,3.15,604,0
ITB,D,20130131,000000,3.15,3.19,2.9,3.19,495,0
ITB,D,20130204,000000,3.09,3.09,3.09,3.09,27,0
ITB,D,20130208,000000,3.1,3.1,3.1,3.1,60,0
ITB,D,20130211,000000,3.01,3.01,3.01,3.01,71,0
ITB,D,20130212,000000,3,3,2.9,2.9,1628,0
ITB,D,20130213,000000,2.79,2.8,2.76,2.76,494,0
ITB,D,20130220,000000,3,3,3,3,106,0
ITB,D,20130222,000000,3,3.1,3,3.05,505,0
ITB,D,20130226,000000,3.05,3.05,2.96,3.05,143,0
ITB,D,20130227,000000,3.05,3.05,3.05,3.05,1,0
ITB,D,20130301,000000,2.99,2.99,2.96,2.96,170,0
ITB,D,20130304,000000,2.99,2.99,2.96,2.96,552,0
ITB,D,20130305,000000,2.99,3.25,2.81,3.25,663,0
ITB,D,20130306,000000,3.24,3.24,3.24,3.24,73,0
ITB,D,20130307,000000,3.23,3.23,3.23,3.23,29,0
ITB,D,20130308,000000,3.25,3.25,3.25,3.25,104,0
ITB,D,20130311,000000,3.25,3.25,3.25,3.25,462,0
ITB,D,20130312,000000,3.24,3.5,3.24,3.5,6313,0
ITB,D,20130313,000000,3.45,3.45,3.24,3.26,804,0
ITB,D,20130314,000000,3.49,3.49,3.45,3.45,33,0
ITB,D,20130315,000000,3.38,3.38,3.38,3.38,1,0
ITB,D,20130318,000000,3.38,3.38,3.2,3.2,1744,0
ITB,D,20130319,000000,3.17,3.17,3.17,3.17,154,0
ITB,D,20130320,000000,3.11,3.23,3.11,3.23,161,0
ITB,D,20130321,000000,3.23,3.23,3.23,3.23,100,0
ITB,D,20130322,000000,3.23,3.23,2.9,2.9,2455,0
ITB,D,20130325,000000,2.9,2.99,2.9,2.99,1630,0
ITB,D,20130328,000000,2.71,2.72,2.71,2.71,667,0
ITB,D,20130402,000000,2.98,2.98,2.98,2.98,897,0
ITB,D,20130403,000000,2.97,2.97,2.97,2.97,98,0
ITB,D,20130404,000000,2.95,2.97,2.95,2.97,452,0
ITB,D,20130405,000000,2.94,2.94,2.94,2.94,29,0
ITB,D,20130410,000000,2.72,2.92,2.72,2.92,3460,0
ITB,D,20130412,000000,2.85,2.85,2.85,2.85,302,0
ITB,D,20130415,000000,2.85,2.85,2.85,2.85,404,0
ITB,D,20130422,000000,2.57,2.57,2.57,2.57,1200,0
ITB,D,20130423,000000,2.57,2.57,2.57,2.57,21,0
ITB,D,20130424,000000,2.5,2.57,2.5,2.57,103,0
ITB,D,20130426,000000,2.57,2.57,2.32,2.32,2458,0
ITB,D,20130429,000000,2.44,2.44,2.44,2.44,3,0
ITB,D,20130430,000000,2.54,2.54,2.54,2.54,104,0
ITB,D,20130514,000000,2.55,2.7,2.55,2.7,548,0
ITB,D,20130515,000000,2.5,2.5,2.5,2.5,700,0
ITB,D,20130528,000000,2.45,2.52,2.45,2.52,23,0
ITB,D,20130529,000000,2.7,2.7,2.6,2.6,49,0
ITB,D,20130604,000000,2.51,2.51,2.51,2.51,72,0
ITB,D,20130605,000000,2.51,2.51,2.51,2.51,40,0
ITB,D,20130606,000000,2.51,2.51,2.51,2.51,28,0
ITB,D,20130610,000000,2.51,2.51,2.51,2.51,66,0
ITB,D,20130612,000000,2.5,2.5,2.5,2.5,132,0
ITB,D,20130613,000000,2.5,2.5,2.5,2.5,800,0
ITB,D,20130614,000000,2.4,2.47,2.4,2.47,74,0
ITB,D,20130617,000000,2.4,2.4,2.3,2.3,1299,0
ITB,D,20130618,000000,2.24,2.24,2.24,2.24,231,0
ITB,D,20130619,000000,2.24,2.24,2.24,2.24,10,0
ITB,D,20130620,000000,2.4,2.4,2.4,2.4,77,0
ITB,D,20130621,000000,2.24,2.24,2.24,2.24,11,0
ITB,D,20130624,000000,2.24,2.24,2.24,2.24,26,0
ITB,D,20130625,000000,2.24,2.24,2.24,2.24,24,0
ITB,D,20130627,000000,2.24,2.59,2.24,2.24,4291,0
ITB,D,20130701,000000,2.04,2.24,2.04,2.24,1152,0
ITB,D,20130702,000000,2.22,2.22,2.22,2.22,207,0
ITB,D,20130709,000000,2.05,2.05,1.95,2.02,7209,0
ITB,D,20130710,000000,1.95,1.99,1.95,1.95,9358,0
ITB,D,20130711,000000,1.95,2.02,1.95,2.02,1324,0
ITB,D,20130715,000000,1.76,1.77,1.76,1.77,1852,0
ITB,D,20130716,000000,1.94,1.94,1.76,1.76,3618,0
ITB,D,20130717,000000,1.93,1.94,1.93,1.94,1030,0
ITB,D,20130718,000000,1.9,1.9,1.9,1.9,100,0
ITB,D,20130719,000000,1.94,1.94,1.82,1.94,2201,0
ITB,D,20130723,000000,1.93,1.94,1.78,1.78,7135,0
ITB,D,20130724,000000,1.8,1.8,1.78,1.78,233,0
ITB,D,20130725,000000,1.78,1.87,1.78,1.78,5124,0
ITB,D,20130726,000000,1.75,1.75,1.7,1.7,10940,0
ITB,D,20130729,000000,1.68,1.84,1.68,1.81,197,0
ITB,D,20130730,000000,1.7,1.71,1.7,1.7,7120,0
ITB,D,20130731,000000,1.78,1.78,1.75,1.75,100,0
ITB,D,20130802,000000,1.75,1.78,1.73,1.73,1205,0
ITB,D,20130805,000000,1.75,1.75,1.7,1.7,104,0
ITB,D,20130806,000000,1.55,1.55,1.53,1.54,2788,0
ITB,D,20130807,000000,1.56,1.56,1.55,1.55,142,0
ITB,D,20130808,000000,1.6,1.61,1.6,1.6,7958,0
ITB,D,20130809,000000,1.6,1.6,1.6,1.6,8400,0
ITB,D,20130812,000000,1.6,1.71,1.6,1.6,10454,0
ITB,D,20130813,000000,1.6,1.6,1.59,1.6,2783,0
ITB,D,20130814,000000,1.6,1.62,1.6,1.62,1300,0
ITB,D,20130816,000000,1.59,1.59,1.59,1.59,54,0
ITB,D,20130820,000000,1.59,1.72,1.59,1.64,12519,0
ITB,D,20130821,000000,1.64,1.64,1.64,1.64,949,0
ITB,D,20130822,000000,1.51,1.51,1.51,1.51,3378,0
ITB,D,20130823,000000,1.53,1.54,1.5,1.54,25698,0
ITB,D,20130826,000000,1.74,1.74,1.58,1.6,8242,0
ITB,D,20130827,000000,1.69,1.69,1.53,1.53,7619,0
ITB,D,20130828,000000,1.5,1.5,1.5,1.5,826,0
ITB,D,20130829,000000,1.5,1.6,1.5,1.6,21,0
ITB,D,20130830,000000,1.6,1.68,1.57,1.68,121,0
ITB,D,20130902,000000,1.68,1.68,1.68,1.68,77,0
ITB,D,20130903,000000,1.92,2,1.73,1.89,18585,0
ITB,D,20130904,000000,1.9,2.05,1.9,2,8530,0
ITB,D,20130905,000000,1.99,1.99,1.85,1.86,4141,0
ITB,D,20130906,000000,1.92,1.95,1.85,1.88,4838,0
ITB,D,20130909,000000,1.93,1.94,1.9,1.94,2052,0
ITB,D,20130910,000000,1.94,1.94,1.9,1.9,274,0
ITB,D,20130911,000000,1.88,1.92,1.88,1.92,365,0
ITB,D,20130912,000000,1.94,1.94,1.93,1.94,8111,0
ITB,D,20130913,000000,1.94,2.13,1.91,2.01,20585,0
ITB,D,20130916,000000,1.95,1.95,1.87,1.9,6410,0
ITB,D,20130917,000000,1.9,1.9,1.89,1.9,1726,0
ITB,D,20130918,000000,1.9,1.9,1.9,1.9,5,0
ITB,D,20130923,000000,1.9,1.9,1.9,1.9,870,0
ITB,D,20130924,000000,1.88,1.9,1.73,1.9,1746,0
ITB,D,20130925,000000,1.89,1.89,1.89,1.89,65,0
ITB,D,20130926,000000,1.88,1.89,1.88,1.89,68,0
ITB,D,20130927,000000,1.89,1.89,1.89,1.89,128,0
ITB,D,20130930,000000,1.76,1.89,1.76,1.89,129,0
ITB,D,20131001,000000,1.76,1.88,1.61,1.88,2963,0
ITB,D,20131002,000000,1.84,1.84,1.84,1.84,7964,0
ITB,D,20131003,000000,1.77,1.82,1.77,1.82,200,0
ITB,D,20131004,000000,1.82,1.82,1.68,1.77,1961,0
ITB,D,20131007,000000,1.77,1.77,1.62,1.71,519,0
ITB,D,20131008,000000,1.74,1.76,1.74,1.76,1200,0
ITB,D,20131009,000000,1.76,1.76,1.7,1.7,1707,0
ITB,D,20131010,000000,1.7,1.76,1.7,1.71,8407,0
ITB,D,20131011,000000,1.6,1.63,1.6,1.6,33216,0
ITB,D,20131014,000000,1.6,1.6,1.56,1.56,1349,0
ITB,D,20131015,000000,1.58,1.66,1.58,1.65,4354,0
ITB,D,20131016,000000,1.7,1.7,1.53,1.55,8317,0
ITB,D,20131017,000000,1.55,1.55,1.55,1.55,1010,0
ITB,D,20131018,000000,1.55,1.55,1.54,1.55,1640,0
ITB,D,20131021,000000,1.6,1.6,1.46,1.46,14426,0
ITB,D,20131022,000000,1.46,1.47,1.32,1.47,91590,0
ITB,D,20131023,000000,1.41,1.46,1.36,1.38,8965,0
ITB,D,20131024,000000,1.36,1.45,1.36,1.42,8349,0
ITB,D,20131025,000000,1.5,1.57,1.49,1.53,10517,0
ITB,D,20131028,000000,1.54,1.65,1.5,1.5,55101,0
ITB,D,20131029,000000,1.46,1.6,1.46,1.5,263185,0
ITB,D,20131030,000000,1.59,1.72,1.55,1.64,51231,0
ITB,D,20131031,000000,1.67,1.81,1.64,1.76,54701,0
ITB,D,20131104,000000,1.78,1.8,1.72,1.75,43038,0
ITB,D,20131105,000000,1.78,1.8,1.72,1.8,121055,0
ITB,D,20131106,000000,1.79,1.8,1.73,1.74,64619,0
ITB,D,20131107,000000,1.77,1.8,1.69,1.69,66776,0
ITB,D,20131108,000000,1.69,1.76,1.69,1.7,13460,0
ITB,D,20131112,000000,1.75,1.94,1.75,1.94,235295,0
ITB,D,20131113,000000,2.02,2.08,1.85,1.95,156706,0
ITB,D,20131114,000000,1.98,1.98,1.79,1.84,43281,0
ITB,D,20131115,000000,1.77,1.8,1.61,1.8,173684,0
ITB,D,20131118,000000,1.85,1.86,1.8,1.84,33192,0
ITB,D,20131119,000000,1.85,1.9,1.85,1.85,22897,0
ITB,D,20131120,000000,1.86,1.91,1.86,1.86,5365,0
ITB,D,20131121,000000,1.86,1.88,1.82,1.88,6090,0
ITB,D,20131122,000000,1.93,1.97,1.93,1.95,45597,0
ITB,D,20131125,000000,1.97,2,1.96,1.99,21139,0
ITB,D,20131126,000000,1.9,1.92,1.9,1.9,26362,0
ITB,D,20131127,000000,1.96,1.96,1.96,1.96,50,0
ITB,D,20131128,000000,1.95,1.95,1.94,1.94,2,0
ITB,D,20131202,000000,1.89,1.89,1.7,1.7,9815,0
ITB,D,20131203,000000,1.73,1.73,1.63,1.64,22118,0
ITB,D,20131204,000000,1.65,1.76,1.64,1.76,2220,0
ITB,D,20131205,000000,1.76,1.76,1.7,1.7,116,0
ITB,D,20131206,000000,1.8,1.8,1.66,1.66,15283,0
ITB,D,20131209,000000,1.67,1.74,1.67,1.74,668,0
ITB,D,20131210,000000,1.74,1.74,1.7,1.7,4249,0
ITB,D,20131211,000000,1.68,1.68,1.55,1.63,23066,0
ITB,D,20131212,000000,1.64,1.64,1.5,1.5,15362,0
ITB,D,20131213,000000,1.57,1.57,1.5,1.54,4572,0
ITB,D,20131216,000000,1.47,1.48,1.45,1.45,5119,0
ITB,D,20131217,000000,1.57,1.57,1.41,1.41,7905,0
ITB,D,20131218,000000,1.46,1.46,1.3,1.42,110020,0
ITB,D,20131219,000000,1.51,1.52,1.39,1.43,23272,0
ITB,D,20131220,000000,1.45,1.45,1.31,1.41,72113,0
ITB,D,20131223,000000,1.42,1.52,1.42,1.52,1072,0
ITB,D,20131227,000000,1.56,1.71,1.55,1.7,12937,0
ITB,D,20131230,000000,1.69,1.75,1.53,1.72,71795,0
ITB,D,20140102,000000,1.83,1.88,1.74,1.88,20740,0
ITB,D,20140103,000000,1.87,1.87,1.77,1.78,5451,0
ITB,D,20140107,000000,1.72,1.86,1.72,1.78,2508,0
ITB,D,20140109,000000,1.76,1.93,1.76,1.89,15143,0
ITB,D,20140110,000000,1.81,1.89,1.81,1.89,2632,0
ITB,D,20140113,000000,1.88,1.88,1.88,1.88,3200,0
ITB,D,20140114,000000,1.85,1.85,1.85,1.85,2521,0
ITB,D,20140116,000000,1.81,1.93,1.81,1.9,4590,0
ITB,D,20140117,000000,1.9,1.91,1.83,1.87,4678,0
ITB,D,20140120,000000,1.82,1.84,1.68,1.84,13679,0
ITB,D,20140121,000000,1.88,1.91,1.88,1.91,563,0
ITB,D,20140123,000000,1.72,1.75,1.7,1.75,8872,0
ITB,D,20140124,000000,1.84,1.84,1.84,1.84,100,0
ITB,D,20140127,000000,1.7,1.79,1.68,1.68,3803,0
ITB,D,20140128,000000,1.76,1.76,1.76,1.76,100,0
ITB,D,20140129,000000,1.65,1.65,1.61,1.61,3263,0
ITB,D,20140130,000000,1.72,1.72,1.72,1.72,10,0
ITB,D,20140131,000000,1.55,1.72,1.55,1.72,681,0
ITB,D,20140203,000000,1.73,1.74,1.73,1.74,1129,0
ITB,D,20140204,000000,1.72,1.72,1.56,1.7,703,0
ITB,D,20140205,000000,1.72,1.72,1.46,1.52,5287,0
ITB,D,20140206,000000,1.6,1.65,1.57,1.65,8835,0
ITB,D,20140207,000000,1.67,1.79,1.63,1.79,18116,0
ITB,D,20140210,000000,1.83,1.96,1.8,1.96,53636,0
ITB,D,20140211,000000,1.89,2.07,1.89,2,38819,0
ITB,D,20140212,000000,2.07,2.09,2,2.08,38150,0
ITB,D,20140213,000000,2.14,2.27,2.08,2.23,53211,0
ITB,D,20140214,000000,2.3,2.35,2.23,2.34,32006,0
ITB,D,20140217,000000,2.39,2.48,2.25,2.25,15834,0
ITB,D,20140218,000000,2.26,2.39,2.21,2.3,7583,0
ITB,D,20140219,000000,2.28,2.38,2.2,2.33,16617,0
ITB,D,20140220,000000,2.37,2.41,2.2,2.39,8205,0
ITB,D,20140221,000000,2.34,2.45,2.32,2.45,5875,0
ITB,D,20140224,000000,2.45,2.63,2.45,2.61,16741,0
ITB,D,20140225,000000,2.68,2.82,2.6,2.62,31508,0
ITB,D,20140226,000000,2.56,2.56,2.31,2.55,10197,0
ITB,D,20140227,000000,2.5,2.64,2.36,2.5,13500,0
ITB,D,20140228,000000,2.5,2.62,2.5,2.51,25067,0
ITB,D,20140303,000000,2.34,2.49,2.13,2.13,24110,0
ITB,D,20140304,000000,2.13,2.34,2.13,2.29,3205,0
ITB,D,20140305,000000,2.45,2.45,2.25,2.25,7593,0
ITB,D,20140306,000000,2.25,2.41,2.17,2.17,6682,0
ITB,D,20140307,000000,2.12,2.2,2.12,2.19,1620,0
ITB,D,20140310,000000,2.07,2.14,2.02,2.03,5488,0
ITB,D,20140311,000000,2,2.19,2,2.13,6437,0
ITB,D,20140312,000000,2.07,2.08,1.93,1.93,4523,0
ITB,D,20140313,000000,1.98,2.06,1.94,2.05,2318,0
ITB,D,20140314,000000,1.99,2.15,1.83,2.1,12665,0
ITB,D,20140317,000000,1.9,2,1.9,2,2521,0
ITB,D,20140318,000000,2.01,2.19,2.01,2.19,3405,0
ITB,D,20140319,000000,2.18,2.18,2.1,2.18,3550,0
ITB,D,20140321,000000,2.16,2.28,2.16,2.28,1100,0
ITB,D,20140324,000000,2.32,2.5,2.25,2.42,17665,0
ITB,D,20140325,000000,2.4,2.4,2.28,2.3,1551,0
ITB,D,20140326,000000,2.32,2.48,2.32,2.43,34705,0
ITB,D,20140327,000000,2.4,2.4,2.21,2.29,5170,0
ITB,D,20140328,000000,2.35,2.35,2.14,2.29,4337,0
ITB,D,20140331,000000,2.2,2.22,2.2,2.2,3297,0
ITB,D,20140401,000000,2.2,2.2,2.14,2.2,2334,0
ITB,D,20140402,000000,2.18,2.3,2.12,2.3,6168,0
ITB,D,20140403,000000,2.34,2.44,2.18,2.3,45860,0
ITB,D,20140404,000000,2.44,2.44,2.2,2.3,22442,0
ITB,D,20140407,000000,2.22,2.22,2.22,2.22,1000,0
ITB,D,20140408,000000,2.16,2.25,2.14,2.24,3498,0
ITB,D,20140409,000000,2.25,2.25,2.15,2.25,1320,0
ITB,D,20140410,000000,2.23,2.23,2.16,2.23,370,0
ITB,D,20140411,000000,2.11,2.2,2.11,2.2,3664,0
ITB,D,20140414,000000,2.08,2.1,1.93,2.1,25465,0
ITB,D,20140416,000000,2,2,2,2,1000,0
ITB,D,20140417,000000,2.05,2.05,2.05,2.05,20,0
ITB,D,20140422,000000,1.97,2,1.81,1.88,6363,0
ITB,D,20140423,000000,1.85,2.02,1.82,1.86,3550,0
ITB,D,20140424,000000,1.86,1.86,1.71,1.79,12943,0
ITB,D,20140425,000000,1.75,1.8,1.56,1.56,47924,0
ITB,D,20140428,000000,1.54,1.65,1.39,1.62,93872,0
ITB,D,20140429,000000,1.64,1.79,1.64,1.78,17797,0
ITB,D,20140430,000000,1.8,1.85,1.74,1.79,26958,0
ITB,D,20140502,000000,1.79,1.79,1.79,1.79,1,0
ITB,D,20140505,000000,1.75,1.75,1.75,1.75,499,0
ITB,D,20140506,000000,1.58,1.64,1.58,1.63,3473,0
ITB,D,20140507,000000,1.63,1.65,1.63,1.65,968,0
ITB,D,20140508,000000,1.6,1.79,1.6,1.67,1752,0
ITB,D,20140509,000000,1.65,1.65,1.65,1.65,672,0
ITB,D,20140512,000000,1.58,1.7,1.52,1.7,3709,0
ITB,D,20140513,000000,1.72,1.72,1.72,1.72,482,0
ITB,D,20140514,000000,1.7,1.7,1.57,1.69,3016,0
ITB,D,20140515,000000,1.7,1.7,1.61,1.65,1553,0
ITB,D,20140516,000000,1.57,1.6,1.49,1.54,7715,0
ITB,D,20140519,000000,1.51,1.51,1.42,1.45,13500,0
ITB,D,20140520,000000,1.53,1.53,1.43,1.44,6447,0
ITB,D,20140521,000000,1.45,1.52,1.45,1.49,1290,0
ITB,D,20140522,000000,1.56,1.59,1.49,1.57,6120,0
ITB,D,20140523,000000,1.65,1.65,1.54,1.54,3762,0
ITB,D,20140526,000000,1.64,1.64,1.64,1.64,364,0
ITB,D,20140527,000000,1.49,1.49,1.49,1.49,1000,0
ITB,D,20140528,000000,1.6,1.6,1.44,1.44,24289,0
ITB,D,20140529,000000,1.55,1.55,1.38,1.38,27946,0
ITB,D,20140530,000000,1.5,1.54,1.31,1.45,10321,0
ITB,D,20140602,000000,1.52,1.52,1.39,1.4,5585,0
ITB,D,20140603,000000,1.45,1.45,1.26,1.33,36923,0
ITB,D,20140604,000000,1.28,1.35,1.21,1.34,30980,0
ITB,D,20140605,000000,1.27,1.3,1.23,1.3,25324,0
ITB,D,20140606,000000,1.3,1.3,1.22,1.3,46545,0
ITB,D,20140609,000000,1.32,1.33,1.26,1.3,8533,0
ITB,D,20140610,000000,1.4,1.52,1.33,1.4,29618,0
ITB,D,20140611,000000,1.46,1.46,1.3,1.32,23866,0
ITB,D,20140612,000000,1.35,1.35,1.28,1.28,11768,0
ITB,D,20140613,000000,1.26,1.32,1.26,1.27,2837,0
ITB,D,20140616,000000,1.26,1.26,1.1,1.24,64665,0
ITB,D,20140617,000000,1.24,1.24,1.13,1.17,14456,0
ITB,D,20140618,000000,1.17,1.21,1.14,1.21,2072,0
ITB,D,20140620,000000,1.2,1.21,1.11,1.18,12540,0
ITB,D,20140623,000000,1.15,1.18,1.09,1.17,13739,0
ITB,D,20140624,000000,1.15,1.17,1.1,1.17,18436,0
ITB,D,20140626,000000,1.14,1.19,1.14,1.19,2359,0
ITB,D,20140627,000000,1.11,1.19,1.11,1.19,7468,0
ITB,D,20140630,000000,1.13,1.16,1.06,1.16,3670,0
ITB,D,20140701,000000,1.14,1.2,1.09,1.16,10319,0
ITB,D,20140702,000000,1.12,1.12,1.03,1.04,9911,0
ITB,D,20140703,000000,1.05,1.1,1,1,15848,0
ITB,D,20140704,000000,1.07,1.1,1.04,1.1,11136,0
ITB,D,20140707,000000,1.2,1.2,1.2,1.2,500,0
ITB,D,20140709,000000,1.1,1.18,1.06,1.18,3907,0
ITB,D,20140711,000000,1.18,1.18,1.1,1.18,3947,0
ITB,D,20140715,000000,1.15,1.21,1.15,1.21,1911,0
ITB,D,20140721,000000,1.19,1.19,1.15,1.19,3,0
ITB,D,20140722,000000,1.19,1.19,1.08,1.14,8068,0
ITB,D,20140723,000000,1.12,1.12,1.06,1.12,10641,0
ITB,D,20140724,000000,1.15,1.25,1.13,1.25,11469,0
ITB,D,20140725,000000,1.18,1.27,1.18,1.27,2263,0
ITB,D,20140728,000000,1.25,1.25,1.24,1.24,279,0
ITB,D,20140729,000000,1.24,1.26,1.18,1.26,2254,0
ITB,D,20140730,000000,1.17,1.17,1.1,1.1,11864,0
ITB,D,20140731,000000,1.15,1.17,1.15,1.17,4833,0
ITB,D,20140801,000000,1.17,1.26,1.07,1.26,4100,0
ITB,D,20140804,000000,1.14,1.14,1.14,1.14,460,0
ITB,D,20140805,000000,1.14,1.25,1.08,1.22,13359,0
ITB,D,20140806,000000,1.22,1.3,1.16,1.16,10380,0
ITB,D,20140807,000000,1.2,1.2,1.2,1.2,500,0
ITB,D,20140808,000000,1.19,1.3,1.19,1.3,212,0
ITB,D,20140811,000000,1.39,1.39,1.3,1.3,13952,0
ITB,D,20140812,000000,1.28,1.28,1.28,1.28,372,0
ITB,D,20140813,000000,1.3,1.3,1.3,1.3,1763,0
ITB,D,20140814,000000,1.2,1.28,1.19,1.28,1314,0
ITB,D,20140818,000000,1.23,1.23,1.23,1.23,650,0
ITB,D,20140819,000000,1.23,1.3,1.23,1.28,3766,0
ITB,D,20140820,000000,1.28,1.28,1.2,1.2,1319,0
ITB,D,20140821,000000,1.21,1.29,1.2,1.29,1021,0
ITB,D,20140822,000000,1.27,1.29,1.27,1.29,779,0
ITB,D,20140825,000000,1.27,1.27,1.27,1.27,200,0
ITB,D,20140826,000000,1.15,1.26,1.15,1.18,3899,0
ITB,D,20140827,000000,1.24,1.24,1.24,1.24,238,0
ITB,D,20140829,000000,1.16,1.16,1.16,1.16,1000,0
ITB,D,20140901,000000,1.12,1.22,1.12,1.12,2019,0
ITB,D,20140902,000000,0.99,1,0.9,0.93,55116,0
ITB,D,20140903,000000,0.96,0.98,0.96,0.98,7400,0
ITB,D,20140904,000000,0.99,1,0.96,1,7430,0
ITB,D,20140905,000000,0.95,0.98,0.91,0.92,48729,0
ITB,D,20140908,000000,0.91,0.94,0.91,0.92,5090,0
ITB,D,20140909,000000,0.91,0.91,0.86,0.91,2954,0
ITB,D,20140910,000000,0.86,0.9,0.86,0.9,3315,0
ITB,D,20140911,000000,0.9,0.9,0.9,0.9,5549,0
ITB,D,20140912,000000,0.92,0.97,0.92,0.97,3580,0
ITB,D,20140915,000000,0.94,1.04,0.94,1.04,12094,0
ITB,D,20140916,000000,1.04,1.14,1.01,1.12,13196,0
ITB,D,20140917,000000,1.14,1.16,1.03,1.1,4436,0
ITB,D,20140918,000000,1.12,1.13,1.12,1.13,31,0
ITB,D,20140919,000000,1.1,1.1,1.1,1.1,1040,0
ITB,D,20140922,000000,1.12,1.13,1.1,1.13,3766,0
ITB,D,20140923,000000,1.1,1.13,1.1,1.13,38,0
ITB,D,20140924,000000,1.24,1.24,1.16,1.16,20377,0
ITB,D,20140925,000000,1.1,1.19,1.1,1.19,3043,0
ITB,D,20140929,000000,1.13,1.18,1.13,1.18,1800,0
ITB,D,20141003,000000,1.13,1.15,1.13,1.15,800,0
ITB,D,20141006,000000,1.15,1.24,1.15,1.24,16353,0
ITB,D,20141009,000000,1.22,1.22,1.22,1.22,1,0
ITB,D,20141010,000000,1.21,1.21,1.21,1.21,1501,0
ITB,D,20141013,000000,1.2,1.23,1.18,1.23,12000,0
ITB,D,20141014,000000,1.24,1.24,1.24,1.24,1,0
ITB,D,20141016,000000,1.22,1.22,1.22,1.22,1,0
ITB,D,20141017,000000,1.2,1.2,1.2,1.2,1660,0
ITB,D,20141022,000000,1.2,1.2,1.15,1.2,4792,0
ITB,D,20141023,000000,1.2,1.2,1.2,1.2,1,0
ITB,D,20141027,000000,1.1,1.12,1.08,1.08,4016,0
ITB,D,20141028,000000,1.09,1.18,1.09,1.18,185,0
ITB,D,20141029,000000,1.19,1.24,1.19,1.24,3000,0
ITB,D,20141030,000000,1.1,1.23,1.1,1.23,4500,0
ITB,D,20141103,000000,1.22,1.22,1.22,1.22,82,0
ITB,D,20141104,000000,1.19,1.19,1.09,1.19,1063,0
ITB,D,20141105,000000,1.12,1.12,1.11,1.11,2093,0
ITB,D,20141106,000000,1.08,1.08,1.08,1.08,1000,0
ITB,D,20141107,000000,1.1,1.1,1.1,1.1,1823,0
ITB,D,20141110,000000,1.07,1.07,1.07,1.07,628,0
ITB,D,20141112,000000,1.07,1.24,1.07,1.24,20000,0
ITB,D,20141113,000000,1.24,1.31,1.15,1.22,14686,0
ITB,D,20141114,000000,1.1,1.29,1.1,1.25,4904,0
ITB,D,20141117,000000,1.19,1.19,1.1,1.15,21412,0
ITB,D,20141118,000000,1.15,1.15,1.13,1.14,1693,0
ITB,D,20141120,000000,1.17,1.18,1.15,1.15,31,0
ITB,D,20141121,000000,1.1,1.15,1.01,1.05,4248,0
ITB,D,20141124,000000,1.12,1.12,1.12,1.12,260,0
ITB,D,20141125,000000,1.09,1.13,1.09,1.13,4024,0
ITB,D,20141126,000000,1.08,1.12,1.08,1.1,1284,0
ITB,D,20141127,000000,1.12,1.13,1.12,1.13,1200,0
ITB,D,20141128,000000,1.13,1.13,1.09,1.09,1810,0
ITB,D,20141201,000000,1.11,1.11,1.04,1.04,2299,0
ITB,D,20141202,000000,1.1,1.1,0.99,1,8844,0
ITB,D,20141203,000000,1,1,1,1,9562,0
ITB,D,20141204,000000,1,1,1,1,220,0
ITB,D,20141205,000000,1,1,1,1,1,0
ITB,D,20141208,000000,1,1,0.96,0.96,3187,0
ITB,D,20141209,000000,0.96,0.96,0.96,0.96,1810,0
ITB,D,20141210,000000,1,1,0.96,1,4527,0
ITB,D,20141211,000000,1,1,0.92,0.98,2334,0
ITB,D,20141212,000000,0.97,0.98,0.93,0.98,3835,0
ITB,D,20141215,000000,0.98,0.98,0.9,0.98,205,0
ITB,D,20141217,000000,0.92,0.97,0.9,0.97,1660,0
ITB,D,20141218,000000,0.97,0.97,0.9,0.9,1900,0
ITB,D,20141219,000000,0.9,0.96,0.87,0.9,11837,0
ITB,D,20141222,000000,0.94,0.97,0.86,0.97,8509,0
ITB,D,20141223,000000,0.98,0.98,0.9,0.97,11144,0
ITB,D,20141230,000000,0.97,1.05,0.97,1.05,2901,0
ITB,D,20150105,000000,1.07,1.19,1.07,1.19,150,0
ITB,D,20150107,000000,1.07,1.07,1.07,1.07,700,0
ITB,D,20150109,000000,1.06,1.07,1.06,1.07,26,0
ITB,D,20150112,000000,1.07,1.07,1.07,1.07,3900,0
ITB,D,20150114,000000,1.07,1.07,1.07,1.07,1,0
ITB,D,20150115,000000,0.93,0.95,0.9,0.95,61292,0
ITB,D,20150116,000000,0.94,0.94,0.91,0.93,5900,0
ITB,D,20150119,000000,0.93,0.93,0.93,0.93,245,0
ITB,D,20150120,000000,0.91,0.92,0.91,0.92,1368,0
ITB,D,20150122,000000,0.91,0.93,0.9,0.93,7000,0
ITB,D,20150123,000000,0.93,0.93,0.9,0.9,7991,0
ITB,D,20150126,000000,0.86,0.86,0.81,0.86,3232,0
ITB,D,20150127,000000,0.86,0.86,0.86,0.86,699,0
ITB,D,20150128,000000,0.91,0.93,0.9,0.93,1380,0
ITB,D,20150129,000000,0.93,0.93,0.93,0.93,1000,0
ITB,D,20150130,000000,0.92,0.95,0.92,0.95,13431,0
ITB,D,20150203,000000,0.9,0.95,0.9,0.95,2429,0
ITB,D,20150204,000000,0.86,0.92,0.86,0.92,3370,0
ITB,D,20150205,000000,0.95,0.95,0.95,0.95,415,0
ITB,D,20150209,000000,0.92,0.92,0.92,0.92,10,0
ITB,D,20150210,000000,0.92,0.94,0.9,0.94,12020,0
ITB,D,20150211,000000,0.94,0.94,0.94,0.94,1,0
ITB,D,20150212,000000,0.92,0.94,0.92,0.94,15,0
ITB,D,20150213,000000,0.9,0.9,0.9,0.9,1412,0
ITB,D,20150216,000000,0.9,0.94,0.9,0.93,1392,0
ITB,D,20150217,000000,0.92,0.92,0.92,0.92,437,0
ITB,D,20150218,000000,0.9,0.9,0.87,0.88,1084,0
ITB,D,20150219,000000,0.93,0.94,0.93,0.94,36,0
ITB,D,20150220,000000,0.93,0.94,0.93,0.93,93,0
ITB,D,20150223,000000,0.9,0.92,0.9,0.92,1012,0
ITB,D,20150224,000000,0.9,0.9,0.84,0.9,7013,0
ITB,D,20150225,000000,0.88,0.88,0.84,0.86,13605,0
ITB,D,20150226,000000,0.88,0.89,0.88,0.89,1212,0
ITB,D,20150227,000000,0.84,0.89,0.84,0.89,2824,0
ITB,D,20150302,000000,0.89,0.89,0.88,0.88,1950,0
ITB,D,20150303,000000,0.94,0.95,0.85,0.91,19858,0
ITB,D,20150304,000000,0.89,0.92,0.87,0.92,31,0
ITB,D,20150305,000000,0.93,0.95,0.92,0.94,7029,0
ITB,D,20150306,000000,0.94,0.94,0.88,0.93,5645,0
ITB,D,20150309,000000,0.93,0.95,0.93,0.95,1108,0
ITB,D,20150310,000000,0.92,0.94,0.9,0.93,1032,0
ITB,D,20150311,000000,0.91,0.92,0.88,0.92,2059,0
ITB,D,20150313,000000,0.89,0.93,0.89,0.93,1002,0
ITB,D,20150316,000000,0.93,0.93,0.88,0.92,559,0
ITB,D,20150317,000000,0.89,0.94,0.89,0.94,13150,0
ITB,D,20150318,000000,0.94,0.94,0.9,0.9,1705,0
ITB,D,20150319,000000,0.9,0.93,0.9,0.93,352,0
ITB,D,20150320,000000,0.93,0.94,0.91,0.94,7258,0
ITB,D,20150323,000000,0.91,1,0.91,0.96,14500,0
ITB,D,20150324,000000,0.95,0.96,0.95,0.96,17513,0
ITB,D,20150325,000000,0.95,0.96,0.92,0.95,1305,0
ITB,D,20150326,000000,0.96,0.96,0.96,0.96,1,0
ITB,D,20150330,000000,0.94,0.94,0.94,0.94,1,0
ITB,D,20150331,000000,0.95,0.95,0.95,0.95,36,0
ITB,D,20150401,000000,0.94,0.94,0.86,0.92,6929,0
ITB,D,20150402,000000,0.85,0.91,0.85,0.91,484,0
ITB,D,20150407,000000,0.85,0.93,0.85,0.92,15073,0
ITB,D,20150408,000000,0.91,0.91,0.9,0.9,6,0
ITB,D,20150409,000000,0.85,0.9,0.85,0.9,64,0
ITB,D,20150410,000000,0.85,0.88,0.85,0.88,2705,0
ITB,D,20150413,000000,0.88,0.88,0.85,0.85,114,0
ITB,D,20150414,000000,0.86,0.9,0.86,0.9,1904,0
ITB,D,20150415,000000,0.9,0.9,0.9,0.9,4232,0
ITB,D,20150416,000000,0.86,0.92,0.86,0.92,16,0
ITB,D,20150417,000000,0.92,0.92,0.92,0.92,200,0
ITB,D,20150420,000000,0.9,0.9,0.9,0.9,2400,0
ITB,D,20150421,000000,0.88,0.9,0.84,0.84,5313,0
ITB,D,20150422,000000,0.85,0.89,0.79,0.89,24457,0
ITB,D,20150423,000000,0.9,0.91,0.83,0.9,4613,0
ITB,D,20150424,000000,0.83,0.83,0.83,0.83,1999,0
ITB,D,20150427,000000,0.89,0.89,0.82,0.83,19618,0
ITB,D,20150428,000000,0.83,0.84,0.83,0.84,1171,0
ITB,D,20150429,000000,0.76,0.8,0.74,0.77,23942,0
ITB,D,20150430,000000,0.72,0.84,0.72,0.84,8466,0
ITB,D,20150504,000000,0.81,0.81,0.76,0.76,2965,0
ITB,D,20150505,000000,0.76,0.83,0.76,0.83,8,0
ITB,D,20150506,000000,0.8,0.8,0.77,0.77,4157,0
ITB,D,20150507,000000,0.78,0.78,0.78,0.78,7,0
ITB,D,20150508,000000,0.78,0.78,0.77,0.77,583,0
ITB,D,20150511,000000,0.77,0.77,0.77,0.77,17,0
ITB,D,20150512,000000,0.77,0.83,0.77,0.83,5009,0
ITB,D,20150513,000000,0.8,0.8,0.78,0.78,28,0
ITB,D,20150514,000000,0.78,0.82,0.78,0.82,1987,0
ITB,D,20150515,000000,0.76,0.76,0.76,0.76,4,0
ITB,D,20150520,000000,1.3,1.36,1.07,1.15,225330,0
ITB,D,20150521,000000,1.17,1.54,1.17,1.54,351853,0
ITB,D,20150522,000000,1.73,1.93,1.61,1.93,697126,0
ITB,D,20150525,000000,1.94,2.13,1.8,1.9,295884,0
ITB,D,20150526,000000,1.97,1.97,1.72,1.81,169863,0
ITB,D,20150527,000000,1.81,1.81,1.63,1.63,120423,0
ITB,D,20150528,000000,1.56,1.7,1.5,1.68,192842,0
ITB,D,20150529,000000,1.68,1.68,1.6,1.66,12391,0
ITB,D,20150601,000000,1.63,1.63,1.47,1.49,70674,0
ITB,D,20150602,000000,1.49,1.94,1.48,1.94,274202,0
ITB,D,20150603,000000,2.09,2.51,1.95,2.51,472979,0
ITB,D,20150605,000000,2.57,3.1,2.51,2.78,775127,0
ITB,D,20150608,000000,2.77,2.79,2.48,2.48,350835,0
ITB,D,20150609,000000,2.32,2.66,2.18,2.46,281992,0
ITB,D,20150610,000000,2.44,2.62,2.37,2.47,54470,0
ITB,D,20150611,000000,2.5,2.6,2.34,2.6,71118,0
ITB,D,20150612,000000,2.68,3.25,2.65,3.25,367632,0
ITB,D,20150615,000000,3.35,3.65,3.06,3.18,482163,0
ITB,D,20150616,000000,3.19,3.19,2.96,2.96,97967,0
ITB,D,20150617,000000,2.97,3.63,2.97,3.63,331853,0
ITB,D,20150618,000000,3.72,3.93,3.42,3.65,383552,0
ITB,D,20150619,000000,3.58,3.69,3.41,3.54,163532,0
ITB,D,20150622,000000,3.53,3.54,3.35,3.46,49679,0
ITB,D,20150623,000000,3.36,3.79,3.29,3.48,145725,0
ITB,D,20150624,000000,3.54,3.6,3.19,3.19,117133,0
ITB,D,20150625,000000,3.25,3.28,2.84,2.84,168406,0
ITB,D,20150626,000000,2.86,2.98,2.7,2.95,63983,0
ITB,D,20150629,000000,2.85,3.09,2.65,2.79,102842,0
ITB,D,20150630,000000,2.7,3.1,2.65,3.1,94535,0
ITB,D,20150701,000000,3.41,3.47,3.14,3.25,289181,0
ITB,D,20150702,000000,3.22,3.22,2.79,2.84,100684,0
ITB,D,20150703,000000,2.87,3.05,2.81,2.86,71385,0
ITB,D,20150706,000000,2.89,2.89,2.65,2.7,54585,0
ITB,D,20150707,000000,2.71,2.83,2.65,2.73,27063,0
ITB,D,20150708,000000,2.7,2.7,2.54,2.54,27038,0
ITB,D,20150709,000000,2.59,2.68,2.59,2.66,30121,0
ITB,D,20150710,000000,2.69,2.85,2.69,2.75,40317,0
ITB,D,20150713,000000,2.72,2.84,2.63,2.69,26380,0
ITB,D,20150714,000000,2.7,2.85,2.62,2.85,45371,0
ITB,D,20150715,000000,2.9,3.4,2.9,3.38,199123,0
ITB,D,20150716,000000,3.42,3.5,3.19,3.19,167521,0
ITB,D,20150717,000000,3.13,3.3,3.1,3.21,45962,0
ITB,D,20150720,000000,3.18,3.25,3.08,3.16,23303,0
ITB,D,20150721,000000,3.2,3.27,3.2,3.2,20860,0
ITB,D,20150722,000000,3.23,3.23,2.95,3.02,34108,0
ITB,D,20150723,000000,2.92,3.19,2.92,2.95,36686,0
ITB,D,20150724,000000,3.04,3.12,2.9,3.05,20011,0
ITB,D,20150727,000000,3.05,3.13,2.94,3.04,22488,0
ITB,D,20150728,000000,3.09,3.15,2.94,3.15,33891,0
ITB,D,20150729,000000,3.2,3.3,3.17,3.23,21175,0
ITB,D,20150730,000000,3.24,3.24,3.09,3.21,6687,0
ITB,D,20150731,000000,3.21,3.21,3.08,3.2,2512,0
ITB,D,20150803,000000,3.2,3.2,3.12,3.19,6110,0
ITB,D,20150804,000000,3.2,3.2,3.07,3.08,24744,0
ITB,D,20150805,000000,3.07,3.35,3.07,3.27,71038,0
ITB,D,20150806,000000,3.48,3.49,3.3,3.35,36633,0
ITB,D,20150807,000000,3.35,3.35,3.08,3.27,28796,0
ITB,D,20150810,000000,3.34,3.34,3.2,3.24,10599,0
ITB,D,20150811,000000,3.24,3.24,3.2,3.24,4704,0
ITB,D,20150812,000000,3.24,3.3,3.24,3.3,507,0
ITB,D,20150813,000000,3.3,3.3,3.2,3.26,7014,0
ITB,D,20150814,000000,3.3,3.3,3.2,3.28,2812,0
ITB,D,20150817,000000,3.34,3.34,3.07,3.18,10330,0
ITB,D,20150818,000000,3.18,3.18,3.07,3.13,4920,0
ITB,D,20150819,000000,3.13,4,3.13,4,214740,0
ITB,D,20150820,000000,4,4.35,3.78,3.86,127041,0
ITB,D,20150821,000000,3.8,4.09,3.76,4.09,70828,0
ITB,D,20150824,000000,4,4,3.6,3.61,87841,0
ITB,D,20150825,000000,3.5,3.84,3.45,3.51,63401,0
ITB,D,20150826,000000,3.6,3.74,3.46,3.69,30477,0
ITB,D,20150827,000000,3.75,3.97,3.75,3.94,45431,0
ITB,D,20150828,000000,3.94,4.23,3.94,4.16,95740,0
ITB,D,20150831,000000,4,4.2,3.99,4.2,32746,0
ITB,D,20150901,000000,4.16,4.16,2.9,2.95,458558,0
ITB,D,20150902,000000,2.95,3.15,2.79,3.02,141962,0
ITB,D,20150903,000000,3,3,2.75,2.95,120682,0
ITB,D,20150904,000000,2.94,2.94,2.77,2.78,24818,0
ITB,D,20150907,000000,2.76,2.9,2.68,2.73,43688,0
ITB,D,20150908,000000,2.79,2.83,2.65,2.71,14870,0
ITB,D,20150909,000000,2.7,2.84,2.7,2.79,21680,0
ITB,D,20150910,000000,2.82,2.83,2.61,2.62,47051,0
ITB,D,20150911,000000,2.6,2.7,2.53,2.69,20424,0
ITB,D,20150914,000000,2.7,2.75,2.54,2.54,35106,0
ITB,D,20150915,000000,2.53,2.61,2.3,2.47,72411,0
ITB,D,20150916,000000,2.46,2.55,2.26,2.53,36656,0
ITB,D,20150917,000000,2.45,2.77,2.37,2.65,64589,0
ITB,D,20150918,000000,2.68,2.7,2.51,2.59,21647,0
ITB,D,20150921,000000,2.59,2.62,2.43,2.54,9512,0
ITB,D,20150922,000000,2.55,2.55,2.29,2.29,30936,0
ITB,D,20150923,000000,2.27,2.45,2.1,2.36,39061,0
ITB,D,20150924,000000,2.3,2.4,2.16,2.2,16542,0
ITB,D,20150925,000000,2.25,2.38,2.1,2.37,26250,0
ITB,D,20150928,000000,2.46,2.46,2.27,2.34,9044,0
ITB,D,20150929,000000,2.34,2.34,2.2,2.29,1635,0
ITB,D,20150930,000000,2.33,2.33,2.2,2.25,1516,0
ITB,D,20151001,000000,2.34,2.34,2.14,2.22,7744,0
ITB,D,20151002,000000,2.25,2.25,2.1,2.16,28730,0
ITB,D,20151005,000000,2.16,2.33,2.15,2.33,9423,0
ITB,D,20151006,000000,2.21,2.3,2.18,2.2,17306,0
ITB,D,20151007,000000,2.24,2.3,2.12,2.27,16907,0
ITB,D,20151008,000000,2.27,2.3,2.15,2.17,14212,0
ITB,D,20151009,000000,2.28,2.28,2.08,2.14,19267,0
ITB,D,20151012,000000,2.19,2.27,2.06,2.16,25747,0
ITB,D,20151013,000000,2.14,2.17,2.08,2.16,5065,0
ITB,D,20151014,000000,2.1,2.14,2.08,2.08,4967,0
ITB,D,20151015,000000,2.09,2.11,2.02,2.11,9941,0
ITB,D,20151016,000000,2.12,2.2,2.05,2.19,21288,0
ITB,D,20151019,000000,2.19,2.82,2.13,2.63,184089,0
ITB,D,20151020,000000,2.74,2.8,2.51,2.67,59339,0
ITB,D,20151021,000000,2.72,2.72,2.45,2.51,21116,0
ITB,D,20151022,000000,2.51,2.53,2.4,2.52,9064,0
ITB,D,20151023,000000,2.54,2.7,2.44,2.53,22995,0
ITB,D,20151026,000000,2.61,2.61,2.45,2.6,3392,0
ITB,D,20151027,000000,2.65,2.65,2.4,2.55,13673,0
ITB,D,20151028,000000,2.56,2.58,2.46,2.57,11986,0
ITB,D,20151029,000000,2.57,2.57,2.36,2.52,14506,0
ITB,D,20151030,000000,2.52,2.52,2.27,2.39,8377,0
ITB,D,20151102,000000,2.43,2.6,2.28,2.6,25065,0
ITB,D,20151103,000000,2.59,2.68,2.42,2.59,20345,0
ITB,D,20151104,000000,2.59,2.59,2.35,2.53,14617,0
ITB,D,20151105,000000,2.54,2.54,2.3,2.41,20295,0
ITB,D,20151106,000000,2.41,2.41,2.15,2.15,14441,0
ITB,D,20151109,000000,2.19,2.27,2.17,2.25,18014,0
ITB,D,20151110,000000,2.25,2.25,2.15,2.2,5750,0
ITB,D,20151112,000000,2.28,2.29,2.15,2.24,18350,0
ITB,D,20151113,000000,2.25,2.26,2.16,2.23,1365,0
ITB,D,20151116,000000,2.25,2.25,2.04,2.19,2329,0
ITB,D,20151117,000000,2.2,2.63,2.2,2.53,92813,0
ITB,D,20151118,000000,2.53,2.7,2.45,2.55,100002,0
ITB,D,20151119,000000,2.57,2.64,2.32,2.47,48643,0
ITB,D,20151120,000000,2.47,2.54,2.23,2.3,90759,0
ITB,D,20151123,000000,2.21,2.35,2.21,2.3,6873,0
ITB,D,20151124,000000,2.3,2.32,2.16,2.26,9934,0
ITB,D,20151125,000000,2.25,2.28,2.18,2.18,10218,0
ITB,D,20151126,000000,2.25,2.3,2.16,2.16,14055,0
ITB,D,20151127,000000,2.26,2.26,2.11,2.2,4550,0
ITB,D,20151130,000000,2.26,2.26,2.05,2.22,3046,0
ITB,D,20151201,000000,2.22,2.23,2.1,2.23,9193,0
ITB,D,20151202,000000,2.22,2.22,2.1,2.2,2453,0
ITB,D,20151203,000000,2.2,2.21,2.06,2.15,4570,0
ITB,D,20151204,000000,2.14,2.19,2.1,2.16,1622,0
ITB,D,20151207,000000,2.16,2.22,2.02,2.14,5207,0
ITB,D,20151208,000000,2.19,2.19,2.01,2.06,18034,0
ITB,D,20151209,000000,2.1,2.1,1.89,1.98,25280,0
ITB,D,20151210,000000,1.98,1.98,1.8,1.87,14432,0
ITB,D,20151211,000000,1.8,1.92,1.8,1.82,3450,0
ITB,D,20151214,000000,1.86,1.88,1.77,1.85,253,0
ITB,D,20151215,000000,1.85,1.96,1.77,1.84,1492,0
ITB,D,20151216,000000,1.84,1.84,1.66,1.81,5334,0
ITB,D,20151217,000000,1.83,1.84,1.7,1.79,6418,0
ITB,D,20151218,000000,1.84,1.9,1.66,1.76,11299,0
ITB,D,20151222,000000,1.06,1.06,0.79,0.79,192237,0
ITB,D,20151223,000000,0.8,1,0.79,0.85,398532,0
ITB,D,20151228,000000,0.84,0.84,0.75,0.75,112504,0
ITB,D,20151229,000000,0.72,0.74,0.64,0.64,130328,0
ITB,D,20151230,000000,0.64,0.68,0.58,0.64,79061,0
ITB,D,20160104,000000,0.67,0.8,0.65,0.8,147654,0
ITB,D,20160105,000000,0.85,1.07,0.84,1.07,177205,0
ITB,D,20160107,000000,1,1.09,0.9,1.04,205064,0
ITB,D,20160108,000000,1.05,1.25,0.96,1.21,297012,0
ITB,D,20160111,000000,1.25,1.48,1.22,1.36,238482,0
ITB,D,20160112,000000,1.41,1.49,1.19,1.28,148296,0
ITB,D,20160113,000000,1.2,1.26,1.15,1.25,42320,0
ITB,D,20160114,000000,1.33,1.38,1.2,1.32,75138,0
ITB,D,20160115,000000,1.32,1.34,1.19,1.2,70834,0
ITB,D,20160118,000000,1.24,1.24,1.12,1.17,12532,0
ITB,D,20160119,000000,1.16,1.16,1.01,1.05,66400,0
ITB,D,20160120,000000,1.07,1.1,1.01,1.06,15019,0
ITB,D,20160121,000000,1.06,1.08,1.01,1.07,7111,0
ITB,D,20160122,000000,1.07,1.07,0.97,1.04,17788,0
ITB,D,20160125,000000,1.04,1.09,1,1.05,20317,0
ITB,D,20160126,000000,1.08,1.08,0.91,1.01,35301,0
ITB,D,20160127,000000,1.02,1.03,0.93,1.01,2927,0
ITB,D,20160128,000000,1.01,1.03,0.94,1,5400,0
ITB,D,20160129,000000,1,1,0.94,0.99,18433,0
ITB,D,20160201,000000,1,1,0.86,0.9,41433,0
ITB,D,20160202,000000,0.86,0.92,0.85,0.91,6811,0
ITB,D,20160203,000000,0.91,0.91,0.77,0.87,59483,0
ITB,D,20160204,000000,0.8,0.87,0.8,0.84,7662,0
ITB,D,20160205,000000,0.86,0.86,0.83,0.85,9175,0
ITB,D,20160208,000000,0.85,0.85,0.78,0.82,13856,0
ITB,D,20160209,000000,0.82,0.9,0.75,0.87,34270,0
ITB,D,20160210,000000,0.87,0.87,0.82,0.86,17066,0
ITB,D,20160211,000000,0.86,0.97,0.8,0.97,19132,0
ITB,D,20160212,000000,0.97,0.97,0.92,0.95,4406,0
ITB,D,20160215,000000,0.95,0.95,0.87,0.93,9063,0
ITB,D,20160216,000000,0.94,0.94,0.87,0.91,11256,0
ITB,D,20160217,000000,0.93,0.93,0.87,0.91,11007,0
ITB,D,20160218,000000,0.91,0.92,0.8,0.88,120901,0
ITB,D,20160219,000000,0.89,0.89,0.81,0.89,4667,0
ITB,D,20160222,000000,0.9,0.99,0.86,0.99,39524,0
ITB,D,20160223,000000,0.99,0.99,0.9,0.96,12836,0
ITB,D,20160224,000000,1,1.21,0.99,1.17,470208,0
ITB,D,20160225,000000,1.14,1.19,1.09,1.12,135242,0
ITB,D,20160226,000000,1.14,1.14,0.96,1.05,105154,0
ITB,D,20160229,000000,1.05,1.06,0.98,1.05,11665,0
ITB,D,20160301,000000,1.09,1.14,0.97,0.97,140945,0
ITB,D,20160302,000000,0.93,0.95,0.85,0.86,85135,0
ITB,D,20160303,000000,0.86,0.9,0.85,0.88,34667,0
ITB,D,20160304,000000,0.89,0.95,0.87,0.88,90998,0
ITB,D,20160307,000000,0.92,0.92,0.86,0.9,19080,0
ITB,D,20160308,000000,0.86,0.9,0.86,0.89,12272,0
ITB,D,20160309,000000,0.9,0.9,0.81,0.88,27773,0
ITB,D,20160310,000000,0.88,0.9,0.86,0.9,12596,0
ITB,D,20160311,000000,0.89,0.89,0.82,0.85,50341,0
ITB,D,20160314,000000,0.88,0.93,0.86,0.92,42528,0
ITB,D,20160315,000000,0.9,0.91,0.85,0.86,18388,0
ITB,D,20160316,000000,0.89,0.9,0.86,0.89,12464,0
ITB,D,20160317,000000,0.9,0.9,0.87,0.89,10307,0
ITB,D,20160318,000000,0.89,0.9,0.86,0.9,17262,0
ITB,D,20160321,000000,0.86,0.88,0.84,0.88,21266,0
ITB,D,20160322,000000,0.85,0.88,0.85,0.88,4625,0
ITB,D,20160323,000000,0.88,0.91,0.85,0.91,27531,0
ITB,D,20160324,000000,0.9,0.9,0.86,0.87,20213,0
ITB,D,20160329,000000,0.89,0.89,0.83,0.87,38372,0
ITB,D,20160330,000000,0.87,1.08,0.84,1.08,213904,0
ITB,D,20160331,000000,1.2,1.28,1.01,1.02,518066,0
ITB,D,20160401,000000,1.05,1.06,0.95,1,109341,0
ITB,D,20160404,000000,1,1.05,0.96,1.01,25137,0
ITB,D,20160405,000000,1.01,1.01,0.92,0.99,40849,0
ITB,D,20160406,000000,0.99,0.99,0.91,0.95,6540,0
ITB,D,20160407,000000,0.99,0.99,0.92,0.96,39243,0
ITB,D,20160408,000000,0.98,0.98,0.92,0.97,8104,0
ITB,D,20160411,000000,0.93,0.95,0.87,0.89,50702,0
ITB,D,20160412,000000,0.92,0.92,0.85,0.92,14917,0
ITB,D,20160413,000000,0.92,0.97,0.87,0.96,35125,0
ITB,D,20160414,000000,0.94,1.07,0.93,1.04,127283,0
ITB,D,20160415,000000,1.05,1.05,0.97,1.01,25758,0
ITB,D,20160418,000000,0.99,1.2,0.99,1.2,184003,0
ITB,D,20160419,000000,1.14,1.24,1.12,1.15,143455,0
ITB,D,20160420,000000,1.15,1.15,1.1,1.14,35424,0
ITB,D,20160421,000000,1.12,1.19,1.06,1.1,82337,0
ITB,D,20160422,000000,1.1,1.12,1.06,1.1,45566,0
ITB,D,20160425,000000,1.1,1.12,1.02,1.12,36448,0
ITB,D,20160426,000000,1.11,1.22,1.11,1.14,153942,0
ITB,D,20160427,000000,1.15,1.16,1.05,1.12,41897,0
ITB,D,20160428,000000,1.11,1.11,1.07,1.1,6627,0
ITB,D,20160429,000000,1.11,1.11,1.05,1.08,6898,0
ITB,D,20160502,000000,1.1,1.14,1.1,1.14,59893,0
ITB,D,20160504,000000,1.14,1.5,1.14,1.5,551325,0
ITB,D,20160505,000000,1.53,1.84,1.45,1.64,713082,0
ITB,D,20160506,000000,1.58,1.7,1.5,1.56,210133,0
ITB,D,20160509,000000,1.57,1.89,1.5,1.83,151851,0
ITB,D,20160510,000000,1.86,1.94,1.65,1.7,137631,0
ITB,D,20160511,000000,1.74,1.74,1.66,1.7,39725,0
ITB,D,20160512,000000,1.72,1.82,1.67,1.74,80680,0
ITB,D,20160513,000000,1.69,1.73,1.53,1.57,319432,0
ITB,D,20160516,000000,1.59,1.65,1.47,1.59,96420,0
ITB,D,20160517,000000,1.53,1.61,1.47,1.61,112757,0
ITB,D,20160518,000000,1.53,1.6,1.53,1.57,34557,0
ITB,D,20160519,000000,1.56,1.56,1.47,1.52,13689,0
ITB,D,20160520,000000,1.52,1.52,1.45,1.51,8476,0
ITB,D,20160523,000000,1.51,1.51,1.45,1.5,7854,0
ITB,D,20160524,000000,1.5,1.5,1.45,1.49,9506,0
ITB,D,20160525,000000,1.47,1.59,1.41,1.52,43550,0
ITB,D,20160527,000000,1.55,1.56,1.47,1.53,5829,0
ITB,D,20160530,000000,1.54,1.54,1.43,1.46,13549,0
ITB,D,20160531,000000,1.45,1.5,1.43,1.48,5502,0
ITB,D,20160601,000000,1.49,1.49,1.35,1.39,8762,0
ITB,D,20160602,000000,1.38,1.49,1.27,1.41,6054,0
ITB,D,20160603,000000,1.4,1.4,1.31,1.38,6283,0
ITB,D,20160606,000000,1.35,1.43,1.32,1.41,4260,0
ITB,D,20160607,000000,1.4,1.42,1.35,1.4,9126,0
ITB,D,20160608,000000,1.35,1.4,1.35,1.4,6026,0
ITB,D,20160609,000000,1.4,1.49,1.37,1.45,18395,0
ITB,D,20160610,000000,1.49,1.49,1.38,1.45,13800,0
ITB,D,20160613,000000,1.46,1.46,1.35,1.35,12896,0
ITB,D,20160614,000000,1.4,1.4,1.3,1.32,7005,0
ITB,D,20160615,000000,1.36,1.36,1.25,1.3,4631,0
ITB,D,20160616,000000,1.29,1.29,1.17,1.22,19136,0
ITB,D,20160617,000000,1.22,1.25,1.2,1.23,4358,0
ITB,D,20160620,000000,1.23,1.34,1.18,1.29,3547,0
ITB,D,20160621,000000,1.27,1.36,1.18,1.36,4817,0
ITB,D,20160622,000000,1.37,1.37,1.31,1.31,2917,0
ITB,D,20160623,000000,1.36,1.36,1.25,1.35,137,0
ITB,D,20160624,000000,1.25,1.25,1.16,1.23,20562,0
ITB,D,20160627,000000,1.23,1.23,1.16,1.23,3419,0
ITB,D,20160628,000000,1.23,1.31,1.2,1.29,8220,0
ITB,D,20160629,000000,1.31,1.31,1.18,1.23,12025,0
ITB,D,20160630,000000,1.25,1.26,1.2,1.25,2263,0
ITB,D,20160701,000000,1.26,1.26,1.21,1.26,2556,0
ITB,D,20160704,000000,1.25,1.3,1.25,1.27,4446,0
ITB,D,20160705,000000,1.26,1.3,1.23,1.3,623,0
ITB,D,20160706,000000,1.35,1.35,1.21,1.27,2588,0
ITB,D,20160707,000000,1.27,1.27,1.2,1.25,5896,0
ITB,D,20160708,000000,1.29,1.29,1.22,1.29,95,0
ITB,D,20160711,000000,1.29,1.33,1.21,1.32,1791,0
ITB,D,20160712,000000,1.32,1.32,1.26,1.32,634,0
ITB,D,20160713,000000,1.33,1.33,1.29,1.31,2939,0
ITB,D,20160714,000000,1.32,1.32,1.26,1.31,238,0
ITB,D,20160715,000000,1.32,1.32,1.24,1.24,2364,0
ITB,D,20160718,000000,1.24,1.28,1.21,1.27,12932,0
ITB,D,20160719,000000,1.27,1.27,1.21,1.21,3144,0
ITB,D,20160720,000000,1.15,1.24,1.15,1.23,6464,0
ITB,D,20160721,000000,1.23,1.29,1.23,1.24,5904,0
ITB,D,20160722,000000,1.23,1.25,1.18,1.25,6205,0
ITB,D,20160725,000000,1.25,1.25,1.21,1.25,283,0
ITB,D,20160726,000000,1.25,1.25,1.22,1.22,605,0
ITB,D,20160727,000000,1.24,1.24,1.17,1.22,2269,0
ITB,D,20160728,000000,1.22,1.22,1.16,1.2,513,0
ITB,D,20160729,000000,1.23,1.23,1.12,1.2,28974,0
ITB,D,20160801,000000,1.2,1.23,1.2,1.23,61,0
ITB,D,20160802,000000,1.19,1.19,1.19,1.19,30,0
ITB,D,20160803,000000,1.18,1.18,1.12,1.12,6213,0
ITB,D,20160804,000000,1.14,1.17,1.11,1.13,3383,0
ITB,D,20160805,000000,1.1,1.1,1.03,1.1,12864,0
ITB,D,20160808,000000,1.1,1.1,0.99,1.1,5790,0
ITB,D,20160809,000000,1.09,1.12,1.07,1.07,39142,0
ITB,D,20160810,000000,1.08,1.32,1.06,1.32,125484,0
ITB,D,20160811,000000,1.32,1.5,1.18,1.18,266907,0
ITB,D,20160812,000000,1.16,1.31,1.16,1.19,66132,0
ITB,D,20160816,000000,1.25,1.25,1.11,1.15,40669,0
ITB,D,20160817,000000,1.11,1.18,1.1,1.12,10160,0
ITB,D,20160818,000000,1.12,1.21,1.12,1.16,17930,0
ITB,D,20160819,000000,1.16,1.2,1.12,1.12,12973,0
ITB,D,20160822,000000,1.17,1.19,1.12,1.19,7151,0
ITB,D,20160823,000000,1.21,1.21,1.15,1.15,2401,0
ITB,D,20160824,000000,1.2,1.2,1.13,1.17,8097,0
ITB,D,20160825,000000,1.17,1.2,1.04,1.04,43093,0
ITB,D,20160826,000000,1.05,1.14,0.95,1,16316,0
ITB,D,20160829,000000,1.05,1.05,1,1,3697,0
ITB,D,20160830,000000,1,1.09,1,1,2912,0
ITB,D,20160831,000000,1,1.09,0.96,1.09,6370,0
ITB,D,20160901,000000,1.08,1.08,1,1,1764,0
ITB,D,20160902,000000,1.02,1.03,1.02,1.02,1125,0
ITB,D,20160905,000000,1.1,1.1,0.85,0.85,33715,0
ITB,D,20160906,000000,0.89,0.9,0.89,0.9,12505,0
ITB,D,20160907,000000,0.9,0.97,0.86,0.96,4328,0
ITB,D,20160908,000000,0.9,0.96,0.86,0.95,4729,0
ITB,D,20160909,000000,0.96,0.96,0.87,0.94,840,0
ITB,D,20160912,000000,0.88,0.96,0.88,0.88,5251,0
ITB,D,20160913,000000,0.86,0.95,0.86,0.89,182,0
ITB,D,20160914,000000,0.9,0.98,0.89,0.96,1533,0
ITB,D,20160915,000000,0.9,0.96,0.89,0.9,10952,0
ITB,D,20160916,000000,0.89,0.96,0.88,0.88,4725,0
ITB,D,20160919,000000,0.88,0.88,0.88,0.88,23,0
ITB,D,20160920,000000,0.88,0.92,0.88,0.92,11,0
ITB,D,20160921,000000,0.88,0.88,0.88,0.88,12,0
ITB,D,20160922,000000,0.88,0.94,0.85,0.88,2483,0
ITB,D,20160923,000000,0.85,0.9,0.85,0.85,524,0
ITB,D,20160926,000000,0.85,0.85,0.8,0.8,10928,0
ITB,D,20160927,000000,0.72,0.83,0.72,0.83,1881,0
ITB,D,20160928,000000,0.79,0.84,0.79,0.84,1812,0
ITB,D,20160929,000000,0.84,0.84,0.84,0.84,1100,0
ITB,D,20160930,000000,0.82,0.84,0.74,0.8,24007,0
ITB,D,20161003,000000,0.76,0.84,0.76,0.83,9947,0
ITB,D,20161107,000000,0.83,0.83,0.76,0.78,13697,0
ITB,D,20161108,000000,0.77,0.78,0.65,0.65,29574,0
ITB,D,20161109,000000,0.75,0.75,0.75,0.75,2500,0
ITB,D,20161110,000000,0.75,0.75,0.62,0.65,163761,0
ITB,D,20161114,000000,0.65,0.71,0.65,0.65,33617,0
ITB,D,20161115,000000,0.69,0.69,0.64,0.64,5202,0
ITB,D,20161116,000000,0.64,0.69,0.64,0.67,7734,0
ITB,D,20161117,000000,0.67,0.67,0.63,0.67,6070,0
ITB,D,20161118,000000,0.65,0.67,0.64,0.64,3750,0
ITB,D,20161121,000000,0.65,0.65,0.65,0.65,1290,0
ITB,D,20161122,000000,0.65,0.65,0.65,0.65,8552,0
ITB,D,20161123,000000,0.62,0.65,0.59,0.61,17158,0
ITB,D,20161124,000000,0.65,0.65,0.61,0.65,1710,0
ITB,D,20161125,000000,0.6,0.65,0.6,0.65,13468,0
ITB,D,20161129,000000,0.6,0.65,0.6,0.65,2805,0
ITB,D,20161130,000000,0.6,0.65,0.6,0.6,5635,0
ITB,D,20161201,000000,0.64,0.64,0.64,0.64,1587,0
ITB,D,20161202,000000,0.6,0.64,0.6,0.64,1505,0
ITB,D,20161205,000000,0.64,0.64,0.59,0.63,16550,0
ITB,D,20161206,000000,0.63,0.63,0.6,0.63,650,0
ITB,D,20161207,000000,0.61,0.63,0.61,0.63,11767,0
ITB,D,20161208,000000,0.62,0.63,0.57,0.59,5378,0
ITB,D,20161209,000000,0.6,0.6,0.57,0.57,4985,0
ITB,D,20161212,000000,0.58,0.58,0.55,0.55,8259,0
ITB,D,20161213,000000,0.54,0.55,0.54,0.55,2950,0
ITB,D,20161214,000000,0.55,0.55,0.5,0.54,14166,0
ITB,D,20161215,000000,0.51,0.55,0.51,0.51,9581,0
ITB,D,20161216,000000,0.54,0.54,0.52,0.54,625,0
ITB,D,20161219,000000,0.54,0.54,0.53,0.53,5000,0
ITB,D,20161220,000000,0.52,0.54,0.51,0.53,8661,0
ITB,D,20161221,000000,0.53,0.53,0.51,0.52,12366,0
ITB,D,20161222,000000,0.51,0.52,0.51,0.52,7456,0
ITB,D,20161223,000000,0.52,0.53,0.51,0.53,2229,0
ITB,D,20161228,000000,0.49,0.53,0.48,0.52,36528,0
ITB,D,20161229,000000,0.52,0.53,0.52,0.53,2600,0
ITB,D,20161230,000000,0.53,0.55,0.53,0.55,7947,0
ITB,D,20170102,000000,0.6,0.6,0.57,0.57,20983,0
ITB,D,20170103,000000,0.57,0.64,0.57,0.6,23455,0
ITB,D,20170104,000000,0.63,0.63,0.6,0.61,13360,0
ITB,D,20170105,000000,0.6,0.6,0.59,0.59,4200,0
ITB,D,20170109,000000,0.62,0.62,0.62,0.62,700,0
ITB,D,20170110,000000,0.62,0.62,0.56,0.61,7849,0
ITB,D,20170111,000000,0.57,0.58,0.56,0.57,17457,0
ITB,D,20170112,000000,0.57,0.6,0.57,0.6,876,0
ITB,D,20170113,000000,0.62,0.62,0.6,0.61,3930,0
ITB,D,20170116,000000,0.61,0.64,0.61,0.63,25353,0
ITB,D,20170117,000000,0.6,0.6,0.55,0.56,25135,0
ITB,D,20170118,000000,0.59,0.6,0.57,0.58,5943,0
ITB,D,20170119,000000,0.59,0.61,0.58,0.61,2869,0
ITB,D,20170120,000000,0.61,0.61,0.58,0.6,1910,0
ITB,D,20170123,000000,0.58,0.6,0.57,0.6,1766,0
ITB,D,20170124,000000,0.58,0.59,0.57,0.59,4742,0
ITB,D,20170125,000000,0.59,0.63,0.57,0.63,14327,0
ITB,D,20170126,000000,0.59,0.61,0.59,0.6,14159,0
ITB,D,20170127,000000,0.62,0.62,0.58,0.58,1160,0
ITB,D,20170130,000000,0.59,0.61,0.59,0.59,4200,0
ITB,D,20170131,000000,0.6,0.6,0.6,0.6,200,0
ITB,D,20170201,000000,0.58,0.6,0.57,0.58,7488,0
ITB,D,20170202,000000,0.6,0.6,0.6,0.6,1200,0
ITB,D,20170203,000000,0.58,0.62,0.58,0.62,11020,0
ITB,D,20170206,000000,0.6,0.6,0.6,0.6,2234,0
ITB,D,20170207,000000,0.6,0.6,0.6,0.6,5000,0
ITB,D,20170208,000000,0.61,0.61,0.61,0.61,766,0
ITB,D,20170209,000000,0.59,0.59,0.59,0.59,50,0
ITB,D,20170210,000000,0.59,0.59,0.59,0.59,150,0
ITB,D,20170213,000000,0.59,0.64,0.59,0.64,21598,0
ITB,D,20170214,000000,1,1.1,0.92,1.1,479753,0
ITB,D,20170215,000000,1.11,1.3,0.99,1.02,433182,0
ITB,D,20170216,000000,1.03,1.06,0.92,0.92,58772,0
ITB,D,20170217,000000,0.92,1.03,0.83,1.03,134122,0
ITB,D,20170220,000000,1.13,1.29,1.07,1.29,329855,0
ITB,D,20170221,000000,1.3,1.33,1.08,1.13,204183,0
ITB,D,20170222,000000,1.15,1.16,1.1,1.13,35688,0
ITB,D,20170223,000000,1.1,1.21,1,1.13,261238,0
ITB,D,20170224,000000,1.12,1.12,1.01,1.05,30981,0
ITB,D,20170227,000000,1,1.1,1,1,16472,0
ITB,D,20170228,000000,1,1,0.9,0.94,59853,0
ITB,D,20170301,000000,0.99,1,0.93,0.95,24038,0
ITB,D,20170302,000000,0.98,0.98,0.93,0.98,9268,0
ITB,D,20170303,000000,0.98,1.04,0.98,1,12467,0
ITB,D,20170306,000000,1.04,1.14,1,1.14,38361,0
ITB,D,20170307,000000,1.15,1.16,1.04,1.08,35184,0
ITB,D,20170308,000000,1.04,1.08,1,1.07,11138,0
ITB,D,20170309,000000,1.01,1.06,0.96,1.04,17692,0
ITB,D,20170310,000000,1.04,1.05,0.98,0.99,10865,0
ITB,D,20170313,000000,0.97,0.99,0.94,0.98,20478,0
ITB,D,20170314,000000,0.95,0.95,0.86,0.88,47187,0
ITB,D,20170315,000000,0.89,0.95,0.89,0.92,6364,0
ITB,D,20170316,000000,0.92,0.92,0.92,0.92,3672,0
ITB,D,20170317,000000,0.9,0.9,0.87,0.87,809,0
ITB,D,20170320,000000,0.92,0.92,0.92,0.92,3000,0
ITB,D,20170323,000000,0.91,0.92,0.91,0.92,2373,0
ITB,D,20170327,000000,0.88,0.88,0.84,0.84,6068,0
ITB,D,20170328,000000,0.86,0.91,0.81,0.88,90909,0
ITB,D,20170329,000000,0.9,0.9,0.82,0.82,15550,0
ITB,D,20170330,000000,0.81,0.82,0.81,0.82,2818,0
ITB,D,20170331,000000,0.82,0.82,0.82,0.82,440,0
ITB,D,20170403,000000,0.82,0.82,0.82,0.82,5620,0
ITB,D,20170404,000000,0.82,0.85,0.82,0.82,5265,0
ITB,D,20170405,000000,0.82,0.82,0.82,0.82,2700,0
ITB,D,20170406,000000,0.8,0.82,0.8,0.82,3271,0
ITB,D,20170407,000000,0.87,0.87,0.87,0.87,8,0
ITB,D,20170410,000000,0.87,0.87,0.87,0.87,304,0
ITB,D,20170411,000000,0.87,0.87,0.87,0.87,1106,0
ITB,D,20170412,000000,0.79,0.84,0.78,0.82,8205,0
ITB,D,20170413,000000,0.79,0.8,0.79,0.8,1017,0
ITB,D,20170418,000000,0.81,0.83,0.81,0.83,5038,0
ITB,D,20170419,000000,0.82,0.82,0.8,0.8,8611,0
ITB,D,20170421,000000,0.9,0.9,0.8,0.81,57242,0
ITB,D,20170424,000000,0.81,0.81,0.78,0.78,15550,0
ITB,D,20170425,000000,0.77,0.78,0.75,0.78,8600,0
ITB,D,20170426,000000,0.75,0.75,0.7,0.7,21918,0
ITB,D,20170427,000000,0.7,0.7,0.62,0.66,38414,0
ITB,D,20170428,000000,0.62,0.64,0.62,0.64,1624,0
ITB,D,20170502,000000,0.63,0.68,0.61,0.67,13742,0
ITB,D,20170504,000000,0.62,0.68,0.62,0.68,2835,0
ITB,D,20170505,000000,0.68,0.81,0.68,0.79,50048,0
ITB,D,20170508,000000,0.89,0.9,0.81,0.89,71529,0
ITB,D,20170509,000000,0.9,0.9,0.81,0.86,15366,0
ITB,D,20170510,000000,0.86,0.86,0.79,0.86,645,0
ITB,D,20170511,000000,0.85,0.85,0.78,0.84,4372,0
ITB,D,20170512,000000,0.86,0.91,0.86,0.91,41428,0
ITB,D,20170515,000000,0.85,0.93,0.85,0.93,3895,0
ITB,D,20170516,000000,0.93,0.93,0.93,0.93,9550,0
ITB,D,20170517,000000,0.86,0.93,0.85,0.9,4040,0
ITB,D,20170519,000000,0.81,0.87,0.81,0.87,3191,0
ITB,D,20170522,000000,0.87,0.87,0.87,0.87,920,0
ITB,D,20170523,000000,0.87,0.87,0.87,0.87,3888,0
ITB,D,20170524,000000,0.79,0.9,0.79,0.9,171,0
ITB,D,20170526,000000,0.81,0.85,0.81,0.85,1999,0
ITB,D,20170530,000000,0.81,0.9,0.81,0.9,618,0
ITB,D,20170531,000000,0.85,0.85,0.77,0.79,5999,0
ITB,D,20170601,000000,0.79,0.9,0.79,0.9,19024,0
ITB,D,20170602,000000,0.9,0.9,0.85,0.89,16300,0
ITB,D,20170607,000000,0.86,0.9,0.82,0.88,14010,0
ITB,D,20170609,000000,0.85,0.85,0.85,0.85,2400,0
ITB,D,20170612,000000,0.85,0.85,0.85,0.85,4639,0
ITB,D,20170613,000000,0.89,0.89,0.81,0.87,4494,0
ITB,D,20170616,000000,0.82,0.87,0.82,0.87,2004,0
ITB,D,20170620,000000,0.82,0.87,0.8,0.87,3924,0
ITB,D,20170622,000000,0.79,0.86,0.75,0.86,3252,0
ITB,D,20170623,000000,0.78,0.78,0.78,0.78,2800,0
ITB,D,20170626,000000,0.75,0.75,0.75,0.75,14,0
ITB,D,20170627,000000,0.76,0.76,0.75,0.75,8700,0
ITB,D,20170628,000000,0.85,0.85,0.85,0.85,101,0
ITB,D,20170630,000000,0.75,0.82,0.75,0.76,11901,0
ITB,D,20170703,000000,0.8,0.8,0.8,0.8,326,0
ITB,D,20170706,000000,0.75,0.8,0.75,0.8,308,0
ITB,D,20170707,000000,0.75,0.75,0.75,0.75,1292,0
ITB,D,20170710,000000,0.75,0.75,0.75,0.75,1000,0
ITB,D,20170711,000000,0.76,0.76,0.76,0.76,1450,0
ITB,D,20170712,000000,0.76,0.76,0.76,0.76,1000,0
ITB,D,20170713,000000,0.79,0.79,0.79,0.79,100,0
ITB,D,20170717,000000,0.74,0.74,0.74,0.74,1000,0
ITB,D,20170718,000000,0.69,0.69,0.69,0.69,700,0
ITB,D,20170719,000000,0.79,0.79,0.79,0.79,100,0
ITB,D,20170721,000000,0.7,0.7,0.7,0.7,357,0
ITB,D,20170724,000000,0.7,0.77,0.7,0.77,2893,0
ITB,D,20170725,000000,0.7,0.71,0.7,0.71,2280,0
ITB,D,20170726,000000,0.77,0.77,0.77,0.77,200,0
ITB,D,20170731,000000,0.71,0.71,0.71,0.71,3392,0
ITB,D,20170801,000000,0.76,0.76,0.76,0.76,100,0
ITB,D,20170802,000000,0.72,0.72,0.72,0.72,521,0
ITB,D,20170803,000000,0.76,0.76,0.76,0.76,500,0
ITB,D,20170808,000000,0.72,0.72,0.72,0.72,480,0
ITB,D,20170809,000000,0.71,0.71,0.71,0.71,2200,0
ITB,D,20170810,000000,0.7,0.7,0.7,0.7,10200,0
ITB,D,20170811,000000,0.66,0.67,0.66,0.67,13322,0
ITB,D,20170816,000000,0.69,0.69,0.69,0.69,100,0
ITB,D,20170818,000000,0.66,0.7,0.66,0.7,9616,0
ITB,D,20170822,000000,0.67,0.67,0.67,0.67,1000,0
ITB,D,20170823,000000,0.67,0.67,0.67,0.67,1500,0
ITB,D,20170824,000000,0.68,0.68,0.68,0.68,6541,0
ITB,D,20170825,000000,0.68,0.68,0.68,0.68,1865,0
ITB,D,20170828,000000,0.68,0.68,0.68,0.68,1066,0
ITB,D,20170829,000000,0.69,0.69,0.69,0.69,1000,0
ITB,D,20170831,000000,0.7,0.7,0.7,0.7,120,0
ITB,D,20170904,000000,0.7,0.7,0.7,0.7,1000,0
ITB,D,20170905,000000,0.68,0.68,0.68,0.68,2033,0
ITB,D,20170911,000000,0.65,0.65,0.65,0.65,978,0
ITB,D,20170912,000000,0.62,0.62,0.62,0.62,3022,0
ITB,D,20170913,000000,0.7,0.7,0.7,0.7,151,0
ITB,D,20170919,000000,0.65,0.65,0.65,0.65,3000,0
ITB,D,20170920,000000,0.65,0.65,0.62,0.62,4431,0
ITB,D,20170921,000000,0.68,0.68,0.68,0.68,100,0
ITB,D,20170925,000000,0.62,0.7,0.62,0.7,2771,0
ITB,D,20171005,000000,0.62,0.68,0.62,0.68,2200,0
ITB,D,20171009,000000,0.62,0.68,0.62,0.68,1011,0
ITB,D,20171011,000000,0.61,0.62,0.61,0.62,3055,0
ITB,D,20171012,000000,0.62,0.67,0.62,0.67,2290,0
ITB,D,20171013,000000,0.67,0.67,0.67,0.67,27,0
ITB,D,20171016,000000,0.67,0.67,0.67,0.67,3110,0
ITB,D,20171023,000000,0.65,0.65,0.65,0.65,324,0
ITB,D,20171030,000000,0.61,0.62,0.61,0.62,2491,0
ITB,D,20171031,000000,0.62,0.62,0.62,0.62,2000,0
ITB,D,20171116,000000,0.6,0.6,0.6,0.6,1200,0
ITB,D,20171117,000000,0.59,0.59,0.59,0.59,170,0
ITB,D,20171121,000000,0.58,0.58,0.58,0.58,7,0
ITB,D,20171122,000000,0.58,0.58,0.58,0.58,5000,0
ITB,D,20171123,000000,0.51,0.51,0.51,0.51,1000,0
ITB,D,20171124,000000,0.52,0.52,0.52,0.52,5001,0
ITB,D,20171127,000000,0.52,0.52,0.52,0.52,78,0
ITB,D,20171128,000000,0.52,0.52,0.52,0.52,1221,0
ITB,D,20171129,000000,0.52,0.52,0.52,0.52,501,0
ITB,D,20171211,000000,0.4,0.4,0.4,0.4,6000,0
ITB,D,20171212,000000,0.42,0.42,0.42,0.42,3258,0
ITB,D,20171213,000000,0.42,0.42,0.42,0.42,2400,0
ITB,D,20171214,000000,0.42,0.42,0.42,0.42,1190,0
ITB,D,20171218,000000,0.42,0.43,0.42,0.43,1334,0
ITB,D,20171219,000000,0.43,0.45,0.43,0.45,1855,0
ITB,D,20171220,000000,0.48,0.48,0.48,0.48,1500,0
ITB,D,20171222,000000,0.47,0.47,0.47,0.47,9252,0
ITB,D,20171227,000000,0.51,0.51,0.51,0.51,3108,0
ITB,D,20171228,000000,0.52,0.52,0.51,0.51,518,0
ITB,D,20180103,000000,0.51,0.51,0.51,0.51,6974,0
ITB,D,20180104,000000,0.5,0.5,0.5,0.5,3038,0
ITB,D,20180105,000000,0.5,0.5,0.5,0.5,462,0
ITB,D,20180110,000000,0.51,0.51,0.51,0.51,11,0
ITB,D,20180115,000000,0.52,0.52,0.52,0.52,1000,0
ITB,D,20180116,000000,0.51,0.51,0.51,0.51,2728,0
ITB,D,20180118,000000,0.43,0.52,0.43,0.52,976,0
ITB,D,20180119,000000,0.52,0.52,0.52,0.52,340,0
ITB,D,20180122,000000,0.52,0.52,0.52,0.52,1400,0
ITB,D,20180125,000000,0.52,0.52,0.52,0.52,1000,0
ITB,D,20180126,000000,0.47,0.47,0.47,0.47,1000,0
ITB,D,20180129,000000,0.43,0.43,0.43,0.43,673,0
ITB,D,20180201,000000,0.46,0.46,0.46,0.46,1,0
ITB,D,20180202,000000,0.45,0.45,0.45,0.45,1680,0
ITB,D,20180206,000000,0.45,0.45,0.45,0.45,1820,0
ITB,D,20180214,000000,0.42,0.42,0.42,0.42,2702,0
ITB,D,20180215,000000,0.41,0.41,0.41,0.41,7800,0
ITB,D,20180216,000000,0.41,0.41,0.41,0.41,2733,0
ITB,D,20180219,000000,0.42,0.42,0.41,0.41,11455,0
ITB,D,20180220,000000,0.39,0.39,0.39,0.39,6500,0
ITB,D,20180221,000000,0.39,0.39,0.39,0.39,14197,0
ITB,D,20180222,000000,0.39,0.39,0.39,0.39,3265,0
ITB,D,20180223,000000,0.39,0.39,0.39,0.39,2020,0
ITB,D,20180226,000000,0.38,0.38,0.38,0.38,73,0
ITB,D,20180227,000000,0.38,0.38,0.35,0.35,1642,0
ITB,D,20180228,000000,0.35,0.35,0.35,0.35,6700,0
ITB,D,20180301,000000,0.36,0.36,0.36,0.36,3738,0
ITB,D,20180302,000000,0.35,0.35,0.35,0.35,2276,0
ITB,D,20180307,000000,0.32,0.32,0.3,0.3,2581,0
ITB,D,20180308,000000,0.36,0.36,0.36,0.36,8490,0
ITB,D,20180313,000000,0.37,0.37,0.37,0.37,1110,0
ITB,D,20180314,000000,0.41,0.43,0.41,0.43,810,0
ITB,D,20180315,000000,0.43,0.43,0.43,0.43,105,0
ITB,D,20180316,000000,0.39,0.39,0.39,0.39,1,0
ITB,D,20180319,000000,0.39,0.39,0.39,0.39,1590,0
ITB,D,20180322,000000,0.37,0.37,0.37,0.37,92,0
ITB,D,20180328,000000,0.37,0.37,0.37,0.37,348,0
ITB,D,20180411,000000,0.4,0.42,0.4,0.42,710,0
ITB,D,20180412,000000,0.42,0.42,0.42,0.42,1,0
ITB,D,20180418,000000,0.32,0.32,0.32,0.32,818,0
ITB,D,20180419,000000,0.34,0.34,0.34,0.34,10,0
ITB,D,20180424,000000,0.4,0.4,0.4,0.4,17,0
ITB,D,20180425,000000,0.4,0.4,0.4,0.4,440,0
ITB,D,20180502,000000,0.34,0.34,0.34,0.34,7444,0
ITB,D,20180504,000000,0.38,0.38,0.38,0.38,73,0
ITB,D,20180507,000000,0.4,0.4,0.4,0.4,2,0
ITB,D,20180525,000000,0.4,0.4,0.4,0.4,1402,0
ITB,D,20180629,000000,0.25,0.25,0.25,0.25,2700,0
ITB,D,20180702,000000,0.26,0.26,0.26,0.26,4601,0
ITB,D,20180703,000000,0.29,0.29,0.29,0.29,10,0
ITB,D,20180706,000000,0.26,0.26,0.26,0.26,3000,0
ITB,D,20180711,000000,0.29,0.29,0.29,0.29,8,0
ITB,D,20180712,000000,0.29,0.3,0.29,0.3,4234,0
ITB,D,20180713,000000,0.33,0.33,0.33,0.33,1,0
ITB,D,20180718,000000,0.29,0.29,0.29,0.29,722,0
ITB,D,20180719,000000,0.28,0.28,0.28,0.28,1100,0
ITB,D,20180720,000000,0.26,0.26,0.26,0.26,4990,0
ITB,D,20180725,000000,0.31,0.31,0.31,0.31,3219,0
ITB,D,20180801,000000,0.31,0.31,0.31,0.31,9115,0
ITB,D,20180802,000000,0.3,0.3,0.3,0.3,1385,0
ITB,D,20180809,000000,0.29,0.29,0.29,0.29,2640,0
ITB,D,20180810,000000,0.3,0.3,0.3,0.3,7059,0
ITB,D,20180814,000000,0.32,0.32,0.32,0.32,200,0
ITB,D,20180816,000000,0.29,0.29,0.29,0.29,1014,0
ITB,D,20180817,000000,0.29,0.29,0.29,0.29,2000,0
ITB,D,20180824,000000,0.29,0.29,0.29,0.29,400,0
ITB,D,20180830,000000,0.32,0.32,0.32,0.32,300,0
ITB,D,20180831,000000,0.32,0.32,0.32,0.32,200,0
ITB,D,20180903,000000,0.29,0.29,0.29,0.29,2925,0
ITB,D,20180904,000000,0.29,0.29,0.29,0.29,1000,0
ITB,D,20180906,000000,0.29,0.29,0.29,0.29,3652,0
ITB,D,20180907,000000,0.26,0.26,0.26,0.26,220,0
ITB,D,20180917,000000,0.26,0.26,0.26,0.26,10,0
ITB,D,20180920,000000,0.26,0.26,0.26,0.26,2081,0
ITB,D,20180925,000000,0.26,0.26,0.26,0.26,509,0
ITB,D,20180927,000000,0.26,0.26,0.26,0.26,100,0
ITB,D,20180928,000000,0.26,0.26,0.26,0.26,4000,0
ITB,D,20181002,000000,0.26,0.26,0.26,0.26,151,0
ITB,D,20181008,000000,0.26,0.26,0.26,0.26,3000,0
ITB,D,20181015,000000,0.25,0.25,0.25,0.25,2119,0
ITB,D,20181023,000000,0.22,0.22,0.22,0.22,2299,0
ITB,D,20181025,000000,0.22,0.22,0.22,0.22,1300,0
ITB,D,20181026,000000,0.22,0.22,0.22,0.22,4500,0
ITB,D,20181030,000000,0.25,0.25,0.25,0.25,60,0
ITB,D,20181031,000000,0.25,0.25,0.25,0.25,582,0
ITB,D,20181105,000000,0.21,0.21,0.21,0.21,324,0
ITB,D,20181106,000000,0.24,0.24,0.24,0.24,100,0
ITB,D,20181107,000000,0.26,0.26,0.26,0.26,10,0
ITB,D,20181108,000000,0.26,0.26,0.26,0.26,26300,0
ITB,D,20181121,000000,0.26,0.27,0.26,0.27,500,0
ITB,D,20181122,000000,0.3,0.3,0.29,0.29,3642,0
ITB,D,20181123,000000,0.3,0.3,0.3,0.3,5248,0
ITB,D,20181127,000000,0.26,0.26,0.24,0.24,7380,0
ITB,D,20181128,000000,0.25,0.25,0.25,0.25,7237,0
ITB,D,20181129,000000,0.22,0.22,0.22,0.22,3093,0
ITB,D,20181207,000000,0.21,0.25,0.21,0.25,12687,0
ITB,D,20181210,000000,0.25,0.25,0.25,0.25,16000,0
ITB,D,20181211,000000,0.25,0.25,0.25,0.25,5000,0
ITB,D,20181212,000000,0.25,0.25,0.24,0.24,14000,0
ITB,D,20181213,000000,0.25,0.25,0.25,0.25,11400,0
ITB,D,20181214,000000,0.25,0.25,0.25,0.25,21581,0
ITB,D,20181217,000000,0.24,0.24,0.24,0.24,100,0
ITB,D,20181227,000000,0.29,0.29,0.29,0.29,700,0
ITB,D,20181228,000000,0.31,0.31,0.31,0.31,1000,0
ITB,D,20190103,000000,0.26,0.3,0.26,0.3,1045,0
ITB,D,20190104,000000,0.3,0.3,0.3,0.3,1000,0
ITB,D,20190107,000000,0.3,0.3,0.3,0.3,2300,0
ITB,D,20190108,000000,0.32,0.32,0.32,0.32,3158,0
ITB,D,20190109,000000,0.34,0.36,0.34,0.36,4018,0
ITB,D,20190110,000000,0.37,0.37,0.37,0.37,6126,0
ITB,D,20190111,000000,0.42,0.42,0.41,0.41,2247,0
ITB,D,20190114,000000,0.41,0.41,0.41,0.41,1036,0
ITB,D,20190115,000000,0.41,0.42,0.41,0.42,3286,0
ITB,D,20190116,000000,0.45,0.49,0.45,0.49,7190,0
ITB,D,20190117,000000,0.52,0.52,0.5,0.5,7021,0
ITB,D,20190118,000000,0.5,0.5,0.5,0.5,2160,0
ITB,D,20190124,000000,0.5,0.5,0.5,0.5,338,0
ITB,D,20190125,000000,0.5,0.5,0.5,0.5,2200,0
ITB,D,20190129,000000,0.49,0.49,0.49,0.49,1500,0
ITB,D,20190130,000000,0.48,0.48,0.48,0.48,304,0
ITB,D,20190206,000000,0.48,0.48,0.48,0.48,1000,0
ITB,D,20190207,000000,0.48,0.52,0.48,0.52,4000,0
ITB,D,20190208,000000,0.51,0.52,0.51,0.52,39191,0
ITB,D,20190211,000000,0.53,0.53,0.53,0.53,220,0
ITB,D,20190212,000000,0.53,0.53,0.52,0.52,2111,0
ITB,D,20190213,000000,0.52,0.52,0.52,0.52,1000,0
ITB,D,20190215,000000,0.53,0.53,0.53,0.53,50,0
ITB,D,20190218,000000,0.53,0.53,0.53,0.53,2000,0
ITB,D,20190219,000000,0.54,0.54,0.54,0.54,7702,0
ITB,D,20190220,000000,0.54,0.54,0.54,0.54,1044,0
ITB,D,20190222,000000,0.55,0.55,0.55,0.55,4769,0
ITB,D,20190225,000000,0.55,0.55,0.55,0.55,1231,0
ITB,D,20190314,000000,0.5,0.5,0.5,0.5,1000,0
ITB,D,20190318,000000,0.472,0.48,0.472,0.48,10243,0
ITB,D,20190319,000000,0.472,0.472,0.472,0.472,277,0
ITB,D,20190320,000000,0.472,0.472,0.472,0.472,150,0
ITB,D,20190328,000000,0.46,0.46,0.46,0.46,1093,0
ITB,D,20190402,000000,0.55,0.55,0.55,0.55,100,0
ITB,D,20190408,000000,0.54,0.54,0.54,0.54,109,0
ITB,D,20190418,000000,0.54,0.54,0.54,0.54,1000,0
ITB,D,20190426,000000,0.54,0.54,0.54,0.54,2000,0
ITB,D,20190524,000000,0.55,0.55,0.55,0.55,8442,0
ITB,D,20190528,000000,0.5,0.5,0.5,0.5,100,0
ITB,D,20190626,000000,0.5,0.5,0.5,0.5,10,0
ITB,D,20190814,000000,0.4,0.402,0.4,0.402,243,0
ITB,D,20190816,000000,0.402,0.402,0.4,0.4,5050,0
ITB,D,20190822,000000,0.49,0.49,0.49,0.49,20283,0
ITB,D,20190828,000000,0.47,0.47,0.47,0.47,5000,0
ITB,D,20190829,000000,0.5,0.5,0.5,0.5,5000,0
ITB,D,20190830,000000,0.5,0.5,0.5,0.5,5000,0
ITB,D,20190902,000000,0.468,0.468,0.468,0.468,350,0
ITB,D,20190905,000000,0.5,0.5,0.5,0.5,150,0
ITB,D,20190909,000000,0.5,0.5,0.5,0.5,1000,0
ITB,D,20190913,000000,0.476,0.476,0.476,0.476,8390,0
ITB,D,20190916,000000,0.466,0.466,0.466,0.466,979,0
ITB,D,20190917,000000,0.41,0.466,0.41,0.466,10454,0
ITB,D,20191002,000000,0.386,0.386,0.386,0.386,2970,0
ITB,D,20191003,000000,0.476,0.476,0.476,0.476,4995,0
ITB,D,20191004,000000,0.48,0.48,0.48,0.48,555,0
ITB,D,20191010,000000,0.456,0.456,0.456,0.456,1825,0
ITB,D,20191011,000000,0.4,0.4,0.4,0.4,385,0
ITB,D,20191015,000000,0.456,0.456,0.456,0.456,2000,0
ITB,D,20191105,000000,0.372,0.372,0.372,0.372,1198,0
ITB,D,20191106,000000,0.416,0.442,0.416,0.442,7699,0
ITB,D,20191107,000000,0.45,0.45,0.45,0.45,2000,0
ITB,D,20191108,000000,0.456,0.456,0.456,0.456,1876,0
ITB,D,20191114,000000,0.456,0.456,0.456,0.456,1000,0
ITB,D,20191115,000000,0.515,0.515,0.515,0.515,1000,0
ITB,D,20191118,000000,0.56,0.585,0.56,0.585,3278,0
ITB,D,20191119,000000,0.595,0.61,0.595,0.61,5000,0
ITB,D,20191120,000000,0.58,0.58,0.58,0.58,7194,0
ITB,D,20191121,000000,0.575,0.575,0.575,0.575,5057,0
ITB,D,20191122,000000,0.62,0.62,0.62,0.62,100,0
ITB,D,20191125,000000,0.62,0.65,0.62,0.65,6648,0
ITB,D,20191126,000000,0.65,0.65,0.65,0.65,27,0
ITB,D,20191203,000000,0.51,0.51,0.51,0.51,7000,0
ITB,D,20191204,000000,0.51,0.575,0.51,0.575,3600,0
ITB,D,20191205,000000,0.595,0.595,0.595,0.595,200,0
ITB,D,20191218,000000,0.52,0.52,0.52,0.52,1123,0
ITB,D,20191219,000000,0.52,0.575,0.52,0.575,2377,0
ITB,D,20191227,000000,0.57,0.57,0.57,0.57,180,0
ITB,D,20200109,000000,0.5,0.5,0.5,0.5,8850,0
ITB,D,20200110,000000,0.49,0.49,0.48,0.48,19833,0
ITB,D,20200113,000000,0.49,0.49,0.49,0.49,13166,0
ITB,D,20200114,000000,0.52,0.52,0.52,0.52,21,0
ITB,D,20200117,000000,0.52,0.52,0.52,0.52,2799,0
ITB,D,20200120,000000,0.48,0.48,0.48,0.48,156,0
ITB,D,20200124,000000,0.56,0.56,0.56,0.56,50,0
ITB,D,20200127,000000,0.424,0.424,0.424,0.424,5000,0
ITB,D,20200128,000000,0.5,0.5,0.5,0.5,1400,0
ITB,D,20200203,000000,0.49,0.49,0.49,0.49,2000,0
ITB,D,20200207,000000,0.49,0.49,0.49,0.49,2750,0
ITB,D,20200221,000000,0.52,0.52,0.52,0.52,7678,0
ITB,D,20200224,000000,0.56,0.56,0.52,0.52,1262,0
ITB,D,20200225,000000,0.56,0.56,0.56,0.56,50,0
ITB,D,20200226,000000,0.56,0.56,0.56,0.56,1186,0
ITB,D,20200227,000000,0.58,0.58,0.58,0.58,11284,0
ITB,D,20200228,000000,0.59,0.59,0.59,0.59,1110,0
ITB,D,20200302,000000,0.57,0.57,0.57,0.57,226,0
ITB,D,20200303,000000,0.55,0.55,0.55,0.55,2908,0
ITB,D,20200304,000000,0.59,0.59,0.59,0.59,50,0
ITB,D,20200305,000000,0.5,0.5,0.5,0.5,3970,0
ITB,D,20200310,000000,0.386,0.386,0.386,0.386,2500,0
ITB,D,20200313,000000,0.4,0.4,0.4,0.4,3015,0
ITB,D,20200316,000000,0.44,0.44,0.44,0.44,40,0
ITB,D,20200317,000000,0.54,0.54,0.54,0.54,396,0
ITB,D,20200318,000000,0.48,0.52,0.48,0.52,5622,0
ITB,D,20200319,000000,0.43,0.43,0.43,0.43,1132,0
ITB,D,20200320,000000,0.43,0.43,0.43,0.43,10300,0
ITB,D,20200323,000000,0.43,0.43,0.43,0.43,307,0
ITB,D,20200326,000000,0.44,0.44,0.44,0.44,100,0
ITB,D,20200331,000000,0.42,0.42,0.42,0.42,65,0
ITB,D,20200401,000000,0.42,0.42,0.42,0.42,475,0
ITB,D,20200403,000000,0.5,0.5,0.49,0.49,1264,0
ITB,D,20200406,000000,0.42,0.42,0.42,0.42,2450,0
ITB,D,20200407,000000,0.42,0.45,0.42,0.45,2750,0
ITB,D,20200409,000000,0.4,0.45,0.4,0.45,3520,0
ITB,D,20200414,000000,0.4,0.4,0.4,0.4,6000,0
ITB,D,20200416,000000,0.35,0.41,0.35,0.41,5700,0
ITB,D,20200420,000000,0.41,0.41,0.41,0.41,1129,0
ITB,D,20200421,000000,0.45,0.45,0.45,0.45,916,0
ITB,D,20200422,000000,0.456,0.49,0.456,0.49,11600,0
ITB,D,20200423,000000,0.51,0.51,0.51,0.51,10873,0
ITB,D,20200424,000000,0.51,0.51,0.51,0.51,8200,0
ITB,D,20200427,000000,0.51,0.525,0.51,0.525,7387,0
ITB,D,20200428,000000,0.53,0.53,0.53,0.53,1173,0
ITB,D,20200429,000000,0.53,0.53,0.53,0.53,1597,0
ITB,D,20200430,000000,0.545,0.545,0.545,0.545,1704,0
ITB,D,20200504,000000,0.545,0.545,0.545,0.545,2300,0
ITB,D,20200505,000000,0.54,0.56,0.54,0.56,11000,0
ITB,D,20200506,000000,0.56,0.56,0.56,0.56,40,0
ITB,D,20200508,000000,0.58,0.58,0.58,0.58,100,0
ITB,D,20200511,000000,0.58,0.62,0.58,0.62,13303,0
ITB,D,20200512,000000,0.59,0.63,0.59,0.63,3066,0
ITB,D,20200513,000000,0.66,0.66,0.61,0.61,2459,0
ITB,D,20200514,000000,0.61,0.61,0.61,0.61,835,0
ITB,D,20200515,000000,0.68,0.68,0.68,0.68,100,0
ITB,D,20200519,000000,0.6,0.6,0.6,0.6,1200,0
ITB,D,20200521,000000,0.53,0.53,0.53,0.53,8731,0
ITB,D,20200522,000000,0.53,0.53,0.53,0.53,6111,0
ITB,D,20200525,000000,0.53,0.58,0.53,0.58,10128,0
ITB,D,20200526,000000,0.61,0.61,0.61,0.61,140,0
ITB,D,20200527,000000,0.61,0.61,0.61,0.61,400,0
ITB,D,20200529,000000,0.55,0.55,0.55,0.55,1000,0
ITB,D,20200601,000000,0.61,0.66,0.61,0.66,1220,0
ITB,D,20200602,000000,0.675,0.675,0.675,0.675,2182,0
ITB,D,20200604,000000,0.67,0.67,0.67,0.67,1000,0
ITB,D,20200605,000000,0.66,0.66,0.66,0.66,1590,0
ITB,D,20200609,000000,0.6,0.6,0.6,0.6,1188,0
ITB,D,20200610,000000,0.655,0.655,0.655,0.655,90,0
ITB,D,20200616,000000,0.6,0.6,0.6,0.6,200,0
ITB,D,20200617,000000,0.655,0.655,0.505,0.505,3100,0
ITB,D,20200618,000000,0.57,0.57,0.57,0.57,1000,0
ITB,D,20200619,000000,0.655,0.655,0.655,0.655,4658,0
ITB,D,20200623,000000,0.6,0.66,0.6,0.66,458,0
ITB,D,20200624,000000,0.655,0.655,0.655,0.655,2102,0
ITB,D,20200625,000000,0.6,0.655,0.6,0.655,5500,0
ITB,D,20200626,000000,0.6,0.61,0.6,0.61,8232,0
ITB,D,20200629,000000,0.6,0.6,0.6,0.6,7000,0
ITB,D,20200701,000000,0.545,0.59,0.545,0.59,1500,0
ITB,D,20200702,000000,0.555,0.59,0.555,0.59,2500,0
ITB,D,20200706,000000,0.6,0.6,0.6,0.6,12406,0
ITB,D,20200707,000000,0.6,0.6,0.6,0.6,20,0
ITB,D,20200708,000000,0.53,0.54,0.53,0.54,18449,0
ITB,D,20200709,000000,0.575,0.575,0.575,0.575,151,0
ITB,D,20200710,000000,0.54,0.54,0.54,0.54,1229,0
