<TICKER>,<PER>,<DATE>,<TIME>,<OPEN>,<HIGH>,<LOW>,<CLOSE>,<VOL>,<OPENINT>
IZB,D,20111222,000000,22.9,22.9,22.9,22.9,61,0
IZB,D,20111223,000000,22.9,22.9,22.9,22.9,60,0
IZB,D,20111227,000000,22.9,22.9,22.9,22.9,1,0
IZB,D,20120221,000000,23,23,23,23,50,0
IZB,D,20120227,000000,23.02,23.02,23.02,23.02,110,0
IZB,D,20120228,000000,25.9,27,25.9,27,200,0
IZB,D,20120229,000000,27,32.4,27,32,200,0
IZB,D,20120301,000000,32.03,33.5,31,33.5,696,0
IZB,D,20120302,000000,32.5,32.6,32.5,32.6,210,0
IZB,D,20120305,000000,32.49,32.9,32.49,32.9,259,0
IZB,D,20120306,000000,35.7,35.7,32.8,32.8,308,0
IZB,D,20120313,000000,28.01,28.01,28,28,347,0
IZB,D,20120314,000000,28,28,28,28,90,0
IZB,D,20120315,000000,28,28,28,28,76,0
IZB,D,20120320,000000,29.3,29.3,29.3,29.3,178,0
IZB,D,20120416,000000,28,28,28,28,1,0
IZB,D,20120417,000000,28.98,28.98,28.98,28.98,1,0
IZB,D,20120418,000000,24,28.98,24,28.98,723,0
IZB,D,20120419,000000,26,28.98,26,28.98,585,0
IZB,D,20120420,000000,25.6,28.97,25.6,28.97,4,0
IZB,D,20120423,000000,25.5,28.95,25.5,28.95,44,0
IZB,D,20120424,000000,25,25,25,25,20,0
IZB,D,20120508,000000,28.95,28.95,28.95,28.95,4,0
IZB,D,20120517,000000,24.12,24.12,24.12,24.12,84,0
IZB,D,20120518,000000,24.12,28.98,24.12,28.98,299,0
IZB,D,20120521,000000,27.99,28.98,27.99,28.98,11,0
IZB,D,20120523,000000,28.98,28.98,28.98,28.98,20,0
IZB,D,20120524,000000,25.1,25.1,25.1,25.1,102,0
IZB,D,20120608,000000,28.8,28.8,28.8,28.8,20,0
IZB,D,20120611,000000,28.7,28.7,28.7,28.7,20,0
IZB,D,20120612,000000,28.7,28.7,28.7,28.7,20,0
IZB,D,20120614,000000,28.7,28.7,28.7,28.7,20,0
IZB,D,20120619,000000,28.7,28.7,28.7,28.7,20,0
IZB,D,20120620,000000,28.7,28.7,28.7,28.7,20,0
IZB,D,20120621,000000,28.7,28.7,28.7,28.7,20,0
IZB,D,20120713,000000,28.79,28.79,28.7,28.7,40,0
IZB,D,20120720,000000,24.51,24.51,24.51,24.51,10,0
IZB,D,20120724,000000,20,20,20,20,70,0
IZB,D,20120801,000000,25,28.7,25,28.7,71,0
IZB,D,20120802,000000,26,26,26,26,70,0
IZB,D,20120809,000000,28,28,28,28,20,0
IZB,D,20120907,000000,27.9,27.95,27.9,27.95,65,0
IZB,D,20121010,000000,25.91,25.91,25.91,25.91,60,0
IZB,D,20121015,000000,24,24,24,24,60,0
IZB,D,20121022,000000,24.18,24.18,24.18,24.18,13,0
IZB,D,20121023,000000,23,23,23,23,67,0
IZB,D,20121026,000000,21.68,21.68,21.68,21.68,70,0
IZB,D,20121031,000000,21.68,25.87,21.68,25.87,95,0
IZB,D,20121106,000000,21.5,23.5,21.5,23.5,78,0
IZB,D,20121107,000000,20,20,20,20,77,0
IZB,D,20121109,000000,18.31,19.99,18.31,19.99,24,0
IZB,D,20121119,000000,20,20,20,20,4,0
IZB,D,20121121,000000,20,20,20,20,16,0
IZB,D,20121123,000000,20,20,20,20,5,0
IZB,D,20121126,000000,20,20,20,20,5,0
IZB,D,20121129,000000,20,20,20,20,5,0
IZB,D,20121204,000000,20,20,19.99,20,194,0
IZB,D,20121211,000000,19.99,19.99,19.99,19.99,5,0
IZB,D,20121213,000000,19.99,19.99,19.99,19.99,10,0
IZB,D,20121219,000000,20,20,20,20,1,0
IZB,D,20121221,000000,20,20,20,20,5,0
IZB,D,20121227,000000,19.99,20,19.99,20,200,0
IZB,D,20130102,000000,20.15,21.1,20.15,21.1,87,0
IZB,D,20130103,000000,21.44,21.44,21.44,21.44,10,0
IZB,D,20130104,000000,20.15,20.15,20.15,20.15,78,0
IZB,D,20130107,000000,20.64,20.64,20.64,20.64,73,0
IZB,D,20130114,000000,20.01,20.5,20.01,20.5,156,0
IZB,D,20130122,000000,19.6,19.6,19.6,19.6,21,0
IZB,D,20130125,000000,20,20,20,20,7,0
IZB,D,20130201,000000,20.99,21,20.99,21,340,0
IZB,D,20130204,000000,20.99,21,20.9,20.9,415,0
IZB,D,20130205,000000,21,21,21,21,81,0
IZB,D,20130206,000000,21,21,21,21,1245,0
IZB,D,20130207,000000,21,21,21,21,850,0
IZB,D,20130211,000000,21.1,21.1,21.08,21.1,980,0
IZB,D,20130212,000000,21.1,21.1,21.1,21.1,2,0
IZB,D,20130213,000000,21.1,21.1,21.1,21.1,30,0
IZB,D,20130218,000000,21.1,21.1,21.1,21.1,1,0
IZB,D,20130219,000000,21.1,21.1,21.1,21.1,400,0
IZB,D,20130220,000000,21.09,21.09,21.09,21.09,200,0
IZB,D,20130222,000000,19.85,19.85,19.85,19.85,10,0
IZB,D,20130225,000000,21.09,21.1,21.09,21.09,1122,0
IZB,D,20130226,000000,21.09,21.5,21,21.5,5201,0
IZB,D,20130227,000000,21.5,21.5,21.5,21.5,1300,0
IZB,D,20130228,000000,20,21.5,19.91,21.5,457,0
IZB,D,20130301,000000,21.48,21.5,21.48,21.49,1196,0
IZB,D,20130306,000000,21.4,21.47,21.4,21.47,830,0
IZB,D,20130308,000000,21.47,22,21.47,22,2090,0
IZB,D,20130311,000000,22,22,22,22,1,0
IZB,D,20130312,000000,21.99,22,21.99,22,783,0
IZB,D,20130313,000000,21.99,22,21.99,21.99,1119,0
IZB,D,20130314,000000,22,22,21.5,21.5,348,0
IZB,D,20130315,000000,21.99,21.99,21.99,21.99,20,0
IZB,D,20130319,000000,22,22,21.99,22,1016,0
IZB,D,20130320,000000,22,26.39,21.99,23.51,614,0
IZB,D,20130321,000000,21.99,25.2,21.99,24.1,714,0
IZB,D,20130322,000000,25.2,27.83,25.2,27.7,1324,0
IZB,D,20130325,000000,27.7,27.7,27.65,27.7,47,0
IZB,D,20130326,000000,26.8,26.8,26.8,26.8,150,0
IZB,D,20130327,000000,25,26,25,26,78,0
IZB,D,20130328,000000,26,26,26,26,20,0
IZB,D,20130402,000000,25,25,25,25,5,0
IZB,D,20130403,000000,25,26,25,26,69,0
IZB,D,20130404,000000,26,26,26,26,1,0
IZB,D,20130408,000000,27.82,27.82,27.82,27.82,5,0
IZB,D,20130410,000000,27.82,27.82,27.82,27.82,25,0
IZB,D,20130411,000000,27.82,27.82,27.82,27.82,1,0
IZB,D,20130412,000000,27.82,27.82,27.82,27.82,55,0
IZB,D,20130415,000000,27.83,27.83,27.83,27.83,7,0
IZB,D,20130417,000000,26,27.4,26,27.4,141,0
IZB,D,20130419,000000,27.29,27.29,27.29,27.29,1,0
IZB,D,20130423,000000,27.39,27.39,27.39,27.39,5,0
IZB,D,20130426,000000,26,26,25.6,26,90,0
IZB,D,20130430,000000,27.3,27.3,27.3,27.3,5,0
IZB,D,20130506,000000,27.35,27.35,27.35,27.35,1,0
IZB,D,20130509,000000,27.35,27.35,27.35,27.35,1,0
IZB,D,20130515,000000,25.6,27.35,25.6,27.35,229,0
IZB,D,20130516,000000,27.35,27.35,27.35,27.35,10,0
IZB,D,20130517,000000,27.35,27.35,27.35,27.35,1,0
IZB,D,20130521,000000,27.3,27.3,27.3,27.3,85,0
IZB,D,20130522,000000,27.34,27.34,27.34,27.34,1,0
IZB,D,20130523,000000,27.35,27.35,27.35,27.35,1,0
IZB,D,20130528,000000,26.5,26.5,26.5,26.5,50,0
IZB,D,20130604,000000,26.6,27.8,26.5,27.8,222,0
IZB,D,20130605,000000,26.4,26.4,24,24,397,0
IZB,D,20130606,000000,24,24,24,24,9,0
IZB,D,20130610,000000,24,24,24,24,5,0
IZB,D,20130612,000000,24,24,24,24,20,0
IZB,D,20130613,000000,24,24,24,24,21,0
IZB,D,20130614,000000,23.99,24,23.99,24,1075,0
IZB,D,20130619,000000,24,24,24,24,900,0
IZB,D,20130620,000000,24,26,24,25,2685,0
IZB,D,20130621,000000,25,26,25,25.5,3876,0
IZB,D,20130624,000000,24.49,25.5,24.49,25.5,70,0
IZB,D,20130625,000000,24.08,25.5,24.08,25.5,166,0
IZB,D,20130626,000000,25.5,26,25.5,26,1700,0
IZB,D,20130627,000000,26,26.5,26,26,5399,0
IZB,D,20130628,000000,26.9,27.8,26.9,27.8,117,0
IZB,D,20130702,000000,27.8,27.8,27,27,255,0
IZB,D,20130703,000000,27,27,27,27,80,0
IZB,D,20130704,000000,27,27,27,27,860,0
IZB,D,20130708,000000,26.31,26.31,26.3,26.3,160,0
IZB,D,20130709,000000,27.8,27.8,27.6,27.6,330,0
IZB,D,20130710,000000,27.7,27.8,27.7,27.8,1002,0
IZB,D,20130711,000000,27.8,27.8,27.8,27.8,71,0
IZB,D,20130712,000000,27.3,27.8,27.3,27.8,3568,0
IZB,D,20130715,000000,27.8,29,27.8,29,1438,0
IZB,D,20130716,000000,27.95,28.95,27.95,28.95,110,0
IZB,D,20130717,000000,28.95,28.95,28,28,603,0
IZB,D,20130718,000000,28.01,28.01,27.75,27.75,300,0
IZB,D,20130729,000000,28.44,28.44,28.44,28.44,5,0
IZB,D,20130730,000000,28.44,28.5,28.44,28.5,3367,0
IZB,D,20130731,000000,28.5,28.5,28.5,28.5,100,0
IZB,D,20130801,000000,28.4,28.4,28.4,28.4,200,0
IZB,D,20130802,000000,28.5,29,28.5,28.95,1473,0
IZB,D,20130807,000000,28.65,28.65,28.65,28.65,20,0
IZB,D,20130809,000000,28.05,28.5,28.05,28.5,6403,0
IZB,D,20130812,000000,28.5,28.5,28.5,28.5,500,0
IZB,D,20130814,000000,28.5,28.5,28.5,28.5,464,0
IZB,D,20130819,000000,27.5,28.87,27.5,28.87,24,0
IZB,D,20130820,000000,28.8,28.8,28.8,28.8,1236,0
IZB,D,20130821,000000,28.8,28.87,28.77,28.77,3434,0
IZB,D,20130822,000000,28.78,28.78,28.72,28.73,1714,0
IZB,D,20130823,000000,28.71,34,28.71,34,7777,0
IZB,D,20130826,000000,34,34.1,32,33.79,1697,0
IZB,D,20130827,000000,33.8,33.8,33,33,975,0
IZB,D,20130828,000000,33,33,32.5,32.5,400,0
IZB,D,20130829,000000,32.5,32.5,32.5,32.5,95,0
IZB,D,20130830,000000,32.5,32.5,32.5,32.5,465,0
IZB,D,20130902,000000,35.75,39.99,35,35,276,0
IZB,D,20130903,000000,38,38,35.6,36,243,0
IZB,D,20130904,000000,36,36,35.5,35.5,150,0
IZB,D,20130905,000000,37.2,37.2,37.2,37.2,5,0
IZB,D,20130906,000000,36.5,36.5,36.5,36.5,10,0
IZB,D,20130909,000000,33.55,35.5,33.55,35.5,985,0
IZB,D,20130910,000000,34.5,37.95,34.5,36.2,413,0
IZB,D,20130911,000000,36.7,37.95,34.01,34.01,1337,0
IZB,D,20130912,000000,37.2,37.2,37.2,37.2,274,0
IZB,D,20130913,000000,37.2,42.99,33.56,42.7,2044,0
IZB,D,20130916,000000,42.69,42.7,42.34,42.34,186,0
IZB,D,20130917,000000,41,41,41,41,2,0
IZB,D,20130918,000000,41,42.32,40,42.32,305,0
IZB,D,20130919,000000,41,42.1,40,42.1,265,0
IZB,D,20130920,000000,42,42,40.3,41.5,2044,0
IZB,D,20130923,000000,42.63,42.63,40.6,40.6,206,0
IZB,D,20130924,000000,40.6,40.6,40.6,40.6,500,0
IZB,D,20130925,000000,40.7,40.7,40.5,40.5,300,0
IZB,D,20130926,000000,41.7,42.48,39.54,39.54,1632,0
IZB,D,20130927,000000,42.41,42.41,42.41,42.41,60,0
IZB,D,20130930,000000,42.41,42.41,41.1,42.34,122,0
IZB,D,20131001,000000,42.42,48,42.42,48,1153,0
IZB,D,20131002,000000,48,52,48,50,18299,0
IZB,D,20131003,000000,50,50.7,48.9,50.7,2056,0
IZB,D,20131004,000000,49.05,50,49.05,50,1031,0
IZB,D,20131007,000000,48.55,48.55,48.5,48.5,53,0
IZB,D,20131008,000000,48.46,48.5,48.46,48.5,82,0
IZB,D,20131010,000000,48.46,49.9,48.46,49.9,250,0
IZB,D,20131011,000000,49.86,50,45.36,49.5,3597,0
IZB,D,20131014,000000,49.5,49.8,48.5,49.8,1123,0
IZB,D,20131015,000000,49.7,49.86,49.7,49.75,1150,0
IZB,D,20131016,000000,49.75,49.75,49.7,49.7,1105,0
IZB,D,20131017,000000,49.4,49.4,49.4,49.4,5,0
IZB,D,20131018,000000,49.31,49.31,45.57,49.31,98,0
IZB,D,20131021,000000,49.4,49.5,49,49.5,2300,0
IZB,D,20131022,000000,49.3,49.3,49.3,49.3,5,0
IZB,D,20131023,000000,49.3,49.3,49.3,49.3,1,0
IZB,D,20131024,000000,49.3,49.3,49.3,49.3,1,0
IZB,D,20131025,000000,49.2,49.3,49.2,49.3,55,0
IZB,D,20131028,000000,49.3,49.8,49.3,49.8,1260,0
IZB,D,20131029,000000,49.5,49.5,49.5,49.5,1064,0
IZB,D,20131030,000000,49.5,49.9,48,49.9,985,0
IZB,D,20131031,000000,49.7,49.7,49.7,49.7,5,0
IZB,D,20131104,000000,49.5,49.7,49.5,49.7,895,0
IZB,D,20131105,000000,49.7,54.5,49.7,54,1096,0
IZB,D,20131106,000000,52,52,51.5,51.5,154,0
IZB,D,20131107,000000,50,50.8,50,50.8,502,0
IZB,D,20131108,000000,50,50.5,50,50,1298,0
IZB,D,20131112,000000,51.5,51.5,51.5,51.5,1,0
IZB,D,20131113,000000,51.4,51.4,51.4,51.4,1,0
IZB,D,20131114,000000,51.4,51.4,50,51,102,0
IZB,D,20131115,000000,51,51,50,51,102,0
IZB,D,20131118,000000,50.9,52,50.9,52,541,0
IZB,D,20131119,000000,51.5,51.5,51.5,51.5,1,0
IZB,D,20131120,000000,50.9,53.45,50.9,53.45,535,0
IZB,D,20131121,000000,52,52,51.2,51.5,725,0
IZB,D,20131122,000000,51.45,51.45,51.45,51.45,1,0
IZB,D,20131125,000000,51.2,51.2,51.2,51.2,1,0
IZB,D,20131126,000000,51.2,53.45,50,52.9,2663,0
IZB,D,20131127,000000,51,51.5,51,51.5,748,0
IZB,D,20131128,000000,51.5,51.5,51.5,51.5,298,0
IZB,D,20131129,000000,49.6,52.4,49.51,52,1732,0
IZB,D,20131202,000000,58,58,53,56.5,2040,0
IZB,D,20131203,000000,53,55,51,55,4541,0
IZB,D,20131204,000000,52,52.95,52,52.95,2001,0
IZB,D,20131205,000000,52,52.95,52,52.95,1431,0
IZB,D,20131206,000000,52.95,55.99,52,54,1398,0
IZB,D,20131209,000000,53.5,53.9,53.5,53.9,19,0
IZB,D,20131210,000000,54,54,54,54,30,0
IZB,D,20131211,000000,53.9,59.99,53.45,59.99,4756,0
IZB,D,20131212,000000,64.3,64.3,61,62.5,1688,0
IZB,D,20131213,000000,62,62.9,62,62.9,400,0
IZB,D,20131216,000000,62.85,62.85,62.85,62.85,344,0
IZB,D,20131217,000000,60,64.2,60,63.85,3250,0
IZB,D,20131218,000000,61.1,63.8,58,60.5,1154,0
IZB,D,20131219,000000,60,63.8,59,59,1605,0
IZB,D,20131220,000000,63.49,63.5,62.9,63.5,2018,0
IZB,D,20131223,000000,62.9,62.9,62,62.9,260,0
IZB,D,20131227,000000,62.9,62.9,62.9,62.9,11,0
IZB,D,20131230,000000,62.9,62.9,62.9,62.9,112,0
IZB,D,20140102,000000,62.95,63.8,62.95,63.8,970,0
IZB,D,20140103,000000,63,63,52.5,52.5,320,0
IZB,D,20140107,000000,60.1,60.99,58.2,60.99,2769,0
IZB,D,20140108,000000,60.5,60.5,60.5,60.5,5,0
IZB,D,20140109,000000,61,61,57.3,60.45,136,0
IZB,D,20140110,000000,60.5,60.5,60.5,60.5,1,0
IZB,D,20140113,000000,56.1,60.49,56.1,56.1,710,0
IZB,D,20140114,000000,56.1,58,55.01,58,6326,0
IZB,D,20140115,000000,55.11,58,55.11,58,501,0
IZB,D,20140116,000000,58,62.4,58,62.4,2983,0
IZB,D,20140117,000000,60,62.39,56.8,62,4,0
IZB,D,20140120,000000,61,62.2,60,60,1945,0
IZB,D,20140121,000000,60,60,60,60,10668,0
IZB,D,20140122,000000,60.1,62.19,60.1,62.19,362,0
IZB,D,20140123,000000,61.99,61.99,61,61.88,26,0
IZB,D,20140124,000000,61,61,61,61,405,0
IZB,D,20140127,000000,61.88,61.88,61.88,61.88,1,0
IZB,D,20140128,000000,61.88,61.88,61.87,61.88,151,0
IZB,D,20140129,000000,61.84,61.84,61,61.8,22,0
IZB,D,20140130,000000,61.8,62,61.8,62,1342,0
IZB,D,20140131,000000,61.99,62.19,61.99,62.19,50,0
IZB,D,20140203,000000,62.19,62.19,62.1,62.1,5,0
IZB,D,20140205,000000,60.5,61,60.5,60.6,373,0
IZB,D,20140206,000000,60.6,62,60.6,62,111,0
IZB,D,20140207,000000,62,62.17,61.9,62,622,0
IZB,D,20140210,000000,62,62,62,62,1,0
IZB,D,20140211,000000,62,62,61.9,61.9,119,0
IZB,D,20140212,000000,61.9,62.17,61.9,62.15,570,0
IZB,D,20140213,000000,61.35,62.15,61.23,62.15,101,0
IZB,D,20140214,000000,61.23,62,60.6,60.6,108,0
IZB,D,20140217,000000,61,62,61,62,83,0
IZB,D,20140218,000000,62,62,62,62,1,0
IZB,D,20140219,000000,62,62.15,62,62.14,576,0
IZB,D,20140220,000000,61,61.95,61,61,201,0
IZB,D,20140221,000000,61.01,61.01,60,61,2025,0
IZB,D,20140224,000000,61,61,60.8,60.8,197,0
IZB,D,20140225,000000,61,61.5,61,61.5,1220,0
IZB,D,20140226,000000,61.21,61.9,61,61.9,1071,0
IZB,D,20140227,000000,61.9,61.9,61.05,61.6,55,0
IZB,D,20140228,000000,61.9,61.9,61,61.65,717,0
IZB,D,20140303,000000,61,61,58,59,164,0
IZB,D,20140304,000000,60,61.8,60,61.8,175,0
IZB,D,20140305,000000,61,61.5,61,61.5,3,0
IZB,D,20140306,000000,60.9,61.9,60.9,61.9,555,0
IZB,D,20140307,000000,61,62,61,62,476,0
IZB,D,20140310,000000,62.34,62.34,61,62.34,1369,0
IZB,D,20140311,000000,61.02,61.95,61.01,61.95,1123,0
IZB,D,20140312,000000,61.95,62.3,61,62.3,1406,0
IZB,D,20140313,000000,62,62.34,62,62.34,1026,0
IZB,D,20140314,000000,62.3,62.3,60,62.29,641,0
IZB,D,20140317,000000,62.25,62.9,62.25,62.25,1577,0
IZB,D,20140318,000000,62.4,63,60.1,63,3067,0
IZB,D,20140319,000000,62.9,64.2,62.9,64.2,4227,0
IZB,D,20140320,000000,64.2,64.5,60.61,63.95,3472,0
IZB,D,20140321,000000,63.5,64.2,63.5,64.2,2,0
IZB,D,20140324,000000,64.2,68,64.2,67.9,5904,0
IZB,D,20140325,000000,66.2,67.75,65.5,67.75,240,0
IZB,D,20140326,000000,67.79,67.79,65.11,66.5,1109,0
IZB,D,20140327,000000,65.5,66,65.5,66,2693,0
IZB,D,20140328,000000,67,72.5,67,70.31,7010,0
IZB,D,20140331,000000,71.5,83.4,71.01,77.2,9711,0
IZB,D,20140401,000000,76.9,82,71.22,82,1712,0
IZB,D,20140402,000000,82,82,80.5,81,1479,0
IZB,D,20140403,000000,80,82,80,82,1508,0
IZB,D,20140404,000000,81.9,81.9,81.9,81.9,1502,0
IZB,D,20140407,000000,81.9,81.9,78.51,81.9,201,0
IZB,D,20140408,000000,81.69,81.69,78.51,78.51,825,0
IZB,D,20140409,000000,79,81,79,81,823,0
IZB,D,20140410,000000,80.9,80.9,80.9,80.9,50,0
IZB,D,20140411,000000,77.3,81,77.3,81,4572,0
IZB,D,20140414,000000,78,81,78,81,1338,0
IZB,D,20140415,000000,81,81,78,81,1430,0
IZB,D,20140416,000000,79.9,80.56,79,79.99,636,0
IZB,D,20140417,000000,79.99,79.99,79.99,79.99,137,0
IZB,D,20140422,000000,79,79,79,79,100,0
IZB,D,20140423,000000,79,80.56,79,80.56,1414,0
IZB,D,20140424,000000,80.99,81.89,80.99,81.89,1819,0
IZB,D,20140425,000000,81.89,81.89,81.89,81.89,1,0
IZB,D,20140428,000000,81.6,81.6,80.1,80.1,101,0
IZB,D,20140429,000000,80.11,81.69,80.11,81.69,231,0
IZB,D,20140430,000000,81.69,81.69,79.95,79.95,2000,0
IZB,D,20140502,000000,81.4,81.4,81.4,81.4,1583,0
IZB,D,20140505,000000,81.69,81.69,81.69,81.69,1,0
IZB,D,20140506,000000,81.59,81.59,81.59,81.59,3,0
IZB,D,20140507,000000,81.15,81.15,77,79,909,0
IZB,D,20140508,000000,77.05,79,77,79,2501,0
IZB,D,20140509,000000,78.9,78.9,78.9,78.9,3,0
IZB,D,20140512,000000,78,78,78,78,1,0
IZB,D,20140513,000000,77.2,79,77.2,79,1895,0
IZB,D,20140514,000000,78.49,78.49,78.49,78.49,1,0
IZB,D,20140515,000000,78.48,78.48,77.5,78.09,63,0
IZB,D,20140516,000000,76.2,78.08,76.1,78.08,586,0
IZB,D,20140519,000000,78.08,78.08,78.08,78.08,1,0
IZB,D,20140520,000000,78.07,78.07,78.07,78.07,1,0
IZB,D,20140521,000000,77.07,77.07,77.07,77.07,201,0
IZB,D,20140522,000000,77,77.86,77,77.86,200,0
IZB,D,20140523,000000,77.86,77.86,77.86,77.86,76,0
IZB,D,20140526,000000,74.01,78.07,73.52,78.07,2888,0
IZB,D,20140527,000000,77.5,77.5,77.5,77.5,2,0
IZB,D,20140528,000000,77.5,77.5,75.3,76.9,3500,0
IZB,D,20140529,000000,75.04,78.07,75.04,78.07,2021,0
IZB,D,20140530,000000,76.04,76.04,76.04,76.04,60,0
IZB,D,20140602,000000,76.2,76.25,76.2,76.2,2008,0
IZB,D,20140603,000000,78.88,78.88,76.2,76.6,2559,0
IZB,D,20140604,000000,77.99,77.99,76.6,77.98,680,0
IZB,D,20140605,000000,76.8,76.8,76.01,76.8,331,0
IZB,D,20140606,000000,78,78,76.1,77.86,629,0
IZB,D,20140609,000000,77,77,77,77,1,0
IZB,D,20140610,000000,77.86,77.86,76.47,77.86,141,0
IZB,D,20140611,000000,77,80.5,77,80.5,595,0
IZB,D,20140612,000000,78.54,81.14,78.54,81.14,162,0
IZB,D,20140613,000000,81.13,82.9,80.06,80.5,1318,0
IZB,D,20140616,000000,83.99,83.99,80.22,83.4,836,0
IZB,D,20140617,000000,81.51,82.79,81.51,82.79,109,0
IZB,D,20140618,000000,83.36,83.36,82.5,83.36,191,0
IZB,D,20140620,000000,82,82.05,81.96,81.96,826,0
IZB,D,20140623,000000,81.05,81.89,81.05,81.89,11,0
IZB,D,20140624,000000,82.97,82.97,81.87,81.87,203,0
IZB,D,20140625,000000,81.49,81.5,81.49,81.5,80,0
IZB,D,20140626,000000,81.5,81.5,81.5,81.5,120,0
IZB,D,20140627,000000,80.9,81.5,80.9,81.5,192,0
IZB,D,20140630,000000,80.8,81.5,80,81.5,1330,0
IZB,D,20140701,000000,81.5,85,81.5,85,236,0
IZB,D,20140702,000000,84.9,86,82,82,903,0
IZB,D,20140703,000000,87.4,87.5,82.47,86.9,173,0
IZB,D,20140704,000000,85.9,86.9,85.9,86.9,75,0
IZB,D,20140707,000000,83.11,85.4,82.1,85.3,142,0
IZB,D,20140708,000000,85,85,83,83,119,0
IZB,D,20140709,000000,84,84,80,82.3,328,0
IZB,D,20140710,000000,81.8,81.8,81.8,81.8,1,0
IZB,D,20140711,000000,78,81.4,77.9,81.4,148,0
IZB,D,20140714,000000,77,79.9,77,79.9,51,0
IZB,D,20140716,000000,76.5,79.89,74.29,79.89,361,0
IZB,D,20140717,000000,79.85,79.85,79.85,79.85,1,0
IZB,D,20140718,000000,79.85,79.85,79.85,79.85,114,0
IZB,D,20140721,000000,79.85,79.85,79.85,79.85,100,0
IZB,D,20140722,000000,79.79,79.79,79.79,79.79,100,0
IZB,D,20140723,000000,79.64,79.64,79.63,79.64,126,0
IZB,D,20140724,000000,79.6,79.6,78.6,79.47,79,0
IZB,D,20140725,000000,79.39,79.39,79.39,79.39,1,0
IZB,D,20140728,000000,76.11,79.18,75.35,79.17,614,0
IZB,D,20140729,000000,77.4,79,77,78.48,421,0
IZB,D,20140730,000000,77,77.5,75.5,77.4,168,0
IZB,D,20140731,000000,76,77.39,76,77.35,42,0
IZB,D,20140801,000000,76.97,76.97,76,76,110,0
IZB,D,20140804,000000,75.5,76.7,74,76.44,285,0
IZB,D,20140805,000000,76,76,71.1,76,830,0
IZB,D,20140806,000000,76.42,76.42,75.35,75.35,83,0
IZB,D,20140807,000000,74,75.49,74,75.49,87,0
IZB,D,20140808,000000,72.1,74,72.1,73.97,121,0
IZB,D,20140811,000000,73.97,73.97,71,73.27,375,0
IZB,D,20140812,000000,70.1,73.2,70.1,73.15,220,0
IZB,D,20140813,000000,72,72,70,70,410,0
IZB,D,20140814,000000,71,71,71,71,35,0
IZB,D,20140818,000000,70.98,71.79,70,71.78,266,0
IZB,D,20140819,000000,72.79,73.49,69,72.99,60,0
IZB,D,20140820,000000,73.29,73.29,73.27,73.27,6,0
IZB,D,20140821,000000,67.68,72.2,67.68,72.2,121,0
IZB,D,20140822,000000,72.09,72.09,72.09,72.09,1,0
IZB,D,20140825,000000,68,70.99,65.3,69,6081,0
IZB,D,20140826,000000,69,70.5,69,70.49,1180,0
IZB,D,20140827,000000,70.49,70.49,67.2,67.2,544,0
IZB,D,20140828,000000,70.2,70.2,65,67,1035,0
IZB,D,20140829,000000,66,67,65,65.01,2205,0
IZB,D,20140901,000000,67,67,65,65,334,0
IZB,D,20140902,000000,65,65,65,65,354,0
IZB,D,20140903,000000,65.1,67,65,67,636,0
IZB,D,20140904,000000,65,66.2,64.05,64.05,747,0
IZB,D,20140905,000000,64.1,68.5,63.5,64.1,794,0
IZB,D,20140908,000000,64.2,67.39,63.5,63.5,806,0
IZB,D,20140909,000000,63.55,66,63.5,66,2212,0
IZB,D,20140910,000000,68.8,68.8,63.55,67,2051,0
IZB,D,20140911,000000,63.6,66,63.5,66,2667,0
IZB,D,20140912,000000,65,65,65,65,20,0
IZB,D,20140915,000000,67,67,62,65.9,2365,0
IZB,D,20140916,000000,62.5,64.9,62,64.8,662,0
IZB,D,20140917,000000,61.65,64.85,61.4,63,3366,0
IZB,D,20140918,000000,62,63.8,62,62.3,2918,0
IZB,D,20140919,000000,61.6,65,61.5,65,379,0
IZB,D,20140922,000000,66.8,69.95,66.8,69.95,69,0
IZB,D,20140923,000000,69.95,70.5,69,70.5,411,0
IZB,D,20140924,000000,70.14,74,70,74,1066,0
IZB,D,20140925,000000,74.3,74.3,70,72.99,231,0
IZB,D,20140926,000000,71.9,73,71.9,73,154,0
IZB,D,20140929,000000,71.4,71.4,71.4,71.4,1,0
IZB,D,20140930,000000,70.1,71.4,70.1,71.4,22,0
IZB,D,20141001,000000,69,72.8,67.01,72.75,287,0
IZB,D,20141002,000000,72.5,72.5,72.5,72.5,1,0
IZB,D,20141003,000000,72.4,72.4,72.4,72.4,1,0
IZB,D,20141006,000000,72.4,72.5,72.4,72.5,500,0
IZB,D,20141007,000000,72.45,72.45,72.45,72.45,1,0
IZB,D,20141008,000000,72.45,72.45,70,70.9,800,0
IZB,D,20141009,000000,70,70.85,70,70,945,0
IZB,D,20141010,000000,69,70,67.01,70,1685,0
IZB,D,20141013,000000,68.52,68.52,65.8,67.69,1784,0
IZB,D,20141014,000000,65.4,68,65.25,68,439,0
IZB,D,20141015,000000,65.55,67.95,65.55,67.95,101,0
IZB,D,20141016,000000,68,68,68,68,1,0
IZB,D,20141017,000000,68,68,67,67,50,0
IZB,D,20141020,000000,67,67,67,67,1,0
IZB,D,20141021,000000,67.99,68,65.75,68,1283,0
IZB,D,20141022,000000,68,68,68,68,1,0
IZB,D,20141023,000000,66,70,66,70,832,0
IZB,D,20141024,000000,70,70,68,68,205,0
IZB,D,20141027,000000,66,69.9,65.9,69.9,101,0
IZB,D,20141028,000000,67,67,66,66,120,0
IZB,D,20141029,000000,68,68,63.1,64,484,0
IZB,D,20141030,000000,64,65,63.5,65,455,0
IZB,D,20141031,000000,65,67.89,64,67.89,164,0
IZB,D,20141103,000000,65,65,63,63.9,303,0
IZB,D,20141104,000000,62.6,64,62.5,63.9,730,0
IZB,D,20141105,000000,64,64,63,63,130,0
IZB,D,20141106,000000,63.5,65.99,63.5,65.9,5016,0
IZB,D,20141107,000000,65.85,65.85,63.5,64.4,111,0
IZB,D,20141110,000000,65.85,65.85,65.85,65.85,1,0
IZB,D,20141112,000000,63.8,64.9,63.5,64.9,194,0
IZB,D,20141113,000000,63.7,65,63.7,65,82,0
IZB,D,20141114,000000,65,65,65,65,1,0
IZB,D,20141117,000000,65,65,65,65,26,0
IZB,D,20141118,000000,65,65.85,65,65.85,817,0
IZB,D,20141119,000000,65.85,65.85,65.5,65.84,335,0
IZB,D,20141120,000000,65.84,66,65.84,65.95,4035,0
IZB,D,20141121,000000,65.95,65.95,65.95,65.95,235,0
IZB,D,20141124,000000,65.9,65.9,65.9,65.9,151,0
IZB,D,20141125,000000,65,65,64.3,64.3,1009,0
IZB,D,20141126,000000,64.5,64.5,64.5,64.5,400,0
IZB,D,20141127,000000,65,65.95,65,65.95,64,0
IZB,D,20141128,000000,65.95,65.95,65.95,65.95,1,0
IZB,D,20141201,000000,65.5,68.1,65.5,68.1,941,0
IZB,D,20141202,000000,66.6,66.66,65.5,66.6,1659,0
IZB,D,20141203,000000,66,66.5,66,66.5,301,0
IZB,D,20141204,000000,65.2,65.2,65.2,65.2,200,0
IZB,D,20141205,000000,65.15,65.2,64,65.2,97,0
IZB,D,20141208,000000,65.2,67,64.05,67,837,0
IZB,D,20141209,000000,67,67,67,67,1,0
IZB,D,20141210,000000,64,65.95,63.55,64,2125,0
IZB,D,20141211,000000,63.55,65.9,63.5,65.9,1565,0
IZB,D,20141212,000000,63.55,63.55,60.2,61.49,1354,0
IZB,D,20141215,000000,60.1,62,59,61.98,587,0
IZB,D,20141216,000000,61.94,65,61.94,64.88,1810,0
IZB,D,20141217,000000,63.43,63.43,61,62.99,123,0
IZB,D,20141218,000000,61,63.43,61,63.43,429,0
IZB,D,20141219,000000,62.01,63.39,61.5,62.93,720,0
IZB,D,20141222,000000,62.94,62.94,62.94,62.94,20,0
IZB,D,20141223,000000,62.94,62.94,62.94,62.94,48,0
IZB,D,20141229,000000,62.5,62.5,62.5,62.5,17,0
IZB,D,20141230,000000,62.5,62.5,62.5,62.5,16,0
IZB,D,20150105,000000,63.93,63.93,63,63,509,0
IZB,D,20150107,000000,63.92,65.8,63,63,823,0
IZB,D,20150108,000000,64.11,64.2,64.11,64.2,2,0
IZB,D,20150109,000000,63.1,64.99,63,63.98,426,0
IZB,D,20150112,000000,63.98,63.98,63.98,63.98,21,0
IZB,D,20150113,000000,65,65.8,65,65.8,182,0
IZB,D,20150114,000000,65.8,65.8,65.1,65.1,128,0
IZB,D,20150115,000000,64,64,63.99,63.99,64,0
IZB,D,20150119,000000,63,63,63,63,1,0
IZB,D,20150121,000000,62.99,63.9,62.99,63.9,166,0
IZB,D,20150127,000000,65,65,64.05,65,189,0
IZB,D,20150128,000000,65,65,65,65,1,0
IZB,D,20150129,000000,64.05,64.05,64.05,64.05,32,0
IZB,D,20150202,000000,64,64,64,64,8,0
IZB,D,20150204,000000,63,64.05,62,64.05,271,0
IZB,D,20150205,000000,64,68,64,68,443,0
IZB,D,20150209,000000,67.33,67.33,67.33,67.33,16,0
IZB,D,20150210,000000,67.33,67.9,67.33,67.9,21,0
IZB,D,20150211,000000,65.5,65.5,64,64,532,0
IZB,D,20150212,000000,65,65,65,65,5,0
IZB,D,20150213,000000,63.5,64,63,64,600,0
IZB,D,20150216,000000,62,62,62,62,9,0
IZB,D,20150217,000000,61.5,63.89,61.45,63.89,375,0
IZB,D,20150218,000000,62.5,62.5,62.5,62.5,452,0
IZB,D,20150219,000000,63,63,62,62,179,0
IZB,D,20150220,000000,62,64,62,64,284,0
IZB,D,20150223,000000,63.9,65,63.9,65,332,0
IZB,D,20150224,000000,64.78,67.08,64,67.08,4404,0
IZB,D,20150225,000000,64,66,64,66,300,0
IZB,D,20150226,000000,66,66,64,64,140,0
IZB,D,20150227,000000,65.99,66,65.99,66,215,0
IZB,D,20150302,000000,66,66,60,63.9,445,0
IZB,D,20150304,000000,63.9,63.9,63.9,63.9,32,0
IZB,D,20150305,000000,64,64,64,64,80,0
IZB,D,20150306,000000,65,66.95,65,66.95,318,0
IZB,D,20150309,000000,67.9,68,67.5,68,1340,0
IZB,D,20150310,000000,69,73,69,71.1,738,0
IZB,D,20150311,000000,71.1,75,69,75,354,0
IZB,D,20150312,000000,74,75.5,74,75.5,3904,0
IZB,D,20150313,000000,75,76,72,72,599,0
IZB,D,20150316,000000,72.2,73,72.2,73,10811,0
IZB,D,20150317,000000,73.5,77,73.5,76,2020,0
IZB,D,20150318,000000,77.1,82,77.1,79.62,13192,0
IZB,D,20150319,000000,81.8,92,78.6,92,10734,0
IZB,D,20150320,000000,90.1,93,88,90,7298,0
IZB,D,20150323,000000,90,90.45,87.07,89,951,0
IZB,D,20150324,000000,87.1,90,87.1,88.5,7369,0
IZB,D,20150325,000000,90,92,90,91.8,649,0
IZB,D,20150326,000000,92.99,94,91.6,94,978,0
IZB,D,20150327,000000,94,96.95,93.9,96,2753,0
IZB,D,20150330,000000,96.6,96.85,95.5,96.85,3059,0
IZB,D,20150331,000000,93.1,96,93.1,96,4,0
IZB,D,20150401,000000,96.99,96.99,86,91,4189,0
IZB,D,20150402,000000,94.99,97,90,96,8156,0
IZB,D,20150407,000000,95.99,95.99,95.98,95.98,21,0
IZB,D,20150408,000000,95,96.95,95,96.95,635,0
IZB,D,20150409,000000,93,96,93,96,2,0
IZB,D,20150413,000000,95.85,95.85,95.8,95.85,283,0
IZB,D,20150414,000000,95.8,96.5,92.62,96.5,406,0
IZB,D,20150415,000000,96.5,96.75,96.5,96.75,227,0
IZB,D,20150416,000000,96.7,96.75,95.85,96.75,367,0
IZB,D,20150420,000000,96.9,96.9,96.9,96.9,5,0
IZB,D,20150421,000000,96.7,96.7,96.7,96.7,32,0
IZB,D,20150422,000000,96.65,96.95,96.2,96.95,198,0
IZB,D,20150423,000000,96.95,96.95,96.7,96.7,132,0
IZB,D,20150424,000000,100,110,96.75,100.95,410,0
IZB,D,20150427,000000,96,100.4,95,100.4,106,0
IZB,D,20150428,000000,100.5,100.5,97.5,99.6,201,0
IZB,D,20150429,000000,98.7,98.7,98.7,98.7,22,0
IZB,D,20150430,000000,101.5,101.5,98.7,100,110,0
IZB,D,20150504,000000,100,101,100,101,313,0
IZB,D,20150505,000000,101,101.5,101,101.45,626,0
IZB,D,20150506,000000,102.65,102.65,101,102.65,20,0
IZB,D,20150507,000000,102.7,108,102.7,108,898,0
IZB,D,20150508,000000,109,116.6,109,115,1718,0
IZB,D,20150511,000000,114.95,117.95,114,114,944,0
IZB,D,20150512,000000,115,115,110.05,110.05,701,0
IZB,D,20150513,000000,111.95,111.95,107,109,918,0
IZB,D,20150514,000000,107,114.95,106,110,1249,0
IZB,D,20150515,000000,111.65,115,110,115,500,0
IZB,D,20150518,000000,114,114,109,112.5,470,0
IZB,D,20150519,000000,108.1,109.45,107,107,594,0
IZB,D,20150520,000000,106.9,111.3,100.5,111.3,1606,0
IZB,D,20150521,000000,105,111.2,105,111.2,1246,0
IZB,D,20150522,000000,110.5,110.5,108,110.4,205,0
IZB,D,20150525,000000,110,110.4,105.2,108,402,0
IZB,D,20150526,000000,108,108.9,102.5,107,3368,0
IZB,D,20150527,000000,102.55,108.95,102.55,104.3,90,0
IZB,D,20150528,000000,106,106,105,105,244,0
IZB,D,20150529,000000,102.8,107,102.8,106.95,364,0
IZB,D,20150601,000000,108,108,108,108,16,0
IZB,D,20150602,000000,107,107,103.5,107,42,0
IZB,D,20150603,000000,108,108,100.2,104,466,0
IZB,D,20150605,000000,100.3,106.2,100,106.2,152,0
IZB,D,20150608,000000,105,109,102,108,778,0
IZB,D,20150609,000000,111.5,115,109,109,1334,0
IZB,D,20150610,000000,111,113,110.05,113,569,0
IZB,D,20150611,000000,114.75,114.75,110.05,110.05,104,0
IZB,D,20150612,000000,107,108,107,107,57,0
IZB,D,20150615,000000,107,107.1,107,107,63,0
IZB,D,20150616,000000,109,109,109,109,4,0
IZB,D,20150617,000000,105.1,109.8,105.1,109.8,51,0
IZB,D,20150618,000000,109.5,109.5,109.5,109.5,3,0
IZB,D,20150619,000000,108.95,113.8,108.95,113.8,3789,0
IZB,D,20150622,000000,111,111,107.5,110,81,0
IZB,D,20150623,000000,109,109,107.5,107.5,120,0
IZB,D,20150624,000000,107.5,109.45,107.1,108.95,53,0
IZB,D,20150625,000000,109.8,109.8,109,109,3,0
IZB,D,20150626,000000,108.8,108.8,106,108.65,106,0
IZB,D,20150629,000000,100,108.5,100,107.85,203,0
IZB,D,20150701,000000,107.1,107.1,107.1,107.1,46,0
IZB,D,20150702,000000,106.85,106.85,106.7,106.7,13,0
IZB,D,20150703,000000,106,106,100,105.7,211,0
IZB,D,20150706,000000,105,105,95.1,104.95,212,0
IZB,D,20150708,000000,102.5,103.5,102.5,103.5,76,0
IZB,D,20150709,000000,103.3,103.3,101,102.9,137,0
IZB,D,20150710,000000,100,102.85,100,102.55,107,0
IZB,D,20150713,000000,101.95,103,100,103,1134,0
IZB,D,20150714,000000,103,103.3,103,103.2,313,0
IZB,D,20150715,000000,103.15,103.15,100,103.1,613,0
IZB,D,20150716,000000,103.45,107,103.25,105.3,1153,0
IZB,D,20150717,000000,104.6,104.6,103.1,104.5,166,0
IZB,D,20150720,000000,104.05,104.9,103.9,104.2,591,0
IZB,D,20150721,000000,104.2,104.2,103.2,103.2,1115,0
IZB,D,20150722,000000,103.2,103.5,101,101,460,0
IZB,D,20150723,000000,100.15,102.85,100,102.85,565,0
IZB,D,20150724,000000,102,102,99.02,101.9,86,0
IZB,D,20150727,000000,101.85,101.85,98.1,101.5,101,0
IZB,D,20150728,000000,101.5,101.5,98.05,100,142,0
IZB,D,20150729,000000,101.4,101.4,101.2,101.2,7,0
IZB,D,20150730,000000,99.98,99.99,93.5,99.99,419,0
IZB,D,20150731,000000,99.99,100.25,99.99,100.25,16,0
IZB,D,20150803,000000,99,100,99,100,84,0
IZB,D,20150804,000000,100.15,100.15,99.5,99.5,83,0
IZB,D,20150805,000000,100,100.9,99.2,100.9,261,0
IZB,D,20150806,000000,100.5,100.5,100.4,100.4,63,0
IZB,D,20150807,000000,100.4,100.75,100.3,100.75,306,0
IZB,D,20150810,000000,100.2,100.7,97.25,100.7,312,0
IZB,D,20150811,000000,100.7,100.8,100.7,100.8,41,0
IZB,D,20150812,000000,99,100.45,96.15,96.15,584,0
IZB,D,20150813,000000,100.45,100.45,96.25,99.9,37,0
IZB,D,20150814,000000,99.88,99.88,98.99,98.99,11,0
IZB,D,20150817,000000,98.99,99,98.99,99,30,0
IZB,D,20150818,000000,98,98,95.65,95.65,52,0
IZB,D,20150819,000000,95.7,99,95.7,99,125,0
IZB,D,20150820,000000,96.2,98.9,96.2,98.9,278,0
IZB,D,20150821,000000,98,100,98,98,1509,0
IZB,D,20150824,000000,98,98,91,91.1,1989,0
IZB,D,20150825,000000,91.37,93.5,91.01,93,761,0
IZB,D,20150826,000000,94.5,94.5,94.5,94.5,465,0
IZB,D,20150827,000000,97.9,97.9,94.6,97.9,82,0
IZB,D,20150828,000000,98,98,96.01,96.01,659,0
IZB,D,20150831,000000,96,101.4,96,101.4,375,0
IZB,D,20150901,000000,101,101,95,100,447,0
IZB,D,20150902,000000,96.5,101,96.5,100.05,463,0
IZB,D,20150903,000000,101.75,110.4,101,106.2,3344,0
IZB,D,20150904,000000,110,112,107.35,111.55,6436,0
IZB,D,20150907,000000,111.55,111.55,110,110,1057,0
IZB,D,20150908,000000,110.5,111.45,109.95,110.4,1870,0
IZB,D,20150909,000000,111.35,111.8,109.5,109.5,1061,0
IZB,D,20150910,000000,110,111.8,108,111.55,559,0
IZB,D,20150911,000000,111.8,111.8,110,110,696,0
IZB,D,20150914,000000,109,112,108.3,110,3183,0
IZB,D,20150915,000000,109.5,111.9,109.5,111.9,1117,0
IZB,D,20150916,000000,111.4,114.35,111.4,114.35,1052,0
IZB,D,20150917,000000,114.5,117.5,114.5,117.5,849,0
IZB,D,20150918,000000,117.5,120,117.5,120,3387,0
IZB,D,20150921,000000,119,129,119,125,526,0
IZB,D,20150922,000000,121,125.8,115.7,115.7,1688,0
IZB,D,20150923,000000,114.8,114.8,108.25,109.9,7698,0
IZB,D,20150924,000000,108.2,113.95,108,108,1572,0
IZB,D,20150925,000000,108.3,108.3,105.5,108.15,2040,0
IZB,D,20150928,000000,108.1,108.1,98,99.7,5808,0
IZB,D,20150929,000000,99,102.3,99,102.3,681,0
IZB,D,20150930,000000,103.7,109,103.7,108,1013,0
IZB,D,20151001,000000,108,108,107.95,107.95,70,0
IZB,D,20151002,000000,107,107,107,107,6,0
IZB,D,20151005,000000,104,108.9,104,108.9,51,0
IZB,D,20151006,000000,105.9,108.7,105.9,108.6,36,0
IZB,D,20151007,000000,106.6,106.6,105.5,106.5,29,0
IZB,D,20151008,000000,105.5,106.9,105.5,106.9,3,0
IZB,D,20151009,000000,106.5,107,106.5,107,307,0
IZB,D,20151012,000000,107,108.5,107,108.5,301,0
IZB,D,20151013,000000,108.5,108.5,108.5,108.5,6,0
IZB,D,20151014,000000,107.5,112,105.5,111.8,10958,0
IZB,D,20151015,000000,111.95,112,110,110,191,0
IZB,D,20151016,000000,110,114.6,110,114.6,277,0
IZB,D,20151019,000000,115,115,113,115,1340,0
IZB,D,20151020,000000,115,117,115,117,165,0
IZB,D,20151021,000000,118.95,121.85,118.95,119.9,1276,0
IZB,D,20151022,000000,119.1,119.1,117,118.5,329,0
IZB,D,20151023,000000,119.95,120,117.6,120,604,0
IZB,D,20151026,000000,120,120,119.7,119.7,11,0
IZB,D,20151027,000000,119.7,133.45,119.7,133.45,6114,0
IZB,D,20151028,000000,133,135.4,129.5,131.85,191,0
IZB,D,20151029,000000,131.75,131.75,129,131.45,270,0
IZB,D,20151030,000000,131.45,139.95,129,135,1405,0
IZB,D,20151102,000000,135.1,139.45,135,136.9,537,0
IZB,D,20151103,000000,137.8,137.8,125,132,567,0
IZB,D,20151104,000000,123.6,133.4,123.6,133.4,123,0
IZB,D,20151105,000000,130,136,130,136,425,0
IZB,D,20151106,000000,136,142.9,136,142.9,19351,0
IZB,D,20151109,000000,141.5,148.9,140,146,6350,0
IZB,D,20151110,000000,146,155.7,146,155.7,2695,0
IZB,D,20151112,000000,155.2,155.2,148,151.95,2125,0
IZB,D,20151113,000000,151.85,151.85,147,151.85,587,0
IZB,D,20151116,000000,150,150,142,149.5,576,0
IZB,D,20151117,000000,149,149,148.95,149,100,0
IZB,D,20151118,000000,148.9,149,147.05,147.05,360,0
IZB,D,20151119,000000,148,150,142,142,336,0
IZB,D,20151120,000000,147.6,149,147.6,149,54,0
IZB,D,20151123,000000,150,150,143.1,144.6,112,0
IZB,D,20151124,000000,141,143.5,135.1,139.5,1581,0
IZB,D,20151125,000000,139.5,139.5,139.5,139.5,5,0
IZB,D,20151126,000000,144.5,144.5,135.4,143.8,3265,0
IZB,D,20151127,000000,140,150,140,149.5,1000,0
IZB,D,20151130,000000,149.7,149.85,143,149.8,541,0
IZB,D,20151201,000000,149.8,149.8,145.1,145.3,68,0
IZB,D,20151202,000000,145.3,148.6,140.65,148,513,0
IZB,D,20151203,000000,148.9,160,148,150.1,8435,0
IZB,D,20151204,000000,156.5,156.5,156.3,156.5,52,0
IZB,D,20151207,000000,158.6,158.6,152,156.25,970,0
IZB,D,20151208,000000,155.7,155.7,155.7,155.7,6,0
IZB,D,20151209,000000,156,156,143,143,421,0
IZB,D,20151210,000000,143,152,143,152,186,0
IZB,D,20151211,000000,150,152,143.2,152,303,0
IZB,D,20151214,000000,150,150,150,150,100,0
IZB,D,20151215,000000,149.9,150,149.8,150,879,0
IZB,D,20151216,000000,149,149,148,148.95,122,0
IZB,D,20151217,000000,148.7,150,148,150,1742,0
IZB,D,20151218,000000,150,150,148,148,790,0
IZB,D,20151221,000000,148,151.75,148,150.5,18975,0
IZB,D,20151222,000000,151.75,157.8,151.75,157.7,616,0
IZB,D,20151223,000000,154.5,155.85,153,155.85,715,0
IZB,D,20151228,000000,155.8,155.8,155.8,155.8,35,0
IZB,D,20151229,000000,155.8,155.8,155.8,155.8,219,0
IZB,D,20151230,000000,152.1,155.8,150,153.4,1116,0
IZB,D,20160104,000000,153.55,153.55,140.2,147.8,681,0
IZB,D,20160105,000000,147.7,147.7,147.6,147.65,91,0
IZB,D,20160107,000000,145.65,145.65,145.65,145.65,2,0
IZB,D,20160108,000000,145.65,145.65,142.3,142.3,98,0
IZB,D,20160111,000000,144.3,144.3,142.7,142.7,9,0
IZB,D,20160112,000000,143,144.2,143,143.7,163,0
IZB,D,20160113,000000,144.15,148.95,130.2,148,388,0
IZB,D,20160114,000000,145,145,142,143,1152,0
IZB,D,20160115,000000,140,143.7,140,143.7,576,0
IZB,D,20160118,000000,143.7,143.7,134.9,136,2898,0
IZB,D,20160119,000000,140,140,135.1,138,241,0
IZB,D,20160120,000000,135.3,140,131.9,136,1230,0
IZB,D,20160121,000000,137,144.9,137,144.9,219,0
IZB,D,20160122,000000,144.9,144.95,144,144.95,248,0
IZB,D,20160125,000000,140.3,144.6,140.3,141,38,0
IZB,D,20160126,000000,141,144.9,141,144.9,73,0
IZB,D,20160127,000000,144.9,145,144.85,144.85,205,0
IZB,D,20160129,000000,145,149,145,149,6103,0
IZB,D,20160201,000000,149,150,147,149.9,49,0
IZB,D,20160202,000000,148,152.6,148,152.6,577,0
IZB,D,20160203,000000,152.55,153,152.55,153,516,0
IZB,D,20160204,000000,153.2,154,145,152.95,448,0
IZB,D,20160205,000000,153.95,154,153.95,154,300,0
IZB,D,20160208,000000,153.7,158,150,154,2218,0
IZB,D,20160209,000000,153,160,153,160,297,0
IZB,D,20160210,000000,158,159,155,159,138,0
IZB,D,20160211,000000,155,159,150,154.9,1251,0
IZB,D,20160212,000000,151.7,154.8,150,150,24,0
IZB,D,20160215,000000,147.6,150.25,147.6,150,170,0
IZB,D,20160216,000000,147.2,154,147.2,154,23,0
IZB,D,20160217,000000,157.4,159.4,157,157.5,642,0
IZB,D,20160218,000000,158,158,158,158,1,0
IZB,D,20160219,000000,159,159,158,158.9,982,0
IZB,D,20160222,000000,158,158,156.4,157,252,0
IZB,D,20160223,000000,156,157,152.5,156.9,105,0
IZB,D,20160224,000000,156.8,156.8,155,156.8,33,0
IZB,D,20160225,000000,156,157,156,156.7,195,0
IZB,D,20160226,000000,157,158.05,157,158.05,186,0
IZB,D,20160229,000000,158,158,158,158,2,0
IZB,D,20160301,000000,156,158,154,158,88,0
IZB,D,20160302,000000,158,158,158,158,52,0
IZB,D,20160303,000000,158,165,158,164.7,416,0
IZB,D,20160304,000000,164.7,169.7,161.15,168,506,0
IZB,D,20160307,000000,172.5,174.6,168,169.9,788,0
IZB,D,20160308,000000,170,170,164.95,164.95,2829,0
IZB,D,20160309,000000,165.3,165.3,159,159.9,350,0
IZB,D,20160310,000000,159.8,159.8,150,152,1036,0
IZB,D,20160311,000000,150.05,154.5,150.05,152.5,2980,0
IZB,D,20160314,000000,153,154.5,152,154.2,1011,0
IZB,D,20160315,000000,154.3,154.3,150,152.25,4734,0
IZB,D,20160316,000000,152.25,152.25,150.6,151.85,93,0
IZB,D,20160317,000000,150.6,152.8,150,152.45,445,0
IZB,D,20160318,000000,153,153,147,150,75,0
IZB,D,20160321,000000,150,154.9,150,154.9,3724,0
IZB,D,20160322,000000,155.8,162.4,155,156.1,2629,0
IZB,D,20160323,000000,159.5,162.4,159.5,162.4,4760,0
IZB,D,20160324,000000,164,164.35,161,164.05,1296,0
IZB,D,20160329,000000,164.2,165.5,161,164.8,927,0
IZB,D,20160330,000000,161.1,164.7,161.1,164.45,754,0
IZB,D,20160331,000000,163.5,177.95,163.35,170,1986,0
IZB,D,20160401,000000,170,174.8,170,174.8,105,0
IZB,D,20160404,000000,175.9,175.9,170,170,191,0
IZB,D,20160405,000000,170,170,170,170,1,0
IZB,D,20160406,000000,170,170,169.9,169.95,143,0
IZB,D,20160407,000000,168,168,167.95,167.95,143,0
IZB,D,20160408,000000,169.95,169.95,169.75,169.75,16,0
IZB,D,20160411,000000,169.95,169.95,162.1,162.5,268,0
IZB,D,20160412,000000,162.5,162.5,161.2,161.2,67,0
IZB,D,20160413,000000,161.2,168,161.2,167.45,96,0
IZB,D,20160414,000000,168.95,169.95,168.95,169.95,706,0
IZB,D,20160415,000000,169.95,170.95,165,165,6179,0
IZB,D,20160418,000000,165,169.85,163.05,169.85,531,0
IZB,D,20160419,000000,167,169,167,168,202,0
IZB,D,20160420,000000,168,168,165.2,168,80,0
IZB,D,20160421,000000,168,168,168,168,94,0
IZB,D,20160422,000000,168.2,169,164,167.95,513,0
IZB,D,20160425,000000,167.95,170.95,167.95,169,295,0
IZB,D,20160426,000000,170,170.95,167,169.5,922,0
IZB,D,20160427,000000,170.95,170.95,165,165,707,0
IZB,D,20160428,000000,165,169.9,165,167.95,44,0
IZB,D,20160429,000000,167.95,169.45,166.45,169.45,176,0
IZB,D,20160502,000000,169.4,169.4,164,169.4,339,0
IZB,D,20160504,000000,164.05,169.4,163,169.4,43,0
IZB,D,20160505,000000,165,169.3,165,169.3,98,0
IZB,D,20160506,000000,169.2,169.2,164,167.9,173,0
IZB,D,20160509,000000,167.85,167.85,167.85,167.85,10,0
IZB,D,20160510,000000,167.95,167.95,167.9,167.95,91,0
IZB,D,20160511,000000,167.7,168,167.5,168,84,0
IZB,D,20160512,000000,167,168,167,167.1,238,0
IZB,D,20160513,000000,166.5,167.95,166.5,167.95,22,0
IZB,D,20160516,000000,167.95,169.95,167,169.95,601,0
IZB,D,20160517,000000,169,169.95,167,169.95,562,0
IZB,D,20160518,000000,169.95,177.9,169.95,177.8,6759,0
IZB,D,20160519,000000,179,179,175,175,3304,0
IZB,D,20160520,000000,177,178,176,176,138,0
IZB,D,20160523,000000,173,178,173,178,160,0
IZB,D,20160524,000000,178,178,173,175,532,0
IZB,D,20160525,000000,176,176,176,176,13,0
IZB,D,20160527,000000,176.5,177.9,175,175,146,0
IZB,D,20160530,000000,176,176,173,174,20,0
IZB,D,20160531,000000,173,177.9,172.6,177.9,307,0
IZB,D,20160601,000000,175.5,175.5,165.1,174.95,421,0
IZB,D,20160602,000000,169.1,176,169.1,175,4845,0
IZB,D,20160603,000000,179,179,172.05,172.05,109,0
IZB,D,20160606,000000,175.9,176,175.9,176,60,0
IZB,D,20160607,000000,175,176,175,176,182,0
IZB,D,20160608,000000,174,176,174,176,55,0
IZB,D,20160609,000000,173.05,176,171,176,13306,0
IZB,D,20160610,000000,170.55,176,170.55,176,269,0
IZB,D,20160613,000000,176,176,176,176,522,0
IZB,D,20160614,000000,174,174,174,174,25,0
IZB,D,20160615,000000,170,173,170,173,25,0
IZB,D,20160616,000000,169,169,168,168,164,0
IZB,D,20160617,000000,165.1,165.5,161.1,162,216,0
IZB,D,20160620,000000,171,171,160.1,162.1,424,0
IZB,D,20160621,000000,162.1,167.9,162.1,166,62,0
IZB,D,20160622,000000,163.1,169.9,163.1,166,68,0
IZB,D,20160623,000000,165,168.8,162.1,164.05,2727,0
IZB,D,20160624,000000,163.9,164,157.5,164,1613,0
IZB,D,20160627,000000,163,163.9,163,163.9,152,0
IZB,D,20160628,000000,163.95,165.9,163.95,165.9,18,0
IZB,D,20160629,000000,165.9,176,165.9,172,180,0
IZB,D,20160630,000000,172,189,171.5,176.2,700,0
IZB,D,20160701,000000,175,175,167.5,168,453,0
IZB,D,20160704,000000,168,168,168,168,104,0
IZB,D,20160705,000000,168,168,162.1,168,200,0
IZB,D,20160706,000000,170,170,164.5,167,46,0
IZB,D,20160707,000000,168.8,168.95,164.6,168.95,29,0
IZB,D,20160708,000000,168,168.9,168,168.9,38,0
IZB,D,20160711,000000,165.5,168,162.5,168,286,0
IZB,D,20160713,000000,168,168,166,166,45,0
IZB,D,20160714,000000,164,170.8,164,170.8,81,0
IZB,D,20160715,000000,166,170.7,165.5,170.7,253,0
IZB,D,20160718,000000,169.9,169.9,164.1,164.5,268,0
IZB,D,20160719,000000,166.8,169.75,166.8,169.75,15,0
IZB,D,20160720,000000,165.5,169.7,165.5,169.7,19,0
IZB,D,20160721,000000,169.7,169.7,165.5,169.55,69,0
IZB,D,20160722,000000,167,169.9,167,169.85,153,0
IZB,D,20160725,000000,169,169,167.9,167.9,13,0
IZB,D,20160726,000000,168,169.5,167,167,234,0
IZB,D,20160727,000000,167,169,167,167,62,0
IZB,D,20160728,000000,166.15,168.85,158.6,160.05,2333,0
IZB,D,20160729,000000,161.8,162.9,160.2,162,2533,0
IZB,D,20160801,000000,168.8,168.8,160,165.8,466,0
IZB,D,20160802,000000,163.3,165.5,163,165.5,195,0
IZB,D,20160803,000000,164,164,162,163.9,173,0
IZB,D,20160805,000000,163.9,163.9,163,163,113,0
IZB,D,20160808,000000,162,164.4,162,164.4,234,0
IZB,D,20160809,000000,164.35,167.75,162.2,167.75,323,0
IZB,D,20160810,000000,165.85,165.85,162.5,165.05,529,0
IZB,D,20160812,000000,165.1,165.1,162.5,164,2626,0
IZB,D,20160816,000000,165,167.75,163.95,165,2330,0
IZB,D,20160817,000000,166.95,166.95,164,165,523,0
IZB,D,20160818,000000,168.8,178,168.8,177,4076,0
IZB,D,20160819,000000,177,178,172.15,178,1919,0
IZB,D,20160822,000000,179.4,185,179.4,180,3452,0
IZB,D,20160823,000000,183,189.45,183,189.45,3379,0
IZB,D,20160824,000000,189.3,194.6,185,186.9,1362,0
IZB,D,20160825,000000,186.5,189,182,189,1175,0
IZB,D,20160826,000000,186.2,188.9,186.05,188.9,90,0
IZB,D,20160829,000000,188.9,189,188,188,244,0
IZB,D,20160830,000000,188,194,188,193,2684,0
IZB,D,20160831,000000,192.9,192.9,188,188,4557,0
IZB,D,20160901,000000,192.9,192.9,189.5,189.5,4228,0
IZB,D,20160902,000000,189.1,189.1,188.05,188.1,70,0
IZB,D,20160905,000000,188.2,192,185,192,303,0
IZB,D,20160906,000000,193.9,197.9,190,193.9,854,0
IZB,D,20160907,000000,191,193.45,186.5,193.45,534,0
IZB,D,20160908,000000,193.45,193.45,191,193,183,0
IZB,D,20160909,000000,193,193.8,182.3,184.3,702,0
IZB,D,20160912,000000,185,185,180.5,182.5,567,0
IZB,D,20160913,000000,183,186.8,180.85,184.2,809,0
IZB,D,20160914,000000,184.2,186.4,180.9,185.9,1136,0
IZB,D,20160915,000000,185.9,185.9,185.25,185.6,747,0
IZB,D,20160916,000000,183,184.5,181,183.25,2929,0
IZB,D,20160919,000000,182.5,182.9,181.1,182,242,0
IZB,D,20160920,000000,180.5,184.95,180.3,183,6870,0
IZB,D,20160921,000000,182,184,181,184,5213,0
IZB,D,20160922,000000,183,186.8,182,185.75,8966,0
IZB,D,20160923,000000,186.65,186.65,183,185.95,1383,0
IZB,D,20160926,000000,185.8,185.9,185,185,120,0
IZB,D,20160927,000000,183,183,181.3,183,8115,0
IZB,D,20160928,000000,181.3,184.5,181.3,184.5,1420,0
IZB,D,20160929,000000,183.7,186.5,183,186.5,1601,0
IZB,D,20160930,000000,185,186,181.8,186,711,0
IZB,D,20161003,000000,186.5,186.5,186.5,186.5,54,0
IZB,D,20161004,000000,185,186,184.9,186,550,0
IZB,D,20161005,000000,183.05,183.1,183,183,8310,0
IZB,D,20161006,000000,181.75,183,180,183,150,0
IZB,D,20161007,000000,180.1,180.1,180,180,8821,0
IZB,D,20161010,000000,181,181,172.2,180,1434,0
IZB,D,20161011,000000,182.5,182.5,180,180,15351,0
IZB,D,20161012,000000,180.9,180.9,176.2,179.7,49,0
IZB,D,20161013,000000,179.7,179.7,175,177,351,0
IZB,D,20161014,000000,178,178.1,175.4,177.95,304,0
IZB,D,20161017,000000,175.2,178.1,175,178,336,0
IZB,D,20161018,000000,178,179.9,178,178.9,28332,0
IZB,D,20161019,000000,178,182,177,180,2837,0
IZB,D,20161020,000000,180,182,180,182,48,0
IZB,D,20161021,000000,183,183,182.5,182.75,230,0
IZB,D,20161024,000000,185,185,180,183.85,37,0
IZB,D,20161025,000000,182.9,182.9,180,180,117,0
IZB,D,20161026,000000,180,181,180,180,28,0
IZB,D,20161027,000000,180,181.35,179,181.35,6937,0
IZB,D,20161028,000000,181.35,181.35,181.35,181.35,60,0
IZB,D,20161031,000000,181.4,181.4,180.1,181.35,771,0
IZB,D,20161102,000000,181.35,181.35,180,180.05,512,0
IZB,D,20161103,000000,181.25,181.25,177.05,180,504,0
IZB,D,20161104,000000,184.5,184.5,173.05,173.4,715,0
IZB,D,20161107,000000,176.05,177,176.05,177,71,0
IZB,D,20161108,000000,176.9,179.9,175,178.8,6285,0
IZB,D,20161109,000000,177,177,175,175,764,0
IZB,D,20161110,000000,179.95,179.95,174,174.95,195,0
IZB,D,20161114,000000,176.95,176.95,174.95,174.95,18,0
IZB,D,20161115,000000,176.85,177,173.95,175,276,0
IZB,D,20161116,000000,174,178,172,172.2,160,0
IZB,D,20161117,000000,172.9,173.45,172.8,173.45,45,0
IZB,D,20161118,000000,176.55,176.55,168.9,170.3,424,0
IZB,D,20161121,000000,170.3,170.3,162.1,166.8,442,0
IZB,D,20161122,000000,165,170,165,169,774,0
IZB,D,20161123,000000,165.1,172.65,165.1,172.65,37,0
IZB,D,20161124,000000,172.8,174.3,170,173.5,68,0
IZB,D,20161125,000000,174,174.2,168.8,174.2,1934,0
IZB,D,20161128,000000,174.2,174.2,168.55,173.8,107,0
IZB,D,20161129,000000,173.65,173.65,170.05,172.95,23,0
IZB,D,20161130,000000,172.95,173.7,168.65,173.7,464,0
IZB,D,20161201,000000,173.65,173.8,173.5,173.7,583,0
IZB,D,20161202,000000,173,173.45,172.05,173.45,822,0
IZB,D,20161205,000000,173.95,174,172.7,173.8,145,0
IZB,D,20161206,000000,173.8,174.3,170.5,174.3,179,0
IZB,D,20161207,000000,174.3,178.15,173.5,175,270,0
IZB,D,20161208,000000,171.4,174.9,171.4,174.9,10,0
IZB,D,20161209,000000,174.9,178.5,171.5,178.5,649,0
IZB,D,20161212,000000,179.4,179.4,178.9,178.9,24,0
IZB,D,20161213,000000,179.5,180,178,180,670,0
IZB,D,20161214,000000,180.9,182.4,180.9,182,567,0
IZB,D,20161215,000000,181.5,181.5,181,181,20,0
IZB,D,20161216,000000,181,181,180.5,180.5,4,0
IZB,D,20161219,000000,180.5,180.5,175.75,179.95,69,0
IZB,D,20161220,000000,179.95,180,175.1,180,403,0
IZB,D,20161221,000000,180,180,175,179.85,35,0
IZB,D,20161222,000000,179.95,179.95,172,175.5,152,0
IZB,D,20161223,000000,177,177,167,168.2,197,0
IZB,D,20161227,000000,168.2,168.9,167,168.9,140,0
IZB,D,20161228,000000,168.9,172.25,168,171.5,682,0
IZB,D,20161229,000000,174.7,178.5,171.05,178.5,353,0
IZB,D,20161230,000000,178.5,178.55,177.9,178.55,1347,0
IZB,D,20170102,000000,181,181,181,181,2,0
IZB,D,20170103,000000,179,179,176,176,1021,0
IZB,D,20170104,000000,177.5,177.5,177.45,177.45,143,0
IZB,D,20170105,000000,175.8,175.8,174.95,174.95,366,0
IZB,D,20170109,000000,173,173,170,172.5,191,0
IZB,D,20170110,000000,172.5,172.5,172,172.1,126,0
IZB,D,20170111,000000,172.5,174,170.35,170.4,48,0
IZB,D,20170112,000000,170.4,175,170.4,174.5,213,0
IZB,D,20170113,000000,175,176,174,175,696,0
IZB,D,20170116,000000,177,177,175,176,458,0
IZB,D,20170117,000000,177,177,175,176,109,0
IZB,D,20170118,000000,177,178,175,178,224,0
IZB,D,20170119,000000,178,178,175.15,175.15,177,0
IZB,D,20170120,000000,178,178,178,178,291,0
IZB,D,20170123,000000,178,180,178,180,3854,0
IZB,D,20170124,000000,178.05,182,177,180,23697,0
IZB,D,20170125,000000,181.9,181.9,179,181.7,695,0
IZB,D,20170126,000000,181.55,181.55,177,179.85,409,0
IZB,D,20170127,000000,179.8,179.8,177,179.7,201,0
IZB,D,20170130,000000,177,177,175,175.05,1174,0
IZB,D,20170131,000000,176.05,178,175,178,925,0
IZB,D,20170201,000000,177.9,177.9,175.05,177.85,62,0
IZB,D,20170202,000000,177.85,177.85,175,177.8,772,0
IZB,D,20170203,000000,177.65,178,175,178,212,0
IZB,D,20170206,000000,176,177.75,175,177,757,0
IZB,D,20170207,000000,179,183,179,179,4751,0
IZB,D,20170208,000000,180,182.7,180,181,2428,0
IZB,D,20170209,000000,181.65,182.75,180.7,181,1002,0
IZB,D,20170210,000000,181.95,181.95,181,181,270,0
IZB,D,20170213,000000,184.9,185,181,181,978,0
IZB,D,20170214,000000,182.65,182.65,179,182.45,471,0
IZB,D,20170215,000000,183,183,179.55,179.55,366,0
IZB,D,20170216,000000,182.45,182.45,180.15,182,2552,0
IZB,D,20170217,000000,182.5,183,179.6,180,2449,0
IZB,D,20170220,000000,180.95,181,180,180.05,68,0
IZB,D,20170221,000000,181.85,182,179.4,181.5,1803,0
IZB,D,20170222,000000,181.5,185,179.75,182.1,6857,0
IZB,D,20170223,000000,183,186.4,183,186.4,1217,0
IZB,D,20170224,000000,188.3,192,187,189,2246,0
IZB,D,20170227,000000,188,189.5,188,189.5,306,0
IZB,D,20170228,000000,189.5,189.5,188.1,189,12312,0
IZB,D,20170301,000000,185,189,185,189,600,0
IZB,D,20170302,000000,189,198,187,190.5,1440,0
IZB,D,20170303,000000,191.95,191.95,188.15,189.9,222,0
IZB,D,20170306,000000,190,191.9,190,190,745,0
IZB,D,20170307,000000,188,188,182,184.75,454,0
IZB,D,20170308,000000,191.8,191.8,188,188,45,0
IZB,D,20170309,000000,190,190,190,190,10,0
IZB,D,20170310,000000,190,190,188,190,133,0
IZB,D,20170313,000000,189.9,189.9,188,188,163,0
IZB,D,20170314,000000,188,189.95,187.05,189.95,739,0
IZB,D,20170315,000000,189.95,190.3,189.95,190.1,120,0
IZB,D,20170316,000000,190.4,190.9,190.1,190.9,310,0
IZB,D,20170317,000000,193.5,200,193.5,195.95,3014,0
IZB,D,20170320,000000,197.75,197.75,191.5,192,127,0
IZB,D,20170321,000000,195,195,190.5,194,138,0
IZB,D,20170322,000000,190.5,191.5,190,190,7212,0
IZB,D,20170323,000000,192,192,188.35,188.35,26,0
IZB,D,20170324,000000,192,192,182.2,188.9,824,0
IZB,D,20170327,000000,185,187.9,185,185,173,0
IZB,D,20170328,000000,184.95,189.7,184.95,187,136,0
IZB,D,20170329,000000,188.9,188.9,185,185.5,275,0
IZB,D,20170330,000000,186,187.8,186,186,879,0
IZB,D,20170331,000000,186.95,186.95,186,186,51,0
IZB,D,20170403,000000,186,186,183.5,183.5,21,0
IZB,D,20170404,000000,183.5,183.5,183,183,140,0
IZB,D,20170405,000000,185.9,186,185,185,25,0
IZB,D,20170406,000000,185,185,185,185,1,0
IZB,D,20170407,000000,185,185.45,184,184,634,0
IZB,D,20170410,000000,184,184.9,182,184.9,113,0
IZB,D,20170411,000000,185,185,173.5,179.8,880,0
IZB,D,20170412,000000,178.95,178.95,173.6,174.6,281,0
IZB,D,20170413,000000,174,176,174,175.3,133,0
IZB,D,20170418,000000,175.3,178.4,175.3,178.4,41,0
IZB,D,20170419,000000,178.4,178.5,177,178.5,16,0
IZB,D,20170420,000000,180,180,175.4,180,85,0
IZB,D,20170421,000000,180,180,174.1,175.95,92,0
IZB,D,20170424,000000,176,176,175.95,175.95,22,0
IZB,D,20170425,000000,176,176,171.3,172.5,366,0
IZB,D,20170426,000000,174,174,171.2,174,94,0
IZB,D,20170427,000000,173,173,171.2,171.25,216,0
IZB,D,20170428,000000,171.3,175.85,171.15,175.85,388,0
IZB,D,20170502,000000,175.8,175.85,175.7,175.7,35,0
IZB,D,20170504,000000,175.7,175.7,171.1,172,238,0
IZB,D,20170505,000000,175.4,175.4,171.55,174,54,0
IZB,D,20170508,000000,173.8,173.8,171.5,171.5,100,0
IZB,D,20170509,000000,171.3,175.6,170.8,175.6,272,0
IZB,D,20170510,000000,175.5,175.5,172.5,175.5,15,0
IZB,D,20170511,000000,175.5,175.5,175.5,175.5,16,0
IZB,D,20170512,000000,175.5,175.5,175.5,175.5,7,0
IZB,D,20170515,000000,175.4,175.4,170.05,173,120,0
IZB,D,20170516,000000,175.4,175.4,168,171.9,298,0
IZB,D,20170517,000000,169,172.2,167,172.2,260,0
IZB,D,20170518,000000,172.8,172.8,172.8,172.8,1,0
IZB,D,20170519,000000,172.5,172.5,172,172,13,0
IZB,D,20170522,000000,173.8,173.8,173,173,89,0
IZB,D,20170523,000000,171,171,167,168,340,0
IZB,D,20170524,000000,169.45,169.45,166.3,166.3,2575,0
IZB,D,20170525,000000,166.3,172.9,166.3,170,781,0
IZB,D,20170526,000000,173.9,173.9,173.9,173.9,137,0
IZB,D,20170529,000000,173.9,173.9,173,173,5,0
IZB,D,20170530,000000,175,175,171,174.9,119,0
IZB,D,20170531,000000,175,175,171,171,46,0
IZB,D,20170601,000000,175,175,165.2,165.2,619,0
IZB,D,20170602,000000,165.4,168.1,165.1,165.1,1122,0
IZB,D,20170605,000000,171,171,162,166,427,0
IZB,D,20170606,000000,169.9,169.9,160,160,804,0
IZB,D,20170607,000000,162.8,163,161,161,259,0
IZB,D,20170608,000000,163,163,162.75,162.75,63,0
IZB,D,20170609,000000,162.75,168,160.3,161.95,398,0
IZB,D,20170612,000000,165.9,165.9,158.6,163,209,0
IZB,D,20170613,000000,164.8,164.8,164.8,164.8,1,0
IZB,D,20170614,000000,164.4,164.4,159.5,163,77,0
IZB,D,20170616,000000,164.4,164.4,164.4,164.4,1,0
IZB,D,20170619,000000,164,164,158.6,158.6,8,0
IZB,D,20170620,000000,160.9,160.9,158.2,158.2,91,0
IZB,D,20170621,000000,160.8,162.8,160.8,162.8,5,0
IZB,D,20170622,000000,162.9,162.9,158.85,162.5,90,0
IZB,D,20170623,000000,162.9,162.9,162.5,162.5,11,0
IZB,D,20170626,000000,162.9,162.9,157,160,215,0
IZB,D,20170627,000000,162.55,162.55,159.95,159.95,20,0
IZB,D,20170628,000000,159.95,159.95,156.5,157.75,111,0
IZB,D,20170629,000000,155.1,158.75,155.1,155.5,93,0
IZB,D,20170630,000000,157.5,159.1,155.1,159.1,32,0
IZB,D,20170703,000000,154.1,158.75,154.1,156.7,29,0
IZB,D,20170704,000000,158.7,158.75,158.25,158.75,41,0
IZB,D,20170705,000000,158.8,158.95,158.75,158.9,144,0
IZB,D,20170706,000000,159,159,158,158,348,0
IZB,D,20170707,000000,159,159,155.1,156,493,0
IZB,D,20170710,000000,159,161.3,156.1,156.1,415,0
IZB,D,20170711,000000,157,157,156,156,344,0
IZB,D,20170712,000000,158,158,157,157,32,0
IZB,D,20170713,000000,156,156,155.2,155.2,221,0
IZB,D,20170714,000000,159.9,159.9,155.95,159.8,491,0
IZB,D,20170717,000000,159.9,159.9,159.8,159.8,10,0
IZB,D,20170718,000000,160.9,163,159.2,163,140,0
IZB,D,20170719,000000,163,163,159.1,163,169,0
IZB,D,20170720,000000,162.9,162.9,162.8,162.8,113,0
IZB,D,20170721,000000,162.95,162.95,160,161,882,0
IZB,D,20170724,000000,162.95,163,162.95,163,7,0
IZB,D,20170725,000000,162,162,161,161,20,0
IZB,D,20170726,000000,160,162.9,160,162.9,15,0
IZB,D,20170727,000000,162.95,162.95,160,161.3,17,0
IZB,D,20170728,000000,161.2,161.2,159.2,160.4,142,0
IZB,D,20170731,000000,160.4,160.95,159.2,159.4,77,0
IZB,D,20170801,000000,160,160,158.3,158.3,572,0
IZB,D,20170802,000000,160,160,158,160,290,0
IZB,D,20170803,000000,160.95,160.95,160,160,152,0
IZB,D,20170804,000000,160.9,160.9,160.9,160.9,6,0
IZB,D,20170807,000000,160.9,160.9,160.5,160.5,9,0
IZB,D,20170808,000000,160.9,160.9,157.5,157.5,82,0
IZB,D,20170809,000000,160.9,160.9,157,160.8,417,0
IZB,D,20170810,000000,160.8,160.8,160.8,160.8,32,0
IZB,D,20170811,000000,160,160,160,160,1,0
IZB,D,20170814,000000,159.9,159.9,159.9,159.9,2,0
IZB,D,20170816,000000,159.8,159.8,159.8,159.8,100,0
IZB,D,20170817,000000,159.65,159.65,159.5,159.5,30,0
IZB,D,20170818,000000,159.5,159.5,154.6,158.9,276,0
IZB,D,20170821,000000,147,147.2,130.6,134.5,4908,0
IZB,D,20170822,000000,138.8,138.8,134.5,137.65,2102,0
IZB,D,20170823,000000,137,137,130.6,131,1021,0
IZB,D,20170824,000000,131,131.5,118,129,3317,0
IZB,D,20170825,000000,133.9,133.9,129,129.7,354,0
IZB,D,20170828,000000,131.9,131.9,127.6,127.6,123,0
IZB,D,20170829,000000,128,128,122,125.1,928,0
IZB,D,20170830,000000,125,125,118.6,121,762,0
IZB,D,20170831,000000,122.7,122.7,118,118.9,1462,0
IZB,D,20170901,000000,120,120,118,118,81,0
IZB,D,20170904,000000,118,119,115,116,777,0
IZB,D,20170905,000000,116,116,114,115,237,0
IZB,D,20170906,000000,111.3,119,111.3,119,396,0
IZB,D,20170907,000000,122,123.95,122,123.6,1483,0
IZB,D,20170908,000000,123.9,123.9,120,120,157,0
IZB,D,20170911,000000,123.9,123.9,118,120,391,0
IZB,D,20170912,000000,118.8,119,118.8,119,25,0
IZB,D,20170913,000000,118.1,119.1,118.1,118.5,120,0
IZB,D,20170914,000000,121.7,121.7,118,118,229,0
IZB,D,20170915,000000,119.95,119.95,117,117,53,0
IZB,D,20170918,000000,117,117,117,117,1,0
IZB,D,20170919,000000,119.9,119.9,119.9,119.9,70,0
IZB,D,20170920,000000,119.9,120.7,119.9,120.7,26,0
IZB,D,20170921,000000,120.75,120.75,120.75,120.75,6,0
IZB,D,20170922,000000,120.75,120.75,120,120,327,0
IZB,D,20170925,000000,119.5,120,117,120,36,0
IZB,D,20170926,000000,120.75,122.5,120,120,262,0
IZB,D,20170927,000000,117,117,108.5,115.4,1625,0
IZB,D,20170928,000000,115.5,115.5,110.1,112,78,0
IZB,D,20170929,000000,114.9,114.9,108,109,452,0
IZB,D,20171002,000000,109,109.1,109,109.1,37,0
IZB,D,20171003,000000,110.85,110.85,102.5,105.1,1663,0
IZB,D,20171004,000000,107.9,109.6,101.6,107.9,3990,0
IZB,D,20171005,000000,109.9,114.9,109,110.3,1534,0
IZB,D,20171006,000000,112,114.9,112,114.75,905,0
IZB,D,20171009,000000,114.75,114.75,114.75,114.75,8,0
IZB,D,20171010,000000,114.75,119.9,114.75,116,435,0
IZB,D,20171011,000000,118,118,116,118,8364,0
IZB,D,20171012,000000,118.5,121.3,118.5,121.3,332,0
IZB,D,20171013,000000,121.3,121.3,119.2,120,503,0
IZB,D,20171016,000000,125,129.8,120.5,126,2119,0
IZB,D,20171017,000000,129.5,129.5,126,126.75,346,0
IZB,D,20171018,000000,129.5,131.9,127,127.65,760,0
IZB,D,20171019,000000,127,127,125.3,125.3,726,0
IZB,D,20171020,000000,127,127,119.6,121.4,8440,0
IZB,D,20171023,000000,124.9,124.9,115.5,120.95,376,0
IZB,D,20171024,000000,121,121,108.7,108.7,1104,0
IZB,D,20171025,000000,114,117.5,113,114.8,250,0
IZB,D,20171026,000000,114.9,114.9,111.7,114.9,100,0
IZB,D,20171027,000000,114.9,117,110,110,5012,0
IZB,D,20171030,000000,112.6,114.45,110.2,114.45,2258,0
IZB,D,20171031,000000,114.45,116.55,110,110,1351,0
IZB,D,20171102,000000,109.2,114.45,109.2,114,1194,0
IZB,D,20171103,000000,116.45,116.95,110,113.95,2199,0
IZB,D,20171106,000000,113.85,114.9,110.1,114.9,2023,0
IZB,D,20171107,000000,114.85,115.35,109.25,113,2168,0
IZB,D,20171108,000000,113.8,113.8,108.8,112.85,8780,0
IZB,D,20171109,000000,112.8,114,111.95,114,254,0
IZB,D,20171110,000000,114,114,108.3,110.1,1285,0
IZB,D,20171113,000000,112.3,112.3,108.6,109,76,0
IZB,D,20171114,000000,109.75,110,109.75,110,231,0
IZB,D,20171115,000000,111.7,111.7,106.7,108,377,0
IZB,D,20171116,000000,109.5,109.85,109,109.85,47,0
IZB,D,20171117,000000,109.5,109.5,109.5,109.5,50,0
IZB,D,20171120,000000,108.6,109,108.6,109,29,0
IZB,D,20171121,000000,108.9,108.9,103.15,106,309,0
IZB,D,20171122,000000,108.85,108.85,106.8,106.8,237,0
IZB,D,20171123,000000,106.8,106.8,104.5,104.5,431,0
IZB,D,20171124,000000,105.4,105.4,104.3,105.4,1293,0
IZB,D,20171127,000000,106,106.2,106,106,74,0
IZB,D,20171128,000000,106.9,106.9,105,105.95,930,0
IZB,D,20171129,000000,104.6,106.9,104.6,106.55,103,0
IZB,D,20171130,000000,106.5,106.5,104.55,106,237,0
IZB,D,20171201,000000,106.35,106.35,104.6,106.3,72,0
IZB,D,20171204,000000,106.3,106.3,106,106.25,1065,0
IZB,D,20171205,000000,107.9,107.9,104.6,105,128,0
IZB,D,20171206,000000,105,106.7,104,106.1,758,0
IZB,D,20171207,000000,106.05,106.05,106,106,6,0
IZB,D,20171208,000000,105.95,105.95,105.7,105.7,51,0
IZB,D,20171211,000000,105.95,105.95,103.6,105.45,37,0
IZB,D,20171212,000000,105.45,105.45,102.6,104.9,405,0
IZB,D,20171213,000000,104.9,104.9,103,103.4,188,0
IZB,D,20171214,000000,104.9,104.9,103,104.5,106,0
IZB,D,20171215,000000,104.5,104.5,101.6,102,247,0
IZB,D,20171218,000000,102,102,96,99,827,0
IZB,D,20171219,000000,99.9,102,99.22,100,343,0
IZB,D,20171220,000000,103.7,103.7,100,100,621,0
IZB,D,20171221,000000,103,103,99,99,1362,0
IZB,D,20171222,000000,100,101,98.81,99,2204,0
IZB,D,20171227,000000,98,100.8,98,99.2,1001,0
IZB,D,20171228,000000,99.2,104,99.2,104,594,0
IZB,D,20171229,000000,100.5,100.5,100,100.1,1878,0
IZB,D,20180103,000000,100,103,100,100,445,0
IZB,D,20180104,000000,102,102,100,100,451,0
IZB,D,20180105,000000,100,100,99.6,99.8,10747,0
IZB,D,20180108,000000,102,102,98,98,704,0
IZB,D,20180109,000000,102,102,98,98.2,956,0
IZB,D,20180110,000000,100.5,100.5,100.5,100.5,216,0
IZB,D,20180111,000000,100,100,99.2,99.6,795,0
IZB,D,20180112,000000,100.5,100.5,98.2,99,470,0
IZB,D,20180115,000000,100,100,99,100,63,0
IZB,D,20180116,000000,100,100,99.2,99.2,783,0
IZB,D,20180117,000000,99.8,99.8,97.8,98.6,1407,0
IZB,D,20180118,000000,98.6,98.8,98.6,98.6,1141,0
IZB,D,20180119,000000,99,99,98.4,98.4,295,0
IZB,D,20180122,000000,99.8,99.8,96.6,96.6,389,0
IZB,D,20180123,000000,99.6,99.6,97,97,1135,0
IZB,D,20180124,000000,97,97.4,96,97,3131,0
IZB,D,20180125,000000,99.4,99.4,93.6,93.6,502,0
IZB,D,20180126,000000,95,95,93,94,580,0
IZB,D,20180129,000000,95,95,94,94,79,0
IZB,D,20180130,000000,94,94,87,87,530,0
IZB,D,20180131,000000,87,90.6,87,87.2,665,0
IZB,D,20180201,000000,90.2,90.2,87,88,280,0
IZB,D,20180202,000000,88,88,83.4,85,646,0
IZB,D,20180205,000000,88.4,88.4,80,83,1073,0
IZB,D,20180206,000000,80,88,74.6,79.8,1085,0
IZB,D,20180207,000000,79.8,79.8,72.8,74,5007,0
IZB,D,20180208,000000,77.6,77.6,73.4,74.6,1229,0
IZB,D,20180209,000000,74.8,74.8,69.6,71,4095,0
IZB,D,20180212,000000,75,75,74,75,688,0
IZB,D,20180213,000000,76.4,78.8,72.6,75,2866,0
IZB,D,20180214,000000,75,75,72.8,72.8,1338,0
IZB,D,20180215,000000,74.4,79.4,72.6,79,1092,0
IZB,D,20180216,000000,80,80.2,76,78.4,1798,0
IZB,D,20180219,000000,76,76.8,75.8,75.8,294,0
IZB,D,20180220,000000,76,77.6,75,77.6,314,0
IZB,D,20180221,000000,78.8,78.8,75.8,76,871,0
IZB,D,20180222,000000,78.6,78.6,75,75.4,514,0
IZB,D,20180223,000000,77.6,77.6,75,75,74,0
IZB,D,20180226,000000,77.4,77.4,75.8,75.8,147,0
IZB,D,20180227,000000,75.8,75.8,75.8,75.8,14,0
IZB,D,20180228,000000,75.8,75.8,75.8,75.8,1,0
IZB,D,20180301,000000,75.8,77,75,75.2,680,0
IZB,D,20180302,000000,75.8,75.8,73.6,75.2,71,0
IZB,D,20180305,000000,75,75,73.2,73.2,202,0
IZB,D,20180306,000000,73.2,74.4,71.4,74.4,48,0
IZB,D,20180307,000000,74.2,74.4,71.6,72,1101,0
IZB,D,20180308,000000,74.2,74.2,72,72,577,0
IZB,D,20180309,000000,74.2,74.2,71.8,72,1265,0
IZB,D,20180312,000000,73.8,73.8,71.2,72,737,0
IZB,D,20180313,000000,71.6,71.6,69.6,69.8,2408,0
IZB,D,20180314,000000,71,71,68,68.4,3004,0
IZB,D,20180315,000000,69.6,69.6,68,68.4,1689,0
IZB,D,20180316,000000,69.6,71.4,69.6,70.2,124,0
IZB,D,20180319,000000,70.4,70.4,68,70,615,0
IZB,D,20180320,000000,70.4,70.4,69,69,711,0
IZB,D,20180321,000000,69.6,70.8,69.6,70.8,38,0
IZB,D,20180322,000000,70.8,70.8,69,69,1501,0
IZB,D,20180323,000000,69,69,69,69,8,0
IZB,D,20180326,000000,69.6,69.6,65,66,4185,0
IZB,D,20180327,000000,68,68,58.8,59.6,5616,0
IZB,D,20180328,000000,57,60,51.8,52,9909,0
IZB,D,20180329,000000,54,54.4,52,52,5800,0
IZB,D,20180403,000000,54.6,54.6,52.4,53,3443,0
IZB,D,20180404,000000,54.4,60,54,56.4,1253,0
IZB,D,20180405,000000,58.8,58.8,56,56,1424,0
IZB,D,20180406,000000,57,57.4,56.8,56.8,649,0
IZB,D,20180409,000000,58.8,60,58.2,58.2,1349,0
IZB,D,20180410,000000,60,60,58,58,1574,0
IZB,D,20180411,000000,59.8,59.8,57.8,58.4,843,0
IZB,D,20180412,000000,59,59.8,57.6,58,1386,0
IZB,D,20180413,000000,57.8,57.8,55,57,2428,0
IZB,D,20180416,000000,59,59,56.6,57,578,0
IZB,D,20180417,000000,57,57,56.6,57,11,0
IZB,D,20180418,000000,57,57,56.6,56.8,229,0
IZB,D,20180419,000000,58.6,58.6,57,57,296,0
IZB,D,20180420,000000,58.2,58.2,56.8,57.6,358,0
IZB,D,20180423,000000,57.8,57.8,56,56,268,0
IZB,D,20180424,000000,56.4,56.4,55.8,55.8,780,0
IZB,D,20180425,000000,55.8,55.8,53.4,54.8,475,0
IZB,D,20180426,000000,56.4,56.4,55,55,334,0
IZB,D,20180427,000000,55,55,55,55,1,0
IZB,D,20180430,000000,53.6,54.8,53.6,54.8,116,0
IZB,D,20180502,000000,55,55,54.2,54.2,84,0
IZB,D,20180504,000000,55,58,55,58,680,0
IZB,D,20180507,000000,58,58,57,57,211,0
IZB,D,20180508,000000,57.8,57.8,55.4,55.6,53,0
IZB,D,20180509,000000,57.8,57.8,55.6,55.6,49,0
IZB,D,20180510,000000,57.8,57.8,55,56.8,268,0
IZB,D,20180511,000000,57,57,56,56,101,0
IZB,D,20180514,000000,56.6,56.6,53.6,53.6,358,0
IZB,D,20180515,000000,54.8,54.8,53.6,53.6,49,0
IZB,D,20180516,000000,54,54,54,54,26,0
IZB,D,20180517,000000,53.8,53.8,51.6,51.8,2550,0
IZB,D,20180518,000000,51.6,52.6,50.6,50.8,1677,0
IZB,D,20180521,000000,51,51.2,51,51.2,76,0
IZB,D,20180522,000000,52.8,52.8,51.6,52,710,0
IZB,D,20180523,000000,54.4,54.4,52,52,311,0
IZB,D,20180524,000000,51,52.6,51,52.4,1198,0
IZB,D,20180525,000000,51.8,52.4,51.8,52,892,0
IZB,D,20180528,000000,52,52,52,52,2150,0
IZB,D,20180529,000000,54,54,52,52,893,0
IZB,D,20180530,000000,53,53,51.8,52,1664,0
IZB,D,20180601,000000,53.2,53.2,50.4,52,2655,0
IZB,D,20180604,000000,56.8,56.8,50.8,52,686,0
IZB,D,20180605,000000,53.8,53.8,50.6,51,844,0
IZB,D,20180606,000000,51,51,50.2,51,275,0
IZB,D,20180607,000000,52,52,50.2,50.2,341,0
IZB,D,20180608,000000,51.8,51.8,49.8,50,1276,0
IZB,D,20180611,000000,51,51.4,51,51,1106,0
IZB,D,20180612,000000,51.8,51.8,50,51.6,1092,0
IZB,D,20180613,000000,51.8,52.8,51.6,52,1307,0
IZB,D,20180614,000000,52.8,52.8,50.4,50.4,451,0
IZB,D,20180615,000000,50.8,51,50.4,50.4,671,0
IZB,D,20180618,000000,51.6,51.6,49,49,1813,0
IZB,D,20180619,000000,49,49,47.8,47.8,310,0
IZB,D,20180620,000000,48.8,48.8,47.6,48.6,123,0
IZB,D,20180621,000000,47.5,48.7,47.5,48.7,11,0
IZB,D,20180622,000000,48.7,48.7,47,47,59,0
IZB,D,20180625,000000,48.2,48.6,48.2,48.6,11,0
IZB,D,20180626,000000,48.6,48.6,48.6,48.6,16,0
IZB,D,20180627,000000,48.6,48.6,47,47,137,0
IZB,D,20180628,000000,48.3,48.3,45,45.1,193,0
IZB,D,20180629,000000,48,48,44.8,46,44,0
IZB,D,20180702,000000,45.2,46,43.8,43.8,408,0
IZB,D,20180703,000000,42.8,44.6,42.8,44.1,1878,0
IZB,D,20180704,000000,47.9,47.9,44,44,3843,0
IZB,D,20180705,000000,44,45.4,44,44,608,0
IZB,D,20180706,000000,43,44,43,44,538,0
IZB,D,20180709,000000,44.6,45.3,43,43,2452,0
IZB,D,20180710,000000,45.8,45.8,44,44,281,0
IZB,D,20180711,000000,44.6,44.6,44,44,528,0
IZB,D,20180712,000000,45.5,45.5,45.5,45.5,1,0
IZB,D,20180713,000000,45.5,45.5,42.1,42.6,3497,0
IZB,D,20180716,000000,42.6,43.2,40.7,41,2783,0
IZB,D,20180717,000000,41,41.9,41,41,2754,0
IZB,D,20180718,000000,42.2,42.2,41.7,41.7,19,0
IZB,D,20180719,000000,45,45,40.6,41,289,0
IZB,D,20180720,000000,41,41.4,41,41,335,0
IZB,D,20180723,000000,41.2,41.4,40.5,40.5,498,0
IZB,D,20180724,000000,40.5,41.8,40.5,40.8,178,0
IZB,D,20180725,000000,41,41,40.7,40.7,82,0
IZB,D,20180726,000000,40.7,41,40.7,41,1500,0
IZB,D,20180727,000000,41.9,41.9,40.7,41.7,7893,0
IZB,D,20180730,000000,41.7,49.2,41.7,43.4,6687,0
IZB,D,20180731,000000,44,46.2,43,43.1,450,0
IZB,D,20180801,000000,44.8,45,42.8,43.4,890,0
IZB,D,20180802,000000,45.6,45.6,42.2,42.8,425,0
IZB,D,20180803,000000,42.8,43,42.3,43,467,0
IZB,D,20180806,000000,43.4,43.4,42.5,43.1,1268,0
IZB,D,20180807,000000,45.3,45.3,42.3,43,141,0
IZB,D,20180808,000000,42.9,42.9,42,42.5,255,0
IZB,D,20180809,000000,42.8,42.8,41.6,42,353,0
IZB,D,20180810,000000,42.8,42.8,41.5,41.5,289,0
IZB,D,20180813,000000,42,42,40.1,41,376,0
IZB,D,20180814,000000,41.5,41.8,40.5,41.8,120,0
IZB,D,20180816,000000,41.8,41.8,40.5,41.4,103,0
IZB,D,20180817,000000,40.8,42,40.8,41.9,250,0
IZB,D,20180820,000000,41.2,42.3,41.2,42.3,111,0
IZB,D,20180821,000000,41.2,42,41.2,42,324,0
IZB,D,20180822,000000,42,42,41.2,42,99,0
IZB,D,20180823,000000,41.2,42,41.2,42,5,0
IZB,D,20180824,000000,42,42,42,42,132,0
IZB,D,20180827,000000,42,42,41.6,41.8,56,0
IZB,D,20180828,000000,41.8,41.8,41.2,41.5,1697,0
IZB,D,20180829,000000,41.8,41.8,41.3,41.5,1361,0
IZB,D,20180830,000000,41.8,41.8,40.5,41.7,170,0
IZB,D,20180831,000000,41.5,41.7,40.5,40.5,576,0
IZB,D,20180903,000000,41.5,41.5,40,41,1242,0
IZB,D,20180904,000000,41,41,37,37,1659,0
IZB,D,20180905,000000,37,39,37,39,240,0
IZB,D,20180906,000000,38.9,38.9,38.9,38.9,5,0
IZB,D,20180907,000000,38.4,39.8,38.4,39.8,171,0
IZB,D,20180910,000000,40,40,38.9,38.9,142,0
IZB,D,20180911,000000,38.9,39,38.9,38.9,1228,0
IZB,D,20180913,000000,38.9,39,38.9,38.9,127,0
IZB,D,20180914,000000,41.3,41.3,41.3,41.3,10,0
IZB,D,20180917,000000,37.9,40,37.9,40,142,0
IZB,D,20180918,000000,38.7,38.7,37.2,37.2,90,0
IZB,D,20180919,000000,37.2,38.5,37,38,318,0
IZB,D,20180921,000000,36.9,37,36.9,37,65,0
IZB,D,20180924,000000,36.5,36.5,36,36,230,0
IZB,D,20180925,000000,36,37,36,37,629,0
IZB,D,20180926,000000,37.8,38,37,37,214,0
IZB,D,20180927,000000,37.1,37.1,34.1,35,1153,0
IZB,D,20180928,000000,35,35.5,33.5,34.7,2853,0
IZB,D,20181001,000000,34.4,36,33.2,36,54,0
IZB,D,20181002,000000,36,36,36,36,8,0
IZB,D,20181004,000000,35.3,35.3,35.3,35.3,350,0
IZB,D,20181005,000000,35.9,35.9,33.1,33.4,1162,0
IZB,D,20181008,000000,33.6,34.8,32.7,33.9,495,0
IZB,D,20181009,000000,33.4,33.5,31.4,32.2,449,0
IZB,D,20181010,000000,32.2,32.9,32.2,32.4,93,0
IZB,D,20181011,000000,33.5,33.5,33.3,33.4,1541,0
IZB,D,20181012,000000,31.9,33.7,31.6,31.6,753,0
IZB,D,20181015,000000,31.7,32.4,30,30,1267,0
IZB,D,20181016,000000,30.1,31,30.1,31,725,0
IZB,D,20181017,000000,31,31,31,31,203,0
IZB,D,20181018,000000,31,32,31,32,122,0
IZB,D,20181019,000000,32.8,32.8,31,31,822,0
IZB,D,20181022,000000,31,31,29,31,187,0
IZB,D,20181024,000000,31,31,31,31,700,0
IZB,D,20181029,000000,31,31,31,31,632,0
IZB,D,20181030,000000,31,31,29.7,30.3,2242,0
IZB,D,20181031,000000,31,31,30.7,30.8,8340,0
IZB,D,20181102,000000,31.2,32.5,30.2,31.9,791,0
IZB,D,20181105,000000,31.9,31.9,31,31,360,0
IZB,D,20181106,000000,31.2,31.2,29,29.5,2221,0
IZB,D,20181107,000000,29.1,29.1,27.3,27.3,2226,0
IZB,D,20181108,000000,27.3,27.3,27,27.3,3445,0
IZB,D,20181109,000000,27.2,27.2,26,26,5429,0
IZB,D,20181113,000000,25.4,25.4,25,25,4608,0
IZB,D,20181114,000000,25,30.5,25,30.5,5475,0
IZB,D,20181115,000000,32,34,31,32,1111,0
IZB,D,20181116,000000,31.2,32.8,31.1,32.8,1526,0
IZB,D,20181119,000000,32.9,33,30.3,33,8048,0
IZB,D,20181120,000000,33.7,33.7,31.6,33,6291,0
IZB,D,20181121,000000,31.6,31.6,31.6,31.6,10,0
IZB,D,20181122,000000,34,34,34,34,60,0
IZB,D,20181123,000000,34,35.8,34,34.9,155,0
IZB,D,20181127,000000,35,36.5,32.8,34.1,6396,0
IZB,D,20181128,000000,36,36,34.2,34.2,4875,0
IZB,D,20181129,000000,34,34,31.7,31.7,1776,0
IZB,D,20181130,000000,33,33.5,31.8,32,4316,0
IZB,D,20181203,000000,33.4,33.5,33.4,33.4,291,0
IZB,D,20181204,000000,33,33,31.5,32,1770,0
IZB,D,20181205,000000,31.5,31.5,31.2,31.3,11248,0
IZB,D,20181206,000000,31,31.5,31,31.5,1239,0
IZB,D,20181207,000000,31.5,31.5,30.8,31.5,5590,0
IZB,D,20181210,000000,31.5,31.5,31.1,31.1,3107,0
IZB,D,20181211,000000,31.7,31.8,31.3,31.3,5286,0
IZB,D,20181212,000000,31.4,31.4,30.5,30.8,7712,0
IZB,D,20181213,000000,30.3,30.7,30.3,30.4,5362,0
IZB,D,20181214,000000,30.5,30.5,29.9,29.9,2377,0
IZB,D,20181217,000000,29.6,30,29.2,29.6,16121,0
IZB,D,20181218,000000,29.2,29.6,29,29,1386,0
IZB,D,20181219,000000,29,29,28.7,28.7,155,0
IZB,D,20181220,000000,29,29.6,28.5,28.6,4783,0
IZB,D,20181221,000000,28.5,29,28.5,28.6,631,0
IZB,D,20181227,000000,30,30,30,30,116,0
IZB,D,20181228,000000,28.3,29.4,27,27,2658,0
IZB,D,20190102,000000,30,30,27.5,27.6,452,0
IZB,D,20190103,000000,29,29.1,29,29.1,470,0
IZB,D,20190104,000000,29.2,29.5,29.2,29.4,155,0
IZB,D,20190108,000000,28.6,29,28.6,29,50,0
IZB,D,20190109,000000,28.6,28.6,28.5,28.6,1240,0
IZB,D,20190110,000000,29.3,29.5,28.5,29,3491,0
IZB,D,20190111,000000,29.4,29.4,28.5,28.8,1819,0
IZB,D,20190114,000000,28.8,28.9,27.8,28.5,966,0
IZB,D,20190115,000000,29.4,29.4,27.8,28.5,920,0
IZB,D,20190116,000000,29,29,28.5,28.5,455,0
IZB,D,20190117,000000,29.2,29.2,27.5,27.5,3097,0
IZB,D,20190118,000000,27.5,27.5,27,27.3,5928,0
IZB,D,20190121,000000,28,28,26,26,5986,0
IZB,D,20190122,000000,27,27,25.2,25.2,3315,0
IZB,D,20190123,000000,25.2,25.5,24.8,24.8,9887,0
IZB,D,20190124,000000,24.9,25,24.5,24.8,3693,0
IZB,D,20190125,000000,24.9,24.9,24.1,24.7,3475,0
IZB,D,20190128,000000,25,26,24.8,25.3,5344,0
IZB,D,20190129,000000,25,27.3,24.3,27.3,4720,0
IZB,D,20190130,000000,26.5,26.9,25.1,26.9,3520,0
IZB,D,20190131,000000,26.1,26.1,25,25.5,2930,0
IZB,D,20190201,000000,25.5,25.8,24.9,25.8,2348,0
IZB,D,20190204,000000,25.8,25.8,25.4,25.7,986,0
IZB,D,20190205,000000,25.4,26.2,25.4,25.6,469,0
IZB,D,20190206,000000,26,26.5,25.8,26.5,444,0
IZB,D,20190207,000000,26.6,27,26.3,27,941,0
IZB,D,20190208,000000,26.1,26.9,26,26.9,1368,0
IZB,D,20190211,000000,26.5,28.7,26.5,27.6,2595,0
IZB,D,20190212,000000,28,28.2,27.6,28.2,507,0
IZB,D,20190213,000000,28,28,27.3,27.3,615,0
IZB,D,20190214,000000,27.1,27.8,27.1,27.6,166,0
IZB,D,20190215,000000,27.3,27.4,27,27.4,267,0
IZB,D,20190218,000000,27,27.5,27,27.3,701,0
IZB,D,20190219,000000,26.9,27.2,26.8,27.2,199,0
IZB,D,20190220,000000,26.8,27.2,26.8,27.2,354,0
IZB,D,20190221,000000,26.8,27.1,26.8,27.1,34,0
IZB,D,20190222,000000,27.1,27.1,27,27.1,527,0
IZB,D,20190225,000000,27.1,28.4,27.1,28.4,6692,0
IZB,D,20190226,000000,28.4,28.8,27.3,28.3,2112,0
IZB,D,20190227,000000,27.7,27.7,27.5,27.6,1302,0
IZB,D,20190228,000000,27.6,28.4,27.4,28.4,449,0
IZB,D,20190301,000000,28,28.5,27,28.5,2040,0
IZB,D,20190304,000000,29,29.6,28.3,29.6,1205,0
IZB,D,20190305,000000,29.7,29.7,29,29.4,149,0
IZB,D,20190306,000000,29.4,29.9,28,29.5,1992,0
IZB,D,20190307,000000,29.3,29.3,27.6,28.8,1525,0
IZB,D,20190308,000000,28.7,28.7,28.7,28.7,6,0
IZB,D,20190311,000000,28.6,28.6,28,28.6,166,0
IZB,D,20190312,000000,28.6,28.7,27,27.1,2236,0
IZB,D,20190313,000000,27.9,27.9,26.4,26.4,684,0
IZB,D,20190314,000000,26.4,26.4,24.5,25,5699,0
IZB,D,20190315,000000,25.8,25.8,25.1,25.2,1394,0
IZB,D,20190318,000000,27.1,27.5,26,26.6,25164,0
IZB,D,20190319,000000,27,29,26.6,29,22875,0
IZB,D,20190320,000000,29.5,30.3,27,27.6,17612,0
IZB,D,20190321,000000,27.7,28.4,27.7,28.2,1990,0
IZB,D,20190322,000000,28.2,28.8,27.8,28.2,1909,0
IZB,D,20190325,000000,27.9,27.9,27.1,27.6,732,0
IZB,D,20190326,000000,27.2,27.9,27.1,27.9,1111,0
IZB,D,20190327,000000,27.1,27.1,25.8,26.7,4234,0
IZB,D,20190328,000000,25.9,25.9,24.8,25.7,5331,0
IZB,D,20190329,000000,25.8,26.5,25.5,26.5,870,0
IZB,D,20190401,000000,25.9,27.5,25.5,27,2266,0
IZB,D,20190402,000000,27,27.3,26.3,26.4,441,0
IZB,D,20190403,000000,26.3,27,26.1,26.4,775,0
IZB,D,20190404,000000,26.4,26.5,25.8,26.5,350,0
IZB,D,20190405,000000,26.2,27,26,27,1152,0
IZB,D,20190408,000000,26.9,26.9,25.8,26.5,980,0
IZB,D,20190409,000000,26.1,26.4,25.8,25.8,2477,0
IZB,D,20190410,000000,25.9,26.4,25.8,25.8,165,0
IZB,D,20190411,000000,25.8,26.5,25.3,26.5,4182,0
IZB,D,20190412,000000,26.6,26.9,25.4,26.3,1155,0
IZB,D,20190415,000000,25.5,26.3,25.5,26.3,667,0
IZB,D,20190416,000000,25.5,25.5,25.1,25.1,3139,0
IZB,D,20190417,000000,25.2,25.2,24.9,24.9,1082,0
IZB,D,20190418,000000,25.6,25.6,24.8,25.6,251,0
IZB,D,20190423,000000,24.8,25.5,24.8,25.5,275,0
IZB,D,20190424,000000,25.5,25.5,24.9,24.9,90,0
IZB,D,20190426,000000,24.8,24.8,24.8,24.8,70,0
IZB,D,20190429,000000,24.5,25.5,23.9,25.5,502,0
IZB,D,20190430,000000,25.5,25.5,24.3,24.3,337,0
IZB,D,20190502,000000,24.5,25.2,24.5,24.6,604,0
IZB,D,20190506,000000,24.6,24.6,24.5,24.5,201,0
IZB,D,20190507,000000,24.5,24.5,24.4,24.4,109,0
IZB,D,20190508,000000,24.5,24.5,23.9,23.9,403,0
IZB,D,20190509,000000,23.9,23.9,23.2,23.2,527,0
IZB,D,20190510,000000,23,23,22.2,22.4,371,0
IZB,D,20190513,000000,22.2,22.2,20.3,21.4,1876,0
IZB,D,20190514,000000,21,23.2,21,23.2,1317,0
IZB,D,20190515,000000,24.3,24.5,23.5,24,1499,0
IZB,D,20190516,000000,24,24.5,23,23,1021,0
IZB,D,20190517,000000,24.6,24.7,24.5,24.7,440,0
IZB,D,20190520,000000,23.5,24.8,23.2,24.5,1976,0
IZB,D,20190521,000000,24.5,25,23.5,23.5,1290,0
IZB,D,20190522,000000,24.7,25,24.7,25,873,0
IZB,D,20190523,000000,25,25.4,24.9,25.4,2135,0
IZB,D,20190524,000000,25,25.9,25,25,2038,0
IZB,D,20190527,000000,25,25.7,24,25.7,2890,0
IZB,D,20190528,000000,24.9,25,24.9,25,20954,0
IZB,D,20190529,000000,24.1,25,24.1,25,626,0
IZB,D,20190530,000000,24.5,25.4,24.5,25,1233,0
IZB,D,20190531,000000,25,25,25,25,645,0
IZB,D,20190604,000000,25,25,25,25,274,0
IZB,D,20190605,000000,25,25,25,25,610,0
IZB,D,20190606,000000,25.2,27.2,25.2,26.7,4972,0
IZB,D,20190607,000000,26.9,27.2,26.7,26.9,193,0
IZB,D,20190610,000000,26.7,27.2,26.7,26.7,701,0
IZB,D,20190611,000000,27,28,26.7,28,2752,0
IZB,D,20190612,000000,28,28,26.7,26.7,596,0
IZB,D,20190613,000000,26.7,26.7,26.7,26.7,10,0
IZB,D,20190614,000000,26.8,26.8,26.8,26.8,52,0
IZB,D,20190617,000000,27.4,27.4,26.8,27.3,125,0
IZB,D,20190618,000000,26.7,26.7,26.5,26.5,202,0
IZB,D,20190619,000000,26.5,26.5,26.5,26.5,20,0
IZB,D,20190621,000000,26.4,26.4,26.4,26.4,37,0
IZB,D,20190624,000000,25.4,25.4,25.4,25.4,10,0
IZB,D,20190625,000000,25.5,27,25.5,27,436,0
IZB,D,20190626,000000,25.7,25.7,25.4,25.4,435,0
IZB,D,20190627,000000,25.6,26.4,25.2,26.4,748,0
IZB,D,20190628,000000,26.10,26.50,26.10,26.50,470,0
IZB,D,20190701,000000,26.5,26.5,26,26,198,0
IZB,D,20190702,000000,26,26.5,25,25,546,0
IZB,D,20190703,000000,25.2,25.2,25,25.1,650,0
IZB,D,20190704,000000,26.1,26.1,26.1,26.1,104,0
IZB,D,20190705,000000,25.4,25.4,25.4,25.4,281,0
IZB,D,20190708,000000,25.5,25.5,25.5,25.5,70,0
IZB,D,20190709,000000,25.5,25.5,25.2,25.4,851,0
IZB,D,20190710,000000,25.4,25.4,25.4,25.4,130,0
IZB,D,20190711,000000,25.3,25.3,25,25,12130,0
IZB,D,20190712,000000,25.3,25.5,24.2,24.3,1288,0
IZB,D,20190715,000000,24.2,25.3,24.2,24.3,372,0
IZB,D,20190716,000000,25.3,26.4,25,25,167,0
IZB,D,20190717,000000,25,25.5,24.3,24.5,10925,0
IZB,D,20190718,000000,25.3,25.3,24.4,24.4,140,0
IZB,D,20190719,000000,25.3,26.3,25.3,25.6,550,0
IZB,D,20190722,000000,24.6,26,24.5,26,151,0
IZB,D,20190723,000000,26.3,26.3,26.3,26.3,9,0
IZB,D,20190724,000000,26.2,26.3,25.6,25.6,715,0
IZB,D,20190725,000000,25.6,25.6,25.1,25.1,280,0
IZB,D,20190726,000000,25.3,25.3,25.3,25.3,250,0
IZB,D,20190729,000000,25.1,26,25.1,26,140,0
IZB,D,20190731,000000,25.3,26,25.3,26,306,0
IZB,D,20190801,000000,25.6,25.7,25,25.7,1142,0
IZB,D,20190802,000000,24.9,25.7,24.9,25.7,49,0
IZB,D,20190805,000000,25,26.1,25,26,600,0
IZB,D,20190806,000000,25.9,26.4,25.9,26.4,1159,0
IZB,D,20190807,000000,26.1,26.1,26,26,395,0
IZB,D,20190808,000000,25.7,25.7,25.6,25.6,84,0
IZB,D,20190809,000000,25.6,25.6,25.6,25.6,75,0
IZB,D,20190812,000000,26,26,25.1,25.1,200,0
IZB,D,20190813,000000,25.2,26.6,25.2,26,1087,0
IZB,D,20190814,000000,26.4,27.3,26.2,27.3,32861,0
IZB,D,20190816,000000,27,27.4,27,27.4,398,0
IZB,D,20190819,000000,27,27,25.5,25.7,112,0
IZB,D,20190821,000000,27,27.6,27,27.5,183,0
IZB,D,20190822,000000,27.6,28.3,27.5,28.1,2330,0
IZB,D,20190823,000000,28,28.1,27.7,28,732,0
IZB,D,20190828,000000,28,28,25.8,25.8,2962,0
IZB,D,20190829,000000,26,26.7,26,26.7,182,0
IZB,D,20190830,000000,26.7,26.7,26.7,26.7,155,0
IZB,D,20190902,000000,26.7,28.4,26.7,28.4,374,0
IZB,D,20190904,000000,28.3,28.3,28.3,28.3,237,0
IZB,D,20190905,000000,26.9,28.3,26.9,28.2,650,0
IZB,D,20190906,000000,28.2,28.3,28,28.3,331,0
IZB,D,20190909,000000,28.3,28.3,28,28,241,0
IZB,D,20190910,000000,28,28,28,28,100,0
IZB,D,20190911,000000,28,28,27,27,2559,0
IZB,D,20190912,000000,28,28,28,28,24,0
IZB,D,20190913,000000,28,28,27,27,696,0
IZB,D,20190916,000000,27,27,27,27,70,0
IZB,D,20190917,000000,26.3,27.1,26.1,27.1,443,0
IZB,D,20190918,000000,27.5,28,27.5,28,482,0
IZB,D,20190919,000000,27.9,27.9,27.9,27.9,40,0
IZB,D,20190920,000000,27.6,27.6,27.6,27.6,3,0
IZB,D,20190923,000000,27.5,27.5,27.5,27.5,27487,0
IZB,D,20190924,000000,27,27,27,27,600,0
IZB,D,20190925,000000,27,27,27,27,57,0
IZB,D,20190926,000000,27.1,27.7,27.1,27.7,460,0
IZB,D,20190927,000000,27,27,27,27,50,0
IZB,D,20191001,000000,27.2,27.6,27.1,27.1,586,0
IZB,D,20191002,000000,27.4,27.4,27,27,41,0
IZB,D,20191003,000000,26.8,27.5,26.4,27.5,370,0
IZB,D,20191004,000000,27.2,27.2,27.2,27.2,35,0
IZB,D,20191007,000000,27,27,26.6,26.6,4100,0
IZB,D,20191008,000000,27,27,26.5,26.5,6104,0
IZB,D,20191009,000000,27,27,27,27,1000,0
IZB,D,20191010,000000,26.3,27,26.3,26.9,3100,0
IZB,D,20191011,000000,26.8,26.8,26.8,26.8,372,0
IZB,D,20191014,000000,27.3,28.3,27.3,28.3,1093,0
IZB,D,20191015,000000,28.4,29,27.4,28.8,11486,0
IZB,D,20191016,000000,28.7,28.7,27.5,27.5,566,0
IZB,D,20191018,000000,27.7,28.7,26.1,28.4,765,0
IZB,D,20191021,000000,26.5,28.3,24.5,25.5,7941,0
IZB,D,20191022,000000,26.5,26.5,25.5,26.5,235,0
IZB,D,20191023,000000,26.7,26.7,26.7,26.7,224,0
IZB,D,20191024,000000,26.9,27.3,26.9,27.3,136,0
IZB,D,20191025,000000,27.6,27.6,26,27.3,343,0
IZB,D,20191028,000000,27.1,27.1,27.1,27.1,1,0
IZB,D,20191029,000000,27,27.6,26.9,27.6,559,0
IZB,D,20191030,000000,27.4,27.6,26,27.5,832,0
IZB,D,20191031,000000,27.5,28.3,27.3,28.3,8906,0
IZB,D,20191104,000000,27.5,28.3,27.5,28.2,3956,0
IZB,D,20191105,000000,27.7,33.4,27.7,31,15462,0
IZB,D,20191106,000000,31,31.2,30.5,30.5,3767,0
IZB,D,20191107,000000,30.5,32.7,30.5,31.5,4528,0
IZB,D,20191108,000000,31.5,32.4,31.3,32,1395,0
IZB,D,20191112,000000,31.7,33,31.7,31.9,1579,0
IZB,D,20191113,000000,31.9,31.9,31.7,31.9,592,0
IZB,D,20191114,000000,31.9,31.9,31.3,31.9,878,0
IZB,D,20191115,000000,31.9,32,31.3,31.3,1033,0
IZB,D,20191118,000000,32,32,31.1,31.1,41,0
IZB,D,20191119,000000,31.9,31.9,29.5,30,2653,0
IZB,D,20191120,000000,29.8,31.7,29.7,31,465,0
IZB,D,20191121,000000,31.7,34,31.7,32.8,5644,0
IZB,D,20191122,000000,32.8,34,32.8,33.7,2580,0
IZB,D,20191125,000000,34,36.9,34,36,5738,0
IZB,D,20191126,000000,36,36.7,35.9,36.7,1192,0
IZB,D,20191127,000000,36.9,37.6,36,36,622,0
IZB,D,20191128,000000,35.9,35.9,34.8,35.7,1573,0
IZB,D,20191129,000000,35.5,35.5,33.5,35.4,811,0
IZB,D,20191202,000000,35.5,36.6,35,36.4,778,0
IZB,D,20191203,000000,36.4,36.4,35.8,35.8,474,0
IZB,D,20191204,000000,34.9,36.3,34.9,36.2,230,0
IZB,D,20191205,000000,36.2,36.2,34.9,35.1,467,0
IZB,D,20191206,000000,35,35.9,34.5,35.9,396,0
IZB,D,20191209,000000,35.9,35.9,35.1,35.4,321,0
IZB,D,20191210,000000,35.4,35.4,33.5,33.5,875,0
IZB,D,20191211,000000,33.5,33.7,33.4,33.4,655,0
IZB,D,20191212,000000,33.1,34,32.2,33,815,0
IZB,D,20191213,000000,33,34.9,33,34.6,1128,0
IZB,D,20191216,000000,34.6,35.9,34.6,35.4,1390,0
IZB,D,20191217,000000,36.4,36.4,35.6,35.6,2454,0
IZB,D,20191218,000000,35.6,36.5,35,36.4,637,0
IZB,D,20191219,000000,36.5,36.5,35,35,456,0
IZB,D,20191220,000000,35.1,38.6,34.6,38.6,2984,0
IZB,D,20191223,000000,39.6,41.5,38,40.9,2786,0
IZB,D,20191227,000000,40.9,42.2,40.9,42,1672,0
IZB,D,20191230,000000,42,42.3,40,40.8,1665,0
IZB,D,20200102,000000,43.2,43.2,42,43,1577,0
IZB,D,20200103,000000,42.9,44.2,41,44,854,0
IZB,D,20200107,000000,42.6,43.1,42.6,43,579,0
IZB,D,20200108,000000,43.3,43.3,39.1,39.7,645,0
IZB,D,20200109,000000,41,43.4,41,41.7,176,0
IZB,D,20200110,000000,42,43.3,41.6,43.3,1751,0
IZB,D,20200113,000000,43.7,44,43.3,43.3,669,0
IZB,D,20200114,000000,43.5,43.5,41.2,41.2,411,0
IZB,D,20200115,000000,41,41,37.9,39.8,2463,0
IZB,D,20200116,000000,39.4,41.8,38.1,41.8,2375,0
IZB,D,20200117,000000,42,42.2,38.7,39.5,1419,0
IZB,D,20200120,000000,40,41.8,39.4,41,885,0
IZB,D,20200121,000000,40.2,41.6,39.4,40,572,0
IZB,D,20200122,000000,39.4,39.4,38.6,38.6,1820,0
IZB,D,20200123,000000,38.6,39,38.2,39,412,0
IZB,D,20200124,000000,38.5,40,38.5,39.9,181,0
IZB,D,20200127,000000,39.9,41.6,39.8,40,3051,0
IZB,D,20200128,000000,40,40,39.8,39.8,528,0
IZB,D,20200129,000000,39,39,36.6,37.2,8622,0
IZB,D,20200130,000000,36.8,38,35.7,38,2304,0
IZB,D,20200131,000000,37.5,38,36.6,37,633,0
IZB,D,20200203,000000,37.5,38.4,37.5,38,709,0
IZB,D,20200204,000000,38.2,38.5,38.1,38.2,1088,0
IZB,D,20200205,000000,38.1,38.5,36.8,37.8,1731,0
IZB,D,20200206,000000,37.5,37.5,37,37.5,466,0
IZB,D,20200207,000000,37.5,37.5,34.7,36.9,2321,0
IZB,D,20200210,000000,36,36,31.1,32.5,12869,0
IZB,D,20200211,000000,32,32.5,30.3,31,6769,0
IZB,D,20200212,000000,30.5,32.5,30.5,31.7,2569,0
IZB,D,20200213,000000,32,32.5,31.7,31.8,3438,0
IZB,D,20200214,000000,32.3,32.9,32.2,32.3,1619,0
IZB,D,20200217,000000,32.3,32.3,31,31,903,0
IZB,D,20200218,000000,30.8,32.2,30.3,32.2,3297,0
IZB,D,20200219,000000,32,32,30.8,31,761,0
IZB,D,20200220,000000,31,32,31,32,315,0
IZB,D,20200221,000000,31.2,31.8,31,31,2482,0
IZB,D,20200224,000000,31,31.4,30.2,31,4881,0
IZB,D,20200225,000000,30.2,30.4,30.2,30.4,1089,0
IZB,D,20200226,000000,30.4,32,30.4,31.6,2177,0
IZB,D,20200227,000000,30.5,31.6,29.3,30.6,2628,0
IZB,D,20200228,000000,29.5,30.5,27.8,29.6,4777,0
IZB,D,20200302,000000,29.8,30,28.8,29,2041,0
IZB,D,20200303,000000,29.2,31.3,27.8,31,2991,0
IZB,D,20200304,000000,29.5,30.3,29,30.3,435,0
IZB,D,20200305,000000,30.3,31.4,30.3,31,851,0
IZB,D,20200306,000000,29.5,31,29.5,31,364,0
IZB,D,20200309,000000,29.8,29.8,27.6,28,3092,0
IZB,D,20200310,000000,28,28.6,28,28.6,804,0
IZB,D,20200311,000000,29.2,29.2,28,28,3615,0
IZB,D,20200312,000000,27.5,27.5,23,23,3911,0
IZB,D,20200313,000000,23.4,24,23.4,24,110,0
IZB,D,20200316,000000,23.5,24,21.2,24,823,0
IZB,D,20200317,000000,22.6,24.2,21.2,24.2,2833,0
IZB,D,20200318,000000,24.2,24.9,22.4,22.6,433,0
IZB,D,20200319,000000,24.2,24.2,21.9,21.9,1173,0
IZB,D,20200320,000000,22.5,24,22.3,22.6,1819,0
IZB,D,20200323,000000,21.9,21.9,20.6,21.4,1627,0
IZB,D,20200324,000000,20.8,22.5,20.4,22.5,792,0
IZB,D,20200325,000000,22.4,22.4,20.6,22.4,607,0
IZB,D,20200326,000000,22.4,23.4,22.4,23.4,571,0
IZB,D,20200327,000000,23.2,23.2,22.4,22.4,198,0
IZB,D,20200330,000000,22.4,23,22.4,23,834,0
IZB,D,20200331,000000,24.4,26,24.4,26,740,0
IZB,D,20200401,000000,25,26.8,25,26.8,613,0
IZB,D,20200406,000000,26,26,24.2,24.2,597,0
IZB,D,20200407,000000,25.6,26,24.4,26,598,0
IZB,D,20200408,000000,24.5,25.5,24.2,25.5,316,0
IZB,D,20200409,000000,25.7,25.7,25.7,25.7,58,0
IZB,D,20200414,000000,25.3,25.4,23.4,24.5,1565,0
IZB,D,20200415,000000,24.8,26.1,24.8,26.1,158,0
IZB,D,20200416,000000,26.6,26.6,24.5,24.5,107,0
IZB,D,20200417,000000,25.5,26.2,24.7,26.2,221,0
IZB,D,20200420,000000,24.6,26.4,24.6,26.4,588,0
IZB,D,20200421,000000,26.1,26.3,25.1,26.3,455,0
IZB,D,20200422,000000,26.3,27.7,24.9,27.7,1380,0
IZB,D,20200423,000000,27,27.7,26.6,26.9,246,0
IZB,D,20200424,000000,26.6,28.8,26.6,28.8,365,0
IZB,D,20200427,000000,28.8,29.9,26.8,28,715,0
IZB,D,20200428,000000,27,29,26.3,29,223,0
IZB,D,20200429,000000,28.8,29.2,28.8,29,214,0
IZB,D,20200504,000000,27.4,28,25,28,1617,0
IZB,D,20200505,000000,27.8,28.9,26.8,28.3,1916,0
IZB,D,20200506,000000,26.8,26.8,26.3,26.3,227,0
IZB,D,20200507,000000,27,27,26.4,26.4,770,0
IZB,D,20200508,000000,26.4,26.4,26.3,26.3,2680,0
IZB,D,20200511,000000,26.9,28.7,26.8,28.7,508,0
IZB,D,20200512,000000,27,27,27,27,35,0
IZB,D,20200513,000000,26.2,26.7,25.9,26.7,1263,0
IZB,D,20200514,000000,25.4,26.6,25.2,26.6,4131,0
IZB,D,20200515,000000,26,26,25.2,25.2,309,0
IZB,D,20200518,000000,25.2,25.2,25.2,25.2,50,0
IZB,D,20200519,000000,25.1,25.1,25.1,25.1,20,0
IZB,D,20200521,000000,25.9,26.8,25.7,25.8,623,0
IZB,D,20200522,000000,25.7,25.7,25.6,25.6,180,0
IZB,D,20200525,000000,25.7,25.7,24.7,24.7,220,0
IZB,D,20200526,000000,25.2,26.6,25,26,541,0
IZB,D,20200527,000000,26,27.4,25.5,27.1,830,0
IZB,D,20200528,000000,27.1,27.7,27.1,27.1,930,0
IZB,D,20200529,000000,27.4,27.4,26.1,26.1,315,0
IZB,D,20200601,000000,27.5,28,27.5,28,577,0
IZB,D,20200602,000000,28.3,28.4,28.3,28.4,142,0
IZB,D,20200603,000000,28.5,29.6,28.5,28.5,2302,0
IZB,D,20200604,000000,28.5,31.2,28.5,30.9,2001,0
IZB,D,20200605,000000,31,31,30,30.7,1996,0
IZB,D,20200608,000000,29.5,31.5,29.5,31,1210,0
IZB,D,20200609,000000,29.5,32.2,29.5,32.2,2946,0
IZB,D,20200610,000000,32.2,32.3,31.2,31.2,829,0
IZB,D,20200612,000000,29.7,30.5,29.2,30,1547,0
IZB,D,20200615,000000,30.5,30.5,30.5,30.5,39,0
IZB,D,20200616,000000,30.5,30.5,30.5,30.5,177,0
IZB,D,20200617,000000,33,33,31.3,31.7,21008,0
IZB,D,20200618,000000,32.7,33.6,32.6,33.6,1268,0
IZB,D,20200619,000000,33.9,33.9,32.8,33.5,261,0
IZB,D,20200622,000000,33.9,34,31.8,32,1107,0
IZB,D,20200623,000000,32.7,33.5,31,32,1539,0
IZB,D,20200624,000000,30.8,31.4,29.5,29.8,1595,0
IZB,D,20200625,000000,30.5,30.5,30.5,30.5,15,0
IZB,D,20200629,000000,30.2,30.2,29.1,30.2,96,0
IZB,D,20200701,000000,30,30,30,30,200,0
IZB,D,20200702,000000,30,32.5,30,32.5,582,0
IZB,D,20200703,000000,32.2,32.2,30.5,31.4,4966,0
IZB,D,20200706,000000,31,31.4,30.6,31.4,127,0
IZB,D,20200707,000000,30.5,30.6,29.5,30.5,1604,0
IZB,D,20200708,000000,30,31.1,29.5,30.3,476,0
IZB,D,20200709,000000,29.2,29.5,29.2,29.5,170,0
IZB,D,20200710,000000,29.9,31.1,29.7,30.8,594,0
