<TICKER>,<PER>,<DATE>,<TIME>,<OPEN>,<HIGH>,<LOW>,<CLOSE>,<VOL>,<OPENINT>
JWW,D,20140813,000000,3.6,4.32,3.6,4.32,9400,0
JWW,D,20140814,000000,5.18,6.21,4.99,6.21,65172,0
JWW,D,20140818,000000,7.15,7.15,5.7,5.7,78255,0
JWW,D,20140819,000000,6.18,6.18,5.26,6.1,2033,0
JWW,D,20140820,000000,5.9,5.9,5.71,5.8,2975,0
JWW,D,20140821,000000,5.78,6.1,5.78,5.9,921,0
JWW,D,20140822,000000,5.83,6.9,5.82,6.01,21355,0
JWW,D,20140825,000000,6.4,6.4,5.9,6.19,27249,0
JWW,D,20140826,000000,6.19,6.19,6.19,6.19,15,0
JWW,D,20140827,000000,5.95,6.39,5.85,6.39,6182,0
JWW,D,20140828,000000,6.37,6.37,5.9,6.11,410,0
JWW,D,20140829,000000,6.11,6.11,5.8,6.09,372,0
JWW,D,20140901,000000,5.9,5.9,5.1,5.1,1400,0
JWW,D,20140902,000000,5.2,5.2,5.2,5.2,610,0
JWW,D,20140903,000000,5.4,5.41,5.4,5.41,100,0
JWW,D,20140904,000000,5.45,6.39,5.45,6.39,7900,0
JWW,D,20140905,000000,6.5,6.6,6.2,6.6,14020,0
JWW,D,20140908,000000,6.4,6.5,6.27,6.5,410,0
JWW,D,20140909,000000,6.2,7.44,6.2,7.1,2165,0
JWW,D,20140910,000000,7.48,8.9,7.48,8.9,492,0
JWW,D,20140911,000000,8.9,8.9,7.12,7.8,1904,0
JWW,D,20140912,000000,7.9,7.9,6.35,7.1,3598,0
JWW,D,20140915,000000,6.8,6.8,5.5,6.18,733,0
JWW,D,20140916,000000,6.2,7.2,6.2,7.1,2320,0
JWW,D,20140917,000000,7.1,7.1,7.1,7.1,275,0
JWW,D,20140918,000000,6.8,6.8,6,6.01,660,0
JWW,D,20140919,000000,6.02,6.05,6.02,6.05,103,0
JWW,D,20140922,000000,6.05,6.1,6,6,440,0
JWW,D,20140923,000000,6.19,6.19,6.19,6.19,260,0
JWW,D,20140924,000000,6.2,6.95,6.2,6.95,350,0
JWW,D,20140925,000000,6.9,6.9,6.8,6.8,160,0
JWW,D,20140926,000000,6.7,6.7,6.7,6.7,804,0
JWW,D,20140929,000000,6.7,6.7,6.7,6.7,10,0
JWW,D,20140930,000000,6.68,6.68,6.3,6.3,37,0
JWW,D,20141001,000000,6.7,6.7,6.31,6.31,20,0
JWW,D,20141002,000000,6.5,7.7,6.5,7.7,1540,0
JWW,D,20141003,000000,7.8,7.8,7.8,7.8,10,0
JWW,D,20141006,000000,7.65,7.65,7.65,7.65,5,0
JWW,D,20141007,000000,7.6,7.6,7.2,7.2,159,0
JWW,D,20141008,000000,7.2,7.2,7.2,7.2,5,0
JWW,D,20141009,000000,7.2,7.2,6.45,6.45,320,0
JWW,D,20141013,000000,6.3,6.5,6.21,6.5,180,0
JWW,D,20141014,000000,6.6,6.8,6.6,6.8,40,0
JWW,D,20141015,000000,6.8,6.9,6.8,6.9,222,0
JWW,D,20141017,000000,6.9,6.9,6.9,6.9,2090,0
JWW,D,20141020,000000,6.95,6.95,6.95,6.95,5,0
JWW,D,20141021,000000,6.7,6.7,6.15,6.65,150,0
JWW,D,20141023,000000,6.1,6.1,6.1,6.1,30,0
JWW,D,20141024,000000,6,6.24,5.91,6.24,340,0
JWW,D,20141027,000000,5.9,5.9,5.86,5.86,275,0
JWW,D,20141030,000000,5.9,6.2,5.9,6.2,330,0
JWW,D,20141031,000000,6.2,6.5,6.2,6.5,140,0
JWW,D,20141103,000000,6.7,6.8,6.7,6.8,50,0
JWW,D,20141105,000000,6.99,7.02,6.85,6.85,325,0
JWW,D,20141106,000000,7.1,7.1,7.1,7.1,972,0
JWW,D,20141107,000000,7.2,8.64,6.5,7.3,1080,0
JWW,D,20141110,000000,7.3,8.6,7.3,8,291,0
JWW,D,20141112,000000,8.5,10.5,8.5,10.5,78083,0
JWW,D,20141113,000000,10.95,13.14,10.93,12.97,103158,0
JWW,D,20141114,000000,12.99,14.25,12.99,12.99,80089,0
JWW,D,20141117,000000,13.2,14,11.75,11.75,19144,0
JWW,D,20141118,000000,11.5,13.4,11.5,12.1,35299,0
JWW,D,20141119,000000,12.2,12.78,12,12.05,52969,0
JWW,D,20141120,000000,12.5,12.69,12.1,12.1,880,0
JWW,D,20141121,000000,12.1,12.1,12.05,12.05,106,0
JWW,D,20141124,000000,12.4,12.95,12.1,12.1,609,0
JWW,D,20141125,000000,12.4,12.55,12,12,33,0
JWW,D,20141126,000000,12.4,12.55,12.34,12.35,6177,0
JWW,D,20141127,000000,12.5,12.55,12,12.35,2210,0
JWW,D,20141128,000000,12.4,12.45,12,12.25,4390,0
JWW,D,20141201,000000,12.3,12.4,12.26,12.26,6100,0
JWW,D,20141202,000000,12.35,12.4,12,12.1,2840,0
JWW,D,20141203,000000,12.05,12.05,11.7,11.7,30,0
JWW,D,20141204,000000,11.5,12.2,11.5,12,63,0
JWW,D,20141205,000000,12.1,12.1,12.1,12.1,5,0
JWW,D,20141208,000000,12.2,12.35,12.15,12.35,7737,0
JWW,D,20141209,000000,12.35,12.35,12.35,12.35,3,0
JWW,D,20141210,000000,12.33,12.7,12.33,12.35,12427,0
JWW,D,20141211,000000,12.35,12.5,12.2,12.4,80,0
JWW,D,20141212,000000,12.4,12.4,12,12.4,95,0
JWW,D,20141215,000000,12.4,12.4,12.4,12.4,40,0
JWW,D,20141216,000000,12.4,12.4,9,9.61,2197,0
JWW,D,20141217,000000,9,10.3,9,9,1150,0
JWW,D,20141218,000000,9,9,8,8,705,0
JWW,D,20141219,000000,7.8,7.8,7.5,7.5,30,0
JWW,D,20141222,000000,7.51,7.51,7.51,7.51,5,0
JWW,D,20141223,000000,7.52,8.6,7.45,7.45,19005,0
JWW,D,20141229,000000,7.2,7.8,7.1,7.3,1119,0
JWW,D,20141230,000000,7,8.4,7,7.35,5870,0
JWW,D,20150102,000000,7.38,7.38,7.3,7.3,410,0
JWW,D,20150107,000000,7.7,7.75,7.1,7.1,80,0
JWW,D,20150108,000000,7.5,7.5,7.5,7.5,11,0
JWW,D,20150109,000000,7.55,7.55,7.55,7.55,9,0
JWW,D,20150112,000000,7.59,7.59,7.59,7.59,15,0
JWW,D,20150115,000000,7.2,7.4,7.2,7.4,13,0
JWW,D,20150119,000000,7.2,7.39,7.2,7.39,57,0
JWW,D,20150120,000000,7.5,7.7,7.1,7.1,254,0
JWW,D,20150121,000000,7,7.48,7,7,115,0
JWW,D,20150122,000000,7,8,7,8,130,0
JWW,D,20150123,000000,8.8,10.5,8.8,10.5,59,0
JWW,D,20150126,000000,10,10,10,10,110,0
JWW,D,20150128,000000,10.65,10.65,9.6,9.6,290,0
JWW,D,20150129,000000,10,10,10,10,5,0
JWW,D,20150130,000000,10.5,10.5,10.5,10.5,5,0
JWW,D,20150204,000000,10,10.8,10,10.75,127,0
JWW,D,20150205,000000,10.74,10.74,10.74,10.74,301,0
JWW,D,20150206,000000,10.74,10.74,10.74,10.74,3,0
JWW,D,20150209,000000,10.75,10.75,10.75,10.75,10,0
JWW,D,20150210,000000,10.5,10.5,9.76,10.1,105,0
JWW,D,20150211,000000,9.6,9.65,8.93,9.6,680,0
JWW,D,20150212,000000,9,9.4,8.65,8.65,1150,0
JWW,D,20150213,000000,9,9.25,7.3,8.66,1595,0
JWW,D,20150216,000000,8.3,8.3,6.8,6.8,150,0
JWW,D,20150217,000000,7.4,8.85,6.8,6.9,1304,0
JWW,D,20150218,000000,6.91,7.4,6.91,7.4,215,0
JWW,D,20150219,000000,6.95,7.7,6.95,7.7,125,0
JWW,D,20150220,000000,7.8,9.6,7.8,9.6,240,0
JWW,D,20150223,000000,10,11,10,10,14793,0
JWW,D,20150224,000000,11.3,11.3,9.7,10.6,1155,0
JWW,D,20150225,000000,10.8,10.8,9.9,10.49,57,0
JWW,D,20150226,000000,10.75,10.75,10.4,10.49,586,0
JWW,D,20150227,000000,10.3,10.3,9.9,10.3,530,0
JWW,D,20150302,000000,9.9,10.49,9.9,10.49,55,0
JWW,D,20150303,000000,10.49,10.49,8.9,10.49,160,0
JWW,D,20150304,000000,10.5,11,10,11,147,0
JWW,D,20150306,000000,11,11.4,11,11,85,0
JWW,D,20150309,000000,10.8,10.8,10.8,10.8,32,0
JWW,D,20150310,000000,11,11.2,11,11.2,12,0
JWW,D,20150311,000000,11.2,11.2,9.7,10.6,223,0
JWW,D,20150312,000000,10,10,10,10,10,0
JWW,D,20150313,000000,10,10,8,8,60,0
JWW,D,20150316,000000,9.3,10.8,9.3,10.8,55,0
JWW,D,20150317,000000,10.8,11.4,10.8,11.4,30,0
JWW,D,20150318,000000,10,10,8,8,350,0
JWW,D,20150319,000000,8.06,9.4,8,9.4,251,0
JWW,D,20150320,000000,9.29,9.29,9.29,9.29,5,0
JWW,D,20150323,000000,9.29,9.29,8.59,8.59,62,0
JWW,D,20150324,000000,8.8,9.8,6.26,6.26,1622,0
JWW,D,20150325,000000,7.51,8.2,6.5,8.2,401,0
JWW,D,20150326,000000,8.19,8.19,7.58,7.75,580,0
JWW,D,20150327,000000,7.75,7.75,6.36,7.09,995,0
JWW,D,20150330,000000,7.09,7.09,7.09,7.09,1000,0
JWW,D,20150401,000000,7.1,7.1,7.09,7.1,2415,0
JWW,D,20150402,000000,7.2,7.3,7.2,7.3,51,0
JWW,D,20150408,000000,7.3,7.3,7.3,7.3,150,0
JWW,D,20150409,000000,7.2,8.3,6.92,8.3,17559,0
JWW,D,20150410,000000,7.31,8.3,7.31,8.3,281,0
JWW,D,20150413,000000,8,8.27,7.7,8.2,38,0
JWW,D,20150414,000000,7.79,7.8,7.5,7.5,149,0
JWW,D,20150415,000000,7.5,9,7.3,9,722,0
JWW,D,20150416,000000,9.2,11,9.2,10.6,910,0
JWW,D,20150417,000000,10.6,11.5,10.6,10.6,588,0
JWW,D,20150421,000000,10.6,10.6,10.6,10.6,50,0
JWW,D,20150422,000000,10.4,10.4,10.4,10.4,730,0
JWW,D,20150428,000000,10.2,10.2,10.08,10.08,100,0
JWW,D,20150430,000000,10,10,9.89,9.89,100,0
JWW,D,20150506,000000,9.9,9.9,9.9,9.9,10,0
JWW,D,20150512,000000,9.9,9.9,9.9,9.9,1043,0
JWW,D,20150513,000000,9.9,9.9,9.9,9.9,223,0
JWW,D,20150515,000000,9.8,9.8,9.8,9.8,10,0
JWW,D,20150518,000000,9.7,9.7,9.41,9.45,180,0
JWW,D,20150519,000000,9.45,9.6,9.12,9.6,1140,0
JWW,D,20150520,000000,9.11,9.11,9.11,9.11,100,0
JWW,D,20150521,000000,9.11,9.11,9.11,9.11,390,0
JWW,D,20150525,000000,9.15,9.15,9.15,9.15,435,0
JWW,D,20150526,000000,9.15,9.15,9.15,9.15,175,0
JWW,D,20150527,000000,9.1,9.28,8.84,9.15,900,0
JWW,D,20150528,000000,9.15,9.15,9.15,9.15,406,0
JWW,D,20150605,000000,9.2,9.2,9.2,9.2,10,0
JWW,D,20150611,000000,9.2,9.2,9.2,9.2,600,0
JWW,D,20150615,000000,9.2,9.2,9.2,9.2,6400,0
JWW,D,20150616,000000,9.2,9.2,9.2,9.2,5,0
JWW,D,20150617,000000,9.2,9.2,8.64,9,475,0
JWW,D,20150618,000000,9,9,9,9,70,0
JWW,D,20150619,000000,9.05,9.05,9,9,101,0
JWW,D,20150622,000000,8.9,8.9,8.4,8.4,200,0
JWW,D,20150623,000000,8.4,8.4,8.4,8.4,100,0
JWW,D,20150624,000000,8.32,8.32,8.32,8.32,1050,0
JWW,D,20150630,000000,8.49,8.67,8.49,8.67,835,0
JWW,D,20150701,000000,8.6,8.6,8.16,8.2,250,0
JWW,D,20150703,000000,8.1,8.1,7.88,7.88,170,0
JWW,D,20150706,000000,8,8.1,8,8.1,20,0
JWW,D,20150707,000000,8.1,8.1,8.1,8.1,50,0
JWW,D,20150709,000000,7.85,7.85,7.85,7.85,50,0
JWW,D,20150710,000000,7.8,7.8,7.6,7.78,350,0
JWW,D,20150713,000000,7.55,7.55,7.55,7.55,160,0
JWW,D,20150714,000000,7.75,7.76,7.47,7.47,5989,0
JWW,D,20150716,000000,7.48,7.48,7.48,7.48,2000,0
JWW,D,20150720,000000,7.5,7.5,7.5,7.5,2510,0
JWW,D,20150721,000000,7.5,7.5,7.5,7.5,2040,0
JWW,D,20150722,000000,7.5,7.5,7.5,7.5,3000,0
JWW,D,20150723,000000,7.5,7.5,7.5,7.5,5000,0
JWW,D,20150727,000000,7.5,7.5,7.5,7.5,7610,0
JWW,D,20150729,000000,7.6,9.12,7.6,9,5415,0
JWW,D,20150730,000000,8.5,8.5,8.5,8.5,3000,0
JWW,D,20150731,000000,8.59,8.59,8.59,8.59,3000,0
JWW,D,20150803,000000,8.55,8.55,8.55,8.55,3000,0
JWW,D,20150804,000000,8.6,9.8,8.6,8.6,2120,0
JWW,D,20150811,000000,8.78,8.78,8.78,8.78,2232,0
JWW,D,20150824,000000,8.5,8.5,8.5,8.5,10,0
JWW,D,20150828,000000,8.75,8.75,8.75,8.75,210,0
JWW,D,20150907,000000,8.4,8.4,8.26,8.26,135,0
JWW,D,20150928,000000,8.2,8.2,7.7,7.7,180,0
JWW,D,20151001,000000,7.6,7.69,7.34,7.34,961,0
JWW,D,20151016,000000,7.34,7.34,7.34,7.34,70,0
JWW,D,20151106,000000,7.38,7.38,7.38,7.38,58,0
JWW,D,20151110,000000,7.4,7.5,7.4,7.5,46,0
JWW,D,20151117,000000,7.45,7.5,7.45,7.5,5858,0
JWW,D,20151216,000000,7.4,7.4,7.4,7.4,5,0
JWW,D,20151217,000000,7.4,7.4,7.4,7.4,5,0
JWW,D,20151218,000000,7.4,7.4,7.4,7.4,5,0
JWW,D,20151221,000000,7.4,7.4,7.4,7.4,2,0
JWW,D,20151222,000000,7.4,7.4,7.4,7.4,2,0
JWW,D,20151223,000000,7.4,7.4,7.4,7.4,5,0
JWW,D,20151228,000000,7.4,7.4,7.4,7.4,5,0
JWW,D,20151229,000000,7.4,7.4,7.4,7.4,5,0
JWW,D,20151230,000000,7.4,7.4,7.4,7.4,2,0
JWW,D,20160104,000000,7.4,7.4,7.4,7.4,2,0
JWW,D,20160105,000000,7.4,7.4,7.4,7.4,2,0
JWW,D,20160107,000000,7.4,7.4,7.4,7.4,402,0
JWW,D,20160118,000000,7.2,7.2,7,7,183,0
JWW,D,20160122,000000,6.9,6.9,6.75,6.75,170,0
JWW,D,20160125,000000,6.5,6.5,6,6.2,220,0
JWW,D,20160127,000000,6,6,6,6,10,0
JWW,D,20160128,000000,6,6,6,6,5,0
JWW,D,20160129,000000,6,6,6,6,48,0
JWW,D,20160201,000000,5.9,5.9,5,5.2,640,0
JWW,D,20160202,000000,5.15,5.6,5.15,5.6,1884,0
JWW,D,20160203,000000,5.6,5.6,5.6,5.6,10,0
JWW,D,20160204,000000,5.6,5.61,5.6,5.61,3810,0
JWW,D,20160205,000000,5.6,5.61,5.6,5.61,7010,0
JWW,D,20160208,000000,5.6,5.69,5.6,5.69,3610,0
JWW,D,20160209,000000,5.7,5.7,5.7,5.7,30,0
JWW,D,20160212,000000,5.71,5.71,5.71,5.71,1751,0
JWW,D,20160215,000000,5.8,5.8,5.8,5.8,70,0
JWW,D,20160216,000000,5.8,5.8,5.8,5.8,10,0
JWW,D,20160217,000000,5.8,6.03,5.8,5.8,210,0
JWW,D,20160219,000000,5.8,5.8,5.8,5.8,10,0
JWW,D,20160224,000000,5.8,5.8,5.8,5.8,1740,0
JWW,D,20160225,000000,5.8,5.95,5.8,5.95,20,0
JWW,D,20160226,000000,5.95,5.95,5.95,5.95,3,0
JWW,D,20160229,000000,5.95,5.95,5.95,5.95,10,0
JWW,D,20160301,000000,5.95,5.95,5.8,5.95,780,0
JWW,D,20160302,000000,5.95,6,5.75,6,240,0
JWW,D,20160303,000000,5.8,5.8,5.72,5.72,300,0
JWW,D,20160304,000000,5.75,5.75,4.7,5.7,1380,0
JWW,D,20160307,000000,5.65,5.65,5.51,5.65,970,0
JWW,D,20160308,000000,5.7,5.7,5.7,5.7,700,0
JWW,D,20160309,000000,5.7,5.75,5.7,5.7,525,0
JWW,D,20160310,000000,5.7,5.75,5.7,5.75,410,0
JWW,D,20160311,000000,5.7,5.7,5.67,5.67,700,0
JWW,D,20160314,000000,5.67,5.67,5.67,5.67,270,0
JWW,D,20160315,000000,5.3,5.42,5.3,5.42,3850,0
JWW,D,20160316,000000,5.42,5.5,5.42,5.5,605,0
JWW,D,20160317,000000,5.42,5.42,5.32,5.32,825,0
JWW,D,20160318,000000,5.32,5.32,5.32,5.32,502,0
JWW,D,20160321,000000,5.33,5.33,5.33,5.33,380,0
JWW,D,20160322,000000,5.34,5.34,5.34,5.34,5,0
JWW,D,20160323,000000,5.35,5.36,5.35,5.36,590,0
JWW,D,20160324,000000,5.36,5.9,5.36,5.9,915,0
JWW,D,20160329,000000,5.9,5.9,5.75,5.75,410,0
JWW,D,20160330,000000,5.75,5.75,5.65,5.65,370,0
JWW,D,20160331,000000,5.6,6.7,5.33,6.7,5528,0
JWW,D,20160401,000000,6.2,7,5.41,7,1805,0
JWW,D,20160404,000000,6.5,6.5,6.2,6.2,25,0
JWW,D,20160405,000000,6.3,6.3,6.3,6.3,8000,0
JWW,D,20160406,000000,6.3,6.3,5.7,5.7,279,0
JWW,D,20160407,000000,5.7,6.2,5.7,6.15,1182,0
JWW,D,20160408,000000,6.06,6.4,6.06,6.4,350,0
JWW,D,20160411,000000,6.4,6.5,6.4,6.5,389,0
JWW,D,20160412,000000,6.5,7,6.5,7,1060,0
JWW,D,20160413,000000,7.1,7.1,7.1,7.1,300,0
JWW,D,20160414,000000,7.1,7.1,7.1,7.1,290,0
JWW,D,20160418,000000,7.1,7.68,7.1,7.61,895,0
JWW,D,20160419,000000,7.61,8,7.61,8,80,0
JWW,D,20160420,000000,8.1,8.1,8.1,8.1,255,0
JWW,D,20160421,000000,8.1,8.15,7.62,7.62,407,0
JWW,D,20160422,000000,7.7,7.75,7.7,7.75,18015,0
JWW,D,20160425,000000,7.75,7.75,7.75,7.75,11596,0
JWW,D,20160426,000000,7.75,7.75,7.75,7.75,245,0
JWW,D,20160429,000000,7.7,7.7,7.7,7.7,5,0
JWW,D,20160502,000000,7.7,7.8,7.7,7.8,26405,0
JWW,D,20160504,000000,7.8,7.8,7.8,7.8,5,0
JWW,D,20160505,000000,7.81,7.81,7.81,7.81,577,0
JWW,D,20160509,000000,7.82,7.82,7.82,7.82,5,0
JWW,D,20160511,000000,7.9,7.9,7.72,7.89,14,0
JWW,D,20160512,000000,7.89,7.89,7.89,7.89,2,0
JWW,D,20160513,000000,7.7,7.89,7.5,7.6,480,0
JWW,D,20160516,000000,7.7,7.7,7.7,7.7,2,0
JWW,D,20160520,000000,7.6,7.6,7.39,7.6,420,0
JWW,D,20160523,000000,7.3,7.59,6.4,6.8,4953,0
JWW,D,20160525,000000,6.9,6.9,6.9,6.9,10,0
JWW,D,20160527,000000,6.65,6.87,6.6,6.87,495,0
JWW,D,20160531,000000,6.7,6.8,6.7,6.8,322,0
JWW,D,20160609,000000,6.7,6.7,6.5,6.5,31,0
JWW,D,20160610,000000,6.5,6.5,6.5,6.5,4600,0
JWW,D,20160613,000000,6.6,6.6,6.6,6.6,10,0
JWW,D,20160614,000000,6.6,6.6,6.6,6.6,10,0
JWW,D,20160616,000000,6.6,6.6,6.6,6.6,10,0
JWW,D,20160617,000000,6.6,6.6,6.6,6.6,10,0
JWW,D,20160621,000000,6.6,6.6,6.6,6.6,9440,0
JWW,D,20160623,000000,6.55,6.6,6.55,6.6,14100,0
JWW,D,20160624,000000,6.6,6.6,6.54,6.6,15010,0
JWW,D,20160627,000000,6.6,6.6,6.6,6.6,10,0
JWW,D,20160630,000000,6.7,6.75,6.7,6.75,20,0
JWW,D,20160704,000000,6.7,6.7,6.29,6.29,182,0
JWW,D,20160705,000000,6.3,6.35,6.03,6.35,865,0
JWW,D,20160712,000000,6.15,6.41,6.15,6.41,299,0
JWW,D,20160714,000000,6.3,6.35,6.3,6.35,30,0
JWW,D,20160718,000000,6.15,6.84,6.03,6.6,1352,0
JWW,D,20160719,000000,6.55,7.58,6.45,7.58,95,0
JWW,D,20160720,000000,6.6,7.55,6.05,7.55,1159,0
JWW,D,20160721,000000,7.55,7.55,7.55,7.55,5,0
JWW,D,20160722,000000,7.43,7.43,7,7,650,0
JWW,D,20160725,000000,7.2,7.2,6.73,6.73,233,0
JWW,D,20160726,000000,6.75,6.75,6.75,6.75,10,0
JWW,D,20160727,000000,6.85,6.95,6.85,6.95,35,0
JWW,D,20160729,000000,7,7,7,7,10,0
JWW,D,20160803,000000,6.98,6.98,6.65,6.65,15,0
JWW,D,20160805,000000,6.7,6.9,6.7,6.9,94,0
JWW,D,20160808,000000,6.84,6.88,6.36,6.36,658,0
JWW,D,20160810,000000,6.35,6.35,6.15,6.35,310,0
JWW,D,20160816,000000,6.4,7.55,6.4,6.84,705,0
JWW,D,20160817,000000,6.84,6.84,6.84,6.84,3,0
JWW,D,20160818,000000,6.85,6.85,6.85,6.85,10,0
JWW,D,20160819,000000,6.85,6.85,6.5,6.5,46,0
JWW,D,20160822,000000,6.64,6.85,6.64,6.85,250,0
JWW,D,20160823,000000,6.3,6.43,6.19,6.43,340,0
JWW,D,20160825,000000,6.43,6.43,6.43,6.43,10,0
JWW,D,20160826,000000,6.55,6.8,6.41,6.41,290,0
JWW,D,20160829,000000,6.75,6.75,6.75,6.75,7,0
JWW,D,20160831,000000,6.75,6.75,6.75,6.75,47,0
JWW,D,20160902,000000,6.8,6.82,6.8,6.82,20,0
JWW,D,20160909,000000,6.4,6.71,6.35,6.71,181,0
JWW,D,20160913,000000,6.7,6.7,6.2,6.2,57,0
JWW,D,20160922,000000,6.2,6.2,5.91,6.2,217,0
JWW,D,20160926,000000,6.1,6.1,6.1,6.1,10,0
JWW,D,20160930,000000,5.9,7.05,5.89,7.05,620,0
JWW,D,20161003,000000,6.5,6.55,6.24,6.35,662,0
JWW,D,20161004,000000,6.45,6.45,6.45,6.45,5,0
JWW,D,20161005,000000,6.44,6.44,6.15,6.25,322,0
JWW,D,20161006,000000,6.25,6.25,6.25,6.25,10,0
JWW,D,20161007,000000,6.1,6.1,5.87,6.03,740,0
JWW,D,20161011,000000,5.8,5.8,5.75,5.75,376,0
JWW,D,20161013,000000,5.8,5.8,5.5,5.62,521,0
JWW,D,20161017,000000,5.41,5.51,5.3,5.4,485,0
JWW,D,20161018,000000,5.3,5.36,5.1,5.31,890,0
JWW,D,20161019,000000,5.15,5.19,5.1,5.19,435,0
JWW,D,20161020,000000,5,5.09,4.95,5.09,510,0
JWW,D,20161021,000000,4.9,4.9,4.7,4.89,793,0
JWW,D,20161025,000000,4.89,5.2,4.89,5.2,1320,0
JWW,D,20161027,000000,5.21,5.9,5.19,5.9,880,0
JWW,D,20161028,000000,5.8,5.8,5.8,5.8,10,0
JWW,D,20161102,000000,5.5,5.5,5.5,5.5,10,0
JWW,D,20161107,000000,5.3,5.36,5.05,5.17,1830,0
JWW,D,20161108,000000,5,5.09,4.95,5.09,435,0
JWW,D,20161109,000000,5,5.3,4.9,4.9,460,0
JWW,D,20161110,000000,4.9,4.9,4.9,4.9,10,0
JWW,D,20161114,000000,4.9,4.9,4.71,4.75,455,0
JWW,D,20161115,000000,4.7,4.7,4.59,4.67,657,0
JWW,D,20161117,000000,4.5,4.5,4.5,4.5,6,0
JWW,D,20161118,000000,4.5,4.5,4.47,4.5,475,0
JWW,D,20161121,000000,4.4,4.47,4.32,4.47,500,0
JWW,D,20161125,000000,4.47,4.47,4.47,4.47,1,0
JWW,D,20161130,000000,4.3,4.42,4.26,4.42,500,0
JWW,D,20161201,000000,4.25,4.5,4.15,4.5,1043,0
JWW,D,20161205,000000,4.2,4.27,4.17,4.27,507,0
JWW,D,20161207,000000,4.25,4.5,4.25,4.5,225,0
JWW,D,20161208,000000,4.5,4.7,4.5,4.65,120,0
JWW,D,20161209,000000,4.7,4.9,4.7,4.8,465,0
JWW,D,20161212,000000,4.81,4.91,4.81,4.91,640,0
JWW,D,20161213,000000,4.91,5.22,4.91,5.22,132,0
JWW,D,20161214,000000,5.23,5.49,5.23,5.49,360,0
JWW,D,20161215,000000,5.49,5.88,5.49,5.88,304,0
JWW,D,20161216,000000,5.87,6.45,5.5,6.34,1934,0
JWW,D,20161219,000000,6.29,7,6,6.88,1190,0
JWW,D,20161220,000000,6.88,7.24,6.88,7.24,595,0
JWW,D,20161221,000000,7.25,8,6.7,7.39,712,0
JWW,D,20161222,000000,7.4,7.59,6.99,7.14,354,0
JWW,D,20161223,000000,7.14,7.5,7,7.5,590,0
JWW,D,20161227,000000,7.5,8,7.5,8,126,0
JWW,D,20161228,000000,7.65,7.65,7.5,7.65,48,0
JWW,D,20161229,000000,7.7,7.8,7.55,7.65,91,0
JWW,D,20161230,000000,7.7,7.79,7.6,7.79,240,0
JWW,D,20170102,000000,7.4,7.7,6.7,7.7,159,0
JWW,D,20170103,000000,7.7,7.7,7.5,7.5,15,0
JWW,D,20170104,000000,7.5,7.5,7.2,7.49,80,0
JWW,D,20170105,000000,7.49,7.49,7.49,7.49,5,0
JWW,D,20170109,000000,7.4,7.4,7.4,7.4,10,0
JWW,D,20170110,000000,7.4,7.4,7,7,30,0
JWW,D,20170116,000000,7.4,7.48,7.4,7.48,130,0
JWW,D,20170117,000000,7.46,7.47,7.46,7.47,110,0
JWW,D,20170118,000000,7.47,7.47,7.15,7.4,333,0
JWW,D,20170119,000000,7.35,7.35,7,7,325,0
JWW,D,20170120,000000,6.8,6.8,6.65,6.65,351,0
JWW,D,20170123,000000,6.64,6.65,6.64,6.65,110,0
JWW,D,20170124,000000,6.65,6.65,6.65,6.65,35,0
JWW,D,20170125,000000,6.7,6.72,6.7,6.72,30,0
JWW,D,20170126,000000,6.69,6.69,6.2,6.2,650,0
JWW,D,20170127,000000,6.38,6.48,6.38,6.38,127,0
JWW,D,20170130,000000,6.2,6.2,6.18,6.18,711,0
JWW,D,20170131,000000,6.18,6.18,6.18,6.18,10,0
JWW,D,20170201,000000,6.15,6.15,6.15,6.15,10,0
JWW,D,20170202,000000,6.13,6.13,6.13,6.13,170,0
JWW,D,20170203,000000,5.85,6.12,5.6,6.03,1009,0
JWW,D,20170206,000000,6,6,6,6,360,0
JWW,D,20170207,000000,6,6.1,5.5,5.5,732,0
JWW,D,20170208,000000,5.7,5.88,5.7,5.85,610,0
JWW,D,20170209,000000,5.9,6.1,5.5,5.85,1196,0
JWW,D,20170210,000000,5.85,5.85,5.83,5.85,254,0
JWW,D,20170213,000000,5.5,5.79,5,5.65,867,0
JWW,D,20170214,000000,5,5.8,5,5.8,328,0
JWW,D,20170215,000000,5.3,5.39,5.25,5.25,884,0
JWW,D,20170216,000000,5,5.3,4.65,5.3,298,0
JWW,D,20170217,000000,4.6,5.2,4.5,5.2,805,0
JWW,D,20170220,000000,5.15,6.11,5.15,6.11,1192,0
JWW,D,20170221,000000,5.95,5.95,5.86,5.86,950,0
JWW,D,20170222,000000,5.4,5.8,5.39,5.8,728,0
JWW,D,20170223,000000,5.9,6.1,5.24,5.8,883,0
JWW,D,20170224,000000,5.72,5.79,5.71,5.79,402,0
JWW,D,20170227,000000,5.3,5.3,5.29,5.29,750,0
JWW,D,20170228,000000,5.29,5.44,5.29,5.44,750,0
JWW,D,20170301,000000,5.35,5.35,5.09,5.3,1590,0
JWW,D,20170302,000000,5.23,5.23,4.25,4.9,2630,0
JWW,D,20170303,000000,4.9,5.15,4.41,4.99,2650,0
JWW,D,20170306,000000,4.99,4.99,4.99,4.99,129,0
JWW,D,20170307,000000,4.8,4.85,4.35,4.75,2183,0
JWW,D,20170308,000000,4.25,4.75,4.2,4.75,156,0
JWW,D,20170309,000000,4.75,4.75,4.6,4.6,20,0
JWW,D,20170310,000000,4.6,4.79,4,4.79,913,0
JWW,D,20170313,000000,4.75,4.75,4.2,4.58,345,0
JWW,D,20170314,000000,4.58,4.58,4.36,4.36,889,0
JWW,D,20170315,000000,4.38,4.57,4.38,4.55,1380,0
JWW,D,20170316,000000,4.58,4.62,4.58,4.62,670,0
JWW,D,20170317,000000,4.6,4.68,4.5,4.57,5723,0
JWW,D,20170320,000000,4.65,4.69,4.4,4.55,1246,0
JWW,D,20170321,000000,4.55,4.55,4.3,4.4,1435,0
JWW,D,20170322,000000,4.59,5,4.5,4.65,10085,0
JWW,D,20170323,000000,4.69,4.69,4.25,4.3,3223,0
JWW,D,20170324,000000,4.3,4.3,4,4.2,3082,0
JWW,D,20170327,000000,4.29,4.29,4,4.1,735,0
JWW,D,20170328,000000,4.1,4.1,3.8,3.85,3836,0
JWW,D,20170329,000000,3.88,3.88,3.65,3.81,1724,0
JWW,D,20170330,000000,3.81,3.85,3.81,3.85,4540,0
JWW,D,20170331,000000,3.85,3.86,3.85,3.86,120,0
JWW,D,20170403,000000,3.85,3.85,3.47,3.6,7136,0
JWW,D,20170404,000000,3.59,3.59,3.3,3.39,4020,0
JWW,D,20170405,000000,3.4,3.45,3.25,3.25,1506,0
JWW,D,20170406,000000,3.25,3.39,3.25,3.35,564,0
JWW,D,20170407,000000,3.35,3.38,3.26,3.38,515,0
JWW,D,20170410,000000,3.36,3.36,3.35,3.35,95,0
JWW,D,20170411,000000,3.35,3.35,3.2,3.2,4710,0
JWW,D,20170412,000000,3.25,3.25,3.2,3.2,410,0
JWW,D,20170413,000000,3.2,3.25,3.2,3.25,150,0
JWW,D,20170418,000000,3.25,3.25,3.1,3.22,763,0
JWW,D,20170419,000000,3.15,3.16,3.02,3.16,1171,0
JWW,D,20170420,000000,3.2,3.21,3.2,3.21,239,0
JWW,D,20170421,000000,3.1,3.22,3.1,3.22,235,0
JWW,D,20170424,000000,3.22,3.22,3.11,3.17,2220,0
JWW,D,20170425,000000,3.17,3.17,3.17,3.17,115,0
JWW,D,20170426,000000,3.17,3.19,3.17,3.19,116,0
JWW,D,20170427,000000,3.19,3.19,3.19,3.19,30,0
JWW,D,20170428,000000,3.19,3.2,3.19,3.2,120,0
JWW,D,20170502,000000,3.2,3.2,3.2,3.2,10,0
JWW,D,20170504,000000,3.2,3.2,3.2,3.2,321,0
JWW,D,20170505,000000,3.2,3.2,3.2,3.2,1740,0
JWW,D,20170508,000000,3.21,3.21,3.11,3.2,2584,0
JWW,D,20170509,000000,3.2,3.2,2.88,2.98,9326,0
JWW,D,20170510,000000,2.98,2.99,2.97,2.97,124,0
JWW,D,20170511,000000,2.97,2.97,2.97,2.97,30,0
JWW,D,20170512,000000,2.9,2.99,2.9,2.99,161,0
JWW,D,20170515,000000,2.99,3,2.9,3,1878,0
JWW,D,20170516,000000,2.99,2.99,2.99,2.99,30,0
JWW,D,20170517,000000,2.99,2.99,2.99,2.99,10,0
JWW,D,20170518,000000,2.9,2.99,2.9,2.99,1181,0
JWW,D,20170522,000000,2.99,2.99,2.99,2.99,330,0
JWW,D,20170523,000000,2.99,2.99,2.99,2.99,20,0
JWW,D,20170524,000000,2.99,2.99,2.85,2.94,4535,0
JWW,D,20170525,000000,2.94,2.94,2.9,2.9,1710,0
JWW,D,20170526,000000,2.85,2.91,2.85,2.91,2293,0
JWW,D,20170529,000000,2.89,2.89,2.75,2.88,262,0
JWW,D,20170530,000000,2.75,2.75,2.75,2.75,1857,0
JWW,D,20170531,000000,2.81,2.81,2.81,2.81,4,0
JWW,D,20170601,000000,2.8,2.8,2.63,2.63,3703,0
JWW,D,20170602,000000,2.71,2.71,2.71,2.71,154,0
JWW,D,20170605,000000,2.73,2.73,2.71,2.71,465,0
JWW,D,20170606,000000,2.71,2.71,2.64,2.71,412,0
JWW,D,20170607,000000,2.71,2.71,2.65,2.65,25,0
JWW,D,20170608,000000,2.71,2.71,2.71,2.71,9,0
JWW,D,20170609,000000,2.66,2.71,2.66,2.71,10,0
JWW,D,20170612,000000,2.71,2.71,2.66,2.71,849,0
JWW,D,20170613,000000,2.68,2.68,2.68,2.68,340,0
JWW,D,20170616,000000,2.66,2.66,2.65,2.65,1400,0
JWW,D,20170619,000000,2.65,2.71,2.65,2.71,638,0
JWW,D,20170620,000000,2.71,2.73,2.7,2.7,254,0
JWW,D,20170621,000000,2.65,2.71,2.6,2.7,5979,0
JWW,D,20170622,000000,2.53,2.6,2.5,2.5,3106,0
JWW,D,20170623,000000,2.47,2.5,2.37,2.45,3187,0
JWW,D,20170626,000000,2.46,2.46,2.45,2.45,688,0
JWW,D,20170627,000000,2.45,2.45,2.28,2.38,9902,0
JWW,D,20170628,000000,2.25,2.36,2.25,2.29,4074,0
JWW,D,20170629,000000,2.29,2.29,2.28,2.29,805,0
JWW,D,20170630,000000,2.3,2.3,2.28,2.28,29,0
JWW,D,20170703,000000,2.2,2.21,2.19,2.21,5027,0
JWW,D,20170704,000000,2.22,2.22,2.2,2.22,152,0
JWW,D,20170705,000000,2.22,2.22,2.22,2.22,36,0
JWW,D,20170706,000000,2.22,2.22,2.19,2.22,39,0
JWW,D,20170707,000000,2.22,2.22,2.22,2.22,3,0
JWW,D,20170710,000000,2.2,2.2,2.2,2.2,70,0
JWW,D,20170711,000000,2.2,2.2,2.12,2.17,4430,0
JWW,D,20170712,000000,2.17,2.18,2.1,2.1,7297,0
JWW,D,20170713,000000,2.02,2.05,2,2,327,0
JWW,D,20170714,000000,2,2.05,2,2.05,2495,0
JWW,D,20170717,000000,2.1,2.1,2.1,2.1,13,0
JWW,D,20170718,000000,2.1,2.1,2.05,2.05,48,0
JWW,D,20170719,000000,2.02,2.02,2.02,2.02,255,0
JWW,D,20170720,000000,2.02,2.02,2.02,2.02,80,0
JWW,D,20170721,000000,2.02,2.05,2.02,2.05,269,0
JWW,D,20170724,000000,2.05,2.05,2.05,2.05,48,0
JWW,D,20170725,000000,2.07,2.07,2.02,2.02,1633,0
JWW,D,20170726,000000,2.02,2.05,2.02,2.05,98,0
JWW,D,20170727,000000,2.02,2.06,2.02,2.06,62,0
JWW,D,20170728,000000,2.06,2.09,2.02,2.09,2067,0
JWW,D,20170731,000000,2.09,2.09,2.09,2.09,10,0
JWW,D,20170801,000000,2.09,2.09,2.09,2.09,503,0
JWW,D,20170802,000000,2.06,2.3,2.06,2.3,4690,0
JWW,D,20170803,000000,2.11,2.13,2.11,2.11,8241,0
JWW,D,20170804,000000,2.11,2.32,2.07,2.22,10738,0
JWW,D,20170807,000000,2.35,2.6,2.29,2.6,9768,0
JWW,D,20170808,000000,2.78,3.05,2.65,2.7,10756,0
JWW,D,20170809,000000,2.63,2.63,2.4,2.4,4056,0
JWW,D,20170810,000000,2.45,2.88,2.45,2.88,7104,0
JWW,D,20170811,000000,2.92,3.5,2.75,3.5,11088,0
JWW,D,20170814,000000,3.7,3.9,2.85,3.12,17185,0
JWW,D,20170816,000000,3.16,3.29,2.9,3.1,5242,0
JWW,D,20170817,000000,2.9,2.99,2.61,2.72,10478,0
JWW,D,20170818,000000,2.71,2.82,2.67,2.7,3430,0
JWW,D,20170821,000000,2.7,2.8,2.7,2.77,590,0
JWW,D,20170822,000000,2.78,2.78,2.7,2.75,1134,0
JWW,D,20170823,000000,2.76,2.76,2.65,2.65,1219,0
JWW,D,20170824,000000,2.69,2.69,2.5,2.6,1112,0
JWW,D,20170825,000000,2.6,2.62,2.51,2.62,1194,0
JWW,D,20170829,000000,2.6,2.62,2.6,2.62,1110,0
JWW,D,20170830,000000,2.62,2.62,2.62,2.62,5,0
JWW,D,20170831,000000,2.6,2.78,2.6,2.78,3719,0
JWW,D,20170901,000000,2.61,2.7,2.6,2.7,2585,0
JWW,D,20170904,000000,2.58,2.66,2.57,2.66,7418,0
JWW,D,20170905,000000,2.55,2.62,2.52,2.52,5217,0
JWW,D,20170906,000000,2.54,2.54,2.54,2.54,5,0
JWW,D,20170907,000000,2.43,2.51,2.43,2.51,16,0
JWW,D,20170908,000000,2.43,2.53,2.41,2.41,2409,0
JWW,D,20170911,000000,2.41,2.41,2.35,2.35,590,0
JWW,D,20170912,000000,2.33,2.34,2.33,2.34,176,0
JWW,D,20170913,000000,2.4,2.4,2.33,2.35,253,0
JWW,D,20170914,000000,2.4,2.4,2.4,2.4,300,0
JWW,D,20170915,000000,2.38,2.38,2.38,2.38,245,0
JWW,D,20170918,000000,2.32,2.32,2.32,2.32,2306,0
JWW,D,20170919,000000,2.32,2.32,2.32,2.32,825,0
JWW,D,20170920,000000,2.35,2.36,2.35,2.36,300,0
JWW,D,20170921,000000,2.35,2.35,2.35,2.35,46,0
JWW,D,20170922,000000,2.35,2.35,2.3,2.3,15,0
JWW,D,20170925,000000,2.35,2.39,2.35,2.39,6040,0
JWW,D,20170926,000000,2.39,2.58,2.39,2.4,13491,0
JWW,D,20170927,000000,2.4,2.5,2.39,2.45,5120,0
JWW,D,20170928,000000,2.45,2.45,2.4,2.4,2145,0
JWW,D,20170929,000000,2.4,2.41,2.39,2.4,3226,0
JWW,D,20171002,000000,2.4,2.4,2.4,2.4,90,0
JWW,D,20171003,000000,2.4,2.4,2.35,2.4,990,0
JWW,D,20171004,000000,2.35,2.35,2.34,2.34,5260,0
JWW,D,20171005,000000,2.34,2.46,2.29,2.46,6413,0
JWW,D,20171006,000000,2.45,2.45,2.37,2.37,1005,0
JWW,D,20171009,000000,2.35,2.35,2.28,2.28,2590,0
JWW,D,20171011,000000,2.25,2.25,2.25,2.25,395,0
JWW,D,20171012,000000,2.24,2.24,2.23,2.23,6240,0
JWW,D,20171013,000000,2.15,2.23,2.15,2.23,1416,0
JWW,D,20171017,000000,2.2,2.2,2.2,2.2,250,0
JWW,D,20171018,000000,2.23,2.23,2.16,2.23,197,0
JWW,D,20171019,000000,2.23,2.23,2.16,2.23,423,0
JWW,D,20171020,000000,2.16,2.16,2.02,2.02,13679,0
JWW,D,20171023,000000,2.06,2.06,2.06,2.06,10,0
JWW,D,20171024,000000,2.06,2.06,1.98,1.98,4270,0
JWW,D,20171025,000000,1.98,1.98,1.98,1.98,50,0
JWW,D,20171026,000000,1.98,1.98,1.98,1.98,5,0
JWW,D,20171027,000000,1.98,1.98,1.98,1.98,44,0
JWW,D,20171030,000000,1.9,1.98,1.9,1.98,6611,0
JWW,D,20171031,000000,1.98,1.98,1.98,1.98,1,0
JWW,D,20171102,000000,1.97,1.98,1.95,1.98,2713,0
JWW,D,20171103,000000,1.98,1.98,1.98,1.98,47,0
JWW,D,20171106,000000,1.98,1.98,1.98,1.98,55,0
JWW,D,20171108,000000,1.98,1.98,1.98,1.98,50,0
JWW,D,20171109,000000,1.98,1.98,1.98,1.98,44,0
JWW,D,20171110,000000,1.92,1.92,1.9,1.9,154,0
JWW,D,20171113,000000,1.9,1.9,1.9,1.9,15,0
JWW,D,20171114,000000,1.92,1.92,1.92,1.92,54,0
JWW,D,20171115,000000,1.92,1.92,1.92,1.92,146,0
JWW,D,20171116,000000,1.96,1.96,1.96,1.96,15,0
JWW,D,20171117,000000,1.96,1.96,1.95,1.95,41,0
JWW,D,20171120,000000,1.95,1.95,1.95,1.95,51,0
JWW,D,20171121,000000,1.95,1.96,1.87,1.96,323,0
JWW,D,20171122,000000,1.95,1.95,1.95,1.95,41,0
JWW,D,20171123,000000,1.95,1.95,1.95,1.95,44,0
JWW,D,20171124,000000,1.95,1.95,1.95,1.95,15,0
JWW,D,20171127,000000,1.95,1.95,1.95,1.95,50,0
JWW,D,20171128,000000,1.95,1.95,1.95,1.95,55,0
JWW,D,20171129,000000,1.95,1.95,1.95,1.95,95,0
JWW,D,20171130,000000,1.95,1.95,1.95,1.95,15,0
JWW,D,20171201,000000,1.95,1.95,1.95,1.95,47,0
JWW,D,20171204,000000,1.95,1.95,1.87,1.87,7221,0
JWW,D,20171205,000000,1.86,1.86,1.86,1.86,100,0
JWW,D,20171206,000000,1.9,1.9,1.89,1.89,205,0
JWW,D,20171207,000000,1.9,1.9,1.83,1.83,345,0
JWW,D,20171208,000000,1.87,1.87,1.87,1.87,100,0
JWW,D,20171211,000000,1.88,1.88,1.88,1.88,25,0
JWW,D,20171212,000000,1.88,1.88,1.87,1.87,333,0
JWW,D,20171213,000000,1.87,1.87,1.82,1.82,325,0
JWW,D,20171214,000000,1.82,1.85,1.82,1.85,50,0
JWW,D,20171215,000000,1.85,1.85,1.85,1.85,50,0
JWW,D,20171218,000000,1.85,1.85,1.8,1.83,1275,0
JWW,D,20171219,000000,1.81,1.81,1.74,1.74,1428,0
JWW,D,20171220,000000,1.75,1.8,1.75,1.75,357,0
JWW,D,20171221,000000,1.73,1.75,1.68,1.68,6332,0
JWW,D,20171222,000000,1.7,1.7,1.63,1.63,15,0
JWW,D,20171227,000000,1.7,1.71,1.63,1.71,2173,0
JWW,D,20171228,000000,1.71,1.71,1.71,1.71,15,0
JWW,D,20171229,000000,1.71,1.71,1.63,1.63,100,0
JWW,D,20180103,000000,1.6,1.6,1.51,1.51,9285,0
JWW,D,20180104,000000,1.53,1.53,1.52,1.53,1760,0
JWW,D,20180105,000000,1.53,1.53,1.46,1.46,3312,0
JWW,D,20180108,000000,1.45,1.45,1.45,1.45,60,0
JWW,D,20180109,000000,1.45,1.45,1.45,1.45,73,0
JWW,D,20180110,000000,1.45,1.56,1.45,1.56,6936,0
JWW,D,20180111,000000,1.56,1.6,1.55,1.6,709,0
JWW,D,20180112,000000,1.6,1.6,1.6,1.6,30,0
JWW,D,20180115,000000,1.53,1.6,1.53,1.55,54,0
JWW,D,20180116,000000,1.55,1.6,1.51,1.6,2730,0
JWW,D,20180117,000000,1.51,1.51,1.51,1.51,10,0
JWW,D,20180118,000000,1.59,1.59,1.51,1.51,55,0
JWW,D,20180119,000000,1.51,1.51,1.51,1.51,5,0
JWW,D,20180122,000000,1.53,1.6,1.53,1.6,540,0
JWW,D,20180123,000000,1.6,1.63,1.6,1.63,2520,0
JWW,D,20180124,000000,1.63,1.63,1.63,1.63,50,0
JWW,D,20180125,000000,1.63,1.63,1.63,1.63,20,0
JWW,D,20180126,000000,1.63,1.64,1.63,1.64,620,0
JWW,D,20180129,000000,1.6,1.63,1.6,1.63,260,0
JWW,D,20180130,000000,1.63,1.63,1.62,1.62,58,0
JWW,D,20180131,000000,1.63,1.63,1.63,1.63,10,0
JWW,D,20180201,000000,1.63,1.63,1.54,1.63,5394,0
JWW,D,20180202,000000,1.62,1.62,1.62,1.62,10,0
JWW,D,20180205,000000,1.63,1.63,1.63,1.63,160,0
JWW,D,20180206,000000,1.62,1.62,1.59,1.59,20,0
JWW,D,20180207,000000,1.59,1.59,1.59,1.59,551,0
JWW,D,20180208,000000,1.6,1.63,1.6,1.63,1550,0
JWW,D,20180209,000000,1.6,1.6,1.6,1.6,1045,0
JWW,D,20180212,000000,1.6,1.6,1.6,1.6,972,0
JWW,D,20180213,000000,1.6,1.6,1.6,1.6,444,0
JWW,D,20180214,000000,1.58,1.58,1.5,1.55,15700,0
JWW,D,20180215,000000,1.55,1.58,1.55,1.58,15,0
JWW,D,20180216,000000,1.6,1.6,1.6,1.6,10,0
JWW,D,20180219,000000,1.6,1.6,1.6,1.6,10,0
JWW,D,20180220,000000,1.6,1.6,1.6,1.6,10,0
JWW,D,20180221,000000,1.6,1.61,1.6,1.61,20,0
JWW,D,20180222,000000,1.61,1.61,1.61,1.61,10,0
JWW,D,20180223,000000,1.61,1.61,1.61,1.61,20,0
JWW,D,20180226,000000,1.6,1.6,1.6,1.6,35,0
JWW,D,20180227,000000,1.52,1.52,1.52,1.52,1200,0
JWW,D,20180228,000000,1.53,1.6,1.53,1.6,301,0
JWW,D,20180302,000000,1.57,1.59,1.55,1.59,3349,0
JWW,D,20180305,000000,1.59,1.59,1.59,1.59,55,0
JWW,D,20180306,000000,1.59,1.59,1.59,1.59,60,0
JWW,D,20180307,000000,1.55,1.56,1.5,1.56,1636,0
JWW,D,20180308,000000,1.56,1.56,1.56,1.56,45,0
JWW,D,20180312,000000,1.56,1.58,1.56,1.58,1335,0
JWW,D,20180313,000000,1.54,1.54,1.54,1.54,1651,0
JWW,D,20180314,000000,1.57,1.57,1.5,1.54,450,0
JWW,D,20180315,000000,1.54,1.54,1.54,1.54,40,0
JWW,D,20180316,000000,1.54,1.54,1.53,1.53,250,0
JWW,D,20180319,000000,1.54,1.54,1.54,1.54,25,0
JWW,D,20180320,000000,1.54,1.54,1.54,1.54,20,0
JWW,D,20180321,000000,1.54,1.54,1.54,1.54,10,0
JWW,D,20180322,000000,1.54,1.56,1.5,1.5,5258,0
JWW,D,20180323,000000,1.5,1.5,1.49,1.5,350,0
JWW,D,20180326,000000,1.5,1.5,1.5,1.5,100,0
JWW,D,20180327,000000,1.47,1.47,1.46,1.46,500,0
JWW,D,20180328,000000,1.46,1.46,1.46,1.46,100,0
JWW,D,20180329,000000,1.46,1.51,1.46,1.51,111,0
JWW,D,20180403,000000,1.51,1.51,1.51,1.51,10,0
JWW,D,20180404,000000,1.47,1.47,1.47,1.47,55,0
JWW,D,20180405,000000,1.47,1.47,1.47,1.47,10,0
JWW,D,20180406,000000,1.49,1.49,1.49,1.49,48,0
JWW,D,20180409,000000,1.49,1.49,1.49,1.49,52,0
JWW,D,20180410,000000,1.5,1.5,1.5,1.5,20,0
JWW,D,20180412,000000,1.5,1.5,1.5,1.5,15,0
JWW,D,20180413,000000,1.5,1.5,1.5,1.5,10,0
JWW,D,20180416,000000,1.5,1.5,1.5,1.5,22,0
JWW,D,20180417,000000,1.49,1.5,1.49,1.5,110,0
JWW,D,20180418,000000,1.5,1.5,1.49,1.49,60,0
JWW,D,20180419,000000,1.49,1.49,1.49,1.49,50,0
JWW,D,20180420,000000,1.5,1.5,1.5,1.5,5,0
JWW,D,20180423,000000,1.49,1.49,1.4,1.4,10425,0
JWW,D,20180424,000000,1.4,1.4,1.4,1.4,50,0
JWW,D,20180425,000000,1.4,1.4,1.33,1.33,3410,0
JWW,D,20180426,000000,1.35,1.35,1.35,1.35,10,0
JWW,D,20180427,000000,1.3,1.3,1.3,1.3,5,0
JWW,D,20180430,000000,1.3,1.3,1.29,1.29,605,0
JWW,D,20180502,000000,1.29,1.29,1.29,1.29,60,0
JWW,D,20180504,000000,1.29,1.29,1.29,1.29,55,0
JWW,D,20180507,000000,1.29,1.29,1.29,1.29,50,0
JWW,D,20180508,000000,1.29,1.29,1.29,1.29,50,0
JWW,D,20180509,000000,1.29,1.29,1.29,1.29,5,0
JWW,D,20180510,000000,1.29,1.29,1.29,1.29,10,0
JWW,D,20180511,000000,1.29,1.29,1.24,1.24,5476,0
JWW,D,20180514,000000,1.23,1.24,1.23,1.24,4500,0
JWW,D,20180515,000000,1.24,1.24,1.16,1.16,200,0
JWW,D,20180516,000000,1.16,1.16,1.16,1.16,780,0
JWW,D,20180517,000000,1.2,1.2,1.2,1.2,132,0
JWW,D,20180518,000000,1.2,1.2,1.2,1.2,30,0
JWW,D,20180521,000000,1.2,1.2,1.2,1.2,50,0
JWW,D,20180522,000000,1.2,1.2,1.2,1.2,50,0
JWW,D,20180523,000000,1.2,1.2,1.2,1.2,50,0
JWW,D,20180524,000000,1.2,1.2,1.2,1.2,46,0
JWW,D,20180525,000000,1.2,1.2,1.2,1.2,50,0
JWW,D,20180528,000000,1.2,1.2,1.2,1.2,50,0
JWW,D,20180529,000000,1.2,1.2,1.2,1.2,50,0
JWW,D,20180530,000000,1.2,1.2,1.2,1.2,50,0
JWW,D,20180601,000000,1.2,1.2,1.2,1.2,49,0
JWW,D,20180604,000000,1.2,1.2,1.2,1.2,50,0
JWW,D,20180605,000000,1.2,1.2,1.2,1.2,5,0
JWW,D,20180606,000000,1.2,1.2,1.2,1.2,70,0
JWW,D,20180607,000000,1.2,1.2,1.2,1.2,60,0
JWW,D,20180608,000000,1.2,1.2,1.2,1.2,60,0
JWW,D,20180611,000000,1.2,1.2,1.2,1.2,61,0
JWW,D,20180612,000000,1.2,1.2,1.2,1.2,35,0
JWW,D,20180613,000000,1.2,1.2,1.2,1.2,50,0
JWW,D,20180614,000000,1.2,1.2,1.2,1.2,60,0
JWW,D,20180615,000000,1.2,1.2,1.2,1.2,74,0
JWW,D,20180618,000000,1.21,1.21,1.1,1.1,14465,0
JWW,D,20180619,000000,1.12,1.12,1.12,1.12,55,0
JWW,D,20180620,000000,1.12,1.12,1.05,1.05,1005,0
JWW,D,20180621,000000,1,1,1,1,7555,0
JWW,D,20180622,000000,1,1,1,1,20,0
JWW,D,20180627,000000,1.02,1.02,1.02,1.02,10,0
JWW,D,20180628,000000,1.01,1.01,1.01,1.01,10,0
JWW,D,20180629,000000,1.01,1.01,1.01,1.01,5,0
JWW,D,20180702,000000,1.01,1.01,1.01,1.01,1000,0
JWW,D,20180703,000000,1.02,1.02,1.02,1.02,5,0
JWW,D,20180704,000000,1.01,1.01,1.01,1.01,30,0
JWW,D,20180705,000000,1.01,1.01,1.01,1.01,945,0
JWW,D,20180706,000000,1.01,1.02,1.01,1.02,1030,0
JWW,D,20180709,000000,1.02,1.02,1.02,1.02,10,0
JWW,D,20180710,000000,1.02,1.02,1.02,1.02,80,0
JWW,D,20180711,000000,1.03,1.03,1.03,1.03,200,0
JWW,D,20180712,000000,1.03,1.03,1.03,1.03,1000,0
JWW,D,20180717,000000,1,1.08,1,1.08,7165,0
JWW,D,20180718,000000,1.05,1.07,1.05,1.07,1010,0
JWW,D,20180719,000000,1.07,1.07,1.07,1.07,20,0
JWW,D,20180720,000000,1.09,1.09,1.09,1.09,75,0
JWW,D,20180723,000000,1.09,1.1,1.09,1.1,55,0
JWW,D,20180724,000000,1.1,1.1,1.1,1.1,65,0
JWW,D,20180725,000000,1.1,1.1,1.1,1.1,60,0
JWW,D,20180726,000000,1.1,1.15,1.1,1.15,15,0
JWW,D,20180727,000000,1.15,1.15,1.15,1.15,10,0
JWW,D,20180806,000000,1.15,1.15,1.15,1.15,10,0
JWW,D,20180807,000000,1.1,1.17,1.1,1.17,3890,0
JWW,D,20180808,000000,1.18,1.18,1.18,1.18,10,0
JWW,D,20180809,000000,1.18,1.18,1.18,1.18,450,0
JWW,D,20180810,000000,1.19,1.19,1.19,1.19,20,0
JWW,D,20180813,000000,1.19,1.19,1.19,1.19,10,0
JWW,D,20180814,000000,1.19,1.19,1.19,1.19,20,0
JWW,D,20180816,000000,1.19,1.19,1.19,1.19,10,0
JWW,D,20180817,000000,1.19,1.19,1.19,1.19,10,0
JWW,D,20180820,000000,1.19,1.21,1.19,1.21,1285,0
JWW,D,20180821,000000,1.21,1.21,1.21,1.21,80,0
JWW,D,20180822,000000,1.2,1.2,1.11,1.11,13761,0
JWW,D,20180823,000000,1.11,1.11,1.05,1.05,6297,0
JWW,D,20180824,000000,1.1,1.1,1.04,1.04,430,0
JWW,D,20180827,000000,1.02,1.08,1.02,1.08,1295,0
JWW,D,20180828,000000,1.08,1.08,1.08,1.08,160,0
JWW,D,20180829,000000,1.08,1.08,1.08,1.08,20,0
JWW,D,20180830,000000,1.08,1.08,1.08,1.08,160,0
JWW,D,20180831,000000,1.08,1.08,1.08,1.08,10,0
JWW,D,20180903,000000,1.08,1.08,1.07,1.07,150,0
JWW,D,20180904,000000,1.07,1.07,1.07,1.07,60,0
JWW,D,20180905,000000,1.07,1.07,1.07,1.07,70,0
JWW,D,20180906,000000,1.07,1.07,1.07,1.07,100,0
JWW,D,20180907,000000,1.07,1.07,1.07,1.07,525,0
JWW,D,20180910,000000,1.08,1.08,1.08,1.08,10,0
JWW,D,20180911,000000,1.08,1.08,1.05,1.05,295,0
JWW,D,20180912,000000,1.08,1.08,1.07,1.07,1770,0
JWW,D,20180913,000000,1.08,1.09,1.08,1.09,80,0
JWW,D,20180914,000000,1.09,1.1,1.09,1.1,100,0
JWW,D,20180917,000000,1.1,1.1,1.1,1.1,634,0
JWW,D,20180918,000000,1.1,1.1,1.1,1.1,513,0
JWW,D,20180919,000000,1.1,1.1,1.01,1.01,932,0
JWW,D,20180920,000000,1.01,1.02,1.01,1.02,1010,0
JWW,D,20180921,000000,1.06,1.06,1.01,1.06,30,0
JWW,D,20180924,000000,1.06,1.06,1.06,1.06,15,0
JWW,D,20180925,000000,1.06,1.06,1.06,1.06,10,0
JWW,D,20180926,000000,1.06,1.06,1.06,1.06,20,0
JWW,D,20180927,000000,1.06,1.06,1.06,1.06,10,0
JWW,D,20180928,000000,1.06,1.06,1.06,1.06,10,0
JWW,D,20181001,000000,1.06,1.06,1,1,2010,0
JWW,D,20181002,000000,1.06,1.06,1.06,1.06,10,0
JWW,D,20181003,000000,1.06,1.06,1.06,1.06,10,0
JWW,D,20181004,000000,1.05,1.05,1.05,1.05,5,0
JWW,D,20181005,000000,1.05,1.05,1.05,1.05,55,0
JWW,D,20181008,000000,1.05,1.05,1.05,1.05,60,0
JWW,D,20181009,000000,1.05,1.05,1.05,1.05,5,0
JWW,D,20181010,000000,1.05,1.05,1.05,1.05,10,0
JWW,D,20181015,000000,1.05,1.07,1.05,1.07,2976,0
JWW,D,20181016,000000,1.07,1.07,1,1.06,2061,0
JWW,D,20181017,000000,1.06,1.06,1.06,1.06,10,0
JWW,D,20181018,000000,1.06,1.06,1.06,1.06,10,0
JWW,D,20181019,000000,1.06,1.06,1.06,1.06,10,0
JWW,D,20181022,000000,1.06,1.06,1,1,659,0
JWW,D,20181023,000000,1,1,1,1,10,0
JWW,D,20181025,000000,0.95,0.95,0.95,0.95,1000,0
JWW,D,20181102,000000,0.95,0.95,0.95,0.95,100,0
JWW,D,20181109,000000,0.95,0.95,0.95,0.95,100,0
JWW,D,20181113,000000,1.03,1.03,1.03,1.03,10,0
JWW,D,20181116,000000,1,1,1,1,10,0
JWW,D,20181119,000000,1,1,1,1,120,0
JWW,D,20181121,000000,1,1,1,1,12,0
JWW,D,20181122,000000,1,1,1,1,10,0
JWW,D,20181123,000000,1,1,1,1,256,0
JWW,D,20181127,000000,1,1,1,1,60,0
JWW,D,20181128,000000,1,1,1,1,10,0
JWW,D,20181129,000000,1,1,1,1,10,0
JWW,D,20181130,000000,1,1,1,1,500,0
JWW,D,20181203,000000,1,1,1,1,10,0
JWW,D,20181204,000000,1,1.02,1,1.02,20,0
JWW,D,20181217,000000,1,1,1,1,2000,0
JWW,D,20181218,000000,1.02,1.02,0.96,0.97,1675,0
JWW,D,20181219,000000,1,1.01,1,1.01,410,0
JWW,D,20181220,000000,1,1.01,1,1.01,115,0
JWW,D,20181221,000000,1.01,1.01,1.01,1.01,10,0
JWW,D,20181227,000000,1.01,1.01,1.01,1.01,10,0
JWW,D,20181228,000000,1.01,1.01,1.01,1.01,10,0
JWW,D,20190102,000000,1.04,1.04,1.04,1.04,10,0
JWW,D,20190103,000000,1.04,1.04,1.04,1.04,50,0
JWW,D,20190104,000000,1.04,1.04,1.04,1.04,45,0
JWW,D,20190107,000000,1.04,1.04,1.04,1.04,25,0
JWW,D,20190108,000000,1.04,1.04,1.04,1.04,50,0
JWW,D,20190109,000000,1.04,1.04,1.04,1.04,50,0
JWW,D,20190110,000000,1.04,1.04,1.04,1.04,55,0
JWW,D,20190111,000000,1.04,1.04,1.04,1.04,5,0
JWW,D,20190114,000000,1.04,1.04,1.04,1.04,50,0
JWW,D,20190115,000000,1.04,1.04,1.04,1.04,50,0
JWW,D,20190116,000000,1.04,1.04,1.04,1.04,50,0
JWW,D,20190117,000000,1.04,1.04,1.04,1.04,50,0
JWW,D,20190118,000000,1.03,1.03,1.03,1.03,75,0
JWW,D,20190121,000000,1.03,1.03,1.03,1.03,55,0
JWW,D,20190122,000000,1.03,1.03,1.03,1.03,50,0
JWW,D,20190123,000000,1.03,1.03,1.03,1.03,50,0
JWW,D,20190124,000000,1.03,1.03,1.03,1.03,50,0
JWW,D,20190125,000000,1.03,1.03,1.03,1.03,20,0
JWW,D,20190131,000000,1.05,1.05,1.05,1.05,10,0
JWW,D,20190201,000000,1.05,1.05,1.05,1.05,5,0
JWW,D,20190204,000000,1.05,1.05,1.05,1.05,5,0
JWW,D,20190205,000000,1.05,1.06,1.05,1.05,605,0
JWW,D,20190206,000000,1.05,1.05,1.05,1.05,50,0
JWW,D,20190207,000000,1.05,1.05,1.05,1.05,50,0
JWW,D,20190208,000000,1.05,1.05,1.05,1.05,55,0
JWW,D,20190211,000000,1.05,1.05,1.05,1.05,50,0
JWW,D,20190212,000000,1.05,1.05,1.05,1.05,50,0
JWW,D,20190213,000000,1.06,1.06,1.05,1.05,60,0
JWW,D,20190215,000000,1.05,1.05,1.05,1.05,15,0
JWW,D,20190218,000000,1.05,1.05,1.05,1.05,15,0
JWW,D,20190219,000000,1.05,1.05,1.05,1.05,40,0
JWW,D,20190220,000000,1.05,1.05,1.05,1.05,30,0
JWW,D,20190221,000000,1.05,1.05,1.05,1.05,475,0
JWW,D,20190222,000000,1.05,1.07,1.05,1.07,460,0
JWW,D,20190225,000000,1.08,1.08,1.08,1.08,10,0
JWW,D,20190226,000000,1.08,1.1,1.08,1.1,4640,0
JWW,D,20190227,000000,1.1,1.1,1.1,1.1,40,0
JWW,D,20190228,000000,1.1,1.1,1.05,1.1,5010,0
JWW,D,20190301,000000,1.1,1.1,1.1,1.1,10,0
JWW,D,20190307,000000,1.02,1.02,1.02,1.02,1530,0
JWW,D,20190308,000000,1.05,1.1,1.05,1.09,3667,0
JWW,D,20190311,000000,1.09,1.09,1.09,1.09,190,0
JWW,D,20190312,000000,1.09,1.09,1.09,1.09,100,0
JWW,D,20190313,000000,1.09,1.09,1.09,1.09,50,0
JWW,D,20190314,000000,1.09,1.09,1.01,1.01,1775,0
JWW,D,20190315,000000,1.01,1.01,1.01,1.01,105,0
JWW,D,20190320,000000,1.07,1.07,1.07,1.07,590,0
JWW,D,20190321,000000,1.07,1.07,1.07,1.07,10,0
JWW,D,20190322,000000,1.07,1.07,1.07,1.07,10,0
JWW,D,20190325,000000,1.07,1.07,1.07,1.07,10,0
JWW,D,20190326,000000,1.03,1.05,1.03,1.03,1620,0
JWW,D,20190328,000000,1.05,1.05,1.05,1.05,10,0
JWW,D,20190329,000000,1.05,1.05,1.05,1.05,10,0
JWW,D,20190402,000000,1.05,1.05,1.05,1.05,10,0
JWW,D,20190403,000000,1.05,1.05,1.05,1.05,10,0
JWW,D,20190404,000000,1.05,1.05,1.05,1.05,10,0
JWW,D,20190405,000000,1.05,1.05,1,1,1510,0
JWW,D,20190408,000000,1,1.05,1,1.05,350,0
JWW,D,20190409,000000,1.05,1.05,1.05,1.05,10,0
JWW,D,20190415,000000,1.02,1.02,1.02,1.02,162,0
JWW,D,20190416,000000,1.03,1.03,1.03,1.03,370,0
JWW,D,20190417,000000,1.03,1.03,1.03,1.03,130,0
JWW,D,20190418,000000,1.03,1.03,1.03,1.03,80,0
JWW,D,20190423,000000,1.03,1.03,1.03,1.03,935,0
JWW,D,20190424,000000,1.03,1.03,1.03,1.03,200,0
JWW,D,20190425,000000,1.03,1.03,1.03,1.03,110,0
JWW,D,20190426,000000,1.03,1.03,1.03,1.03,100,0
JWW,D,20190429,000000,1.03,1.04,1.03,1.04,130,0
JWW,D,20190430,000000,1.03,1.03,1.03,1.03,100,0
JWW,D,20190502,000000,1.03,1.03,1.03,1.03,60,0
JWW,D,20190506,000000,1.03,1.03,1.03,1.03,100,0
JWW,D,20190507,000000,1.03,1.03,1.03,1.03,100,0
JWW,D,20190508,000000,1.03,1.03,1.03,1.03,10,0
JWW,D,20190509,000000,1.03,1.03,1.03,1.03,10,0
JWW,D,20190510,000000,1.03,1.03,1.03,1.03,10,0
JWW,D,20190513,000000,1.03,1.03,1.03,1.03,80,0
JWW,D,20190514,000000,1.03,1.03,1.03,1.03,60,0
JWW,D,20190515,000000,1.04,1.04,1.04,1.04,100,0
JWW,D,20190516,000000,1.04,1.04,1.04,1.04,220,0
JWW,D,20190517,000000,1.04,1.04,1.04,1.04,150,0
JWW,D,20190520,000000,1.04,1.04,1.04,1.04,110,0
JWW,D,20190521,000000,1.04,1.04,1.03,1.03,336,0
JWW,D,20190522,000000,1.03,1.03,1.03,1.03,100,0
JWW,D,20190523,000000,1.03,1.03,1.03,1.03,100,0
JWW,D,20190524,000000,1.04,1.06,1.03,1.06,600,0
JWW,D,20190527,000000,1.05,1.05,1.05,1.05,50,0
JWW,D,20190528,000000,1.06,1.07,1.06,1.07,1000,0
JWW,D,20190529,000000,1.07,1.07,1.07,1.07,10,0
JWW,D,20190530,000000,1.07,1.07,1.07,1.07,10,0
JWW,D,20190531,000000,1.07,1.07,1.07,1.07,10,0
JWW,D,20190603,000000,1.07,1.07,1.07,1.07,10,0
JWW,D,20190604,000000,1.07,1.11,1.07,1.11,3500,0
JWW,D,20190605,000000,1.13,1.16,1.13,1.16,3000,0
JWW,D,20190606,000000,1.18,1.18,1.18,1.18,20,0
JWW,D,20190607,000000,1.17,1.2,1.17,1.2,1373,0
JWW,D,20190610,000000,1.2,1.2,1.2,1.2,10,0
JWW,D,20190611,000000,1.2,1.2,1.2,1.2,10,0
JWW,D,20190612,000000,1.2,1.2,1.2,1.2,10,0
JWW,D,20190613,000000,1.2,1.2,1.15,1.15,915,0
JWW,D,20190619,000000,1.19,1.19,1.14,1.14,110,0
JWW,D,20190621,000000,1.19,1.2,1.19,1.2,150,0
JWW,D,20190624,000000,1.2,1.2,1.13,1.17,1660,0
JWW,D,20190625,000000,1.17,1.17,1.17,1.17,265,0
JWW,D,20190626,000000,1.17,1.17,1.17,1.17,120,0
JWW,D,20190627,000000,1.17,1.17,1.17,1.17,135,0
JWW,D,20190628,000000,1.17,1.17,1.17,1.17,120,0
JWW,D,20190702,000000,1.17,1.17,1.17,1.17,160,0
JWW,D,20190703,000000,1.17,1.17,1.17,1.17,30,0
JWW,D,20190704,000000,1.17,1.17,1.17,1.17,20,0
JWW,D,20190705,000000,1.165,1.165,1.165,1.165,10,0
JWW,D,20190708,000000,1.17,1.17,1.17,1.17,20,0
JWW,D,20190709,000000,1.17,1.17,1.17,1.17,20,0
JWW,D,20190710,000000,1.17,1.17,1.17,1.17,40,0
JWW,D,20190711,000000,1.12,1.17,1.1,1.1,1956,0
JWW,D,20190712,000000,1.1,1.1,1.1,1.1,30,0
JWW,D,20190715,000000,1.1,1.1,1.09,1.1,110,0
JWW,D,20190716,000000,1.1,1.11,1.1,1.11,104,0
JWW,D,20190717,000000,1.11,1.11,1.11,1.11,40,0
JWW,D,20190718,000000,1.11,1.11,1.11,1.11,261,0
JWW,D,20190722,000000,1.11,1.11,1.11,1.11,490,0
JWW,D,20190723,000000,1.1,1.1,1.07,1.07,241,0
JWW,D,20190724,000000,1.07,1.07,1.07,1.07,20,0
JWW,D,20190725,000000,1.08,1.08,1.08,1.08,30,0
JWW,D,20190726,000000,1.08,1.09,1.08,1.09,30,0
JWW,D,20190730,000000,1.09,1.09,1.09,1.09,300,0
JWW,D,20190731,000000,1.09,1.12,1.09,1.12,50,0
JWW,D,20190801,000000,1.1,1.1,1.1,1.1,10,0
JWW,D,20190802,000000,1.04,1.04,1.04,1.04,500,0
JWW,D,20190806,000000,1.12,1.12,1.07,1.07,750,0
JWW,D,20190808,000000,1.09,1.09,1.09,1.09,12,0
JWW,D,20190812,000000,1.08,1.08,1.08,1.08,40,0
JWW,D,20190813,000000,1.08,1.08,1.08,1.08,30,0
JWW,D,20190814,000000,1.08,1.08,1.08,1.08,30,0
JWW,D,20190816,000000,1.08,1.08,1.08,1.08,40,0
JWW,D,20190819,000000,1.08,1.08,1.08,1.08,60,0
JWW,D,20190820,000000,1.08,1.08,1.08,1.08,40,0
JWW,D,20190821,000000,1.08,1.09,1.08,1.09,71,0
JWW,D,20190822,000000,1.09,1.09,1.08,1.08,110,0
JWW,D,20190823,000000,1.08,1.08,1.08,1.08,30,0
JWW,D,20190826,000000,1.08,1.08,1.08,1.08,50,0
JWW,D,20190827,000000,1.08,1.08,1.08,1.08,10,0
JWW,D,20190828,000000,1.08,1.08,1.08,1.08,10,0
JWW,D,20190829,000000,1.09,1.09,1.09,1.09,10,0
JWW,D,20190830,000000,1.09,1.09,1.09,1.09,10,0
JWW,D,20190902,000000,1.09,1.09,1.09,1.09,20,0
JWW,D,20190903,000000,1.09,1.09,1.08,1.08,100,0
JWW,D,20190904,000000,1.08,1.09,1.08,1.09,20,0
JWW,D,20190905,000000,1.09,1.09,1.09,1.09,10,0
JWW,D,20190906,000000,1.09,1.09,1.09,1.09,10,0
JWW,D,20190909,000000,1.09,1.09,1.09,1.09,10,0
JWW,D,20190910,000000,1.09,1.09,1.09,1.09,10,0
JWW,D,20190911,000000,1.09,1.09,1.07,1.07,110,0
JWW,D,20190912,000000,1.07,1.07,1.07,1.07,460,0
JWW,D,20190913,000000,1.07,1.07,1.07,1.07,160,0
JWW,D,20190916,000000,1.07,1.09,1.07,1.09,397,0
JWW,D,20190917,000000,1.08,1.11,1.08,1.11,475,0
JWW,D,20190919,000000,1.11,1.11,1.11,1.11,100,0
JWW,D,20190920,000000,1.11,1.11,1.11,1.11,100,0
JWW,D,20190923,000000,1.11,1.11,1.11,1.11,100,0
JWW,D,20190924,000000,1.11,1.17,1.11,1.17,7510,0
JWW,D,20190925,000000,1.22,1.34,1.22,1.34,10165,0
JWW,D,20190926,000000,1.4,1.54,1.4,1.54,14717,0
JWW,D,20190927,000000,1.6,1.67,1.6,1.61,10045,0
JWW,D,20190930,000000,1.61,1.7,1.6,1.7,9639,0
JWW,D,20191001,000000,1.65,1.75,1.65,1.75,1150,0
JWW,D,20191002,000000,1.8,1.8,1.8,1.8,255,0
JWW,D,20191003,000000,1.8,1.8,1.8,1.8,100,0
JWW,D,20191004,000000,1.8,1.8,1.71,1.71,4396,0
JWW,D,20191007,000000,1.61,1.61,1.61,1.61,4659,0
JWW,D,20191008,000000,1.52,1.52,1.52,1.52,4935,0
JWW,D,20191009,000000,1.52,1.52,1.52,1.52,65,0
JWW,D,20191010,000000,1.42,1.42,1.34,1.35,15782,0
JWW,D,20191011,000000,1.38,1.38,1.38,1.38,10,0
JWW,D,20191015,000000,1.37,1.37,1.37,1.37,30,0
JWW,D,20191016,000000,1.37,1.37,1.37,1.37,10,0
JWW,D,20191017,000000,1.31,1.36,1.31,1.36,75,0
JWW,D,20191018,000000,1.36,1.36,1.36,1.36,10,0
JWW,D,20191021,000000,1.36,1.37,1.36,1.37,5010,0
JWW,D,20191022,000000,1.39,1.39,1.39,1.39,285,0
JWW,D,20191023,000000,1.39,1.39,1.34,1.34,922,0
JWW,D,20191024,000000,1.38,1.38,1.38,1.38,10,0
JWW,D,20191025,000000,1.38,1.38,1.38,1.38,10,0
JWW,D,20191028,000000,1.38,1.38,1.38,1.38,10,0
JWW,D,20191029,000000,1.36,1.42,1.36,1.42,1454,0
JWW,D,20191030,000000,1.42,1.44,1.42,1.44,215,0
JWW,D,20191031,000000,1.44,1.44,1.44,1.44,220,0
JWW,D,20191104,000000,1.44,1.44,1.44,1.44,20,0
JWW,D,20191105,000000,1.44,1.44,1.44,1.44,10,0
JWW,D,20191106,000000,1.44,1.44,1.44,1.44,20,0
JWW,D,20191107,000000,1.36,1.45,1.36,1.45,1360,0
JWW,D,20191108,000000,1.45,1.45,1.45,1.45,10,0
JWW,D,20191112,000000,1.45,1.45,1.36,1.37,1554,0
JWW,D,20191113,000000,1.45,1.45,1.45,1.45,10,0
JWW,D,20191114,000000,1.45,1.45,1.45,1.45,10,0
JWW,D,20191115,000000,1.45,1.45,1.45,1.45,10,0
JWW,D,20191119,000000,1.45,1.45,1.45,1.45,685,0
JWW,D,20191121,000000,1.42,1.42,1.42,1.42,44,0
JWW,D,20191122,000000,1.42,1.42,1.42,1.42,100,0
JWW,D,20191125,000000,1.42,1.42,1.42,1.42,80,0
JWW,D,20191126,000000,1.42,1.42,1.42,1.42,785,0
JWW,D,20191127,000000,1.42,1.42,1.42,1.42,100,0
JWW,D,20191128,000000,1.45,1.75,1.45,1.75,28470,0
JWW,D,20191129,000000,1.92,1.92,1.91,1.92,6903,0
JWW,D,20191202,000000,1.98,1.98,1.61,1.61,9643,0
JWW,D,20191203,000000,1.7,1.7,1.58,1.58,4441,0
JWW,D,20191204,000000,1.62,1.62,1.6,1.6,2532,0
JWW,D,20191206,000000,1.63,1.64,1.63,1.64,5180,0
JWW,D,20191209,000000,1.7,1.7,1.68,1.68,690,0
JWW,D,20191210,000000,1.69,1.69,1.69,1.69,230,0
JWW,D,20191211,000000,1.695,1.695,1.695,1.695,20,0
JWW,D,20191212,000000,1.7,1.7,1.7,1.7,60,0
JWW,D,20191213,000000,1.7,1.84,1.7,1.78,16560,0
JWW,D,20191216,000000,1.8,2.18,1.8,2.15,17282,0
JWW,D,20191217,000000,2.15,2.15,2.03,2.12,7510,0
JWW,D,20191218,000000,2.16,2.16,2.15,2.15,650,0
JWW,D,20191219,000000,2.1,2.15,2.1,2.15,41,0
JWW,D,20191220,000000,2.15,2.15,2.15,2.15,50,0
JWW,D,20191223,000000,2.15,2.25,2.15,2.25,4850,0
JWW,D,20191227,000000,2.15,2.26,2.15,2.26,5611,0
JWW,D,20191230,000000,2.22,2.27,2.1,2.1,1879,0
JWW,D,20200102,000000,2.1,2.2,2.1,2.11,6004,0
JWW,D,20200103,000000,2.02,2.02,1.92,1.92,13045,0
JWW,D,20200107,000000,1.91,1.98,1.91,1.98,2412,0
JWW,D,20200109,000000,1.98,1.98,1.98,1.98,50,0
JWW,D,20200110,000000,1.88,1.88,1.88,1.88,574,0
JWW,D,20200113,000000,1.88,1.96,1.88,1.96,741,0
JWW,D,20200114,000000,1.89,1.95,1.89,1.95,540,0
JWW,D,20200115,000000,1.95,1.95,1.95,1.95,50,0
JWW,D,20200116,000000,1.89,1.96,1.89,1.96,50,0
JWW,D,20200117,000000,1.96,1.96,1.89,1.89,1110,0
JWW,D,20200120,000000,1.9,1.91,1.9,1.91,60,0
JWW,D,20200121,000000,1.92,1.92,1.92,1.92,150,0
JWW,D,20200122,000000,1.92,2.4,1.92,2.4,25681,0
JWW,D,20200124,000000,3.4,3.74,3.4,3.74,9719,0
JWW,D,20200127,000000,4.11,4.52,3.7,4,37295,0
JWW,D,20200128,000000,4,4.26,4,4.2,7558,0
JWW,D,20200129,000000,4.1,4.16,3.71,3.93,15002,0
JWW,D,20200130,000000,3.95,4.15,3.58,3.66,12359,0
JWW,D,20200131,000000,3.66,3.66,3.41,3.46,13269,0
JWW,D,20200203,000000,3.46,3.8,3.37,3.54,18446,0
JWW,D,20200204,000000,3.62,3.67,3.49,3.49,8854,0
JWW,D,20200205,000000,3.42,3.47,3.17,3.47,13030,0
JWW,D,20200206,000000,3.47,3.47,3.25,3.4,9149,0
JWW,D,20200207,000000,3.4,3.4,3.1,3.18,10555,0
JWW,D,20200210,000000,3.18,3.34,3.18,3.26,7434,0
JWW,D,20200211,000000,3.26,3.93,3.26,3.67,50878,0
JWW,D,20200212,000000,3.76,3.92,3.7,3.92,9484,0
JWW,D,20200213,000000,3.9,3.91,3.69,3.91,5875,0
JWW,D,20200214,000000,3.9,3.9,3.51,3.51,8065,0
JWW,D,20200217,000000,3.5,3.63,3.5,3.63,2016,0
JWW,D,20200218,000000,3.6,3.66,3.6,3.66,210,0
JWW,D,20200219,000000,3.66,3.66,3.65,3.65,290,0
JWW,D,20200220,000000,3.65,3.65,3.61,3.61,30,0
JWW,D,20200221,000000,3.61,3.61,3.25,3.35,3157,0
JWW,D,20200224,000000,3.35,3.35,3.11,3.11,2832,0
JWW,D,20200225,000000,3.1,3.11,3.06,3.06,1711,0
JWW,D,20200226,000000,3.05,3.12,3.01,3.12,4493,0
JWW,D,20200227,000000,3.13,3.13,2.88,2.88,7118,0
JWW,D,20200228,000000,2.8,2.8,2.52,2.57,6638,0
JWW,D,20200302,000000,2.5,2.75,2.5,2.75,9796,0
JWW,D,20200303,000000,2.83,2.9,2.83,2.9,6234,0
JWW,D,20200304,000000,2.88,2.88,2.7,2.72,4908,0
JWW,D,20200305,000000,2.68,2.7,2.68,2.7,1168,0
JWW,D,20200306,000000,2.61,2.61,2.6,2.6,3500,0
JWW,D,20200309,000000,2.55,2.55,2.02,2.02,6762,0
JWW,D,20200310,000000,2.04,2.23,2.04,2.17,8284,0
JWW,D,20200311,000000,2.2,2.2,2.1,2.1,5400,0
JWW,D,20200312,000000,2.09,2.09,1.7,1.7,330,0
JWW,D,20200313,000000,1.66,1.71,1.66,1.71,686,0
JWW,D,20200316,000000,1.82,1.82,1.6,1.7,2500,0
JWW,D,20200317,000000,1.74,1.81,1.71,1.71,2136,0
JWW,D,20200318,000000,1.82,1.88,1.8,1.8,1400,0
JWW,D,20200319,000000,1.85,1.85,1.74,1.74,1010,0
JWW,D,20200320,000000,1.75,2.11,1.75,2.11,3010,0
JWW,D,20200323,000000,2.07,2.07,2,2.06,7450,0
JWW,D,20200324,000000,2.06,2.07,2,2,2300,0
JWW,D,20200325,000000,2,2.07,2,2.07,810,0
JWW,D,20200326,000000,2.07,2.07,2.07,2.07,50,0
JWW,D,20200327,000000,2.1,2.25,2.1,2.11,10406,0
JWW,D,20200330,000000,2.11,2.11,1.94,1.94,1738,0
JWW,D,20200331,000000,2,2,2,2,50,0
JWW,D,20200401,000000,2,2,2,2,50,0
JWW,D,20200402,000000,2.1,2.1,1.95,2.1,5615,0
JWW,D,20200403,000000,2.1,2.1,2.1,2.1,45,0
JWW,D,20200406,000000,2.1,2.31,2.1,2.31,4945,0
JWW,D,20200407,000000,2.42,2.92,2.42,2.68,4369,0
JWW,D,20200408,000000,2.72,2.92,2.6,2.7,2708,0
JWW,D,20200409,000000,2.7,2.7,2.44,2.47,6550,0
JWW,D,20200414,000000,2.5,2.63,2.5,2.56,7215,0
JWW,D,20200415,000000,2.54,2.55,2.46,2.46,4008,0
JWW,D,20200416,000000,2.49,2.49,2.49,2.49,50,0
JWW,D,20200417,000000,2.5,2.5,2.5,2.5,40,0
JWW,D,20200420,000000,2.5,2.5,2.48,2.5,690,0
JWW,D,20200421,000000,2.5,2.5,2.5,2.5,60,0
JWW,D,20200422,000000,2.4,2.5,2.4,2.5,160,0
JWW,D,20200423,000000,2.5,2.5,2.4,2.48,3060,0
JWW,D,20200424,000000,2.48,2.48,2.48,2.48,50,0
JWW,D,20200427,000000,2.48,2.48,2.48,2.48,50,0
JWW,D,20200428,000000,2.48,2.64,2.48,2.64,1205,0
JWW,D,20200429,000000,2.65,2.71,2.65,2.7,3528,0
JWW,D,20200430,000000,2.7,2.86,2.65,2.86,1804,0
JWW,D,20200504,000000,2.86,2.86,2.86,2.86,1,0
JWW,D,20200505,000000,2.86,2.86,2.78,2.78,130,0
JWW,D,20200506,000000,2.8,2.8,2.8,2.8,63,0
JWW,D,20200507,000000,2.8,2.8,2.8,2.8,1135,0
JWW,D,20200508,000000,2.8,2.83,2.8,2.83,530,0
JWW,D,20200511,000000,2.84,3.12,2.84,2.98,3169,0
JWW,D,20200512,000000,3.12,3.15,3.01,3.01,3384,0
JWW,D,20200513,000000,3.08,3.09,3.06,3.07,75,0
JWW,D,20200514,000000,3.1,3.1,3.06,3.06,30,0
JWW,D,20200515,000000,3,3,3,3,838,0
JWW,D,20200518,000000,3.15,3.15,3.15,3.15,1725,0
JWW,D,20200519,000000,3.15,3.46,3.15,3.38,8593,0
JWW,D,20200520,000000,3.39,3.39,3.18,3.26,3839,0
JWW,D,20200521,000000,3.3,3.63,3.3,3.63,13773,0
JWW,D,20200522,000000,3.63,3.63,3.46,3.48,2266,0
JWW,D,20200525,000000,3.52,3.52,3.38,3.38,2339,0
JWW,D,20200526,000000,3.38,3.52,3.34,3.52,1620,0
JWW,D,20200527,000000,3.65,4.01,3.42,3.52,20858,0
JWW,D,20200528,000000,3.52,3.73,3.52,3.68,5077,0
JWW,D,20200529,000000,3.49,3.6,3.16,3.6,10649,0
JWW,D,20200601,000000,3.62,3.62,3.44,3.54,97,0
JWW,D,20200602,000000,3.5,3.5,3.38,3.38,1262,0
JWW,D,20200603,000000,3.38,3.38,3.14,3.24,7558,0
JWW,D,20200604,000000,3.09,3.1,3,3.08,9107,0
JWW,D,20200605,000000,3.18,3.83,3.15,3.83,33078,0
JWW,D,20200608,000000,4.96,4.96,4.96,4.96,12024,0
JWW,D,20200609,000000,5.36,5.46,4.35,5.2,60290,0
JWW,D,20200610,000000,5.22,5.22,4.7,4.7,15452,0
JWW,D,20200612,000000,4.83,4.83,3.92,4.36,17970,0
JWW,D,20200615,000000,4.3,4.44,4.28,4.44,1210,0
JWW,D,20200616,000000,4.3,4.44,4.11,4.35,4634,0
JWW,D,20200617,000000,4.2,4.25,4.02,4.17,2662,0
JWW,D,20200618,000000,4.21,4.21,4.21,4.21,240,0
JWW,D,20200619,000000,4.21,4.21,4.21,4.21,20,0
JWW,D,20200622,000000,4.21,4.21,3.79,4,6559,0
JWW,D,20200623,000000,4.02,4.16,4.02,4.1,779,0
JWW,D,20200624,000000,4.1,4.18,4.1,4.15,111,0
JWW,D,20200625,000000,4.15,4.15,3.88,4.1,2998,0
JWW,D,20200626,000000,3.92,3.95,3.9,3.9,220,0
JWW,D,20200629,000000,3.9,3.9,3.9,3.9,300,0
JWW,D,20200630,000000,4.05,4.05,3.8,3.8,259,0
JWW,D,20200701,000000,3.94,3.94,3.9,3.9,430,0
JWW,D,20200702,000000,3.92,3.92,3.92,3.92,50,0
JWW,D,20200703,000000,3.82,3.82,3.8,3.8,1325,0
JWW,D,20200706,000000,3.8,3.8,3.8,3.8,917,0
JWW,D,20200707,000000,3.93,3.93,3.93,3.93,40,0
JWW,D,20200708,000000,3.92,3.92,3.7,3.8,671,0
JWW,D,20200709,000000,3.65,3.79,3.65,3.79,11,0
JWW,D,20200710,000000,3.82,3.9,3.82,3.9,1210,0
