<TICKER>,<PER>,<DATE>,<TIME>,<OPEN>,<HIGH>,<LOW>,<CLOSE>,<VOL>,<OPENINT>
KDM,D,20120809,000000,34.8,34.8,32.2,33,4149,0
KDM,D,20120810,000000,32.4,32.4,30,31.98,655,0
KDM,D,20120813,000000,31.99,31.99,28.5,28.5,137,0
KDM,D,20120814,000000,29,29,27,27,12,0
KDM,D,20120816,000000,26,29.7,25,29.3,1465,0
KDM,D,20120817,000000,29,29,29,29,861,0
KDM,D,20120820,000000,28.8,28.8,28.8,28.8,4,0
KDM,D,20120821,000000,28.9,28.9,28.9,28.9,3,0
KDM,D,20120822,000000,28.9,28.9,28.9,28.9,4,0
KDM,D,20120823,000000,28.9,28.9,28.9,28.9,4,0
KDM,D,20120824,000000,28.9,28.9,28.9,28.9,2,0
KDM,D,20120827,000000,28.9,28.9,28.9,28.9,2,0
KDM,D,20120828,000000,28.9,28.9,27.3,28.9,205,0
KDM,D,20120829,000000,28.9,28.9,28.9,28.9,1,0
KDM,D,20120830,000000,28.9,28.9,28.9,28.9,2,0
KDM,D,20120831,000000,28.9,28.9,28.9,28.9,15,0
KDM,D,20120903,000000,28.9,28.9,28.9,28.9,7,0
KDM,D,20120904,000000,28.9,28.9,28.75,28.75,9,0
KDM,D,20120905,000000,28.9,28.9,25.4,26,300,0
KDM,D,20120906,000000,23.61,25.9,23.61,25,1616,0
KDM,D,20120907,000000,25,25,23.85,25,108,0
KDM,D,20120910,000000,25,25,25,25,1,0
KDM,D,20120911,000000,25,25,24.4,24.48,67,0
KDM,D,20120912,000000,24.45,24.45,24.45,24.45,9,0
KDM,D,20120913,000000,23,24.5,23,24.5,25,0
KDM,D,20120914,000000,24.9,25,23.7,24.9,399,0
KDM,D,20120917,000000,24.8,24.8,24.8,24.8,5,0
KDM,D,20120918,000000,24.5,25.8,24.5,25.8,52,0
KDM,D,20120919,000000,25.8,25.8,25.65,25.65,37,0
KDM,D,20120920,000000,25.8,25.8,25.8,25.8,2,0
KDM,D,20120921,000000,25.8,25.8,25.7,25.7,306,0
KDM,D,20120924,000000,25.8,25.8,25,25.8,78,0
KDM,D,20120925,000000,25.8,25.8,25.8,25.8,11,0
KDM,D,20120926,000000,25.8,25.8,25.8,25.8,1,0
KDM,D,20120927,000000,25.8,25.8,25.8,25.8,5,0
KDM,D,20120928,000000,25.8,25.8,25.8,25.8,2,0
KDM,D,20121001,000000,25.8,25.8,25.8,25.8,14,0
KDM,D,20121002,000000,26.1,26.1,26.1,26.1,2,0
KDM,D,20121008,000000,25,25,25,25,105,0
KDM,D,20121009,000000,23.8,25,23.8,25,63,0
KDM,D,20121010,000000,25,25,24.4,25,116,0
KDM,D,20121011,000000,25,25,24.99,24.99,45,0
KDM,D,20121012,000000,24.99,26.1,24.99,26.1,367,0
KDM,D,20121015,000000,26.1,28.28,26.05,28.28,3266,0
KDM,D,20121016,000000,26.25,28.28,26.25,28.28,1829,0
KDM,D,20121017,000000,28.28,28.28,28.28,28.28,13,0
KDM,D,20121018,000000,27.3,27.3,27.3,27.3,309,0
KDM,D,20121019,000000,27.3,27.3,27.3,27.3,100,0
KDM,D,20121022,000000,27.3,27.3,27.3,27.3,40,0
KDM,D,20121023,000000,27.2,27.3,27.2,27.3,342,0
KDM,D,20121024,000000,27.3,27.3,27.3,27.3,15,0
KDM,D,20121025,000000,27.3,27.3,27.3,27.3,2,0
KDM,D,20121026,000000,27.3,27.3,26.15,27.3,792,0
KDM,D,20121029,000000,27.3,27.3,26.15,27.28,83,0
KDM,D,20121030,000000,27.3,27.3,27.3,27.3,29,0
KDM,D,20121031,000000,27.3,27.3,27.3,27.3,29,0
KDM,D,20121105,000000,27.3,27.3,27.3,27.3,22,0
KDM,D,20121106,000000,27.3,27.3,27.3,27.3,2,0
KDM,D,20121107,000000,26.15,27.1,26.15,27.1,86,0
KDM,D,20121108,000000,27.1,27.1,27.1,27.1,11,0
KDM,D,20121109,000000,27.1,27.1,26.15,27,25,0
KDM,D,20121112,000000,26.9,26.9,26.9,26.9,2,0
KDM,D,20121113,000000,26.95,26.95,26.95,26.95,10,0
KDM,D,20121114,000000,25.9,25.9,25.9,25.9,30,0
KDM,D,20121115,000000,25.9,25.9,25.9,25.9,15,0
KDM,D,20121116,000000,25.9,27.1,25.9,27.1,165,0
KDM,D,20121119,000000,27.1,27.1,27.1,27.1,15,0
KDM,D,20121120,000000,26.99,26.99,26.99,26.99,30,0
KDM,D,20121121,000000,25.9,26.98,25.9,26.97,924,0
KDM,D,20121122,000000,26.31,26.31,26.31,26.31,44,0
KDM,D,20121123,000000,26.9,26.9,26.89,26.89,15,0
KDM,D,20121126,000000,24.75,26.89,24.75,26.89,375,0
KDM,D,20121127,000000,26.4,26.4,26.4,26.4,2,0
KDM,D,20121128,000000,26.8,26.8,26.1,26.1,13,0
KDM,D,20121129,000000,24.5,26.15,24.5,26.15,230,0
KDM,D,20121130,000000,26.2,26.2,26.2,26.2,5,0
KDM,D,20121203,000000,25.8,25.8,25.8,25.8,4,0
KDM,D,20121204,000000,26.2,26.2,25,26.2,90,0
KDM,D,20121205,000000,26,26,26,26,7,0
KDM,D,20121206,000000,24.4,25.8,24.4,25.8,210,0
KDM,D,20121207,000000,26.1,26.1,26.1,26.1,7,0
KDM,D,20121210,000000,26.1,26.1,26.1,26.1,2,0
KDM,D,20121211,000000,26.1,26.1,24.5,26.1,141,0
KDM,D,20121212,000000,26.1,26.1,26,26.1,352,0
KDM,D,20121213,000000,26.2,26.2,26,26,1101,0
KDM,D,20121214,000000,25.7,28.5,25.7,27.7,3580,0
KDM,D,20121217,000000,27.68,27.68,27.68,27.68,7,0
KDM,D,20121218,000000,27.7,27.7,26.5,27.69,600,0
KDM,D,20121219,000000,27.69,27.69,26.25,26.25,500,0
KDM,D,20121220,000000,27.4,27.7,25.6,27.7,1222,0
KDM,D,20121221,000000,27.25,27.25,27.25,27.25,2,0
KDM,D,20121227,000000,27.15,27.15,27.15,27.15,5,0
KDM,D,20121228,000000,27.15,27.15,25.1,25.1,852,0
KDM,D,20130102,000000,25.3,25.3,25.3,25.3,100,0
KDM,D,20130103,000000,25.3,25.8,25.3,25.8,115,0
KDM,D,20130104,000000,25.6,25.8,25.6,25.8,141,0
KDM,D,20130108,000000,26.2,26.2,26.2,26.2,7,0
KDM,D,20130109,000000,26.2,26.2,26.2,26.2,19,0
KDM,D,20130110,000000,25.3,26.2,25.3,26.2,923,0
KDM,D,20130111,000000,26.2,26.2,26.2,26.2,3,0
KDM,D,20130114,000000,26,26.8,26,26.8,642,0
KDM,D,20130115,000000,26.8,26.8,26.8,26.8,52,0
KDM,D,20130116,000000,25.5,26.8,25.5,26.8,178,0
KDM,D,20130118,000000,26.8,26.8,26.8,26.8,17,0
KDM,D,20130121,000000,26.8,26.8,26.2,26.2,80,0
KDM,D,20130122,000000,25.5,26.8,25.5,26.8,105,0
KDM,D,20130123,000000,26.8,26.8,26.8,26.8,7,0
KDM,D,20130124,000000,26.8,26.8,26.8,26.8,10,0
KDM,D,20130125,000000,26.8,26.8,26.8,26.8,2,0
KDM,D,20130128,000000,26.8,26.8,26.8,26.8,11,0
KDM,D,20130129,000000,26.8,26.8,26.8,26.8,14,0
KDM,D,20130130,000000,26.8,26.8,26.8,26.8,7,0
KDM,D,20130131,000000,25.6,26.8,25.5,26.8,682,0
KDM,D,20130201,000000,26.8,26.8,25.5,25.5,108,0
KDM,D,20130204,000000,26.8,26.8,26.8,26.8,23,0
KDM,D,20130205,000000,26.8,26.8,26.8,26.8,17,0
KDM,D,20130206,000000,26.8,26.8,25.5,25.5,57,0
KDM,D,20130207,000000,25.5,26.8,25.5,26.8,253,0
KDM,D,20130208,000000,26.8,27.19,26,27.19,1245,0
KDM,D,20130211,000000,27.19,27.19,27.19,27.19,2,0
KDM,D,20130212,000000,27,27.19,25.3,27.19,707,0
KDM,D,20130213,000000,26.98,26.98,26.98,26.98,7,0
KDM,D,20130214,000000,25.1,27.18,25.1,26.98,1178,0
KDM,D,20130215,000000,26.98,26.98,26.98,26.98,15,0
KDM,D,20130218,000000,27.17,27.17,27.17,27.17,13,0
KDM,D,20130219,000000,26.98,26.98,26.98,26.98,7,0
KDM,D,20130220,000000,26.99,26.99,26.98,26.99,2002,0
KDM,D,20130221,000000,27.19,27.19,27.19,27.19,5,0
KDM,D,20130222,000000,27.19,28.39,26.5,28.13,890,0
KDM,D,20130225,000000,28.17,28.17,27.2,28.17,1239,0
KDM,D,20130226,000000,26.82,28.18,26.81,28.18,2270,0
KDM,D,20130227,000000,28.18,28.75,28.18,28.75,2106,0
KDM,D,20130228,000000,28.75,29.79,28.75,29.79,3220,0
KDM,D,20130301,000000,29.78,29.79,29.78,29.79,302,0
KDM,D,20130304,000000,29.79,31.9,29.79,31.9,3099,0
KDM,D,20130305,000000,31.9,33,30.85,32.5,1473,0
KDM,D,20130306,000000,32.49,32.49,32.49,32.49,30,0
KDM,D,20130307,000000,32.43,32.5,30.35,32.5,1060,0
KDM,D,20130308,000000,32.5,32.5,30.4,32.5,1594,0
KDM,D,20130311,000000,32.4,32.5,32.4,32.5,102,0
KDM,D,20130312,000000,32.5,32.5,32.5,32.5,5,0
KDM,D,20130313,000000,32.5,32.5,32.5,32.5,5,0
KDM,D,20130315,000000,32.5,32.5,32.5,32.5,5,0
KDM,D,20130318,000000,32.3,32.5,29.51,32.5,1699,0
KDM,D,20130319,000000,32.4,32.97,32.4,32.97,11315,0
KDM,D,20130320,000000,32.97,36.26,32.4,35.2,6332,0
KDM,D,20130321,000000,35.2,35.7,34,35.2,571,0
KDM,D,20130322,000000,33.61,35.59,32.5,35.59,8712,0
KDM,D,20130325,000000,35.59,35.69,34.9,35.69,1128,0
KDM,D,20130326,000000,35.4,35.4,35.4,35.4,48,0
KDM,D,20130327,000000,35.6,35.68,35,35.68,1220,0
KDM,D,20130328,000000,35.68,35.68,35.68,35.68,2,0
KDM,D,20130402,000000,35.68,35.7,35.68,35.7,1100,0
KDM,D,20130403,000000,35.7,35.7,35.5,35.5,30,0
KDM,D,20130404,000000,35.3,35.5,35.3,35.5,315,0
KDM,D,20130405,000000,35.5,36.05,35.4,36.05,1295,0
KDM,D,20130408,000000,36,36,35.79,35.79,44,0
KDM,D,20130409,000000,35.79,35.79,35.79,35.79,15,0
KDM,D,20130410,000000,35,35.79,35,35.79,1050,0
KDM,D,20130411,000000,36,36,36,36,7,0
KDM,D,20130412,000000,36,36,36,36,202,0
KDM,D,20130415,000000,36,36.1,36,36,550,0
KDM,D,20130418,000000,33,35.8,33,35.8,1290,0
KDM,D,20130419,000000,33,35.8,33,35,1157,0
KDM,D,20130422,000000,35.8,35.8,35.5,35.5,314,0
KDM,D,20130423,000000,32,36.2,32,36.2,945,0
KDM,D,20130424,000000,36.2,36.2,36.2,36.2,15,0
KDM,D,20130425,000000,36.9,36.9,36.9,36.9,28,0
KDM,D,20130429,000000,36.7,36.7,36.7,36.7,2,0
KDM,D,20130502,000000,36.7,36.7,36.7,36.7,1,0
KDM,D,20130506,000000,36.7,36.7,36.7,36.7,2,0
KDM,D,20130507,000000,36,36.7,36,36.7,13,0
KDM,D,20130508,000000,36,36.9,36,36.9,1002,0
KDM,D,20130509,000000,36.9,36.9,36.9,36.9,13,0
KDM,D,20130510,000000,36.6,36.6,36.6,36.6,2,0
KDM,D,20130513,000000,35.9,36,35.9,36,8,0
KDM,D,20130514,000000,35.01,36.5,35,36.5,130,0
KDM,D,20130516,000000,35.2,37,35.2,37,1785,0
KDM,D,20130517,000000,36.9,36.9,36.9,36.9,2,0
KDM,D,20130520,000000,36.9,36.9,36.5,36.5,7,0
KDM,D,20130521,000000,36.5,36.5,34,36.1,2103,0
KDM,D,20130522,000000,35.8,35.99,35.8,35.99,602,0
KDM,D,20130523,000000,35.99,35.99,35.99,35.99,10,0
KDM,D,20130529,000000,34,35.8,33.5,35.68,941,0
KDM,D,20130531,000000,35,35.76,35,35.76,1050,0
KDM,D,20130603,000000,35.76,35.76,35.76,35.76,30,0
KDM,D,20130604,000000,35.76,36,35.76,36,500,0
KDM,D,20130605,000000,34.02,36.5,34.02,36.5,2066,0
KDM,D,20130610,000000,34.13,36,34.13,35.65,104,0
KDM,D,20130611,000000,33,33,31,32.8,2201,0
KDM,D,20130612,000000,30.15,32,30.15,32,601,0
KDM,D,20130614,000000,32.4,32.4,32.35,32.4,560,0
KDM,D,20130617,000000,33,33.25,32.8,33.25,2121,0
KDM,D,20130618,000000,33.55,34.37,33.5,34.37,4416,0
KDM,D,20130619,000000,34.37,34.37,34,34,1109,0
KDM,D,20130620,000000,33,34,33,34,878,0
KDM,D,20130624,000000,32.1,34.37,30.68,34.37,312,0
KDM,D,20130625,000000,34.37,34.37,34.37,34.37,246,0
KDM,D,20130626,000000,33.8,33.8,33,33,509,0
KDM,D,20130701,000000,33,33,29.84,33,620,0
KDM,D,20130711,000000,31,33.8,31,33.8,1030,0
KDM,D,20130712,000000,33.8,33.8,33.8,33.8,257,0
KDM,D,20130715,000000,33.8,33.8,33.8,33.8,30,0
KDM,D,20130716,000000,33.8,33.8,33.8,33.8,142,0
KDM,D,20130722,000000,33.8,33.8,33.8,33.8,1,0
KDM,D,20130724,000000,30.46,33.5,30.46,33.5,127,0
KDM,D,20130729,000000,33.8,33.8,33.8,33.8,122,0
KDM,D,20130730,000000,31.22,33.8,31.22,33.8,744,0
KDM,D,20130801,000000,33.8,33.8,33.8,33.8,39,0
KDM,D,20130805,000000,33.8,33.8,33.8,33.8,271,0
KDM,D,20130806,000000,32.41,32.41,32.41,32.41,1,0
KDM,D,20130807,000000,33.8,33.8,32.41,33.8,539,0
KDM,D,20130814,000000,32.41,33.4,32.41,33.4,840,0
KDM,D,20130816,000000,33.38,33.38,33.38,33.38,25,0
KDM,D,20130819,000000,33.38,33.4,33.38,33.4,33,0
KDM,D,20130822,000000,32,33.39,32,33.37,1261,0
KDM,D,20130823,000000,32.04,32.04,30.6,31.89,11383,0
KDM,D,20130826,000000,31.89,33.38,31.89,33.38,319,0
KDM,D,20130827,000000,31.22,33.35,30.55,33.35,1147,0
KDM,D,20130828,000000,33.36,33.36,32.7,33.36,220,0
KDM,D,20130830,000000,33.33,33.33,33.33,33.33,140,0
KDM,D,20130902,000000,32.99,32.99,32.99,32.99,130,0
KDM,D,20130903,000000,32.97,32.97,32.97,32.97,61,0
KDM,D,20130910,000000,32.95,32.96,31.51,32.9,34287,0
KDM,D,20130912,000000,30.9,32.9,30.9,32.9,210,0
KDM,D,20130917,000000,32,32.9,32,32.4,430,0
KDM,D,20130920,000000,32.7,32.9,32.7,32.9,250,0
KDM,D,20130926,000000,31.01,32.9,31.01,32.9,265,0
KDM,D,20131003,000000,31,32.6,30,32.6,499,0
KDM,D,20131011,000000,32,32,32,32,27,0
KDM,D,20131017,000000,32,32,31.91,32,1277,0
KDM,D,20131018,000000,32,32,32,32,2555,0
KDM,D,20131021,000000,32.8,32.8,32.8,32.8,9,0
KDM,D,20131022,000000,32.39,32.39,32.39,32.39,300,0
KDM,D,20131025,000000,32.39,32.39,32,32,202,0
KDM,D,20131028,000000,32,32,32,32,11,0
KDM,D,20131029,000000,30,31.9,30,31.89,261,0
KDM,D,20131031,000000,31.95,31.95,31.95,31.95,39,0
KDM,D,20131105,000000,32,32,31.9,31.9,233,0
KDM,D,20131108,000000,31.9,31.9,31.9,31.9,7,0
KDM,D,20131113,000000,31.75,31.75,31.75,31.75,139,0
KDM,D,20131114,000000,31.7,31.7,31.7,31.7,50,0
KDM,D,20131118,000000,31.5,31.64,31.5,31.6,250,0
KDM,D,20131120,000000,31.6,31.6,31.6,31.6,161,0
KDM,D,20131121,000000,31.6,31.6,31.6,31.6,1000,0
KDM,D,20131128,000000,30,31.6,28.75,31.6,3625,0
KDM,D,20131202,000000,31.5,31.5,31.48,31.49,110,0
KDM,D,20131203,000000,29,31.59,29,31.59,51,0
KDM,D,20131204,000000,29.2,31.5,29.2,31.34,41,0
KDM,D,20131206,000000,31.5,31.6,31.5,31.6,35,0
KDM,D,20131209,000000,31.3,31.3,31.3,31.3,500,0
KDM,D,20131219,000000,31.39,31.4,31.39,31.4,340,0
KDM,D,20131230,000000,30.3,31.39,30.3,31.39,782,0
KDM,D,20140103,000000,31.39,31.39,31.39,31.39,51,0
KDM,D,20140113,000000,31.39,31.39,31.39,31.39,40,0
KDM,D,20140114,000000,31.39,31.39,30,30,278,0
KDM,D,20140115,000000,29,30.9,28,30.89,451,0
KDM,D,20140203,000000,28,30.99,28,30.99,860,0
KDM,D,20140218,000000,28.65,29.95,28.65,29.85,498,0
KDM,D,20140219,000000,29.85,29.85,28.8,28.8,252,0
KDM,D,20140220,000000,26,28.6,26,28.6,1007,0
KDM,D,20140221,000000,29.5,29.65,29.5,29.65,595,0
KDM,D,20140224,000000,29.75,29.75,29.2,29.2,146,0
KDM,D,20140225,000000,28.8,28.8,28.8,28.8,300,0
KDM,D,20140305,000000,28.49,28.49,28.49,28.49,52,0
KDM,D,20140310,000000,17,17,17,17,2180,0
KDM,D,20140311,000000,17,17,14,14.79,2112,0
KDM,D,20140312,000000,14.8,14.8,13.4,13.4,1300,0
KDM,D,20140313,000000,13.5,13.5,13.5,13.5,35,0
KDM,D,20140317,000000,14.5,15.3,14.5,14.5,1424,0
KDM,D,20140318,000000,13.5,13.5,13.5,13.5,350,0
KDM,D,20140319,000000,13.5,13.5,13.49,13.49,349,0
KDM,D,20140324,000000,12.5,12.5,12.5,12.5,90,0
KDM,D,20140325,000000,12.5,13.5,12.5,13.49,933,0
KDM,D,20140326,000000,13.49,13.5,12.5,12.5,580,0
KDM,D,20140327,000000,12.5,12.5,11.91,11.91,225,0
KDM,D,20140331,000000,12.5,13.5,12.5,13.5,4820,0
KDM,D,20140401,000000,13.5,13.5,13.4,13.4,1216,0
KDM,D,20140402,000000,13.5,13.5,13.49,13.49,9643,0
KDM,D,20140403,000000,13.45,13.49,13.24,13.24,2990,0
KDM,D,20140404,000000,13.24,13.25,13.24,13.25,22,0
KDM,D,20140407,000000,13.24,13.24,13.24,13.24,1100,0
KDM,D,20140408,000000,13,13.2,13,13,4000,0
KDM,D,20140409,000000,13.1,13.1,13.1,13.1,50,0
KDM,D,20140411,000000,13.1,13.1,13.1,13.1,33,0
KDM,D,20140415,000000,13.1,13.1,13.1,13.1,853,0
KDM,D,20140416,000000,13.25,13.25,13.25,13.25,3,0
KDM,D,20140422,000000,13.23,13.23,13.23,13.23,259,0
KDM,D,20140429,000000,11,11,11,11,10,0
KDM,D,20140430,000000,11,11,11,11,11,0
KDM,D,20140502,000000,10.99,10.99,10.99,10.99,125,0
KDM,D,20140507,000000,10.98,10.99,10.98,10.99,50,0
KDM,D,20140508,000000,10.99,10.99,10.99,10.99,59,0
KDM,D,20140513,000000,10.99,10.99,10.5,10.99,205,0
KDM,D,20140519,000000,10.98,10.98,9.9,10.5,187,0
KDM,D,20140520,000000,10.99,10.99,10.5,10.5,121,0
KDM,D,20140521,000000,9.46,10.5,9.46,10.5,34,0
KDM,D,20140522,000000,10.99,10.99,10.99,10.99,2,0
KDM,D,20140526,000000,10.99,10.99,10.95,10.95,3986,0
KDM,D,20140527,000000,9.5,9.5,8.75,9.45,3544,0
KDM,D,20140528,000000,8.51,9.06,8.51,8.52,179,0
KDM,D,20140602,000000,9.37,9.37,9.37,9.37,10,0
KDM,D,20140603,000000,9.98,9.99,9.98,9.99,598,0
KDM,D,20140606,000000,9,9.98,9,9.98,80,0
KDM,D,20140610,000000,9.98,9.98,9.98,9.98,1,0
KDM,D,20140611,000000,9.98,9.98,9.98,9.98,51,0
KDM,D,20140612,000000,9.95,9.95,9.95,9.95,290,0
KDM,D,20140630,000000,9.94,9.94,9.94,9.94,164,0
KDM,D,20140707,000000,9.04,9.04,9.04,9.04,215,0
KDM,D,20140709,000000,8.51,9.88,8.51,9.88,39,0
KDM,D,20140715,000000,9.5,9.5,9.5,9.5,80,0
KDM,D,20140718,000000,9.5,9.5,9.5,9.5,238,0
KDM,D,20140722,000000,8.5,8.5,8.5,8.5,837,0
KDM,D,20140723,000000,8.1,8.1,8.1,8.1,30,0
KDM,D,20140724,000000,8,8,7.74,7.74,240,0
KDM,D,20140725,000000,8,8,7.2,7.2,385,0
KDM,D,20140728,000000,7.1,7.5,7.1,7.2,7188,0
KDM,D,20140730,000000,6.51,6.52,6.51,6.51,579,0
KDM,D,20140731,000000,5.86,5.86,5.86,5.86,50,0
KDM,D,20140801,000000,5.86,5.95,5.86,5.9,6736,0
KDM,D,20140805,000000,6.51,6.51,6.51,6.51,651,0
KDM,D,20140806,000000,7.2,7.2,7.2,7.2,145,0
KDM,D,20140807,000000,7.2,7.2,7.2,7.2,701,0
KDM,D,20140808,000000,7.91,7.92,7.41,7.41,1521,0
KDM,D,20140811,000000,7.2,7.2,7.2,7.2,1,0
KDM,D,20140812,000000,7.91,7.92,7.91,7.92,114,0
KDM,D,20140813,000000,8.68,8.68,8.68,8.68,101,0
KDM,D,20140814,000000,9.03,9.03,9.03,9.03,1,0
KDM,D,20140902,000000,7.99,7.99,7.94,7.94,39,0
KDM,D,20140903,000000,7.15,7.93,7.15,7.93,20,0
KDM,D,20140904,000000,7.89,7.89,7.89,7.89,475,0
KDM,D,20140908,000000,7.39,7.39,7.37,7.37,684,0
KDM,D,20140910,000000,6.66,6.66,6.66,6.66,131,0
KDM,D,20140912,000000,6.66,7.32,6.66,7.32,165,0
KDM,D,20140915,000000,7.36,7.36,7.36,7.36,140,0
KDM,D,20140917,000000,6.31,6.31,6.31,6.31,123,0
KDM,D,20140919,000000,6.81,6.81,6.81,6.81,73,0
KDM,D,20140922,000000,6.19,6.28,6.19,6.25,1033,0
KDM,D,20140925,000000,5.44,5.44,5.44,5.44,130,0
KDM,D,20140929,000000,6.1,6.1,6,6,250,0
KDM,D,20141007,000000,6,6.1,6,6.1,889,0
KDM,D,20141008,000000,6.71,7.36,6.71,7.35,401,0
KDM,D,20141009,000000,7.35,7.35,7.35,7.35,284,0
KDM,D,20141017,000000,7.34,7.34,7.34,7.34,45,0
KDM,D,20141023,000000,6.9,6.9,6.9,6.9,2,0
KDM,D,20141028,000000,6.9,6.9,6.9,6.9,530,0
KDM,D,20141031,000000,7.15,7.15,7.15,7.15,130,0
KDM,D,20141104,000000,7,7,7,7,2,0
KDM,D,20141112,000000,6.8,6.8,6.8,6.8,593,0
KDM,D,20141125,000000,6.7,6.7,6.7,6.7,250,0
KDM,D,20141126,000000,6.7,6.7,6.7,6.7,80,0
KDM,D,20141202,000000,6.7,6.7,6.7,6.7,200,0
KDM,D,20141208,000000,6,6,6,6,100,0
KDM,D,20141212,000000,5.5,5.5,5.5,5.5,130,0
KDM,D,20141218,000000,5.05,5.05,5.05,5.05,50,0
KDM,D,20141219,000000,4.5,4.5,4.5,4.5,50,0
KDM,D,20141222,000000,4.05,4.05,4.05,4.05,50,0
KDM,D,20141223,000000,3.5,4.15,3.5,4.05,1522,0
KDM,D,20150109,000000,5,5.49,5,5.49,367,0
KDM,D,20150112,000000,5.59,6.13,5.59,6.12,1210,0
KDM,D,20150114,000000,6.72,6.72,6.7,6.7,40,0
KDM,D,20150115,000000,6.66,6.66,6.66,6.66,1040,0
KDM,D,20150128,000000,5.2,5.2,5.2,5.2,680,0
KDM,D,20150129,000000,5.7,6.24,5.7,6.24,383,0
KDM,D,20150130,000000,6.25,6.25,6.2,6.2,101,0
KDM,D,20150202,000000,6.2,6.2,6.2,6.2,2,0
KDM,D,20150206,000000,5.58,6.13,5.58,6.13,1047,0
KDM,D,20150212,000000,6.11,6.12,5.51,5.52,2895,0
KDM,D,20150216,000000,5.52,5.52,5.52,5.52,823,0
KDM,D,20150220,000000,5,5,5,5,897,0
KDM,D,20150223,000000,5.3,5.64,5.29,5.64,3,0
KDM,D,20150226,000000,5.63,5.63,5.63,5.63,250,0
KDM,D,20150310,000000,5.81,5.81,5.81,5.81,7,0
KDM,D,20150319,000000,5.23,5.23,5.23,5.23,782,0
KDM,D,20150325,000000,5.22,5.22,5.22,5.22,400,0
KDM,D,20150326,000000,5.19,5.19,5.19,5.19,100,0
KDM,D,20150327,000000,4.86,4.86,4.8,4.8,2165,0
KDM,D,20150401,000000,5,5,5,5,417,0
KDM,D,20150416,000000,5.16,5.16,5.16,5.16,167,0
KDM,D,20150421,000000,4.17,4.17,4.17,4.17,107,0
KDM,D,20150422,000000,4.18,4.18,4.18,4.18,7775,0
KDM,D,20150504,000000,4,4,4,4,233,0
KDM,D,20150512,000000,4,4,4,4,24,0
KDM,D,20150514,000000,4,4,4,4,6000,0
KDM,D,20150521,000000,3.6,3.6,3.6,3.6,4857,0
KDM,D,20150522,000000,3,3,3,3,6350,0
KDM,D,20150528,000000,2.59,2.59,2.59,2.59,400,0
KDM,D,20150615,000000,3,3,3,3,215,0
KDM,D,20150618,000000,2.99,2.99,2.99,2.99,61,0
KDM,D,20150619,000000,3,3,3,3,1000,0
KDM,D,20150623,000000,3,3,3,3,10,0
KDM,D,20150702,000000,3,3,3,3,315,0
KDM,D,20150707,000000,2.71,2.99,2.71,2.99,1840,0
KDM,D,20150714,000000,2.7,2.7,2.7,2.7,500,0
KDM,D,20150720,000000,2.44,2.44,2.44,2.44,43,0
KDM,D,20150722,000000,2.5,2.5,2.5,2.5,1005,0
KDM,D,20150724,000000,2.5,2.5,2.5,2.5,2350,0
KDM,D,20150727,000000,2.5,2.5,2.5,2.5,700,0
KDM,D,20150805,000000,2.5,2.5,2.5,2.5,200,0
KDM,D,20150806,000000,2.5,2.5,2.5,2.5,800,0
KDM,D,20150811,000000,2.5,2.5,2.5,2.5,500,0
KDM,D,20150814,000000,2.5,2.5,2.5,2.5,390,0
KDM,D,20150819,000000,2.5,2.5,2.5,2.5,10820,0
KDM,D,20150820,000000,2.5,2.5,2.5,2.5,6262,0
KDM,D,20150904,000000,2.5,2.5,2.5,2.5,68,0
KDM,D,20150921,000000,2.5,2.5,2.5,2.5,105,0
KDM,D,20151006,000000,2.49,2.49,2.49,2.49,116,0
KDM,D,20151008,000000,2.49,2.49,2.49,2.49,480,0
KDM,D,20151009,000000,2.5,2.7,2.5,2.7,4216,0
KDM,D,20151012,000000,2.7,2.95,2.7,2.95,7990,0
KDM,D,20151013,000000,3.14,3.14,3.14,3.14,300,0
KDM,D,20151014,000000,3.44,3.44,3.44,3.44,200,0
KDM,D,20151015,000000,3.76,3.76,3.74,3.74,400,0
KDM,D,20151016,000000,3.93,3.93,3.93,3.93,200,0
KDM,D,20151019,000000,4,4,4,4,2,0
KDM,D,20151020,000000,3.96,4.34,3.96,4.34,714,0
KDM,D,20151021,000000,3.99,4.37,3.99,4.37,1482,0
KDM,D,20151022,000000,4.35,4.35,4.35,4.35,1002,0
KDM,D,20151027,000000,4.74,4.74,4.74,4.74,221,0
KDM,D,20151112,000000,4.69,4.69,4.69,4.69,96,0
KDM,D,20151116,000000,4.25,4.65,4.25,4.65,320,0
KDM,D,20151208,000000,4.58,4.58,4.58,4.58,1135,0
KDM,D,20160107,000000,4.39,4.39,4.39,4.39,50,0
KDM,D,20160128,000000,3.96,3.96,3.96,3.96,171,0
KDM,D,20160216,000000,3.93,3.93,3.93,3.93,50,0
KDM,D,20160217,000000,3.93,3.93,3.93,3.93,278,0
KDM,D,20160226,000000,3.92,3.92,3.92,3.92,293,0
KDM,D,20160301,000000,3.8,3.8,3.8,3.8,1,0
KDM,D,20160308,000000,3.77,3.77,3.77,3.77,5,0
KDM,D,20160322,000000,3.69,3.69,3.69,3.69,172,0
KDM,D,20160412,000000,3,3,3,3,104,0
KDM,D,20160413,000000,3,3,3,3,500,0
KDM,D,20160419,000000,2.99,2.99,2.99,2.99,23,0
KDM,D,20160420,000000,2.99,2.99,2.99,2.99,43,0
KDM,D,20160427,000000,2.95,2.95,2.95,2.95,1000,0
KDM,D,20160502,000000,2.95,2.95,2.95,2.95,1000,0
KDM,D,20160509,000000,2.95,2.95,2.95,2.95,80,0
KDM,D,20160510,000000,2.95,2.95,2.95,2.95,80,0
KDM,D,20160512,000000,2.66,2.66,2.66,2.66,3830,0
KDM,D,20160513,000000,2.4,2.4,2.4,2.4,1772,0
KDM,D,20160516,000000,2.39,2.39,2.39,2.39,2100,0
KDM,D,20160527,000000,2.3,2.3,2.3,2.3,1100,0
KDM,D,20160530,000000,2.25,2.25,2.25,2.25,90,0
KDM,D,20160606,000000,2.25,2.25,2.25,2.25,109,0
KDM,D,20160610,000000,2.24,2.24,2.24,2.24,9210,0
KDM,D,20160628,000000,2.2,2.2,2.2,2.2,241,0
KDM,D,20160704,000000,2.19,2.2,2.19,2.2,734,0
KDM,D,20160705,000000,2.15,2.15,2.15,2.15,1076,0
KDM,D,20160707,000000,2.13,2.13,2.13,2.13,1210,0
KDM,D,20160708,000000,1.67,1.67,1.67,1.67,1213,0
KDM,D,20160711,000000,1.65,1.65,1.65,1.65,500,0
KDM,D,20160712,000000,1.65,1.65,1.62,1.62,3598,0
KDM,D,20160713,000000,1.63,1.63,1.62,1.62,23537,0
KDM,D,20160714,000000,1.67,1.67,1.67,1.67,1133,0
KDM,D,20160719,000000,2.04,2.04,1.98,1.98,19400,0
KDM,D,20160720,000000,2,2,2,2,11916,0
KDM,D,20160721,000000,2,2,2,2,287,0
KDM,D,20160722,000000,2,2,2,2,10001,0
KDM,D,20160725,000000,1.67,1.68,1.67,1.68,2549,0
KDM,D,20160728,000000,2,2,2,2,6103,0
KDM,D,20160729,000000,2,2,2,2,21086,0
KDM,D,20160801,000000,2,2,2,2,380,0
KDM,D,20160802,000000,2,2,2,2,10200,0
KDM,D,20160803,000000,2,2,2,2,200,0
KDM,D,20160804,000000,1.92,1.92,1.92,1.92,230,0
KDM,D,20160808,000000,2,2,2,2,500,0
KDM,D,20160809,000000,1.92,1.92,1.92,1.92,13,0
KDM,D,20160812,000000,1.92,1.92,1.92,1.92,438,0
KDM,D,20160817,000000,1.92,1.92,1.92,1.92,523,0
KDM,D,20160823,000000,1.9,1.9,1.9,1.9,71,0
KDM,D,20160824,000000,1.8,1.8,1.8,1.8,55,0
KDM,D,20160831,000000,1.71,1.71,1.71,1.71,400,0
KDM,D,20160902,000000,1.71,1.71,1.71,1.71,39,0
KDM,D,20160905,000000,1.72,1.72,1.72,1.72,980,0
KDM,D,20160908,000000,1.72,1.72,1.72,1.72,894,0
KDM,D,20160909,000000,1.72,1.72,1.7,1.7,237,0
KDM,D,20160912,000000,1.42,1.43,1.42,1.43,1212,0
KDM,D,20160913,000000,1.71,1.71,1.7,1.7,2290,0
KDM,D,20160914,000000,1.7,1.7,1.7,1.7,23206,0
KDM,D,20160915,000000,1.7,1.7,1.7,1.7,24995,0
KDM,D,20160916,000000,1.7,1.7,1.7,1.7,119,0
KDM,D,20160919,000000,1.72,1.72,1.72,1.72,131,0
KDM,D,20160921,000000,1.72,1.72,1.72,1.72,111,0
KDM,D,20160926,000000,1.72,1.72,1.66,1.66,525,0
KDM,D,20161007,000000,1.8,1.8,1.8,1.8,222,0
KDM,D,20161010,000000,1.8,1.8,1.8,1.8,861,0
KDM,D,20161012,000000,1.8,1.8,1.8,1.8,716,0
KDM,D,20161013,000000,1.8,1.8,1.8,1.8,61,0
KDM,D,20161019,000000,1.8,1.8,1.67,1.67,736,0
KDM,D,20161021,000000,1.67,1.67,1.67,1.67,1399,0
KDM,D,20161027,000000,1.65,1.65,1.65,1.65,549,0
KDM,D,20161028,000000,1.65,1.65,1.65,1.65,138,0
KDM,D,20161031,000000,1.65,1.65,1.65,1.65,138,0
KDM,D,20161103,000000,1.77,1.77,1.77,1.77,340,0
KDM,D,20161107,000000,1.77,1.77,1.77,1.77,553,0
KDM,D,20161110,000000,1.8,1.8,1.8,1.8,325,0
KDM,D,20161114,000000,1.65,1.65,1.65,1.65,3,0
KDM,D,20161118,000000,1.65,1.65,1.65,1.65,1997,0
KDM,D,20161128,000000,1.67,1.67,1.67,1.67,3200,0
KDM,D,20161130,000000,1.58,1.58,1.58,1.58,800,0
KDM,D,20161207,000000,1.52,1.52,1.52,1.52,19600,0
KDM,D,20161219,000000,1.5,1.5,1.5,1.5,1397,0
KDM,D,20161221,000000,1.4,1.4,1.4,1.4,1500,0
KDM,D,20161222,000000,1.5,1.5,1.4,1.4,1604,0
KDM,D,20161227,000000,1.5,1.5,1.5,1.5,666,0
KDM,D,20161228,000000,1.42,1.42,1.42,1.42,656,0
KDM,D,20161229,000000,1.5,1.5,1.5,1.5,516,0
KDM,D,20170103,000000,1.5,1.5,1.4,1.4,2178,0
KDM,D,20170104,000000,1.29,1.29,1.29,1.29,150,0
KDM,D,20170112,000000,1.37,1.37,1.37,1.37,220,0
KDM,D,20170116,000000,1.49,1.49,1.49,1.49,110,0
KDM,D,20170117,000000,1.49,1.49,1.49,1.49,7140,0
KDM,D,20170118,000000,1.49,1.49,1.42,1.42,1218,0
KDM,D,20170123,000000,1.35,1.45,1.35,1.45,4644,0
KDM,D,20170124,000000,1.44,1.44,1.43,1.43,205257,0
KDM,D,20170125,000000,1.9,1.9,1.9,1.9,167705,0
KDM,D,20170201,000000,2.35,2.35,2.35,2.35,93599,0
KDM,D,20170207,000000,2.8,2.8,2.8,2.8,9158,0
KDM,D,20170208,000000,3.33,3.33,3.33,3.33,4967,0
KDM,D,20170209,000000,3.9,4.01,3.9,4.01,11407,0
KDM,D,20170210,000000,4.19,4.24,4.19,4.24,25068,0
KDM,D,20170213,000000,4.4,4.45,4.4,4.45,36781,0
KDM,D,20170214,000000,4.46,4.5,4.46,4.5,16160,0
KDM,D,20170215,000000,4.69,4.69,4.48,4.48,4639,0
KDM,D,20170216,000000,4.4,4.4,4.08,4.08,6192,0
KDM,D,20170217,000000,3.7,3.95,3.7,3.95,35558,0
KDM,D,20170220,000000,3.95,4,3.95,4,3769,0
KDM,D,20170221,000000,3.85,3.89,3.85,3.89,794,0
KDM,D,20170222,000000,3.99,3.99,3.99,3.99,800,0
KDM,D,20170223,000000,3.9,3.95,3.9,3.95,1073,0
KDM,D,20170224,000000,3.99,3.99,3.99,3.99,10139,0
KDM,D,20170227,000000,4,4.5,4,4.5,4258,0
KDM,D,20170228,000000,5,5.39,5,5.39,2212,0
KDM,D,20170301,000000,5.5,5.5,5.5,5.5,2650,0
KDM,D,20170302,000000,5.3,5.3,4.9,4.9,1200,0
KDM,D,20170303,000000,5.5,5.5,5.5,5.5,2353,0
KDM,D,20170306,000000,5.45,5.45,5.08,5.08,391,0
KDM,D,20170307,000000,5.15,5.15,4.11,4.11,871,0
KDM,D,20170308,000000,4.49,4.49,4.25,4.25,1007,0
KDM,D,20170309,000000,4.64,4.64,4.2,4.2,1311,0
KDM,D,20170310,000000,3.78,4.4,3.78,4.4,3508,0
KDM,D,20170313,000000,4.41,4.41,4.4,4.4,228,0
KDM,D,20170314,000000,4.08,4.08,4.03,4.03,2900,0
KDM,D,20170315,000000,4.03,4.4,4.03,4.4,5757,0
KDM,D,20170316,000000,4.39,4.5,4.39,4.5,167,0
KDM,D,20170317,000000,4.49,4.49,4.49,4.49,216,0
KDM,D,20170320,000000,4.2,4.2,4.2,4.2,1367,0
KDM,D,20170321,000000,4,4,4,4,293,0
KDM,D,20170322,000000,3.69,3.69,3.69,3.69,465,0
KDM,D,20170323,000000,3.69,3.69,3.69,3.69,17307,0
KDM,D,20170324,000000,3.69,3.69,3.69,3.69,5628,0
KDM,D,20170328,000000,3.7,4.15,3.7,4.15,2611,0
KDM,D,20170329,000000,4.5,4.5,4.5,4.5,2989,0
KDM,D,20170330,000000,4.8,4.8,4.8,4.8,100,0
KDM,D,20170331,000000,5,5.2,5,5.2,2950,0
KDM,D,20170403,000000,5.3,5.5,4.99,4.99,4121,0
KDM,D,20170404,000000,4.77,5,4.36,5,1335,0
KDM,D,20170406,000000,4.8,4.8,4.8,4.8,100,0
KDM,D,20170407,000000,5,5,5,5,50,0
KDM,D,20170410,000000,4.99,4.99,4.99,4.99,4,0
KDM,D,20170420,000000,4.75,4.75,4.75,4.75,5,0
KDM,D,20170424,000000,4.75,4.75,4.75,4.75,5,0
KDM,D,20170719,000000,3.98,3.98,2.85,2.85,1776,0
KDM,D,20170720,000000,2.8,2.8,2.8,2.8,855,0
KDM,D,20170721,000000,2.8,2.8,2.74,2.74,1613,0
KDM,D,20170724,000000,2.74,2.74,2.74,2.74,5,0
KDM,D,20170725,000000,2.74,2.74,2.51,2.51,1419,0
KDM,D,20170726,000000,2.49,2.49,2.49,2.49,5,0
KDM,D,20170727,000000,2.15,2.3,2.15,2.3,110,0
KDM,D,20170731,000000,2.29,2.51,2.29,2.51,951,0
KDM,D,20170801,000000,2.68,2.69,2.68,2.69,3425,0
KDM,D,20170802,000000,2.51,2.7,2.51,2.7,1475,0
KDM,D,20170803,000000,2.72,2.72,2.72,2.72,5,0
KDM,D,20170804,000000,2.7,2.7,2.7,2.7,890,0
KDM,D,20170807,000000,2.7,2.7,2.7,2.7,160,0
KDM,D,20170808,000000,2.89,2.94,2.89,2.94,4282,0
KDM,D,20170810,000000,2.94,2.94,2.94,2.94,10,0
KDM,D,20170811,000000,3.2,3.2,3.2,3.2,125,0
KDM,D,20170814,000000,3.2,3.2,3.2,3.2,5300,0
KDM,D,20170816,000000,3.2,3.2,3.09,3.09,70,0
KDM,D,20170818,000000,3.08,3.08,3.08,3.08,5,0
KDM,D,20170823,000000,3.27,3.27,3.27,3.27,5,0
KDM,D,20170824,000000,3.09,3.45,3.09,3.45,10,0
KDM,D,20170829,000000,3.1,3.1,3.1,3.1,300,0
KDM,D,20170830,000000,3.3,3.3,3.3,3.3,5,0
KDM,D,20170831,000000,3.28,3.28,3.28,3.28,520,0
KDM,D,20170901,000000,3.49,4,3.49,4,3234,0
KDM,D,20170904,000000,4.9,4.9,4.9,4.9,45,0
KDM,D,20170905,000000,4.2,4.2,4.2,4.2,1500,0
KDM,D,20170907,000000,4.8,4.8,4.8,4.8,2503,0
KDM,D,20170908,000000,5.25,5.25,5.25,5.25,200,0
KDM,D,20170911,000000,5.5,5.5,5.5,5.5,450,0
KDM,D,20170919,000000,5.4,5.4,5.4,5.4,1260,0
KDM,D,20170921,000000,5.22,5.4,5.22,5.4,4090,0
KDM,D,20170925,000000,5.37,5.37,5.37,5.37,1300,0
KDM,D,20170926,000000,5.23,5.23,5.23,5.23,80,0
KDM,D,20170929,000000,5.35,5.35,5.35,5.35,2500,0
KDM,D,20171009,000000,5.24,5.29,5.24,5.29,1478,0
KDM,D,20171013,000000,5.2,5.2,5.2,5.2,1520,0
KDM,D,20171016,000000,5,5,5,5,276,0
KDM,D,20171017,000000,5,5,4.99,4.99,6400,0
KDM,D,20171019,000000,4.98,4.98,4.98,4.98,502,0
KDM,D,20171025,000000,4.5,4.5,4.5,4.5,1844,0
KDM,D,20171026,000000,4.69,4.69,4.69,4.69,800,0
KDM,D,20171027,000000,4.69,4.69,4.69,4.69,430,0
KDM,D,20171102,000000,4.69,4.69,4.69,4.69,5150,0
KDM,D,20171103,000000,4.68,4.68,4.68,4.68,866,0
KDM,D,20171113,000000,4.88,4.88,4.88,4.88,2821,0
KDM,D,20171114,000000,4.88,4.88,4.88,4.88,2758,0
KDM,D,20171127,000000,4.4,4.6,4.4,4.6,2080,0
KDM,D,20171128,000000,4.5,4.5,4.5,4.5,20,0
KDM,D,20171129,000000,4.5,4.5,4.5,4.5,1055,0
KDM,D,20171130,000000,4.45,4.45,4.45,4.45,800,0
KDM,D,20171201,000000,4.45,4.45,4.45,4.45,3100,0
KDM,D,20171204,000000,4.1,4.44,4.1,4.44,4998,0
KDM,D,20171205,000000,4.6,4.6,4.6,4.6,155,0
KDM,D,20171206,000000,4.97,4.97,4.97,4.97,10,0
KDM,D,20171207,000000,4.45,4.45,4.45,4.45,3149,0
KDM,D,20171211,000000,4.45,4.45,4.45,4.45,1159,0
KDM,D,20171212,000000,4.57,4.57,4.57,4.57,3000,0
KDM,D,20171213,000000,4.44,4.9,4.44,4.9,3551,0
KDM,D,20171215,000000,4.5,4.55,4.5,4.55,7000,0
KDM,D,20171218,000000,4.5,4.5,4.5,4.5,3980,0
KDM,D,20171219,000000,4.85,4.85,4.85,4.85,6,0
KDM,D,20171220,000000,4.44,4.44,4.44,4.44,500,0
KDM,D,20171221,000000,4,4,4,4,4136,0
KDM,D,20171222,000000,3.99,3.99,3.99,3.99,350,0
KDM,D,20171227,000000,3.99,4,3.99,4,59400,0
KDM,D,20171228,000000,3.98,3.98,3.95,3.95,73100,0
KDM,D,20171229,000000,3.98,3.98,3.98,3.98,8194,0
KDM,D,20180103,000000,3.94,4.32,3.94,4.32,34508,0
KDM,D,20180104,000000,4,4.4,4,4.4,4082,0
KDM,D,20180105,000000,4,4.4,4,4.4,31389,0
KDM,D,20180108,000000,4.8,4.8,4.6,4.6,2994,0
KDM,D,20180109,000000,4.2,4.5,4.2,4.5,9644,0
KDM,D,20180110,000000,4.2,4.2,4.2,4.2,12713,0
KDM,D,20180111,000000,4,4,3.9,3.9,12713,0
KDM,D,20180112,000000,3.9,4.2,3.9,4.2,14687,0
KDM,D,20180115,000000,4,4.1,4,4.1,17561,0
KDM,D,20180116,000000,4.5,4.5,4.5,4.5,14,0
KDM,D,20180117,000000,4.6,4.78,4.6,4.78,658,0
KDM,D,20180122,000000,4.74,4.74,4.72,4.72,6923,0
KDM,D,20180123,000000,4.76,4.76,4.76,4.76,2,0
KDM,D,20180124,000000,4.76,4.76,4.76,4.76,15483,0
KDM,D,20180125,000000,4.7,4.7,4.1,4.1,13052,0
KDM,D,20180126,000000,4.48,4.6,4.48,4.6,5134,0
KDM,D,20180129,000000,4.76,4.76,4.76,4.76,5,0
KDM,D,20180130,000000,4.76,4.76,4.76,4.76,651,0
KDM,D,20180131,000000,4.7,4.76,4.7,4.76,2754,0
KDM,D,20180202,000000,4.8,4.8,4.8,4.8,2100,0
KDM,D,20180205,000000,4.5,4.5,4.28,4.28,8177,0
KDM,D,20180206,000000,4.7,4.8,4.7,4.8,219,0
KDM,D,20180212,000000,4.7,4.7,4.7,4.7,10,0
KDM,D,20180213,000000,4.28,4.36,4.28,4.36,15059,0
KDM,D,20180214,000000,3.88,4,3.88,4,30287,0
KDM,D,20180215,000000,4.3,4.3,4.3,4.3,15,0
KDM,D,20180216,000000,3.9,4.18,3.9,4.18,18125,0
KDM,D,20180219,000000,4.16,4.16,4.16,4.16,2714,0
KDM,D,20180221,000000,4.3,4.3,4.3,4.3,9,0
KDM,D,20180222,000000,4.3,4.3,4.3,4.3,1415,0
KDM,D,20180223,000000,4.2,4.2,4.2,4.2,500,0
KDM,D,20180226,000000,4,4,3.84,3.84,3410,0
KDM,D,20180227,000000,3.9,4.26,3.9,4.26,13101,0
KDM,D,20180228,000000,3.86,4.22,3.86,4.22,12605,0
KDM,D,20180301,000000,3.9,3.9,3.9,3.9,540,0
KDM,D,20180302,000000,4,4,4,4,1000,0
KDM,D,20180305,000000,3.98,3.98,3.98,3.98,5025,0
KDM,D,20180309,000000,3.4,3.4,3.4,3.4,262,0
KDM,D,20180313,000000,3.4,3.4,3.4,3.4,16296,0
KDM,D,20180314,000000,3.74,3.88,3.74,3.88,32,0
KDM,D,20180315,000000,3.86,3.86,3.86,3.86,600,0
KDM,D,20180319,000000,3.86,3.86,3.86,3.86,4159,0
KDM,D,20180321,000000,3.9,3.9,3.9,3.9,200,0
KDM,D,20180322,000000,3.86,3.86,3.86,3.86,38622,0
KDM,D,20180323,000000,3.86,3.86,3.86,3.86,5000,0
KDM,D,20180327,000000,3.8,3.8,3.8,3.8,270,0
KDM,D,20180328,000000,3.8,3.8,3.8,3.8,16250,0
KDM,D,20180403,000000,3.7,3.8,3.7,3.8,14545,0
KDM,D,20180404,000000,3.88,3.88,3.3,3.54,57191,0
KDM,D,20180405,000000,3.02,3.36,3.02,3.36,28815,0
KDM,D,20180406,000000,2.9,3.1,2.7,2.9,25223,0
KDM,D,20180409,000000,3.2,3.28,3,3,1521,0
KDM,D,20180411,000000,3,3.2,3,3.1,35671,0
KDM,D,20180412,000000,2.7,2.78,2.44,2.56,19512,0
KDM,D,20180413,000000,2.6,2.62,2.44,2.44,9512,0
KDM,D,20180416,000000,2.5,2.5,2.5,2.5,331,0
KDM,D,20180417,000000,2.58,2.58,2.58,2.58,327,0
KDM,D,20180418,000000,2.7,2.7,2.7,2.7,1683,0
KDM,D,20180423,000000,2.78,2.78,2.78,2.78,2249,0
KDM,D,20180424,000000,2.9,2.9,2.9,2.9,200,0
KDM,D,20180425,000000,3,3,3,3,380,0
KDM,D,20180427,000000,3,3.2,3,3.2,2829,0
KDM,D,20180430,000000,3.2,3.3,3.2,3.3,1045,0
KDM,D,20180502,000000,3.62,3.98,3.62,3.98,1315,0
KDM,D,20180504,000000,3.94,3.94,3.9,3.94,7617,0
KDM,D,20180507,000000,3.42,3.44,3.42,3.44,1903,0
KDM,D,20180514,000000,3.26,3.26,3.26,3.26,10000,0
KDM,D,20180515,000000,2.98,3.14,2.98,3.14,326,0
KDM,D,20180516,000000,3.1,3.1,3.1,3.1,10000,0
KDM,D,20180517,000000,3.1,3.1,3.1,3.1,400,0
KDM,D,20180521,000000,3.44,3.44,3.44,3.44,1000,0
KDM,D,20180522,000000,3.44,3.44,3.44,3.44,250,0
KDM,D,20180523,000000,3.26,3.26,3.26,3.26,500,0
KDM,D,20180528,000000,3.4,3.4,3.36,3.38,35355,0
KDM,D,20180529,000000,3.4,3.4,3.4,3.4,54350,0
KDM,D,20180530,000000,3.4,3.4,3.4,3.4,88500,0
KDM,D,20180601,000000,3.4,3.4,3.4,3.4,40000,0
KDM,D,20180604,000000,3.4,3.4,3.4,3.4,6625,0
KDM,D,20180605,000000,3.36,3.36,2.78,2.78,12100,0
KDM,D,20180607,000000,3.04,3.32,3.04,3.32,5022,0
KDM,D,20180611,000000,3.32,3.4,3.04,3.4,10379,0
KDM,D,20180612,000000,3.6,3.6,3.6,3.6,2,0
KDM,D,20180613,000000,3.3,3.3,2.7,2.7,75683,0
KDM,D,20180614,000000,2.96,2.96,2.7,2.7,10040,0
KDM,D,20180615,000000,2.96,2.96,2.96,2.96,5,0
KDM,D,20180618,000000,2.56,2.56,2.56,2.56,860,0
KDM,D,20180619,000000,2.8,3,2.58,2.9,2492,0
KDM,D,20180625,000000,2.9,2.9,2.9,2.9,13600,0
KDM,D,20180626,000000,2.9,2.9,2.9,2.9,300,0
KDM,D,20180627,000000,2.5,2.5,2.5,2.5,7911,0
KDM,D,20180628,000000,2.5,2.5,2.5,2.5,1000,0
KDM,D,20180705,000000,2.58,2.58,2.58,2.58,300,0
KDM,D,20180706,000000,2.66,2.66,2.5,2.6,6525,0
KDM,D,20180709,000000,2.5,2.52,2.5,2.52,5000,0
KDM,D,20180711,000000,2.44,2.44,2.44,2.44,200,0
KDM,D,20180712,000000,2.5,2.5,2.5,2.5,500,0
KDM,D,20180713,000000,2.5,2.5,2.5,2.5,1000,0
KDM,D,20180716,000000,2.42,2.42,2.42,2.42,14359,0
KDM,D,20180720,000000,2,2,2,2,11000,0
KDM,D,20180723,000000,2,2,1.96,1.96,9818,0
KDM,D,20180724,000000,1.9,1.9,1.9,1.9,132,0
KDM,D,20180726,000000,1.85,1.85,1.85,1.85,33085,0
KDM,D,20180727,000000,1.75,1.75,1.75,1.75,678,0
KDM,D,20180731,000000,2,2,2,2,363,0
KDM,D,20180801,000000,2.06,2.06,2.06,2.06,3962,0
KDM,D,20180802,000000,2.06,2.06,2.06,2.06,38,0
KDM,D,20180803,000000,2,2,2,2,5378,0
KDM,D,20180806,000000,2,2,2,2,1000,0
KDM,D,20180807,000000,1.95,1.95,1.95,1.95,1559,0
KDM,D,20180810,000000,1.9,1.9,1.9,1.9,9755,0
KDM,D,20180813,000000,1.9,1.9,1.85,1.85,7010,0
KDM,D,20180814,000000,1.85,1.85,1.85,1.85,5063,0
KDM,D,20180816,000000,1.85,1.85,1.85,1.85,2266,0
KDM,D,20180817,000000,1.8,1.8,1.8,1.8,10433,0
KDM,D,20180820,000000,1.76,1.8,1.76,1.8,2161,0
KDM,D,20180821,000000,1.8,1.8,1.7,1.7,4812,0
KDM,D,20180823,000000,1.65,1.65,1.65,1.65,13000,0
KDM,D,20180828,000000,1.65,1.65,1.65,1.65,80,0
KDM,D,20180910,000000,1.6,1.65,1.6,1.65,6932,0
KDM,D,20180912,000000,1.65,1.65,1.6,1.6,5526,0
KDM,D,20180920,000000,1.6,1.6,1.6,1.6,3000,0
KDM,D,20180921,000000,1.6,1.6,1.5,1.5,3373,0
KDM,D,20180924,000000,1.61,1.65,1.61,1.65,6484,0
KDM,D,20180925,000000,1.65,1.65,1.5,1.5,5221,0
KDM,D,20180928,000000,1.35,1.35,1.25,1.25,10549,0
KDM,D,20181001,000000,1.29,1.29,1.29,1.29,4803,0
KDM,D,20181002,000000,1.41,1.41,1.41,1.41,2,0
KDM,D,20181003,000000,1.41,1.41,1.41,1.41,309,0
KDM,D,20181008,000000,1.6,1.6,1.6,1.6,100,0
KDM,D,20181009,000000,1.8,1.8,1.6,1.6,21833,0
KDM,D,20181010,000000,1.6,1.6,1.6,1.6,1700,0
KDM,D,20181011,000000,1.6,1.6,1.6,1.6,1252,0
KDM,D,20181012,000000,1.56,1.56,1.56,1.56,200,0
KDM,D,20181015,000000,1.56,1.6,1.56,1.6,2683,0
KDM,D,20181016,000000,1.6,1.6,1.6,1.6,1422,0
KDM,D,20181017,000000,1.6,1.6,1.6,1.6,1400,0
KDM,D,20181018,000000,1.6,1.6,1.6,1.6,1418,0
KDM,D,20181019,000000,1.64,1.64,1.64,1.64,2582,0
KDM,D,20181022,000000,1.64,1.64,1.64,1.64,1061,0
KDM,D,20181023,000000,1.64,1.64,1.64,1.64,871,0
KDM,D,20181024,000000,1.66,1.66,1.66,1.66,6400,0
KDM,D,20181026,000000,1.6,1.6,1.6,1.6,4000,0
KDM,D,20181029,000000,1.6,1.6,1.6,1.6,7416,0
KDM,D,20181030,000000,1.6,1.6,1.6,1.6,2000,0
KDM,D,20181031,000000,1.6,1.6,1.6,1.6,2000,0
KDM,D,20181102,000000,1.57,1.57,1.57,1.57,2300,0
KDM,D,20181107,000000,1.52,1.52,1.52,1.52,24710,0
KDM,D,20181108,000000,1.5,1.5,1.5,1.5,6792,0
KDM,D,20181113,000000,1.46,1.46,1.46,1.46,6900,0
KDM,D,20181114,000000,1.43,1.43,1.43,1.43,2000,0
KDM,D,20181119,000000,1.39,1.39,1.39,1.39,8426,0
KDM,D,20181122,000000,1.42,1.42,1.42,1.42,15810,0
KDM,D,20181123,000000,1.4,1.4,1.39,1.39,55585,0
KDM,D,20181127,000000,1.39,1.39,1.39,1.39,5610,0
KDM,D,20181129,000000,1.39,1.39,1.39,1.39,2068,0
KDM,D,20181204,000000,1.37,1.37,1.37,1.37,5000,0
KDM,D,20181211,000000,1.37,1.37,1.37,1.37,14614,0
KDM,D,20181212,000000,1.37,1.37,1.37,1.37,1000,0
KDM,D,20181214,000000,1.43,1.43,1.43,1.43,1,0
KDM,D,20181217,000000,1.43,1.43,1.37,1.37,6203,0
KDM,D,20181218,000000,1.37,1.37,1.37,1.37,18645,0
KDM,D,20181219,000000,1.32,1.32,1.32,1.32,10182,0
KDM,D,20181220,000000,1.25,1.25,1.23,1.23,11000,0
KDM,D,20181221,000000,1.19,1.19,1.13,1.13,5654,0
KDM,D,20181227,000000,1.1,1.1,1.01,1.01,11639,0
KDM,D,20181228,000000,0.97,0.97,0.85,0.85,77154,0
KDM,D,20190102,000000,0.9,0.9,0.9,0.9,12300,0
KDM,D,20190103,000000,0.9,0.9,0.9,0.9,13100,0
KDM,D,20190104,000000,0.9,0.9,0.88,0.88,16000,0
KDM,D,20190107,000000,0.9,0.9,0.9,0.9,21997,0
KDM,D,20190108,000000,0.99,0.99,0.99,0.99,5,0
KDM,D,20190110,000000,1,1,1,1,25316,0
KDM,D,20190111,000000,1,1,0.95,0.95,41195,0
KDM,D,20190114,000000,0.95,0.95,0.95,0.95,2300,0
KDM,D,20190117,000000,0.95,0.98,0.95,0.98,65295,0
KDM,D,20190118,000000,0.95,0.95,0.95,0.95,2449,0
KDM,D,20190121,000000,0.98,0.98,0.98,0.98,94793,0
KDM,D,20190123,000000,1.1,1.1,1.1,1.1,7421,0
KDM,D,20190124,000000,1.2,1.29,1.2,1.29,5651,0
KDM,D,20190125,000000,1.4,1.6,1.4,1.6,10233,0
KDM,D,20190128,000000,1.6,1.6,1.59,1.59,1396,0
KDM,D,20190129,000000,1.5,1.5,1.5,1.5,15112,0
KDM,D,20190130,000000,1.5,1.5,1.5,1.5,2021,0
KDM,D,20190201,000000,1.6,1.79,1.6,1.79,5093,0
KDM,D,20190205,000000,1.79,1.79,1.79,1.79,4800,0
KDM,D,20190206,000000,1.79,1.79,1.79,1.79,300,0
KDM,D,20190207,000000,1.83,1.83,1.83,1.83,200,0
KDM,D,20190208,000000,1.83,1.83,1.83,1.83,4900,0
KDM,D,20190218,000000,1.6,1.6,1.6,1.6,13087,0
KDM,D,20190219,000000,1.5,1.5,1.35,1.35,19153,0
KDM,D,20190220,000000,1.35,1.35,1.35,1.35,6000,0
KDM,D,20190222,000000,1.35,1.35,1.35,1.35,847,0
KDM,D,20190226,000000,1.35,1.35,1.35,1.35,2000,0
KDM,D,20190228,000000,1.36,1.36,1.36,1.36,1000,0
KDM,D,20190304,000000,1.36,1.36,1.36,1.36,7300,0
KDM,D,20190306,000000,1.37,1.37,1.37,1.37,3229,0
KDM,D,20190307,000000,1.37,1.37,1.37,1.37,4300,0
KDM,D,20190308,000000,1.38,1.38,1.37,1.37,3146,0
KDM,D,20190311,000000,1.39,1.39,1.39,1.39,8400,0
KDM,D,20190318,000000,1.39,1.39,1.39,1.39,9971,0
KDM,D,20190320,000000,1.39,1.39,1.39,1.39,300,0
KDM,D,20190321,000000,1.38,1.38,1.38,1.38,2500,0
KDM,D,20190322,000000,1.39,1.39,1.39,1.39,8000,0
KDM,D,20190401,000000,1.39,1.39,1.39,1.39,813,0
KDM,D,20190408,000000,1.39,1.39,1.39,1.39,973,0
KDM,D,20190424,000000,1.39,1.39,1.39,1.39,6977,0
KDM,D,20190426,000000,1.39,1.39,1.39,1.39,1,0
KDM,D,20190502,000000,1.39,1.39,1.39,1.39,13848,0
KDM,D,20190506,000000,1.4,1.4,1.4,1.4,28383,0
