<TICKER>,<PER>,<DATE>,<TIME>,<OPEN>,<HIGH>,<LOW>,<CLOSE>,<VOL>,<OPENINT>
LKD,D,20151215,000000,7.743,9.651,7.743,9.651,1409,0
LKD,D,20151217,000000,9.4268,9.4268,9.4268,9.4268,129,0
LKD,D,20151218,000000,9.559,9.559,9.559,9.559,6,0
LKD,D,20151221,000000,8.5153,9.0175,8.5153,9.0175,169,0
LKD,D,20151222,000000,8.5153,9.1185,8.5001,9.1185,1569,0
LKD,D,20151223,000000,9.2731,9.2731,9.2731,9.2731,388,0
LKD,D,20151228,000000,9.2731,9.2731,9.2731,9.2731,1760,0
LKD,D,20151229,000000,9.2731,9.2731,9.2731,9.2731,3882,0
LKD,D,20151230,000000,9.2731,9.659,8.5001,9.659,9694,0
LKD,D,20160113,000000,9.4268,9.4268,9.4268,9.4268,1,0
LKD,D,20160120,000000,7.7276,7.7657,7.7276,7.7657,675,0
LKD,D,20160121,000000,7.7276,8.4615,7.7276,8.4615,144,0
LKD,D,20160127,000000,8.5001,8.5001,7.7276,8.5001,402,0
LKD,D,20160129,000000,9.3115,9.3115,9.3115,9.3115,129,0
LKD,D,20160203,000000,9.2731,9.2731,9.2731,9.2731,110,0
LKD,D,20160212,000000,8.5001,9.1185,8.5001,9.1185,206,0
LKD,D,20160216,000000,9.1185,9.1185,9.1185,9.1185,323,0
LKD,D,20160224,000000,8.5001,8.5001,7.7276,7.7276,197,0
LKD,D,20160225,000000,8.5001,8.5001,8.5001,8.5001,647,0
LKD,D,20160229,000000,8.5001,8.5001,8.5001,8.5001,129,0
LKD,D,20160304,000000,8.3454,8.3454,8.3454,8.3454,163,0
LKD,D,20160309,000000,8.3454,8.3454,8.3454,8.3454,129,0
LKD,D,20160310,000000,8.3454,8.3838,8.3454,8.3454,551,0
LKD,D,20160311,000000,8.3454,8.3454,8.3454,8.3454,517,0
LKD,D,20160316,000000,8.3454,8.8861,8.3454,8.8861,274,0
LKD,D,20160317,000000,9.2731,9.3499,9.2731,9.2731,129803,0
LKD,D,20160318,000000,9.1185,9.3115,9.1185,9.3115,939,0
LKD,D,20160321,000000,9.3651,9.968,9.3651,9.929,5339,0
LKD,D,20160322,000000,9.729,9.729,9.729,9.729,68,0
LKD,D,20160323,000000,9.581,9.581,9.581,9.581,22,0
LKD,D,20160329,000000,9.574,9.574,9.566,9.566,414,0
LKD,D,20160330,000000,9.62,9.62,9.62,9.62,6,0
LKD,D,20160331,000000,9.62,9.62,9.62,9.62,63,0
LKD,D,20160401,000000,9.736,9.736,9.736,9.736,414,0
LKD,D,20160405,000000,9.729,9.736,9.729,9.729,850,0
LKD,D,20160406,000000,9.697,9.729,9.697,9.729,590,0
LKD,D,20160407,000000,9.659,9.729,9.659,9.729,25889,0
LKD,D,20160411,000000,9.736,9.736,9.736,9.736,131,0
LKD,D,20160412,000000,9.736,9.736,9.736,9.736,220,0
LKD,D,20160413,000000,9.744,9.929,9.744,9.929,1553,0
LKD,D,20160414,000000,9.852,9.852,9.852,9.852,29,0
LKD,D,20160415,000000,9.852,9.929,9.799,9.929,10567,0
LKD,D,20160418,000000,9.905,10.189,9.905,10.148,5036,0
LKD,D,20160419,000000,10.189,10.189,9.905,10.189,3588,0
LKD,D,20160422,000000,10.067,10.067,10.067,10.067,308,0
LKD,D,20160425,000000,9.986,9.986,9.986,9.986,246,0
LKD,D,20160426,000000,9.986,9.986,9.978,9.986,4879,0
LKD,D,20160427,000000,10.189,10.352,10.189,10.23,20952,0
LKD,D,20160428,000000,10.23,10.27,10.23,10.23,7659,0
LKD,D,20160429,000000,10.27,10.432,10.27,10.432,17209,0
LKD,D,20160502,000000,10.473,10.473,10.432,10.432,1196,0
LKD,D,20160504,000000,10.432,10.432,10.4,10.432,2349,0
LKD,D,20160505,000000,10.432,10.432,10.432,10.432,547,0
LKD,D,20160506,000000,10.473,10.473,10.27,10.432,1736,0
LKD,D,20160509,000000,10.432,10.432,10.432,10.432,1317,0
LKD,D,20160510,000000,10.432,10.432,10.432,10.432,281,0
LKD,D,20160511,000000,10.432,10.432,10.198,10.311,9354,0
LKD,D,20160512,000000,10.425,10.425,10.425,10.425,505,0
LKD,D,20160513,000000,10.416,10.416,10.384,10.384,894,0
LKD,D,20160516,000000,10.432,10.432,10.205,10.392,722,0
LKD,D,20160518,000000,10.205,10.27,10.189,10.27,997,0
LKD,D,20160519,000000,9.905,10.23,9.905,10.222,420,0
LKD,D,20160520,000000,9.913,10.27,9.913,10.27,873,0
LKD,D,20160525,000000,9.832,10.27,9.832,10.27,64,0
LKD,D,20160527,000000,10.23,10.23,10.23,10.23,492,0
LKD,D,20160530,000000,10.23,10.432,10.23,10.432,6677,0
LKD,D,20160531,000000,10.466,10.473,10.279,10.473,14392,0
LKD,D,20160603,000000,10.473,10.514,10.473,10.514,6356,0
LKD,D,20160606,000000,10.514,10.514,10.514,10.514,123,0
LKD,D,20160607,000000,10.432,10.432,10.432,10.432,246,0
LKD,D,20160608,000000,10.148,10.514,10.148,10.505,1010,0
LKD,D,20160613,000000,10.018,10.482,10.018,10.482,217,0
LKD,D,20160614,000000,10.482,10.482,10.002,10.457,401,0
LKD,D,20160616,000000,9.921,10.222,9.743,9.743,1939,0
LKD,D,20160617,000000,10.441,10.441,10.441,10.441,6,0
LKD,D,20160624,000000,9.4268,10.067,9.24,10.067,2984,0
LKD,D,20160627,000000,10.148,10.148,9.743,10.132,931,0
LKD,D,20160628,000000,9.743,10.432,9.743,10.432,814,0
LKD,D,20160705,000000,10.392,10.392,10.23,10.384,1351,0
LKD,D,20160711,000000,9.986,10.352,9.986,10.352,814,0
LKD,D,20160712,000000,9.75,10.23,9.743,10.23,923,0
LKD,D,20160714,000000,9.986,10.23,9.946,10.116,1194,0
LKD,D,20160715,000000,10.116,10.596,10.027,10.555,20427,0
LKD,D,20160718,000000,10.716,11.244,10.27,11.244,11681,0
LKD,D,20160719,000000,11.244,11.244,11.001,11.009,1578,0
LKD,D,20160720,000000,11.123,11.236,11.123,11.236,382,0
LKD,D,20160721,000000,11.236,11.236,11.236,11.236,104,0
LKD,D,20160725,000000,11.22,11.367,11.22,11.367,6944,0
LKD,D,20160726,000000,11.764,11.764,11.204,11.683,4104,0
LKD,D,20160727,000000,12.065,12.065,12.065,12.065,149,0
LKD,D,20160728,000000,11.935,11.935,11.935,11.935,26,0
LKD,D,20160729,000000,11.935,11.935,11.935,11.935,7,0
LKD,D,20160801,000000,11.335,11.886,11.335,11.878,364,0
LKD,D,20160804,000000,11.61,11.813,11.61,11.813,2031,0
LKD,D,20160808,000000,11.448,11.764,11.448,11.764,1244,0
LKD,D,20160810,000000,11.764,11.806,11.764,11.806,134,0
LKD,D,20160811,000000,11.464,11.806,11.407,11.806,3018,0
LKD,D,20160812,000000,11.773,11.773,11.773,11.773,160,0
LKD,D,20160816,000000,11.764,11.773,11.367,11.773,18725,0
LKD,D,20160817,000000,11.773,11.773,11.773,11.773,690,0
LKD,D,20160823,000000,11.764,11.764,11.448,11.756,543,0
LKD,D,20160824,000000,11.415,11.732,11.415,11.732,220,0
LKD,D,20160825,000000,11.683,11.683,11.683,11.683,246,0
LKD,D,20160829,000000,11.415,11.667,11.367,11.667,967,0
LKD,D,20160830,000000,11.367,11.602,11.367,11.602,124,0
LKD,D,20160901,000000,11.367,11.594,11.367,11.594,185,0
LKD,D,20160905,000000,11.594,11.594,11.034,11.578,309,0
LKD,D,20160906,000000,11.034,11.578,11.034,11.578,730,0
LKD,D,20160907,000000,11.529,11.529,11.529,11.529,3,0
LKD,D,20160908,000000,11.521,11.521,11.521,11.521,3,0
LKD,D,20160909,000000,11.521,11.521,11.521,11.521,3,0
LKD,D,20160912,000000,11.521,11.521,11.521,11.521,3,0
LKD,D,20160913,000000,11.521,11.521,11.253,11.253,4,0
LKD,D,20160914,000000,11.521,11.521,11.521,11.521,3,0
LKD,D,20160919,000000,11.196,11.196,11.196,11.196,283,0
LKD,D,20160921,000000,10.88,11.164,10.798,11.164,3712,0
LKD,D,20160922,000000,10.88,11.196,10.839,10.839,1835,0
LKD,D,20160923,000000,11.204,11.204,10.798,10.798,1235,0
LKD,D,20160926,000000,10.798,10.798,10.798,10.798,3,0
LKD,D,20160927,000000,10.798,10.798,10.311,10.798,405,0
LKD,D,20160929,000000,10.254,11.123,10.254,10.555,4484,0
LKD,D,20160930,000000,10.311,11.123,9.905,10.067,34949,0
LKD,D,20161003,000000,10.457,10.457,10.457,10.457,262,0
LKD,D,20161004,000000,11.367,11.367,10.555,11.074,1712,0
LKD,D,20161005,000000,11.083,11.083,10.067,10.96,778,0
LKD,D,20161011,000000,10.4,10.831,10.392,10.831,2229,0
LKD,D,20161013,000000,10.555,10.75,10.555,10.75,511,0
LKD,D,20161014,000000,10.392,10.944,10.392,10.944,7932,0
LKD,D,20161017,000000,10.716,10.936,10.716,10.936,1243,0
LKD,D,20161018,000000,10.896,10.92,10.798,10.92,1538,0
LKD,D,20161019,000000,10.563,10.92,10.563,10.92,2432,0
LKD,D,20161025,000000,10.644,10.88,10.644,10.88,166,0
LKD,D,20161026,000000,10.66,10.871,10.652,10.864,208,0
LKD,D,20161027,000000,10.652,10.815,10.652,10.815,1655,0
LKD,D,20161102,000000,10.782,10.79,10.782,10.79,2381,0
LKD,D,20161108,000000,10.88,10.944,10.88,10.944,3667,0
LKD,D,20161109,000000,10.96,11.691,10.96,11.691,12811,0
LKD,D,20161110,000000,11.61,11.683,11.529,11.675,1044,0
LKD,D,20161114,000000,11.61,11.61,11.61,11.61,615,0
LKD,D,20161115,000000,11.487,11.658,11.487,11.658,499,0
LKD,D,20161117,000000,11.57,11.57,11.57,11.57,87,0
LKD,D,20161118,000000,11.212,11.554,11.212,11.554,857,0
LKD,D,20161122,000000,11.123,11.554,11.123,11.554,201,0
LKD,D,20161123,000000,11.123,11.326,11.123,11.326,172,0
LKD,D,20161124,000000,11.367,11.367,11.123,11.123,123,0
LKD,D,20161125,000000,11.367,11.367,10.968,10.968,406,0
LKD,D,20161128,000000,10.636,11.164,10.636,11.164,723,0
LKD,D,20161129,000000,11.164,11.164,11.164,11.164,6,0
LKD,D,20161130,000000,10.807,10.815,10.58,10.58,1937,0
LKD,D,20161201,000000,10.571,11.204,10.571,11.204,159,0
LKD,D,20161205,000000,10.555,10.555,10.555,10.555,1478,0
LKD,D,20161206,000000,11.042,11.042,10.96,10.96,64,0
LKD,D,20161207,000000,10.636,10.936,10.628,10.936,45196,0
LKD,D,20161212,000000,10.871,10.871,10.871,10.871,317,0
LKD,D,20161213,000000,10.871,10.871,10.871,10.871,120,0
LKD,D,20161214,000000,10.766,10.766,10.555,10.716,425,0
LKD,D,20161215,000000,10.286,10.7,10.286,10.7,446,0
LKD,D,20161219,000000,10.7,10.7,10.514,10.514,524,0
LKD,D,20161220,000000,10.7,10.7,9.783,9.864,1262,0
LKD,D,20161221,000000,10.344,10.344,10.344,10.344,13,0
LKD,D,20161222,000000,9.873,10.141,9.864,10.141,765,0
LKD,D,20161223,000000,10.141,10.148,10.109,10.109,1601,0
LKD,D,20161227,000000,9.913,9.913,9.864,9.864,560,0
LKD,D,20161228,000000,9.864,9.864,9.3446,9.743,3534,0
LKD,D,20161229,000000,9.978,9.978,9.3446,9.743,13799,0
LKD,D,20161230,000000,9.3535,9.743,9.3365,9.743,28433,0
LKD,D,20170103,000000,10.084,10.148,10.084,10.148,615,0
LKD,D,20170104,000000,10.23,10.23,10.23,10.23,197,0
LKD,D,20170105,000000,10.4,10.4,10.4,10.4,123,0
LKD,D,20170109,000000,10.432,10.432,10.432,10.432,7,0
LKD,D,20170110,000000,10.076,10.555,10.076,10.555,2005,0
LKD,D,20170111,000000,10.555,10.555,10.555,10.555,87,0
LKD,D,20170113,000000,9.743,10.716,9.743,10.716,1239,0
LKD,D,20170116,000000,10.798,10.798,10.798,10.798,3,0
LKD,D,20170117,000000,10.798,10.798,10.716,10.716,185,0
LKD,D,20170118,000000,10.716,10.716,10.716,10.716,937,0
LKD,D,20170119,000000,10.903,10.903,10.555,10.555,991,0
LKD,D,20170120,000000,10.636,10.66,10.636,10.66,135,0
LKD,D,20170123,000000,10.555,10.823,10.555,10.823,199,0
LKD,D,20170124,000000,10.839,10.839,10.555,10.831,820,0
LKD,D,20170125,000000,10.839,11.204,10.555,11.204,6135,0
LKD,D,20170126,000000,11.204,11.285,10.96,11.285,6909,0
LKD,D,20170127,000000,11.204,11.204,10.555,11.204,372,0
LKD,D,20170130,000000,11.196,11.196,10.636,11.034,1223,0
LKD,D,20170131,000000,10.96,11.204,10.96,11.204,1016,0
LKD,D,20170201,000000,11.187,11.187,11.187,11.187,123,0
LKD,D,20170202,000000,11.058,11.187,10.968,11.067,4999,0
LKD,D,20170203,000000,11.042,11.042,10.839,11.034,376,0
LKD,D,20170207,000000,11.009,11.009,11.009,11.009,87,0
LKD,D,20170209,000000,11.009,11.009,10.88,11.009,370,0
LKD,D,20170210,000000,10.952,10.96,10.88,10.88,2000,0
LKD,D,20170213,000000,10.839,10.839,10.839,10.839,19,0
LKD,D,20170214,000000,10.725,10.839,10.725,10.839,125,0
LKD,D,20170215,000000,10.716,10.716,10.563,10.563,610,0
LKD,D,20170216,000000,10.88,10.88,10.636,10.676,222,0
LKD,D,20170217,000000,10.555,10.936,10.555,10.936,2984,0
LKD,D,20170220,000000,10.92,10.92,10.92,10.92,441,0
LKD,D,20170221,000000,10.555,10.757,10.555,10.757,695,0
LKD,D,20170222,000000,10.92,10.92,10.555,10.903,61718,0
LKD,D,20170223,000000,10.88,11.067,10.555,11.067,4382,0
LKD,D,20170224,000000,11.042,11.067,11.042,11.067,17,0
LKD,D,20170227,000000,11.067,11.277,11.067,11.269,7474,0
LKD,D,20170228,000000,11.083,11.26,11.083,11.26,407,0
LKD,D,20170301,000000,11.18,11.18,11.18,11.18,123,0
LKD,D,20170302,000000,11.123,11.171,11.042,11.171,250,0
LKD,D,20170307,000000,11.171,11.171,11.139,11.139,246,0
LKD,D,20170308,000000,11.139,11.139,10.815,11.115,761,0
LKD,D,20170309,000000,10.58,11.074,10.555,11.074,4529,0
LKD,D,20170313,000000,10.416,10.96,10.416,10.96,376,0
LKD,D,20170314,000000,10.952,10.952,10.555,10.555,961,0
LKD,D,20170315,000000,10.563,10.912,10.555,10.912,336,0
LKD,D,20170316,000000,10.944,11.042,10.928,11.042,2376,0
LKD,D,20170317,000000,11.042,11.042,10.887,10.96,1848,0
LKD,D,20170320,000000,10.96,11.042,10.96,11.042,191,0
LKD,D,20170321,000000,11.115,11.115,11.115,11.115,3,0
LKD,D,20170322,000000,11.115,11.115,10.968,11.107,94,0
LKD,D,20170323,000000,11.042,11.083,11.042,11.083,246,0
LKD,D,20170324,000000,11.042,11.042,11.042,11.042,292,0
LKD,D,20170327,000000,11.042,11.042,11.042,11.042,119,0
LKD,D,20170328,000000,11.042,11.083,11.042,11.042,20106,0
LKD,D,20170329,000000,11.042,11.115,11.042,11.115,1332,0
LKD,D,20170330,000000,11.115,11.285,10.668,11.285,7137,0
LKD,D,20170331,000000,11.285,11.773,11.123,11.773,76731,0
LKD,D,20170403,000000,11.756,12.09,11.57,11.87,30115,0
LKD,D,20170404,000000,12.057,12.057,12.057,12.057,258,0
LKD,D,20170406,000000,11.87,12.033,11.87,12.016,1081,0
LKD,D,20170407,000000,12.016,12.016,11.926,11.926,295,0
LKD,D,20170410,000000,11.919,11.919,11.455,11.829,1032,0
LKD,D,20170411,000000,11.829,11.999,11.455,11.967,1203,0
LKD,D,20170412,000000,11.975,12.057,11.529,11.61,10516,0
LKD,D,20170413,000000,11.975,11.975,11.975,11.975,4,0
LKD,D,20170418,000000,12.162,12.162,11.042,11.764,114,0
LKD,D,20170419,000000,11.285,12.065,11.285,11.773,1373,0
LKD,D,20170420,000000,12.065,12.065,11.619,12.049,723,0
LKD,D,20170421,000000,12.049,12.577,11.529,12.577,28554,0
LKD,D,20170424,000000,12.422,12.568,12.178,12.561,764,0
LKD,D,20170425,000000,12.317,12.577,12.317,12.577,558,0
LKD,D,20170426,000000,12.739,12.739,12.333,12.722,1235,0
LKD,D,20170427,000000,12.722,12.991,12.722,12.982,19840,0
LKD,D,20170428,000000,13.096,13.096,12.178,12.909,3933,0
LKD,D,20170502,000000,12.982,12.982,12.982,12.982,340,0
LKD,D,20170504,000000,12.974,12.974,12.941,12.941,18599,0
LKD,D,20170505,000000,12.909,12.909,12.909,12.909,619,0
LKD,D,20170508,000000,12.901,12.901,12.349,12.893,1271,0
LKD,D,20170509,000000,12.893,12.925,12.106,12.925,698,0
LKD,D,20170510,000000,12.584,12.82,12.584,12.82,600,0
LKD,D,20170511,000000,12.82,12.82,12.82,12.82,615,0
LKD,D,20170512,000000,12.82,12.82,12.106,12.82,798,0
LKD,D,20170516,000000,12.804,12.804,12.788,12.788,7,0
LKD,D,20170517,000000,12.186,12.795,12.049,12.665,39012,0
LKD,D,20170518,000000,12.341,12.763,12.26,12.26,295,0
LKD,D,20170519,000000,12.3,12.747,12.3,12.747,73,0
LKD,D,20170524,000000,12.69,12.69,12.584,12.69,245,0
LKD,D,20170525,000000,12.194,12.69,12.194,12.194,946,0
LKD,D,20170526,000000,12.478,12.681,12.478,12.681,255,0
LKD,D,20170529,000000,12.706,12.706,12.706,12.706,1232,0
LKD,D,20170530,000000,12.584,12.982,12.577,12.982,111011,0
LKD,D,20170531,000000,12.974,12.974,12.584,12.974,2224,0
LKD,D,20170601,000000,12.706,12.706,12.706,12.706,1,0
LKD,D,20170602,000000,12.812,12.965,12.706,12.965,383,0
LKD,D,20170605,000000,12.965,12.965,12.965,12.965,320,0
LKD,D,20170606,000000,12.909,12.965,12.909,12.949,37862,0
LKD,D,20170607,000000,12.965,12.965,12.422,12.965,352,0
LKD,D,20170608,000000,12.965,12.965,12.965,12.965,977,0
LKD,D,20170612,000000,12.958,12.965,11.806,12.584,1036,0
LKD,D,20170613,000000,12.982,12.982,12.982,12.982,677,0
LKD,D,20170614,000000,12.982,12.982,12.982,12.982,246,0
LKD,D,20170616,000000,12.974,13.072,12.974,13.072,1292,0
LKD,D,20170619,000000,13.404,14.053,13.404,14.053,472,0
LKD,D,20170621,000000,13.455,13.652,13.31,13.652,211,0
LKD,D,20170622,000000,13.652,13.652,13.652,13.652,3,0
LKD,D,20170626,000000,13.481,13.481,13.481,13.481,234,0
LKD,D,20170628,000000,13.31,13.566,12.798,13.31,11464,0
LKD,D,20170629,000000,13.652,13.652,13.489,13.652,1055,0
LKD,D,20170630,000000,13.438,14.078,13.438,14.078,2444,0
LKD,D,20170703,000000,12.875,14.112,12.875,14.078,827,0
LKD,D,20170704,000000,14.335,14.931,14.335,14.667,201,0
LKD,D,20170705,000000,14.599,14.599,13.524,14.505,1061,0
LKD,D,20170706,000000,14.505,14.676,13.481,14.505,524,0
LKD,D,20170707,000000,13.481,14.505,13.481,13.993,157,0
LKD,D,20170711,000000,14.59,14.59,14.59,14.59,78,0
LKD,D,20170712,000000,14.659,15.111,14.164,14.676,2829,0
LKD,D,20170713,000000,14.821,14.821,14.821,14.821,234,0
LKD,D,20170717,000000,14.821,14.821,14.112,14.564,1015,0
LKD,D,20170718,000000,14.829,14.829,14.053,14.061,2210,0
LKD,D,20170719,000000,14.419,14.419,14.419,14.419,6,0
LKD,D,20170720,000000,14.419,14.419,14.419,14.419,346,0
LKD,D,20170721,000000,14.419,14.599,14.419,14.599,422,0
LKD,D,20170724,000000,14.599,14.599,13.225,13.993,815,0
LKD,D,20170725,000000,14.505,14.505,13.746,14.411,417,0
LKD,D,20170726,000000,14.496,14.496,14.496,14.496,3,0
LKD,D,20170731,000000,14.496,14.931,14.496,14.931,8,0
LKD,D,20170801,000000,14.607,14.923,14.607,14.923,15,0
LKD,D,20170802,000000,14.001,14.693,14.001,14.693,357,0
LKD,D,20170807,000000,14.095,14.095,14.095,14.095,23,0
LKD,D,20170809,000000,14.104,14.633,14.104,14.112,820,0
LKD,D,20170810,000000,14.479,14.505,14.104,14.104,849,0
LKD,D,20170811,000000,14.112,14.112,14.104,14.104,176,0
LKD,D,20170814,000000,14.104,14.104,14.104,14.104,351,0
LKD,D,20170816,000000,14.104,14.164,13.583,13.583,1788,0
LKD,D,20170817,000000,14.215,14.215,13.652,13.703,518,0
LKD,D,20170818,000000,13.583,13.583,13.549,13.549,919,0
LKD,D,20170821,000000,12.969,13.72,12.969,13.72,47040,0
LKD,D,20170822,000000,13.395,13.737,13.361,13.737,843,0
LKD,D,20170823,000000,13.737,13.737,13.361,13.626,419,0
LKD,D,20170824,000000,13.14,13.566,13.123,13.524,2199,0
LKD,D,20170825,000000,13.515,13.515,13.481,13.481,121,0
LKD,D,20170828,000000,13.575,13.575,13.575,13.575,3,0
LKD,D,20170829,000000,13.575,13.575,13.575,13.575,3,0
LKD,D,20170830,000000,13.575,13.575,13.131,13.131,102,0
LKD,D,20170831,000000,13.575,13.575,13.575,13.575,3,0
LKD,D,20170901,000000,13.575,13.575,13.575,13.575,3,0
LKD,D,20170904,000000,13.609,13.609,12.978,13.609,592,0
LKD,D,20170905,000000,13.225,13.558,13.225,13.558,238,0
LKD,D,20170906,000000,13.558,14.249,13.558,13.865,28626,0
LKD,D,20170907,000000,13.984,13.984,13.984,13.984,6,0
LKD,D,20170908,000000,13.89,13.89,13.89,13.89,351,0
LKD,D,20170911,000000,13.652,13.652,13.652,13.652,150,0
LKD,D,20170912,000000,13.907,13.907,13.907,13.907,6,0
LKD,D,20170913,000000,13.907,13.907,13.907,13.907,709,0
LKD,D,20170914,000000,13.907,13.907,13.907,13.907,219,0
LKD,D,20170915,000000,13.907,13.907,13.907,13.907,94,0
LKD,D,20170918,000000,13.243,13.907,13.243,13.907,459,0
LKD,D,20170920,000000,13.907,13.907,13.643,13.907,124,0
LKD,D,20170921,000000,13.907,13.907,13.66,13.907,6033,0
LKD,D,20170922,000000,13.907,13.907,13.907,13.907,73,0
LKD,D,20170926,000000,13.907,13.907,13.907,13.907,1,0
LKD,D,20170927,000000,13.899,14.035,13.899,13.993,29486,0
LKD,D,20170928,000000,13.993,13.993,13.66,13.993,1464,0
LKD,D,20171003,000000,13.737,14.001,13.438,14.001,1030,0
LKD,D,20171005,000000,13.822,14.001,13.822,13.993,6957,0
LKD,D,20171006,000000,13.993,14.419,13.652,13.737,74365,0
LKD,D,20171009,000000,13.746,14.335,13.652,14.335,28098,0
LKD,D,20171010,000000,14.095,14.095,13.695,14.078,219,0
LKD,D,20171011,000000,14.078,14.078,14.078,14.078,3,0
LKD,D,20171012,000000,14.078,14.078,14.035,14.078,1833,0
LKD,D,20171013,000000,14.078,14.078,13.822,14.078,158,0
LKD,D,20171016,000000,14.078,14.078,14.078,14.078,255,0
LKD,D,20171017,000000,14.078,14.078,14.078,14.078,215,0
LKD,D,20171018,000000,14.078,14.078,13.822,13.822,417,0
LKD,D,20171019,000000,13.822,14.01,13.822,13.865,56026,0
LKD,D,20171023,000000,13.865,13.865,13.865,13.865,11,0
LKD,D,20171024,000000,13.712,13.984,13.652,13.984,7812,0
LKD,D,20171025,000000,13.984,15.102,13.984,15.102,2046,0
LKD,D,20171026,000000,14.164,14.624,13.686,14.172,988,0
LKD,D,20171027,000000,14.172,14.172,14.078,14.078,590,0
LKD,D,20171030,000000,14.078,14.078,14.078,14.078,143,0
LKD,D,20171031,000000,13.822,14.172,13.822,14.172,424,0
LKD,D,20171103,000000,13.703,14.292,13.703,14.292,871,0
LKD,D,20171106,000000,15.085,15.085,14.59,14.753,1059,0
LKD,D,20171107,000000,14.753,14.753,14.718,14.744,238,0
LKD,D,20171108,000000,14.735,14.753,14.659,14.667,580,0
LKD,D,20171109,000000,14.164,15.358,14.164,14.667,7982,0
LKD,D,20171110,000000,14.505,14.667,14.266,14.667,546,0
LKD,D,20171113,000000,14.667,14.667,14.667,14.667,32,0
LKD,D,20171114,000000,14.402,14.667,14.249,14.667,22201,0
LKD,D,20171115,000000,14.667,14.667,14.377,14.377,712,0
LKD,D,20171116,000000,14.676,14.684,14.641,14.641,919,0
LKD,D,20171120,000000,14.496,14.496,14.258,14.258,2008,0
LKD,D,20171121,000000,14.181,14.249,14.181,14.249,36,0
LKD,D,20171122,000000,14.249,14.249,14.181,14.181,117,0
LKD,D,20171123,000000,14.13,14.13,14.13,14.13,58,0
LKD,D,20171124,000000,14.181,14.181,14.13,14.13,411,0
LKD,D,20171127,000000,13.916,13.916,13.873,13.873,714,0
LKD,D,20171128,000000,13.873,13.873,13.873,13.873,60,0
LKD,D,20171129,000000,14.258,14.258,14.258,14.258,3,0
LKD,D,20171130,000000,14.258,14.258,14.215,14.215,110,0
LKD,D,20171201,000000,14.258,14.258,13.78,14.258,19212,0
LKD,D,20171204,000000,14.258,14.343,14.258,14.258,1243,0
LKD,D,20171205,000000,14.164,14.164,13.89,14.164,1410,0
LKD,D,20171206,000000,14.343,14.343,14.343,14.343,293,0
LKD,D,20171207,000000,13.822,14.343,13.822,14.343,18,0
LKD,D,20171208,000000,13.993,13.993,13.984,13.984,247,0
LKD,D,20171211,000000,14.112,14.292,14.035,14.035,12136,0
LKD,D,20171213,000000,14.283,14.292,14.121,14.121,18257,0
LKD,D,20171214,000000,14.164,14.164,14.164,14.164,234,0
LKD,D,20171215,000000,14.292,14.292,14.292,14.292,301,0
LKD,D,20171218,000000,14.343,14.923,14.343,14.923,2321,0
LKD,D,20171219,000000,14.914,14.914,14.889,14.889,5178,0
LKD,D,20171220,000000,14.676,14.838,14.582,14.838,1632,0
LKD,D,20171222,000000,14.513,14.513,14.513,14.513,234,0
LKD,D,20171227,000000,14.335,15.008,14.335,14.974,2086,0
LKD,D,20171228,000000,14.965,14.965,14.965,14.965,58,0
LKD,D,20180103,000000,14.505,15.614,14.505,15.358,2469,0
LKD,D,20180104,000000,15.699,15.785,15.102,15.273,811,0
LKD,D,20180105,000000,15.273,15.273,14.931,15.187,925,0
LKD,D,20180108,000000,15.187,15.187,15.187,15.187,453,0
LKD,D,20180109,000000,15.017,15.273,14.676,15.273,330,0
LKD,D,20180110,000000,15.187,15.273,15.187,15.273,967,0
LKD,D,20180111,000000,15.273,15.273,15.273,15.273,188,0
LKD,D,20180112,000000,15.017,15.528,15.017,15.528,18694,0
LKD,D,20180115,000000,15.528,15.528,15.358,15.358,209,0
LKD,D,20180117,000000,15.358,15.358,15.358,15.358,703,0
LKD,D,20180119,000000,15.187,15.187,15.187,15.187,345,0
LKD,D,20180122,000000,15.358,15.358,15.358,15.358,29,0
LKD,D,20180123,000000,15.358,15.358,15.358,15.358,4,0
LKD,D,20180124,000000,15.358,15.358,15.358,15.358,701,0
LKD,D,20180125,000000,15.443,15.443,15.443,15.443,6,0
LKD,D,20180126,000000,15.358,15.358,15.358,15.358,3744,0
LKD,D,20180129,000000,15.358,15.358,15.358,15.358,2344,0
LKD,D,20180131,000000,15.358,15.614,15.358,15.358,199,0
LKD,D,20180201,000000,15.614,15.614,15.358,15.358,911,0
LKD,D,20180202,000000,15.443,15.443,15.358,15.358,11,0
LKD,D,20180205,000000,15.358,15.358,15.187,15.358,15272,0
LKD,D,20180206,000000,15.187,15.358,15.187,15.187,7124,0
LKD,D,20180207,000000,14.931,15.358,14.931,15.358,646,0
LKD,D,20180208,000000,15.358,15.358,15.358,15.358,9,0
LKD,D,20180209,000000,15.358,15.358,15.017,15.358,647,0
LKD,D,20180212,000000,15.358,15.358,15.358,15.358,3,0
LKD,D,20180214,000000,15.358,15.358,15.358,15.358,3,0
LKD,D,20180215,000000,15.273,15.273,15.273,15.273,305,0
LKD,D,20180216,000000,15.187,15.273,15.187,15.273,12115,0
LKD,D,20180219,000000,15.273,15.358,15.273,15.358,14745,0
LKD,D,20180220,000000,15.273,15.528,15.273,15.528,121,0
LKD,D,20180221,000000,15.273,15.273,15.187,15.273,28501,0
LKD,D,20180222,000000,15.273,15.273,15.187,15.273,4837,0
LKD,D,20180223,000000,15.273,15.273,15.273,15.273,70,0
LKD,D,20180227,000000,15.273,15.273,15.187,15.187,2396,0
LKD,D,20180228,000000,15.187,15.187,14.676,14.676,1262,0
LKD,D,20180301,000000,15.187,15.187,15.017,15.102,14066,0
LKD,D,20180302,000000,15.187,15.187,15.017,15.102,14076,0
LKD,D,20180305,000000,15.102,15.102,15.102,15.102,253,0
LKD,D,20180306,000000,15.187,15.187,14.59,15.187,129,0
LKD,D,20180307,000000,15.187,15.187,15.187,15.187,6,0
LKD,D,20180308,000000,15.187,15.187,14.931,15.187,404,0
LKD,D,20180309,000000,15.187,15.187,14.676,15.102,2699,0
LKD,D,20180315,000000,15.017,15.017,14.505,15.017,190,0
LKD,D,20180316,000000,14.931,15.017,14.505,15.017,619,0
LKD,D,20180319,000000,15.017,15.102,14.931,15.102,1412,0
LKD,D,20180320,000000,15.102,15.187,15.017,15.187,333,0
LKD,D,20180321,000000,15.187,15.187,15.187,15.187,640,0
LKD,D,20180322,000000,15.187,15.187,15.187,15.187,11,0
LKD,D,20180323,000000,15.187,15.187,15.187,15.187,3275,0
LKD,D,20180326,000000,15.187,15.187,15.187,15.187,1834,0
LKD,D,20180327,000000,15.187,15.187,14.847,15.102,246,0
LKD,D,20180328,000000,15.102,15.187,14.931,15.187,2330,0
LKD,D,20180329,000000,14.676,14.847,14.505,14.761,4137,0
LKD,D,20180403,000000,14.847,15.017,14.847,14.847,3857,0
LKD,D,20180404,000000,14.761,14.847,14.505,14.505,1383,0
LKD,D,20180405,000000,14.505,14.931,14.505,14.931,1625,0
LKD,D,20180406,000000,14.931,14.931,14.931,14.931,820,0
LKD,D,20180409,000000,14.931,14.931,14.931,14.931,73,0
LKD,D,20180410,000000,14.931,14.931,14.931,14.931,835,0
LKD,D,20180411,000000,14.931,14.931,14.931,14.931,2013,0
LKD,D,20180412,000000,14.931,15.187,14.931,15.187,21981,0
LKD,D,20180413,000000,15.187,15.358,15.187,15.358,498,0
LKD,D,20180416,000000,15.102,15.187,14.931,15.102,3082,0
LKD,D,20180418,000000,15.187,15.187,14.847,15.102,285,0
LKD,D,20180419,000000,14.847,15.187,14.847,15.187,35,0
LKD,D,20180420,000000,15.187,15.187,14.847,14.847,325,0
LKD,D,20180423,000000,15.187,15.273,15.187,15.187,946,0
LKD,D,20180424,000000,15.187,15.187,14.931,15.187,555,0
LKD,D,20180425,000000,15.187,15.187,14.931,15.187,2531,0
LKD,D,20180426,000000,15.187,15.187,15.187,15.187,3506,0
LKD,D,20180427,000000,15.187,15.187,14.931,15.102,1010,0
LKD,D,20180430,000000,15.906,15.906,14.477,15.191,675,0
LKD,D,20180502,000000,15.191,15.281,15.191,15.281,84,0
LKD,D,20180504,000000,14.834,15.013,14.655,14.655,1978,0
LKD,D,20180507,000000,14.566,14.655,14.566,14.655,9887,0
LKD,D,20180508,000000,14.745,14.745,14.655,14.655,9707,0
LKD,D,20180509,000000,14.745,15.46,14.387,15.46,867,0
LKD,D,20180510,000000,15.191,15.191,15.191,15.191,11,0
LKD,D,20180511,000000,15.191,15.191,15.191,15.191,11,0
LKD,D,20180514,000000,15.191,15.191,15.191,15.191,6,0
LKD,D,20180515,000000,15.191,15.191,15.013,15.013,154,0
LKD,D,20180516,000000,14.745,15.013,14.745,15.013,10690,0
LKD,D,20180517,000000,14.834,15.191,14.834,15.191,193116,0
LKD,D,20180518,000000,15.281,15.46,15.281,15.46,133,0
LKD,D,20180521,000000,15.549,15.549,15.013,15.549,1326,0
LKD,D,20180522,000000,15.549,15.549,15.549,15.549,112,0
LKD,D,20180523,000000,15.191,15.906,15.102,15.906,25702,0
LKD,D,20180524,000000,15.906,16.621,15.549,16.621,42471,0
LKD,D,20180525,000000,16.979,16.979,16.532,16.532,386,0
LKD,D,20180528,000000,16.979,16.979,15.638,16.889,2652,0
LKD,D,20180529,000000,16.889,16.889,16.174,16.711,728,0
LKD,D,20180530,000000,15.906,16.711,15.906,16.711,1309,0
LKD,D,20180604,000000,16.264,16.711,15.906,16.532,789,0
LKD,D,20180605,000000,16.532,16.532,16.085,16.532,39260,0
LKD,D,20180606,000000,16.532,16.621,15.996,16.443,1080,0
LKD,D,20180607,000000,16.085,16.443,16.085,16.443,499,0
LKD,D,20180608,000000,15.996,16.353,15.996,16.353,69,0
LKD,D,20180611,000000,16.353,16.621,16.353,16.443,1541,0
LKD,D,20180612,000000,16.443,16.621,16.443,16.532,593,0
LKD,D,20180613,000000,16.621,16.621,16.353,16.621,734,0
LKD,D,20180614,000000,16.621,16.621,16.621,16.621,7,0
LKD,D,20180615,000000,16.621,16.621,16.621,16.621,6,0
LKD,D,20180618,000000,16.621,16.8,16.621,16.8,372,0
LKD,D,20180619,000000,16.8,16.8,15.281,16.8,73982,0
LKD,D,20180620,000000,16.085,16.8,15.728,16.8,33244,0
LKD,D,20180621,000000,16.8,16.8,16.8,16.8,6,0
LKD,D,20180622,000000,16.174,16.443,15.906,15.906,114916,0
LKD,D,20180625,000000,16.085,16.264,16.085,16.174,18477,0
LKD,D,20180626,000000,16.353,16.621,16.353,16.621,34,0
LKD,D,20180627,000000,16.621,16.621,15.638,15.728,5837,0
LKD,D,20180628,000000,16.085,16.085,15.638,16.085,6678,0
LKD,D,20180629,000000,15.996,15.996,15.638,15.638,238,0
LKD,D,20180702,000000,15.906,15.906,15.906,15.906,320,0
LKD,D,20180703,000000,15.906,15.996,15.906,15.996,235,0
LKD,D,20180705,000000,15.191,15.906,15.191,15.906,123,0
LKD,D,20180706,000000,15.906,15.906,15.906,15.906,17,0
LKD,D,20180709,000000,15.906,15.906,15.906,15.906,112,0
LKD,D,20180710,000000,15.906,15.906,15.906,15.906,6,0
LKD,D,20180712,000000,15.906,15.906,15.37,15.817,166,0
LKD,D,20180713,000000,15.191,15.817,15.191,15.817,26,0
LKD,D,20180716,000000,15.817,15.817,15.817,15.817,6,0
LKD,D,20180717,000000,15.191,15.728,15.191,15.728,140,0
LKD,D,20180718,000000,15.37,15.638,14.745,15.46,2287,0
LKD,D,20180719,000000,15.46,15.46,15.013,15.46,425,0
LKD,D,20180720,000000,15.46,15.46,15.46,15.46,6,0
LKD,D,20180723,000000,15.46,15.46,15.013,15.46,5371,0
LKD,D,20180724,000000,15.46,15.46,15.191,15.37,154,0
LKD,D,20180725,000000,15.37,15.37,15.281,15.281,5726,0
LKD,D,20180726,000000,15.191,15.37,15.013,15.191,1063,0
LKD,D,20180727,000000,15.191,15.281,15.191,15.191,4409,0
LKD,D,20180730,000000,15.191,15.37,15.013,15.37,677,0
LKD,D,20180731,000000,15.37,15.37,14.923,15.191,5864,0
LKD,D,20180801,000000,15.549,15.549,15.549,15.549,91,0
LKD,D,20180802,000000,15.013,15.37,15.013,15.37,243,0
LKD,D,20180806,000000,15.37,15.37,15.37,15.37,56,0
LKD,D,20180808,000000,15.37,15.549,15.37,15.549,65,0
LKD,D,20180813,000000,15.37,15.37,15.013,15.191,471,0
LKD,D,20180817,000000,15.191,15.37,15.013,15.191,230583,0
LKD,D,20180820,000000,15.191,15.191,15.013,15.191,666,0
LKD,D,20180821,000000,15.191,15.191,14.298,15.102,1393,0
LKD,D,20180822,000000,15.013,15.996,14.387,15.996,98539,0
LKD,D,20180823,000000,15.906,15.906,15.906,15.906,34,0
LKD,D,20180824,000000,15.906,16.353,15.728,16.353,3374,0
LKD,D,20180827,000000,16.621,16.711,16.353,16.621,5672,0
LKD,D,20180828,000000,16.621,16.711,16.621,16.711,22,0
LKD,D,20180829,000000,16.711,16.711,16.711,16.711,6,0
LKD,D,20180831,000000,16.085,16.443,16.085,16.443,479,0
LKD,D,20180903,000000,16.532,16.532,15.906,16.085,660,0
LKD,D,20180905,000000,16.085,16.085,16.085,16.085,11,0
LKD,D,20180906,000000,15.996,15.996,15.102,15.37,852,0
LKD,D,20180907,000000,15.37,15.817,15.102,15.549,5710,0
LKD,D,20180910,000000,15.549,15.549,15.281,15.37,151,0
LKD,D,20180911,000000,15.37,15.37,15.37,15.37,56,0
LKD,D,20180912,000000,15.191,15.996,14.834,15.996,92201,0
LKD,D,20180914,000000,15.728,15.906,15.728,15.906,383,0
LKD,D,20180925,000000,15.37,15.817,15.191,15.817,257,0
LKD,D,20180926,000000,15.817,15.817,15.817,15.817,6,0
LKD,D,20180927,000000,15.817,15.817,15.817,15.817,6,0
LKD,D,20180928,000000,15.817,15.817,14.745,15.817,42169,0
LKD,D,20181001,000000,15.728,15.817,15.728,15.817,282,0
LKD,D,20181002,000000,15.817,15.817,15.817,15.817,6,0
LKD,D,20181008,000000,15.37,15.728,15.37,15.728,76,0
LKD,D,20181009,000000,15.728,15.728,15.728,15.728,6,0
LKD,D,20181010,000000,15.549,15.638,15.37,15.37,250,0
LKD,D,20181011,000000,15.37,15.37,15.37,15.37,6,0
LKD,D,20181012,000000,15.37,15.37,15.37,15.37,6,0
LKD,D,20181017,000000,15.102,15.281,14.834,15.281,238,0
LKD,D,20181018,000000,15.281,15.281,15.281,15.281,6,0
LKD,D,20181019,000000,15.281,15.281,15.281,15.281,3,0
LKD,D,20181022,000000,15.281,15.281,15.281,15.281,6,0
LKD,D,20181023,000000,15.281,15.281,15.013,15.013,39,0
LKD,D,20181024,000000,15.281,15.281,14.745,15.191,485,0
LKD,D,20181025,000000,15.191,15.191,15.191,15.191,3,0
LKD,D,20181026,000000,15.191,15.191,15.191,15.191,6,0
LKD,D,20181029,000000,15.191,15.191,15.191,15.191,3,0
LKD,D,20181030,000000,15.191,15.191,15.191,15.191,3,0
LKD,D,20181031,000000,15.191,15.191,15.013,15.191,1219,0
LKD,D,20181105,000000,15.281,15.638,14.745,15.638,571,0
LKD,D,20181106,000000,15.46,15.638,15.46,15.638,248,0
LKD,D,20181107,000000,15.638,15.638,15.638,15.638,6,0
LKD,D,20181108,000000,15.638,15.638,15.191,15.46,394,0
LKD,D,20181109,000000,15.549,15.549,15.549,15.549,188,0
LKD,D,20181113,000000,15.549,15.549,15.102,15.102,29,0
LKD,D,20181114,000000,15.549,15.549,15.549,15.549,123,0
LKD,D,20181115,000000,15.549,15.549,15.549,15.549,405,0
LKD,D,20181116,000000,15.549,15.549,15.191,15.549,16921,0
LKD,D,20181119,000000,15.549,15.549,15.549,15.549,78,0
LKD,D,20181120,000000,15.549,15.549,15.281,15.549,241,0
LKD,D,20181121,000000,15.549,15.549,15.549,15.549,6974,0
LKD,D,20181122,000000,15.549,15.549,15.46,15.549,1233,0
LKD,D,20181123,000000,15.638,15.638,15.549,15.549,1487,0
LKD,D,20181126,000000,15.549,15.549,15.191,15.549,197,0
LKD,D,20181127,000000,15.549,15.549,15.549,15.549,1125,0
LKD,D,20181128,000000,15.191,15.46,15.102,15.46,2268,0
LKD,D,20181129,000000,15.46,15.46,15.46,15.46,9,0
LKD,D,20181130,000000,15.46,15.549,15.281,15.549,2288,0
LKD,D,20181203,000000,15.549,15.549,15.549,15.549,347,0
LKD,D,20181204,000000,15.281,15.549,15.191,15.549,1820,0
LKD,D,20181205,000000,15.191,15.46,15.191,15.191,1709,0
LKD,D,20181206,000000,15.191,15.46,15.191,15.46,22,0
LKD,D,20181207,000000,15.37,15.46,15.37,15.46,4,0
LKD,D,20181210,000000,15.191,15.46,15.191,15.46,142,0
LKD,D,20181211,000000,15.46,15.46,15.46,15.46,6,0
LKD,D,20181212,000000,15.102,15.191,13.672,14.298,4167,0
LKD,D,20181213,000000,13.762,14.477,13.762,14.298,1103,0
LKD,D,20181214,000000,14.298,14.298,14.298,14.298,373,0
LKD,D,20181217,000000,14.209,14.477,14.209,14.209,361,0
LKD,D,20181218,000000,14.477,14.477,14.477,14.477,11,0
LKD,D,20181219,000000,14.298,14.477,14.298,14.477,3469,0
LKD,D,20181221,000000,14.119,14.298,14.119,14.298,260,0
LKD,D,20181227,000000,14.387,14.387,13.404,13.583,4626,0
LKD,D,20181228,000000,13.583,13.762,13.226,13.762,705,0
LKD,D,20190102,000000,13.94,13.94,13.315,13.404,1206,0
LKD,D,20190103,000000,13.404,13.404,13.404,13.404,162,0
LKD,D,20190104,000000,13.404,13.404,13.404,13.404,60,0
LKD,D,20190107,000000,13.404,13.404,13.404,13.404,565,0
LKD,D,20190108,000000,13.404,13.404,13.404,13.404,6,0
LKD,D,20190109,000000,13.404,13.404,13.404,13.404,515,0
LKD,D,20190110,000000,13.404,13.404,13.404,13.404,90,0
LKD,D,20190111,000000,13.672,13.672,13.672,13.672,6,0
LKD,D,20190114,000000,13.672,13.672,13.315,13.315,6280,0
LKD,D,20190115,000000,13.583,14.209,13.315,14.119,132947,0
LKD,D,20190116,000000,14.03,14.119,14.03,14.119,38,0
LKD,D,20190117,000000,14.119,14.119,14.119,14.119,6,0
LKD,D,20190121,000000,13.762,14.03,13.672,14.03,1225,0
LKD,D,20190122,000000,14.03,14.03,13.672,14.03,308,0
LKD,D,20190123,000000,13.94,13.94,13.94,13.94,73,0
LKD,D,20190124,000000,14.209,14.209,14.209,14.209,364,0
LKD,D,20190125,000000,14.387,14.387,14.298,14.298,520,0
LKD,D,20190128,000000,14.745,14.745,14.655,14.655,397,0
LKD,D,20190129,000000,14.655,14.655,14.655,14.655,6,0
LKD,D,20190130,000000,14.655,14.655,14.209,14.655,416,0
LKD,D,20190131,000000,14.655,14.655,14.655,14.655,6,0
LKD,D,20190201,000000,14.655,14.655,14.655,14.655,6,0
LKD,D,20190204,000000,14.655,14.655,14.298,14.655,369,0
LKD,D,20190205,000000,14.655,14.655,14.387,14.655,185,0
LKD,D,20190206,000000,14.387,14.655,14.387,14.655,75,0
LKD,D,20190207,000000,14.655,14.655,14.566,14.655,185,0
LKD,D,20190208,000000,14.566,14.655,14.477,14.655,213,0
LKD,D,20190211,000000,14.655,16.085,14.655,15.906,2102,0
LKD,D,20190212,000000,15.906,16.889,15.906,16.443,8168,0
LKD,D,20190213,000000,16.174,16.532,16.174,16.532,4823,0
LKD,D,20190214,000000,16.532,16.532,16.532,16.532,98,0
LKD,D,20190215,000000,16.532,16.621,16.532,16.621,97,0
LKD,D,20190218,000000,16.532,16.532,16.264,16.443,1376,0
LKD,D,20190219,000000,16.532,16.532,16.443,16.443,6205,0
LKD,D,20190220,000000,16.621,16.621,16.353,16.532,571,0
LKD,D,20190221,000000,16.532,16.532,16.532,16.532,6,0
LKD,D,20190222,000000,16.532,16.532,16.532,16.532,67,0
LKD,D,20190225,000000,16.621,16.8,16.621,16.8,773,0
LKD,D,20190226,000000,16.8,16.8,16.8,16.8,6,0
LKD,D,20190227,000000,16.8,16.8,16.8,16.8,6,0
LKD,D,20190228,000000,16.174,16.174,16.174,16.174,3357,0
LKD,D,20190301,000000,16.8,16.8,16.085,16.532,70,0
LKD,D,20190304,000000,16.532,16.621,16.085,16.621,67,0
LKD,D,20190305,000000,16.085,16.085,16.085,16.085,153,0
LKD,D,20190306,000000,16.085,16.443,15.817,15.817,572,0
LKD,D,20190307,000000,15.817,15.817,15.817,15.817,123,0
LKD,D,20190308,000000,15.638,15.817,15.37,15.817,300,0
LKD,D,20190311,000000,15.996,16.085,15.37,16.085,392,0
LKD,D,20190313,000000,15.817,15.996,15.37,15.996,802,0
LKD,D,20190315,000000,15.37,15.996,15.37,15.996,1178,0
LKD,D,20190319,000000,15.102,15.638,15.013,15.013,2730,0
LKD,D,20190320,000000,15.013,15.013,15.013,15.013,2031,0
LKD,D,20190321,000000,15.013,15.013,15.013,15.013,1124,0
LKD,D,20190322,000000,15.013,15.013,14.923,15.013,250,0
LKD,D,20190325,000000,15.013,15.013,14.745,14.923,488,0
LKD,D,20190326,000000,15.191,15.191,14.745,15.191,2652,0
LKD,D,20190327,000000,15.906,15.906,14.477,14.566,25296,0
LKD,D,20190328,000000,15.191,15.191,14.387,14.655,13736,0
LKD,D,20190329,000000,14.655,15.102,14.655,14.745,3601,0
LKD,D,20190401,000000,14.745,15.013,14.745,15.013,1459,0
LKD,D,20190402,000000,15.013,15.191,14.745,14.923,6165,0
LKD,D,20190403,000000,15.281,15.281,14.923,15.013,2720,0
LKD,D,20190404,000000,15.102,15.102,15.013,15.102,2265,0
LKD,D,20190405,000000,15.102,15.281,14.923,15.281,7997,0
LKD,D,20190408,000000,15.281,15.728,15.191,15.728,3339,0
LKD,D,20190409,000000,15.906,16.174,15.906,16.174,1437,0
LKD,D,20190410,000000,16.264,16.621,16.085,16.443,17109,0
LKD,D,20190411,000000,16.443,17.157,16.443,16.711,13999,0
LKD,D,20190412,000000,16.889,16.889,16.443,16.621,3553,0
LKD,D,20190415,000000,17.515,17.515,16.621,17.068,3723,0
LKD,D,20190416,000000,17.157,17.157,16.621,16.889,744,0
LKD,D,20190417,000000,16.889,16.889,16.532,16.889,1303,0
LKD,D,20190418,000000,16.889,16.889,16.532,16.8,695,0
LKD,D,20190423,000000,16.8,16.8,16.443,16.532,8546,0
LKD,D,20190424,000000,16.711,16.8,16.085,16.532,10501,0
LKD,D,20190425,000000,16.711,16.711,16.085,16.711,12271,0
LKD,D,20190426,000000,16.711,16.8,16.532,16.711,2134,0
LKD,D,20190429,000000,16.711,16.711,16.532,16.711,4991,0
LKD,D,20190430,000000,16.8,16.8,16.621,16.711,10375,0
LKD,D,20190502,000000,16.711,16.889,16.532,16.8,14878,0
LKD,D,20190506,000000,17,17,16.1,16.7,3438,0
LKD,D,20190507,000000,16.6,16.6,15.7,16.1,5164,0
LKD,D,20190508,000000,15.6,16.1,15.6,15.8,2623,0
LKD,D,20190509,000000,15.8,15.8,15,15.7,1893,0
LKD,D,20190510,000000,15.5,16,15.5,15.7,1276,0
LKD,D,20190513,000000,15.4,16.2,15.2,15.9,397,0
LKD,D,20190514,000000,15.9,15.9,15.9,15.9,38,0
LKD,D,20190515,000000,16,16.1,15.9,16,1120,0
LKD,D,20190516,000000,16.1,16.1,15.7,15.7,237,0
LKD,D,20190517,000000,15.9,15.9,15.7,15.8,485,0
LKD,D,20190520,000000,15.9,15.9,15.9,15.9,75,0
LKD,D,20190521,000000,15.4,15.8,15.4,15.4,1397,0
LKD,D,20190522,000000,15.4,15.4,14.8,15.2,3435,0
LKD,D,20190523,000000,15.2,15.3,15,15.3,311,0
LKD,D,20190524,000000,15.3,15.9,15.3,15.9,1078,0
LKD,D,20190527,000000,15.8,15.9,15.4,15.9,128,0
LKD,D,20190528,000000,15.9,15.9,15.4,15.9,426,0
LKD,D,20190529,000000,15.9,15.9,15.3,15.8,1190,0
LKD,D,20190530,000000,15.9,15.9,15.8,15.8,2003,0
LKD,D,20190531,000000,15.9,15.9,15.9,15.9,13,0
LKD,D,20190603,000000,15.9,15.9,15.9,15.9,21,0
LKD,D,20190604,000000,15.9,15.9,15.9,15.9,3,0
LKD,D,20190605,000000,15.9,15.9,15.3,15.8,66,0
LKD,D,20190606,000000,15.9,15.9,15.9,15.9,3,0
LKD,D,20190607,000000,15.9,15.9,15.9,15.9,3,0
LKD,D,20190610,000000,15.9,15.9,15.9,15.9,303,0
LKD,D,20190611,000000,15.9,15.9,15.9,15.9,22,0
LKD,D,20190612,000000,15.9,15.9,15.1,15.9,1234,0
LKD,D,20190613,000000,15.9,15.9,15.3,15.7,628,0
LKD,D,20190614,000000,15.7,15.7,15.7,15.7,74,0
LKD,D,20190617,000000,15.2,15.7,15.2,15.7,85,0
LKD,D,20190618,000000,15.6,15.7,15.6,15.7,43,0
LKD,D,20190619,000000,15.7,15.7,15.7,15.7,133,0
LKD,D,20190621,000000,15.3,15.7,15.3,15.7,265,0
LKD,D,20190624,000000,15.7,15.7,15.6,15.6,300,0
LKD,D,20190625,000000,15.7,15.7,15.4,15.4,631,0
LKD,D,20190626,000000,15.4,15.4,15,15,1272,0
LKD,D,20190627,000000,15.1,15.4,15.1,15.3,17037,0
LKD,D,20190628,000000,15.40,15.40,15.40,15.40,52,0
LKD,D,20190701,000000,15.4,15.4,15.4,15.4,123,0
LKD,D,20190702,000000,15.2,15.2,14,14.2,2643,0
LKD,D,20190703,000000,14.4,15,14.1,15,1114,0
LKD,D,20190704,000000,14.8,14.9,14.2,14.9,230,0
LKD,D,20190705,000000,14.9,15,14.9,15,1048,0
LKD,D,20190708,000000,15,15,14.7,15,2518,0
LKD,D,20190709,000000,15,15,13.5,14.1,10908,0
LKD,D,20190710,000000,14,14.1,13.9,14,637,0
LKD,D,20190711,000000,14,14,13.5,13.7,4091,0
LKD,D,20190712,000000,13.4,13.6,13.1,13.4,3740,0
LKD,D,20190715,000000,13.2,14,13.1,13.1,1999,0
LKD,D,20190716,000000,13.2,13.3,13.2,13.3,230,0
LKD,D,20190717,000000,13.3,13.3,13.3,13.3,452,0
LKD,D,20190718,000000,13.3,13.3,13.2,13.2,615,0
LKD,D,20190719,000000,13.2,13.2,13,13.1,1286,0
LKD,D,20190722,000000,13,13,12.8,13,1415,0
LKD,D,20190723,000000,13,14,12.7,14,11836,0
LKD,D,20190724,000000,13.9,13.9,13.5,13.9,402,0
LKD,D,20190725,000000,14,14,14,14,97,0
LKD,D,20190726,000000,14,14,13.5,14,237,0
LKD,D,20190729,000000,14,14,14,14,80,0
LKD,D,20190730,000000,13.9,14,13.9,14,103,0
LKD,D,20190731,000000,14,14,13.8,14,4006,0
LKD,D,20190801,000000,14.4,14.4,13.9,14.3,285,0
LKD,D,20190802,000000,14.3,14.3,14.3,14.3,67,0
LKD,D,20190807,000000,13.8,14.2,13.6,14.2,920,0
LKD,D,20190808,000000,13.6,14.2,12.7,14.2,2165,0
LKD,D,20190809,000000,14.1,14.2,14.1,14.2,1555,0
LKD,D,20190812,000000,14.3,14.4,14.3,14.3,1027,0
LKD,D,20190813,000000,14.4,14.5,14.4,14.5,1120,0
LKD,D,20190814,000000,14.5,14.5,13.9,14,1320,0
LKD,D,20190816,000000,14.3,14.3,14.3,14.3,2000,0
LKD,D,20190819,000000,14,14.3,14,14.3,2074,0
LKD,D,20190820,000000,14.3,14.3,14.3,14.3,3,0
LKD,D,20190821,000000,14.3,14.4,13.8,14.4,1063,0
LKD,D,20190822,000000,14.4,14.4,13.9,14.4,226,0
LKD,D,20190823,000000,14.4,14.4,14.4,14.4,5,0
LKD,D,20190826,000000,14.1,14.4,14.1,14.4,69,0
LKD,D,20190827,000000,14.5,14.5,14.1,14.4,248,0
LKD,D,20190828,000000,14.4,14.4,13.8,13.9,870,0
LKD,D,20190829,000000,13.8,13.8,13.8,13.8,20,0
LKD,D,20190902,000000,13.5,13.7,13.5,13.7,304,0
LKD,D,20190903,000000,13.6,13.7,13.6,13.7,159,0
LKD,D,20190904,000000,13.5,13.7,13.4,13.7,509,0
LKD,D,20190905,000000,13.7,13.7,13.7,13.7,111,0
LKD,D,20190906,000000,13.4,13.7,13.4,13.7,39,0
LKD,D,20190909,000000,13.7,13.7,13.5,13.7,1006,0
LKD,D,20190910,000000,13.7,13.7,13.5,13.5,1182,0
LKD,D,20190911,000000,13.5,13.5,13.5,13.5,275,0
LKD,D,20190912,000000,13.7,13.7,13.4,13.7,172,0
LKD,D,20190913,000000,13.4,13.7,12.9,12.9,2872,0
LKD,D,20190916,000000,12.9,12.9,12.9,12.9,231,0
LKD,D,20190917,000000,13,13,12.8,12.8,4751,0
LKD,D,20190918,000000,13.2,13.4,13.2,13.4,139,0
LKD,D,20190919,000000,13.4,13.5,13,13.4,3588,0
LKD,D,20190920,000000,13.4,13.5,13.4,13.5,61,0
LKD,D,20190923,000000,13.2,13.2,13,13.2,1622,0
LKD,D,20190924,000000,13,13.1,12.9,13.1,2051,0
LKD,D,20190925,000000,13,13.5,13,13.5,1475,0
LKD,D,20190926,000000,13.6,13.7,13.3,13.7,4408,0
LKD,D,20190927,000000,13.9,14,13.9,14,6644,0
LKD,D,20190930,000000,14,14.3,14,14.3,71,0
LKD,D,20191001,000000,14.3,14.3,14,14,2172,0
LKD,D,20191002,000000,14.4,14.4,14,14,6355,0
LKD,D,20191003,000000,13.7,14,13.5,14,283,0
LKD,D,20191004,000000,13.7,14,13.7,13.9,944,0
LKD,D,20191007,000000,13.9,14,13.9,13.9,386,0
LKD,D,20191008,000000,13.9,14,13.9,14,3176,0
LKD,D,20191009,000000,14,14.2,13.5,14,2623,0
LKD,D,20191010,000000,13.9,14.4,13.9,14.4,10335,0
LKD,D,20191011,000000,14,14.1,14,14.1,781,0
LKD,D,20191014,000000,14.3,14.3,14.2,14.3,1484,0
LKD,D,20191015,000000,14.3,14.3,14.2,14.3,153,0
LKD,D,20191016,000000,14.3,14.3,14,14.3,505,0
LKD,D,20191017,000000,14,14.3,14,14.3,734,0
LKD,D,20191018,000000,14.3,14.3,13.9,14.3,472,0
LKD,D,20191021,000000,14.3,14.3,14.1,14.3,273,0
LKD,D,20191022,000000,14.4,14.5,14,14.4,2388,0
LKD,D,20191023,000000,14.5,14.5,14,14.4,2187,0
LKD,D,20191024,000000,14,14.4,14,14.4,102,0
LKD,D,20191025,000000,14.4,14.4,14.3,14.4,916,0
LKD,D,20191028,000000,14.4,14.4,14.4,14.4,790,0
LKD,D,20191029,000000,14.4,14.4,14.3,14.4,5127,0
LKD,D,20191030,000000,14.4,14.4,14.4,14.4,6,0
LKD,D,20191031,000000,14.4,14.4,14,14.3,346,0
LKD,D,20191104,000000,14.4,14.4,14.3,14.3,840,0
LKD,D,20191105,000000,14.4,14.4,13.6,13.9,6211,0
LKD,D,20191106,000000,13.9,13.9,13.8,13.9,563,0
LKD,D,20191107,000000,14.2,14.2,14.1,14.1,300,0
LKD,D,20191108,000000,14,14,14,14,796,0
LKD,D,20191112,000000,14,14,13.9,13.9,437,0
LKD,D,20191113,000000,14.2,14.2,14.2,14.2,2,0
LKD,D,20191114,000000,14.2,14.2,14.2,14.2,18,0
LKD,D,20191115,000000,14.2,14.2,14.2,14.2,96,0
LKD,D,20191118,000000,14.2,14.2,13.9,14.2,636,0
LKD,D,20191119,000000,14,14.4,13.7,14.4,8426,0
LKD,D,20191120,000000,14.1,14.1,13.7,14.1,333,0
LKD,D,20191121,000000,13.9,13.9,13.9,13.9,75,0
LKD,D,20191122,000000,13.9,14,13.5,14,1230,0
LKD,D,20191125,000000,14,14,13.4,14,971,0
LKD,D,20191127,000000,14,14,14,14,2,0
LKD,D,20191128,000000,13.9,14,13.9,14,5,0
LKD,D,20191129,000000,14,14.5,14,14.5,64,0
LKD,D,20191202,000000,14.5,14.5,14,14.5,809,0
LKD,D,20191203,000000,14.5,14.5,14,14.3,968,0
LKD,D,20191204,000000,14.3,14.3,14.3,14.3,102,0
LKD,D,20191205,000000,14.3,14.3,14.3,14.3,2,0
LKD,D,20191206,000000,14.3,14.3,13,13.2,115779,0
LKD,D,20191209,000000,13.5,13.7,13.5,13.7,301,0
LKD,D,20191210,000000,13.8,13.8,13.5,13.8,704,0
LKD,D,20191211,000000,14.2,14.5,14.2,14.5,1980,0
LKD,D,20191212,000000,14.8,14.8,14,14.7,1207,0
LKD,D,20191213,000000,14.4,14.7,14.4,14.7,245,0
LKD,D,20191216,000000,14.1,14.5,14.1,14.1,605,0
LKD,D,20191217,000000,14.7,14.7,14,14,1311,0
LKD,D,20191218,000000,14,14.3,14,14.1,222,0
LKD,D,20191219,000000,14.1,14.1,14,14,5073,0
LKD,D,20191220,000000,14,14.2,14,14.2,441,0
LKD,D,20191223,000000,14,14,13.8,14,1053,0
LKD,D,20191227,000000,14,14,13.9,13.9,1064,0
LKD,D,20191230,000000,13.9,14,13.9,14,200836,0
LKD,D,20200102,000000,14,14,13.9,14,3241,0
LKD,D,20200103,000000,14,14,14,14,1041,0
LKD,D,20200107,000000,14,14.8,14,14.3,3862,0
LKD,D,20200108,000000,15.3,15.3,14.5,14.8,2178,0
LKD,D,20200109,000000,14.8,15,14.5,14.9,313,0
LKD,D,20200110,000000,14.9,14.9,14.5,14.8,1401,0
LKD,D,20200113,000000,14.8,15,14.8,15,427,0
LKD,D,20200114,000000,15,15,15,15,931,0
LKD,D,20200115,000000,15,15,15,15,10100,0
LKD,D,20200116,000000,15,15,15,15,305,0
LKD,D,20200117,000000,14.8,15,14.2,15,1013,0
LKD,D,20200120,000000,15,15,15,15,3,0
LKD,D,20200121,000000,15,15,14.3,14.8,5147,0
LKD,D,20200122,000000,14.8,14.8,14.4,14.8,704,0
LKD,D,20200123,000000,14.8,14.8,14.3,14.7,613,0
LKD,D,20200124,000000,14.7,14.8,13.8,14.4,2680,0
LKD,D,20200127,000000,14.3,14.4,14.2,14.4,941,0
LKD,D,20200128,000000,14.5,14.7,14.3,14.7,1101,0
LKD,D,20200129,000000,14.7,14.8,14.3,14.8,2924,0
LKD,D,20200130,000000,14.4,14.4,14,14.4,2102,0
LKD,D,20200131,000000,14.4,14.4,14.4,14.4,2,0
LKD,D,20200203,000000,14.4,14.6,14,14.2,3039,0
LKD,D,20200204,000000,14.5,14.6,14.5,14.6,1479,0
LKD,D,20200205,000000,14.5,14.6,14.1,14.6,1384,0
LKD,D,20200206,000000,14.6,14.6,14.6,14.6,41,0
LKD,D,20200207,000000,14.6,14.6,14.4,14.6,257,0
LKD,D,20200210,000000,14.5,14.6,14.5,14.6,194,0
LKD,D,20200211,000000,14.5,14.5,13.8,14.5,2286,0
LKD,D,20200212,000000,14.4,14.5,14.3,14.5,1031,0
LKD,D,20200213,000000,14.5,14.5,13.9,14.5,930,0
LKD,D,20200214,000000,14.2,14.3,14.2,14.3,217,0
LKD,D,20200217,000000,13.8,14.5,13.8,14.5,3376,0
LKD,D,20200218,000000,14.5,14.5,14.4,14.5,80,0
LKD,D,20200219,000000,14.5,14.5,14.4,14.5,326,0
LKD,D,20200220,000000,14.5,14.5,14.3,14.5,398,0
LKD,D,20200221,000000,14.5,14.5,14.4,14.5,261,0
LKD,D,20200224,000000,14.5,14.5,14.3,14.3,1437,0
LKD,D,20200225,000000,14.2,14.2,13.8,14,751,0
LKD,D,20200226,000000,13.9,14.5,13.9,14,466,0
LKD,D,20200227,000000,14.3,14.3,13.3,13.7,1684,0
LKD,D,20200228,000000,13.3,13.4,12,13.3,7132,0
LKD,D,20200302,000000,13.2,13.6,13.2,13.5,717,0
LKD,D,20200303,000000,14,14,13.2,13.4,2612,0
LKD,D,20200304,000000,13.3,13.5,13.1,13.3,514,0
LKD,D,20200305,000000,13.5,13.5,13.5,13.5,763,0
LKD,D,20200306,000000,13.5,13.5,13.1,13.5,551,0
LKD,D,20200309,000000,13.5,13.5,12.5,13.1,2668,0
LKD,D,20200310,000000,12.6,13.1,12.5,13,853,0
LKD,D,20200311,000000,13,13,12,12.3,1515,0
LKD,D,20200312,000000,12.3,12.3,11,11.9,4505,0
LKD,D,20200313,000000,12,12.5,12,12,3818,0
LKD,D,20200316,000000,11.8,11.8,10.9,11.5,754,0
LKD,D,20200317,000000,10.9,11.9,10.9,11.9,1507,0
LKD,D,20200318,000000,11.9,12.2,11.3,12.2,137,0
LKD,D,20200319,000000,11.5,12.1,11.5,12,1452,0
LKD,D,20200320,000000,12,12.5,10.9,11.2,2147,0
LKD,D,20200323,000000,11,11,10.9,10.9,1394,0
LKD,D,20200324,000000,10.9,11,10.4,10.4,1361,0
LKD,D,20200325,000000,10.5,11.3,9.6,10.5,2715,0
LKD,D,20200326,000000,11,12.1,11,12,1664,0
LKD,D,20200327,000000,12,12,11.8,11.8,360,0
LKD,D,20200330,000000,12.1,12.1,11.8,11.8,185,0
LKD,D,20200331,000000,11.9,11.9,11.9,11.9,75,0
LKD,D,20200401,000000,12.1,12.1,11.7,12.1,2252,0
LKD,D,20200402,000000,12.1,12.1,11,11.9,1338,0
LKD,D,20200403,000000,11.9,11.9,10.95,11.3,3943,0
LKD,D,20200406,000000,11.4,11.5,10.55,10.8,7811,0
LKD,D,20200407,000000,11,11.3,10.1,10.65,1831,0
LKD,D,20200408,000000,11.55,11.55,10.9,11.35,526,0
LKD,D,20200409,000000,11,11.35,10.9,10.9,916,0
LKD,D,20200414,000000,11.05,11.3,10.9,11.3,2440,0
LKD,D,20200415,000000,11.3,11.35,11.15,11.15,2961,0
LKD,D,20200416,000000,11.15,11.25,10.9,10.9,1250,0
LKD,D,20200417,000000,11,11.55,10.9,11.4,3046,0
LKD,D,20200420,000000,11.2,11.3,10.5,11.3,6264,0
LKD,D,20200421,000000,11,11,10.3,10.3,2800,0
LKD,D,20200422,000000,10.7,11,10.7,11,1127,0
LKD,D,20200423,000000,11.3,11.3,11.3,11.3,178,0
LKD,D,20200427,000000,11,11,10.9,11,1101,0
LKD,D,20200428,000000,10.5,10.85,10.5,10.85,101,0
LKD,D,20200429,000000,10.65,11,10.5,10.5,1548,0
LKD,D,20200430,000000,10.5,11,10.2,10.2,991,0
LKD,D,20200504,000000,11,11,10.2,10.2,3183,0
LKD,D,20200505,000000,10.2,10.9,10,10.9,2158,0
LKD,D,20200506,000000,10,10.2,9.5,10,14637,0
LKD,D,20200507,000000,10,10,9.9,9.9,599,0
LKD,D,20200508,000000,10,10,9.56,9.82,2980,0
LKD,D,20200511,000000,9.9,10,9.82,10,581,0
LKD,D,20200512,000000,10,10,9.82,10,944,0
LKD,D,20200513,000000,10,10.8,9.86,10.45,7755,0
LKD,D,20200514,000000,10.2,10.4,10.2,10.2,4052,0
LKD,D,20200515,000000,10.05,10.25,10.05,10.25,590,0
LKD,D,20200518,000000,10.2,10.2,9.8,9.8,42685,0
LKD,D,20200519,000000,9.8,9.98,9.5,9.98,18922,0
LKD,D,20200520,000000,9.96,9.96,9.88,9.88,297,0
LKD,D,20200521,000000,9.9,10.8,9.9,10.8,7124,0
LKD,D,20200522,000000,10.7,10.7,10.6,10.6,230,0
LKD,D,20200525,000000,10.65,10.8,10.65,10.8,1000,0
LKD,D,20200526,000000,10.8,11.7,10.8,11.5,6203,0
LKD,D,20200527,000000,11.5,11.5,11.1,11.5,4085,0
LKD,D,20200528,000000,11.2,11.2,11,11.2,3262,0
LKD,D,20200529,000000,11,11.45,10.5,11.45,2504,0
LKD,D,20200601,000000,11.5,11.5,11.35,11.45,1096,0
LKD,D,20200602,000000,11.45,11.8,11.4,11.8,963,0
LKD,D,20200603,000000,12,12.1,11.95,12,2621,0
LKD,D,20200604,000000,12.05,12.05,11.85,12,827,0
LKD,D,20200605,000000,12,12,11.8,12,2519,0
LKD,D,20200608,000000,12,12,11.6,11.9,1689,0
LKD,D,20200609,000000,11.9,11.9,11.4,11.9,1906,0
LKD,D,20200610,000000,11.9,11.9,11.5,11.8,729,0
LKD,D,20200612,000000,11.4,11.4,11.3,11.3,1535,0
LKD,D,20200615,000000,11.3,11.3,10.95,11.1,8403,0
LKD,D,20200616,000000,11.15,11.5,11.15,11.3,1643,0
LKD,D,20200617,000000,11.5,11.5,11.5,11.5,460,0
LKD,D,20200618,000000,11.3,11.45,11.3,11.45,763,0
LKD,D,20200619,000000,11.5,11.5,11.35,11.5,255,0
LKD,D,20200622,000000,11.4,11.5,11.4,11.5,156,0
LKD,D,20200623,000000,11.5,11.65,11.35,11.65,530,0
LKD,D,20200624,000000,11.75,11.75,11.5,11.5,571,0
LKD,D,20200625,000000,11.4,11.4,11.3,11.3,480,0
LKD,D,20200629,000000,11.2,11.25,11.05,11.25,1154,0
LKD,D,20200630,000000,11.25,11.5,11,11.5,2515,0
LKD,D,20200701,000000,11.3,11.5,11.3,11.5,4870,0
LKD,D,20200702,000000,11.5,11.5,11.5,11.5,226,0
LKD,D,20200703,000000,11.7,11.7,11.7,11.7,200,0
LKD,D,20200706,000000,11.8,11.8,11.3,11.6,1198,0
LKD,D,20200707,000000,11.6,11.6,11.5,11.5,430,0
LKD,D,20200708,000000,11.5,11.5,11.5,11.5,352,0
LKD,D,20200709,000000,11.3,11.3,11.2,11.3,316,0
LKD,D,20200710,000000,11.3,11.3,11.25,11.3,1305,0
