<TICKER>,<PER>,<DATE>,<TIME>,<OPEN>,<HIGH>,<LOW>,<CLOSE>,<VOL>,<OPENINT>
MEG,D,20110225,000000,15.842,16.549,15.79,16.136,60797,0
MEG,D,20110228,000000,16.086,16.104,15.488,15.781,10079,0
MEG,D,20110301,000000,15.428,15.623,15.076,15.076,5167,0
MEG,D,20110302,000000,15.018,15.018,14.616,14.664,4697,0
MEG,D,20110303,000000,14.664,15.194,14.146,15.076,3304,0
MEG,D,20110304,000000,15.018,15.784,15.018,15.664,2295,0
MEG,D,20110307,000000,15.313,15.313,14.735,15.241,2637,0
MEG,D,20110308,000000,14.841,15.018,14.605,14.723,4434,0
MEG,D,20110309,000000,14.723,14.783,14.486,14.494,839,0
MEG,D,20110310,000000,14.435,15.313,14.435,15.105,6672,0
MEG,D,20110311,000000,14.609,14.609,14.576,14.605,1004,0
MEG,D,20110314,000000,14.545,15.005,14.545,14.576,1331,0
MEG,D,20110315,000000,14.605,14.723,14.605,14.605,5538,0
MEG,D,20110316,000000,14.635,15.011,14.516,14.552,534,0
MEG,D,20110317,000000,14.549,14.937,14.521,14.937,244,0
MEG,D,20110318,000000,15.018,15.313,14.435,15.313,2168,0
MEG,D,20110321,000000,14.581,15.306,14.581,15.018,289,0
MEG,D,20110322,000000,14.599,15.313,14.599,14.728,457,0
MEG,D,20110323,000000,14.728,15.018,14.728,14.812,406,0
MEG,D,20110324,000000,14.728,15.076,14.728,14.783,668,0
MEG,D,20110325,000000,14.793,14.87,14.728,14.87,1309,0
MEG,D,20110328,000000,14.841,14.87,14.723,14.723,1185,0
MEG,D,20110329,000000,14.87,14.87,14.723,14.783,305,0
MEG,D,20110330,000000,14.605,14.841,14.605,14.841,68,0
MEG,D,20110331,000000,14.635,14.758,14.635,14.721,467,0
MEG,D,20110401,000000,14.899,15.3,14.899,15.018,1935,0
MEG,D,20110404,000000,15.018,15.547,15.018,15.018,1613,0
MEG,D,20110405,000000,15.028,15.724,15.028,15.605,4577,0
MEG,D,20110406,000000,15.37,15.37,15.047,15.047,520,0
MEG,D,20110407,000000,15.053,15.135,15.035,15.135,380,0
MEG,D,20110408,000000,15.076,15.135,14.958,15.018,553,0
MEG,D,20110411,000000,15.018,15.3,14.965,15.294,594,0
MEG,D,20110412,000000,15.047,15.047,14.936,14.936,444,0
MEG,D,20110413,000000,15.047,15.076,15.047,15.047,101,0
MEG,D,20110414,000000,14.759,15.047,14.759,15.018,274,0
MEG,D,20110415,000000,15.018,15.135,15.018,15.076,488,0
MEG,D,20110418,000000,15.076,15.076,14.988,14.988,1092,0
MEG,D,20110419,000000,14.812,15.253,14.723,15.135,1939,0
MEG,D,20110420,000000,14.599,14.958,14.599,14.958,51,0
MEG,D,20110421,000000,14.783,15.076,14.723,14.958,1306,0
MEG,D,20110426,000000,14.783,15.247,14.783,15.247,328,0
MEG,D,20110427,000000,14.783,15.247,14.783,14.958,4187,0
MEG,D,20110428,000000,14.87,15.018,14.87,14.988,243,0
MEG,D,20110429,000000,15.236,15.236,15.004,15.016,1004,0
MEG,D,20110502,000000,15.018,15.018,15.018,15.018,189,0
MEG,D,20110504,000000,15.047,15.234,15.018,15.018,481,0
MEG,D,20110505,000000,15.015,15.075,14.878,15.075,1212,0
MEG,D,20110506,000000,14.928,15.018,14.928,14.946,242,0
MEG,D,20110509,000000,14.946,14.958,14.928,14.946,1167,0
MEG,D,20110510,000000,14.847,15.194,14.31,14.946,541,0
MEG,D,20110511,000000,15.015,15.015,14.878,14.891,1504,0
MEG,D,20110512,000000,14.457,15.018,14.439,15.018,347,0
MEG,D,20110513,000000,14.723,15.018,14.723,15.018,706,0
MEG,D,20110516,000000,15.018,15.605,14.728,15.018,2492,0
MEG,D,20110517,000000,15.018,15.018,14.87,15.018,517,0
MEG,D,20110518,000000,14.816,14.816,14.816,14.816,301,0
MEG,D,20110520,000000,15.195,15.309,15.195,15.309,50,0
MEG,D,20110523,000000,14.465,14.465,14.288,14.288,511,0
MEG,D,20110524,000000,14.54,15.076,14.54,15.076,50,0
MEG,D,20110525,000000,14.881,14.881,14.847,14.847,752,0
MEG,D,20110526,000000,14.723,14.841,14.723,14.812,136,0
MEG,D,20110527,000000,14.813,15.302,14.753,15.255,866,0
MEG,D,20110530,000000,14.753,15.135,14.753,14.753,401,0
MEG,D,20110531,000000,14.721,14.721,14.696,14.696,582,0
MEG,D,20110602,000000,14.793,15.018,14.753,15.018,460,0
MEG,D,20110603,000000,15.015,15.015,15.015,15.015,249,0
MEG,D,20110606,000000,14.728,15.018,14.728,15.018,417,0
MEG,D,20110607,000000,14.735,15.195,14.735,15.195,594,0
MEG,D,20110608,000000,15.166,15.195,14.759,14.764,2885,0
MEG,D,20110609,000000,15.015,15.015,14.872,14.872,265,0
MEG,D,20110610,000000,14.835,14.872,14.835,14.872,309,0
MEG,D,20110613,000000,14.843,14.843,14.835,14.835,43,0
MEG,D,20110614,000000,14.835,14.835,14.723,14.723,84,0
MEG,D,20110615,000000,14.735,14.735,14.735,14.735,17,0
MEG,D,20110616,000000,14.764,15.243,14.735,14.735,499,0
MEG,D,20110617,000000,14.735,14.735,14.735,14.735,39,0
MEG,D,20110620,000000,14.107,14.645,13.331,14.645,1705,0
MEG,D,20110621,000000,14.585,15.236,13.987,14.226,883,0
MEG,D,20110622,000000,14.226,14.937,14.226,14.937,661,0
MEG,D,20110624,000000,13.546,14.878,13.546,14.269,39,0
MEG,D,20110627,000000,13.748,14.269,13.748,13.809,62,0
MEG,D,20110628,000000,13.451,14.639,13.451,14.639,727,0
MEG,D,20110629,000000,14.066,14.645,14.066,14.645,579,0
MEG,D,20110630,000000,13.602,15.244,13.602,15.244,2147,0
MEG,D,20110701,000000,13.957,15.206,13.957,15.206,33,0
MEG,D,20110704,000000,14.107,15.152,14.107,15.152,61,0
MEG,D,20110705,000000,14.937,15.093,14.937,15.063,396,0
MEG,D,20110708,000000,14.077,15.063,13.748,15.063,1134,0
MEG,D,20110711,000000,15.122,15.122,14.382,14.382,115,0
MEG,D,20110712,000000,14.119,15.004,13.809,14.998,692,0
MEG,D,20110714,000000,15.004,15.004,15.004,15.004,42,0
MEG,D,20110719,000000,13.983,14.945,13.965,14.945,1051,0
MEG,D,20110721,000000,14.945,14.945,14.945,14.945,729,0
MEG,D,20110722,000000,14.185,14.945,14.173,14.945,2334,0
MEG,D,20110725,000000,14.244,14.645,14.244,14.382,127,0
MEG,D,20110726,000000,14.353,14.897,14.353,14.382,162,0
MEG,D,20110727,000000,14.376,14.382,14.376,14.382,122,0
MEG,D,20110728,000000,14.382,14.382,14.281,14.281,166,0
MEG,D,20110729,000000,13.78,13.78,13.78,13.78,67,0
MEG,D,20110801,000000,13.765,13.809,13.765,13.809,37,0
MEG,D,20110802,000000,13.778,13.778,13.748,13.748,353,0
MEG,D,20110803,000000,13.748,13.748,13.748,13.748,37,0
MEG,D,20110804,000000,13.091,13.091,13.091,13.091,1154,0
MEG,D,20110805,000000,12.583,12.583,11.787,11.96,790,0
MEG,D,20110808,000000,10.771,11.656,10.771,11.656,256,0
MEG,D,20110809,000000,10.497,10.497,10.287,10.312,300,0
MEG,D,20110810,000000,10.461,10.879,10.461,10.461,1130,0
MEG,D,20110811,000000,10.461,11.232,10.461,11.232,253,0
MEG,D,20110812,000000,11.226,12.248,11.226,12.248,160,0
MEG,D,20110816,000000,13.15,13.15,12.254,13.15,190,0
MEG,D,20110817,000000,13.15,13.15,12.852,12.852,91,0
MEG,D,20110818,000000,12.315,12.315,10.52,12.315,584,0
MEG,D,20110819,000000,11.357,13.15,11.357,13.15,296,0
MEG,D,20110824,000000,13.15,13.15,13.15,13.15,14,0
MEG,D,20110825,000000,11.955,13.144,11.955,13.144,92,0
MEG,D,20110826,000000,11.836,13.139,11.836,13.139,124,0
MEG,D,20110831,000000,13.115,13.115,13.115,13.115,146,0
MEG,D,20110902,000000,12.256,13.091,11.955,13.091,884,0
MEG,D,20110914,000000,10.335,12.852,10.335,12.852,681,0
MEG,D,20110915,000000,11.357,12.852,11.357,12.852,464,0
MEG,D,20110916,000000,11.782,12.852,11.782,12.852,160,0
MEG,D,20110919,000000,10.497,12.852,10.497,12.852,26,0
MEG,D,20110921,000000,12.551,12.852,12.551,12.852,586,0
MEG,D,20111010,000000,12.551,12.551,12.551,12.551,84,0
MEG,D,20111011,000000,12.551,12.551,12.551,12.551,4,0
MEG,D,20111024,000000,11.955,12.254,11.955,12.254,155,0
MEG,D,20111026,000000,12.492,12.492,12.492,12.492,178,0
MEG,D,20111027,000000,12.492,12.492,12.492,12.492,37,0
MEG,D,20111031,000000,10.318,10.318,10.318,10.318,7,0
MEG,D,20111102,000000,12.492,12.492,12.492,12.492,46,0
MEG,D,20111104,000000,12.434,12.434,12.434,12.434,98,0
MEG,D,20111121,000000,13.664,13.664,13.664,13.664,81,0
MEG,D,20111207,000000,13.527,13.527,13.527,13.527,324,0
MEG,D,20111209,000000,11.996,11.996,11.996,11.996,53,0
MEG,D,20111212,000000,12.297,12.297,12.297,12.297,42,0
MEG,D,20111213,000000,12.297,12.297,12.297,12.297,28,0
MEG,D,20111220,000000,12.297,12.297,12.297,12.297,324,0
MEG,D,20111221,000000,10.774,12.297,10.774,12.297,116,0
MEG,D,20111223,000000,12.297,12.297,12.297,12.297,77,0
MEG,D,20111227,000000,12.297,12.297,12.297,12.297,163,0
MEG,D,20111230,000000,12.61,12.61,12.61,12.61,317,0
MEG,D,20120102,000000,13.22,13.22,13.22,13.22,14,0
MEG,D,20120103,000000,13.22,13.22,13.22,13.22,163,0
MEG,D,20120110,000000,11.257,11.257,11.257,11.257,39,0
MEG,D,20120111,000000,11.696,11.696,11.696,11.696,115,0
MEG,D,20120112,000000,13.159,13.159,13.159,13.159,257,0
MEG,D,20120116,000000,13.159,13.159,13.159,13.159,125,0
MEG,D,20120117,000000,12.076,12.076,12.076,12.076,7,0
MEG,D,20120118,000000,12.083,12.083,12.083,12.083,271,0
MEG,D,20120119,000000,13.159,13.159,13.159,13.159,166,0
MEG,D,20120124,000000,13.159,13.159,13.159,13.159,791,0
MEG,D,20120125,000000,13.22,13.22,13.22,13.22,907,0
MEG,D,20120130,000000,13.159,13.159,13.159,13.159,39,0
MEG,D,20120201,000000,13.159,13.159,13.159,13.159,380,0
MEG,D,20120209,000000,13.22,13.467,13.22,13.467,558,0
MEG,D,20120210,000000,13.527,13.527,13.527,13.527,78,0
MEG,D,20120214,000000,12.297,12.297,12.297,12.297,41,0
MEG,D,20120215,000000,14.143,14.143,14.143,14.143,38,0
MEG,D,20120216,000000,14.483,14.483,14.483,14.483,337,0
MEG,D,20120217,000000,14.758,14.758,14.758,14.758,650,0
MEG,D,20120220,000000,14.483,14.483,14.483,14.483,337,0
MEG,D,20120221,000000,14.483,14.758,14.483,14.758,428,0
MEG,D,20120222,000000,14.758,15.372,14.758,15.372,1969,0
MEG,D,20120223,000000,15.742,15.742,15.742,15.742,1237,0
MEG,D,20120224,000000,15.865,15.988,15.865,15.988,425,0
MEG,D,20120227,000000,15.988,16.541,15.988,16.541,1026,0
MEG,D,20120228,000000,17.155,17.155,17.155,17.155,4844,0
MEG,D,20120229,000000,17.152,17.152,17.152,17.152,680,0
MEG,D,20120301,000000,17.155,17.155,17.155,17.155,649,0
MEG,D,20120305,000000,17.187,17.187,17.187,17.187,1565,0
MEG,D,20120306,000000,17.187,17.187,17.187,17.187,657,0
MEG,D,20120307,000000,17.187,17.187,17.187,17.187,568,0
MEG,D,20120308,000000,17.216,17.585,17.216,17.585,2037,0
MEG,D,20120309,000000,17.832,17.832,17.832,17.832,590,0
MEG,D,20120312,000000,17.832,18.201,17.832,18.201,1763,0
MEG,D,20120313,000000,18.323,18.323,18.323,18.323,163,0
MEG,D,20120314,000000,18.323,18.952,18.323,18.952,10809,0
MEG,D,20120315,000000,19.431,19.431,19.431,19.431,340,0
MEG,D,20120316,000000,19.744,20.292,19.744,20.292,116,0
MEG,D,20120319,000000,20.292,21.214,20.292,21.214,381,0
MEG,D,20120320,000000,21.275,21.275,21.275,21.275,3910,0
MEG,D,20120329,000000,21.645,22.136,21.645,22.136,2939,0
MEG,D,20120330,000000,22.691,22.691,22.691,22.691,364,0
MEG,D,20120402,000000,22.751,22.751,21.523,21.523,791,0
MEG,D,20120403,000000,21.523,21.523,21.523,21.523,17,0
MEG,D,20120404,000000,21.523,21.523,21.523,21.523,349,0
MEG,D,20120410,000000,22.751,22.751,22.751,22.751,28,0
MEG,D,20120412,000000,22.136,22.136,22.136,22.136,228,0
MEG,D,20120502,000000,22.136,22.136,22.136,22.136,324,0
MEG,D,20120614,000000,20.902,20.902,20.66,20.66,382,0
MEG,D,20120615,000000,20.661,20.661,20.661,20.661,687,0
MEG,D,20120620,000000,20.712,20.712,20.712,20.712,334,0
MEG,D,20120626,000000,20.902,20.902,20.902,20.902,41,0
MEG,D,20120627,000000,24.307,24.307,24.307,24.307,161,0
MEG,D,20120710,000000,21.405,21.405,21.405,21.405,39,0
MEG,D,20120711,000000,23.49,23.49,23.49,23.49,79,0
MEG,D,20120719,000000,22.984,22.984,22.984,22.984,9,0
MEG,D,20120720,000000,22.671,22.671,22.671,22.671,13,0
MEG,D,20120822,000000,20.088,22.607,20.088,22.607,921,0
MEG,D,20120912,000000,22.607,22.607,22.607,22.607,794,0
MEG,D,20120924,000000,22.6,22.6,22.6,22.6,237,0
MEG,D,20120928,000000,22.544,22.544,22.544,22.544,483,0
MEG,D,20121114,000000,21.639,21.639,21.639,21.639,359,0
MEG,D,20121119,000000,21.639,21.639,21.639,21.639,1,0
MEG,D,20121211,000000,21.322,21.322,21.322,21.322,786,0
MEG,D,20121217,000000,21.322,21.322,21.322,21.322,313,0
MEG,D,20121220,000000,21.322,21.322,21.322,21.322,553,0
MEG,D,20130104,000000,21.004,21.004,21.004,21.004,13,0
MEG,D,20130107,000000,21.004,21.004,21.004,21.004,10,0
MEG,D,20130110,000000,19.095,19.095,19.095,19.095,17,0
MEG,D,20130121,000000,18.587,18.587,18.587,18.587,13,0
MEG,D,20130129,000000,18.458,18.458,18.458,18.458,14,0
MEG,D,20130204,000000,17.186,17.186,17.186,17.186,9,0
MEG,D,20130206,000000,13.577,13.577,13.577,13.577,28,0
MEG,D,20130207,000000,13.589,13.589,13.589,13.589,10,0
MEG,D,20130208,000000,12.73,13.589,12.73,13.589,90,0
MEG,D,20130212,000000,15.911,15.911,15.911,15.911,2,0
MEG,D,20130301,000000,15.911,15.911,15.911,15.911,221,0
MEG,D,20130304,000000,15.911,17.186,15.911,17.186,160,0
MEG,D,20130305,000000,18.458,18.458,18.458,18.458,128,0
MEG,D,20130306,000000,18.458,18.458,18.458,18.458,122,0
MEG,D,20130308,000000,19.031,19.031,18.84,18.84,116,0
MEG,D,20130327,000000,18.776,18.776,18.776,18.776,226,0
MEG,D,20130411,000000,16.866,16.866,16.866,16.866,48,0
MEG,D,20130415,000000,18.776,18.776,18.776,18.776,41,0
MEG,D,20130417,000000,18.776,18.776,18.776,18.776,160,0
MEG,D,20130424,000000,18.776,18.776,18.776,18.776,322,0
MEG,D,20130528,000000,18.776,18.776,18.776,18.776,721,0
MEG,D,20130529,000000,19.095,19.095,19.095,19.095,460,0
MEG,D,20130606,000000,17.186,17.186,17.186,17.186,135,0
MEG,D,20130607,000000,17.186,17.186,17.186,17.186,188,0
MEG,D,20130610,000000,18.905,19.088,18.905,19.088,96,0
MEG,D,20130709,000000,16.611,16.611,16.611,16.611,14,0
MEG,D,20130715,000000,18.932,18.932,18.932,18.932,86,0
MEG,D,20130722,000000,18.932,18.932,18.932,18.932,99,0
MEG,D,20130724,000000,17.04,17.04,17.04,17.04,7,0
MEG,D,20130726,000000,18.963,18.963,18.963,18.963,117,0
MEG,D,20130730,000000,19.617,19.617,19.617,19.617,612,0
MEG,D,20130813,000000,17.657,17.657,17.657,17.657,1,0
MEG,D,20130814,000000,17.858,17.858,17.858,17.858,43,0
MEG,D,20130822,000000,17.591,17.591,17.591,17.591,162,0
MEG,D,20131004,000000,15.693,15.693,15.693,15.693,38,0
MEG,D,20131007,000000,13.863,13.863,13.863,13.863,7,0
MEG,D,20131008,000000,13.15,13.15,13.15,13.15,39,0
MEG,D,20131011,000000,13.426,13.426,13.426,13.426,17,0
MEG,D,20131022,000000,13.438,13.438,13.438,13.438,9,0
MEG,D,20131023,000000,13.438,13.438,13.438,13.438,29,0
MEG,D,20131029,000000,13.732,13.732,13.732,13.732,28,0
MEG,D,20131030,000000,13.738,13.738,13.738,13.738,7,0
MEG,D,20131107,000000,17.002,17.002,17.002,17.002,2,0
MEG,D,20131108,000000,16.342,16.342,16.342,16.342,14,0
MEG,D,20131114,000000,13.797,13.797,13.797,13.797,79,0
MEG,D,20131118,000000,13.871,13.871,13.871,13.871,25,0
MEG,D,20131126,000000,13.875,13.875,13.875,13.875,17,0
MEG,D,20131128,000000,13.875,13.875,13.875,13.875,10,0
MEG,D,20131202,000000,13.875,13.875,13.875,13.875,30,0
MEG,D,20131205,000000,13.732,13.732,13.732,13.732,28,0
MEG,D,20131212,000000,11.783,11.783,11.783,11.783,248,0
MEG,D,20131213,000000,13.713,13.713,13.713,13.713,2,0
MEG,D,20131216,000000,13.713,13.713,13.713,13.713,68,0
MEG,D,20140107,000000,13.778,13.778,13.778,13.778,61,0
MEG,D,20140115,000000,13.406,13.406,13.406,13.406,18,0
MEG,D,20140117,000000,13.406,13.406,13.406,13.406,135,0
MEG,D,20140130,000000,12.066,12.066,12.066,12.066,117,0
MEG,D,20140204,000000,12.066,12.066,12.066,12.066,255,0
MEG,D,20140207,000000,12.425,12.425,12.425,12.425,7,0
MEG,D,20140210,000000,13.732,13.732,13.732,13.732,5,0
MEG,D,20140217,000000,13.079,13.079,13.079,13.079,18,0
MEG,D,20140218,000000,12.425,12.425,12.425,12.425,305,0
MEG,D,20140226,000000,12.818,12.818,12.818,12.818,97,0
MEG,D,20140227,000000,12.066,12.066,12.066,12.066,1,0
MEG,D,20140317,000000,12.066,12.066,11.771,11.771,109,0
MEG,D,20140318,000000,11.771,11.771,11.771,11.771,101,0
MEG,D,20140320,000000,11.771,11.771,11.771,11.771,305,0
MEG,D,20140324,000000,11.771,11.771,11.771,11.771,29,0
MEG,D,20140327,000000,10.594,10.607,10.594,10.607,301,0
MEG,D,20140328,000000,10.607,10.607,10.607,10.607,70,0
MEG,D,20140331,000000,10.561,10.561,10.561,10.561,30,0
MEG,D,20140401,000000,10.527,10.527,10.527,10.527,155,0
MEG,D,20140402,000000,10.527,10.527,10.527,10.527,90,0
MEG,D,20140403,000000,10.527,10.527,10.527,10.527,33,0
MEG,D,20140515,000000,9.809,9.809,9.809,9.809,14,0
MEG,D,20140522,000000,10.461,10.461,10.461,10.461,457,0
MEG,D,20140523,000000,10.397,10.397,10.397,10.397,294,0
MEG,D,20140605,000000,10.461,10.461,10.461,10.461,488,0
MEG,D,20140609,000000,10.461,10.461,10.461,10.461,5,0
MEG,D,20140616,000000,10.594,10.594,10.594,10.594,1528,0
MEG,D,20140623,000000,10.829,10.829,10.829,10.829,14,0
MEG,D,20140624,000000,10.829,10.829,10.829,10.829,51,0
MEG,D,20140701,000000,10.829,10.829,10.829,10.829,74,0
MEG,D,20140923,000000,9.4769,9.4769,9.4769,9.4769,9,0
MEG,D,20141001,000000,9.4919,9.4919,9.4919,9.4919,157,0
MEG,D,20141002,000000,9.1373,9.4769,9.1373,9.4769,28,0
MEG,D,20141013,000000,9.545,9.545,9.545,9.545,7,0
MEG,D,20141014,000000,9.545,9.545,9.545,9.545,55,0
MEG,D,20141020,000000,9.545,9.545,9.545,9.545,33,0
MEG,D,20141021,000000,9.545,9.545,9.545,9.545,67,0
MEG,D,20141023,000000,9.4769,9.4769,9.4769,9.4769,122,0
MEG,D,20141029,000000,12.184,12.184,12.184,12.184,313,0
MEG,D,20141103,000000,12.184,12.184,12.184,12.184,7,0
MEG,D,20141105,000000,12.184,12.184,12.184,12.184,94,0
MEG,D,20141112,000000,12.184,12.184,12.184,12.184,50,0
MEG,D,20141117,000000,12.184,12.184,12.184,12.184,17,0
MEG,D,20141118,000000,12.184,12.184,12.184,12.184,96,0
MEG,D,20141121,000000,12.184,12.184,12.184,12.184,21,0
MEG,D,20141124,000000,12.251,12.251,12.251,12.251,43,0
MEG,D,20141125,000000,12.251,12.251,12.251,12.251,38,0
MEG,D,20141219,000000,12.251,12.251,12.251,12.251,7,0
MEG,D,20141229,000000,13.538,13.538,13.538,13.538,1479,0
MEG,D,20141230,000000,13.538,13.538,13.538,13.538,3177,0
MEG,D,20150105,000000,13.538,13.538,13.538,13.538,21,0
MEG,D,20150107,000000,13.538,13.538,13.538,13.538,73,0
MEG,D,20150108,000000,13.538,13.538,13.538,13.538,38,0
MEG,D,20150109,000000,14.549,14.549,14.549,14.549,63,0
MEG,D,20150113,000000,14.549,14.549,14.549,14.549,51,0
MEG,D,20150202,000000,14.544,14.544,14.544,14.544,14,0
MEG,D,20150212,000000,14.544,14.544,14.544,14.544,7,0
MEG,D,20150226,000000,15.866,15.866,15.866,15.866,4,0
MEG,D,20150227,000000,15.866,15.866,15.866,15.866,9,0
MEG,D,20150326,000000,15.52,15.52,15.52,15.52,21,0
MEG,D,20150526,000000,15.52,15.52,15.52,15.52,37,0
MEG,D,20150528,000000,15.52,15.52,15.52,15.52,215,0
MEG,D,20150611,000000,11.251,11.251,11.251,11.251,17,0
MEG,D,20150617,000000,12.472,12.472,12.472,12.472,17,0
MEG,D,20150717,000000,12.887,12.887,12.887,12.887,17,0
MEG,D,20150803,000000,12.887,12.887,12.887,12.887,10,0
MEG,D,20150805,000000,14.176,14.176,14.176,14.176,2,0
MEG,D,20150813,000000,14.176,14.176,14.176,14.176,14,0
MEG,D,20150819,000000,14.217,14.217,14.217,14.217,28,0
MEG,D,20150825,000000,12.528,12.528,12.528,12.528,14,0
MEG,D,20150831,000000,12.528,12.528,12.528,12.528,7,0
MEG,D,20150901,000000,13.603,13.603,13.603,13.603,2,0
MEG,D,20150909,000000,13.531,13.531,13.531,13.531,2,0
MEG,D,20150918,000000,12.17,12.17,12.17,12.17,7,0
MEG,D,20150921,000000,12.17,12.17,12.17,12.17,33,0
MEG,D,20151008,000000,12.098,12.098,12.098,12.098,21,0
MEG,D,20151020,000000,10.316,10.316,10.316,10.316,7,0
MEG,D,20151027,000000,9.3568,9.3568,9.3568,9.3568,43,0
MEG,D,20151029,000000,8.9488,8.9488,8.9488,8.9488,426,0
MEG,D,20151103,000000,8.5905,8.5905,8.5905,8.5905,85,0
MEG,D,20151118,000000,8.9488,8.9488,8.9488,8.9488,100,0
MEG,D,20151119,000000,8.3127,8.3127,8.3127,8.3127,1,0
MEG,D,20151120,000000,8.3127,8.3127,8.3127,8.3127,9,0
MEG,D,20151123,000000,8.5976,8.5976,8.5976,8.5976,210,0
MEG,D,20151203,000000,8.62,8.62,8.62,8.62,38,0
MEG,D,20151209,000000,8.6262,8.6262,8.6262,8.6262,17,0
MEG,D,20151215,000000,9.743,9.743,9.743,9.743,510,0
MEG,D,20151218,000000,10.118,10.118,10.118,10.118,202,0
MEG,D,20151221,000000,10.493,10.493,10.493,10.493,14,0
MEG,D,20151222,000000,10.493,10.493,10.493,10.493,319,0
MEG,D,20160108,000000,12.741,12.741,12.741,12.741,27,0
MEG,D,20160118,000000,9.3681,9.3681,9.3681,9.3681,2402,0
MEG,D,20160121,000000,9.3681,9.3681,9.3681,9.3681,96,0
MEG,D,20160126,000000,8.9938,8.9938,8.9938,8.9938,7,0
MEG,D,20160128,000000,8.9938,8.9938,8.9938,8.9938,27,0
MEG,D,20160202,000000,9.3615,9.3615,9.3615,9.3615,312,0
MEG,D,20160203,000000,9.3681,9.3681,9.3681,9.3681,47,0
MEG,D,20160204,000000,9.3681,9.3681,9.3681,9.3681,238,0
MEG,D,20160205,000000,9.3681,9.3681,9.3681,9.3681,567,0
MEG,D,20160208,000000,9.3681,9.3681,9.3681,9.3681,267,0
MEG,D,20160210,000000,9.3681,9.3681,9.3681,9.3681,10,0
MEG,D,20160216,000000,9.0023,9.0023,9.0023,9.0023,9,0
MEG,D,20160310,000000,10.493,10.493,10.493,10.493,30,0
MEG,D,20160316,000000,10.493,10.493,10.493,10.493,147,0
MEG,D,20160321,000000,10.493,10.493,10.493,10.493,63,0
MEG,D,20160322,000000,10.493,10.493,10.493,10.493,162,0
MEG,D,20160422,000000,10.493,10.493,10.493,10.493,54,0
MEG,D,20160505,000000,10.493,10.493,10.493,10.493,16,0
MEG,D,20160511,000000,10.493,10.493,10.493,10.493,301,0
MEG,D,20160512,000000,10.493,10.493,10.493,10.493,162,0
MEG,D,20160517,000000,11.243,11.243,11.243,11.243,7,0
MEG,D,20160520,000000,11.841,11.841,11.841,11.841,155,0
MEG,D,20160530,000000,10.657,10.657,10.657,10.657,49,0
MEG,D,20160609,000000,10.538,10.538,10.538,10.538,335,0
MEG,D,20160624,000000,10.538,10.538,10.538,10.538,262,0
MEG,D,20160711,000000,10.087,10.087,10.087,10.087,15,0
MEG,D,20160712,000000,10.562,10.562,10.562,10.562,7,0
MEG,D,20160719,000000,9.912,9.912,9.912,9.912,18,0
MEG,D,20160824,000000,10.308,10.308,10.308,10.308,10,0
MEG,D,20160905,000000,10.379,10.379,10.379,10.379,15,0
MEG,D,20160909,000000,10.379,10.379,10.379,10.379,219,0
MEG,D,20161003,000000,10.379,10.379,10.379,10.379,189,0
MEG,D,20161006,000000,10.379,10.379,10.379,10.379,18,0
MEG,D,20161026,000000,11.092,11.092,11.092,11.092,26,0
MEG,D,20161031,000000,11.877,11.877,11.877,11.877,52,0
MEG,D,20161103,000000,11.9,11.9,11.9,11.9,76,0
MEG,D,20161118,000000,10.347,10.347,10.347,10.347,18,0
MEG,D,20161121,000000,12.162,12.162,12.162,12.162,63,0
MEG,D,20161122,000000,10.363,10.363,10.363,10.363,11,0
MEG,D,20161130,000000,10.466,10.466,10.466,10.466,7,0
MEG,D,20161206,000000,12.139,12.139,12.139,12.139,430,0
MEG,D,20161209,000000,12.139,12.139,12.139,12.139,130,0
MEG,D,20161230,000000,12.281,12.281,12.139,12.139,255,0
MEG,D,20170105,000000,11.022,11.022,11.022,11.022,127,0
MEG,D,20170109,000000,11.42,11.42,11.42,11.42,15,0
MEG,D,20170116,000000,11.42,11.42,11.42,11.42,18,0
MEG,D,20170117,000000,11.42,11.42,11.42,11.42,49,0
MEG,D,20170118,000000,13.044,13.044,13.044,13.044,3,0
MEG,D,20170125,000000,12.953,12.953,12.953,12.953,25,0
MEG,D,20170127,000000,11.42,11.42,11.42,11.42,7,0
MEG,D,20170206,000000,11.437,11.437,11.437,11.437,7,0
MEG,D,20170221,000000,11.503,11.503,11.503,11.503,62,0
MEG,D,20170301,000000,11.543,11.543,11.543,11.543,9,0
MEG,D,20170331,000000,12.228,12.228,12.228,12.228,1,0
MEG,D,20170404,000000,11.576,11.576,11.576,11.576,3,0
MEG,D,20170412,000000,12.228,12.228,12.228,12.228,18,0
MEG,D,20170413,000000,11.592,11.592,11.592,11.592,211,0
MEG,D,20170420,000000,11.576,11.576,11.576,11.576,44,0
MEG,D,20170511,000000,11.584,11.584,11.584,11.584,29,0
MEG,D,20170512,000000,11.658,11.658,11.658,11.658,68,0
MEG,D,20170518,000000,11.658,11.658,11.658,11.658,68,0
MEG,D,20170519,000000,11.42,11.42,11.42,11.42,30,0
MEG,D,20170523,000000,12.228,12.228,12.228,12.228,90,0
MEG,D,20170524,000000,13.035,13.035,13.035,13.035,155,0
MEG,D,20170526,000000,13.035,13.035,13.035,13.035,43,0
MEG,D,20170529,000000,11.821,11.821,11.821,11.821,306,0
MEG,D,20170601,000000,13.199,13.199,13.199,13.199,3,0
MEG,D,20170602,000000,13.206,13.206,13.206,13.206,107,0
MEG,D,20170605,000000,12.309,12.309,12.309,12.309,62,0
MEG,D,20170608,000000,13.165,13.165,13.165,13.165,23,0
MEG,D,20170609,000000,13.165,13.165,13.165,13.165,92,0
MEG,D,20170613,000000,13.165,13.247,13.165,13.247,587,0
MEG,D,20170614,000000,14.511,14.592,14.511,14.592,965,0
MEG,D,20170616,000000,14.674,14.674,14.674,14.674,123,0
MEG,D,20170620,000000,15.648,15.648,15.648,15.648,11,0
MEG,D,20170622,000000,12.564,12.564,12.564,12.564,565,0
MEG,D,20170703,000000,12.921,12.921,12.921,12.921,41,0
MEG,D,20170704,000000,12.966,12.966,12.966,12.966,78,0
MEG,D,20170713,000000,13.422,13.422,13.422,13.422,7,0
MEG,D,20170803,000000,13.6,13.6,13.6,13.6,10,0
MEG,D,20170804,000000,13.6,13.6,13.6,13.6,6,0
MEG,D,20170807,000000,14.538,14.538,14.538,14.538,20,0
MEG,D,20170814,000000,14.538,14.538,14.538,14.538,1,0
MEG,D,20170818,000000,14.069,14.069,14.069,14.069,144,0
MEG,D,20170821,000000,13.459,13.459,13.459,13.459,7,0
MEG,D,20170901,000000,13.131,14.05,13.131,14.05,352,0
MEG,D,20170906,000000,13.6,13.6,13.6,13.6,69,0
MEG,D,20170912,000000,14.05,14.05,14.05,14.05,91,0
MEG,D,20171006,000000,14.069,14.069,14.069,14.069,14,0
MEG,D,20171019,000000,14.069,14.069,14.069,14.069,53,0
MEG,D,20171024,000000,14.069,14.069,14.069,14.069,134,0
MEG,D,20171114,000000,14.069,14.069,14.069,14.069,263,0
MEG,D,20171121,000000,14.069,14.069,14.069,14.069,64,0
MEG,D,20171206,000000,14.069,14.069,14.069,14.069,679,0
MEG,D,20171220,000000,13.6,13.6,13.6,13.6,96,0
MEG,D,20171221,000000,13.319,13.319,13.319,13.319,30,0
MEG,D,20180109,000000,13.6,13.6,13.6,13.6,107,0
MEG,D,20180118,000000,13.6,13.6,13.6,13.6,11,0
MEG,D,20180123,000000,10.786,10.786,10.786,10.786,6,0
MEG,D,20180220,000000,11.255,11.255,11.255,11.255,6,0
MEG,D,20180222,000000,12.287,12.287,12.287,12.287,13,0
MEG,D,20180227,000000,12.287,12.287,12.287,12.287,9,0
MEG,D,20180403,000000,13.6,13.6,13.6,13.6,267,0
MEG,D,20180525,000000,13.6,13.6,13.6,13.6,21,0
MEG,D,20180605,000000,10.317,10.317,10.317,10.317,64,0
MEG,D,20180606,000000,10.317,10.317,10.317,10.317,107,0
MEG,D,20180607,000000,10.317,10.317,10.317,10.317,471,0
MEG,D,20180702,000000,10.88,10.88,10.88,10.88,144,0
MEG,D,20180705,000000,10.317,10.317,10.317,10.317,107,0
MEG,D,20180710,000000,10.317,10.317,10.317,10.317,12,0
MEG,D,20180712,000000,10.317,10.317,10.317,10.317,210,0
MEG,D,20180719,000000,10.317,10.317,10.317,10.317,320,0
MEG,D,20180727,000000,11.349,11.349,11.349,11.349,113,0
MEG,D,20180801,000000,11.255,11.255,11.255,11.255,390,0
MEG,D,20180806,000000,11.818,11.818,11.818,11.818,126,0
MEG,D,20180809,000000,13.319,13.319,13.319,13.319,53,0
MEG,D,20180814,000000,13.131,13.131,13.131,13.131,64,0
MEG,D,20180817,000000,12.943,12.943,12.943,12.943,43,0
MEG,D,20180820,000000,12.943,13.506,12.943,13.506,171,0
MEG,D,20180821,000000,12.568,12.568,12.568,12.568,276,0
MEG,D,20180827,000000,13.506,13.6,13.506,13.6,1163,0
MEG,D,20180829,000000,13.506,13.506,13.506,13.506,194,0
MEG,D,20180830,000000,13.506,13.6,13.506,13.6,95,0
MEG,D,20180831,000000,14.3,14.3,14.3,14.3,55,0
MEG,D,20180910,000000,14.3,14.3,14.3,14.3,5,0
MEG,D,20180918,000000,14.3,14.3,14.3,14.3,50,0
MEG,D,20180919,000000,14.3,14.3,14.3,14.3,55,0
MEG,D,20180927,000000,12.9,12.9,12.9,12.9,4,0
MEG,D,20180928,000000,12.9,12.9,12.9,12.9,23,0
MEG,D,20181017,000000,12,12,12,12,20,0
MEG,D,20181019,000000,12,12,12,12,165,0
MEG,D,20181022,000000,12,12,12,12,6,0
MEG,D,20181024,000000,12,12,12,12,79,0
MEG,D,20181026,000000,12,12,12,12,100,0
MEG,D,20181128,000000,12.5,12.5,12.5,12.5,26,0
MEG,D,20181212,000000,12.5,12.5,12.5,12.5,9,0
MEG,D,20181228,000000,12,12,12,12,42,0
MEG,D,20190108,000000,12,12,12,12,45,0
MEG,D,20190114,000000,12,12,12,12,1,0
MEG,D,20190116,000000,12,12,12,12,16,0
MEG,D,20190313,000000,12.1,12.1,12.1,12.1,6,0
MEG,D,20190314,000000,12.1,12.1,12.1,12.1,15,0
MEG,D,20190410,000000,12.1,12.1,12.1,12.1,6,0
MEG,D,20190429,000000,12.2,12.2,12.2,12.2,12,0
MEG,D,20190502,000000,12.1,12.1,12.1,12.1,12,0
MEG,D,20190506,000000,12.1,12.1,12.1,12.1,5,0
MEG,D,20190701,000000,11.5,11.5,11.5,11.5,167,0
MEG,D,20190703,000000,11.5,11.5,11.5,11.5,60,0
MEG,D,20190719,000000,12,12,12,12,45,0
MEG,D,20190819,000000,12,12,12,12,10,0
MEG,D,20190823,000000,13,13,13,13,40,0
MEG,D,20190828,000000,13,13,13,13,30,0
MEG,D,20190920,000000,12,12,12,12,9,0
MEG,D,20190924,000000,11,11,11,11,46,0
MEG,D,20191018,000000,8,8.05,8,8.05,311,0
MEG,D,20191021,000000,8.1,8.1,8.1,8.1,30,0
MEG,D,20191022,000000,8.5,9.6,8.5,9.6,11,0
MEG,D,20191104,000000,10.5,10.5,10.5,10.5,5,0
MEG,D,20191105,000000,10.5,10.5,10.5,10.5,150,0
MEG,D,20191107,000000,11.5,11.5,11.5,11.5,1,0
MEG,D,20200108,000000,11.5,11.5,11.5,11.5,23,0
MEG,D,20200115,000000,9.2,9.2,9.2,9.2,63,0
MEG,D,20200130,000000,9.2,9.2,9.2,9.2,249,0
MEG,D,20200131,000000,10.1,10.1,10.1,10.1,1,0
MEG,D,20200219,000000,8.55,8.55,8.55,8.55,6,0
MEG,D,20200220,000000,10,10,10,10,70,0
MEG,D,20200227,000000,10.2,10.2,10.2,10.2,147,0
MEG,D,20200311,000000,8.5,8.5,8.5,8.5,70,0
MEG,D,20200317,000000,8.5,8.5,8.5,8.5,40,0
MEG,D,20200318,000000,8.5,8.5,8.5,8.5,63,0
MEG,D,20200421,000000,8.5,8.5,8.5,8.5,9,0
MEG,D,20200427,000000,7.55,7.55,7.55,7.55,10,0
MEG,D,20200602,000000,7.6,7.6,7.6,7.6,34,0
MEG,D,20200608,000000,9.35,9.35,9.35,9.35,462,0
MEG,D,20200609,000000,7.75,7.75,7.75,7.75,7,0
MEG,D,20200615,000000,7.8,7.8,7.8,7.8,30,0
MEG,D,20200618,000000,8,8,8,8,20,0
