<TICKER>,<PER>,<DATE>,<TIME>,<OPEN>,<HIGH>,<LOW>,<CLOSE>,<VOL>,<OPENINT>
MFO,D,20140109,000000,10.276,10.584,10.013,10.458,124505,0
MFO,D,20140110,000000,10.458,10.567,10.312,10.567,26385,0
MFO,D,20140113,000000,10.43,11.339,10.43,11.248,21454,0
MFO,D,20140114,000000,11.004,11.248,11.004,11.13,14284,0
MFO,D,20140115,000000,10.775,11.175,10.775,11.049,3380,0
MFO,D,20140116,000000,11.086,11.086,10.686,10.686,7430,0
MFO,D,20140117,000000,10.639,11.14,10.502,10.594,14280,0
MFO,D,20140120,000000,10.968,10.968,10.657,10.821,3650,0
MFO,D,20140121,000000,10.903,11.168,10.821,11.158,14913,0
MFO,D,20140122,000000,11.175,11.358,11.012,11.312,20023,0
MFO,D,20140123,000000,11.294,11.349,11.121,11.322,2842,0
MFO,D,20140124,000000,11.185,11.349,10.922,11.14,5222,0
MFO,D,20140127,000000,11.14,11.322,10.731,11.322,3675,0
MFO,D,20140128,000000,10.958,11.349,10.958,11.185,3979,0
MFO,D,20140129,000000,11.076,11.312,11.049,11.276,5270,0
MFO,D,20140130,000000,11.231,11.276,11.222,11.276,2351,0
MFO,D,20140131,000000,11.339,11.785,11.276,11.785,19897,0
MFO,D,20140203,000000,11.467,11.73,11.467,11.549,2647,0
MFO,D,20140204,000000,11.476,11.73,11.476,11.721,11833,0
MFO,D,20140205,000000,11.721,11.822,11.721,11.767,6345,0
MFO,D,20140206,000000,11.822,12.003,11.822,11.894,11711,0
MFO,D,20140207,000000,11.994,12.003,11.685,11.685,5027,0
MFO,D,20140210,000000,11.904,11.904,11.64,11.64,6208,0
MFO,D,20140211,000000,11.867,11.867,11.64,11.822,863,0
MFO,D,20140212,000000,11.703,11.822,11.64,11.822,13068,0
MFO,D,20140213,000000,11.822,12.003,11.367,11.367,57561,0
MFO,D,20140214,000000,11.703,12.003,11.467,11.685,10442,0
MFO,D,20140217,000000,11.685,11.822,11.685,11.695,4034,0
MFO,D,20140218,000000,11.695,11.695,11.376,11.376,7933,0
MFO,D,20140219,000000,11.376,11.467,11.322,11.467,3637,0
MFO,D,20140220,000000,11.712,11.712,11.376,11.412,3664,0
MFO,D,20140221,000000,11.376,11.504,11.276,11.504,1440,0
MFO,D,20140224,000000,11.712,11.712,11.631,11.712,1924,0
MFO,D,20140225,000000,11.712,11.812,11.712,11.803,2859,0
MFO,D,20140226,000000,11.803,11.803,11.64,11.64,481,0
MFO,D,20140227,000000,11.64,11.64,11.631,11.631,1868,0
MFO,D,20140228,000000,11.631,11.703,11.376,11.685,1325,0
MFO,D,20140303,000000,11.458,11.458,10.367,10.912,26641,0
MFO,D,20140304,000000,10.821,11.185,10.821,11.14,3748,0
MFO,D,20140305,000000,11.231,11.349,11.004,11.004,3740,0
MFO,D,20140306,000000,11.367,11.367,10.912,10.912,5223,0
MFO,D,20140307,000000,10.912,11.094,10.912,10.912,1704,0
MFO,D,20140310,000000,10.912,10.912,10.567,10.567,4485,0
MFO,D,20140311,000000,10.74,10.74,10.631,10.639,778,0
MFO,D,20140312,000000,10.639,10.639,10.14,10.448,8193,0
MFO,D,20140313,000000,10.448,10.912,10.367,10.367,561,0
MFO,D,20140314,000000,10.376,10.54,9.958,10.439,7431,0
MFO,D,20140317,000000,10.439,10.721,10.439,10.721,1537,0
MFO,D,20140318,000000,10.639,10.903,10.467,10.903,22834,0
MFO,D,20140319,000000,10.912,11.094,10.649,10.912,388,0
MFO,D,20140320,000000,10.686,10.912,10.686,10.903,752,0
MFO,D,20140321,000000,10.475,10.903,10.475,10.903,50,0
MFO,D,20140324,000000,10.558,10.894,10.558,10.894,182,0
MFO,D,20140325,000000,10.703,10.939,10.695,10.939,2446,0
MFO,D,20140326,000000,10.939,11.094,10.939,11.094,1017,0
MFO,D,20140327,000000,10.821,10.821,10.821,10.821,224,0
MFO,D,20140328,000000,10.758,10.958,10.758,10.958,766,0
MFO,D,20140331,000000,10.958,11.086,10.775,11.086,5864,0
MFO,D,20140401,000000,10.912,11.248,10.912,11.248,1431,0
MFO,D,20140402,000000,10.912,11.175,10.912,11.175,74,0
MFO,D,20140403,000000,10.93,11.175,10.93,10.93,2716,0
MFO,D,20140404,000000,11.094,11.094,10.912,11.086,656,0
MFO,D,20140407,000000,11.049,11.049,10.93,11.049,84,0
MFO,D,20140408,000000,11.049,11.049,10.912,10.912,1054,0
MFO,D,20140409,000000,10.821,10.912,10.821,10.912,59,0
MFO,D,20140410,000000,10.922,10.922,10.912,10.912,363,0
MFO,D,20140411,000000,10.984,10.984,10.984,10.984,1,0
MFO,D,20140414,000000,11.004,11.004,10.549,10.894,2403,0
MFO,D,20140415,000000,10.549,10.912,10.185,10.185,1297,0
MFO,D,20140416,000000,10.857,10.857,10.294,10.721,716,0
MFO,D,20140417,000000,10.813,10.813,10.521,10.521,58,0
MFO,D,20140422,000000,10.276,10.775,10.276,10.731,538,0
MFO,D,20140423,000000,10.312,10.321,10.312,10.321,124,0
MFO,D,20140424,000000,10.331,10.331,10.312,10.312,616,0
MFO,D,20140425,000000,10.321,10.54,10.312,10.54,663,0
MFO,D,20140428,000000,10.502,10.502,10.185,10.458,1029,0
MFO,D,20140429,000000,10.458,10.502,10.194,10.194,683,0
MFO,D,20140502,000000,10.248,10.495,10.248,10.495,100,0
MFO,D,20140505,000000,10.258,10.258,9.911,9.911,2403,0
MFO,D,20140506,000000,9.3842,10.003,9.3842,9.911,341,0
MFO,D,20140507,000000,9.822,9.822,9.822,9.822,2199,0
MFO,D,20140508,000000,9.911,10.14,9.911,10.14,2459,0
MFO,D,20140509,000000,10.14,10.14,10.14,10.14,21,0
MFO,D,20140513,000000,10.14,10.276,10.003,10.276,1598,0
MFO,D,20140514,000000,10.502,10.502,10.003,10.502,5708,0
MFO,D,20140515,000000,10.53,10.686,10.121,10.458,2590,0
MFO,D,20140516,000000,10.458,10.458,10.003,10.458,1606,0
MFO,D,20140519,000000,10.111,10.439,10.103,10.439,357,0
MFO,D,20140520,000000,10.013,10.413,10.013,10.413,252,0
MFO,D,20140521,000000,10.039,10.321,10.03,10.321,1106,0
MFO,D,20140522,000000,10.231,10.231,10.085,10.085,1091,0
MFO,D,20140523,000000,10.003,10.185,10.003,10.176,1144,0
MFO,D,20140526,000000,10.095,10.095,10.013,10.039,739,0
MFO,D,20140527,000000,10.003,10.003,9.648,9.867,809,0
MFO,D,20140528,000000,9.867,9.867,9.867,9.867,1677,0
MFO,D,20140529,000000,9.838,9.838,9.4758,9.549,1618,0
MFO,D,20140530,000000,10.003,10.003,9.685,9.685,1658,0
MFO,D,20140602,000000,10.003,10.003,10.003,10.003,1100,0
MFO,D,20140603,000000,10.048,10.185,9.639,10.121,9176,0
MFO,D,20140604,000000,10.003,10.003,10.003,10.003,21,0
MFO,D,20140605,000000,10.13,10.367,10.13,10.367,412,0
MFO,D,20140609,000000,10.14,10.393,10.14,10.393,806,0
MFO,D,20140610,000000,10.14,10.458,10.14,10.239,1676,0
MFO,D,20140611,000000,10.239,10.312,10.003,10.312,1504,0
MFO,D,20140612,000000,10.312,10.312,10.003,10.003,1319,0
MFO,D,20140613,000000,10.003,10.003,9.911,9.911,550,0
MFO,D,20140616,000000,10.266,10.266,10.266,10.266,5,0
MFO,D,20140617,000000,10.003,10.003,10.003,10.003,189,0
MFO,D,20140618,000000,10.248,10.248,10.248,10.248,36,0
MFO,D,20140620,000000,9.911,10.258,9.822,10.258,478,0
MFO,D,20140626,000000,10.231,10.231,9.73,10.212,371,0
MFO,D,20140701,000000,9.857,10.212,9.857,10.212,334,0
MFO,D,20140702,000000,10.185,10.185,10.185,10.185,21,0
MFO,D,20140703,000000,10.185,10.185,9.867,10.176,1471,0
MFO,D,20140704,000000,10.176,10.176,9.876,10.157,61,0
MFO,D,20140707,000000,10.149,10.157,10.095,10.095,176,0
MFO,D,20140708,000000,10.231,10.231,10.185,10.185,115,0
MFO,D,20140709,000000,10.231,10.231,10.231,10.231,437,0
MFO,D,20140710,000000,10.231,10.231,10.003,10.003,11,0
MFO,D,20140711,000000,10.14,10.14,9.876,9.876,47,0
MFO,D,20140715,000000,9.911,9.911,9.911,9.911,1100,0
MFO,D,20140716,000000,9.911,9.911,9.876,9.876,1057,0
MFO,D,20140717,000000,9.876,9.876,9.822,9.867,673,0
MFO,D,20140721,000000,9.559,9.822,9.559,9.822,37,0
MFO,D,20140723,000000,9.512,9.73,9.512,9.639,852,0
MFO,D,20140724,000000,9.812,9.812,9.512,9.512,557,0
MFO,D,20140725,000000,9.4671,9.4671,9.4671,9.4671,12,0
MFO,D,20140728,000000,9.0211,9.4478,9.0211,9.4478,130,0
MFO,D,20140729,000000,9.3659,9.822,9.3659,9.822,1850,0
MFO,D,20140730,000000,9.822,9.822,9.4575,9.822,203,0
MFO,D,20140731,000000,8.9118,9.822,8.9118,9.822,12559,0
MFO,D,20140801,000000,9.822,9.822,9.822,9.822,10,0
MFO,D,20140804,000000,9.93,9.985,9.903,9.903,2747,0
MFO,D,20140805,000000,10.003,10.003,10.003,10.003,5,0
MFO,D,20140806,000000,9.73,9.73,9.73,9.73,10,0
MFO,D,20140807,000000,9.53,9.985,9.53,9.985,338,0
MFO,D,20140811,000000,9.4758,9.876,9.4758,9.876,176,0
MFO,D,20140812,000000,9.985,9.985,9.985,9.985,33,0
MFO,D,20140813,000000,9.4671,9.4671,9.4295,9.4295,864,0
MFO,D,20140814,000000,9.4218,9.903,9.4218,9.903,1121,0
MFO,D,20140818,000000,9.975,9.975,9.975,9.975,555,0
MFO,D,20140819,000000,9.93,9.93,9.52,9.876,367,0
MFO,D,20140820,000000,9.867,9.867,9.52,9.73,51,0
MFO,D,20140822,000000,9.559,9.73,9.559,9.73,358,0
MFO,D,20140825,000000,9.721,9.73,9.721,9.73,129,0
MFO,D,20140827,000000,9.721,9.867,9.721,9.757,8149,0
MFO,D,20140828,000000,9.757,9.993,9.757,9.867,13930,0
MFO,D,20140829,000000,9.966,10.231,9.966,10.231,518,0
MFO,D,20140901,000000,9.549,10.003,9.549,10.003,5616,0
MFO,D,20140903,000000,10.003,10.003,10.003,10.003,5,0
MFO,D,20140904,000000,9.74,9.939,9.74,9.939,304,0
MFO,D,20140905,000000,9.939,10.013,9.939,10.013,1133,0
MFO,D,20140908,000000,10.14,10.14,9.565,9.565,1309,0
MFO,D,20140909,000000,9.993,9.993,9.993,9.993,1,0
MFO,D,20140910,000000,9.594,9.594,9.594,9.594,104,0
MFO,D,20140911,000000,9.603,10.003,9.603,10.003,1133,0
MFO,D,20140912,000000,9.757,9.757,9.757,9.757,330,0
MFO,D,20140915,000000,9.993,9.993,9.993,9.993,1,0
MFO,D,20140916,000000,9.757,9.993,9.749,9.993,467,0
MFO,D,20140917,000000,9.749,9.975,9.549,9.975,943,0
MFO,D,20140918,000000,9.958,9.958,9.565,9.565,653,0
MFO,D,20140919,000000,9.921,9.921,9.921,9.921,3,0
MFO,D,20140922,000000,9.911,9.911,9.911,9.911,1,0
MFO,D,20140923,000000,9.639,9.903,9.639,9.903,220,0
MFO,D,20140924,000000,9.549,9.911,9.549,9.911,37,0
MFO,D,20140925,000000,9.903,9.903,9.903,9.903,1,0
MFO,D,20140926,000000,9.4671,9.4671,9.4391,9.4391,1093,0
MFO,D,20140929,000000,9.575,9.612,9.23,9.23,653,0
MFO,D,20140930,000000,9.657,9.657,9.657,9.657,2,0
MFO,D,20141001,000000,9.894,9.894,9.3659,9.73,663,0
MFO,D,20141002,000000,9.667,9.667,9.667,9.667,2,0
MFO,D,20141003,000000,9.667,9.667,9.3659,9.3842,252,0
MFO,D,20141006,000000,9.667,9.667,9.667,9.667,1,0
MFO,D,20141007,000000,9.621,9.621,9.621,9.621,5,0
MFO,D,20141008,000000,9.575,9.575,9.575,9.575,1,0
MFO,D,20141009,000000,9.565,9.565,9.565,9.565,1,0
MFO,D,20141010,000000,9.3659,9.565,9.23,9.549,315,0
MFO,D,20141013,000000,9.3659,9.53,9.3659,9.53,47,0
MFO,D,20141014,000000,9.3755,9.549,9.3755,9.549,40,0
MFO,D,20141015,000000,9.3755,9.53,9.23,9.53,148,0
MFO,D,20141016,000000,9.23,9.612,9.0928,9.4844,946,0
MFO,D,20141017,000000,9.4758,9.4758,9.1211,9.4758,108,0
MFO,D,20141020,000000,9.4758,9.4758,9.4758,9.4758,1,0
MFO,D,20141021,000000,9.4025,9.4025,9.3215,9.3215,186,0
MFO,D,20141022,000000,9.3659,9.3659,9.1943,9.1943,111,0
MFO,D,20141023,000000,9.23,9.3659,9.23,9.2396,158,0
MFO,D,20141024,000000,9.2762,9.3659,9.2762,9.3659,136,0
MFO,D,20141027,000000,9.1117,9.1117,9.1117,9.1117,270,0
MFO,D,20141028,000000,9.3659,9.3659,8.9842,9.3485,438,0
MFO,D,20141029,000000,9.0928,9.3215,9.0116,9.3215,333,0
MFO,D,20141030,000000,9.2762,9.2762,9.2762,9.2762,2,0
MFO,D,20141031,000000,9.0475,9.2762,9.0211,9.2762,528,0
MFO,D,20141104,000000,9.2762,9.2762,9.2762,9.2762,1,0
MFO,D,20141105,000000,9.0928,9.503,9.0928,9.503,665,0
MFO,D,20141106,000000,9.4941,10.276,9.4941,10.276,4400,0
MFO,D,20141107,000000,9.585,9.812,9.549,9.812,1532,0
MFO,D,20141110,000000,10.258,10.258,10.258,10.258,2,0
MFO,D,20141112,000000,9.721,9.894,9.4295,9.894,1248,0
MFO,D,20141113,000000,10.003,10.003,10.003,10.003,1,0
MFO,D,20141117,000000,9.958,9.958,9.958,9.958,1,0
MFO,D,20141118,000000,9.867,9.867,9.867,9.867,1,0
MFO,D,20141119,000000,9.4218,9.838,9.4218,9.838,335,0
MFO,D,20141120,000000,9.822,9.822,9.822,9.822,10,0
MFO,D,20141121,000000,9.766,9.766,9.766,9.766,109,0
MFO,D,20141124,000000,9.749,9.749,9.74,9.749,115,0
MFO,D,20141125,000000,9.594,9.721,9.594,9.721,71,0
MFO,D,20141126,000000,9.702,9.702,9.702,9.702,1,0
MFO,D,20141127,000000,9.4844,9.4844,9.4844,9.4844,120,0
MFO,D,20141128,000000,9.4844,9.657,9.4575,9.657,1105,0
MFO,D,20141201,000000,9.657,9.657,9.657,9.657,1,0
MFO,D,20141202,000000,9.657,9.657,9.657,9.657,1,0
MFO,D,20141203,000000,9.4575,9.648,9.4575,9.648,498,0
MFO,D,20141204,000000,9.657,9.657,9.657,9.657,1,0
MFO,D,20141205,000000,9.3755,9.4575,9.3755,9.3842,1082,0
MFO,D,20141208,000000,9.3755,9.657,9.3755,9.657,59,0
MFO,D,20141209,000000,9.648,9.648,9.648,9.648,20,0
MFO,D,20141210,000000,9.4575,9.4575,9.4575,9.4575,1,0
MFO,D,20141211,000000,9.3842,9.63,9.3842,9.63,306,0
MFO,D,20141212,000000,8.9937,9.512,8.9937,9.512,12,0
MFO,D,20141215,000000,9.503,9.749,9.503,9.749,1585,0
MFO,D,20141216,000000,9.503,9.503,9.0928,9.4941,7602,0
MFO,D,20141217,000000,9.4941,9.73,9.4941,9.73,4257,0
MFO,D,20141218,000000,9.639,9.639,9.3215,9.3215,8051,0
MFO,D,20141219,000000,9.3755,9.73,9.3755,9.3842,648,0
MFO,D,20141222,000000,9.3302,9.3302,9.0928,9.0928,13810,0
MFO,D,20141223,000000,9.0475,9.52,8.9118,9.0928,8328,0
MFO,D,20141229,000000,9.0928,9.4575,9.0928,9.4575,3393,0
MFO,D,20141230,000000,9.1022,9.621,9.1022,9.549,12861,0
MFO,D,20150102,000000,9.1211,9.876,9.1211,9.876,40,0
MFO,D,20150105,000000,9.3938,9.867,9.3938,9.4218,121,0
MFO,D,20150107,000000,9.1654,9.776,9.1654,9.766,424,0
MFO,D,20150108,000000,9.2762,9.2762,9.2762,9.2762,7,0
MFO,D,20150109,000000,9.594,9.594,9.2762,9.2762,155,0
MFO,D,20150112,000000,9.2396,9.549,9.2396,9.3659,4511,0
MFO,D,20150113,000000,9.53,9.53,9.53,9.53,108,0
MFO,D,20150114,000000,9.639,9.639,9.612,9.612,146,0
MFO,D,20150115,000000,9.4575,9.594,9.4295,9.594,1160,0
MFO,D,20150116,000000,9.594,9.594,9.1022,9.23,1779,0
MFO,D,20150119,000000,9.565,9.565,9.565,9.565,1,0
MFO,D,20150120,000000,9.1846,9.565,9.0031,9.565,408,0
MFO,D,20150122,000000,9.0928,9.0928,9.0928,9.0928,33,0
MFO,D,20150123,000000,9.565,9.565,9.3582,9.3582,331,0
MFO,D,20150126,000000,9.3582,9.3582,9.0928,9.3485,1203,0
MFO,D,20150127,000000,9.3485,9.3485,9.3485,9.3485,2,0
MFO,D,20150128,000000,9.3485,9.3485,9.3485,9.3485,1,0
MFO,D,20150129,000000,9.3389,9.3485,9.3389,9.3485,796,0
MFO,D,20150130,000000,9.3485,9.53,9.3485,9.53,835,0
MFO,D,20150202,000000,8.9937,9.1391,8.9937,9.1391,19,0
MFO,D,20150203,000000,9.175,9.503,9.175,9.1846,263,0
MFO,D,20150204,000000,9.4941,9.4941,9.1391,9.4941,393,0
MFO,D,20150205,000000,9.175,9.4941,9.175,9.23,1962,0
MFO,D,20150206,000000,9.1577,9.4758,9.1391,9.2762,11676,0
MFO,D,20150209,000000,9.4575,9.4575,9.4575,9.4575,1,0
MFO,D,20150210,000000,9.3215,9.757,9.23,9.757,3620,0
MFO,D,20150211,000000,9.757,9.757,9.757,9.757,1,0
MFO,D,20150212,000000,9.73,9.73,9.73,9.73,990,0
MFO,D,20150213,000000,9.757,10.013,9.559,10.013,2976,0
MFO,D,20150216,000000,10.003,10.231,10.003,10.176,1019,0
MFO,D,20150217,000000,10.222,10.339,10.176,10.303,2237,0
MFO,D,20150218,000000,10.095,10.339,10.003,10.339,228,0
MFO,D,20150219,000000,9.848,10.266,9.848,10.266,338,0
MFO,D,20150223,000000,9.838,10.239,9.838,10.239,407,0
MFO,D,20150224,000000,10.231,10.231,10.231,10.231,10,0
MFO,D,20150225,000000,10.222,10.339,9.894,10.339,6354,0
MFO,D,20150226,000000,10.348,10.348,10.321,10.348,935,0
MFO,D,20150227,000000,10.348,10.348,10.331,10.331,5059,0
MFO,D,20150302,000000,10.276,10.775,10.276,10.348,3820,0
MFO,D,20150303,000000,10.731,10.731,10.348,10.348,4309,0
MFO,D,20150304,000000,10.458,10.458,10.458,10.458,2,0
MFO,D,20150305,000000,10.458,10.549,10.458,10.549,848,0
MFO,D,20150306,000000,10.639,10.731,10.384,10.384,332,0
MFO,D,20150309,000000,10.321,10.631,10.321,10.549,975,0
MFO,D,20150310,000000,10.549,10.594,10.358,10.594,1236,0
MFO,D,20150312,000000,10.639,10.775,10.639,10.775,1784,0
MFO,D,20150316,000000,10.813,10.867,10.813,10.867,330,0
MFO,D,20150317,000000,10.867,10.912,10.867,10.912,1308,0
MFO,D,20150318,000000,10.912,11.094,10.912,11.094,719,0
MFO,D,20150319,000000,11.094,11.094,10.74,11.094,456,0
MFO,D,20150320,000000,11.312,11.358,11.094,11.358,7147,0
MFO,D,20150323,000000,10.922,11.567,10.922,11.094,3105,0
MFO,D,20150324,000000,11.458,11.458,11.094,11.367,851,0
MFO,D,20150325,000000,11.448,11.595,11.448,11.595,5856,0
MFO,D,20150326,000000,11.195,11.195,11.112,11.112,1012,0
MFO,D,20150327,000000,11.521,11.521,11.521,11.521,10,0
MFO,D,20150330,000000,11.367,11.367,11.367,11.367,43987,0
MFO,D,20150331,000000,11.14,11.367,10.912,10.93,240035,0
MFO,D,20150401,000000,10.922,11.358,10.922,11.358,28,0
MFO,D,20150407,000000,10.922,10.922,10.922,10.922,4,0
MFO,D,20150408,000000,11.004,11.276,10.958,11.276,2114,0
MFO,D,20150409,000000,11.241,11.349,11.241,11.276,703,0
MFO,D,20150410,000000,11.276,11.276,11.276,11.276,1,0
MFO,D,20150413,000000,10.93,11.276,10.93,11.004,145,0
MFO,D,20150414,000000,11.33,11.33,11.33,11.33,1,0
MFO,D,20150415,000000,11.004,11.004,11.004,11.004,464,0
MFO,D,20150416,000000,11.267,11.33,11.267,11.33,5299,0
MFO,D,20150417,000000,11.33,11.33,11.33,11.33,2531,0
MFO,D,20150420,000000,11.33,11.33,11.33,11.33,1590,0
MFO,D,20150421,000000,11.358,11.504,11.358,11.367,1502,0
MFO,D,20150422,000000,11.367,11.367,11.14,11.14,1418,0
MFO,D,20150423,000000,11.094,11.494,11.094,11.494,318,0
MFO,D,20150424,000000,11.494,11.494,11.494,11.494,5,0
MFO,D,20150427,000000,11.494,11.494,11.494,11.494,10,0
MFO,D,20150428,000000,11.14,11.14,11.14,11.14,351,0
MFO,D,20150429,000000,11.494,11.494,11.367,11.367,115,0
MFO,D,20150430,000000,11.44,11.458,11.14,11.14,892,0
MFO,D,20150504,000000,11.458,11.458,11.458,11.458,10,0
MFO,D,20150505,000000,11.458,11.458,11.458,11.458,10,0
MFO,D,20150506,000000,11.14,11.149,11.14,11.14,1794,0
MFO,D,20150507,000000,11.104,11.448,11.104,11.448,166,0
MFO,D,20150508,000000,11.448,11.494,11.448,11.458,4574,0
MFO,D,20150511,000000,11.458,11.595,11.458,11.559,2478,0
MFO,D,20150512,000000,11.567,11.567,11.476,11.476,108,0
MFO,D,20150513,000000,11.467,11.822,11.467,11.822,11329,0
MFO,D,20150514,000000,11.822,11.822,11.458,11.822,10140,0
MFO,D,20150515,000000,11.685,11.795,11.685,11.795,281,0
MFO,D,20150518,000000,11.777,11.904,11.777,11.904,3533,0
MFO,D,20150519,000000,11.832,11.867,11.832,11.867,396,0
MFO,D,20150520,000000,11.832,11.832,11.812,11.822,409,0
MFO,D,20150521,000000,11.73,11.73,11.73,11.73,275,0
MFO,D,20150522,000000,11.685,11.812,11.685,11.812,1309,0
MFO,D,20150525,000000,11.658,11.658,11.458,11.458,772,0
MFO,D,20150526,000000,11.812,11.812,11.458,11.504,241,0
MFO,D,20150527,000000,11.458,12.276,11.458,12.276,3089,0
MFO,D,20150528,000000,12.276,12.276,12.276,12.276,63,0
MFO,D,20150529,000000,12.095,12.348,11.832,11.832,8601,0
MFO,D,20150601,000000,11.567,11.958,11.567,11.958,258,0
MFO,D,20150602,000000,11.73,11.73,11.73,11.73,71,0
MFO,D,20150603,000000,12.266,12.266,12.266,12.266,10,0
MFO,D,20150605,000000,12.266,12.266,12.266,12.266,1,0
MFO,D,20150608,000000,11.848,12.258,11.848,12.258,146,0
MFO,D,20150609,000000,11.721,11.721,11.712,11.712,330,0
MFO,D,20150610,000000,11.894,11.894,11.603,11.603,47,0
MFO,D,20150611,000000,11.822,11.822,11.822,11.822,1,0
MFO,D,20150612,000000,11.575,11.812,11.567,11.812,406,0
MFO,D,20150615,000000,11.485,11.485,11.458,11.458,770,0
MFO,D,20150616,000000,11.241,11.241,10.731,11.231,1434,0
MFO,D,20150617,000000,11.795,11.795,11.795,11.795,1,0
MFO,D,20150622,000000,11.349,11.349,11.349,11.349,1,0
MFO,D,20150623,000000,10.958,11.795,10.922,11.795,882,0
MFO,D,20150624,000000,10.93,11.785,10.93,11.785,982,0
MFO,D,20150625,000000,10.912,11.622,10.912,11.622,1035,0
MFO,D,20150626,000000,11.777,11.777,11.777,11.777,1,0
MFO,D,20150629,000000,11.357,12.037,10.798,12.037,3959,0
MFO,D,20150701,000000,10.994,12.055,10.984,12.055,2240,0
MFO,D,20150702,000000,11.488,11.488,11.441,11.441,644,0
MFO,D,20150703,000000,11.171,11.171,11.171,11.171,207,0
MFO,D,20150706,000000,11.032,11.032,11.032,11.032,124,0
MFO,D,20150707,000000,11.022,11.022,10.984,10.984,1297,0
MFO,D,20150709,000000,10.668,10.984,10.612,10.984,1155,0
MFO,D,20150710,000000,10.705,11.404,10.705,11.31,726,0
MFO,D,20150713,000000,11.302,11.302,11.134,11.293,1003,0
MFO,D,20150715,000000,11.507,11.507,11.507,11.507,1,0
MFO,D,20150716,000000,11.357,11.507,11.357,11.507,44,0
MFO,D,20150720,000000,11.171,11.171,11.171,11.171,2,0
MFO,D,20150721,000000,11.171,11.543,11.134,11.543,19836,0
MFO,D,20150722,000000,11.497,11.497,11.497,11.497,1262,0
MFO,D,20150723,000000,11.357,11.357,11.357,11.357,179,0
MFO,D,20150724,000000,11.497,11.497,11.497,11.497,58,0
MFO,D,20150729,000000,11.384,11.777,11.384,11.777,1253,0
MFO,D,20150730,000000,11.404,11.73,11.404,11.73,205,0
MFO,D,20150731,000000,11.767,11.813,11.767,11.813,84,0
MFO,D,20150805,000000,11.804,11.823,11.804,11.823,1190,0
MFO,D,20150806,000000,11.823,11.869,11.823,11.869,922,0
MFO,D,20150807,000000,11.823,11.823,11.823,11.823,6211,0
MFO,D,20150810,000000,11.869,11.869,11.869,11.869,800,0
MFO,D,20150811,000000,11.907,11.907,11.907,11.907,1,0
MFO,D,20150812,000000,11.73,11.73,11.73,11.73,215,0
MFO,D,20150813,000000,11.543,11.72,11.274,11.72,309,0
MFO,D,20150814,000000,11.516,11.703,11.516,11.703,64,0
MFO,D,20150817,000000,11.627,11.627,11.627,11.627,10,0
MFO,D,20150818,000000,11.627,11.627,11.627,11.627,5,0
MFO,D,20150819,000000,11.507,11.507,11.507,11.507,1965,0
MFO,D,20150820,000000,11.507,11.71,11.507,11.71,894,0
MFO,D,20150821,000000,11.71,11.71,11.71,11.71,1331,0
MFO,D,20150824,000000,11.71,11.71,10.892,11.162,7733,0
MFO,D,20150825,000000,10.714,11.404,10.714,11.404,911,0
MFO,D,20150826,000000,11.18,11.18,10.538,10.575,5783,0
MFO,D,20150827,000000,10.705,11.04,10.705,11.04,1745,0
MFO,D,20150828,000000,11.162,11.404,11.162,11.404,162,0
MFO,D,20150831,000000,11.04,11.04,11.04,11.04,1144,0
MFO,D,20150901,000000,11.357,11.357,11.04,11.143,325,0
MFO,D,20150902,000000,11.171,11.171,11.171,11.171,1,0
MFO,D,20150903,000000,11.04,11.04,11.04,11.04,2,0
MFO,D,20150904,000000,11.04,11.04,11.04,11.04,387,0
MFO,D,20150907,000000,11.162,11.162,11.162,11.162,5,0
MFO,D,20150908,000000,11.153,11.153,11.153,11.153,2,0
MFO,D,20150909,000000,11.153,11.153,11.153,11.153,2,0
MFO,D,20150910,000000,11.153,11.153,11.153,11.153,2,0
MFO,D,20150911,000000,11.153,11.153,11.153,11.153,2,0
MFO,D,20150914,000000,11.153,11.153,11.153,11.153,2,0
MFO,D,20150915,000000,11.153,11.153,10.705,10.705,723,0
MFO,D,20150916,000000,10.705,11.543,10.445,10.705,9309,0
MFO,D,20150917,000000,10.342,10.798,10.334,10.705,35721,0
MFO,D,20150918,000000,10.705,10.984,10.705,10.752,3764,0
MFO,D,20150921,000000,10.967,11.032,10.967,10.967,2686,0
MFO,D,20150922,000000,11.078,11.078,10.984,10.984,4608,0
MFO,D,20150923,000000,11.022,11.022,11.013,11.013,1074,0
MFO,D,20150924,000000,11.013,11.013,10.984,10.984,537,0
MFO,D,20150925,000000,11.078,11.078,10.705,11.078,2359,0
MFO,D,20150928,000000,11.171,11.59,11.171,11.59,537,0
MFO,D,20150929,000000,11.59,11.59,11.59,11.59,269,0
MFO,D,20150930,000000,11.59,11.59,11.58,11.58,269,0
MFO,D,20151005,000000,11.264,11.264,11.264,11.264,1,0
MFO,D,20151006,000000,11.264,11.264,11.264,11.264,1,0
MFO,D,20151007,000000,11.264,11.264,11.264,11.264,1,0
MFO,D,20151008,000000,11.264,11.264,11.264,11.264,2,0
MFO,D,20151009,000000,11.264,11.264,11.264,11.264,101,0
MFO,D,20151012,000000,11.264,11.264,11.004,11.264,451,0
MFO,D,20151013,000000,11.264,11.264,10.967,10.967,85,0
MFO,D,20151014,000000,11.264,11.264,11.264,11.264,5,0
MFO,D,20151015,000000,11.171,11.171,11.171,11.171,10,0
MFO,D,20151016,000000,11.171,11.171,10.752,11.171,1560,0
MFO,D,20151019,000000,11.254,11.254,11.171,11.171,11,0
MFO,D,20151020,000000,11.171,11.171,11.171,11.171,1,0
MFO,D,20151021,000000,11.171,11.171,11.171,11.171,1,0
MFO,D,20151022,000000,11.078,11.162,11.078,11.162,98,0
MFO,D,20151023,000000,11.162,11.162,11.162,11.162,1,0
MFO,D,20151026,000000,11.162,11.162,11.162,11.162,1,0
MFO,D,20151027,000000,11.162,11.162,11.162,11.162,1,0
MFO,D,20151028,000000,11.18,11.264,11.18,11.264,399,0
MFO,D,20151030,000000,10.984,10.984,10.975,10.975,159,0
MFO,D,20151102,000000,11.115,11.115,10.901,10.901,2164,0
MFO,D,20151103,000000,11.115,11.153,11.115,11.153,2,0
MFO,D,20151104,000000,11.153,11.153,11.153,11.153,1,0
MFO,D,20151105,000000,11.153,11.153,11.153,11.153,1,0
MFO,D,20151106,000000,11.107,11.246,11.078,11.246,416,0
MFO,D,20151109,000000,11.227,11.227,10.91,10.91,161,0
MFO,D,20151110,000000,11.171,11.264,11.162,11.264,3610,0
MFO,D,20151112,000000,11.171,11.524,11.171,11.524,1637,0
MFO,D,20151113,000000,11.59,11.59,11.59,11.59,130,0
MFO,D,20151116,000000,11.534,11.543,11.534,11.543,1016,0
MFO,D,20151117,000000,11.59,11.683,11.59,11.646,6001,0
MFO,D,20151118,000000,11.637,11.646,11.637,11.646,3795,0
MFO,D,20151119,000000,11.646,11.646,11.646,11.646,8023,0
MFO,D,20151120,000000,11.543,11.683,11.357,11.683,6127,0
MFO,D,20151123,000000,11.683,11.683,11.683,11.683,431,0
MFO,D,20151124,000000,11.683,11.907,11.171,11.637,2257,0
MFO,D,20151125,000000,11.637,11.637,11.637,11.637,1,0
MFO,D,20151126,000000,11.627,11.627,11.627,11.627,1,0
MFO,D,20151127,000000,11.497,11.497,11.497,11.497,1,0
MFO,D,20151130,000000,11.18,11.18,11.18,11.18,90,0
MFO,D,20151201,000000,11.497,11.497,11.18,11.18,683,0
MFO,D,20151202,000000,11.497,11.497,11.497,11.497,1,0
MFO,D,20151203,000000,11.18,11.18,11.18,11.18,53,0
MFO,D,20151204,000000,11.488,11.488,11.18,11.18,200,0
MFO,D,20151207,000000,11.18,11.18,11.18,11.18,2207,0
MFO,D,20151208,000000,11.078,11.078,11.078,11.078,311,0
MFO,D,20151210,000000,11.078,11.078,11.078,11.078,233,0
MFO,D,20151211,000000,11.227,11.227,11.227,11.227,5,0
MFO,D,20151214,000000,10.697,10.697,10.24,10.697,1600,0
MFO,D,20151215,000000,10.687,11.162,10.687,11.162,978,0
MFO,D,20151216,000000,10.705,11.254,10.705,11.254,182,0
MFO,D,20151221,000000,10.734,11.208,10.734,11.208,860,0
MFO,D,20151222,000000,10.743,11.171,10.743,11.171,2668,0
MFO,D,20151223,000000,11.218,11.627,11.218,11.627,1813,0
MFO,D,20151228,000000,11.488,11.534,11.171,11.534,2695,0
MFO,D,20151229,000000,11.59,11.609,11.59,11.599,1174,0
MFO,D,20151230,000000,11.199,11.609,11.19,11.609,635,0
MFO,D,20160104,000000,11.199,11.199,11.199,11.199,50,0
MFO,D,20160105,000000,11.618,11.618,11.618,11.618,1,0
MFO,D,20160107,000000,11.199,11.543,11.199,11.543,101,0
MFO,D,20160111,000000,11.534,11.534,11.534,11.534,107,0
MFO,D,20160112,000000,11.543,11.543,11.543,11.543,10,0
MFO,D,20160113,000000,11.543,11.543,11.171,11.19,915,0
MFO,D,20160114,000000,10.798,11.153,10.659,11.153,1158,0
MFO,D,20160118,000000,10.714,11.171,10.714,11.171,222,0
MFO,D,20160119,000000,11.171,11.171,11.171,11.171,31,0
MFO,D,20160120,000000,10.714,11.05,10.557,11.05,3425,0
MFO,D,20160121,000000,11.05,11.05,11.05,11.05,1,0
MFO,D,20160122,000000,10.548,11.524,10.548,11.524,538,0
MFO,D,20160125,000000,10.548,10.548,10.548,10.548,194,0
MFO,D,20160126,000000,10.548,10.548,10.435,10.473,1976,0
MFO,D,20160127,000000,10.984,10.984,10.984,10.984,1,0
MFO,D,20160128,000000,10.975,10.975,10.975,10.975,1,0
MFO,D,20160129,000000,11.153,11.153,10.426,11.153,4229,0
MFO,D,20160204,000000,11.162,11.162,11.162,11.162,1,0
MFO,D,20160205,000000,10.473,11.171,10.473,11.171,3911,0
MFO,D,20160208,000000,11.171,11.171,10.892,10.938,8606,0
MFO,D,20160209,000000,11.171,11.171,11.171,11.171,1,0
MFO,D,20160210,000000,11.432,11.432,11.432,11.432,21,0
MFO,D,20160215,000000,11.357,11.357,11.357,11.357,1,0
MFO,D,20160216,000000,11.293,11.293,10.892,10.892,7,0
MFO,D,20160217,000000,10.892,10.892,10.705,10.705,1764,0
MFO,D,20160218,000000,10.714,10.714,10.714,10.714,130,0
MFO,D,20160219,000000,10.798,10.798,10.798,10.798,53709,0
MFO,D,20160222,000000,10.892,10.892,10.892,10.892,105,0
MFO,D,20160223,000000,10.892,11.384,10.892,11.384,83445,0
MFO,D,20160226,000000,10.984,10.984,10.482,10.482,29,0
MFO,D,20160229,000000,10.594,11.162,10.594,11.162,1227,0
MFO,D,20160302,000000,11.162,11.162,11.162,11.162,1,0
MFO,D,20160303,000000,11.394,11.394,11.394,11.394,1,0
MFO,D,20160304,000000,11.171,11.171,11.171,11.171,107,0
MFO,D,20160307,000000,11.171,11.171,11.171,11.171,1,0
MFO,D,20160308,000000,11.134,11.394,11.134,11.394,1536,0
MFO,D,20160309,000000,11.394,11.394,11.394,11.394,1,0
MFO,D,20160310,000000,11.384,11.384,11.384,11.384,10,0
MFO,D,20160311,000000,11.357,11.357,11.357,11.357,34,0
MFO,D,20160314,000000,11.394,11.394,11.394,11.394,10,0
MFO,D,20160315,000000,11.357,11.357,10.91,10.91,12,0
MFO,D,20160316,000000,11.357,11.357,11.357,11.357,10,0
MFO,D,20160317,000000,11.357,11.357,10.984,11.357,3145,0
MFO,D,20160318,000000,11.618,12.103,11.618,12.093,6644,0
MFO,D,20160321,000000,12.009,12.009,11.813,11.99,1210,0
MFO,D,20160322,000000,11.916,12.103,11.916,12.103,2596,0
MFO,D,20160323,000000,12.103,12.986,11.869,12.605,5767,0
MFO,D,20160324,000000,11.916,12.614,11.916,12.605,861,0
MFO,D,20160329,000000,12.568,12.568,12.568,12.568,5,0
MFO,D,20160330,000000,12.568,12.568,12.568,12.568,10,0
MFO,D,20160331,000000,12.568,12.568,12.568,12.568,160,0
MFO,D,20160401,000000,12.568,12.707,12.568,12.707,5095,0
MFO,D,20160404,000000,12.725,12.986,12.725,12.986,200,0
MFO,D,20160405,000000,12.725,12.995,12.717,12.717,2658,0
MFO,D,20160406,000000,12.661,12.931,12.661,12.931,34,0
MFO,D,20160407,000000,12.847,12.847,12.847,12.847,5,0
MFO,D,20160408,000000,12.828,12.931,12.828,12.931,6,0
MFO,D,20160412,000000,12.753,12.753,12.753,12.753,315,0
MFO,D,20160413,000000,12.381,12.381,12.103,12.289,1188,0
MFO,D,20160414,000000,12.381,12.419,12.381,12.419,2363,0
MFO,D,20160415,000000,12.419,12.419,12.381,12.381,806,0
MFO,D,20160418,000000,12.289,12.289,12.289,12.289,5,0
MFO,D,20160419,000000,12.289,12.289,12.289,12.289,816,0
MFO,D,20160420,000000,12.195,12.195,11.869,11.916,5545,0
MFO,D,20160421,000000,12.753,12.753,11.423,12.39,4031,0
MFO,D,20160422,000000,12.39,12.39,12.39,12.39,107,0
MFO,D,20160425,000000,12.39,12.39,12.39,12.39,2,0
MFO,D,20160426,000000,12.39,12.39,12.39,12.39,2,0
MFO,D,20160427,000000,12.521,13.024,12.521,12.847,6850,0
MFO,D,20160428,000000,12.855,13.033,12.855,13.033,5694,0
MFO,D,20160429,000000,13.079,13.498,13.079,13.498,4903,0
MFO,D,20160502,000000,13.248,13.945,13.248,13.945,580,0
MFO,D,20160504,000000,13.861,15.239,13.684,14.895,4466,0
MFO,D,20160505,000000,14.895,15.034,14.727,14.802,858,0
MFO,D,20160506,000000,14.793,14.793,14.755,14.755,56,0
MFO,D,20160509,000000,14.68,14.68,14.168,14.43,194,0
MFO,D,20160510,000000,14.113,14.383,14.113,14.383,1089,0
MFO,D,20160511,000000,14.113,14.113,14.113,14.113,464,0
MFO,D,20160512,000000,14.336,14.336,13.964,14.327,66,0
MFO,D,20160513,000000,14.364,14.364,13.768,13.918,2740,0
MFO,D,20160516,000000,13.824,13.918,13.824,13.824,2001,0
MFO,D,20160517,000000,13.712,13.918,13.712,13.731,1806,0
MFO,D,20160518,000000,13.918,13.918,13.918,13.918,10,0
MFO,D,20160519,000000,13.704,13.704,13.675,13.684,1218,0
MFO,D,20160520,000000,13.684,13.918,13.684,13.918,21,0
MFO,D,20160523,000000,13.898,13.898,13.898,13.898,3,0
MFO,D,20160524,000000,13.87,13.87,13.87,13.87,5,0
MFO,D,20160525,000000,13.368,13.861,13.368,13.861,18,0
MFO,D,20160527,000000,13.87,14.28,13.87,14.28,14216,0
MFO,D,20160530,000000,13.843,14.15,13.843,14.15,1132,0
MFO,D,20160531,000000,14.15,14.15,13.684,14.15,16,0
MFO,D,20160601,000000,13.526,14.15,13.526,14.15,10,0
MFO,D,20160602,000000,14.15,14.15,13.964,13.964,2162,0
MFO,D,20160603,000000,14.104,14.104,14.104,14.104,107,0
MFO,D,20160606,000000,14.104,14.15,14.104,14.15,743,0
MFO,D,20160607,000000,14.113,14.113,14.104,14.104,123,0
MFO,D,20160608,000000,14.104,14.104,14.104,14.104,81,0
MFO,D,20160609,000000,14.15,14.15,13.964,14.094,22783,0
MFO,D,20160613,000000,13.778,13.778,12.855,13.768,2149,0
MFO,D,20160615,000000,13.359,13.359,13.359,13.359,5,0
MFO,D,20160616,000000,12.986,12.995,12.753,12.847,2155,0
MFO,D,20160617,000000,12.838,12.838,12.838,12.838,70,0
MFO,D,20160620,000000,12.409,12.838,12.399,12.838,2200,0
MFO,D,20160621,000000,12.838,13.312,12.661,13.312,99566,0
MFO,D,20160622,000000,13.312,13.312,13.312,13.312,441,0
MFO,D,20160623,000000,13.312,13.405,13.312,13.405,1065,0
MFO,D,20160624,000000,12.112,13.033,12.112,13.033,1867,0
MFO,D,20160627,000000,12.717,13.964,12.717,13.964,57765,0
MFO,D,20160628,000000,13.964,14.336,13.964,14.244,3971,0
MFO,D,20160629,000000,14.401,14.802,14.401,14.802,2718,0
MFO,D,20160630,000000,14.802,15.202,14.709,14.895,6658,0
MFO,D,20160701,000000,14.895,14.895,14.783,14.895,2858,0
MFO,D,20160704,000000,14.895,15.202,14.876,15.202,734,0
MFO,D,20160705,000000,15.08,15.351,15.08,15.259,2682,0
MFO,D,20160706,000000,15.266,15.825,15.09,15.546,10042,0
MFO,D,20160707,000000,16.44,16.44,15.825,16.049,1701,0
MFO,D,20160708,000000,16.105,16.44,15.733,15.919,1182,0
MFO,D,20160711,000000,15.825,16.011,15.649,16.011,1268,0
MFO,D,20160712,000000,16.011,16.011,15.733,15.965,490,0
MFO,D,20160713,000000,15.816,15.965,15.816,15.965,127,0
MFO,D,20160714,000000,15.686,15.965,15.668,15.825,681,0
MFO,D,20160715,000000,15.649,15.649,15.136,15.174,5697,0
MFO,D,20160718,000000,15.146,15.351,15.09,15.323,2051,0
MFO,D,20160719,000000,15.174,15.621,15.136,15.621,749,0
MFO,D,20160720,000000,15.369,15.621,15.36,15.36,447,0
MFO,D,20160721,000000,15.406,16.999,15.406,16.999,153490,0
MFO,D,20160722,000000,17.222,17.687,17.222,17.687,17945,0
MFO,D,20160725,000000,17.679,17.679,17.222,17.417,1172,0
MFO,D,20160726,000000,17.501,18.05,17.324,18.05,15349,0
MFO,D,20160727,000000,18.376,18.376,17.976,17.976,6559,0
MFO,D,20160728,000000,17.949,17.949,17.222,17.939,28312,0
MFO,D,20160729,000000,17.316,17.687,17.222,17.687,2952,0
MFO,D,20160801,000000,17.687,17.687,16.301,17.214,8218,0
MFO,D,20160802,000000,16.495,17.026,16.319,16.384,2233,0
MFO,D,20160803,000000,17.214,17.214,17.214,17.214,1,0
MFO,D,20160804,000000,17.12,17.13,17.12,17.13,405,0
MFO,D,20160805,000000,17.214,17.214,16.766,17.214,807,0
MFO,D,20160808,000000,16.99,17.082,16.99,17.082,151,0
MFO,D,20160809,000000,16.775,17.082,16.775,17.054,695,0
MFO,D,20160810,000000,17.026,17.036,17.026,17.036,166,0
MFO,D,20160811,000000,17.036,17.687,17.036,17.687,1771,0
MFO,D,20160812,000000,17.501,18.152,17.408,18.152,30557,0
MFO,D,20160816,000000,18.05,18.152,17.966,18.106,2182,0
MFO,D,20160817,000000,18.05,18.106,18.042,18.106,1014,0
MFO,D,20160818,000000,18.096,18.096,18.096,18.096,32,0
MFO,D,20160819,000000,17.827,18.05,17.827,18.05,104,0
MFO,D,20160822,000000,18.05,18.525,18.05,18.47,30866,0
MFO,D,20160823,000000,18.451,18.46,17.966,18.339,3243,0
MFO,D,20160824,000000,18.442,18.619,18.116,18.619,834,0
MFO,D,20160825,000000,18.581,18.581,18.581,18.581,107,0
MFO,D,20160826,000000,18.488,18.581,18.488,18.581,12980,0
MFO,D,20160829,000000,18.739,19.541,18.581,18.628,19621,0
MFO,D,20160830,000000,18.861,18.889,18.619,18.619,14080,0
MFO,D,20160831,000000,18.805,18.907,18.619,18.907,3124,0
MFO,D,20160901,000000,19.085,19.541,18.712,18.73,4283,0
MFO,D,20160902,000000,19.167,19.735,18.721,19.735,6128,0
MFO,D,20160905,000000,19.707,19.707,19.177,19.55,617,0
MFO,D,20160906,000000,19.187,19.447,18.805,19.447,1424,0
MFO,D,20160907,000000,19.41,19.41,18.815,19.354,1861,0
MFO,D,20160908,000000,19.41,19.55,19.345,19.541,20984,0
MFO,D,20160909,000000,19.494,19.494,18.619,19.401,26012,0
MFO,D,20160912,000000,19.085,20.48,19.085,19.996,11304,0
MFO,D,20160913,000000,19.96,19.96,19.55,19.55,1484,0
MFO,D,20160914,000000,19.363,19.363,18.954,19.363,141,0
MFO,D,20160915,000000,19.009,19.354,18.991,19.354,3115,0
MFO,D,20160916,000000,19.093,19.093,19.075,19.075,431,0
MFO,D,20160919,000000,19.102,19.354,18.907,19.354,12461,0
MFO,D,20160920,000000,19.167,19.167,19.075,19.075,417,0
MFO,D,20160921,000000,19.075,19.075,18.619,18.619,775,0
MFO,D,20160922,000000,18.898,19.037,18.898,19.037,4466,0
MFO,D,20160923,000000,19.55,19.55,18.991,18.991,762,0
MFO,D,20160926,000000,18.805,18.991,18.712,18.991,401,0
MFO,D,20160927,000000,18.991,18.991,18.712,18.898,105,0
MFO,D,20160928,000000,18.991,18.991,18.991,18.991,2,0
MFO,D,20160929,000000,18.712,18.991,18.712,18.991,15,0
MFO,D,20160930,000000,19.541,19.541,18.665,18.981,329,0
MFO,D,20161003,000000,19.55,19.55,19.177,19.177,339,0
MFO,D,20161004,000000,18.991,19.55,18.991,19.065,1923,0
MFO,D,20161005,000000,19.065,19.065,18.619,18.945,754,0
MFO,D,20161006,000000,18.945,18.972,18.945,18.972,226,0
MFO,D,20161007,000000,18.981,18.981,18.889,18.898,3919,0
MFO,D,20161010,000000,18.991,18.991,18.619,18.898,21653,0
MFO,D,20161011,000000,18.619,18.945,18.619,18.945,510,0
MFO,D,20161012,000000,18.981,18.981,17.324,18.152,24453,0
MFO,D,20161013,000000,18.152,18.945,18.152,18.712,35948,0
MFO,D,20161014,000000,18.712,18.898,18.712,18.851,5478,0
MFO,D,20161017,000000,18.2,18.842,18.2,18.842,1298,0
MFO,D,20161018,000000,18.619,18.842,18.619,18.665,40243,0
MFO,D,20161019,000000,18.665,19.41,18.665,19.41,1549,0
MFO,D,20161020,000000,19.401,20.331,19.401,19.829,7380,0
MFO,D,20161021,000000,19.82,20.237,19.82,20.191,1823,0
MFO,D,20161024,000000,20.201,20.331,20.201,20.331,3676,0
MFO,D,20161025,000000,20.387,20.424,20.387,20.424,16,0
MFO,D,20161026,000000,20.377,20.377,19.531,20.377,74965,0
MFO,D,20161027,000000,20.294,20.294,20.145,20.145,109,0
MFO,D,20161028,000000,20.145,20.145,20.107,20.107,214,0
MFO,D,20161031,000000,20.107,20.107,20.015,20.015,290,0
MFO,D,20161102,000000,18.721,19.968,18.721,19.224,10116,0
MFO,D,20161103,000000,19.735,19.921,18.758,19.921,40768,0
MFO,D,20161104,000000,19.093,19.735,18.805,19.735,30482,0
MFO,D,20161107,000000,19.085,19.643,18.805,19.633,884,0
MFO,D,20161108,000000,19.717,20.006,19.55,19.55,3691,0
MFO,D,20161109,000000,19.177,19.596,19.177,19.596,16294,0
MFO,D,20161110,000000,19.596,20.015,19.596,20.015,300,0
MFO,D,20161114,000000,20.48,21.281,20.015,21.281,58764,0
MFO,D,20161115,000000,21.216,21.216,21.104,21.104,1122,0
MFO,D,20161116,000000,21.095,21.216,20.48,20.946,23195,0
MFO,D,20161117,000000,20.946,21.039,20.294,21.039,26902,0
MFO,D,20161118,000000,21.03,21.03,20.23,20.992,868,0
MFO,D,20161121,000000,20.992,21.188,20.778,20.778,6357,0
MFO,D,20161122,000000,20.992,21.132,20.88,21.039,815,0
MFO,D,20161123,000000,21.03,21.039,21.03,21.039,161,0
MFO,D,20161124,000000,21.039,21.197,20.787,21.132,1997,0
MFO,D,20161125,000000,21.216,21.216,20.992,21.122,860,0
MFO,D,20161128,000000,21.216,21.216,20.852,21.03,2545,0
MFO,D,20161129,000000,21.039,21.122,20.76,21.086,1657,0
MFO,D,20161130,000000,21.122,21.122,20.946,21.104,483,0
MFO,D,20161201,000000,20.787,20.992,20.686,20.983,2569,0
MFO,D,20161202,000000,21.113,21.113,21.113,21.113,1,0
MFO,D,20161205,000000,21.104,21.132,20.862,21.086,5214,0
MFO,D,20161206,000000,21.206,21.206,21.122,21.132,5463,0
MFO,D,20161207,000000,21.132,22.221,21.132,21.551,8794,0
MFO,D,20161208,000000,21.551,22.231,21.243,21.412,2975,0
MFO,D,20161209,000000,21.961,21.961,21.318,21.635,3817,0
MFO,D,20161212,000000,22.156,22.333,21.57,22.156,5655,0
MFO,D,20161213,000000,22.062,22.305,22.062,22.287,10244,0
MFO,D,20161214,000000,22.287,22.287,21.877,22.241,1522,0
MFO,D,20161215,000000,22.212,22.212,21.923,22.045,6777,0
MFO,D,20161216,000000,21.914,22.305,21.895,22.305,1770,0
MFO,D,20161219,000000,21.708,23.832,21.708,23.273,22716,0
MFO,D,20161220,000000,23.283,23.739,23.283,23.739,2838,0
MFO,D,20161221,000000,23.832,23.897,23.376,23.516,19852,0
MFO,D,20161222,000000,23.553,23.553,23.376,23.553,16648,0
MFO,D,20161223,000000,23.553,23.553,23.553,23.553,76,0
MFO,D,20161227,000000,23.283,23.553,23.18,23.553,5830,0
MFO,D,20161228,000000,23.273,23.776,23.273,23.553,15192,0
MFO,D,20161229,000000,23.832,24.576,23.832,24.558,1682,0
MFO,D,20161230,000000,24.558,24.558,24.204,24.539,3029,0
MFO,D,20170102,000000,24.568,24.856,24.213,24.856,1300,0
MFO,D,20170103,000000,24.864,24.892,23.85,24.892,34500,0
MFO,D,20170104,000000,24.892,24.892,24.576,24.762,245,0
MFO,D,20170105,000000,24.762,24.762,24.018,24.661,3195,0
MFO,D,20170109,000000,24.651,24.651,24.529,24.529,765,0
MFO,D,20170110,000000,24.529,24.661,24.529,24.576,2028,0
MFO,D,20170111,000000,24.576,24.576,23.553,23.925,2022,0
MFO,D,20170112,000000,23.925,24.112,23.925,24.112,3163,0
MFO,D,20170113,000000,23.663,23.739,23.459,23.739,772,0
MFO,D,20170116,000000,24.483,24.642,24.278,24.632,1338,0
MFO,D,20170117,000000,24.632,24.642,24.297,24.576,2634,0
MFO,D,20170118,000000,24.614,24.623,24.604,24.604,916,0
MFO,D,20170119,000000,24.576,25.368,24.576,25.321,51949,0
MFO,D,20170120,000000,25.507,25.927,25.507,25.927,6133,0
MFO,D,20170123,000000,25.787,27.342,25.787,26.997,16357,0
MFO,D,20170124,000000,27.276,27.276,26.569,27.183,2664,0
MFO,D,20170125,000000,27.145,28.477,26.997,28.43,26592,0
MFO,D,20170126,000000,28.756,28.756,27.462,28.487,13792,0
MFO,D,20170127,000000,28.644,28.859,28.3,28.487,22816,0
MFO,D,20170130,000000,28.85,29.044,28.487,28.952,5172,0
MFO,D,20170131,000000,29.315,29.696,28.403,29.696,5939,0
MFO,D,20170201,000000,29.696,29.789,29.147,29.679,2991,0
MFO,D,20170202,000000,29.603,29.65,27.974,29.65,2675,0
MFO,D,20170203,000000,29.044,30.097,28.952,29.883,13813,0
MFO,D,20170206,000000,30.134,31,29.883,31,26229,0
MFO,D,20170207,000000,31.158,31.456,30.721,31,1119,0
MFO,D,20170208,000000,31,31.651,30.628,31.651,82426,0
MFO,D,20170209,000000,31.651,32.34,30.721,30.721,5211,0
MFO,D,20170210,000000,31.95,31.95,31,31.55,1850,0
MFO,D,20170213,000000,31.465,31.866,29.975,31.651,3985,0
MFO,D,20170214,000000,31.726,31.726,31.009,31.651,6984,0
MFO,D,20170215,000000,31.186,31.688,31.186,31.465,8726,0
MFO,D,20170216,000000,31.474,31.624,31.102,31.558,38284,0
MFO,D,20170217,000000,31.13,31.13,29.044,30.609,3800,0
MFO,D,20170220,000000,30.628,31.54,30.628,31.54,1070,0
MFO,D,20170221,000000,31.54,31.54,30.721,31.53,11241,0
MFO,D,20170222,000000,31.511,31.511,30.814,31.009,1285,0
MFO,D,20170223,000000,31.009,31.094,31,31,1868,0
MFO,D,20170224,000000,30.814,30.814,30.637,30.721,11462,0
MFO,D,20170227,000000,29.203,30.711,29.175,30.711,2053,0
MFO,D,20170228,000000,29.809,30.711,29.799,30.711,2048,0
MFO,D,20170301,000000,30.721,30.721,29.929,29.985,307,0
MFO,D,20170302,000000,29.985,30.674,29.324,29.789,1959,0
MFO,D,20170303,000000,30.628,30.628,29.789,30.255,268,0
MFO,D,20170306,000000,29.789,29.789,29.789,29.789,405,0
MFO,D,20170307,000000,29.324,30.721,29.044,29.044,1156,0
MFO,D,20170308,000000,28.654,28.859,27.015,28.3,25274,0
MFO,D,20170309,000000,28.3,28.3,27.555,28.235,30595,0
MFO,D,20170310,000000,28.859,28.859,28.16,28.16,189,0
MFO,D,20170313,000000,28.16,28.208,27.751,28.208,1468,0
MFO,D,20170314,000000,28.58,30.525,28.58,30.525,694,0
MFO,D,20170315,000000,30.209,30.907,28.859,30.162,19391,0
MFO,D,20170316,000000,30.348,30.348,28.048,28.868,300,0
MFO,D,20170317,000000,28.952,29.995,28.952,29.995,123,0
MFO,D,20170320,000000,28.766,29.696,28.766,29.696,1991,0
MFO,D,20170321,000000,29.789,30.023,29.324,29.669,2083,0
MFO,D,20170322,000000,29.296,32.47,29.23,32.47,3790,0
MFO,D,20170323,000000,32.116,32.116,30.721,31.651,2006,0
MFO,D,20170324,000000,31.651,31.651,31.372,31.596,327,0
MFO,D,20170327,000000,31.754,31.754,30.413,30.423,1474,0
MFO,D,20170328,000000,31.094,31.094,30.479,30.721,1224,0
MFO,D,20170329,000000,30.721,30.721,30.293,30.721,1210,0
MFO,D,20170330,000000,30.488,30.488,29.864,30.255,1396,0
MFO,D,20170331,000000,30.255,30.628,29.789,30.059,2470,0
MFO,D,20170403,000000,27.928,29.789,26.177,29.789,14431,0
MFO,D,20170404,000000,28.868,29.789,28.868,29.789,13266,0
MFO,D,20170405,000000,29.789,30.05,29.789,30.05,578,0
MFO,D,20170407,000000,29.975,30.721,29.975,30.721,1625,0
MFO,D,20170410,000000,29.91,30.143,29.809,29.809,493,0
MFO,D,20170411,000000,29.715,30.023,29.715,30.023,219,0
MFO,D,20170412,000000,30.301,30.879,28.859,30.701,4249,0
MFO,D,20170413,000000,30.701,30.701,29.296,29.696,422,0
MFO,D,20170418,000000,30.228,30.228,29.324,29.78,732,0
MFO,D,20170419,000000,29.687,29.687,29.157,29.157,295,0
MFO,D,20170420,000000,28.859,29.789,28.859,29.324,1524,0
MFO,D,20170421,000000,30.255,30.255,29.044,30.255,22,0
MFO,D,20170424,000000,30.255,30.255,30.255,30.255,542,0
MFO,D,20170425,000000,30.255,30.404,30.255,30.404,281,0
MFO,D,20170426,000000,29.017,30.255,29.017,29.995,554,0
MFO,D,20170427,000000,30.404,30.721,30.404,30.721,2288,0
MFO,D,20170428,000000,31.465,31.651,31.279,31.651,1988,0
MFO,D,20170502,000000,31.66,32.582,31.66,32.489,792,0
MFO,D,20170504,000000,32.582,32.582,32.489,32.489,668,0
MFO,D,20170505,000000,31.93,34.92,31.93,34.92,6615,0
MFO,D,20170508,000000,35.422,38.54,35.422,37.023,23568,0
MFO,D,20170509,000000,39.182,40.03,36.306,36.306,1738,0
MFO,D,20170510,000000,35.43,38.112,35.096,36.771,1246,0
MFO,D,20170511,000000,38.112,38.167,36.771,37.237,1806,0
MFO,D,20170512,000000,37.227,38.773,37.143,38.624,10643,0
MFO,D,20170515,000000,38.801,42.654,38.801,41.603,64750,0
MFO,D,20170516,000000,41.519,41.892,39.098,40.681,13612,0
MFO,D,20170517,000000,41.892,41.984,39.546,39.778,1487,0
MFO,D,20170518,000000,39.108,40.961,38.177,38.177,16701,0
MFO,D,20170519,000000,38.568,42.311,38.568,42.264,2685,0
MFO,D,20170522,000000,42.302,43.753,41.333,42.822,50108,0
MFO,D,20170523,000000,42.832,42.832,39.844,41.892,4043,0
MFO,D,20170524,000000,41.882,42.236,41.473,42.162,10091,0
MFO,D,20170525,000000,41.473,42.134,41.473,42.134,895,0
MFO,D,20170526,000000,42.152,42.152,41.892,42.115,8329,0
MFO,D,20170529,000000,41.892,42.115,41.882,42.115,294,0
MFO,D,20170530,000000,42.068,42.068,42.012,42.012,756,0
MFO,D,20170531,000000,42.068,42.776,41.017,42.776,6800,0
MFO,D,20170601,000000,42.776,42.776,40.309,41.073,7606,0
MFO,D,20170602,000000,41.426,41.882,41.091,41.873,1047,0
MFO,D,20170605,000000,42.282,42.282,41.882,41.919,3433,0
MFO,D,20170606,000000,41.984,42.254,41.892,42.218,9749,0
MFO,D,20170607,000000,42.218,42.227,41.984,42.227,313,0
MFO,D,20170608,000000,42.236,42.236,40.812,42.124,1313,0
MFO,D,20170609,000000,42.124,42.124,42.124,42.124,2,0
MFO,D,20170612,000000,42.124,42.124,41.101,41.659,369,0
MFO,D,20170613,000000,41.798,41.798,41.426,41.426,94,0
MFO,D,20170614,000000,41.892,41.892,37.683,37.683,6780,0
MFO,D,20170616,000000,37.656,37.703,35.98,37.703,2431,0
MFO,D,20170619,000000,37.703,37.703,35.98,35.999,1299,0
MFO,D,20170620,000000,35.98,38.167,35.98,38.167,1233,0
MFO,D,20170621,000000,39.006,39.006,38.912,39.006,131,0
MFO,D,20170622,000000,38.996,38.996,37.377,38.959,1225,0
MFO,D,20170623,000000,39.052,39.052,39.006,39.006,135,0
MFO,D,20170626,000000,39.006,39.006,38.177,38.996,451,0
MFO,D,20170627,000000,38.996,38.996,37.731,38.996,66,0
MFO,D,20170628,000000,38.996,38.996,37.796,38.922,88,0
MFO,D,20170629,000000,38.327,39.602,38.233,39.602,249,0
MFO,D,20170630,000000,39.602,39.649,38.705,39.649,187,0
MFO,D,20170703,000000,40.537,40.537,38.667,39.838,754,0
MFO,D,20170704,000000,39.838,39.838,37.223,37.855,1710,0
MFO,D,20170705,000000,39.554,39.554,36.817,37.855,310,0
MFO,D,20170706,000000,39.554,39.554,37.289,39.554,113,0
MFO,D,20170707,000000,39.554,39.554,36.817,39.365,388,0
MFO,D,20170710,000000,39.554,39.554,37.949,39.365,222,0
MFO,D,20170711,000000,38.79,38.79,37.902,37.902,118,0
MFO,D,20170712,000000,38.705,38.705,37.195,37.902,273,0
MFO,D,20170713,000000,38.79,38.79,36.344,37.128,333,0
MFO,D,20170714,000000,37.118,38.705,37.118,38.705,44,0
MFO,D,20170717,000000,36.798,37.459,36.156,37.459,781,0
MFO,D,20170718,000000,37.439,37.439,35.873,36.344,601,0
MFO,D,20170719,000000,35.57,36.817,33.985,35.344,1591,0
MFO,D,20170720,000000,35.344,35.344,32.946,32.946,1066,0
MFO,D,20170721,000000,32.946,34.079,32.946,33.88,867,0
MFO,D,20170724,000000,33.89,33.89,33.05,33.315,1261,0
MFO,D,20170725,000000,33.89,33.89,33.315,33.89,95,0
MFO,D,20170726,000000,33.154,34.928,33.069,34.551,1605,0
MFO,D,20170727,000000,35.117,36.251,35.117,36.251,1155,0
MFO,D,20170728,000000,36.628,36.628,35.59,36.279,416,0
MFO,D,20170731,000000,36.279,36.279,35.618,36.052,591,0
MFO,D,20170801,000000,36.288,36.288,35.41,35.873,420,0
MFO,D,20170802,000000,36.251,36.251,33.475,33.531,2597,0
MFO,D,20170803,000000,34.362,34.362,33.985,34.362,364,0
MFO,D,20170804,000000,34.362,35.391,34.362,35.391,382,0
MFO,D,20170807,000000,35.278,35.278,34.928,35.259,50,0
MFO,D,20170808,000000,35.259,35.259,34.928,35.259,136,0
MFO,D,20170809,000000,34.928,34.928,34.928,34.928,87,0
MFO,D,20170810,000000,34.551,34.551,33.579,34.457,226,0
MFO,D,20170811,000000,34.532,34.532,33.531,34.522,114,0
MFO,D,20170814,000000,34.532,34.532,33.985,34.504,45,0
MFO,D,20170816,000000,34.494,34.778,32.21,34.778,2425,0
MFO,D,20170817,000000,34.221,34.778,33.135,33.135,564,0
MFO,D,20170818,000000,33.031,34.759,32.191,34.759,13546,0
MFO,D,20170821,000000,34.759,35.391,34.759,35.391,821,0
MFO,D,20170822,000000,35.533,35.533,35.533,35.533,127,0
MFO,D,20170823,000000,35.533,35.533,35.401,35.401,33,0
MFO,D,20170824,000000,35.212,35.212,34.013,34.457,636,0
MFO,D,20170825,000000,34.457,34.457,34.447,34.457,146,0
MFO,D,20170828,000000,34.447,34.447,32.852,33.513,368,0
MFO,D,20170829,000000,33.513,33.513,31.152,33.513,2950,0
MFO,D,20170830,000000,33.504,33.504,32.2,33.504,138,0
MFO,D,20170831,000000,33.975,33.975,32.568,33.966,697,0
MFO,D,20170901,000000,33.966,33.966,33.05,33.494,214,0
MFO,D,20170904,000000,32.38,32.38,31.19,31.304,2964,0
MFO,D,20170905,000000,31.304,32.361,31.304,32.361,1958,0
MFO,D,20170906,000000,32.361,32.361,32.097,32.285,192,0
MFO,D,20170907,000000,32.285,32.285,31.2,32.097,2094,0
MFO,D,20170908,000000,31.2,31.625,31.2,31.625,397,0
MFO,D,20170911,000000,31.578,31.578,30.681,30.681,1031,0
MFO,D,20170912,000000,31.105,31.105,28.32,28.793,2167,0
MFO,D,20170913,000000,28.604,30.274,27.197,30.274,2642,0
MFO,D,20170914,000000,31.105,31.105,30.728,31.058,184,0
MFO,D,20170915,000000,31.058,31.058,29.963,31.058,183,0
MFO,D,20170918,000000,30.822,30.822,29.765,29.765,1165,0
MFO,D,20170919,000000,29.765,29.765,29.765,29.765,2,0
MFO,D,20170920,000000,29.765,29.765,29.274,29.736,1788,0
MFO,D,20170921,000000,29.736,29.736,29.331,29.736,2053,0
MFO,D,20170922,000000,29.736,30.822,29.274,30.822,1043,0
MFO,D,20170925,000000,30.822,31.625,30.822,31.625,1281,0
MFO,D,20170926,000000,31.625,34.173,31.625,34.173,1574,0
MFO,D,20170927,000000,34.164,37.147,34.164,35.854,3588,0
MFO,D,20170928,000000,35.863,35.863,34.268,35.863,344,0
MFO,D,20170929,000000,36.316,36.316,34.74,36.316,912,0
MFO,D,20171002,000000,36.336,36.336,33.796,36.336,2594,0
MFO,D,20171003,000000,36.326,36.326,35.873,35.873,161,0
MFO,D,20171004,000000,36.326,36.326,34.928,35.401,474,0
MFO,D,20171005,000000,35.883,35.883,35.826,35.826,55,0
MFO,D,20171006,000000,35.873,35.873,35.873,35.873,2,0
MFO,D,20171009,000000,35.863,35.863,34.928,35.401,932,0
MFO,D,20171010,000000,35.844,35.844,34.664,35.826,656,0
MFO,D,20171011,000000,35.844,35.844,35.684,35.684,50,0
MFO,D,20171012,000000,35.844,35.844,35.844,35.844,1,0
MFO,D,20171013,000000,35.816,35.816,34.702,35.401,155,0
MFO,D,20171016,000000,35.391,35.816,34.928,35.816,834,0
MFO,D,20171017,000000,35.816,35.816,35.495,35.778,77,0
MFO,D,20171018,000000,35.816,35.816,34.928,35.401,55,0
MFO,D,20171019,000000,35.816,35.816,34.599,35.505,241,0
MFO,D,20171020,000000,35.59,35.59,33.796,34.589,1044,0
MFO,D,20171023,000000,34.589,34.599,33.994,34.599,528,0
MFO,D,20171024,000000,35.59,35.59,32.097,32.097,707,0
MFO,D,20171025,000000,31.53,32.106,30.973,31.814,1086,0
MFO,D,20171026,000000,30.747,31.794,30.747,31.719,681,0
MFO,D,20171027,000000,32.427,32.427,31.162,32.097,110,0
MFO,D,20171030,000000,31.162,31.785,31.162,31.785,115,0
MFO,D,20171031,000000,31.172,31.625,30.218,31.625,2619,0
MFO,D,20171102,000000,31.625,31.625,28.462,28.462,16009,0
MFO,D,20171103,000000,28.509,31.152,28.509,31.152,2830,0
MFO,D,20171106,000000,31.152,31.625,28.509,29.236,1686,0
MFO,D,20171107,000000,29.236,29.868,28.556,29.868,10996,0
MFO,D,20171108,000000,29.963,29.963,28.755,29.265,570,0
MFO,D,20171109,000000,30.199,30.199,28.556,29.539,3101,0
MFO,D,20171110,000000,29.539,29.539,28.566,29.265,1544,0
MFO,D,20171113,000000,31.143,31.143,29.265,29.265,154,0
MFO,D,20171114,000000,29.265,29.265,28.887,29.265,3648,0
MFO,D,20171115,000000,29.265,29.265,28.773,28.793,3091,0
MFO,D,20171116,000000,29.539,29.539,29.171,29.453,3404,0
MFO,D,20171117,000000,29.727,29.727,29.727,29.727,1,0
MFO,D,20171120,000000,29.727,30.209,29.265,30.209,500,0
MFO,D,20171121,000000,31.152,31.152,29.784,30.869,10802,0
MFO,D,20171122,000000,31.152,33.985,30.209,33.975,1863,0
MFO,D,20171123,000000,33.966,33.966,33.041,33.041,166,0
MFO,D,20171124,000000,33.041,33.937,33.041,33.937,1694,0
MFO,D,20171127,000000,33.966,33.966,33.041,33.88,11506,0
MFO,D,20171128,000000,33.966,33.966,32.805,32.805,370,0
MFO,D,20171129,000000,33.041,33.041,33.041,33.041,1,0
MFO,D,20171130,000000,33.937,33.937,32.805,33.041,66,0
MFO,D,20171201,000000,33.89,33.89,31.7,31.7,275,0
MFO,D,20171204,000000,33.041,33.041,31.814,31.814,35,0
MFO,D,20171205,000000,33.89,33.89,31.814,33.031,9316,0
MFO,D,20171206,000000,33.022,33.022,32.474,33.022,315,0
MFO,D,20171207,000000,32.984,32.984,32.097,32.559,4,0
MFO,D,20171208,000000,32.559,32.559,31.473,32.559,151,0
MFO,D,20171211,000000,32.937,32.937,32.55,32.55,461,0
MFO,D,20171212,000000,32.087,32.163,31.473,32.163,478,0
MFO,D,20171213,000000,32.163,32.163,31.152,31.152,850,0
MFO,D,20171214,000000,32.087,32.097,30.114,32.097,3773,0
MFO,D,20171215,000000,32.163,33.975,31.152,33.513,3048,0
MFO,D,20171218,000000,33.88,33.88,32.097,32.097,1637,0
MFO,D,20171219,000000,33.22,33.22,32.361,32.361,2,0
MFO,D,20171220,000000,33.787,33.787,31.332,31.332,392,0
MFO,D,20171221,000000,31.908,33.419,31.814,33.419,1595,0
MFO,D,20171222,000000,33.324,33.796,32.88,33.399,10930,0
MFO,D,20171227,000000,33.787,33.787,32.097,32.097,653,0
MFO,D,20171228,000000,32.899,32.899,32.097,32.899,358,0
MFO,D,20171229,000000,32.899,32.899,32.097,32.097,758,0
MFO,D,20180103,000000,32.097,33.985,32.097,33.985,170,0
MFO,D,20180104,000000,34.079,34.079,33.135,33.135,144,0
MFO,D,20180105,000000,33.135,33.135,33.041,33.135,50,0
MFO,D,20180108,000000,33.135,33.135,32.003,32.003,1027,0
MFO,D,20180109,000000,31.908,31.908,30.963,30.963,26,0
MFO,D,20180110,000000,31.152,31.341,31.152,31.341,168,0
MFO,D,20180111,000000,31.908,31.908,31.436,31.436,320,0
MFO,D,20180112,000000,31.908,31.908,31.908,31.908,1,0
MFO,D,20180115,000000,31.908,31.908,30.963,31.625,68,0
MFO,D,20180116,000000,31.908,32.568,31.625,32.568,425,0
MFO,D,20180117,000000,33.419,33.419,32.474,33.419,45,0
MFO,D,20180118,000000,32.568,32.852,31.814,32.852,95,0
MFO,D,20180119,000000,33.419,33.419,33.419,33.419,1,0
MFO,D,20180122,000000,32.568,32.568,31.436,32.38,637,0
MFO,D,20180123,000000,32.38,32.38,31.247,32.191,12,0
MFO,D,20180124,000000,32.191,32.191,32.191,32.191,2,0
MFO,D,20180125,000000,32.191,32.191,30.963,30.963,491,0
MFO,D,20180126,000000,31.247,32.003,30.398,31.719,2429,0
MFO,D,20180129,000000,31.719,32.097,31.719,32.097,802,0
MFO,D,20180130,000000,32.097,32.097,32.097,32.097,586,0
MFO,D,20180131,000000,32.097,32.097,32.097,32.097,2,0
MFO,D,20180201,000000,32.097,32.097,31.814,31.814,336,0
MFO,D,20180202,000000,31.908,31.908,30.209,30.963,500,0
MFO,D,20180205,000000,30.303,30.776,30.303,30.776,9,0
MFO,D,20180206,000000,29.359,30.587,29.265,30.587,1017,0
MFO,D,20180207,000000,31.436,31.436,30.681,31.436,723,0
MFO,D,20180208,000000,31.436,31.436,31.436,31.436,1,0
MFO,D,20180209,000000,30.303,31.152,30.303,31.152,54,0
MFO,D,20180212,000000,31.247,31.247,30.303,30.303,313,0
MFO,D,20180213,000000,31.152,31.152,31.152,31.152,1,0
MFO,D,20180214,000000,30.869,31.53,29.925,31.53,784,0
MFO,D,20180215,000000,31.719,31.908,31.625,31.719,6326,0
MFO,D,20180216,000000,33.041,33.041,30.963,30.963,174,0
MFO,D,20180219,000000,32.003,32.003,31.908,31.908,61,0
MFO,D,20180220,000000,32.568,32.568,31.908,31.908,6,0
MFO,D,20180221,000000,33.041,33.041,32.097,32.097,302,0
MFO,D,20180222,000000,32.852,32.852,31.53,31.908,184,0
MFO,D,20180223,000000,31.908,31.908,31.908,31.908,2,0
MFO,D,20180226,000000,31.908,31.908,31.719,31.908,108,0
MFO,D,20180227,000000,31.908,31.908,31.908,31.908,2,0
MFO,D,20180228,000000,31.908,31.908,30.776,31.152,1182,0
MFO,D,20180301,000000,31.719,31.719,31.719,31.719,2,0
MFO,D,20180302,000000,31.719,31.719,30.681,31.53,198,0
MFO,D,20180305,000000,31.53,31.53,30.587,31.341,60,0
MFO,D,20180306,000000,31.53,31.53,31.53,31.53,2,0
MFO,D,20180307,000000,31.152,31.152,29.453,30.209,581,0
MFO,D,20180308,000000,29.831,29.925,29.831,29.831,295,0
MFO,D,20180309,000000,29.547,29.642,29.547,29.642,54,0
MFO,D,20180312,000000,29.642,29.642,29.642,29.642,44,0
MFO,D,20180313,000000,29.547,29.831,29.547,29.831,52,0
MFO,D,20180314,000000,30.963,30.963,29.076,29.076,1897,0
MFO,D,20180315,000000,28.698,29.171,28.698,29.171,159,0
MFO,D,20180316,000000,29.831,30.02,29.831,30.02,129,0
MFO,D,20180319,000000,30.114,30.114,28.982,28.982,60,0
MFO,D,20180320,000000,28.982,29.736,28.982,29.736,1061,0
MFO,D,20180321,000000,30.209,30.209,30.209,30.209,227,0
MFO,D,20180322,000000,30.492,30.963,30.398,30.963,116,0
MFO,D,20180323,000000,30.681,30.681,29.642,30.681,37,0
MFO,D,20180326,000000,30.681,30.681,30.681,30.681,2,0
MFO,D,20180327,000000,30.681,30.681,30.209,30.492,5,0
MFO,D,20180328,000000,30.681,30.681,29.265,30.209,679,0
MFO,D,20180329,000000,29.265,29.265,28.698,29.265,1431,0
MFO,D,20180403,000000,30.209,30.209,29.265,29.265,202,0
MFO,D,20180404,000000,30.209,30.209,28.509,28.509,3,0
MFO,D,20180405,000000,28.604,29.453,28.604,29.453,24,0
MFO,D,20180406,000000,30.209,30.209,28.982,29.359,22,0
MFO,D,20180409,000000,30.209,30.209,29.359,29.453,106,0
MFO,D,20180410,000000,29.453,30.587,29.453,30.398,1432,0
MFO,D,20180411,000000,30.681,30.681,28.415,29.265,575,0
MFO,D,20180412,000000,30.398,30.398,29.265,29.359,8443,0
MFO,D,20180413,000000,29.359,31.058,29.359,31.058,4924,0
MFO,D,20180416,000000,30.681,31.152,30.681,31.058,1883,0
MFO,D,20180417,000000,31.152,31.152,30.492,30.681,14013,0
MFO,D,20180418,000000,30.681,30.681,29.453,30.209,4902,0
MFO,D,20180419,000000,30.209,30.398,28.887,30.398,630,0
MFO,D,20180420,000000,30.492,30.492,28.887,29.265,232,0
MFO,D,20180423,000000,29.265,29.265,28.32,29.265,1167,0
MFO,D,20180424,000000,29.265,29.265,26.715,28.698,694,0
MFO,D,20180425,000000,28.698,28.698,28.131,28.131,1081,0
MFO,D,20180426,000000,28.226,28.226,28.226,28.226,1,0
MFO,D,20180427,000000,28.226,28.226,28.226,28.226,1,0
MFO,D,20180430,000000,28.226,28.226,27.943,28.226,23,0
MFO,D,20180502,000000,29.076,29.076,27.849,27.849,107,0
MFO,D,20180504,000000,27.849,27.849,26.999,27.849,1114,0
MFO,D,20180507,000000,26.622,30.587,26.527,30.398,4826,0
MFO,D,20180508,000000,30.398,30.681,30.398,30.587,1304,0
MFO,D,20180509,000000,30.681,30.681,30.209,30.492,90,0
MFO,D,20180510,000000,30.492,31.719,30.398,30.681,3945,0
MFO,D,20180511,000000,31.719,31.719,30.209,30.681,931,0
MFO,D,20180514,000000,30.114,31.152,30.114,30.776,33547,0
MFO,D,20180515,000000,31.625,31.625,30.587,31.625,42613,0
MFO,D,20180516,000000,31.625,31.625,31.625,31.625,1,0
MFO,D,20180517,000000,31.152,31.152,30.776,31.152,34985,0
MFO,D,20180518,000000,31.058,31.058,28.887,29.265,3111,0
MFO,D,20180521,000000,30.209,30.963,29.265,30.963,685,0
MFO,D,20180522,000000,31.152,31.152,30.681,31.152,2633,0
MFO,D,20180523,000000,30.114,31.436,30.114,30.963,434,0
MFO,D,20180524,000000,30.869,30.963,30.776,30.963,421,0
MFO,D,20180525,000000,30.963,30.963,30.963,30.963,2,0
MFO,D,20180528,000000,30.963,30.963,30.681,30.963,23,0
MFO,D,20180529,000000,30.963,30.963,30.963,30.963,2,0
MFO,D,20180530,000000,30.963,30.963,29.265,29.831,339,0
MFO,D,20180601,000000,30.02,30.02,29.076,29.076,346,0
MFO,D,20180604,000000,28.509,29.265,28.509,29.265,87,0
MFO,D,20180605,000000,29.265,29.359,29.265,29.265,340,0
MFO,D,20180606,000000,29.642,31.152,28.793,30.869,1447,0
MFO,D,20180607,000000,30.776,30.776,29.265,29.642,1219,0
MFO,D,20180608,000000,30.587,30.587,29.547,29.547,27,0
MFO,D,20180611,000000,29.642,29.642,29.642,29.642,2,0
MFO,D,20180612,000000,30.587,30.587,28.32,29.453,1065,0
MFO,D,20180613,000000,28.793,28.982,28.793,28.982,98,0
MFO,D,20180614,000000,28.982,28.982,28.982,28.982,47,0
MFO,D,20180615,000000,28.982,28.982,28.793,28.793,213,0
MFO,D,20180618,000000,28.982,28.982,28.982,28.982,29,0
MFO,D,20180619,000000,28.982,28.982,27.377,27.377,528,0
MFO,D,20180620,000000,27.955,28.919,27.473,28.919,713,0
MFO,D,20180621,000000,28.823,28.823,27.955,27.955,1102,0
MFO,D,20180622,000000,27.28,27.955,27.087,27.955,738,0
MFO,D,20180625,000000,27.569,27.569,26.991,27.473,1474,0
MFO,D,20180626,000000,26.991,27.473,26.991,27.473,46,0
MFO,D,20180627,000000,27.473,27.473,27.473,27.473,1,0
MFO,D,20180628,000000,27.087,27.377,26.509,27.377,81,0
MFO,D,20180629,000000,27.955,27.955,27.955,27.955,2,0
MFO,D,20180702,000000,27.955,27.955,26.991,27.859,313,0
MFO,D,20180703,000000,27.955,27.955,27.955,27.955,1,0
MFO,D,20180704,000000,27.955,27.955,27.955,27.955,1,0
MFO,D,20180705,000000,27.955,27.955,27.087,27.955,275,0
MFO,D,20180706,000000,27.955,27.955,27.377,27.955,127,0
MFO,D,20180709,000000,27.955,27.955,27.955,27.955,1,0
MFO,D,20180710,000000,27.955,27.955,26.895,27.473,1011,0
MFO,D,20180711,000000,27.955,27.955,26.605,26.991,183,0
MFO,D,20180712,000000,26.991,26.991,25.834,26.316,324,0
MFO,D,20180713,000000,27.955,27.955,25.352,26.991,28,0
MFO,D,20180716,000000,27.955,27.955,25.738,26.413,998,0
MFO,D,20180717,000000,26.413,26.413,25.641,25.641,1304,0
MFO,D,20180718,000000,25.738,25.931,24.388,25.834,1215,0
MFO,D,20180719,000000,25.352,26.22,25.352,26.22,62,0
MFO,D,20180720,000000,26.22,26.22,26.22,26.22,2,0
MFO,D,20180723,000000,26.22,26.22,26.027,26.027,44,0
MFO,D,20180724,000000,26.22,26.22,26.027,26.027,75,0
MFO,D,20180725,000000,26.027,26.027,26.027,26.027,2,0
MFO,D,20180726,000000,26.22,26.22,26.22,26.22,1,0
MFO,D,20180727,000000,26.027,26.027,25.834,26.027,667,0
MFO,D,20180730,000000,25.352,26.027,24.581,25.352,953,0
MFO,D,20180731,000000,25.738,25.738,23.906,25.641,3926,0
MFO,D,20180801,000000,25.063,25.738,25.063,25.641,1924,0
MFO,D,20180802,000000,25.738,25.738,25.545,25.738,408,0
MFO,D,20180803,000000,26.027,26.027,24.388,25.545,2069,0
MFO,D,20180806,000000,25.545,25.545,25.545,25.545,2,0
MFO,D,20180807,000000,25.545,25.545,25.159,25.545,7508,0
MFO,D,20180808,000000,25.545,26.991,25.352,26.895,3618,0
MFO,D,20180809,000000,27.473,27.955,27.184,27.955,6644,0
MFO,D,20180810,000000,27.955,27.955,26.895,26.895,209,0
MFO,D,20180813,000000,27.666,27.666,27.666,27.666,2,0
MFO,D,20180814,000000,27.666,27.955,27.087,27.955,73,0
MFO,D,20180816,000000,27.955,27.955,27.087,27.087,231,0
MFO,D,20180817,000000,27.955,27.955,27.955,27.955,2,0
MFO,D,20180820,000000,27.955,27.955,27.955,27.955,2,0
MFO,D,20180821,000000,27.955,27.955,27.955,27.955,2,0
MFO,D,20180822,000000,27.955,27.955,27.955,27.955,1,0
MFO,D,20180823,000000,27.955,27.955,27.955,27.955,1,0
MFO,D,20180824,000000,27.955,27.955,27.955,27.955,1,0
MFO,D,20180827,000000,27.955,30.75,27.569,29.497,2398,0
MFO,D,20180828,000000,29.497,32.389,29.497,30.75,6825,0
MFO,D,20180829,000000,31.714,31.714,28.919,29.112,2229,0
MFO,D,20180830,000000,30.75,30.75,28.726,29.401,766,0
MFO,D,20180831,000000,29.786,30.654,28.919,30.654,2055,0
MFO,D,20180903,000000,31.329,31.329,30.172,30.172,245,0
MFO,D,20180904,000000,30.75,30.75,29.305,30.172,1455,0
MFO,D,20180905,000000,30.75,30.75,28.437,29.305,2931,0
MFO,D,20180906,000000,30.75,30.75,28.919,28.919,126,0
MFO,D,20180907,000000,30.75,30.75,27.955,27.955,524,0
MFO,D,20180910,000000,28.341,28.341,28.341,28.341,41,0
MFO,D,20180912,000000,29.883,29.883,26.991,27.377,1982,0
MFO,D,20180913,000000,26.798,27.377,26.798,26.991,356,0
MFO,D,20180914,000000,26.798,27.184,26.413,26.413,497,0
MFO,D,20180917,000000,27.569,27.569,26.413,26.413,147,0
MFO,D,20180918,000000,27.569,27.569,27.184,27.184,1293,0
MFO,D,20180919,000000,27.184,27.28,26.509,26.895,2058,0
MFO,D,20180920,000000,26.798,26.798,26.123,26.798,197,0
MFO,D,20180921,000000,26.509,26.509,26.027,26.509,273,0
MFO,D,20180924,000000,26.413,26.413,26.123,26.22,470,0
MFO,D,20180925,000000,26.22,26.22,26.22,26.22,209,0
MFO,D,20180926,000000,26.316,26.316,24.967,26.123,1299,0
MFO,D,20180927,000000,26.991,26.991,25.063,25.449,2115,0
MFO,D,20180928,000000,26.123,26.413,25.449,26.413,2397,0
MFO,D,20181001,000000,26.798,26.798,25.931,25.931,412,0
MFO,D,20181002,000000,26.605,26.605,26.605,26.605,176,0
MFO,D,20181003,000000,26.509,26.991,25.641,25.738,2237,0
MFO,D,20181004,000000,25.834,26.316,25.834,26.316,1253,0
MFO,D,20181005,000000,26.316,26.605,26.316,26.605,5,0
MFO,D,20181008,000000,26.605,26.605,26.027,26.605,11,0
MFO,D,20181009,000000,26.605,26.605,26.605,26.605,2,0
MFO,D,20181010,000000,26.605,26.991,26.605,26.991,215,0
MFO,D,20181011,000000,26.895,26.895,26.895,26.895,52,0
MFO,D,20181012,000000,26.798,26.798,26.027,26.798,9,0
MFO,D,20181015,000000,26.895,26.895,26.316,26.798,55204,0
MFO,D,20181016,000000,26.798,26.798,26.316,26.798,83169,0
MFO,D,20181017,000000,26.798,26.798,26.702,26.702,99,0
MFO,D,20181018,000000,25.738,26.509,25.738,26.509,162,0
MFO,D,20181019,000000,26.605,26.798,26.605,26.798,148,0
MFO,D,20181022,000000,26.798,26.798,26.798,26.798,2,0
MFO,D,20181023,000000,26.798,26.798,26.798,26.798,19,0
MFO,D,20181024,000000,26.798,26.798,26.798,26.798,2,0
MFO,D,20181025,000000,26.798,26.798,26.123,26.123,390,0
MFO,D,20181026,000000,26.702,26.702,25.449,26.027,1631,0
MFO,D,20181029,000000,26.509,26.509,25.256,25.834,588,0
MFO,D,20181030,000000,26.316,26.316,25.449,25.449,1567,0
MFO,D,20181031,000000,25.738,25.834,25.738,25.834,1558,0
MFO,D,20181102,000000,26.509,26.509,25.063,25.834,29064,0
MFO,D,20181105,000000,26.509,26.509,25.063,25.931,834,0
MFO,D,20181106,000000,26.509,26.509,24.581,24.581,32705,0
MFO,D,20181107,000000,24.581,24.581,24.195,24.195,13425,0
MFO,D,20181108,000000,24.485,24.485,23.039,23.328,11407,0
MFO,D,20181109,000000,23.232,23.232,21.014,22.171,4822,0
MFO,D,20181113,000000,21.978,21.978,20.629,21.014,5056,0
MFO,D,20181114,000000,21.014,21.014,19.858,19.858,8586,0
MFO,D,20181115,000000,20.725,22.075,20.725,21.882,1145,0
MFO,D,20181116,000000,21.882,24.388,21.882,24.388,258,0
MFO,D,20181119,000000,24.388,24.388,23.328,23.328,390,0
MFO,D,20181120,000000,24.581,24.581,22.364,22.846,465,0
MFO,D,20181121,000000,22.846,22.846,22.171,22.653,106,0
MFO,D,20181122,000000,22.653,22.653,21.207,21.496,2556,0
MFO,D,20181123,000000,21.4,21.496,21.4,21.496,106,0
MFO,D,20181126,000000,21.496,21.496,20.243,20.532,11895,0
MFO,D,20181127,000000,20.532,20.532,20.532,20.532,105,0
MFO,D,20181128,000000,20.532,20.532,20.532,20.532,210,0
MFO,D,20181129,000000,20.532,20.532,19.954,19.954,953,0
MFO,D,20181130,000000,20.243,20.243,19.279,20.243,1569,0
MFO,D,20181203,000000,21.014,21.014,19.279,19.279,842,0
MFO,D,20181204,000000,19.279,19.954,18.701,19.568,16563,0
MFO,D,20181205,000000,19.761,19.761,19.086,19.086,2466,0
MFO,D,20181206,000000,20.05,20.05,18.364,18.797,1834,0
MFO,D,20181207,000000,18.701,18.797,18.701,18.797,99,0
MFO,D,20181210,000000,18.749,18.749,18.315,18.701,1202,0
MFO,D,20181211,000000,18.749,20.147,18.749,20.147,12477,0
MFO,D,20181212,000000,21.014,21.978,20.436,21.978,617,0
MFO,D,20181213,000000,22.075,23.328,20.243,20.243,2143,0
MFO,D,20181214,000000,21.207,21.207,20.436,21.207,555,0
MFO,D,20181217,000000,21.593,22.846,21.014,22.846,665,0
MFO,D,20181218,000000,22.75,22.75,21.978,21.978,106,0
MFO,D,20181219,000000,22.75,22.75,21.4,22.171,635,0
MFO,D,20181220,000000,22.75,22.75,22.653,22.653,2,0
MFO,D,20181221,000000,22.75,22.75,22.75,22.75,1,0
MFO,D,20181227,000000,22.75,22.75,21.4,22.075,2785,0
MFO,D,20181228,000000,22.846,22.846,20.629,22.653,5038,0
MFO,D,20190102,000000,23.039,23.039,22.171,22.46,478,0
MFO,D,20190103,000000,22.653,22.653,21.4,21.4,268,0
MFO,D,20190104,000000,22.171,22.171,21.4,21.593,434,0
MFO,D,20190107,000000,22.171,22.171,21.4,22.171,417,0
MFO,D,20190108,000000,21.978,21.978,21.978,21.978,2,0
MFO,D,20190109,000000,21.978,21.978,21.786,21.786,106,0
MFO,D,20190110,000000,21.689,21.786,21.207,21.786,3853,0
MFO,D,20190111,000000,22.46,22.46,21.014,21.786,3159,0
MFO,D,20190114,000000,21.207,21.882,21.207,21.882,218,0
MFO,D,20190115,000000,22.364,22.364,21.207,21.689,23190,0
MFO,D,20190116,000000,22.364,23.135,21.4,22.75,11295,0
MFO,D,20190117,000000,23.714,23.714,22.75,22.75,393,0
MFO,D,20190118,000000,23.135,23.135,22.171,23.135,206,0
MFO,D,20190121,000000,23.135,23.135,23.135,23.135,2,0
MFO,D,20190122,000000,23.135,23.135,22.942,22.942,3032,0
MFO,D,20190123,000000,22.942,22.942,22.268,22.75,2202,0
MFO,D,20190124,000000,22.75,22.75,22.171,22.171,282,0
MFO,D,20190125,000000,22.171,22.942,21.207,22.942,2632,0
MFO,D,20190128,000000,23.135,23.135,23.135,23.135,2,0
MFO,D,20190129,000000,23.135,23.135,23.135,23.135,33,0
MFO,D,20190130,000000,23.135,23.135,23.135,23.135,2,0
MFO,D,20190131,000000,23.617,23.906,23.232,23.906,567,0
MFO,D,20190201,000000,23.906,23.906,23.906,23.906,130,0
MFO,D,20190204,000000,23.906,23.906,23.81,23.81,118,0
MFO,D,20190205,000000,23.81,23.81,23.81,23.81,30,0
MFO,D,20190206,000000,23.81,23.906,23.81,23.906,30,0
MFO,D,20190207,000000,23.906,23.906,23.135,23.617,913,0
MFO,D,20190208,000000,23.617,23.617,22.653,23.135,817,0
MFO,D,20190211,000000,23.617,23.617,22.171,23.521,17,0
MFO,D,20190212,000000,23.521,23.521,23.039,23.039,23,0
MFO,D,20190213,000000,23.039,23.039,23.039,23.039,136,0
MFO,D,20190214,000000,23.039,23.039,23.039,23.039,2,0
MFO,D,20190215,000000,23.039,23.039,23.039,23.039,2,0
MFO,D,20190218,000000,23.039,23.039,22.171,23.039,119,0
MFO,D,20190219,000000,22.942,22.942,22.075,22.364,3332,0
MFO,D,20190220,000000,22.46,22.46,21.689,21.689,406,0
MFO,D,20190221,000000,21.689,22.075,21.689,22.075,57,0
MFO,D,20190222,000000,23.039,23.039,23.039,23.039,5,0
MFO,D,20190225,000000,23.135,23.135,22.075,22.075,418,0
MFO,D,20190226,000000,23.135,23.135,23.135,23.135,5,0
MFO,D,20190227,000000,23.135,23.135,23.135,23.135,16,0
MFO,D,20190228,000000,23.135,23.135,22.846,23.039,72,0
MFO,D,20190301,000000,23.617,23.617,23.617,23.617,5,0
MFO,D,20190304,000000,23.521,23.521,23.521,23.521,5,0
MFO,D,20190305,000000,23.617,23.617,23.617,23.617,5,0
MFO,D,20190306,000000,22.942,22.942,21.786,22.268,1531,0
MFO,D,20190307,000000,22.268,22.268,21.4,21.4,531,0
MFO,D,20190308,000000,21.978,21.978,21.593,21.593,190,0
MFO,D,20190311,000000,22.075,22.075,22.075,22.075,5,0
MFO,D,20190312,000000,22.075,22.075,22.075,22.075,5,0
MFO,D,20190313,000000,22.171,22.171,21.4,21.4,29,0
MFO,D,20190314,000000,22.075,22.075,22.075,22.075,21,0
MFO,D,20190315,000000,21.882,21.882,21.882,21.882,5,0
MFO,D,20190318,000000,21.978,21.978,21.689,21.689,607,0
MFO,D,20190319,000000,21.978,24.003,21.496,23.906,8686,0
MFO,D,20190320,000000,24.003,24.003,22.846,22.942,2658,0
MFO,D,20190321,000000,23.906,24.485,23.81,24.485,2166,0
MFO,D,20190322,000000,24.485,24.485,23.135,23.135,728,0
MFO,D,20190325,000000,23.039,23.039,23.039,23.039,311,0
MFO,D,20190326,000000,23.424,23.424,23.424,23.424,95,0
MFO,D,20190327,000000,23.714,23.714,23.714,23.714,5,0
MFO,D,20190328,000000,23.714,25.159,23.521,25.063,2342,0
MFO,D,20190329,000000,25.159,25.159,23.906,24.099,582,0
MFO,D,20190401,000000,24.099,24.292,24.099,24.292,399,0
MFO,D,20190402,000000,24.292,24.292,23.328,24.292,166,0
MFO,D,20190403,000000,24.388,24.388,24.388,24.388,3,0
MFO,D,20190404,000000,24.485,24.485,24.485,24.485,2,0
MFO,D,20190405,000000,24.581,24.581,24.581,24.581,2,0
MFO,D,20190408,000000,24.677,24.677,24.677,24.677,2,0
MFO,D,20190409,000000,24.774,24.774,23.328,23.328,24,0
MFO,D,20190410,000000,23.328,24.774,23.328,24.581,2297,0
MFO,D,20190411,000000,24.87,24.87,24.87,24.87,1,0
MFO,D,20190412,000000,24.87,24.87,24.87,24.87,1,0
MFO,D,20190415,000000,24.967,24.967,24.967,24.967,2,0
MFO,D,20190416,000000,24.87,24.87,24.87,24.87,3,0
MFO,D,20190417,000000,24.967,24.967,24.967,24.967,74,0
MFO,D,20190418,000000,24.87,24.87,24.099,24.099,67,0
MFO,D,20190423,000000,24.967,24.967,24.967,24.967,1,0
MFO,D,20190424,000000,24.967,24.967,23.906,23.906,48,0
MFO,D,20190425,000000,24.677,24.677,23.906,23.906,312,0
MFO,D,20190426,000000,24.677,24.677,24.003,24.003,160,0
MFO,D,20190429,000000,23.328,23.424,23.328,23.328,353,0
MFO,D,20190430,000000,24.677,24.677,23.906,23.906,149,0
MFO,D,20190502,000000,24.677,24.677,23.039,23.232,1569,0
MFO,D,20190506,000000,23.906,23.906,23.328,23.328,417,0
MFO,D,20190507,000000,23.81,23.81,22.75,22.75,1372,0
MFO,D,20190508,000000,22.75,22.75,22.46,22.653,397,0
MFO,D,20190509,000000,22.75,22.75,22.171,22.171,1052,0
MFO,D,20190510,000000,22.171,22.171,22.171,22.171,1778,0
MFO,D,20190513,000000,22.75,22.75,21.978,21.978,1246,0
MFO,D,20190514,000000,22.364,22.364,21.882,21.882,454,0
MFO,D,20190515,000000,22.364,22.364,20.629,20.822,3103,0
MFO,D,20190516,000000,20.918,20.918,19.665,20.629,485,0
MFO,D,20190517,000000,20.629,20.629,20.05,20.147,2387,0
MFO,D,20190520,000000,20.34,21.014,19.279,19.568,6517,0
MFO,D,20190521,000000,19.568,20.34,19.568,19.665,2463,0
MFO,D,20190522,000000,20.147,20.243,19.858,19.954,17259,0
MFO,D,20190523,000000,20.243,20.532,20.05,20.532,25049,0
MFO,D,20190524,000000,20.532,20.532,20.34,20.34,209,0
MFO,D,20190527,000000,20.243,20.243,20.243,20.243,1,0
MFO,D,20190528,000000,20.243,20.436,19.858,20.436,3819,0
MFO,D,20190529,000000,20.243,22.075,20.05,20.34,2861,0
MFO,D,20190530,000000,20.243,22.268,20.243,22.268,698,0
MFO,D,20190531,000000,22.364,22.364,22.364,22.364,1,0
MFO,D,20190603,000000,22.171,22.268,21.593,21.593,676,0
MFO,D,20190604,000000,22.268,22.268,21.207,21.207,157,0
MFO,D,20190605,000000,21.593,21.593,20.243,20.629,25300,0
MFO,D,20190606,000000,20.629,20.629,20.629,20.629,140,0
MFO,D,20190607,000000,21.882,21.882,20.629,21.207,66,0
MFO,D,20190610,000000,21.689,21.689,21.111,21.111,170,0
MFO,D,20190611,000000,21.689,21.689,21.689,21.689,1,0
MFO,D,20190612,000000,21.689,21.689,20.822,21.207,756,0
MFO,D,20190613,000000,21.689,21.689,21.689,21.689,1,0
MFO,D,20190614,000000,21.689,21.689,21.689,21.689,1,0
MFO,D,20190617,000000,21.207,21.207,20.629,20.918,308,0
MFO,D,20190618,000000,21.4,21.4,21.111,21.4,612,0
MFO,D,20190619,000000,22,22,21.3,21.4,552,0
MFO,D,20190621,000000,21.4,21.4,21.4,21.4,558,0
MFO,D,20190624,000000,22,22,22,22,717,0
MFO,D,20190625,000000,21.8,21.8,21.3,21.3,837,0
MFO,D,20190626,000000,22,22,21,21.8,1275,0
MFO,D,20190627,000000,22,22,22,22,347,0
MFO,D,20190628,000000,22.00,22.30,22.00,22.30,356,0
MFO,D,20190701,000000,23.1,23.1,22,22,357,0
MFO,D,20190702,000000,23,23,23,23,2,0
MFO,D,20190703,000000,22,22.1,22,22.1,6,0
MFO,D,20190704,000000,22.1,22.1,22.1,22.1,1,0
MFO,D,20190705,000000,22.1,22.1,21.1,21.1,161,0
MFO,D,20190708,000000,21.9,21.9,21.9,21.9,69,0
MFO,D,20190709,000000,22,22,22,22,1,0
MFO,D,20190710,000000,21.9,21.9,21.9,21.9,1,0
MFO,D,20190711,000000,21.8,21.8,20.6,21.7,1908,0
MFO,D,20190712,000000,21.8,21.8,21.8,21.8,1,0
MFO,D,20190715,000000,21.8,21.8,21.8,21.8,5,0
MFO,D,20190716,000000,21.8,21.8,21.4,21.4,23,0
MFO,D,20190717,000000,21.8,21.8,21.2,21.3,2228,0
MFO,D,20190718,000000,21.8,22,21,22,3074,0
MFO,D,20190719,000000,22.1,22.1,22.1,22.1,5,0
MFO,D,20190722,000000,22.1,22.1,22.1,22.1,15,0
MFO,D,20190723,000000,22,22,20.8,21.7,637,0
MFO,D,20190724,000000,22,22,20.7,20.7,340,0
MFO,D,20190725,000000,21.7,21.7,21.6,21.6,8,0
MFO,D,20190726,000000,21.6,21.6,21,21,33,0
MFO,D,20190729,000000,21.6,21.6,21,21,261,0
MFO,D,20190730,000000,21.6,21.6,21.6,21.6,1,0
MFO,D,20190731,000000,21.6,21.6,20.5,20.8,986,0
MFO,D,20190801,000000,21.7,21.7,19.6,19.8,2474,0
MFO,D,20190802,000000,19.8,19.8,19,19.5,2511,0
MFO,D,20190805,000000,19.5,19.5,17.8,18.6,1992,0
MFO,D,20190806,000000,18.95,18.95,18,18.65,457,0
MFO,D,20190807,000000,19.5,19.5,18.7,19.4,404,0
MFO,D,20190808,000000,19.5,19.5,18.7,18.7,35,0
MFO,D,20190809,000000,19.3,19.3,18.7,18.7,137,0
MFO,D,20190812,000000,19.5,19.5,19.25,19.25,392,0
MFO,D,20190813,000000,19.5,19.5,19.5,19.5,342,0
MFO,D,20190814,000000,20,20.9,20,20.1,1195,0
MFO,D,20190816,000000,20,20,19.3,19.3,55,0
MFO,D,20190819,000000,20,20,20,20,2,0
MFO,D,20190820,000000,19.9,19.9,19.9,19.9,2,0
MFO,D,20190821,000000,19.9,19.9,19.9,19.9,2,0
MFO,D,20190822,000000,19.9,19.9,19.9,19.9,2,0
MFO,D,20190823,000000,19.9,20,19.3,20,84,0
MFO,D,20190826,000000,19.7,19.7,19.7,19.7,2,0
MFO,D,20190827,000000,20,20,20,20,2,0
MFO,D,20190828,000000,20,20,19.2,19.2,621,0
MFO,D,20190829,000000,19.8,19.8,19.1,19.1,12,0
MFO,D,20190830,000000,19.1,19.7,19.1,19.7,235,0
MFO,D,20190902,000000,19.7,19.7,19.15,19.15,422,0
MFO,D,20190903,000000,19.8,19.8,19.1,19.1,98,0
MFO,D,20190904,000000,19.6,19.6,19.6,19.6,5,0
MFO,D,20190905,000000,19.6,19.6,19.6,19.6,1302,0
MFO,D,20190906,000000,19.5,19.5,18.9,18.9,102,0
MFO,D,20190909,000000,18.85,19.6,18.85,19.5,575,0
MFO,D,20190910,000000,19.5,19.5,19.5,19.5,2,0
MFO,D,20190911,000000,19.5,19.5,17.7,19.45,6058,0
MFO,D,20190912,000000,19.05,19.6,19,19.4,9375,0
MFO,D,20190913,000000,19.6,19.6,19.6,19.6,223,0
MFO,D,20190916,000000,19.6,19.6,18.7,18.7,878,0
MFO,D,20190917,000000,19.5,19.5,19.5,19.5,5,0
MFO,D,20190918,000000,19,19,19,19,4,0
MFO,D,20190919,000000,19.4,19.4,18,18.3,11682,0
MFO,D,20190920,000000,19,19,18.3,18.3,204,0
MFO,D,20190923,000000,19,19,19,19,2,0
MFO,D,20190924,000000,18.6,19.6,18.6,19.6,606,0
MFO,D,20190925,000000,19.6,19.6,19.6,19.6,2,0
MFO,D,20190926,000000,18.4,18.4,18.4,18.4,9,0
MFO,D,20190927,000000,19.1,19.1,18.3,18.3,1036,0
MFO,D,20190930,000000,18.8,18.8,18.7,18.7,30,0
MFO,D,20191001,000000,19,19,18.3,18.3,9003,0
MFO,D,20191002,000000,18.3,18.3,18.3,18.3,5,0
MFO,D,20191003,000000,18.3,18.3,18.3,18.3,2,0
MFO,D,20191004,000000,18.3,18.3,17.9,17.9,5,0
MFO,D,20191007,000000,17.9,17.9,17.9,17.9,109,0
MFO,D,20191008,000000,18.3,18.3,18.3,18.3,2,0
MFO,D,20191009,000000,18.3,18.3,18.3,18.3,106,0
MFO,D,20191010,000000,18.3,18.3,18.25,18.3,260,0
MFO,D,20191011,000000,18.3,18.3,18.3,18.3,441,0
MFO,D,20191014,000000,18.3,18.3,18.3,18.3,2,0
MFO,D,20191015,000000,18.3,18.3,17.9,17.9,1302,0
MFO,D,20191016,000000,18.3,18.3,18.3,18.3,2,0
MFO,D,20191017,000000,18.3,18.3,18.3,18.3,2,0
MFO,D,20191018,000000,18.3,18.3,18.3,18.3,770,0
MFO,D,20191021,000000,18.3,19.6,18.3,19.6,947,0
MFO,D,20191022,000000,19.55,19.6,18.85,19.6,497,0
MFO,D,20191023,000000,19.6,21,19.6,19.6,2329,0
MFO,D,20191024,000000,19.8,19.8,19.75,19.8,8,0
MFO,D,20191025,000000,19.75,19.75,18.9,18.9,200,0
MFO,D,20191028,000000,19.05,19.6,18.9,18.9,645,0
MFO,D,20191029,000000,19,19,18.2,18.5,1529,0
MFO,D,20191030,000000,18.9,18.9,18.1,18.1,481,0
MFO,D,20191031,000000,18.9,18.9,18.5,18.5,2155,0
MFO,D,20191104,000000,18.15,19.4,18.15,19.4,432,0
MFO,D,20191105,000000,19.35,19.35,19.35,19.35,2,0
MFO,D,20191106,000000,19.35,19.35,18.5,18.5,202,0
MFO,D,20191107,000000,18.5,19,18.4,18.4,300,0
MFO,D,20191108,000000,18.4,19,18.4,19,11,0
MFO,D,20191112,000000,18.9,18.9,18.4,18.4,1176,0
MFO,D,20191113,000000,18.4,18.4,18.4,18.4,2,0
MFO,D,20191114,000000,18.9,18.9,18.9,18.9,2,0
MFO,D,20191115,000000,18.9,18.9,18.9,18.9,2,0
MFO,D,20191118,000000,18.9,18.9,18.4,18.4,43,0
MFO,D,20191119,000000,18.9,18.9,18.9,18.9,2,0
MFO,D,20191120,000000,18.9,18.9,18.9,18.9,2,0
MFO,D,20191121,000000,18.9,18.9,18.5,18.5,57,0
MFO,D,20191122,000000,18.9,18.9,18.9,18.9,2,0
MFO,D,20191125,000000,18.9,18.9,18.9,18.9,2,0
MFO,D,20191126,000000,18.9,19.15,18.5,19.15,292,0
MFO,D,20191128,000000,19.6,23.2,19.6,23,19804,0
MFO,D,20191129,000000,23,24.7,22,23,18936,0
MFO,D,20191202,000000,23.1,24.6,22.5,24.4,1517,0
MFO,D,20191203,000000,24.2,24.2,23.5,23.6,1267,0
MFO,D,20191204,000000,24,24,23.7,23.7,102,0
MFO,D,20191205,000000,23.9,23.9,23.1,23.1,324,0
MFO,D,20191206,000000,23.2,23.9,23.2,23.9,375,0
MFO,D,20191209,000000,23.9,24.5,23.9,24.5,1922,0
MFO,D,20191210,000000,24.7,24.7,24.5,24.5,726,0
MFO,D,20191211,000000,24.7,24.8,24,24.5,154,0
MFO,D,20191212,000000,24.8,24.8,23.9,24.4,974,0
MFO,D,20191213,000000,24.7,25.2,23.7,25.2,1468,0
MFO,D,20191216,000000,25.7,26.7,25,26.5,6067,0
MFO,D,20191217,000000,26.5,26.5,25.6,26.5,2095,0
MFO,D,20191218,000000,26.4,26.4,25.2,25.8,1040,0
MFO,D,20191219,000000,26,26.8,25.8,26.8,622,0
MFO,D,20191220,000000,26.8,26.8,25.7,25.7,610,0
MFO,D,20191223,000000,25.9,25.9,25,25.6,342,0
MFO,D,20191227,000000,25,25,24.5,24.9,606,0
MFO,D,20191230,000000,25.2,25.2,25,25,62,0
MFO,D,20200102,000000,25.3,26.2,25.3,25.5,1543,0
MFO,D,20200103,000000,26,26,25.8,25.8,2102,0
MFO,D,20200107,000000,26,26.5,25.9,26.5,11752,0
MFO,D,20200108,000000,26.5,26.5,26.4,26.4,110,0
MFO,D,20200109,000000,26.2,26.5,25.9,26.5,745,0
MFO,D,20200110,000000,26.5,28.5,26.5,27.2,3022,0
MFO,D,20200113,000000,27.2,27.5,26.2,27.5,646,0
MFO,D,20200114,000000,28.1,28.1,27.5,27.5,188,0
MFO,D,20200115,000000,27.5,27.5,27,27.5,1423,0
MFO,D,20200116,000000,27.5,27.5,27.4,27.5,1330,0
MFO,D,20200117,000000,27.6,27.6,26.5,27.6,79,0
MFO,D,20200120,000000,27.6,27.6,26.7,27.3,197,0
MFO,D,20200121,000000,27.3,27.3,27.3,27.3,14,0
MFO,D,20200122,000000,27.3,27.3,26.4,27,713,0
MFO,D,20200123,000000,27.2,27.2,26.5,26.5,315,0
MFO,D,20200124,000000,26.5,26.5,26.1,26.5,177,0
MFO,D,20200127,000000,26,26.7,25.5,26.6,2346,0
MFO,D,20200128,000000,26.6,26.6,26.4,26.4,13,0
MFO,D,20200129,000000,26.4,27.6,25.8,27.5,4839,0
MFO,D,20200130,000000,26.6,26.8,26.6,26.8,2695,0
MFO,D,20200131,000000,27.6,27.6,26.6,26.6,247,0
MFO,D,20200203,000000,26.9,26.9,26.9,26.9,43,0
MFO,D,20200204,000000,26.7,27.2,26.4,27.2,289,0
MFO,D,20200205,000000,27.8,27.8,27.5,27.5,15,0
MFO,D,20200206,000000,27.8,27.8,26.9,27.2,459,0
MFO,D,20200207,000000,27.8,27.8,27.5,27.5,43,0
MFO,D,20200210,000000,27.8,27.8,27,27,15507,0
MFO,D,20200211,000000,27,27.6,27,27.6,140,0
MFO,D,20200212,000000,27.6,27.6,27.4,27.4,20,0
MFO,D,20200213,000000,27.4,27.4,26.9,26.9,164,0
MFO,D,20200214,000000,26.9,27.3,26.8,27.3,88,0
MFO,D,20200217,000000,27.3,27.6,27.3,27.6,52,0
MFO,D,20200218,000000,27.6,27.6,27.6,27.6,5,0
MFO,D,20200219,000000,27.6,27.6,26.9,26.9,284,0
MFO,D,20200220,000000,27.4,27.4,27,27,40,0
MFO,D,20200221,000000,27.4,27.4,27.4,27.4,14,0
MFO,D,20200224,000000,25.9,25.9,25.2,25.5,1416,0
MFO,D,20200225,000000,25.5,25.5,24.1,24.4,1138,0
MFO,D,20200226,000000,25.4,25.4,23.8,24,3701,0
MFO,D,20200227,000000,24.8,24.8,21.7,22,1209,0
MFO,D,20200228,000000,22,22.4,21.5,22.4,1231,0
MFO,D,20200302,000000,22.3,22.3,21,21.5,2033,0
MFO,D,20200303,000000,22.3,24.7,21.1,24.7,6120,0
MFO,D,20200304,000000,24.5,25.8,23.3,24.3,1454,0
MFO,D,20200305,000000,25.3,25.3,22,22.1,2181,0
MFO,D,20200306,000000,22.2,22.2,21.1,22,1400,0
MFO,D,20200309,000000,20.5,20.6,18.6,18.6,3879,0
MFO,D,20200310,000000,18.6,19.1,18.6,19,600,0
MFO,D,20200311,000000,18.95,18.95,16,16,6201,0
MFO,D,20200312,000000,15,16.3,14.1,14.1,424,0
MFO,D,20200313,000000,13.6,16.3,12.5,12.5,9495,0
MFO,D,20200316,000000,13.6,13.6,12.35,12.8,1542,0
MFO,D,20200317,000000,12.95,13.6,12.9,13.1,12197,0
MFO,D,20200318,000000,14.3,15.1,13.3,14.3,3060,0
MFO,D,20200319,000000,13.6,13.7,13.5,13.7,8537,0
MFO,D,20200320,000000,13.9,15,13.8,14.25,6215,0
MFO,D,20200323,000000,14,14,12.6,13.25,2229,0
MFO,D,20200324,000000,12.95,14.1,12.95,13.5,6010,0
MFO,D,20200325,000000,14,14,13,13.45,3534,0
MFO,D,20200326,000000,13.5,13.9,12.5,13.85,6924,0
MFO,D,20200327,000000,13.9,14.8,13.65,14.4,8484,0
MFO,D,20200330,000000,14.6,15.9,14.25,14.9,9079,0
MFO,D,20200331,000000,14.9,15.9,14,15.9,7307,0
MFO,D,20200401,000000,15.9,15.9,15.5,15.5,2748,0
MFO,D,20200402,000000,15.5,16.9,15.5,16.5,882,0
MFO,D,20200403,000000,17.4,17.4,15.5,15.5,1325,0
MFO,D,20200406,000000,15.5,16.7,15.5,16.6,1256,0
MFO,D,20200407,000000,16.6,17.7,16,17,2914,0
MFO,D,20200408,000000,17.6,17.7,16.6,16.6,2043,0
MFO,D,20200409,000000,16.7,17.1,16.7,17,3680,0
MFO,D,20200414,000000,16.8,19.2,16.8,19.2,1391,0
MFO,D,20200415,000000,19.4,19.4,18.2,18.2,840,0
MFO,D,20200416,000000,19,19.3,18.2,18.2,357,0
MFO,D,20200417,000000,18.6,18.6,18.6,18.6,10,0
MFO,D,20200420,000000,18.6,18.6,18,18.2,835,0
MFO,D,20200421,000000,18.2,18.2,16.6,16.6,396,0
MFO,D,20200422,000000,16.6,17.1,16.6,16.7,1570,0
MFO,D,20200423,000000,16.7,18,16.7,18,822,0
MFO,D,20200424,000000,17.9,17.9,17.9,17.9,64,0
MFO,D,20200427,000000,17.9,18,17.2,18,2508,0
MFO,D,20200428,000000,18,19.4,18,19.4,6379,0
MFO,D,20200429,000000,19.8,19.9,18.3,18.4,1662,0
MFO,D,20200430,000000,18.4,18.4,17.4,17.6,1744,0
MFO,D,20200504,000000,17.1,17.2,16.8,17,5934,0
MFO,D,20200505,000000,17.2,17.3,17.2,17.3,625,0
MFO,D,20200506,000000,17.3,18.5,17.2,18,3677,0
MFO,D,20200507,000000,18.5,19.9,18.4,18.9,2244,0
MFO,D,20200508,000000,19.8,19.8,18.9,18.9,39,0
MFO,D,20200511,000000,19.8,19.8,18.9,19.6,229,0
MFO,D,20200512,000000,19.8,20.2,19.5,19.6,2252,0
MFO,D,20200513,000000,19.6,19.6,19.4,19.4,12,0
MFO,D,20200514,000000,19.4,19.4,18,18.4,3892,0
MFO,D,20200515,000000,19.1,19.2,19.1,19.2,140,0
MFO,D,20200518,000000,19.4,20,19.3,19.4,2838,0
MFO,D,20200519,000000,20,20,18.6,18.6,306,0
MFO,D,20200520,000000,18.6,19,18.5,19,705,0
MFO,D,20200521,000000,20,20,18.6,18.6,3500,0
MFO,D,20200522,000000,18.6,18.7,17.9,18,2813,0
MFO,D,20200525,000000,18,18.3,17.7,18.3,7664,0
MFO,D,20200526,000000,18.8,19.1,18.4,19.1,339,0
MFO,D,20200527,000000,19.6,20,19.4,20,992,0
MFO,D,20200528,000000,19.9,19.9,19.5,19.5,212,0
MFO,D,20200529,000000,20,20,19.6,19.6,779,0
MFO,D,20200601,000000,19.8,20,19.8,20,1535,0
MFO,D,20200602,000000,19.7,20,19.7,20,2104,0
MFO,D,20200603,000000,20,21,20,21,2631,0
MFO,D,20200604,000000,21.6,21.8,21,21.8,1007,0
MFO,D,20200605,000000,22,22.8,21.8,21.8,2924,0
MFO,D,20200608,000000,22.8,22.8,20.6,21.4,1575,0
MFO,D,20200609,000000,22.4,22.4,21.2,21.2,211,0
MFO,D,20200610,000000,21,21,20.4,20.6,1477,0
MFO,D,20200612,000000,20.6,20.6,19.9,20,1478,0
MFO,D,20200615,000000,20.2,20.2,20,20.2,1815,0
MFO,D,20200616,000000,20.8,20.8,20.6,20.6,306,0
MFO,D,20200617,000000,20.6,20.8,20.2,20.2,800,0
MFO,D,20200618,000000,20.4,20.4,20.4,20.4,54,0
MFO,D,20200619,000000,21.4,21.4,19.3,19.7,1307,0
MFO,D,20200622,000000,20.2,20.2,20.2,20.2,1,0
MFO,D,20200623,000000,19.7,19.7,19.5,19.7,458,0
MFO,D,20200624,000000,20.2,21,19.5,19.5,320,0
MFO,D,20200625,000000,21,21,18.9,19,309,0
MFO,D,20200626,000000,19.8,19.8,19,19.7,787,0
MFO,D,20200629,000000,18.8,20.6,18.8,20.6,3242,0
MFO,D,20200630,000000,20.6,21.2,19.2,21.2,599,0
MFO,D,20200701,000000,22.2,22.2,21,21,489,0
MFO,D,20200702,000000,21.8,21.8,20.8,21.6,662,0
MFO,D,20200703,000000,21.8,21.8,21.4,21.6,125,0
MFO,D,20200706,000000,21.6,21.6,20.6,20.6,246,0
MFO,D,20200707,000000,20.4,20.6,20.4,20.4,331,0
MFO,D,20200708,000000,20.4,20.8,20,20.8,62,0
MFO,D,20200709,000000,21.6,21.6,20.8,21.6,73,0
MFO,D,20200710,000000,22,22,20.8,20.8,106,0
