<TICKER>,<PER>,<DATE>,<TIME>,<OPEN>,<HIGH>,<LOW>,<CLOSE>,<VOL>,<OPENINT>
MLG,D,20131028,000000,27.981,27.981,26.582,27.842,23259,0
MLG,D,20131029,000000,27.842,29.754,26.592,27.515,1528,0
MLG,D,20131030,000000,26.582,26.863,26.116,26.676,6898,0
MLG,D,20131031,000000,26.676,26.676,25.65,25.65,1058,0
MLG,D,20131104,000000,25.65,26.116,25.65,26.116,1343,0
MLG,D,20131105,000000,25.93,25.93,25.212,25.212,70,0
MLG,D,20131106,000000,25.184,26.107,25.184,26.107,6924,0
MLG,D,20131107,000000,26.098,26.098,26.098,26.098,26,0
MLG,D,20131114,000000,24.251,24.643,24.251,24.643,151,0
MLG,D,20131115,000000,25.417,27.049,25.184,27.049,666,0
MLG,D,20131118,000000,26.582,26.937,25.66,26.116,6178,0
MLG,D,20131119,000000,26.023,26.116,25.752,25.761,1381,0
MLG,D,20131120,000000,25.65,25.93,25.65,25.93,7464,0
MLG,D,20131122,000000,25.463,25.93,25.463,25.65,20143,0
MLG,D,20131125,000000,26.07,26.07,26.07,26.07,29,0
MLG,D,20131126,000000,25.184,25.184,25.184,25.184,172,0
MLG,D,20131127,000000,25.193,25.23,25.193,25.23,13,0
MLG,D,20131128,000000,25.184,25.23,24.671,24.773,2041,0
MLG,D,20131129,000000,25.184,25.184,25.184,25.184,12527,0
MLG,D,20131202,000000,25.22,25.92,25.22,25.92,16,0
MLG,D,20131204,000000,24.624,25.184,24.53,25.184,17658,0
MLG,D,20131205,000000,25.556,25.556,24.438,24.438,944,0
MLG,D,20131206,000000,25.165,25.556,24.726,25.184,5740,0
MLG,D,20131209,000000,25.184,25.37,25.184,25.37,911,0
MLG,D,20131216,000000,23.793,25.091,23.793,25.091,536,0
MLG,D,20131220,000000,24.886,25.091,23.459,25.091,24939,0
MLG,D,20131223,000000,25.044,25.184,25.044,25.184,32164,0
MLG,D,20131227,000000,24.717,26.116,24.717,26.116,25596,0
MLG,D,20131230,000000,25.697,26.116,24.717,26.116,11488,0
MLG,D,20140103,000000,24.726,26.116,24.726,26.116,1848,0
MLG,D,20140107,000000,24.158,26.116,24.158,26.07,14611,0
MLG,D,20140108,000000,24.158,26.07,24.158,26.07,116,0
MLG,D,20140113,000000,23.915,23.915,23.915,23.915,11,0
MLG,D,20140114,000000,24.717,24.717,24.717,24.717,124,0
MLG,D,20140116,000000,25.184,25.184,24.81,24.81,30717,0
MLG,D,20140120,000000,25.184,25.184,25.184,25.184,124,0
MLG,D,20140121,000000,24.744,24.744,24.744,24.744,201,0
MLG,D,20140122,000000,25.884,26.582,25.884,26.116,2747,0
MLG,D,20140123,000000,26.116,26.116,26.116,26.116,1159,0
MLG,D,20140124,000000,26.116,26.116,26.116,26.116,311,0
MLG,D,20140128,000000,25.93,26.116,25.93,26.116,236,0
MLG,D,20140130,000000,26.116,26.116,26.116,26.116,2110,0
MLG,D,20140205,000000,24.344,26.116,24.344,26.116,40,0
MLG,D,20140212,000000,25.184,25.277,25.184,25.277,69,0
MLG,D,20140213,000000,24.251,25.277,21.872,25.277,184,0
MLG,D,20140214,000000,25.277,25.277,25.277,25.277,31545,0
MLG,D,20140217,000000,25.277,26.209,23.691,26.209,34989,0
MLG,D,20140219,000000,25.277,26.209,25.277,26.209,33119,0
MLG,D,20140220,000000,25.277,26.676,24.717,26.676,1923,0
MLG,D,20140221,000000,25.323,26.116,25.277,26.116,827,0
MLG,D,20140224,000000,26.116,26.116,26.116,26.116,38,0
MLG,D,20140225,000000,24.624,25.174,23.15,23.877,1802,0
MLG,D,20140226,000000,24.997,26.116,24.53,26.116,22729,0
MLG,D,20140227,000000,25.091,25.091,25.091,25.091,448,0
MLG,D,20140228,000000,25.65,25.65,25.65,25.65,107,0
MLG,D,20140303,000000,24.735,25.184,24.735,25.184,732,0
MLG,D,20140304,000000,25.091,25.091,25.091,25.091,30,0
MLG,D,20140306,000000,25.742,26.116,25.742,26.116,35610,0
MLG,D,20140307,000000,26.116,26.116,26.116,26.116,38,0
MLG,D,20140312,000000,24.763,26.349,24.763,26.051,298,0
MLG,D,20140314,000000,25.184,25.184,25.184,25.184,31,0
MLG,D,20140317,000000,23.971,25.65,23.971,25.65,408,0
MLG,D,20140318,000000,24.839,26.023,24.839,26.023,165,0
MLG,D,20140403,000000,23.504,23.504,23.504,23.504,9,0
MLG,D,20140407,000000,25.65,25.65,25.65,25.65,218,0
MLG,D,20140408,000000,25.641,25.65,25.641,25.65,106,0
MLG,D,20140409,000000,23.71,25.985,23.71,25.985,24,0
MLG,D,20140411,000000,25.985,25.985,25.985,25.985,288,0
MLG,D,20140423,000000,25.966,26.013,25.966,26.013,752,0
MLG,D,20140508,000000,25.93,25.93,25.93,25.93,1930,0
MLG,D,20140509,000000,25.93,25.93,25.93,25.93,1930,0
MLG,D,20140513,000000,23.504,25.837,23.504,25.827,460,0
MLG,D,20140522,000000,23.504,24.26,23.504,24.26,70,0
MLG,D,20140530,000000,25.827,26.116,25.827,26.116,2406,0
MLG,D,20140603,000000,25.174,25.174,24.391,24.391,33,0
MLG,D,20140618,000000,24.53,24.53,24.53,24.53,11,0
MLG,D,20140625,000000,25.837,25.837,25.837,25.837,666,0
MLG,D,20140626,000000,24.53,24.689,24.53,24.689,81452,0
MLG,D,20140627,000000,24.53,24.681,24.492,24.492,10601,0
MLG,D,20140630,000000,24.492,24.492,24.492,24.492,732,0
MLG,D,20140703,000000,24.391,24.391,23.877,23.877,325,0
MLG,D,20140708,000000,23.504,23.504,23.504,23.504,36948,0
MLG,D,20140709,000000,23.504,23.504,23.504,23.504,11154,0
MLG,D,20140710,000000,23.504,23.504,23.318,23.318,3205,0
MLG,D,20140711,000000,23.784,23.784,22.758,22.758,105,0
MLG,D,20140714,000000,22.479,23.308,22.479,23.308,112,0
MLG,D,20140715,000000,22.852,23.318,22.852,23.318,2149,0
MLG,D,20140716,000000,23.308,23.308,23.308,23.308,2,0
MLG,D,20140717,000000,23.85,23.85,23.262,23.262,328,0
MLG,D,20140718,000000,23.262,23.262,22.684,22.684,166,0
MLG,D,20140721,000000,23.169,23.169,22.59,22.59,333,0
MLG,D,20140722,000000,22.395,22.395,22.395,22.395,43,0
MLG,D,20140723,000000,22.917,23.318,22.628,23.318,23196,0
MLG,D,20140724,000000,23.318,23.318,23.318,23.318,5,0
MLG,D,20140725,000000,23.308,23.318,23.308,23.318,2257,0
MLG,D,20140728,000000,23.989,23.989,23.962,23.962,2145,0
MLG,D,20140729,000000,23.971,24.671,23.318,24.671,2145,0
MLG,D,20140730,000000,24.438,24.438,23.318,23.682,3016,0
MLG,D,20140731,000000,24.129,24.129,23.318,23.318,2146,0
MLG,D,20140801,000000,23.318,23.318,23.308,23.318,2145,0
MLG,D,20140804,000000,24.12,24.12,23.318,23.318,2149,0
MLG,D,20140805,000000,23.7,23.7,23.7,23.7,2,0
MLG,D,20140806,000000,23.7,24.717,23.318,23.318,5137,0
MLG,D,20140807,000000,23.738,23.775,23.738,23.775,2155,0
MLG,D,20140808,000000,23.869,23.869,23.831,23.831,2149,0
MLG,D,20140811,000000,23.896,23.896,23.869,23.869,2146,0
MLG,D,20140812,000000,23.896,23.896,23.71,23.71,13331,0
MLG,D,20140813,000000,24.251,24.251,23.318,23.318,14002,0
MLG,D,20140814,000000,23.57,23.57,23.318,23.318,2166,0
MLG,D,20140818,000000,22.385,23.318,22.385,23.318,2931,0
MLG,D,20140819,000000,23.308,23.318,22.414,23.318,41424,0
MLG,D,20140820,000000,23.551,23.551,23.318,23.318,4695,0
MLG,D,20140821,000000,23.523,23.523,23.225,23.225,2155,0
MLG,D,20140822,000000,23.318,23.318,23.318,23.318,2155,0
MLG,D,20140825,000000,23.523,24.717,23.523,24.717,1079,0
MLG,D,20140826,000000,24.791,24.791,24.791,24.791,5,0
MLG,D,20140827,000000,24.791,24.791,24.717,24.717,657,0
MLG,D,20140828,000000,24.717,24.717,24.717,24.717,1759,0
MLG,D,20140829,000000,24.717,24.763,24.717,24.717,804,0
MLG,D,20140901,000000,24.81,25.65,24.81,25.65,1180,0
MLG,D,20140902,000000,25.976,25.976,25.976,25.976,2,0
MLG,D,20140903,000000,25.65,25.65,25.65,25.65,967,0
MLG,D,20140904,000000,25.976,25.976,25.976,25.976,2,0
MLG,D,20140905,000000,25.65,25.65,25.65,25.65,1182,0
MLG,D,20140908,000000,25.65,25.65,25.65,25.65,1077,0
MLG,D,20140909,000000,25.976,25.976,24.717,25.65,1110,0
MLG,D,20140910,000000,25.976,25.976,25.65,25.65,1077,0
MLG,D,20140911,000000,25.742,25.742,25.65,25.65,1077,0
MLG,D,20140912,000000,25.742,25.742,25.65,25.65,1073,0
MLG,D,20140915,000000,25.976,25.976,24.717,25.65,270,0
MLG,D,20140916,000000,25.65,25.65,25.65,25.65,2010,0
MLG,D,20140917,000000,25.976,25.976,25.65,25.65,1077,0
MLG,D,20140918,000000,25.976,25.976,25.65,25.65,1077,0
MLG,D,20140919,000000,25.93,25.93,25.65,25.65,7313,0
MLG,D,20140922,000000,25.976,25.976,25.855,25.855,220,0
MLG,D,20140923,000000,25.976,25.976,25.65,25.65,483,0
MLG,D,20140924,000000,25.93,25.93,25.65,25.65,1772,0
MLG,D,20140925,000000,26.089,26.116,26.089,26.116,2736,0
MLG,D,20140926,000000,26.116,26.116,25.65,25.65,1493,0
MLG,D,20140929,000000,25.65,25.65,25.65,25.65,4838,0
MLG,D,20140930,000000,26.116,26.116,25.65,25.65,113,0
MLG,D,20141001,000000,26.116,26.116,26.116,26.116,11,0
MLG,D,20141002,000000,26.116,26.116,26.116,26.116,5,0
MLG,D,20141003,000000,26.107,26.107,26.107,26.107,5,0
MLG,D,20141006,000000,26.107,26.107,26.107,26.107,5,0
MLG,D,20141007,000000,26.107,26.107,26.107,26.107,5,0
MLG,D,20141008,000000,26.107,26.107,26.107,26.107,5,0
MLG,D,20141009,000000,26.107,26.107,26.107,26.107,5,0
MLG,D,20141010,000000,26.107,26.107,26.107,26.107,5,0
MLG,D,20141013,000000,26.107,26.107,26.107,26.107,3,0
MLG,D,20141014,000000,26.107,26.107,26.107,26.107,1,0
MLG,D,20141015,000000,25.463,25.463,25.463,25.463,294,0
MLG,D,20141016,000000,25.463,26.116,25.463,26.116,10284,0
MLG,D,20141020,000000,26.107,26.107,26.107,26.107,2,0
MLG,D,20141021,000000,26.107,26.107,26.107,26.107,2,0
MLG,D,20141022,000000,26.107,26.107,26.107,26.107,2,0
MLG,D,20141023,000000,26.107,26.107,26.107,26.107,1,0
MLG,D,20141024,000000,26.098,26.098,26.098,26.098,1,0
MLG,D,20141027,000000,26.098,26.098,26.098,26.098,2,0
MLG,D,20141028,000000,25.184,25.184,25.184,25.184,118,0
MLG,D,20141029,000000,25.742,26.089,24.492,24.492,1321,0
MLG,D,20141030,000000,25.072,26.098,24.492,25.455,1791,0
MLG,D,20141031,000000,24.857,26.098,24.492,25.789,695,0
MLG,D,20141103,000000,26.107,26.107,25.184,25.184,13,0
MLG,D,20141104,000000,26.107,26.107,26.107,26.107,5,0
MLG,D,20141105,000000,26.107,26.107,26.107,26.107,2,0
MLG,D,20141106,000000,26.107,26.107,26.107,26.107,2,0
MLG,D,20141107,000000,26.107,26.107,26.107,26.107,2,0
MLG,D,20141110,000000,24.492,26.107,24.492,25.37,2240,0
MLG,D,20141114,000000,24.997,24.997,24.997,24.997,32164,0
MLG,D,20141117,000000,25.015,25.015,24.997,24.997,27082,0
MLG,D,20141118,000000,25.091,25.091,24.997,24.997,5267,0
MLG,D,20141119,000000,26.116,26.116,26.116,26.116,2,0
MLG,D,20141120,000000,26.116,26.116,26.116,26.116,1,0
MLG,D,20141121,000000,26.089,26.089,26.089,26.089,2,0
MLG,D,20141124,000000,26.089,26.089,26.089,26.089,1,0
MLG,D,20141125,000000,26.089,26.089,26.089,26.089,1,0
MLG,D,20141126,000000,26.089,26.116,25.184,25.184,6126,0
MLG,D,20141127,000000,25.742,25.742,25.742,25.742,2,0
MLG,D,20141202,000000,25.742,26.116,25.184,26.116,156,0
MLG,D,20141203,000000,26.116,26.116,26.116,26.116,11559,0
MLG,D,20141205,000000,26.303,26.303,26.303,26.303,11,0
MLG,D,20141208,000000,26.303,26.303,26.303,26.303,2,0
MLG,D,20141209,000000,26.303,27.049,26.303,27.049,2405,0
MLG,D,20141210,000000,27.049,29.857,27.049,28.075,986,0
MLG,D,20141211,000000,28.075,30.314,28.075,30.314,890,0
MLG,D,20141212,000000,31.712,33.485,31.712,33.466,45076,0
MLG,D,20141215,000000,33.532,35.257,32.552,32.552,1313,0
MLG,D,20141216,000000,32.645,32.645,30.5,32.011,3784,0
MLG,D,20141217,000000,31.712,32.645,31.712,32.645,28422,0
MLG,D,20141218,000000,32.645,33.391,31.712,33.344,41988,0
MLG,D,20141219,000000,31.712,31.806,31.675,31.712,11239,0
MLG,D,20141222,000000,31.712,33.784,31.712,31.712,21640,0
MLG,D,20141223,000000,31.712,32.515,31.712,31.712,9276,0
MLG,D,20141229,000000,32.206,32.206,31.712,31.712,4601,0
MLG,D,20141230,000000,31.712,32.552,31.703,32.552,17690,0
MLG,D,20150102,000000,32.552,32.552,31.554,31.554,2466,0
MLG,D,20150105,000000,31.806,32.645,31.712,32.645,5771,0
MLG,D,20150107,000000,33.065,33.065,31.069,31.507,6609,0
MLG,D,20150108,000000,32.319,32.319,32.001,32.319,1933,0
MLG,D,20150109,000000,32.329,33.065,32.329,32.645,177,0
MLG,D,20150112,000000,32.645,32.645,32.645,32.645,115,0
MLG,D,20150113,000000,32.925,32.925,32.319,32.319,250,0
MLG,D,20150114,000000,33.205,33.205,32.458,32.458,191,0
MLG,D,20150115,000000,32.468,33.196,32.338,32.338,783,0
MLG,D,20150116,000000,32.347,32.347,32.347,32.347,5,0
MLG,D,20150119,000000,32.329,32.329,31.712,31.712,618,0
MLG,D,20150120,000000,31.246,31.712,31.069,31.34,484,0
MLG,D,20150121,000000,31.34,31.712,31.34,31.526,157,0
MLG,D,20150122,000000,31.618,31.618,30.789,30.789,162,0
MLG,D,20150123,000000,31.618,31.618,31.618,31.618,5,0
MLG,D,20150126,000000,30.78,31.824,30.78,31.824,136,0
MLG,D,20150127,000000,32.31,32.31,30.789,30.789,189,0
MLG,D,20150130,000000,29.857,31.041,29.567,30.062,1446,0
MLG,D,20150202,000000,30.314,30.314,30.314,30.314,5,0
MLG,D,20150203,000000,30.314,30.314,30.314,30.314,44,0
MLG,D,20150204,000000,30.78,30.78,30.78,30.78,39,0
MLG,D,20150205,000000,30.78,30.78,30.78,30.78,1,0
MLG,D,20150206,000000,30.78,30.78,30.78,30.78,5,0
MLG,D,20150209,000000,30.78,30.78,30.686,30.78,137,0
MLG,D,20150210,000000,29.847,29.847,29.399,29.399,61,0
MLG,D,20150211,000000,29.399,30.845,29.399,30.845,536,0
MLG,D,20150212,000000,29.772,31.236,29.772,31.236,270,0
MLG,D,20150213,000000,31.815,31.815,31.815,31.815,5,0
MLG,D,20150216,000000,31.806,34.511,31.618,34.511,214565,0
MLG,D,20150217,000000,34.408,34.464,32.832,34.464,109,0
MLG,D,20150218,000000,34.371,34.371,34.371,34.371,22,0
MLG,D,20150219,000000,34.464,34.464,34.464,34.464,1,0
MLG,D,20150220,000000,34.306,34.306,32.832,32.832,233,0
MLG,D,20150223,000000,32.832,32.832,31.536,31.536,638,0
MLG,D,20150224,000000,31.536,31.536,30.593,30.593,247,0
MLG,D,20150225,000000,30.406,30.826,30.406,30.826,113,0
MLG,D,20150226,000000,30.826,30.826,30.314,30.314,204,0
MLG,D,20150227,000000,30.314,30.314,29.903,29.903,64,0
MLG,D,20150302,000000,29.912,30.845,29.912,30.845,302,0
MLG,D,20150303,000000,30.873,30.873,30.873,30.873,5,0
MLG,D,20150304,000000,30.873,30.873,30.873,30.873,5,0
MLG,D,20150305,000000,30.873,30.873,30.528,30.528,325,0
MLG,D,20150306,000000,30.528,30.528,30.528,30.528,2,0
MLG,D,20150309,000000,30.78,30.78,29.931,29.931,399,0
MLG,D,20150310,000000,29.94,29.94,29.94,29.94,21,0
MLG,D,20150311,000000,29.94,29.94,29.94,29.94,22,0
MLG,D,20150312,000000,29.922,29.922,29.922,29.922,140,0
MLG,D,20150313,000000,29.922,29.922,29.922,29.922,11,0
MLG,D,20150316,000000,29.922,30.547,29.922,30.547,387,0
MLG,D,20150317,000000,30.547,30.547,30.547,30.547,5,0
MLG,D,20150318,000000,30.547,30.547,30.547,30.547,5,0
MLG,D,20150319,000000,30.547,30.547,30.547,30.547,5,0
MLG,D,20150320,000000,30.547,30.547,30.547,30.547,5,0
MLG,D,20150323,000000,30.547,30.547,29.381,29.381,33,0
MLG,D,20150324,000000,29.381,29.39,29.381,29.381,225,0
MLG,D,20150325,000000,29.381,29.381,29.335,29.335,37,0
MLG,D,20150326,000000,30.314,30.314,30.314,30.314,16,0
MLG,D,20150327,000000,30.547,30.547,30.547,30.547,2,0
MLG,D,20150330,000000,30.547,30.547,30.547,30.547,1,0
MLG,D,20150331,000000,30.547,30.547,30.5,30.5,34,0
MLG,D,20150401,000000,30.547,30.547,30.547,30.547,1,0
MLG,D,20150402,000000,30.22,30.22,30.22,30.22,1,0
MLG,D,20150407,000000,30.22,30.22,30.22,30.22,1,0
MLG,D,20150408,000000,30.22,30.22,30.22,30.22,1,0
MLG,D,20150409,000000,30.22,30.22,30.22,30.22,5,0
MLG,D,20150410,000000,30.22,30.22,28.821,28.821,17,0
MLG,D,20150413,000000,30.22,30.22,30.22,30.22,2,0
MLG,D,20150414,000000,30.22,30.22,30.22,30.22,1,0
MLG,D,20150415,000000,30.22,30.22,30.22,30.22,1,0
MLG,D,20150416,000000,30.22,30.22,28.821,28.821,37,0
MLG,D,20150417,000000,28.821,28.821,28.821,28.821,3,0
MLG,D,20150420,000000,30.22,30.22,30.22,30.22,5,0
MLG,D,20150421,000000,30.21,30.21,30.21,30.21,1,0
MLG,D,20150422,000000,30.21,30.21,30.21,30.21,5,0
MLG,D,20150423,000000,30.21,30.21,28.774,28.774,2,0
MLG,D,20150424,000000,28.774,28.774,28.542,28.542,138,0
MLG,D,20150427,000000,28.448,28.448,28.448,28.448,23,0
MLG,D,20150428,000000,29.381,29.381,29.381,29.381,11,0
MLG,D,20150429,000000,29.847,29.847,28.466,28.466,57,0
MLG,D,20150430,000000,28.476,29.669,28.476,29.669,54,0
MLG,D,20150504,000000,29.847,29.847,29.567,29.847,5,0
MLG,D,20150505,000000,28.914,29.381,28.914,28.914,15610,0
MLG,D,20150511,000000,28.924,28.924,28.924,28.924,2,0
MLG,D,20150512,000000,28.942,28.942,28.924,28.924,11,0
MLG,D,20150514,000000,29.017,29.017,29.017,29.017,3,0
MLG,D,20150515,000000,29.203,30.314,29.203,30.314,1082,0
MLG,D,20150518,000000,30.314,30.351,29.203,30.351,1194,0
MLG,D,20150519,000000,30.406,30.406,30.406,30.406,1,0
MLG,D,20150520,000000,30.406,30.406,30.406,30.406,1,0
MLG,D,20150521,000000,30.406,30.406,29.986,29.986,54,0
MLG,D,20150522,000000,30.406,30.406,30.406,30.406,1,0
MLG,D,20150525,000000,29.007,29.381,29.007,29.381,1094,0
MLG,D,20150526,000000,29.875,29.875,29.875,29.875,107,0
MLG,D,20150527,000000,29.875,31.078,29.875,31.06,809,0
MLG,D,20150528,000000,31.199,31.199,31.199,31.199,32,0
MLG,D,20150529,000000,31.834,32.02,31.834,31.993,815,0
MLG,D,20150601,000000,31.75,32.635,31.75,32.635,112,0
MLG,D,20150602,000000,32.739,32.739,32.739,32.739,27,0
MLG,D,20150603,000000,33.532,33.532,33.532,33.532,53,0
MLG,D,20150605,000000,33.532,33.532,33.532,33.532,21,0
MLG,D,20150608,000000,33.532,33.532,33.532,33.532,1,0
MLG,D,20150609,000000,33.532,33.532,32.645,32.645,115,0
MLG,D,20150610,000000,32.645,32.645,32.645,32.645,230,0
MLG,D,20150611,000000,33.289,33.298,33.289,33.298,2,0
MLG,D,20150612,000000,33.532,33.532,32.179,32.179,44,0
MLG,D,20150615,000000,33.289,33.298,33.289,33.298,2,0
MLG,D,20150616,000000,33.475,33.475,31.712,31.712,648,0
MLG,D,20150617,000000,31.703,31.703,30.78,31.331,807,0
MLG,D,20150618,000000,31.331,31.331,31.331,31.331,216,0
MLG,D,20150619,000000,31.703,31.703,31.432,31.432,2,0
MLG,D,20150623,000000,31.703,31.703,31.227,31.227,247,0
MLG,D,20150624,000000,31.712,31.712,31.712,31.712,1,0
MLG,D,20150625,000000,30.78,30.855,29.381,30.686,148167,0
MLG,D,20150626,000000,30.509,31.703,30.509,31.703,225,0
MLG,D,20150629,000000,29.847,31.246,29.847,31.246,268,0
MLG,D,20150630,000000,29.399,30.855,29.399,30.78,130,0
MLG,D,20150701,000000,30.855,30.855,30.855,30.855,244,0
MLG,D,20150703,000000,30.92,30.948,30.92,30.948,11,0
MLG,D,20150706,000000,30.78,30.78,30.314,30.314,1519,0
MLG,D,20150707,000000,31.34,31.34,30.396,30.396,986,0
MLG,D,20150708,000000,30.304,30.304,30.304,30.304,5,0
MLG,D,20150709,000000,30.304,30.304,30.304,30.304,80,0
MLG,D,20150710,000000,30.304,30.314,30.304,30.314,235,0
MLG,D,20150713,000000,30.314,30.314,27.282,30.314,1572,0
MLG,D,20150714,000000,30.314,30.314,30.314,30.314,107,0
MLG,D,20150715,000000,30.314,30.314,30.314,30.314,27,0
MLG,D,20150716,000000,30.314,30.314,30.314,30.314,11,0
MLG,D,20150717,000000,30.314,30.314,30.314,30.314,11,0
MLG,D,20150720,000000,30.314,30.314,30.314,30.314,5,0
MLG,D,20150721,000000,30.314,30.406,30.314,30.406,15,0
MLG,D,20150722,000000,30.314,30.314,30.314,30.314,210,0
MLG,D,20150723,000000,29.94,29.94,29.94,29.94,5,0
MLG,D,20150724,000000,30.314,30.314,30.314,30.314,69,0
MLG,D,20150727,000000,29.94,29.94,29.94,29.94,11,0
MLG,D,20150728,000000,29.521,29.53,29.521,29.521,259,0
MLG,D,20150729,000000,29.474,29.474,29.474,29.474,5,0
MLG,D,20150730,000000,29.483,29.483,29.474,29.474,21,0
MLG,D,20150731,000000,29.474,29.474,29.474,29.474,5,0
MLG,D,20150803,000000,29.483,29.483,29.474,29.474,21,0
MLG,D,20150804,000000,29.483,29.483,29.474,29.474,21,0
MLG,D,20150805,000000,29.493,30.733,29.493,30.733,37,0
MLG,D,20150807,000000,30.686,30.733,30.686,30.733,15,0
MLG,D,20150810,000000,30.686,30.733,30.686,30.733,21,0
MLG,D,20150811,000000,30.733,30.733,30.09,30.09,1046,0
MLG,D,20150813,000000,30.09,30.09,30.09,30.09,445,0
MLG,D,20150817,000000,30.314,30.361,30.314,30.361,11,0
MLG,D,20150818,000000,30.314,30.361,30.314,30.314,268,0
MLG,D,20150819,000000,28.97,30.314,28.96,30.314,564,0
MLG,D,20150821,000000,30.314,30.361,30.314,30.361,16,0
MLG,D,20150824,000000,28.96,29.764,28.96,29.353,2267,0
MLG,D,20150826,000000,29.791,30.314,29.791,30.314,320,0
MLG,D,20150827,000000,30.733,31.526,27.665,29.54,1407,0
MLG,D,20150828,000000,28,30.304,28,28.849,627,0
MLG,D,20150831,000000,28.942,30.314,28.933,30.314,1023,0
MLG,D,20150901,000000,32.123,32.123,29.381,30.128,833,0
MLG,D,20150902,000000,29.335,30.128,29.335,30.128,257,0
MLG,D,20150904,000000,30.128,30.128,30.128,30.128,12,0
MLG,D,20150907,000000,28.868,30.78,28.868,30.78,307,0
MLG,D,20150909,000000,30.304,30.304,29.381,29.381,288,0
MLG,D,20150910,000000,30.22,30.22,30.22,30.22,5,0
MLG,D,20150911,000000,30.295,30.295,30.295,30.295,2,0
MLG,D,20150914,000000,30.314,30.314,30.314,30.314,64,0
MLG,D,20150915,000000,30.314,30.314,30.314,30.314,515,0
MLG,D,20150916,000000,30.314,30.686,29.381,30.686,20,0
MLG,D,20150917,000000,30.314,30.314,30.314,30.314,53,0
MLG,D,20150918,000000,30.855,30.855,29.381,29.381,688,0
MLG,D,20150921,000000,29.381,29.381,29.381,29.381,5,0
MLG,D,20150922,000000,30.5,30.855,30.5,30.855,11,0
MLG,D,20150923,000000,30.78,30.855,30.78,30.855,21,0
MLG,D,20150925,000000,30.78,30.78,30.033,30.78,898,0
MLG,D,20150928,000000,30.78,30.855,30.081,30.855,335,0
MLG,D,20150929,000000,30.78,30.855,30.78,30.855,11,0
MLG,D,20150930,000000,30.938,30.938,30.938,30.938,11,0
MLG,D,20151001,000000,30.91,30.91,30.91,30.91,16,0
MLG,D,20151002,000000,30.91,32.635,30.556,32.635,26589,0
MLG,D,20151005,000000,32.645,33.102,32.645,33.102,124,0
MLG,D,20151006,000000,33.289,33.289,33.289,33.289,54,0
MLG,D,20151007,000000,33.317,33.485,33.317,33.485,1067,0
MLG,D,20151008,000000,33.344,33.344,32.179,32.179,236,0
MLG,D,20151009,000000,32.972,32.972,32.972,32.972,11,0
MLG,D,20151012,000000,32.972,32.972,32.972,32.972,21,0
MLG,D,20151013,000000,32.748,32.748,32.748,32.748,21,0
MLG,D,20151014,000000,32.179,32.179,31.731,31.731,256,0
MLG,D,20151015,000000,31.731,33.42,28.97,33.42,615,0
MLG,D,20151016,000000,32.188,33.289,32.188,33.289,70,0
MLG,D,20151019,000000,33.27,33.27,32.477,32.505,1137,0
MLG,D,20151020,000000,33.092,33.092,33.092,33.092,11,0
MLG,D,20151021,000000,33.092,33.092,33.092,33.092,11,0
MLG,D,20151022,000000,33.092,33.092,32.086,32.645,139594,0
MLG,D,20151023,000000,32.086,32.635,32.086,32.635,430,0
MLG,D,20151026,000000,32.645,32.645,32.635,32.635,43,0
MLG,D,20151027,000000,32.635,32.635,32.365,32.365,285,0
MLG,D,20151028,000000,32.635,32.635,32.616,32.616,49,0
MLG,D,20151029,000000,32.616,32.616,31.712,31.712,502,0
MLG,D,20151030,000000,31.712,31.712,31.451,31.451,327,0
MLG,D,20151103,000000,31.712,31.712,31.712,31.712,11,0
MLG,D,20151105,000000,32.813,37.207,32.813,36.795,1868,0
MLG,D,20151106,000000,36.18,36.18,34.558,35.9,344,0
MLG,D,20151109,000000,35.835,35.835,35.835,35.835,32,0
MLG,D,20151110,000000,34.697,34.697,34.697,34.697,2,0
MLG,D,20151112,000000,34.716,34.716,34.716,34.716,4,0
MLG,D,20151113,000000,34.716,34.716,34.511,34.511,60,0
MLG,D,20151116,000000,34.744,34.744,34.399,34.399,2540,0
MLG,D,20151117,000000,34.427,34.604,34.427,34.604,166,0
MLG,D,20151118,000000,34.604,34.604,34.604,34.604,20,0
MLG,D,20151120,000000,35.434,35.434,35.434,35.434,4,0
MLG,D,20151123,000000,34.511,34.511,34.044,34.044,243,0
MLG,D,20151124,000000,34.977,38.195,34.977,38.195,703,0
MLG,D,20151126,000000,36.721,36.721,36.721,36.721,11,0
MLG,D,20151127,000000,35.49,35.49,35.49,35.49,1,0
MLG,D,20151201,000000,35.49,35.49,35.444,35.444,424,0
MLG,D,20151202,000000,35.444,35.444,35.444,35.444,62,0
MLG,D,20151203,000000,36.721,36.721,36.721,36.721,500,0
MLG,D,20151204,000000,36.721,36.721,36.721,36.721,5,0
MLG,D,20151207,000000,36.721,36.721,36.133,36.133,374,0
MLG,D,20151208,000000,36.721,36.721,35.537,35.537,118,0
MLG,D,20151209,000000,35.537,35.537,35.537,35.537,15,0
MLG,D,20151210,000000,35.77,35.77,34.977,35.77,2423,0
MLG,D,20151211,000000,35.088,35.088,35.088,35.088,1159,0
MLG,D,20151214,000000,34.044,36.367,34.044,36.367,692,0
MLG,D,20151215,000000,36.05,36.227,35.444,35.444,89,0
MLG,D,20151216,000000,35.444,35.444,34.044,35.425,348,0
MLG,D,20151217,000000,34.044,36.338,33.111,36.338,1957,0
MLG,D,20151218,000000,36.19,36.19,34.594,34.594,229,0
MLG,D,20151221,000000,35.397,35.425,35.397,35.425,558,0
MLG,D,20151222,000000,36.47,36.47,36.47,36.47,2,0
MLG,D,20151223,000000,36.265,36.265,36.265,36.265,61,0
MLG,D,20151228,000000,36.265,36.319,36.265,36.319,4289,0
MLG,D,20151229,000000,36.227,36.319,36.227,36.319,4299,0
MLG,D,20151230,000000,36.283,36.283,36.283,36.283,5372,0
MLG,D,20160104,000000,35.453,35.453,34.977,34.977,416,0
MLG,D,20160105,000000,35.444,35.444,35.444,35.444,4438,0
MLG,D,20160107,000000,34.044,34.044,34.044,34.044,11,0
MLG,D,20160108,000000,35.434,35.434,35.434,35.434,11,0
MLG,D,20160111,000000,35.434,35.444,34.558,34.558,149,0
MLG,D,20160112,000000,35.714,35.714,35.695,35.695,21,0
MLG,D,20160114,000000,35.397,35.397,35.397,35.397,21,0
MLG,D,20160115,000000,35.425,35.425,35.397,35.397,11,0
MLG,D,20160118,000000,35.35,35.35,35.35,35.35,5,0
MLG,D,20160119,000000,35.425,35.425,35.397,35.397,21,0
MLG,D,20160120,000000,35.35,35.35,35.35,35.35,11,0
MLG,D,20160121,000000,35.444,35.444,35.444,35.444,11,0
MLG,D,20160122,000000,35.444,35.444,31.899,32.468,1798,0
MLG,D,20160125,000000,33.625,33.625,33.625,33.625,2,0
MLG,D,20160126,000000,34.818,34.818,34.818,34.818,2,0
MLG,D,20160127,000000,34.977,34.977,34.977,34.977,2,0
MLG,D,20160128,000000,34.864,34.864,34.613,34.613,73,0
MLG,D,20160129,000000,34.977,34.977,34.977,34.977,2,0
MLG,D,20160201,000000,34.968,34.968,34.968,34.968,11,0
MLG,D,20160202,000000,34.949,34.949,34.949,34.949,5,0
MLG,D,20160203,000000,34.94,34.94,34.94,34.94,5,0
MLG,D,20160204,000000,34.893,35.116,34.893,35.116,74,0
MLG,D,20160205,000000,34.977,35.35,34.977,35.35,107,0
MLG,D,20160208,000000,35.331,35.331,32.645,34.268,555,0
MLG,D,20160209,000000,35.248,35.248,33.625,33.625,27,0
MLG,D,20160210,000000,33.625,33.625,33.111,33.111,134,0
MLG,D,20160211,000000,33.485,33.765,33.485,33.765,508,0
MLG,D,20160212,000000,34.846,34.846,34.846,34.846,5,0
MLG,D,20160215,000000,34.828,34.828,34.828,34.828,65,0
MLG,D,20160216,000000,35.248,35.248,33.625,34.137,18,0
MLG,D,20160217,000000,34.791,34.791,34.791,34.791,11,0
MLG,D,20160218,000000,35.239,35.239,35.239,35.239,5,0
MLG,D,20160219,000000,35.248,35.248,35.248,35.248,5,0
MLG,D,20160222,000000,34.791,34.791,34.791,34.791,5,0
MLG,D,20160223,000000,34.791,34.791,34.044,34.791,13,0
MLG,D,20160224,000000,34.791,34.791,34.044,34.52,245,0
MLG,D,20160225,000000,34.511,34.511,33.812,34.511,280,0
MLG,D,20160226,000000,34.511,34.511,34.511,34.511,5,0
MLG,D,20160229,000000,35.34,35.34,33.951,35.331,256,0
MLG,D,20160301,000000,35.34,35.34,35.331,35.331,23,0
MLG,D,20160302,000000,35.34,35.34,34.511,34.511,1001,0
MLG,D,20160303,000000,35.34,35.34,35.34,35.34,11,0
MLG,D,20160304,000000,35.34,35.34,33.857,35.312,139,0
MLG,D,20160307,000000,35.069,35.069,34.445,35.069,758,0
MLG,D,20160308,000000,34.511,34.511,34.511,34.511,5,0
MLG,D,20160309,000000,34.511,34.511,34.511,34.511,113,0
MLG,D,20160310,000000,34.511,34.511,34.511,34.511,5,0
MLG,D,20160311,000000,35.303,35.303,34.137,34.511,483,0
MLG,D,20160314,000000,35.303,35.303,34.137,34.511,188,0
MLG,D,20160315,000000,35.257,35.257,35.257,35.257,5,0
MLG,D,20160316,000000,35.257,35.257,35.257,35.257,5,0
MLG,D,20160317,000000,35.257,35.257,35.257,35.257,5,0
MLG,D,20160318,000000,35.257,36.004,35.257,36.004,96794,0
MLG,D,20160321,000000,36.096,36.319,36.096,36.171,54538,0
MLG,D,20160322,000000,36.319,36.319,36.283,36.283,69,0
MLG,D,20160323,000000,36.319,36.319,35.369,36.171,69,0
MLG,D,20160324,000000,36.319,36.319,36.319,36.319,148,0
MLG,D,20160329,000000,36.319,36.562,36.319,36.562,1663,0
MLG,D,20160330,000000,36.74,36.842,36.74,36.842,43077,0
MLG,D,20160331,000000,37.308,37.308,37.216,37.308,1246,0
MLG,D,20160401,000000,36.534,37.299,36.534,37.216,321,0
MLG,D,20160404,000000,37.299,37.299,37.299,37.299,53,0
MLG,D,20160405,000000,37.299,37.299,35.909,37.299,71,0
MLG,D,20160406,000000,36.749,37.299,36.749,37.289,150,0
MLG,D,20160407,000000,37.289,37.299,36.562,37.207,81,0
MLG,D,20160408,000000,37.207,37.207,37.207,37.207,58,0
MLG,D,20160411,000000,37.197,37.308,37.029,37.308,917,0
MLG,D,20160412,000000,37.308,38.186,35.909,37.775,107477,0
MLG,D,20160413,000000,39.174,39.174,37.317,39.174,2294,0
MLG,D,20160414,000000,40.844,40.844,38.242,38.242,446,0
MLG,D,20160415,000000,38.242,39.174,38.242,39.081,39,0
MLG,D,20160418,000000,39.081,39.081,39.081,39.081,27,0
MLG,D,20160419,000000,39.081,39.081,39.081,39.081,5,0
MLG,D,20160420,000000,39.081,39.127,39.034,39.127,761,0
MLG,D,20160421,000000,39.127,39.127,37.317,38.662,804,0
MLG,D,20160422,000000,38.941,38.941,38.708,38.708,13,0
MLG,D,20160425,000000,38.708,38.708,35.63,37.308,459,0
MLG,D,20160426,000000,38.242,38.242,37.308,37.308,648,0
MLG,D,20160427,000000,37.308,37.308,37.299,37.299,12,0
MLG,D,20160428,000000,36.852,37.299,36.852,37.084,230,0
MLG,D,20160429,000000,37.29,37.308,36.47,37.308,74,0
MLG,D,20160502,000000,37.308,37.308,36.376,37.308,284,0
MLG,D,20160504,000000,37.308,37.308,37.308,37.308,928,0
MLG,D,20160505,000000,37.308,37.308,37.308,37.308,113,0
MLG,D,20160506,000000,36.842,37.263,36.376,36.423,1058,0
MLG,D,20160509,000000,38.147,38.147,37.959,37.959,289,0
MLG,D,20160510,000000,37.959,37.959,37.959,37.959,5,0
MLG,D,20160511,000000,37.939,37.939,37.939,37.939,5,0
MLG,D,20160512,000000,37.969,37.969,37.969,37.969,5,0
MLG,D,20160513,000000,37.939,37.939,37.939,37.939,5,0
MLG,D,20160516,000000,37.939,37.939,37.067,37.067,119,0
MLG,D,20160517,000000,37.562,37.562,37.067,37.067,1052,0
MLG,D,20160518,000000,37.552,37.552,36.482,36.482,6,0
MLG,D,20160519,000000,36.175,37.552,36.175,37.542,207,0
MLG,D,20160520,000000,37.532,37.662,35.927,37.662,11303,0
MLG,D,20160523,000000,37.513,39.148,37.513,37.662,11411,0
MLG,D,20160524,000000,38.643,38.643,37.662,37.662,758,0
MLG,D,20160525,000000,37.662,37.662,37.662,37.662,10,0
MLG,D,20160527,000000,37.959,37.959,37.959,37.959,2,0
MLG,D,20160530,000000,38.147,38.147,37.464,37.464,5659,0
MLG,D,20160531,000000,37.969,37.969,37.969,37.969,10,0
MLG,D,20160601,000000,37.662,37.662,36.918,37.662,24263,0
MLG,D,20160602,000000,37.662,37.662,37.662,37.662,116354,0
MLG,D,20160603,000000,38.068,38.068,37.662,37.662,106,0
MLG,D,20160606,000000,37.969,37.969,37.969,37.969,30,0
MLG,D,20160607,000000,37.969,37.969,37.969,37.969,5,0
MLG,D,20160608,000000,37.969,39.148,37.662,39.148,17162,0
MLG,D,20160609,000000,39.109,39.109,37.662,37.662,404,0
MLG,D,20160610,000000,39.148,39.148,39.019,39.128,257,0
MLG,D,20160613,000000,39.019,39.019,39.019,39.019,70,0
MLG,D,20160614,000000,38.653,38.653,38.653,38.653,5,0
MLG,D,20160615,000000,38.999,38.999,37.662,38.95,16639,0
MLG,D,20160616,000000,38.94,38.94,37.662,38.93,100909,0
MLG,D,20160617,000000,38.94,38.94,38.94,38.94,5,0
MLG,D,20160620,000000,37.86,38.851,37.761,37.761,38,0
MLG,D,20160621,000000,38.91,38.91,38.91,38.91,20,0
MLG,D,20160622,000000,38.91,38.94,38.91,38.94,25,0
MLG,D,20160623,000000,38.94,38.94,37.166,38.94,27,0
MLG,D,20160624,000000,38.94,38.94,38.167,38.841,4950,0
MLG,D,20160627,000000,38.91,38.91,37.662,38.831,9259,0
MLG,D,20160628,000000,38.94,38.94,38.94,38.94,5,0
MLG,D,20160629,000000,38.94,38.94,38.93,38.94,497,0
MLG,D,20160630,000000,38.95,38.95,38.94,38.95,768,0
MLG,D,20160701,000000,39.524,39.524,39.148,39.148,151,0
MLG,D,20160704,000000,38.653,38.653,38.653,38.653,144,0
MLG,D,20160705,000000,39.446,39.446,37.662,37.662,353,0
MLG,D,20160706,000000,38.653,39.019,38.643,39.019,75,0
MLG,D,20160707,000000,39.019,39.019,38.653,38.95,15,0
MLG,D,20160708,000000,38.93,38.93,37.067,37.067,2,0
MLG,D,20160711,000000,37.067,38.485,37.067,38.167,109,0
MLG,D,20160712,000000,38.167,38.693,38.167,38.693,70,0
MLG,D,20160713,000000,38.693,38.693,38.693,38.693,5,0
MLG,D,20160714,000000,37.662,37.662,37.662,37.662,32,0
MLG,D,20160715,000000,37.662,37.662,37.662,37.662,5,0
MLG,D,20160718,000000,37.662,37.662,37.662,37.662,5,0
MLG,D,20160719,000000,37.662,37.662,37.662,37.662,3,0
MLG,D,20160720,000000,37.662,37.662,37.662,37.662,20,0
MLG,D,20160721,000000,37.652,37.652,37.652,37.652,6,0
MLG,D,20160722,000000,37.959,37.959,37.959,37.959,5,0
MLG,D,20160725,000000,37.761,37.761,36.671,37.662,61,0
MLG,D,20160726,000000,37.662,37.662,37.662,37.662,1,0
MLG,D,20160727,000000,37.662,37.662,37.662,37.662,1,0
MLG,D,20160728,000000,37.562,37.562,37.562,37.562,1,0
MLG,D,20160729,000000,37.562,37.562,37.562,37.562,1,0
MLG,D,20160801,000000,37.552,37.552,35.907,36.472,293,0
MLG,D,20160802,000000,36.472,36.869,36.472,36.869,3,0
MLG,D,20160803,000000,37.266,37.266,36.472,36.472,34,0
MLG,D,20160804,000000,36.472,36.671,29.733,36.671,84142,0
MLG,D,20160805,000000,35.184,36.68,35.184,36.671,9013,0
MLG,D,20160808,000000,37.83,37.959,37.662,37.959,378,0
MLG,D,20160809,000000,37.959,37.959,37.959,37.959,5,0
MLG,D,20160810,000000,37.959,37.959,37.662,37.959,1925,0
MLG,D,20160811,000000,37.959,37.959,37.959,37.959,5,0
MLG,D,20160812,000000,37.959,37.959,37.959,37.959,187,0
MLG,D,20160816,000000,39.148,39.148,39.009,39.019,20,0
MLG,D,20160817,000000,39.524,39.614,39.524,39.614,12,0
MLG,D,20160818,000000,39.614,39.614,39.614,39.614,5,0
MLG,D,20160819,000000,37.662,39.594,37.662,39.594,11525,0
MLG,D,20160822,000000,39.128,39.148,39.128,39.148,10,0
MLG,D,20160823,000000,39.138,39.148,37.662,39.148,74,0
MLG,D,20160824,000000,39.148,39.148,39.148,39.148,2,0
MLG,D,20160825,000000,39.138,39.138,39.138,39.138,2,0
MLG,D,20160826,000000,39.138,39.138,39.138,39.138,3,0
MLG,D,20160829,000000,39.138,39.138,37.662,39.138,4,0
MLG,D,20160830,000000,39.138,39.138,39.138,39.138,2,0
MLG,D,20160831,000000,39.138,39.138,37.662,39.138,25279,0
MLG,D,20160901,000000,39.049,39.049,39.049,39.049,2,0
MLG,D,20160902,000000,39.039,39.039,39.039,39.039,2,0
MLG,D,20160905,000000,39.039,39.039,39.039,39.039,25227,0
MLG,D,20160906,000000,39.524,39.634,37.662,39.039,518,0
MLG,D,20160907,000000,39.039,39.039,39.039,39.039,2,0
MLG,D,20160908,000000,39.029,39.029,38.653,39.019,227,0
MLG,D,20160909,000000,39.029,39.029,39.029,39.029,2,0
MLG,D,20160912,000000,39.029,39.029,39.029,39.029,2,0
MLG,D,20160913,000000,39.029,39.029,37.711,39.029,20312,0
MLG,D,20160914,000000,39.029,39.029,39.029,39.029,2,0
MLG,D,20160915,000000,39.029,39.029,39.029,39.029,2,0
MLG,D,20160916,000000,39.029,39.029,39.029,39.029,2,0
MLG,D,20160919,000000,39.029,39.029,37.662,39.029,25430,0
MLG,D,20160920,000000,39.832,39.832,39.832,39.832,53,0
MLG,D,20160921,000000,39.029,39.029,37.662,39.029,12119,0
MLG,D,20160922,000000,39.832,39.832,38.95,39.742,5254,0
MLG,D,20160923,000000,39.842,39.842,39.842,39.842,5,0
MLG,D,20160926,000000,39.842,40.635,38.761,40.635,2781,0
MLG,D,20160927,000000,41.576,41.814,40.685,40.685,550,0
MLG,D,20160928,000000,41.824,42.617,41.626,42.32,1309,0
MLG,D,20160929,000000,42.617,43.311,40.437,40.437,60739,0
MLG,D,20160930,000000,39.148,43.311,39.148,43.113,44599,0
MLG,D,20161003,000000,43.261,43.261,43.113,43.113,657,0
MLG,D,20161004,000000,43.113,43.113,43.113,43.113,16381,0
MLG,D,20161005,000000,43.251,43.251,41.17,43.113,2177,0
MLG,D,20161006,000000,43.251,43.251,43.251,43.251,1,0
MLG,D,20161007,000000,43.251,43.251,43.231,43.241,930,0
MLG,D,20161010,000000,41.696,43.241,41.696,43.241,659,0
MLG,D,20161011,000000,43.251,43.251,42.637,42.815,246,0
MLG,D,20161012,000000,43.251,43.251,43.251,43.251,33,0
MLG,D,20161013,000000,43.251,43.251,43.211,43.251,5055,0
MLG,D,20161014,000000,43.261,43.489,42.716,43.211,2206,0
MLG,D,20161017,000000,43.588,43.588,43.588,43.588,5,0
MLG,D,20161018,000000,43.588,43.588,42.716,43.588,61,0
MLG,D,20161019,000000,43.588,43.588,43.588,43.588,111,0
MLG,D,20161020,000000,43.588,43.588,43.588,43.588,3,0
MLG,D,20161021,000000,43.588,43.588,43.588,43.588,3,0
MLG,D,20161024,000000,43.588,43.588,43.063,43.588,149,0
MLG,D,20161025,000000,43.588,43.588,43.588,43.588,3,0
MLG,D,20161026,000000,43.588,43.588,43.588,43.588,3,0
MLG,D,20161027,000000,43.588,43.588,43.588,43.588,5,0
MLG,D,20161028,000000,43.588,43.588,42.122,43.588,1895,0
MLG,D,20161031,000000,43.588,43.588,43.588,43.588,3,0
MLG,D,20161102,000000,43.588,43.588,43.588,43.588,2,0
MLG,D,20161103,000000,43.113,43.588,43.113,43.588,6,0
MLG,D,20161104,000000,43.588,43.588,43.123,43.123,121,0
MLG,D,20161107,000000,43.588,43.588,42.993,43.559,109,0
MLG,D,20161108,000000,43.579,43.579,43.579,43.579,2,0
MLG,D,20161109,000000,43.549,43.549,43.549,43.549,2,0
MLG,D,20161110,000000,43.549,43.549,41.131,41.131,427,0
MLG,D,20161114,000000,43.588,43.588,43.588,43.588,2,0
MLG,D,20161115,000000,43.559,43.559,43.559,43.559,3,0
MLG,D,20161116,000000,43.559,43.559,43.559,43.559,2,0
MLG,D,20161117,000000,43.559,43.559,43.559,43.559,2,0
MLG,D,20161118,000000,43.559,43.588,43.113,43.588,242,0
MLG,D,20161121,000000,43.588,43.588,43.588,43.588,2,0
MLG,D,20161122,000000,43.588,43.588,43.588,43.588,2,0
MLG,D,20161123,000000,43.588,43.588,43.588,43.588,2,0
MLG,D,20161124,000000,43.588,43.588,43.588,43.588,86,0
MLG,D,20161125,000000,43.588,43.588,43.588,43.588,24,0
MLG,D,20161128,000000,43.588,43.588,43.588,43.588,2,0
MLG,D,20161129,000000,43.588,43.588,43.588,43.588,2,0
MLG,D,20161130,000000,43.588,43.588,43.588,43.588,30,0
MLG,D,20161201,000000,43.588,43.588,43.588,43.588,2,0
MLG,D,20161202,000000,43.588,43.588,43.588,43.588,2,0
MLG,D,20161205,000000,43.588,43.588,43.509,43.588,4,0
MLG,D,20161206,000000,43.588,43.588,43.509,43.509,78462,0
MLG,D,20161207,000000,43.588,43.588,43.588,43.588,2,0
MLG,D,20161208,000000,43.588,43.588,43.588,43.588,2,0
MLG,D,20161209,000000,43.588,43.588,43.588,43.588,90,0
MLG,D,20161212,000000,43.588,43.588,43.588,43.588,2,0
MLG,D,20161213,000000,43.588,43.588,43.588,43.588,2,0
MLG,D,20161214,000000,43.588,43.588,43.588,43.588,2,0
MLG,D,20161215,000000,44.104,44.222,43.608,44.192,64,0
MLG,D,20161216,000000,44.42,44.42,44.401,44.401,5,0
MLG,D,20161220,000000,44.401,44.401,42.32,44.392,21912,0
MLG,D,20161221,000000,44.392,44.392,44.392,44.392,1,0
MLG,D,20161222,000000,44.054,44.054,44.054,44.054,1,0
MLG,D,20161223,000000,43.985,43.985,43.985,43.985,1,0
MLG,D,20161227,000000,44.52,44.53,42.815,44.5,230,0
MLG,D,20161228,000000,43.113,44.5,42.419,42.419,224,0
MLG,D,20161229,000000,43.598,44.5,43.598,43.806,763,0
MLG,D,20161230,000000,44.5,44.738,43.608,44.738,1234,0
MLG,D,20170102,000000,44.738,46.304,44.738,46.304,163,0
MLG,D,20170109,000000,46.304,46.304,46.304,46.304,5,0
MLG,D,20170112,000000,47.077,47.077,46.582,46.582,192,0
MLG,D,20170113,000000,47.077,47.077,47.077,47.077,10,0
MLG,D,20170116,000000,47.077,47.077,47.077,47.077,2,0
MLG,D,20170117,000000,47.275,47.345,47.077,47.077,11999,0
MLG,D,20170118,000000,47.077,47.077,45.095,45.095,37,0
MLG,D,20170119,000000,46.086,46.086,46.086,46.086,5,0
MLG,D,20170120,000000,46.086,46.086,46.086,46.086,2,0
MLG,D,20170123,000000,45.095,45.095,45.095,45.095,2,0
MLG,D,20170124,000000,45.095,45.095,45.085,45.085,396,0
MLG,D,20170125,000000,45.779,45.779,44.698,44.698,57173,0
MLG,D,20170126,000000,43.628,43.628,43.628,43.628,2,0
MLG,D,20170127,000000,43.628,43.628,43.628,43.628,1,0
MLG,D,20170130,000000,43.628,46.086,43.628,45.987,31748,0
MLG,D,20170131,000000,46.81,46.82,46.572,46.82,8,0
MLG,D,20170201,000000,47.275,47.275,43.717,45.759,476,0
MLG,D,20170202,000000,46.234,46.304,46.234,46.304,3,0
MLG,D,20170203,000000,47.335,47.345,47.335,47.345,2,0
MLG,D,20170206,000000,47.325,47.325,45.095,47.315,4,0
MLG,D,20170207,000000,47.315,47.325,47.315,47.325,5,0
MLG,D,20170208,000000,46.582,46.582,45.095,46.284,172,0
MLG,D,20170209,000000,46.284,46.284,42.122,43.608,828,0
MLG,D,20170210,000000,43.608,44.222,43.608,44.222,10,0
MLG,D,20170213,000000,46.185,46.185,46.185,46.185,3,0
MLG,D,20170214,000000,46.185,46.185,46.185,46.185,7,0
MLG,D,20170215,000000,46.185,46.185,46.185,46.185,1,0
MLG,D,20170216,000000,46.185,46.185,46.185,46.185,1,0
MLG,D,20170217,000000,46.185,46.185,44.104,45.591,275,0
MLG,D,20170220,000000,43.608,46.82,43.608,46.82,260,0
MLG,D,20170221,000000,46.582,46.82,46.582,46.82,3,0
MLG,D,20170222,000000,46.82,46.82,46.82,46.82,2,0
MLG,D,20170223,000000,46.82,46.82,46.82,46.82,2,0
MLG,D,20170224,000000,46.81,46.81,44.599,45.779,191,0
MLG,D,20170227,000000,46.284,46.304,46.284,46.304,2,0
MLG,D,20170228,000000,46.294,46.304,46.294,46.304,2,0
MLG,D,20170301,000000,46.284,46.304,46.284,46.304,2,0
MLG,D,20170303,000000,46.482,46.582,46.482,46.582,2,0
MLG,D,20170306,000000,46.582,46.582,44.401,45.591,174,0
MLG,D,20170307,000000,43.707,45.392,40.635,45.392,899,0
MLG,D,20170308,000000,43.509,44.104,43.321,44.104,405,0
MLG,D,20170309,000000,44.094,44.094,44.004,44.004,200,0
MLG,D,20170310,000000,43.707,43.707,43.707,43.707,2,0
MLG,D,20170313,000000,44.599,44.599,43.509,43.509,5859,0
MLG,D,20170314,000000,43.4,44.599,43.4,44.599,3,0
MLG,D,20170315,000000,44.599,44.599,44.599,44.599,67,0
MLG,D,20170316,000000,44.599,44.599,43.519,44.599,4,0
MLG,D,20170317,000000,44.599,44.599,44.599,44.599,1,0
MLG,D,20170320,000000,44.599,44.599,43.509,44.59,8410,0
MLG,D,20170321,000000,44.599,44.599,43.113,44.599,1221,0
MLG,D,20170322,000000,44.599,44.599,44.599,44.599,1,0
MLG,D,20170323,000000,44.599,44.599,44.599,44.599,1,0
MLG,D,20170324,000000,44.599,44.599,44.599,44.599,1,0
MLG,D,20170327,000000,44.599,44.867,44.599,44.867,38,0
MLG,D,20170328,000000,44.867,45.927,44.867,45.927,36,0
MLG,D,20170329,000000,45.927,45.927,45.927,45.927,1,0
MLG,D,20170330,000000,45.927,45.987,45.927,45.987,2505,0
MLG,D,20170404,000000,45.987,45.987,45.987,45.987,6,0
MLG,D,20170405,000000,45.997,45.997,45.997,45.997,1,0
MLG,D,20170406,000000,46.007,46.582,46.007,46.582,6,0
MLG,D,20170407,000000,46.592,47.573,46.582,47.573,11889,0
MLG,D,20170410,000000,47.573,49.426,47.573,49.426,21,0
MLG,D,20170411,000000,49.356,49.356,48.9,48.9,42,0
MLG,D,20170412,000000,49.426,49.426,49.426,49.426,154,0
MLG,D,20170413,000000,49.456,49.555,49.456,49.555,2342,0
MLG,D,20170418,000000,49.604,49.604,49.604,49.604,36,0
MLG,D,20170419,000000,50.051,50.051,49.555,49.555,103,0
MLG,D,20170420,000000,49.852,49.852,49.555,49.555,40364,0
MLG,D,20170421,000000,49.555,49.555,49.545,49.545,2,0
MLG,D,20170424,000000,49.555,49.555,47.573,48.564,187,0
MLG,D,20170425,000000,48.564,48.564,48.564,48.564,1,0
MLG,D,20170426,000000,49.545,49.545,48.564,48.89,13122,0
MLG,D,20170427,000000,49.545,49.545,49.545,49.545,1,0
MLG,D,20170428,000000,49.545,49.545,49.545,49.545,1,0
MLG,D,20170502,000000,49.545,49.545,49.545,49.545,1,0
MLG,D,20170504,000000,49.545,49.545,49.545,49.545,1,0
MLG,D,20170505,000000,49.545,49.545,48.247,49.426,30272,0
MLG,D,20170508,000000,49.545,49.545,47.811,48.534,6056,0
MLG,D,20170509,000000,49.545,49.545,48.068,48.068,5,0
MLG,D,20170510,000000,48.078,49.545,47.087,49.545,14,0
MLG,D,20170511,000000,49.545,49.545,49.545,49.545,1,0
MLG,D,20170512,000000,49.545,49.545,49.545,49.545,1,0
MLG,D,20170515,000000,49.545,49.545,49.545,49.545,1,0
MLG,D,20170517,000000,49.545,49.545,49.545,49.545,1,0
MLG,D,20170518,000000,49.545,49.545,49.545,49.545,1,0
MLG,D,20170519,000000,49.545,49.545,49.545,49.545,1,0
MLG,D,20170522,000000,49.545,49.545,49.545,49.545,100,0
MLG,D,20170523,000000,49.545,49.545,49.545,49.545,1,0
MLG,D,20170525,000000,49.545,49.545,48.068,49.545,65,0
MLG,D,20170526,000000,49.545,49.545,49.545,49.545,1,0
MLG,D,20170530,000000,49.545,49.545,49.545,49.545,1,0
MLG,D,20170601,000000,49.545,49.545,48.068,49.06,22,0
MLG,D,20170602,000000,49.456,49.456,47.077,49.356,184,0
MLG,D,20170605,000000,49.426,49.426,44.817,48.524,374,0
MLG,D,20170606,000000,46.284,46.284,46.086,46.086,237,0
MLG,D,20170607,000000,48.752,48.752,46.582,46.582,163,0
MLG,D,20170608,000000,42.617,46.582,42.617,46.582,39,0
MLG,D,20170612,000000,49.545,49.545,49.545,49.545,2,0
MLG,D,20170613,000000,47.077,49.416,47.077,49.416,164,0
MLG,D,20170614,000000,49.06,49.545,49.06,49.545,3,0
MLG,D,20170616,000000,49.545,49.545,49.545,49.545,183,0
MLG,D,20170619,000000,49.555,49.555,49.555,49.555,2,0
MLG,D,20170620,000000,49.555,49.555,47.077,49.505,154,0
MLG,D,20170621,000000,49.505,49.505,49.505,49.505,1,0
MLG,D,20170622,000000,49.505,49.505,49.505,49.505,1,0
MLG,D,20170623,000000,49.505,49.505,49.505,49.505,1,0
MLG,D,20170627,000000,49.505,49.505,45.591,45.591,630,0
MLG,D,20170628,000000,49.485,49.485,49.485,49.485,1,0
MLG,D,20170629,000000,46.264,46.978,44.54,46.978,188,0
MLG,D,20170630,000000,45.491,46.978,43.618,46.978,116,0
MLG,D,20170703,000000,45.689,48.019,41.754,45.085,860,0
MLG,D,20170704,000000,45.085,47.067,45.085,47.067,129,0
MLG,D,20170705,000000,47.473,47.473,47.473,47.473,1,0
MLG,D,20170706,000000,47.463,47.463,44.599,47.463,621,0
MLG,D,20170707,000000,47.473,47.473,47.473,47.473,1,0
MLG,D,20170710,000000,47.473,47.473,47.473,47.473,1,0
MLG,D,20170711,000000,43.707,43.707,43.559,43.559,1222,0
MLG,D,20170712,000000,47.463,47.463,47.463,47.463,1,0
MLG,D,20170713,000000,42.726,46.582,42.726,46.076,1276,0
MLG,D,20170714,000000,42.766,46.066,42.766,46.066,2,0
MLG,D,20170718,000000,45.977,45.977,45.977,45.977,6,0
MLG,D,20170720,000000,43.163,45.937,42.617,45.937,126,0
MLG,D,20170724,000000,43.271,45.897,41.626,42.617,656,0
MLG,D,20170725,000000,42.617,45.887,42.617,45.571,296,0
MLG,D,20170728,000000,42.716,42.716,42.696,42.696,241,0
MLG,D,20170731,000000,45.551,45.551,41.131,41.131,73,0
MLG,D,20170801,000000,44.59,44.59,39.644,43.113,395,0
MLG,D,20170802,000000,42.815,42.815,42.815,42.815,1,0
MLG,D,20170803,000000,42.815,42.815,42.815,42.815,67,0
MLG,D,20170804,000000,42.815,44.59,39.644,44.59,6718,0
MLG,D,20170807,000000,46.572,46.572,46.572,46.572,1,0
MLG,D,20170808,000000,47.364,47.364,47.364,47.364,1,0
MLG,D,20170809,000000,47.355,47.355,47.355,47.355,1,0
MLG,D,20170817,000000,45.581,45.581,45.581,45.581,55,0
MLG,D,20170823,000000,45.491,46.086,45.491,46.086,511,0
MLG,D,20170824,000000,47.473,47.473,47.473,47.473,1,0
MLG,D,20170825,000000,47.573,47.573,47.424,47.553,5,0
MLG,D,20170830,000000,47.543,47.543,47.543,47.543,1,0
MLG,D,20170831,000000,47.543,47.543,47.543,47.543,1,0
MLG,D,20170901,000000,46.086,47.523,46.086,47.523,3,0
MLG,D,20170904,000000,47.523,47.523,47.523,47.523,1,0
MLG,D,20170905,000000,47.523,47.523,47.523,47.523,1,0
MLG,D,20170906,000000,47.523,47.523,47.523,47.523,1,0
MLG,D,20170907,000000,47.523,47.523,44.599,47.067,32,0
MLG,D,20170908,000000,47.067,47.067,47.067,47.067,1,0
MLG,D,20170911,000000,47.057,47.057,47.057,47.057,4,0
MLG,D,20170912,000000,47.553,47.553,47.553,47.553,1,0
MLG,D,20170913,000000,46.978,46.978,46.978,46.978,40,0
MLG,D,20170918,000000,46.036,46.036,46.036,46.036,11,0
MLG,D,20170919,000000,46.026,46.026,46.026,46.026,4,0
MLG,D,20170925,000000,42.716,46.017,42.716,46.017,101,0
MLG,D,20170927,000000,46.017,46.017,42.637,45.689,4,0
MLG,D,20170928,000000,45.987,45.987,45.987,45.987,1,0
MLG,D,20170929,000000,45.987,45.987,45.987,45.987,1,0
MLG,D,20171002,000000,45.987,45.987,45.987,45.987,1,0
MLG,D,20171003,000000,45.987,45.987,45.987,45.987,1,0
MLG,D,20171004,000000,45.987,45.987,45.987,45.987,1,0
MLG,D,20171005,000000,45.987,45.987,45.987,45.987,1,0
MLG,D,20171006,000000,46.026,46.978,46.026,46.928,95,0
MLG,D,20171011,000000,43.906,46.918,43.608,46.918,107521,0
MLG,D,20171012,000000,46.918,46.918,43.608,46.908,12210,0
MLG,D,20171013,000000,46.908,46.908,46.908,46.908,1,0
MLG,D,20171017,000000,46.888,46.888,46.888,46.888,1,0
MLG,D,20171019,000000,46.878,46.878,46.582,46.878,426,0
MLG,D,20171025,000000,46.562,46.562,42.716,46.562,6119,0
MLG,D,20171026,000000,46.532,46.532,46.532,46.532,1281,0
MLG,D,20171030,000000,46.512,46.532,46.512,46.532,969,0
MLG,D,20171031,000000,46.502,46.502,46.086,46.086,1082,0
MLG,D,20171102,000000,46.572,46.878,46.572,46.878,2,0
MLG,D,20171103,000000,46.572,46.572,46.572,46.572,20,0
MLG,D,20171106,000000,46.572,46.572,46.472,46.472,2,0
MLG,D,20171107,000000,47.057,47.057,47.057,47.057,1,0
MLG,D,20171109,000000,46.582,46.582,46.582,46.582,21,0
MLG,D,20171110,000000,47.047,47.047,47.047,47.047,1,0
MLG,D,20171113,000000,42.667,46.968,42.667,46.968,5,0
MLG,D,20171114,000000,46.978,46.978,45.887,46.968,1081,0
MLG,D,20171115,000000,46.968,46.968,46.968,46.968,1,0
MLG,D,20171116,000000,46.968,46.968,46.968,46.968,1,0
MLG,D,20171117,000000,46.968,46.968,46.968,46.968,1,0
MLG,D,20171120,000000,46.968,46.968,46.968,46.968,1,0
MLG,D,20171121,000000,43.658,46.572,43.658,46.572,3,0
MLG,D,20171122,000000,46.562,46.562,45.392,46.185,1112,0
MLG,D,20171123,000000,46.552,46.552,46.552,46.552,1,0
MLG,D,20171124,000000,46.572,46.572,46.572,46.572,1,0
MLG,D,20171128,000000,46.572,46.572,46.106,46.572,8,0
MLG,D,20171129,000000,46.572,46.572,45.591,45.591,369,0
MLG,D,20171130,000000,46.482,46.482,46.482,46.482,1,0
MLG,D,20171201,000000,46.482,46.482,46.482,46.482,1,0
MLG,D,20171204,000000,46.482,46.482,46.482,46.482,1,0
MLG,D,20171205,000000,45.392,46.383,45.392,45.392,1097,0
MLG,D,20171206,000000,46.373,46.373,46.373,46.373,1,0
MLG,D,20171207,000000,46.274,46.274,46.274,46.274,1,0
MLG,D,20171208,000000,46.274,46.274,46.274,46.274,1,0
MLG,D,20171212,000000,45.749,46.562,45.749,46.562,15,0
MLG,D,20171213,000000,46.562,46.562,46.562,46.562,1,0
MLG,D,20171214,000000,46.562,46.562,46.562,46.562,1,0
MLG,D,20171215,000000,46.562,47.067,44.599,47.067,75,0
MLG,D,20171218,000000,47.067,47.067,46.086,47.067,448,0
MLG,D,20171219,000000,47.077,47.573,47.077,47.573,4,0
MLG,D,20171221,000000,47.563,47.563,45.323,45.591,6623,0
MLG,D,20171222,000000,44.599,45.591,44.599,45.591,5538,0
MLG,D,20171227,000000,47.028,47.028,42.617,44.094,30591,0
MLG,D,20171228,000000,43.707,43.707,43.608,43.707,288,0
MLG,D,20171229,000000,43.707,43.707,43.707,43.707,2733,0
MLG,D,20180103,000000,45.392,45.392,42.617,42.617,50,0
MLG,D,20180104,000000,43.806,43.806,43.806,43.806,57,0
MLG,D,20180105,000000,46.78,46.78,46.78,46.78,1,0
MLG,D,20180108,000000,43.806,43.806,43.211,43.806,505,0
MLG,D,20180109,000000,45.987,45.987,43.608,43.608,206,0
MLG,D,20180110,000000,43.41,43.41,43.41,43.41,100,0
MLG,D,20180111,000000,46.582,46.582,46.582,46.582,2,0
MLG,D,20180117,000000,46.185,46.185,45.987,46.185,1818,0
MLG,D,20180118,000000,46.185,46.185,46.185,46.185,1,0
MLG,D,20180119,000000,46.185,46.185,46.185,46.185,1,0
MLG,D,20180130,000000,45.987,47.176,45.987,47.176,27,0
MLG,D,20180131,000000,47.176,47.176,47.176,47.176,1,0
MLG,D,20180201,000000,47.176,47.176,47.176,47.176,1,0
MLG,D,20180202,000000,46.582,47.374,46.582,47.374,33,0
MLG,D,20180205,000000,47.374,47.374,47.374,47.374,1,0
MLG,D,20180206,000000,47.374,47.374,47.374,47.374,1,0
MLG,D,20180207,000000,47.374,47.374,47.374,47.374,1,0
MLG,D,20180208,000000,47.374,47.374,47.374,47.374,1,0
MLG,D,20180209,000000,47.374,47.374,47.374,47.374,1,0
MLG,D,20180212,000000,47.374,47.374,47.374,47.374,1,0
MLG,D,20180213,000000,47.374,47.374,47.374,47.374,1,0
MLG,D,20180214,000000,47.374,47.374,47.374,47.374,1,0
MLG,D,20180215,000000,47.374,47.374,47.374,47.374,1,0
MLG,D,20180216,000000,47.374,47.374,47.374,47.374,1,0
MLG,D,20180219,000000,47.374,47.374,47.176,47.374,72,0
MLG,D,20180220,000000,46.383,47.374,44.202,47.374,33,0
MLG,D,20180221,000000,47.374,47.374,47.374,47.374,1,0
MLG,D,20180222,000000,47.374,47.374,47.374,47.374,20,0
MLG,D,20180301,000000,47.176,47.176,47.176,47.176,1,0
MLG,D,20180302,000000,47.176,47.176,47.176,47.176,3,0
MLG,D,20180305,000000,47.176,47.176,47.176,47.176,1,0
MLG,D,20180306,000000,47.176,47.176,47.176,47.176,1,0
MLG,D,20180308,000000,47.176,47.176,47.176,47.176,1,0
MLG,D,20180309,000000,47.176,47.176,47.176,47.176,1,0
MLG,D,20180313,000000,47.176,47.176,47.176,47.176,1,0
MLG,D,20180315,000000,47.176,47.176,43.608,46.978,215,0
MLG,D,20180316,000000,46.978,47.573,46.978,47.573,145,0
MLG,D,20180319,000000,43.013,46.383,43.013,46.185,103,0
MLG,D,20180323,000000,42.617,43.41,42.617,43.41,234,0
MLG,D,20180328,000000,43.41,43.41,40.635,43.41,147,0
MLG,D,20180329,000000,43.41,43.41,40.635,43.41,361,0
MLG,D,20180403,000000,43.41,43.41,43.41,43.41,1,0
MLG,D,20180404,000000,43.41,43.41,43.41,43.41,10,0
MLG,D,20180406,000000,43.41,43.41,43.41,43.41,1,0
MLG,D,20180409,000000,43.41,43.41,43.41,43.41,1,0
MLG,D,20180411,000000,43.41,43.41,43.41,43.41,1,0
MLG,D,20180413,000000,43.41,43.41,43.41,43.41,1,0
MLG,D,20180417,000000,43.41,43.41,40.635,42.022,30576,0
MLG,D,20180418,000000,42.22,42.617,42.22,42.617,2,0
MLG,D,20180420,000000,42.617,42.617,42.617,42.617,1,0
MLG,D,20180424,000000,42.617,43.41,42.617,43.41,47,0
MLG,D,20180430,000000,42.617,42.617,42.617,42.617,1,0
MLG,D,20180504,000000,42.617,42.617,42.617,42.617,1,0
MLG,D,20180508,000000,42.617,42.617,42.617,42.617,1,0
MLG,D,20180510,000000,42.617,42.617,42.617,42.617,1,0
MLG,D,20180515,000000,43.41,43.41,43.41,43.41,1,0
MLG,D,20180516,000000,43.41,43.41,43.41,43.41,204,0
MLG,D,20180517,000000,43.41,43.41,39.644,39.644,6,0
MLG,D,20180518,000000,39.644,43.211,39.644,43.211,27,0
MLG,D,20180521,000000,42.617,42.617,42.617,42.617,84,0
MLG,D,20180522,000000,43.41,43.41,43.41,43.41,1,0
MLG,D,20180523,000000,42.419,42.419,42.419,42.419,1135,0
MLG,D,20180524,000000,43.41,43.41,41.626,41.626,6055,0
MLG,D,20180528,000000,41.626,41.626,41.626,41.626,1,0
MLG,D,20180529,000000,41.626,43.41,41.626,43.41,6067,0
MLG,D,20180606,000000,43.211,43.211,43.211,43.211,4,0
MLG,D,20180607,000000,43.211,43.211,43.211,43.211,1,0
MLG,D,20180611,000000,43.211,43.211,43.211,43.211,1,0
MLG,D,20180615,000000,43.211,43.211,43.211,43.211,1,0
MLG,D,20180629,000000,40.437,40.437,40.437,40.437,50,0
MLG,D,20180702,000000,41.428,41.428,41.428,41.428,1,0
MLG,D,20180709,000000,39.644,41.626,39.644,41.626,30,0
MLG,D,20180711,000000,41.626,41.626,41.626,41.626,1,0
MLG,D,20180724,000000,41.428,41.428,41.428,41.428,2,0
MLG,D,20180730,000000,40.238,41.229,36.671,41.229,655,0
MLG,D,20180807,000000,41.229,41.229,41.229,41.229,1,0
MLG,D,20180813,000000,42.617,42.617,42.617,42.617,2,0
MLG,D,20180817,000000,42.617,42.617,42.617,42.617,1,0
MLG,D,20180821,000000,42.617,42.617,42.617,42.617,4,0
MLG,D,20180823,000000,42.617,42.617,42.617,42.617,1,0
MLG,D,20180903,000000,42.617,42.617,42.617,42.617,1,0
MLG,D,20180905,000000,42.617,43.41,42.617,43.41,202,0
MLG,D,20180920,000000,39.446,39.446,39.446,39.446,6,0
MLG,D,20180921,000000,37.067,38.653,37.067,38.653,35342,0
MLG,D,20180924,000000,38.653,38.653,38.653,38.653,30298,0
MLG,D,20180925,000000,39.644,39.644,39.644,39.644,31783,0
MLG,D,20180926,000000,39.644,39.644,38.653,38.653,41566,0
MLG,D,20180927,000000,40.635,40.635,40.635,40.635,15135,0
MLG,D,20180928,000000,40.834,40.834,40.834,40.834,15563,0
MLG,D,20181001,000000,40.834,40.834,40.834,40.834,251,0
MLG,D,20181005,000000,40.834,40.834,40.834,40.834,10292,0
MLG,D,20181010,000000,36.85,39.838,36.85,39.838,161,0
MLG,D,20181017,000000,37.846,37.846,37.846,37.846,50,0
MLG,D,20181022,000000,37.846,37.846,37.846,37.846,80,0
MLG,D,20181023,000000,43.822,43.822,43.822,43.822,10,0
MLG,D,20181106,000000,43.822,43.822,43.822,43.822,45,0
MLG,D,20181203,000000,43.822,43.822,43.822,43.822,10,0
MLG,D,20181204,000000,43.822,43.822,43.822,43.822,2,0
MLG,D,20181205,000000,43.822,43.822,43.822,43.822,6,0
MLG,D,20181206,000000,43.822,43.822,43.822,43.822,10,0
MLG,D,20181207,000000,43.822,43.822,43.822,43.822,10,0
MLG,D,20181210,000000,43.822,43.822,43.822,43.822,10,0
MLG,D,20181211,000000,43.822,43.822,43.822,43.822,16583,0
MLG,D,20181212,000000,43.822,44.818,43.822,44.818,17019,0
MLG,D,20181213,000000,44.818,45.814,44.818,45.814,1050,0
MLG,D,20181214,000000,46.81,46.81,42.428,43.822,24745,0
MLG,D,20181217,000000,46.81,46.81,44.818,46.212,19077,0
MLG,D,20181218,000000,46.212,46.212,43.822,45.814,10361,0
MLG,D,20181219,000000,45.814,45.814,44.419,44.818,21143,0
MLG,D,20181220,000000,45.814,45.814,43.025,43.025,39774,0
MLG,D,20181221,000000,45.814,45.814,41.83,42.627,64116,0
MLG,D,20181227,000000,46.81,46.81,42.627,45.615,47393,0
MLG,D,20181228,000000,43.822,43.822,40.236,40.236,65630,0
MLG,D,20190102,000000,42.228,42.228,39.838,42.029,937,0
MLG,D,20190103,000000,41.83,43.822,41.83,43.822,1283,0
MLG,D,20190104,000000,43.822,43.822,43.623,43.822,5080,0
MLG,D,20190107,000000,45.814,45.814,44.419,45.814,3032,0
MLG,D,20190108,000000,45.814,45.814,45.814,45.814,3022,0
MLG,D,20190109,000000,45.615,45.814,44.818,45.814,2621,0
MLG,D,20190110,000000,45.814,45.814,45.814,45.814,2511,0
MLG,D,20190111,000000,45.814,45.814,45.615,45.615,2533,0
MLG,D,20190114,000000,45.615,45.615,44.818,45.615,2009,0
MLG,D,20190115,000000,45.415,46.411,45.415,46.411,20,0
MLG,D,20190116,000000,45.615,45.615,44.021,44.619,197,0
MLG,D,20190117,000000,45.615,45.615,45.216,45.216,2,0
MLG,D,20190118,000000,46.212,46.212,44.818,44.818,10,0
MLG,D,20190121,000000,45.615,45.615,44.22,44.818,29,0
MLG,D,20190122,000000,44.818,44.818,44.818,44.818,10,0
MLG,D,20190123,000000,44.818,44.818,44.818,44.818,10,0
MLG,D,20190124,000000,45.615,45.615,44.818,44.818,7,0
MLG,D,20190125,000000,45.814,45.814,45.615,45.615,20,0
MLG,D,20190128,000000,45.615,45.615,44.021,44.021,10,0
MLG,D,20190129,000000,45.615,45.615,44.818,44.818,10,0
MLG,D,20190130,000000,44.818,44.818,44.818,44.818,10,0
MLG,D,20190131,000000,44.619,44.818,42.228,44.818,159,0
MLG,D,20190201,000000,44.818,44.818,44.818,44.818,10,0
MLG,D,20190204,000000,44.818,44.818,44.818,44.818,10,0
MLG,D,20190205,000000,44.818,45.814,42.228,45.814,20,0
MLG,D,20190206,000000,45.615,45.814,44.419,45.814,10,0
MLG,D,20190207,000000,45.814,45.814,45.615,45.814,20,0
MLG,D,20190208,000000,45.814,45.814,45.615,45.615,11,0
MLG,D,20190211,000000,45.814,45.814,45.814,45.814,10,0
MLG,D,20190212,000000,45.814,45.814,45.814,45.814,6,0
MLG,D,20190213,000000,45.814,45.814,44.22,44.22,13,0
MLG,D,20190214,000000,45.814,45.814,45.814,45.814,6,0
MLG,D,20190215,000000,45.814,45.814,45.814,45.814,3,0
MLG,D,20190218,000000,45.814,45.814,42.428,44.619,295,0
MLG,D,20190219,000000,44.619,45.615,44.619,45.615,4,0
MLG,D,20190220,000000,41.432,43.822,41.432,43.822,19,0
MLG,D,20190221,000000,45.415,45.415,44.021,44.021,4,0
MLG,D,20190222,000000,45.415,45.415,40.834,40.834,421,0
MLG,D,20190225,000000,42.428,43.025,41.232,42.826,192,0
MLG,D,20190226,000000,42.826,42.826,42.029,42.029,28,0
MLG,D,20190227,000000,42.029,43.822,40.635,43.822,109,0
MLG,D,20190228,000000,43.822,43.822,43.822,43.822,4,0
MLG,D,20190301,000000,43.822,43.822,42.627,42.627,178,0
MLG,D,20190304,000000,42.228,42.228,42.228,42.228,41,0
MLG,D,20190305,000000,43.623,43.623,43.623,43.623,2,0
MLG,D,20190306,000000,43.623,43.623,43.623,43.623,4,0
MLG,D,20190307,000000,43.623,43.623,43.623,43.623,6,0
MLG,D,20190308,000000,43.623,43.623,43.623,43.623,5,0
MLG,D,20190311,000000,42.826,42.826,42.228,42.228,51,0
MLG,D,20190312,000000,42.627,43.623,41.83,42.627,5005,0
MLG,D,20190313,000000,42.029,42.029,42.029,42.029,4,0
MLG,D,20190314,000000,42.228,42.228,42.029,42.228,190,0
MLG,D,20190315,000000,42.826,42.826,42.826,42.826,2385,0
MLG,D,20190318,000000,44.22,47.806,43.623,43.623,2902,0
MLG,D,20190319,000000,44.22,45.017,44.021,44.818,503,0
MLG,D,20190320,000000,43.423,43.423,43.423,43.423,3,0
MLG,D,20190322,000000,43.822,43.822,43.423,43.423,204,0
MLG,D,20190327,000000,48.802,48.802,48.802,48.802,2,0
MLG,D,20190328,000000,45.814,45.814,43.623,44.818,2660,0
MLG,D,20190329,000000,43.822,43.822,43.623,43.623,2292,0
MLG,D,20190401,000000,45.017,45.814,45.017,45.814,201,0
MLG,D,20190402,000000,45.814,45.814,43.822,44.818,111,0
MLG,D,20190403,000000,44.22,44.22,44.22,44.22,1,0
MLG,D,20190404,000000,44.818,44.818,44.818,44.818,1,0
MLG,D,20190405,000000,43.822,44.419,42.826,42.826,424,0
MLG,D,20190408,000000,48.802,48.802,45.814,46.013,167,0
MLG,D,20190409,000000,48.802,48.802,48.802,48.802,2,0
MLG,D,20190410,000000,48.802,48.802,48.802,48.802,1,0
MLG,D,20190411,000000,48.802,48.802,48.802,48.802,1,0
MLG,D,20190412,000000,48.802,48.802,48.802,48.802,1,0
MLG,D,20190415,000000,47.806,47.806,47.806,47.806,3,0
MLG,D,20190416,000000,47.806,47.806,47.806,47.806,4,0
MLG,D,20190417,000000,47.806,47.806,47.806,47.806,4,0
MLG,D,20190418,000000,47.806,47.806,47.806,47.806,4,0
MLG,D,20190423,000000,47.806,47.806,47.806,47.806,2,0
MLG,D,20190424,000000,47.806,48.802,47.806,47.806,4,0
MLG,D,20190425,000000,48.802,48.802,44.22,46.212,45,0
MLG,D,20190426,000000,46.013,48.802,43.822,48.802,59,0
MLG,D,20190507,000000,47.806,47.806,47.806,47.806,2,0
MLG,D,20190508,000000,47.806,47.806,43.822,47.806,54,0
MLG,D,20190509,000000,47.806,47.806,47.806,47.806,2,0
MLG,D,20190510,000000,47.806,47.806,47.806,47.806,1,0
MLG,D,20190513,000000,47.806,47.806,47.806,47.806,2,0
MLG,D,20190514,000000,47.806,47.806,47.806,47.806,2,0
MLG,D,20190515,000000,47.806,47.806,47.806,47.806,1,0
MLG,D,20190516,000000,44.818,44.818,44.818,44.818,100,0
MLG,D,20190517,000000,44.818,44.818,43.822,44.818,4,0
MLG,D,20190520,000000,44.818,44.818,44.818,44.818,2,0
MLG,D,20190521,000000,47.806,48.802,47.806,48.802,4,0
MLG,D,20190522,000000,48.802,48.802,47.806,47.806,14,0
MLG,D,20190523,000000,46.81,46.81,43.423,44.818,194,0
MLG,D,20190524,000000,44.818,46.81,44.818,46.81,2,0
MLG,D,20190527,000000,46.81,46.81,46.81,46.81,1,0
MLG,D,20190528,000000,46.81,46.81,42.228,42.826,242,0
MLG,D,20190529,000000,42.826,45.814,42.627,45.814,6,0
MLG,D,20190607,000000,41.83,43.025,38.842,43.025,78,0
MLG,D,20190610,000000,45.814,45.814,42.627,42.826,15546,0
MLG,D,20190611,000000,45.814,45.814,43.822,43.822,173,0
MLG,D,20190612,000000,45.814,45.814,42.826,45.814,10097,0
MLG,D,20190613,000000,43.822,43.822,43.822,43.822,173,0
MLG,D,20190614,000000,43.822,43.822,43.822,43.822,434,0
MLG,D,20190617,000000,44.419,44.419,44.419,44.419,592,0
MLG,D,20190618,000000,44.22,44.419,42.826,42.826,10469,0
MLG,D,20190619,000000,44.22,44.22,43.822,44.021,3,0
MLG,D,20190621,000000,44.22,44.419,42.029,44.419,845,0
MLG,D,20190624,000000,42.826,43.623,41.631,43.623,984,0
MLG,D,20190625,000000,43.822,43.822,43.822,43.822,1,0
MLG,D,20190627,000000,42.826,43.224,42.826,43.224,28,0
MLG,D,20190628,000000,43.822,43.822,43.822,43.822,1,0
MLG,D,20190703,000000,43.423,44.021,43.423,44.021,226,0
MLG,D,20190704,000000,44.021,44.021,44.021,44.021,502,0
MLG,D,20190705,000000,43.822,43.822,43.822,43.822,148,0
MLG,D,20190708,000000,44.419,44.419,43.822,43.822,581,0
MLG,D,20190711,000000,43.623,43.623,43.423,43.623,25,0
MLG,D,20190712,000000,43.423,43.423,41.631,41.631,122,0
MLG,D,20190716,000000,43.224,43.224,43.224,43.224,26,0
MLG,D,20190717,000000,41.631,41.83,41.033,41.033,161,0
MLG,D,20190719,000000,42.826,43.224,41.432,43.224,96,0
MLG,D,20190722,000000,43.025,43.025,43.025,43.025,3,0
MLG,D,20190723,000000,43.025,43.025,43.025,43.025,3,0
MLG,D,20190724,000000,43.025,43.224,43.025,43.224,92,0
MLG,D,20190725,000000,43.423,43.423,43.224,43.224,2,0
MLG,D,20190726,000000,43.822,43.822,43.623,43.623,27,0
MLG,D,20190729,000000,43.822,43.822,43.822,43.822,1,0
MLG,D,20190730,000000,43.822,43.822,43.822,43.822,1,0
MLG,D,20190731,000000,43.822,43.822,43.822,43.822,1,0
MLG,D,20190801,000000,43.822,43.822,41.83,42.228,20082,0
MLG,D,20190802,000000,42.826,42.826,42.826,42.826,54,0
MLG,D,20190805,000000,42.826,42.826,42.826,42.826,1,0
MLG,D,20190806,000000,43.623,43.623,43.423,43.423,2,0
MLG,D,20190807,000000,43.423,43.623,43.423,43.623,3,0
MLG,D,20190808,000000,43.822,43.822,43.822,43.822,1,0
MLG,D,20190809,000000,43.822,43.822,43.822,43.822,1,0
MLG,D,20190812,000000,43.822,43.822,43.822,43.822,1,0
MLG,D,20190813,000000,43.822,43.822,43.623,43.623,14,0
MLG,D,20190814,000000,43.822,43.822,43.623,43.822,155,0
MLG,D,20190819,000000,46.013,46.013,44.818,44.818,13,0
MLG,D,20190821,000000,45.814,45.814,45.814,45.814,1,0
MLG,D,20190822,000000,45.814,45.814,45.814,45.814,1,0
MLG,D,20190823,000000,45.814,45.814,45.814,45.814,1,0
MLG,D,20190826,000000,45.814,45.814,45.814,45.814,1,0
MLG,D,20190827,000000,45.814,47.806,44.818,47.806,40,0
MLG,D,20190828,000000,44.818,44.818,44.818,44.818,40,0
MLG,D,20190830,000000,45.415,45.415,45.415,45.415,1,0
MLG,D,20190902,000000,45.216,45.216,43.224,43.224,45,0
MLG,D,20190903,000000,45.017,47.806,45.017,47.806,6824,0
MLG,D,20190904,000000,48.802,48.802,48.802,48.802,31,0
MLG,D,20190905,000000,46.81,46.81,46.81,46.81,1,0
MLG,D,20190909,000000,46.81,46.81,46.81,46.81,86,0
MLG,D,20190910,000000,46.212,46.212,46.212,46.212,1,0
MLG,D,20190916,000000,48.802,48.802,46.611,46.611,14,0
MLG,D,20190917,000000,45.814,45.814,45.814,45.814,1,0
MLG,D,20190918,000000,48.005,48.005,46.81,46.81,126,0
MLG,D,20190919,000000,48.802,49.2,46.81,46.81,6315,0
MLG,D,20190920,000000,46.81,47.606,46.81,46.81,387,0
MLG,D,20190923,000000,49.399,49.399,46.611,46.81,5444,0
MLG,D,20190924,000000,49.399,49.399,46.81,46.81,25,0
MLG,D,20190925,000000,46.81,48.602,46.81,46.81,66,0
MLG,D,20190926,000000,46.81,49.399,46.81,46.81,196,0
MLG,D,20190927,000000,46.611,48.802,46.611,48.802,2665,0
MLG,D,20190930,000000,48.802,49.399,48.802,49.001,4036,0
MLG,D,20191001,000000,49.001,49.001,49.001,49.001,1,0
MLG,D,20191002,000000,49.001,49.001,49.001,49.001,1,0
MLG,D,20191003,000000,49.001,49.001,48.802,48.802,265,0
MLG,D,20191004,000000,49.399,49.399,49.399,49.399,1,0
MLG,D,20191007,000000,49.399,49.399,48.802,48.802,538,0
MLG,D,20191008,000000,49.399,49.399,49.399,49.399,1,0
MLG,D,20191009,000000,49.399,49.399,47.806,47.806,11,0
MLG,D,20191010,000000,49.399,49.399,49.399,49.399,1,0
MLG,D,20191011,000000,49.399,49.399,49.399,49.399,1,0
MLG,D,20191014,000000,49.399,49.399,49.399,49.399,1,0
MLG,D,20191015,000000,49.399,49.399,48.005,49.399,28,0
MLG,D,20191016,000000,49.399,49.399,49.399,49.399,1,0
MLG,D,20191017,000000,49.399,49.399,49.399,49.399,1,0
MLG,D,20191018,000000,49.399,49.399,49.399,49.399,1,0
MLG,D,20191021,000000,48.005,48.005,48.005,48.005,2,0
MLG,D,20191022,000000,49.399,49.399,49.399,49.399,1,0
MLG,D,20191023,000000,49.399,49.399,49.399,49.399,14,0
MLG,D,20191024,000000,49.399,49.399,49.399,49.399,1,0
MLG,D,20191025,000000,49.399,49.399,49.399,49.399,27,0
MLG,D,20191028,000000,49.399,49.399,49.399,49.399,1,0
MLG,D,20191029,000000,49.399,49.399,49.399,49.399,1,0
MLG,D,20191030,000000,49.399,49.399,48.005,48.005,11,0
MLG,D,20191031,000000,49.399,49.399,49.001,49.001,41,0
MLG,D,20191104,000000,49.399,49.399,45.814,45.814,175,0
MLG,D,20191105,000000,49.399,49.399,48.005,49.2,29,0
MLG,D,20191106,000000,49.399,49.399,49.399,49.399,1,0
MLG,D,20191107,000000,49.399,49.399,48.602,48.802,18,0
MLG,D,20191108,000000,48.802,48.802,48.802,48.802,20,0
MLG,D,20191112,000000,49.399,49.399,48.602,48.602,41,0
MLG,D,20191113,000000,49.2,49.2,49.2,49.2,1,0
MLG,D,20191114,000000,49.399,49.399,48.602,49.001,7,0
MLG,D,20191115,000000,49.399,49.399,46.81,49.399,12,0
MLG,D,20191118,000000,49.2,49.2,48.602,49.2,36,0
MLG,D,20191119,000000,49.399,49.399,49.399,49.399,1,0
MLG,D,20191120,000000,49.399,49.399,49.399,49.399,1,0
MLG,D,20191121,000000,49.399,49.399,48.602,49.001,26,0
MLG,D,20191122,000000,49.399,49.399,49.001,49.001,28,0
MLG,D,20191125,000000,49.399,49.399,49.399,49.399,1,0
MLG,D,20191126,000000,49.399,49.399,49.399,49.399,1,0
MLG,D,20191127,000000,49.399,49.399,49.399,49.399,1,0
MLG,D,20191128,000000,49.399,49.399,49.399,49.399,1,0
MLG,D,20191129,000000,49.001,49.399,49.001,49.399,382,0
MLG,D,20191202,000000,49.399,49.399,49.399,49.399,3,0
MLG,D,20191203,000000,49.399,49.399,49.399,49.399,28,0
MLG,D,20191204,000000,49.399,49.399,49.399,49.399,1,0
MLG,D,20191205,000000,47.407,49.2,47.407,49.2,2,0
MLG,D,20191206,000000,49.2,49.2,47.407,47.407,191,0
MLG,D,20191209,000000,47.407,47.407,47.407,47.407,1,0
MLG,D,20191210,000000,47.407,49.399,45.615,49.2,111,0
MLG,D,20191211,000000,49.2,49.2,49.2,49.2,423,0
MLG,D,20191212,000000,49.399,49.399,49.2,49.2,73,0
MLG,D,20191213,000000,49.399,49.399,49.2,49.2,100,0
MLG,D,20191216,000000,49.399,49.399,49.2,49.399,39,0
MLG,D,20191217,000000,49.399,49.399,49.399,49.399,46,0
MLG,D,20191218,000000,49.399,49.399,49.2,49.2,91,0
MLG,D,20191219,000000,50,56,49.8,56,102,0
MLG,D,20191220,000000,55.5,55.5,53.5,53.5,192,0
MLG,D,20191223,000000,52.5,52.5,52.5,52.5,29,0
MLG,D,20191227,000000,52.5,53.5,52,53.5,7,0
MLG,D,20191230,000000,52.5,53.5,50,53.5,95,0
MLG,D,20200102,000000,52.5,52.5,50.5,50.5,4,0
MLG,D,20200103,000000,51.5,51.5,51,51,100,0
MLG,D,20200107,000000,56,56,50.5,52,95,0
MLG,D,20200108,000000,55,55,52.5,52.5,24,0
MLG,D,20200109,000000,56,56,49.6,49.6,212,0
MLG,D,20200110,000000,50,55,50,55,101,0
MLG,D,20200113,000000,55.5,55.5,51,51.5,3095,0
MLG,D,20200114,000000,55.5,55.5,52,53.5,164,0
MLG,D,20200115,000000,53.5,53.5,53.5,53.5,46,0
MLG,D,20200116,000000,53.5,53.5,53.5,53.5,1,0
MLG,D,20200117,000000,56,56,56,56,64,0
MLG,D,20200120,000000,56,56,51,51,301,0
MLG,D,20200121,000000,52,56,51.5,56,844,0
MLG,D,20200122,000000,55.5,55.5,51,54.5,82,0
MLG,D,20200123,000000,56,56,50.5,55.5,204,0
MLG,D,20200124,000000,55.5,55.5,52.5,52.5,1900,0
MLG,D,20200127,000000,55.5,55.5,52,53.5,208251,0
MLG,D,20200128,000000,52,55,52,55,39,0
MLG,D,20200129,000000,54.5,55,52,55,70,0
MLG,D,20200130,000000,55,55,54,54.5,11,0
MLG,D,20200131,000000,55,55,54.5,55,78,0
MLG,D,20200203,000000,54.5,54.5,52,52,4429,0
MLG,D,20200204,000000,54,54,54,54,22,0
MLG,D,20200205,000000,54.5,54.5,52.5,52.5,11,0
MLG,D,20200206,000000,54.5,54.5,53,53.5,188,0
MLG,D,20200207,000000,53.5,53.5,53.5,53.5,1,0
MLG,D,20200210,000000,53.5,53.5,53.5,53.5,32,0
MLG,D,20200211,000000,55,55,54,54.5,44,0
MLG,D,20200212,000000,54.5,54.5,54.5,54.5,1,0
MLG,D,20200213,000000,54.5,54.5,52,52,265,0
MLG,D,20200214,000000,54.5,54.5,52.5,52.5,31,0
MLG,D,20200217,000000,54.5,54.5,52.5,52.5,33,0
MLG,D,20200218,000000,54.5,54.5,52.5,52.5,101,0
MLG,D,20200219,000000,54.5,54.5,52,54,32002,0
MLG,D,20200220,000000,54,54.5,54,54.5,346,0
MLG,D,20200221,000000,55,55,54.5,55,38,0
MLG,D,20200224,000000,55,55,52,52,147,0
MLG,D,20200225,000000,55,55,52.5,55,252,0
MLG,D,20200226,000000,55,55.5,55,55.5,517,0
MLG,D,20200227,000000,55.5,55.5,55,55,26,0
MLG,D,20200228,000000,54,54,52,53,758,0
MLG,D,20200302,000000,54,54,52,52,191,0
MLG,D,20200303,000000,54,54,52.5,52.5,19,0
MLG,D,20200304,000000,54,54,54,54,1,0
MLG,D,20200305,000000,54,54,54,54,1,0
MLG,D,20200306,000000,54,54,52,52,1293,0
MLG,D,20200309,000000,55,55,48,48,81,0
MLG,D,20200310,000000,48,55,48,55,31,0
MLG,D,20200311,000000,55,55,55,55,1,0
MLG,D,20200313,000000,55,55,49.6,49.6,461,0
MLG,D,20200316,000000,51,51,49.6,49.6,3,0
MLG,D,20200317,000000,52.5,52.5,52.5,52.5,338,0
MLG,D,20200318,000000,50,50,50,50,115,0
MLG,D,20200319,000000,51,51.5,51,51.5,21,0
MLG,D,20200320,000000,55,55,55,55,1,0
MLG,D,20200323,000000,55,55,55,55,1,0
MLG,D,20200324,000000,55,55,51,51,7,0
MLG,D,20200325,000000,54,54,51,51.5,160,0
MLG,D,20200326,000000,55,55,51.5,51.5,37,0
MLG,D,20200327,000000,53,53,53,53,1,0
MLG,D,20200330,000000,53,53,53,53,1,0
MLG,D,20200401,000000,53.5,55,52.5,52.5,54,0
MLG,D,20200402,000000,55,55,55,55,1,0
MLG,D,20200403,000000,55,55,52,52,11,0
MLG,D,20200406,000000,53,53,51.5,51.5,26,0
MLG,D,20200407,000000,53,53,51.5,52,77,0
MLG,D,20200408,000000,52,52,49.6,51.5,16,0
MLG,D,20200409,000000,52,52,51,51,23,0
MLG,D,20200414,000000,55,55,52,52,57,0
MLG,D,20200415,000000,52,52,51.5,52,193,0
MLG,D,20200416,000000,52,52,49.6,52,19,0
MLG,D,20200417,000000,52,52,49.6,52,245,0
MLG,D,20200420,000000,52,55,52,55,232,0
MLG,D,20200421,000000,55,55,52,55,11,0
MLG,D,20200422,000000,55,55,53.5,53.5,17,0
MLG,D,20200423,000000,53.5,55,52,55,1730,0
MLG,D,20200424,000000,54,59,54,59,446,0
MLG,D,20200427,000000,59,59,59,59,51,0
MLG,D,20200428,000000,59,64,58,58,170,0
MLG,D,20200429,000000,59,59,55,58,130,0
MLG,D,20200430,000000,58,58,58,58,10,0
MLG,D,20200504,000000,58,58,56,57,68,0
MLG,D,20200505,000000,58,58,54.5,55,6514,0
MLG,D,20200506,000000,60,60,56.5,56.5,66,0
MLG,D,20200507,000000,60,60,54,57,11,0
MLG,D,20200508,000000,52.5,57,52.5,56.5,16,0
MLG,D,20200511,000000,60,60,58,58,6,0
MLG,D,20200512,000000,58,60,54,58,759,0
MLG,D,20200513,000000,60,60,55,55,19,0
MLG,D,20200514,000000,60,60,56.5,56.5,18,0
MLG,D,20200515,000000,60,60,58,58,22,0
MLG,D,20200518,000000,58,58,57.5,57.5,18,0
MLG,D,20200519,000000,60,60,57.5,57.5,12,0
MLG,D,20200520,000000,57.5,57.5,55,57,279,0
MLG,D,20200521,000000,53,57,53,57,33,0
MLG,D,20200522,000000,57,57,57,57,16,0
MLG,D,20200525,000000,57.5,57.5,57.5,57.5,10,0
MLG,D,20200526,000000,60,60,58,59.5,7978,0
MLG,D,20200527,000000,60,60,58,59.5,63,0
MLG,D,20200528,000000,59.5,59.5,56,57.5,10863,0
MLG,D,20200529,000000,59.5,60,59.5,60,95,0
MLG,D,20200601,000000,60,60,60,60,14,0
MLG,D,20200602,000000,59.5,64,59.5,64,83,0
MLG,D,20200603,000000,70,77,63,66,286,0
MLG,D,20200604,000000,62,69.5,62,62.5,109,0
MLG,D,20200605,000000,63,69,63,69,265,0
MLG,D,20200608,000000,69.5,75,69.5,75,295,0
MLG,D,20200609,000000,80,80,75,75,280,0
MLG,D,20200610,000000,79.5,80,75.5,80,467,0
MLG,D,20200612,000000,79.5,80,79.5,80,260,0
MLG,D,20200615,000000,80,80,80,80,23,0
MLG,D,20200616,000000,80,88,80,88,32,0
MLG,D,20200617,000000,88,88,80.5,86,358,0
MLG,D,20200618,000000,92,92,84,90.5,119,0
MLG,D,20200619,000000,85,85,80,82,402,0
MLG,D,20200622,000000,85,85,78,80,465,0
MLG,D,20200623,000000,80,82,78,82,326,0
MLG,D,20200624,000000,86.5,88,80,80,46,0
MLG,D,20200625,000000,82,82,82,82,5,0
MLG,D,20200626,000000,85.5,85.5,78,78,41,0
MLG,D,20200629,000000,78,78.5,78,78,11,0
MLG,D,20200630,000000,80,80,80,80,37,0
MLG,D,20200701,000000,84,84,83.5,83.5,13,0
MLG,D,20200702,000000,83.5,84,83.5,84,27,0
MLG,D,20200703,000000,84,84,84,84,10,0
MLG,D,20200706,000000,85,85,85,85,27,0
MLG,D,20200707,000000,86.5,86.5,86,86,8,0
MLG,D,20200708,000000,86.5,86.5,78,80,30,0
MLG,D,20200709,000000,86.5,86.5,78,78,12,0
MLG,D,20200710,000000,85.5,85.5,77,77,23,0
