<TICKER>,<PER>,<DATE>,<TIME>,<OPEN>,<HIGH>,<LOW>,<CLOSE>,<VOL>,<OPENINT>
MRC,D,20131121,000000,16.988,17.907,15.312,15.497,408471,0
MRC,D,20131122,000000,15.515,15.816,15.051,15.487,63871,0
MRC,D,20131125,000000,15.42,15.602,15.013,15.487,30630,0
MRC,D,20131126,000000,15.372,15.583,15.302,15.535,13609,0
MRC,D,20131127,000000,15.583,15.583,15.196,15.448,11702,0
MRC,D,20131128,000000,15.255,15.39,15.176,15.372,6488,0
MRC,D,20131129,000000,15.148,15.487,14.675,15.487,21165,0
MRC,D,20131202,000000,15.487,15.487,15.042,15.196,9994,0
MRC,D,20131203,000000,15.1,15.1,14.712,14.712,21145,0
MRC,D,20131204,000000,14.712,14.847,14.113,14.519,12873,0
MRC,D,20131205,000000,14.509,14.993,14.335,14.887,8343,0
MRC,D,20131206,000000,14.955,15.439,14.616,15.38,5199,0
MRC,D,20131209,000000,15.362,15.39,15.1,15.245,7018,0
MRC,D,20131210,000000,15.051,15.1,14.712,15.003,8810,0
MRC,D,20131211,000000,14.906,15.003,14.675,14.945,5575,0
MRC,D,20131212,000000,14.731,14.896,14.665,14.887,4994,0
MRC,D,20131213,000000,14.8,14.896,14.451,14.896,7928,0
MRC,D,20131216,000000,14.81,15.255,14.519,15.245,5111,0
MRC,D,20131217,000000,15.245,15.245,14.645,15.196,5724,0
MRC,D,20131218,000000,14.76,15.196,14.76,15.129,6125,0
MRC,D,20131219,000000,15.129,15.129,14.665,14.945,2727,0
MRC,D,20131220,000000,15.091,15.091,14.48,14.78,19263,0
MRC,D,20131223,000000,14.529,14.984,14.519,14.945,2514,0
MRC,D,20131227,000000,14.926,15.342,14.665,15.332,10925,0
MRC,D,20131230,000000,14.867,15.312,14.867,15.293,5736,0
MRC,D,20140102,000000,14.712,15.283,14.539,14.945,17312,0
MRC,D,20140103,000000,14.896,14.896,14.384,14.597,9638,0
MRC,D,20140107,000000,14.558,14.587,14.325,14.587,1648,0
MRC,D,20140108,000000,14.597,14.607,14.287,14.607,1736,0
MRC,D,20140109,000000,14.296,14.567,14.239,14.49,2603,0
MRC,D,20140110,000000,14.49,14.49,13.938,14.305,6208,0
MRC,D,20140113,000000,14.461,14.461,14.19,14.296,1336,0
MRC,D,20140114,000000,14.229,14.412,14.025,14.335,2015,0
MRC,D,20140115,000000,14.035,14.49,13.938,14.249,4202,0
MRC,D,20140116,000000,13.909,14.305,13.909,14.199,4345,0
MRC,D,20140117,000000,14.471,14.471,13.851,14.181,3682,0
MRC,D,20140120,000000,13.919,14.451,13.919,14.325,2485,0
MRC,D,20140121,000000,14.325,14.421,13.986,14.315,1007,0
MRC,D,20140122,000000,14.325,14.325,14.025,14.305,2343,0
MRC,D,20140123,000000,14.229,14.296,13.843,14.229,5598,0
MRC,D,20140124,000000,13.843,14.268,13.735,14.229,3073,0
MRC,D,20140127,000000,14.229,14.229,13.56,14.199,1107,0
MRC,D,20140128,000000,14.199,14.199,13.609,14.161,1638,0
MRC,D,20140129,000000,14.161,14.181,13.745,14.113,1961,0
MRC,D,20140130,000000,14.113,14.113,13.793,14.113,290,0
MRC,D,20140131,000000,14.113,14.471,13.697,14.471,4955,0
MRC,D,20140203,000000,14.471,14.471,14.277,14.287,1924,0
MRC,D,20140204,000000,14.461,14.461,14.055,14.412,579,0
MRC,D,20140205,000000,14.412,14.421,14.181,14.421,787,0
MRC,D,20140206,000000,14.412,14.421,13.843,14.354,6485,0
MRC,D,20140207,000000,14.035,14.354,13.86,14.335,5734,0
MRC,D,20140210,000000,13.938,14.421,13.938,14.421,5482,0
MRC,D,20140211,000000,14.325,15.166,14.325,14.509,28509,0
MRC,D,20140212,000000,14.81,15.051,14.519,14.857,5724,0
MRC,D,20140213,000000,14.857,14.896,14.567,14.75,4303,0
MRC,D,20140214,000000,14.896,14.896,14.519,14.81,10426,0
MRC,D,20140217,000000,14.519,14.79,14.431,14.665,2174,0
MRC,D,20140218,000000,14.325,14.567,14.209,14.519,2649,0
MRC,D,20140219,000000,14.471,14.519,14.374,14.519,475,0
MRC,D,20140220,000000,14.519,14.519,13.745,14.229,4743,0
MRC,D,20140221,000000,13.958,14.325,13.958,14.315,2528,0
MRC,D,20140224,000000,14.325,14.635,14.083,14.471,3356,0
MRC,D,20140225,000000,14.519,14.616,14.055,14.616,9064,0
MRC,D,20140226,000000,14.607,14.607,13.754,14.181,18532,0
MRC,D,20140227,000000,14.131,14.277,13.115,14.025,10057,0
MRC,D,20140228,000000,14.025,14.123,13.697,13.967,5845,0
MRC,D,20140303,000000,13.541,13.541,12.583,13.503,11015,0
MRC,D,20140304,000000,13.503,13.503,13.068,13.358,1309,0
MRC,D,20140305,000000,13.358,13.358,12.68,12.68,10381,0
MRC,D,20140306,000000,12.593,12.671,11.905,12.671,12711,0
MRC,D,20140307,000000,12.68,12.971,12.07,12.39,81734,0
MRC,D,20140310,000000,12.39,12.652,12.1,12.496,4779,0
MRC,D,20140311,000000,12.486,12.536,12.196,12.526,667,0
MRC,D,20140312,000000,12.476,12.476,11.915,12.34,15770,0
MRC,D,20140313,000000,12.476,12.476,11.887,12.322,534,0
MRC,D,20140314,000000,12.1,12.292,11.131,11.992,31634,0
MRC,D,20140317,000000,11.615,12.438,11.615,12.438,2604,0
MRC,D,20140318,000000,12.34,12.39,11.664,12.39,3460,0
MRC,D,20140319,000000,12.39,12.39,11.819,12.292,5400,0
MRC,D,20140320,000000,12.39,13.019,12.196,12.922,18190,0
MRC,D,20140321,000000,12.728,13.309,12.536,13.068,7728,0
MRC,D,20140324,000000,13.068,13.068,12.11,12.971,3195,0
MRC,D,20140325,000000,12.971,12.971,12.292,12.835,235,0
MRC,D,20140326,000000,12.835,12.835,12.486,12.835,877,0
MRC,D,20140327,000000,12.874,13.058,12.506,12.815,28775,0
MRC,D,20140328,000000,12.922,12.922,12.196,12.825,4348,0
MRC,D,20140331,000000,12.874,13.551,12.864,13.551,6690,0
MRC,D,20140401,000000,13.503,13.503,13.068,13.435,1640,0
MRC,D,20140402,000000,13.416,13.416,12.835,13.29,1950,0
MRC,D,20140403,000000,12.825,13.28,12.786,13.058,3724,0
MRC,D,20140404,000000,12.776,13.241,12.776,13.241,5060,0
MRC,D,20140407,000000,13.115,13.241,13.115,13.241,208,0
MRC,D,20140408,000000,12.874,13.231,12.661,13.019,1884,0
MRC,D,20140409,000000,13.058,13.058,12.68,12.767,2091,0
MRC,D,20140410,000000,12.671,13.048,12.671,12.874,1230,0
MRC,D,20140411,000000,13.038,13.038,12.255,13.009,2363,0
MRC,D,20140414,000000,13.009,13.009,12.583,12.971,427,0
MRC,D,20140415,000000,12.496,12.961,12.496,12.961,1600,0
MRC,D,20140416,000000,12.536,12.952,12.496,12.747,2244,0
MRC,D,20140417,000000,12.738,12.738,12.68,12.718,427,0
MRC,D,20140422,000000,12.718,12.718,12.573,12.718,105,0
MRC,D,20140423,000000,12.39,12.708,12.39,12.708,376,0
MRC,D,20140424,000000,12.708,12.708,12.292,12.671,856,0
MRC,D,20140425,000000,12.671,12.671,12.4,12.486,730,0
MRC,D,20140428,000000,12.486,12.486,12.11,12.137,792,0
MRC,D,20140429,000000,12.147,12.38,11.702,12.273,3216,0
MRC,D,20140430,000000,12.273,12.486,11.721,12.235,1187,0
MRC,D,20140502,000000,12.225,12.235,12.225,12.235,296,0
MRC,D,20140505,000000,11.819,12.39,11.819,12.235,1016,0
MRC,D,20140506,000000,12.196,12.747,12.031,12.68,1236,0
MRC,D,20140507,000000,12.583,12.583,12.225,12.516,9114,0
MRC,D,20140508,000000,12.516,12.516,12.137,12.187,394,0
MRC,D,20140509,000000,12.516,12.516,12.07,12.1,3636,0
MRC,D,20140512,000000,12.496,12.496,12.438,12.438,8,0
MRC,D,20140513,000000,12.428,12.428,11.78,12.37,1100,0
MRC,D,20140514,000000,12.37,12.506,12.37,12.476,745,0
MRC,D,20140515,000000,12.496,12.961,12.1,12.961,4305,0
MRC,D,20140516,000000,12.34,13.048,11.857,12.292,6270,0
MRC,D,20140519,000000,12.292,12.292,12.031,12.283,598,0
MRC,D,20140520,000000,11.905,12.292,11.905,12.273,449,0
MRC,D,20140521,000000,12.292,12.409,11.954,12.4,77,0
MRC,D,20140522,000000,11.954,12.476,11.954,12.467,198,0
MRC,D,20140523,000000,12.476,12.476,12.051,12.38,747,0
MRC,D,20140526,000000,12.011,12.457,12.011,12.447,8660,0
MRC,D,20140527,000000,12.021,12.476,12.021,12.447,31,0
MRC,D,20140528,000000,12.476,12.757,12.216,12.216,2340,0
MRC,D,20140529,000000,12.536,12.536,12.332,12.332,140,0
MRC,D,20140530,000000,12.476,12.476,12.428,12.476,1034,0
MRC,D,20140602,000000,12.476,12.698,12.476,12.476,208,0
MRC,D,20140603,000000,12.196,12.38,12.196,12.38,34,0
MRC,D,20140604,000000,12.38,12.39,12.137,12.38,5657,0
MRC,D,20140605,000000,12.38,12.38,12.1,12.264,9535,0
MRC,D,20140606,000000,12.1,12.563,12.1,12.38,3408,0
MRC,D,20140609,000000,12.1,12.127,12.021,12.11,2055,0
MRC,D,20140610,000000,12.235,12.235,12.011,12.177,191,0
MRC,D,20140611,000000,12.235,12.235,12.051,12.1,2253,0
MRC,D,20140612,000000,12.177,12.177,11.954,12.051,613,0
MRC,D,20140613,000000,12.041,12.041,11.538,11.799,2053,0
MRC,D,20140616,000000,11.809,12.583,11.538,12.583,5244,0
MRC,D,20140617,000000,12.612,12.612,12.196,12.573,775,0
MRC,D,20140618,000000,12.563,12.563,12.06,12.486,437,0
MRC,D,20140620,000000,12.39,12.476,12.39,12.476,3,0
MRC,D,20140623,000000,12.553,12.553,12.553,12.553,2,0
MRC,D,20140624,000000,12.011,12.486,12.011,12.486,3,0
MRC,D,20140625,000000,12.051,12.428,12.051,12.39,532,0
MRC,D,20140626,000000,12.196,12.39,12.196,12.39,208,0
MRC,D,20140627,000000,12.39,12.39,12.196,12.38,696,0
MRC,D,20140630,000000,12.38,12.38,12.06,12.35,2800,0
MRC,D,20140701,000000,12.35,12.35,12.051,12.196,1595,0
MRC,D,20140702,000000,12.37,12.37,11.954,12.245,51675,0
MRC,D,20140703,000000,12.1,12.245,11.819,12.09,315,0
MRC,D,20140704,000000,12.273,12.273,11.643,12.264,232,0
MRC,D,20140707,000000,11.391,12.225,11.391,11.71,4120,0
MRC,D,20140708,000000,11.837,11.837,11.449,11.72,905,0
MRC,D,20140709,000000,11.72,11.74,11.449,11.449,1553,0
MRC,D,20140710,000000,11.449,11.449,10.964,11.381,2180,0
MRC,D,20140711,000000,11.071,11.343,10.692,11.11,1474,0
MRC,D,20140714,000000,11.11,11.353,10.692,11.353,1775,0
MRC,D,20140715,000000,11.401,11.401,10.974,11.343,9,0
MRC,D,20140716,000000,10.964,11.343,10.964,11.343,269,0
MRC,D,20140717,000000,10.993,11.236,10.993,11.236,89,0
MRC,D,20140718,000000,11.217,11.217,10.974,11.207,158,0
MRC,D,20140721,000000,10.974,11.207,10.974,11.207,29,0
MRC,D,20140722,000000,11.187,11.187,10.974,11.129,105,0
MRC,D,20140723,000000,11.119,11.119,10.964,10.993,280,0
MRC,D,20140724,000000,10.964,10.964,10.886,10.945,777,0
MRC,D,20140725,000000,10.925,10.925,10.479,10.576,1694,0
MRC,D,20140728,000000,10.576,10.76,10.576,10.674,1031,0
MRC,D,20140729,000000,10.664,10.664,10.382,10.634,177,0
MRC,D,20140730,000000,10.624,10.624,9.8,10.304,2290,0
MRC,D,20140731,000000,9.993,10.284,9.528,9.703,23908,0
MRC,D,20140801,000000,9.771,10.091,9.703,10.091,4149,0
MRC,D,20140804,000000,10.091,10.576,9.703,9.974,1165,0
MRC,D,20140805,000000,9.897,9.974,9.712,9.965,465,0
MRC,D,20140806,000000,9.974,9.974,9.606,9.965,1391,0
MRC,D,20140807,000000,9.965,9.965,9.965,9.965,1,0
MRC,D,20140808,000000,9.974,9.974,9.557,9.703,995,0
MRC,D,20140811,000000,9.538,9.974,9.538,9.731,239,0
MRC,D,20140812,000000,9.547,9.664,9.2272,9.547,1400,0
MRC,D,20140813,000000,9.547,9.567,9.2272,9.567,828,0
MRC,D,20140814,000000,9.557,9.557,9.45,9.45,1327,0
MRC,D,20140818,000000,9.557,9.557,9.266,9.557,1512,0
MRC,D,20140819,000000,9.2951,9.567,9.2951,9.547,175,0
MRC,D,20140820,000000,9.547,9.547,9.4699,9.538,877,0
MRC,D,20140821,000000,9.547,9.557,9.2369,9.557,647,0
MRC,D,20140822,000000,9.2272,9.557,9.2272,9.508,319,0
MRC,D,20140825,000000,9.518,9.567,9.518,9.518,202,0
MRC,D,20140826,000000,9.518,9.557,9.518,9.557,2355,0
MRC,D,20140827,000000,9.567,10.061,9.4118,9.731,3285,0
MRC,D,20140828,000000,9.79,9.79,9.4213,9.703,559,0
MRC,D,20140829,000000,9.703,9.8,9.4118,9.8,232,0
MRC,D,20140901,000000,9.508,9.693,9.4118,9.4118,3330,0
MRC,D,20140902,000000,9.4118,9.79,9.4118,9.712,2634,0
MRC,D,20140903,000000,9.712,9.79,9.703,9.79,24333,0
MRC,D,20140904,000000,9.78,10.033,9.78,9.8,13498,0
MRC,D,20140905,000000,9.993,9.993,9.576,9.576,3296,0
MRC,D,20140908,000000,9.586,9.993,9.567,9.993,1447,0
MRC,D,20140909,000000,9.983,9.983,9.616,9.974,717,0
MRC,D,20140910,000000,9.974,9.974,9.625,9.974,1916,0
MRC,D,20140911,000000,9.965,10.674,9.664,10.674,149114,0
MRC,D,20140912,000000,10.674,11.061,10.382,10.469,29589,0
MRC,D,20140915,000000,10.674,10.674,10.247,10.43,32504,0
MRC,D,20140916,000000,10.654,10.674,10.284,10.654,1767,0
MRC,D,20140917,000000,10.644,10.644,10.488,10.488,521,0
MRC,D,20140918,000000,10.528,10.674,10.188,10.664,2973,0
MRC,D,20140919,000000,10.566,11.353,10.566,11.061,15051,0
MRC,D,20140922,000000,11.157,11.353,10.81,10.916,2537,0
MRC,D,20140923,000000,10.925,10.935,10.683,10.925,304,0
MRC,D,20140924,000000,10.925,10.925,10.4,10.818,1130,0
MRC,D,20140925,000000,10.508,10.76,10.479,10.76,592,0
MRC,D,20140926,000000,10.77,10.77,10.664,10.664,810,0
MRC,D,20140929,000000,10.674,10.674,10.546,10.546,975,0
MRC,D,20140930,000000,10.546,11.041,10.546,11.041,2705,0
MRC,D,20141001,000000,11.148,11.148,10.674,11.013,3245,0
MRC,D,20141002,000000,11.013,11.148,10.576,11.148,2767,0
MRC,D,20141003,000000,11.157,11.157,10.664,10.945,5175,0
MRC,D,20141006,000000,10.683,10.964,10.576,10.916,1409,0
MRC,D,20141007,000000,10.954,10.954,10.479,10.576,3402,0
MRC,D,20141008,000000,10.44,10.721,10.343,10.343,604,0
MRC,D,20141009,000000,10.284,10.624,10.265,10.265,1349,0
MRC,D,20141010,000000,10.188,10.644,10.178,10.178,2326,0
MRC,D,20141013,000000,10.576,10.576,10.197,10.528,266,0
MRC,D,20141014,000000,10.091,10.518,10.091,10.518,174,0
MRC,D,20141015,000000,10.566,10.566,10.566,10.566,1,0
MRC,D,20141016,000000,10.101,10.566,10.081,10.42,781,0
MRC,D,20141017,000000,10.576,10.886,10.333,10.576,12028,0
MRC,D,20141020,000000,10.469,10.674,10.469,10.576,756,0
MRC,D,20141021,000000,10.392,10.576,10.382,10.576,306,0
MRC,D,20141022,000000,10.576,11.051,10.566,10.674,2365,0
MRC,D,20141023,000000,10.925,10.925,10.586,10.925,21,0
MRC,D,20141024,000000,10.916,10.916,10.674,10.674,5215,0
MRC,D,20141027,000000,10.624,10.916,10.488,10.867,385,0
MRC,D,20141028,000000,10.721,10.847,10.674,10.837,1109,0
MRC,D,20141029,000000,10.837,10.837,10.586,10.818,521,0
MRC,D,20141030,000000,10.488,10.828,10.488,10.595,152,0
MRC,D,20141031,000000,10.664,11.401,10.664,11.401,9465,0
MRC,D,20141103,000000,11.614,11.614,10.993,11.003,2662,0
MRC,D,20141104,000000,11.381,11.381,11.041,11.333,28,0
MRC,D,20141105,000000,11.323,11.323,10.867,11.284,3553,0
MRC,D,20141106,000000,10.886,11.246,10.886,10.964,32,0
MRC,D,20141107,000000,11.207,11.236,10.488,10.644,5749,0
MRC,D,20141110,000000,10.674,10.954,10.674,10.818,992,0
MRC,D,20141112,000000,11.157,11.333,10.75,10.867,9360,0
MRC,D,20141113,000000,11.148,11.148,10.284,10.847,12112,0
MRC,D,20141114,000000,11.119,11.119,10.576,10.896,3024,0
MRC,D,20141117,000000,11.041,11.041,10.711,10.711,1150,0
MRC,D,20141118,000000,11.031,11.041,10.576,10.576,3831,0
MRC,D,20141119,000000,10.674,10.837,10.498,10.674,26027,0
MRC,D,20141120,000000,10.818,11.003,10.634,10.721,37447,0
MRC,D,20141121,000000,10.945,11.051,10.79,10.964,8598,0
MRC,D,20141124,000000,10.964,11.051,10.79,10.828,4444,0
MRC,D,20141125,000000,10.916,11.333,10.916,11.255,14006,0
MRC,D,20141126,000000,11.333,11.682,11.031,11.031,9988,0
MRC,D,20141127,000000,11.167,11.217,11.157,11.167,12081,0
MRC,D,20141128,000000,11.547,11.547,11.081,11.167,70308,0
MRC,D,20141201,000000,11.167,11.333,11.157,11.207,3059,0
MRC,D,20141202,000000,11.157,11.643,11.157,11.643,14623,0
MRC,D,20141203,000000,11.643,12.341,11.643,12.341,21607,0
MRC,D,20141204,000000,12.439,12.817,12.439,12.584,34578,0
MRC,D,20141205,000000,12.613,12.613,12.157,12.401,5338,0
MRC,D,20141208,000000,12.458,12.458,12.177,12.245,1821,0
MRC,D,20141209,000000,12.245,12.497,12.157,12.177,1524,0
MRC,D,20141210,000000,12.313,12.401,11.944,12.187,6038,0
MRC,D,20141211,000000,11.964,12.419,11.964,12.381,2196,0
MRC,D,20141212,000000,12.419,12.419,12.127,12.273,7060,0
MRC,D,20141215,000000,12.401,12.401,12.225,12.225,10284,0
MRC,D,20141216,000000,12.225,12.225,12.051,12.225,19574,0
MRC,D,20141217,000000,12.127,12.127,12.031,12.031,252,0
MRC,D,20141218,000000,12.051,12.409,12.051,12.147,1171,0
MRC,D,20141219,000000,12.409,12.409,12.147,12.147,806,0
MRC,D,20141222,000000,12.157,12.381,12.031,12.041,2845,0
MRC,D,20141223,000000,11.944,12.06,11.944,11.944,1702,0
MRC,D,20141229,000000,11.983,12.127,11.886,12.127,2853,0
MRC,D,20141230,000000,11.974,12.119,11.74,12.119,12992,0
MRC,D,20150102,000000,12.119,12.323,12.119,12.323,718,0
MRC,D,20150105,000000,12.332,12.613,12.332,12.468,2361,0
MRC,D,20150107,000000,12.458,12.613,12.255,12.537,2054,0
MRC,D,20150108,000000,12.283,12.808,12.283,12.517,14824,0
MRC,D,20150109,000000,12.517,13.08,12.517,12.817,10997,0
MRC,D,20150112,000000,13.03,13.583,13.021,13.196,5954,0
MRC,D,20150113,000000,13.147,13.477,13.147,13.477,2077,0
MRC,D,20150114,000000,13.477,13.555,13.166,13.38,3153,0
MRC,D,20150115,000000,13.38,13.583,13.001,13.564,10328,0
MRC,D,20150116,000000,13.535,13.583,13.341,13.535,1359,0
MRC,D,20150119,000000,13.583,13.583,13.147,13.273,3527,0
MRC,D,20150120,000000,13.273,13.341,13.098,13.341,3633,0
MRC,D,20150121,000000,13.341,13.341,13.001,13.283,313,0
MRC,D,20150122,000000,13.147,13.147,13.098,13.147,381,0
MRC,D,20150123,000000,13.098,13.264,12.837,13.264,5754,0
MRC,D,20150126,000000,13.293,13.293,13.098,13.098,91,0
MRC,D,20150127,000000,13.098,13.487,13.098,13.477,6829,0
MRC,D,20150128,000000,13.011,13.477,13.011,13.467,255,0
MRC,D,20150129,000000,13.487,13.487,12.934,13.283,5534,0
MRC,D,20150130,000000,13.196,13.564,13.196,13.564,3929,0
MRC,D,20150202,000000,13.555,13.583,13.39,13.39,1757,0
MRC,D,20150203,000000,13.487,13.729,13.487,13.564,2878,0
MRC,D,20150204,000000,13.583,13.583,13.487,13.583,1984,0
MRC,D,20150205,000000,13.487,13.574,13.487,13.574,750,0
MRC,D,20150206,000000,13.487,13.487,13.487,13.487,214,0
MRC,D,20150209,000000,13.487,13.487,13.215,13.254,507,0
MRC,D,20150210,000000,13.341,13.428,13.254,13.428,316,0
MRC,D,20150211,000000,13.39,13.39,13.273,13.273,2006,0
MRC,D,20150212,000000,13.244,13.244,13.147,13.147,185,0
MRC,D,20150213,000000,13.37,13.37,13.37,13.37,392,0
MRC,D,20150216,000000,13.39,13.39,13.118,13.39,407,0
MRC,D,20150217,000000,13.38,13.38,13.38,13.38,39,0
MRC,D,20150218,000000,13.196,13.215,13.196,13.215,7464,0
MRC,D,20150219,000000,13.098,13.215,13.05,13.05,2258,0
MRC,D,20150220,000000,13.001,13.001,11.75,13.001,16907,0
MRC,D,20150223,000000,12.662,13.05,12.255,12.429,7285,0
MRC,D,20150224,000000,12.371,12.71,12.371,12.613,9548,0
MRC,D,20150225,000000,12.991,12.991,12.439,12.954,1458,0
MRC,D,20150226,000000,12.613,12.954,12.613,12.954,206,0
MRC,D,20150227,000000,12.954,13.729,12.954,13.729,31558,0
MRC,D,20150302,000000,13.739,14.835,13.739,14.748,22593,0
MRC,D,20150303,000000,14.728,14.738,14.282,14.36,1703,0
MRC,D,20150304,000000,14.544,14.544,14.36,14.457,1927,0
MRC,D,20150305,000000,14.457,14.797,14.457,14.797,4744,0
MRC,D,20150306,000000,14.787,14.787,14.486,14.496,3026,0
MRC,D,20150309,000000,14.36,14.457,14.118,14.128,3109,0
MRC,D,20150310,000000,14.02,14.671,14.02,14.671,11343,0
MRC,D,20150311,000000,14.069,15.476,14.069,15.466,26610,0
MRC,D,20150312,000000,15.427,15.466,15.068,15.136,1861,0
MRC,D,20150313,000000,15.136,15.767,15.136,15.427,32558,0
MRC,D,20150316,000000,15.514,16.154,15.233,16.136,14697,0
MRC,D,20150317,000000,16.144,16.97,16.144,16.494,22188,0
MRC,D,20150318,000000,16.417,16.494,15.777,16.29,1173,0
MRC,D,20150319,000000,16.3,16.591,16.3,16.534,13650,0
MRC,D,20150320,000000,16.494,16.708,16.494,16.591,16366,0
MRC,D,20150323,000000,16.737,16.737,16.494,16.544,2539,0
MRC,D,20150324,000000,16.494,16.544,16.3,16.446,4039,0
MRC,D,20150325,000000,16.475,16.494,16.398,16.494,5257,0
MRC,D,20150326,000000,16.144,16.144,16.009,16.058,935,0
MRC,D,20150327,000000,16.009,16.028,15.524,15.524,4420,0
MRC,D,20150330,000000,15.476,16.378,15.32,16.378,6429,0
MRC,D,20150331,000000,16.378,16.446,16.349,16.398,2282,0
MRC,D,20150401,000000,16.446,16.484,16.3,16.398,3736,0
MRC,D,20150402,000000,16.3,16.3,16.203,16.29,8217,0
MRC,D,20150407,000000,16.29,16.446,16.29,16.3,2853,0
MRC,D,20150408,000000,16.349,16.349,16.097,16.154,2050,0
MRC,D,20150409,000000,15.815,15.999,15.611,15.999,5625,0
MRC,D,20150410,000000,15.544,16.077,15.524,16.077,4169,0
MRC,D,20150413,000000,15.534,16.3,15.534,16.243,2212,0
MRC,D,20150414,000000,16.243,16.243,15.873,15.873,712,0
MRC,D,20150415,000000,15.825,15.873,15.573,15.873,1245,0
MRC,D,20150416,000000,16.203,16.203,15.913,16.058,8948,0
MRC,D,20150417,000000,16.203,16.203,16.107,16.107,2097,0
MRC,D,20150420,000000,16.154,16.563,16.154,16.563,16689,0
MRC,D,20150421,000000,16.563,16.941,16.563,16.688,11158,0
MRC,D,20150422,000000,16.688,16.737,16.494,16.494,4101,0
MRC,D,20150423,000000,16.494,16.883,16.494,16.863,1373,0
MRC,D,20150424,000000,16.688,16.844,16.514,16.698,781,0
MRC,D,20150427,000000,16.698,16.863,16.698,16.863,480,0
MRC,D,20150428,000000,16.854,17.417,16.795,17.417,8362,0
MRC,D,20150429,000000,17.427,17.785,17.028,17.271,5504,0
MRC,D,20150430,000000,17.368,17.61,17.358,17.464,7497,0
MRC,D,20150504,000000,17.464,17.464,17.368,17.417,2125,0
MRC,D,20150505,000000,17.464,18.125,17.464,17.891,8239,0
MRC,D,20150506,000000,17.94,18.135,17.658,17.658,4979,0
MRC,D,20150507,000000,17.708,18.135,17.708,17.95,3096,0
MRC,D,20150508,000000,18.144,18.28,17.854,17.95,5550,0
MRC,D,20150511,000000,17.998,18.843,17.998,18.668,14086,0
MRC,D,20150512,000000,18.871,18.871,18.434,18.658,5095,0
MRC,D,20150513,000000,18.658,18.658,17.97,18.328,3040,0
MRC,D,20150514,000000,18.444,18.824,18.434,18.532,10928,0
MRC,D,20150515,000000,18.629,18.774,18.629,18.726,3535,0
MRC,D,20150518,000000,18.726,18.745,18.241,18.464,2330,0
MRC,D,20150519,000000,18.434,18.434,18.251,18.251,2060,0
MRC,D,20150520,000000,18.434,18.434,18.241,18.338,2272,0
MRC,D,20150521,000000,18.434,18.523,18.338,18.523,7641,0
MRC,D,20150522,000000,18.523,18.532,18.483,18.532,17321,0
MRC,D,20150525,000000,18.532,18.843,18.347,18.434,2849,0
MRC,D,20150526,000000,18.357,18.804,17.96,18.347,2074,0
MRC,D,20150527,000000,18.027,18.047,17.95,18.047,2871,0
MRC,D,20150528,000000,18.047,18.047,17.95,17.95,953,0
MRC,D,20150529,000000,17.95,18.144,16.698,18.144,18044,0
MRC,D,20150601,000000,18.338,18.434,17.94,17.94,5167,0
MRC,D,20150602,000000,17.95,18.241,17.562,18.241,1500,0
MRC,D,20150603,000000,18.241,18.241,17.562,18.105,1615,0
MRC,D,20150605,000000,17.94,17.94,17.62,17.62,467,0
MRC,D,20150608,000000,17.513,17.513,17.077,17.077,1870,0
MRC,D,20150609,000000,16.824,16.883,16.281,16.494,8273,0
MRC,D,20150610,000000,17.368,17.368,16.98,17.271,820,0
MRC,D,20150611,000000,17.271,17.271,16.591,17.261,3551,0
MRC,D,20150612,000000,17.261,18.241,17.261,17.775,4988,0
MRC,D,20150615,000000,18.095,18.095,17.504,17.95,2371,0
MRC,D,20150616,000000,18.086,18.086,17.135,17.454,3041,0
MRC,D,20150617,000000,17.921,17.921,17.087,17.087,1110,0
MRC,D,20150618,000000,17.087,17.464,17.077,17.464,321,0
MRC,D,20150619,000000,17.271,17.271,16.99,17.271,646,0
MRC,D,20150622,000000,17.251,17.251,16.96,16.96,939,0
MRC,D,20150623,000000,16.786,17.271,16.786,16.901,2692,0
MRC,D,20150624,000000,16.795,16.921,16.514,16.921,4657,0
MRC,D,20150625,000000,16.98,17.087,16.98,17.087,2385,0
MRC,D,20150626,000000,17.097,17.271,17.097,17.271,212,0
MRC,D,20150629,000000,16.203,17.444,14.651,17.193,10523,0
MRC,D,20150630,000000,17.173,17.271,17.173,17.271,8453,0
MRC,D,20150701,000000,16.09,17.694,16.09,17.694,540,0
MRC,D,20150702,000000,17.271,17.694,17.222,17.694,5551,0
MRC,D,20150703,000000,17.91,17.999,17.034,17.566,2140,0
MRC,D,20150706,000000,17.467,17.467,17.222,17.409,992,0
MRC,D,20150707,000000,17.32,17.32,16.926,17.222,2296,0
MRC,D,20150708,000000,16.779,17.114,16.729,16.729,2354,0
MRC,D,20150709,000000,17.005,17.024,16.729,16.926,895,0
MRC,D,20150710,000000,16.926,17.024,16.828,17.024,1113,0
MRC,D,20150713,000000,17.024,17.024,16.729,16.926,2002,0
MRC,D,20150714,000000,16.759,16.759,16.729,16.729,883,0
MRC,D,20150715,000000,16.739,17.123,16.739,16.759,1010,0
MRC,D,20150716,000000,16.779,17.104,16.739,17.104,1245,0
MRC,D,20150717,000000,17.114,17.419,16.838,17.123,19304,0
MRC,D,20150720,000000,17.123,17.202,16.926,17.192,2373,0
MRC,D,20150721,000000,17.32,17.517,17.32,17.507,8437,0
MRC,D,20150722,000000,17.507,17.704,17.379,17.615,4967,0
MRC,D,20150723,000000,17.566,18.058,17.566,18.058,1474,0
MRC,D,20150724,000000,18.058,18.058,17.763,17.763,930,0
MRC,D,20150727,000000,18.097,18.107,18.008,18.078,958,0
MRC,D,20150728,000000,18.008,18.068,17.861,17.9,8857,0
MRC,D,20150729,000000,17.9,17.9,16.848,17.605,5628,0
MRC,D,20150730,000000,17.595,17.595,17.074,17.517,509,0
MRC,D,20150731,000000,17.615,17.615,16.916,16.916,12654,0
MRC,D,20150803,000000,16.916,16.976,16.916,16.916,1275,0
MRC,D,20150804,000000,16.739,17.024,16.739,16.838,2582,0
MRC,D,20150805,000000,16.916,17.241,16.906,17.241,2556,0
MRC,D,20150806,000000,17.212,17.487,17.024,17.074,5314,0
MRC,D,20150807,000000,17.074,17.074,17.024,17.024,505,0
MRC,D,20150810,000000,17.222,17.222,17.024,17.024,407,0
MRC,D,20150811,000000,17.024,17.222,17.024,17.162,8153,0
MRC,D,20150812,000000,17.123,17.123,17.074,17.074,1770,0
MRC,D,20150813,000000,17.074,17.074,17.024,17.024,15496,0
MRC,D,20150814,000000,17.212,17.714,17.212,17.714,5201,0
MRC,D,20150817,000000,18.078,18.196,17.812,17.812,744,0
MRC,D,20150818,000000,17.714,17.714,17.172,17.714,1947,0
MRC,D,20150819,000000,18.156,18.156,17.517,17.812,734,0
MRC,D,20150820,000000,17.812,17.812,16.976,17.674,204,0
MRC,D,20150821,000000,16.936,17.645,16.936,17.467,2082,0
MRC,D,20150824,000000,16.779,17.271,14.515,15.942,17583,0
MRC,D,20150825,000000,15.254,16.336,15.254,15.942,18198,0
MRC,D,20150826,000000,15.942,16.434,15.942,16.138,2832,0
MRC,D,20150827,000000,16.138,16.238,16.138,16.138,1355,0
MRC,D,20150828,000000,16.238,17.222,16.138,17.222,4392,0
MRC,D,20150831,000000,16.641,16.729,16.336,16.729,4962,0
MRC,D,20150901,000000,15.952,16.316,15.844,16.06,2517,0
MRC,D,20150902,000000,16.238,16.238,15.795,16.03,6793,0
MRC,D,20150903,000000,16.03,16.03,15.254,15.647,10017,0
MRC,D,20150904,000000,15.745,15.745,15.647,15.706,1445,0
MRC,D,20150907,000000,15.844,16.286,15.844,16.286,4069,0
MRC,D,20150908,000000,16.286,16.286,15.844,16.138,12283,0
MRC,D,20150909,000000,16.158,16.483,16.158,16.483,4792,0
MRC,D,20150910,000000,16.523,17.094,16.483,16.976,2150,0
MRC,D,20150911,000000,16.887,16.926,16.533,16.533,1661,0
MRC,D,20150914,000000,16.533,16.533,16.483,16.483,1193,0
MRC,D,20150915,000000,16.483,16.818,16.483,16.818,14319,0
MRC,D,20150917,000000,17.005,17.024,16.631,16.631,1226,0
MRC,D,20150918,000000,16.631,16.631,16.631,16.631,1410,0
MRC,D,20150921,000000,16.729,16.729,16.631,16.631,196,0
MRC,D,20150922,000000,16.493,16.729,16.483,16.483,10287,0
MRC,D,20150923,000000,16.581,17.074,16.581,16.906,2791,0
MRC,D,20150924,000000,16.926,16.926,16.729,16.729,3374,0
MRC,D,20150925,000000,16.729,17.104,16.729,17.024,6670,0
MRC,D,20150928,000000,17.014,17.014,16.877,17.014,2812,0
MRC,D,20150929,000000,17.014,17.024,17.014,17.014,4211,0
MRC,D,20150930,000000,17.014,18.097,17.014,18.048,4637,0
MRC,D,20151001,000000,18.028,18.028,17.527,17.96,569,0
MRC,D,20151002,000000,17.95,17.96,17.379,17.714,11710,0
MRC,D,20151005,000000,17.369,17.714,17.349,17.714,1692,0
MRC,D,20151006,000000,17.389,17.91,17.369,17.91,1616,0
MRC,D,20151007,000000,17.714,17.91,17.575,17.91,11251,0
MRC,D,20151008,000000,17.96,17.96,17.96,17.96,510,0
MRC,D,20151009,000000,17.96,18.048,17.782,17.832,2880,0
MRC,D,20151012,000000,17.871,17.93,17.861,17.93,887,0
MRC,D,20151013,000000,17.93,17.93,17.93,17.93,508,0
MRC,D,20151014,000000,17.95,18.048,17.91,18.048,3960,0
MRC,D,20151015,000000,17.595,18.048,17.595,18.048,1951,0
MRC,D,20151016,000000,18.107,18.403,17.714,17.98,6763,0
MRC,D,20151019,000000,18.403,18.678,17.852,18.205,3635,0
MRC,D,20151020,000000,17.871,18.097,17.763,17.861,2690,0
MRC,D,20151021,000000,17.861,17.98,17.861,17.94,12356,0
MRC,D,20151022,000000,17.723,17.94,17.723,17.93,5599,0
MRC,D,20151023,000000,17.812,17.999,17.812,17.95,14836,0
MRC,D,20151026,000000,17.822,17.95,17.822,17.832,1735,0
MRC,D,20151027,000000,17.832,17.92,17.822,17.861,884,0
MRC,D,20151028,000000,17.861,17.861,17.812,17.861,935,0
MRC,D,20151029,000000,17.861,17.94,17.812,17.94,4428,0
MRC,D,20151030,000000,17.91,17.999,17.812,17.999,5704,0
MRC,D,20151102,000000,17.812,17.96,17.812,17.96,813,0
MRC,D,20151103,000000,17.92,17.95,17.812,17.95,2884,0
MRC,D,20151104,000000,17.91,17.91,17.704,17.812,2932,0
MRC,D,20151105,000000,16.739,17.812,16.188,17.369,22752,0
MRC,D,20151106,000000,17.684,17.694,17.369,17.369,7109,0
MRC,D,20151109,000000,17.369,17.467,17.369,17.467,10641,0
MRC,D,20151110,000000,17.615,17.615,17.467,17.605,19929,0
MRC,D,20151112,000000,17.605,17.605,17.467,17.467,1992,0
MRC,D,20151113,000000,17.595,17.595,16.385,16.828,616,0
MRC,D,20151116,000000,16.385,16.729,16.238,16.238,22197,0
MRC,D,20151117,000000,16.138,17.114,16.138,17.114,42175,0
MRC,D,20151118,000000,16.533,16.926,16.533,16.926,20399,0
MRC,D,20151119,000000,16.926,16.926,16.926,16.926,45,0
MRC,D,20151120,000000,16.591,16.591,16.591,16.591,3,0
MRC,D,20151123,000000,16.631,16.848,16.434,16.848,738,0
MRC,D,20151124,000000,16.238,16.808,16.238,16.808,2141,0
MRC,D,20151125,000000,16.729,16.729,16.729,16.729,40,0
MRC,D,20151127,000000,16.729,16.729,16.729,16.729,178,0
MRC,D,20151201,000000,16.533,16.533,16.336,16.483,311,0
MRC,D,20151202,000000,16.7,16.7,16.454,16.454,844,0
MRC,D,20151203,000000,16.336,16.336,16.336,16.336,3,0
MRC,D,20151204,000000,16.336,16.336,15.795,16.138,2209,0
MRC,D,20151207,000000,16.188,16.336,16.04,16.336,1124,0
MRC,D,20151208,000000,16.336,16.7,16.336,16.7,85,0
MRC,D,20151209,000000,16.326,16.326,16.238,16.238,388,0
MRC,D,20151210,000000,16.238,16.238,14.781,16.13,5307,0
MRC,D,20151214,000000,14.771,15.549,14.771,14.859,406,0
MRC,D,20151215,000000,14.849,14.958,14.771,14.958,2032,0
MRC,D,20151216,000000,14.958,15.597,14.958,15.597,1112,0
MRC,D,20151217,000000,15.597,15.932,15.45,15.932,1702,0
MRC,D,20151218,000000,15.45,15.647,15.066,15.549,478,0
MRC,D,20151221,000000,15.066,15.155,15.056,15.066,1463,0
MRC,D,20151222,000000,15.056,15.647,14.859,15.499,1026,0
MRC,D,20151223,000000,15.352,15.499,15.254,15.499,636,0
MRC,D,20151228,000000,14.889,15.745,14.889,15.745,1517,0
MRC,D,20151229,000000,15.155,15.942,15.155,15.942,1067,0
MRC,D,20151230,000000,15.942,16.218,15.155,16.218,1208,0
MRC,D,20160104,000000,16.218,16.218,15.254,16.208,263,0
MRC,D,20160107,000000,15.352,15.647,15.352,15.647,181,0
MRC,D,20160108,000000,15.372,15.372,15.362,15.372,356,0
MRC,D,20160111,000000,15.549,15.647,15.45,15.647,2005,0
MRC,D,20160112,000000,15.647,15.647,15.401,15.401,780,0
MRC,D,20160113,000000,15.401,15.647,15.401,15.647,1128,0
MRC,D,20160114,000000,15.421,15.637,15.401,15.499,458,0
MRC,D,20160115,000000,15.46,15.46,15.46,15.46,437,0
MRC,D,20160118,000000,15.46,15.637,15.352,15.352,2050,0
MRC,D,20160119,000000,15.352,15.352,15.056,15.056,572,0
MRC,D,20160120,000000,14.574,14.574,14.072,14.072,2001,0
MRC,D,20160121,000000,14.2,14.2,13.777,14.171,1061,0
MRC,D,20160122,000000,14.27,14.653,14.27,14.653,971,0
MRC,D,20160125,000000,14.653,14.653,14.653,14.653,25,0
MRC,D,20160126,000000,13.777,15.145,13.777,15.145,535,0
MRC,D,20160127,000000,13.875,15.145,13.875,14.141,4304,0
MRC,D,20160129,000000,14.072,14.072,14.072,14.072,29,0
MRC,D,20160201,000000,14.072,14.761,14.072,14.761,518,0
MRC,D,20160202,000000,14.171,14.171,14.171,14.171,23,0
MRC,D,20160203,000000,14.171,14.171,14.171,14.171,30,0
MRC,D,20160204,000000,14.171,14.171,14.171,14.171,571,0
MRC,D,20160205,000000,14.171,14.171,14.171,14.171,14,0
MRC,D,20160208,000000,14.171,14.171,14.171,14.171,27,0
MRC,D,20160209,000000,14.171,14.171,14.171,14.171,451,0
MRC,D,20160210,000000,14.171,14.171,14.171,14.171,1,0
MRC,D,20160211,000000,14.466,14.712,14.171,14.712,354,0
MRC,D,20160215,000000,14.092,14.131,14.072,14.072,1843,0
MRC,D,20160216,000000,14.072,14.072,13.974,14.072,1338,0
MRC,D,20160217,000000,13.974,14.663,13.974,14.663,311,0
MRC,D,20160218,000000,14.171,14.171,14.171,14.171,504,0
MRC,D,20160219,000000,14.181,14.181,14.181,14.181,1,0
MRC,D,20160222,000000,14.171,14.703,14.171,14.703,409,0
MRC,D,20160223,000000,14.703,14.958,14.633,14.958,616,0
MRC,D,20160224,000000,14.84,15.254,14.84,15.145,1651,0
MRC,D,20160303,000000,15.135,16.238,15.135,16.138,2111,0
MRC,D,20160304,000000,16.503,17.674,16.503,16.887,1414,0
MRC,D,20160308,000000,15.844,15.844,15.844,15.844,507,0
MRC,D,20160310,000000,16.238,16.238,15.952,15.952,131,0
MRC,D,20160314,000000,15.952,16.238,15.952,16.238,133,0
MRC,D,20160315,000000,16.04,16.138,15.893,16.138,775,0
MRC,D,20160316,000000,16.138,16.926,15.982,16.926,1016,0
MRC,D,20160317,000000,16.138,16.828,16.138,16.828,287,0
MRC,D,20160318,000000,15.992,16.483,15.992,16.483,745,0
MRC,D,20160321,000000,16.05,16.05,15.745,15.745,2977,0
MRC,D,20160322,000000,14.486,15.913,14.486,15.913,4010,0
MRC,D,20160323,000000,15.844,15.844,15.844,15.844,204,0
MRC,D,20160324,000000,15.372,15.372,15.352,15.352,213,0
MRC,D,20160329,000000,15.056,15.164,15.056,15.164,727,0
MRC,D,20160330,000000,15.164,15.164,15.155,15.155,463,0
MRC,D,20160331,000000,15.155,15.155,15.155,15.155,117,0
MRC,D,20160401,000000,15.155,16.286,15.155,16.07,1993,0
MRC,D,20160404,000000,16.07,16.729,15.844,16.07,214,0
MRC,D,20160405,000000,16.729,16.729,15.883,15.883,173,0
MRC,D,20160406,000000,16.719,16.719,15.627,15.627,84,0
MRC,D,20160407,000000,16.621,16.621,16.621,16.621,1,0
MRC,D,20160408,000000,16.601,17.222,15.677,16.533,1337,0
MRC,D,20160411,000000,16.238,16.238,15.155,15.745,4146,0
MRC,D,20160412,000000,15.342,15.706,15.342,15.706,1191,0
MRC,D,20160413,000000,15.706,15.706,14.919,15.47,2175,0
MRC,D,20160414,000000,15.47,16.68,15.47,16.454,4343,0
MRC,D,20160415,000000,16.011,16.188,16.011,16.188,2561,0
MRC,D,20160418,000000,16.188,16.581,15.637,16.238,1236,0
MRC,D,20160419,000000,16.286,16.286,15.627,16.188,52966,0
MRC,D,20160420,000000,16.631,16.631,16.13,16.13,44,0
MRC,D,20160421,000000,16.13,16.13,15.697,16.13,562,0
MRC,D,20160422,000000,16.513,16.513,15.48,16.13,414,0
MRC,D,20160425,000000,16.11,16.11,15.549,15.942,94,0
MRC,D,20160426,000000,16.09,16.09,15.529,16.07,201,0
MRC,D,20160427,000000,15.519,16.021,15.509,16.021,797,0
MRC,D,20160428,000000,16.03,16.03,15.992,15.992,11,0
MRC,D,20160429,000000,15.982,15.982,15.942,15.942,891,0
MRC,D,20160502,000000,16.178,16.178,15.932,15.932,7,0
MRC,D,20160504,000000,16.138,16.138,15.982,15.982,5,0
MRC,D,20160505,000000,15.952,15.952,15.401,15.903,896,0
MRC,D,20160506,000000,15.893,15.893,15.282,15.883,182,0
MRC,D,20160509,000000,15.873,15.873,15.549,15.834,399,0
MRC,D,20160510,000000,15.834,15.834,15.282,15.745,424,0
MRC,D,20160511,000000,15.282,15.647,15.282,15.647,317,0
MRC,D,20160512,000000,15.735,15.735,15.352,15.352,13,0
MRC,D,20160513,000000,15.715,15.745,15.617,15.745,4757,0
MRC,D,20160516,000000,15.745,15.745,15.391,15.549,155,0
MRC,D,20160517,000000,15.549,15.745,14.663,15.745,7226,0
MRC,D,20160518,000000,15.745,15.745,14.978,15.745,9130,0
MRC,D,20160519,000000,15.745,15.745,15.254,15.264,4274,0
MRC,D,20160520,000000,15.539,15.539,15.381,15.381,2,0
MRC,D,20160523,000000,15.066,15.254,15.017,15.194,2049,0
MRC,D,20160524,000000,15.194,15.194,15.184,15.184,190,0
MRC,D,20160525,000000,15.194,15.204,14.859,14.859,2389,0
MRC,D,20160527,000000,15.204,15.204,15.204,15.204,9,0
MRC,D,20160530,000000,15.204,15.204,15.204,15.204,510,0
MRC,D,20160531,000000,15.204,15.204,15.194,15.194,2,0
MRC,D,20160601,000000,15.194,15.194,15.184,15.184,10,0
MRC,D,20160602,000000,15.184,15.184,14.27,15.096,1677,0
MRC,D,20160603,000000,15.174,15.174,14.988,14.988,197,0
MRC,D,20160606,000000,14.958,14.958,14.771,14.939,2211,0
MRC,D,20160607,000000,15.007,15.007,14.899,14.899,2,0
MRC,D,20160608,000000,14.909,14.909,14.909,14.909,250,0
MRC,D,20160609,000000,14.968,15.007,14.426,15.007,425,0
MRC,D,20160610,000000,14.958,14.958,14.279,14.859,3258,0
MRC,D,20160613,000000,14.958,14.958,14.958,14.958,7,0
MRC,D,20160614,000000,14.958,15.007,14.328,15.007,1594,0
MRC,D,20160615,000000,14.958,15.007,14.358,15.007,1656,0
MRC,D,20160616,000000,15.007,15.007,14.318,14.564,5343,0
MRC,D,20160617,000000,14.761,14.761,14.328,14.564,2066,0
MRC,D,20160620,000000,14.564,14.564,14.466,14.466,114,0
MRC,D,20160621,000000,14.515,14.515,14.318,14.318,427,0
MRC,D,20160622,000000,14.318,15.194,14.279,15.194,2004,0
MRC,D,20160623,000000,15.194,15.194,14.308,14.308,2646,0
MRC,D,20160624,000000,13.787,15.155,13.384,14.948,16286,0
MRC,D,20160627,000000,15.155,15.155,14.741,14.741,352,0
MRC,D,20160628,000000,15.007,15.007,14.761,14.761,3,0
MRC,D,20160629,000000,14.939,14.939,14.27,14.703,2341,0
MRC,D,20160630,000000,14.948,14.948,14.082,14.436,236,0
MRC,D,20160701,000000,14.416,14.426,14.131,14.426,649,0
MRC,D,20160704,000000,14.22,14.22,13.925,14.22,1269,0
MRC,D,20160705,000000,14.398,14.398,14.388,14.388,63,0
MRC,D,20160706,000000,14.388,14.388,13.689,14.131,6151,0
MRC,D,20160707,000000,14.141,14.141,13.757,14.043,1778,0
MRC,D,20160708,000000,14.131,14.131,13.964,13.984,105,0
MRC,D,20160711,000000,13.984,14.171,13.974,14.013,4732,0
MRC,D,20160712,000000,14.072,14.171,14.072,14.171,155,0
MRC,D,20160713,000000,14.368,14.368,13.689,13.955,945,0
MRC,D,20160714,000000,13.955,13.955,13.679,13.767,1118,0
MRC,D,20160715,000000,14.063,14.063,13.659,13.659,20587,0
MRC,D,20160718,000000,13.659,14.751,13.659,14.171,1816,0
MRC,D,20160719,000000,14.741,14.741,14.604,14.604,2,0
MRC,D,20160720,000000,14.604,14.604,14.466,14.466,2,0
MRC,D,20160721,000000,14.466,14.466,14.466,14.466,1,0
MRC,D,20160722,000000,14.466,14.466,14.358,14.358,2,0
MRC,D,20160725,000000,14.318,14.466,13.777,14.161,8868,0
MRC,D,20160726,000000,14.161,14.446,13.728,13.955,2520,0
MRC,D,20160727,000000,13.945,13.945,13.777,13.777,13,0
MRC,D,20160728,000000,13.935,13.935,13.374,13.669,2180,0
MRC,D,20160729,000000,13.669,13.767,13.669,13.767,2,0
MRC,D,20160801,000000,13.767,13.767,13.767,13.767,2,0
MRC,D,20160802,000000,13.777,14.24,13.777,13.974,2905,0
MRC,D,20160803,000000,13.955,14.161,13.777,14.131,1716,0
MRC,D,20160804,000000,14.122,15.214,14.122,15.135,15353,0
MRC,D,20160805,000000,15.224,16.238,14.761,15.145,2627,0
MRC,D,20160808,000000,15.155,16.375,14.584,16.326,2701,0
MRC,D,20160809,000000,16.434,16.434,15.647,15.647,5922,0
MRC,D,20160810,000000,15.657,15.942,15.549,15.617,4167,0
MRC,D,20160811,000000,16.13,16.13,15.735,15.893,763,0
MRC,D,20160812,000000,15.942,15.942,15.657,15.725,678,0
MRC,D,20160816,000000,15.942,15.942,15.106,15.106,2978,0
MRC,D,20160817,000000,15.499,15.529,15.017,15.529,5374,0
MRC,D,20160818,000000,15.549,15.844,14.869,14.879,10452,0
MRC,D,20160819,000000,15.244,15.254,14.181,14.761,2974,0
MRC,D,20160822,000000,14.761,14.761,14.466,14.594,3851,0
MRC,D,20160823,000000,14.761,15.126,14.466,15.126,1890,0
MRC,D,20160824,000000,14.939,14.939,14.751,14.761,1908,0
MRC,D,20160825,000000,15.056,15.942,15.056,15.697,9387,0
MRC,D,20160826,000000,15.873,15.932,15.401,15.844,3928,0
MRC,D,20160829,000000,15.932,15.932,15.657,15.834,19833,0
MRC,D,20160830,000000,15.844,16.238,15.499,16.12,4699,0
MRC,D,20160831,000000,15.48,16.434,15.372,15.922,8726,0
MRC,D,20160901,000000,16.355,16.355,16.13,16.138,3174,0
MRC,D,20160902,000000,16.188,16.188,15.853,16.09,311,0
MRC,D,20160905,000000,16.138,16.651,16.09,16.238,15185,0
MRC,D,20160906,000000,16.601,17.212,16.581,17.192,43055,0
MRC,D,20160907,000000,17.192,17.419,17.104,17.192,7868,0
MRC,D,20160908,000000,17.32,17.32,16.976,17.192,9904,0
MRC,D,20160909,000000,17.162,17.192,16.877,17.182,12501,0
MRC,D,20160912,000000,17.182,17.192,17.123,17.123,1821,0
MRC,D,20160913,000000,17.142,17.142,17.114,17.114,1907,0
MRC,D,20160914,000000,17.114,17.123,17.114,17.114,2109,0
MRC,D,20160915,000000,17.152,17.556,17.152,17.409,6545,0
MRC,D,20160916,000000,17.556,17.714,17.222,17.615,12779,0
MRC,D,20160919,000000,17.222,18.186,17.222,17.615,4557,0
MRC,D,20160920,000000,17.605,17.605,17.222,17.369,6097,0
MRC,D,20160921,000000,17.429,17.429,16.533,17.123,202231,0
MRC,D,20160922,000000,17.123,17.595,16.877,17.212,41764,0
MRC,D,20160923,000000,17.575,17.575,16.976,17.212,4251,0
MRC,D,20160926,000000,17.212,17.212,17.172,17.212,4939,0
MRC,D,20160927,000000,17.212,17.212,17.024,17.024,914,0
MRC,D,20160928,000000,17.212,17.212,17.212,17.212,4473,0
MRC,D,20160929,000000,17.212,17.212,16.926,17.212,1485,0
MRC,D,20160930,000000,17.212,17.212,16.926,17.123,1531,0
MRC,D,20161003,000000,17.123,17.123,17.044,17.114,1455,0
MRC,D,20161004,000000,17.074,17.114,17.074,17.114,826,0
MRC,D,20161005,000000,17.114,17.114,17.024,17.114,598,0
MRC,D,20161006,000000,16.936,17.074,16.936,17.074,245,0
MRC,D,20161007,000000,17.074,17.212,16.936,17.202,10032,0
MRC,D,20161010,000000,17.212,17.212,17.172,17.212,5770,0
MRC,D,20161011,000000,17.212,17.212,17.192,17.212,8806,0
MRC,D,20161012,000000,17.212,17.212,17.192,17.192,1607,0
MRC,D,20161013,000000,17.182,17.212,16.739,16.739,8053,0
MRC,D,20161014,000000,17.005,17.005,16.729,16.877,360,0
MRC,D,20161017,000000,16.877,17.024,16.877,17.024,804,0
MRC,D,20161018,000000,17.024,17.024,16.336,16.986,4411,0
MRC,D,20161019,000000,17.005,17.182,16.926,17.182,2614,0
MRC,D,20161020,000000,17.212,17.212,17.152,17.212,5997,0
MRC,D,20161021,000000,17.212,17.212,17.172,17.172,5222,0
MRC,D,20161024,000000,17.172,17.172,17.123,17.172,4969,0
MRC,D,20161025,000000,17.172,17.172,16.729,16.729,8123,0
MRC,D,20161026,000000,17.142,17.142,16.553,16.877,14591,0
MRC,D,20161027,000000,16.926,16.926,16.543,16.621,15131,0
MRC,D,20161028,000000,17.212,17.212,16.631,16.631,23694,0
MRC,D,20161031,000000,17.231,17.231,16.631,17.212,758,0
MRC,D,20161102,000000,17.212,17.212,16.779,17.162,618,0
MRC,D,20161103,000000,17.162,17.162,16.838,17.123,233,0
MRC,D,20161104,000000,17.222,17.812,17.222,17.281,11426,0
MRC,D,20161107,000000,17.251,17.517,17.142,17.409,3028,0
MRC,D,20161108,000000,17.704,17.704,17.152,17.369,385,0
MRC,D,20161109,000000,16.976,17.32,16.976,17.32,7967,0
MRC,D,20161110,000000,17.271,18.166,17.271,17.96,14014,0
MRC,D,20161114,000000,18.393,19.219,18.393,18.894,35711,0
MRC,D,20161115,000000,19.101,19.554,18.501,18.599,17404,0
MRC,D,20161116,000000,18.924,18.944,18.796,18.944,5364,0
MRC,D,20161117,000000,18.944,18.944,18.599,18.599,6954,0
MRC,D,20161118,000000,18.313,18.904,18.265,18.698,3286,0
MRC,D,20161121,000000,18.944,18.944,18.688,18.688,10655,0
MRC,D,20161122,000000,18.698,18.708,18.225,18.599,5900,0
MRC,D,20161123,000000,18.934,18.934,18.245,18.245,4814,0
MRC,D,20161124,000000,18.255,18.698,17.92,18.245,6457,0
MRC,D,20161125,000000,18.599,18.599,18.107,18.205,4323,0
MRC,D,20161128,000000,18.501,18.501,17.989,18.008,14864,0
MRC,D,20161129,000000,17.92,18.176,17.812,18.137,5864,0
MRC,D,20161130,000000,18.205,18.501,17.97,18.186,5007,0
MRC,D,20161201,000000,18.107,18.107,17.369,17.714,6492,0
MRC,D,20161202,000000,18.008,18.205,17.714,18.205,16654,0
MRC,D,20161205,000000,18.501,18.501,17.714,18.491,12196,0
MRC,D,20161206,000000,18.737,18.796,18.255,18.501,5055,0
MRC,D,20161207,000000,18.688,18.698,18.413,18.501,7003,0
MRC,D,20161208,000000,18.501,18.599,18.215,18.579,7101,0
MRC,D,20161209,000000,18.688,18.944,18.205,18.579,22795,0
MRC,D,20161212,000000,18.846,18.846,18.353,18.599,10762,0
MRC,D,20161213,000000,18.766,18.766,18.304,18.304,9696,0
MRC,D,20161214,000000,18.205,18.599,18.107,18.146,9282,0
MRC,D,20161215,000000,18.117,18.117,17.832,17.999,7464,0
MRC,D,20161216,000000,18.501,18.501,17.861,18.068,3979,0
MRC,D,20161219,000000,18.137,18.137,17.871,17.97,6619,0
MRC,D,20161220,000000,17.97,18.058,17.97,18.058,1307,0
MRC,D,20161221,000000,18.107,18.107,17.92,18.008,4665,0
MRC,D,20161222,000000,18.107,18.491,17.999,18.008,9134,0
MRC,D,20161223,000000,18.609,18.609,17.91,18.008,5331,0
MRC,D,20161227,000000,18.481,18.481,17.96,18.304,8572,0
MRC,D,20161228,000000,18.422,18.422,17.92,18.255,3882,0
MRC,D,20161229,000000,18.255,18.441,17.94,18.008,40330,0
MRC,D,20161230,000000,18.304,18.698,18.255,18.688,21650,0
MRC,D,20170102,000000,18.491,18.944,18.353,18.688,4714,0
MRC,D,20170103,000000,18.688,18.855,18.599,18.678,16073,0
MRC,D,20170104,000000,18.688,19.564,18.688,19.239,23836,0
MRC,D,20170105,000000,19.239,20.036,18.756,20.036,13896,0
MRC,D,20170109,000000,20.163,20.843,20.036,20.843,18035,0
MRC,D,20170110,000000,21.109,21.109,20.469,20.558,24681,0
MRC,D,20170111,000000,20.479,20.479,20.173,20.469,8141,0
MRC,D,20170112,000000,20.518,20.754,20.173,20.371,8632,0
MRC,D,20170113,000000,20.371,20.371,19.73,20.145,14000,0
MRC,D,20170116,000000,20.145,20.145,19.662,19.78,13622,0
MRC,D,20170117,000000,20.026,20.272,19.77,19.859,93161,0
MRC,D,20170118,000000,19.692,19.849,19.307,19.642,13516,0
MRC,D,20170119,000000,19.583,20.371,19.583,20.361,8936,0
MRC,D,20170120,000000,20.568,21.158,20.44,21.158,14180,0
MRC,D,20170123,000000,21.158,21.404,21.059,21.325,13314,0
MRC,D,20170124,000000,21.394,21.394,20.813,20.813,7693,0
MRC,D,20170125,000000,20.734,21.65,20.734,21.542,11928,0
MRC,D,20170126,000000,21.542,21.542,21.207,21.444,4618,0
MRC,D,20170127,000000,21.444,21.444,21.079,21.404,1662,0
MRC,D,20170130,000000,21.404,21.404,20.823,21.148,3777,0
MRC,D,20170131,000000,21.207,21.404,21.109,21.354,3832,0
MRC,D,20170201,000000,21.354,21.364,21.148,21.315,3264,0
MRC,D,20170202,000000,21.02,21.158,20.813,21.158,6146,0
MRC,D,20170203,000000,21.345,21.345,20.469,21.296,29091,0
MRC,D,20170206,000000,21.246,21.246,20.725,21.148,17781,0
MRC,D,20170207,000000,21.138,21.158,20.872,20.882,6222,0
MRC,D,20170208,000000,20.912,20.912,20.528,20.528,4012,0
MRC,D,20170209,000000,20.518,20.902,20.223,20.892,7098,0
MRC,D,20170210,000000,20.656,20.863,20.44,20.863,5807,0
MRC,D,20170213,000000,20.863,20.863,20.183,20.183,8668,0
MRC,D,20170214,000000,19.888,20.361,19.672,19.83,15507,0
MRC,D,20170215,000000,19.839,20.263,19.839,20.026,4565,0
MRC,D,20170216,000000,20.026,20.173,19.878,20.095,5436,0
MRC,D,20170217,000000,20.173,20.666,20.026,20.272,23233,0
MRC,D,20170220,000000,20.125,20.863,20.125,20.754,11616,0
MRC,D,20170221,000000,20.715,21.049,20.715,20.754,3722,0
MRC,D,20170222,000000,20.754,20.764,20.321,20.459,2449,0
MRC,D,20170223,000000,20.469,20.764,20.469,20.764,4719,0
MRC,D,20170224,000000,20.764,20.764,20.173,20.558,4519,0
MRC,D,20170227,000000,20.548,20.548,20.173,20.42,1827,0
MRC,D,20170228,000000,20.272,20.558,19.78,20.361,7478,0
MRC,D,20170301,000000,20.173,20.351,19.977,20.351,5892,0
MRC,D,20170302,000000,20.341,20.41,20.026,20.361,18076,0
MRC,D,20170303,000000,20.449,20.449,19.78,20.036,3043,0
MRC,D,20170306,000000,20.173,20.173,19.839,20.105,2685,0
MRC,D,20170307,000000,20.105,20.105,18.954,19.475,20619,0
MRC,D,20170308,000000,19.288,19.288,19.022,19.18,26379,0
MRC,D,20170309,000000,19.17,19.17,19.003,19.032,2407,0
MRC,D,20170310,000000,18.904,19.583,18.708,19.17,14974,0
MRC,D,20170313,000000,19.18,19.18,18.894,18.993,13292,0
MRC,D,20170314,000000,18.993,18.993,18.796,18.944,6366,0
MRC,D,20170315,000000,18.983,18.993,18.511,18.756,14188,0
MRC,D,20170316,000000,18.934,19.475,18.756,19.111,32865,0
MRC,D,20170317,000000,19.505,20.44,19.505,19.702,37446,0
MRC,D,20170320,000000,20.125,20.371,20.026,20.371,27180,0
MRC,D,20170321,000000,20.371,20.666,20.173,20.203,24044,0
MRC,D,20170322,000000,20.125,20.371,19.868,19.977,3787,0
MRC,D,20170323,000000,20.173,20.44,20.026,20.361,12528,0
MRC,D,20170324,000000,20.135,20.135,19.682,19.977,13662,0
MRC,D,20170327,000000,19.977,19.977,19.101,19.307,8902,0
MRC,D,20170328,000000,18.993,18.993,18.698,18.934,9292,0
MRC,D,20170329,000000,19.297,19.297,18.806,19.288,17028,0
MRC,D,20170330,000000,18.894,19.042,18.708,19.042,6828,0
MRC,D,20170331,000000,18.698,18.698,18.521,18.698,12339,0
MRC,D,20170403,000000,19.141,19.141,18.54,19.071,14945,0
MRC,D,20170404,000000,18.894,18.894,18.698,18.698,22900,0
MRC,D,20170405,000000,18.776,19.17,18.313,18.599,48508,0
MRC,D,20170406,000000,18.55,19.081,18.255,19.081,3760,0
MRC,D,20170407,000000,19.032,19.042,18.668,18.698,7243,0
MRC,D,20170410,000000,18.688,19.042,18.599,18.698,4318,0
MRC,D,20170411,000000,19.022,19.022,18.521,18.678,2502,0
MRC,D,20170412,000000,18.688,18.698,18.55,18.698,774,0
MRC,D,20170413,000000,18.599,18.698,18.403,18.698,6406,0
MRC,D,20170418,000000,17.517,18.058,17.172,17.664,39685,0
MRC,D,20170419,000000,16.641,17.123,16.336,16.729,48386,0
MRC,D,20170420,000000,16.543,16.719,16.267,16.71,15860,0
MRC,D,20170421,000000,16.68,17.575,16.68,17.212,35458,0
MRC,D,20170424,000000,17.694,17.714,17.241,17.467,3090,0
MRC,D,20170425,000000,17.605,17.832,17.457,17.714,3145,0
MRC,D,20170426,000000,17.714,17.714,17.271,17.467,3567,0
MRC,D,20170427,000000,17.714,18.146,17.527,18.058,11411,0
MRC,D,20170428,000000,18.156,18.698,18.068,18.698,165965,0
MRC,D,20170502,000000,18.934,19.032,18.796,18.993,2273,0
MRC,D,20170504,000000,18.599,18.874,18.451,18.816,7907,0
MRC,D,20170505,000000,18.864,18.864,18.698,18.796,1820,0
MRC,D,20170508,000000,18.796,18.796,18.698,18.796,5009,0
MRC,D,20170509,000000,18.864,19.564,18.432,18.904,19311,0
MRC,D,20170510,000000,19.564,19.564,18.698,18.894,2767,0
MRC,D,20170511,000000,18.884,18.884,18.599,18.619,8205,0
MRC,D,20170512,000000,18.698,18.698,18.117,18.205,2421,0
MRC,D,20170515,000000,18.205,18.55,17.92,18.205,13673,0
MRC,D,20170516,000000,18.058,18.353,17.989,18.205,2118,0
MRC,D,20170517,000000,18.441,18.441,18.205,18.205,1755,0
MRC,D,20170518,000000,18.983,18.983,18.117,18.589,2067,0
MRC,D,20170519,000000,19.111,19.279,18.313,18.884,1655,0
MRC,D,20170522,000000,19.18,19.239,18.432,18.698,3030,0
MRC,D,20170523,000000,19.189,19.189,18.117,18.176,3839,0
MRC,D,20170524,000000,18.589,18.688,18.156,18.688,665,0
MRC,D,20170525,000000,18.215,18.648,18.215,18.648,546,0
MRC,D,20170526,000000,18.678,18.678,18.313,18.599,1552,0
MRC,D,20170529,000000,18.698,18.846,18.698,18.846,2316,0
MRC,D,20170530,000000,18.924,18.924,18.403,18.894,1205,0
MRC,D,20170531,000000,18.944,18.993,18.619,18.993,1742,0
MRC,D,20170601,000000,18.993,19.17,18.846,19.17,2689,0
MRC,D,20170602,000000,19.17,19.652,18.756,19.534,5148,0
MRC,D,20170605,000000,19.682,19.682,18.609,19.052,6465,0
MRC,D,20170606,000000,19.426,19.436,18.796,19.071,3143,0
MRC,D,20170607,000000,19.091,19.347,18.816,19.347,1236,0
MRC,D,20170608,000000,19.337,19.337,18.826,19.071,1783,0
MRC,D,20170609,000000,19.327,19.327,18.826,18.904,1778,0
MRC,D,20170612,000000,19.279,19.279,18.826,19.141,587,0
MRC,D,20170613,000000,19.141,19.141,18.836,18.973,129,0
MRC,D,20170614,000000,19.131,19.131,18.698,18.698,1446,0
MRC,D,20170616,000000,18.698,18.924,18.698,18.924,87,0
MRC,D,20170619,000000,18.914,18.914,18.501,18.884,2606,0
MRC,D,20170620,000000,18.501,18.846,18.501,18.826,328,0
MRC,D,20170621,000000,18.846,18.846,18.403,18.501,1812,0
MRC,D,20170622,000000,18.698,18.698,18.265,18.481,731,0
MRC,D,20170623,000000,18.501,18.501,18.215,18.304,3107,0
MRC,D,20170626,000000,18.304,18.304,18.137,18.285,1364,0
MRC,D,20170627,000000,18.137,18.205,17.96,17.96,1153,0
MRC,D,20170628,000000,17.989,17.989,17.389,17.812,1683,0
MRC,D,20170629,000000,17.812,17.852,17.812,17.852,104,0
MRC,D,20170630,000000,17.842,17.852,17.438,17.852,2240,0
MRC,D,20170703,000000,18.501,18.501,18.451,18.451,2,0
MRC,D,20170704,000000,18.501,18.501,18.403,18.403,2,0
MRC,D,20170705,000000,17.507,18.993,17.467,18.993,9578,0
MRC,D,20170706,000000,18.353,18.698,18.353,18.698,16,0
MRC,D,20170707,000000,18.599,18.648,18.599,18.648,49,0
MRC,D,20170710,000000,18.777,18.777,18.43,18.718,708,0
MRC,D,20170711,000000,18.827,18.827,18.44,18.678,146,0
MRC,D,20170712,000000,18.728,18.747,17.836,18.529,5030,0
MRC,D,20170713,000000,18.51,18.51,17.836,17.836,977,0
MRC,D,20170714,000000,18.411,18.411,17.737,18.331,1748,0
MRC,D,20170717,000000,17.836,17.836,17.192,17.638,7153,0
MRC,D,20170718,000000,17.638,18.381,17.449,18.381,3146,0
MRC,D,20170719,000000,18.529,18.529,18.48,18.529,203,0
MRC,D,20170720,000000,18.529,18.678,18.044,18.133,853,0
MRC,D,20170721,000000,18.133,18.242,18.133,18.242,1011,0
MRC,D,20170724,000000,18.629,18.629,18.143,18.629,282,0
MRC,D,20170725,000000,18.619,18.629,18.331,18.331,141,0
MRC,D,20170726,000000,18.757,18.757,18.153,18.331,92,0
MRC,D,20170727,000000,18.331,18.629,18.103,18.619,391,0
MRC,D,20170728,000000,18.619,18.827,17.945,18.827,2747,0
MRC,D,20170731,000000,19.292,19.292,18.827,19.223,475,0
MRC,D,20170801,000000,19.223,19.302,18.084,18.827,2240,0
MRC,D,20170802,000000,18.866,18.866,18.539,18.629,1645,0
MRC,D,20170803,000000,18.827,18.827,18.331,18.658,48,0
MRC,D,20170804,000000,18.658,18.658,18.153,18.282,252,0
MRC,D,20170807,000000,18.133,18.133,18.133,18.133,520,0
MRC,D,20170808,000000,18.133,18.133,17.687,17.687,369,0
MRC,D,20170809,000000,17.836,17.836,17.836,17.836,103,0
MRC,D,20170810,000000,17.826,17.826,17.142,17.608,1002,0
MRC,D,20170811,000000,17.449,17.638,17.449,17.638,694,0
MRC,D,20170814,000000,17.687,18.222,17.4,18.044,404,0
MRC,D,20170816,000000,18.331,18.331,17.687,17.687,54,0
MRC,D,20170817,000000,18.331,18.331,17.44,17.836,159,0
MRC,D,20170818,000000,17.836,17.836,17.836,17.836,11,0
MRC,D,20170821,000000,17.836,18.321,17.638,18.321,1146,0
MRC,D,20170822,000000,18.321,18.698,17.905,18.678,14886,0
MRC,D,20170823,000000,18.678,18.678,18.49,18.49,2,0
MRC,D,20170824,000000,18.579,18.579,17.905,18.282,1804,0
MRC,D,20170825,000000,17.836,17.836,17.499,17.539,2280,0
MRC,D,20170828,000000,18.559,18.559,17.489,17.836,515,0
MRC,D,20170829,000000,17.539,17.539,17.222,17.222,3683,0
MRC,D,20170830,000000,17.44,17.44,17.142,17.42,2233,0
MRC,D,20170831,000000,17.836,18.034,17.35,18.034,2923,0
MRC,D,20170901,000000,17.836,17.836,17.093,17.241,3782,0
MRC,D,20170904,000000,17.638,17.677,17.241,17.677,613,0
MRC,D,20170905,000000,17.717,17.717,17.251,17.717,398,0
MRC,D,20170906,000000,17.826,17.836,17.36,17.836,1327,0
MRC,D,20170907,000000,17.836,17.836,17.103,17.34,2013,0
MRC,D,20170908,000000,17.34,17.836,17.34,17.786,651,0
MRC,D,20170911,000000,17.796,17.796,17.776,17.776,57,0
MRC,D,20170912,000000,17.796,17.796,17.598,17.598,109,0
MRC,D,20170913,000000,17.598,17.757,17.073,17.757,1143,0
MRC,D,20170914,000000,17.776,17.776,16.052,16.399,10079,0
MRC,D,20170915,000000,17.717,17.717,16.151,16.449,7979,0
MRC,D,20170918,000000,17.608,17.608,16.508,16.518,13231,0
MRC,D,20170919,000000,17.241,17.241,16.528,17.053,100961,0
MRC,D,20170920,000000,17.529,17.529,16.696,16.696,3518,0
MRC,D,20170921,000000,16.607,16.845,16.25,16.756,3818,0
MRC,D,20170922,000000,16.845,16.845,16.538,16.746,224,0
MRC,D,20170925,000000,17.519,17.519,15.864,16.786,3609,0
MRC,D,20170926,000000,16.786,16.786,16.35,16.736,2326,0
MRC,D,20170927,000000,16.746,17.331,16.548,16.548,6933,0
MRC,D,20170928,000000,17.271,17.271,15.854,16.151,14093,0
MRC,D,20170929,000000,17.033,17.033,15.953,15.953,1619,0
MRC,D,20171002,000000,17.033,17.033,16.231,16.845,394,0
MRC,D,20171003,000000,16.835,16.835,16.597,16.597,4643,0
MRC,D,20171004,000000,16.597,16.746,16.449,16.449,1701,0
MRC,D,20171005,000000,16.449,16.449,16.032,16.032,1720,0
MRC,D,20171006,000000,16.032,16.617,16.032,16.617,2828,0
MRC,D,20171009,000000,16.617,16.617,16.3,16.3,220,0
MRC,D,20171010,000000,16.617,16.617,16.25,16.25,668,0
MRC,D,20171011,000000,16.449,16.607,16.003,16.597,1626,0
MRC,D,20171012,000000,16.597,16.597,16.092,16.112,506,0
MRC,D,20171013,000000,16.518,16.518,16.062,16.35,652,0
MRC,D,20171016,000000,16.548,16.548,16.35,16.35,94,0
MRC,D,20171017,000000,16.538,16.538,16.161,16.171,1805,0
MRC,D,20171018,000000,16.478,16.478,16.151,16.151,5724,0
MRC,D,20171019,000000,16.845,17.132,16.498,16.835,6972,0
MRC,D,20171020,000000,17.043,17.539,16.548,16.746,7907,0
MRC,D,20171023,000000,16.825,16.835,16.647,16.736,2678,0
MRC,D,20171024,000000,16.845,16.845,16.102,16.35,3158,0
MRC,D,20171025,000000,16.845,16.845,16.112,16.25,2863,0
MRC,D,20171026,000000,16.25,16.746,16.082,16.746,783,0
MRC,D,20171027,000000,16.746,16.746,16.736,16.746,890,0
MRC,D,20171030,000000,16.637,16.637,16.171,16.637,704,0
MRC,D,20171031,000000,16.637,16.637,16.379,16.637,59,0
MRC,D,20171102,000000,16.647,16.647,16.389,16.617,1380,0
MRC,D,20171103,000000,16.607,16.617,16.25,16.617,719,0
MRC,D,20171106,000000,16.617,16.617,16.3,16.617,2909,0
MRC,D,20171107,000000,16.617,16.617,16.597,16.597,112,0
MRC,D,20171108,000000,16.587,16.587,15.973,16.052,3576,0
MRC,D,20171109,000000,16.3,16.587,16.072,16.587,778,0
MRC,D,20171110,000000,16.389,16.389,15.983,16.389,1686,0
MRC,D,20171113,000000,15.676,16.389,14.11,15.656,5298,0
MRC,D,20171114,000000,15.359,15.359,14.566,15.002,5100,0
MRC,D,20171115,000000,15.012,15.061,14.754,14.952,2224,0
MRC,D,20171116,000000,14.942,14.942,13.971,14.616,3227,0
MRC,D,20171117,000000,14.616,14.893,14.318,14.606,6346,0
MRC,D,20171120,000000,14.715,14.715,14.17,14.368,2310,0
MRC,D,20171121,000000,14.715,14.715,14.17,14.209,2262,0
MRC,D,20171122,000000,14.12,14.219,14.12,14.219,2782,0
MRC,D,20171123,000000,14.219,14.665,14.17,14.368,3401,0
MRC,D,20171124,000000,14.705,15.359,14.368,14.962,8892,0
MRC,D,20171127,000000,15.507,15.805,15.359,15.745,3335,0
MRC,D,20171128,000000,15.735,15.735,15.378,15.705,3248,0
MRC,D,20171129,000000,15.735,15.735,15.636,15.725,1426,0
MRC,D,20171130,000000,15.745,15.844,15.408,15.844,10792,0
MRC,D,20171201,000000,16.052,16.052,15.755,16.052,10003,0
MRC,D,20171204,000000,16.072,16.072,15.388,15.428,7441,0
MRC,D,20171205,000000,16.023,16.023,15.418,15.705,1425,0
MRC,D,20171206,000000,15.953,15.953,15.378,15.428,32097,0
MRC,D,20171207,000000,15.943,15.943,15.26,15.408,3744,0
MRC,D,20171208,000000,15.408,15.408,15.269,15.359,745,0
MRC,D,20171211,000000,15.369,15.428,15.269,15.378,1702,0
MRC,D,20171212,000000,15.359,15.359,15.269,15.359,1096,0
MRC,D,20171213,000000,15.359,15.359,14.913,15.042,4437,0
MRC,D,20171214,000000,15.26,15.26,14.606,14.606,7556,0
MRC,D,20171215,000000,14.863,15.25,14.863,14.863,2013,0
MRC,D,20171218,000000,15.349,15.349,14.715,15.141,15840,0
MRC,D,20171219,000000,15.141,16.023,15.061,15.844,9359,0
MRC,D,20171220,000000,15.844,15.844,15.468,15.468,1910,0
MRC,D,20171221,000000,15.824,15.834,15.359,15.755,2613,0
MRC,D,20171222,000000,15.725,16.518,15.725,16.161,7937,0
MRC,D,20171227,000000,16.508,16.508,15.953,16.062,2961,0
MRC,D,20171228,000000,16.389,16.746,16.151,16.746,4889,0
MRC,D,20171229,000000,16.746,16.835,16.498,16.776,1260,0
MRC,D,20180103,000000,16.795,17.39,16.647,16.944,1337,0
MRC,D,20180104,000000,16.746,17.34,16.746,17.043,2356,0
MRC,D,20180105,000000,17.44,17.737,17.142,17.737,2872,0
MRC,D,20180108,000000,17.638,17.687,17.39,17.539,1937,0
MRC,D,20180109,000000,17.737,17.737,17.588,17.737,1549,0
MRC,D,20180110,000000,17.836,17.836,17.539,17.687,1411,0
MRC,D,20180111,000000,17.687,17.687,17.39,17.539,2417,0
MRC,D,20180112,000000,17.539,17.836,17.539,17.836,3800,0
MRC,D,20180115,000000,17.836,18.232,17.786,18.232,3300,0
MRC,D,20180116,000000,18.43,18.728,18.034,18.678,4992,0
MRC,D,20180117,000000,18.728,19.124,18.728,18.926,10079,0
MRC,D,20180118,000000,18.827,19.273,18.827,19.174,7133,0
MRC,D,20180119,000000,18.926,19.124,18.827,19.124,7144,0
MRC,D,20180122,000000,19.174,19.174,18.728,18.728,3163,0
MRC,D,20180123,000000,18.827,18.827,18.529,18.827,1777,0
MRC,D,20180124,000000,18.827,18.876,18.529,18.876,989,0
MRC,D,20180125,000000,18.926,19.124,18.579,18.579,2418,0
MRC,D,20180126,000000,18.827,18.827,18.331,18.629,28585,0
MRC,D,20180129,000000,18.629,18.629,18.48,18.529,20629,0
MRC,D,20180130,000000,18.629,18.827,18.529,18.827,4295,0
MRC,D,20180131,000000,18.827,18.827,18.43,18.529,1235,0
MRC,D,20180201,000000,18.827,18.827,18.827,18.827,4,0
MRC,D,20180202,000000,18.331,18.331,17.737,18.034,10558,0
MRC,D,20180205,000000,18.084,18.084,17.142,17.737,3190,0
MRC,D,20180206,000000,16.845,17.588,16.151,17.44,12698,0
MRC,D,20180207,000000,17.44,17.836,17.34,17.539,2754,0
MRC,D,20180208,000000,17.836,18.084,17.39,17.836,2066,0
MRC,D,20180209,000000,17.836,17.836,17.687,17.687,78,0
MRC,D,20180212,000000,17.687,17.687,17.489,17.588,763,0
MRC,D,20180213,000000,17.836,17.836,17.687,17.786,1678,0
MRC,D,20180214,000000,17.786,17.836,17.786,17.836,3802,0
MRC,D,20180215,000000,18.034,18.183,17.836,18.183,1488,0
MRC,D,20180216,000000,18.133,18.133,17.737,18.133,206,0
MRC,D,20180219,000000,17.786,18.331,17.786,18.331,3309,0
MRC,D,20180220,000000,18.331,18.331,17.935,17.935,269,0
MRC,D,20180221,000000,18.331,18.331,18.034,18.331,547,0
MRC,D,20180222,000000,18.331,18.331,18.232,18.331,28530,0
MRC,D,20180223,000000,18.331,18.331,17.836,17.836,952,0
MRC,D,20180226,000000,17.836,17.836,17.489,17.638,801,0
MRC,D,20180227,000000,17.737,17.737,17.142,17.142,1459,0
MRC,D,20180228,000000,18.331,18.331,16.795,17.687,1667,0
MRC,D,20180301,000000,17.192,17.588,16.895,17.291,2296,0
MRC,D,20180302,000000,17.39,17.39,16.746,17.192,1153,0
MRC,D,20180305,000000,17.241,17.241,17.241,17.241,1,0
MRC,D,20180306,000000,17.241,17.34,16.944,17.34,1744,0
MRC,D,20180307,000000,17.39,17.638,16.944,17.638,1125,0
MRC,D,20180308,000000,17.638,17.638,17.093,17.44,1167,0
MRC,D,20180309,000000,17.539,17.687,17.44,17.687,863,0
MRC,D,20180312,000000,17.836,17.836,17.34,17.638,250,0
MRC,D,20180313,000000,17.836,17.836,17.093,17.638,492,0
MRC,D,20180314,000000,17.489,17.489,16.994,16.994,935,0
MRC,D,20180315,000000,17.34,17.34,17.192,17.34,1525,0
MRC,D,20180316,000000,17.093,17.093,16.895,16.895,363,0
MRC,D,20180319,000000,16.696,16.696,15.16,15.953,6694,0
MRC,D,20180320,000000,15.854,16.151,15.854,16.151,121,0
MRC,D,20180321,000000,16.003,16.052,15.854,15.953,314,0
MRC,D,20180322,000000,16.151,16.25,15.854,15.854,32,0
MRC,D,20180323,000000,16.597,16.597,16.597,16.597,173,0
MRC,D,20180326,000000,16.597,16.597,16.548,16.548,102,0
MRC,D,20180327,000000,16.449,16.449,15.854,16.3,414,0
MRC,D,20180328,000000,16.3,16.3,15.854,15.854,318,0
MRC,D,20180329,000000,16.3,16.449,16.052,16.449,2073,0
MRC,D,20180403,000000,16.548,17.043,16.548,17.043,2857,0
MRC,D,20180404,000000,17.489,17.539,17.093,17.539,3468,0
MRC,D,20180405,000000,17.786,17.786,17.44,17.786,2010,0
MRC,D,20180406,000000,18.034,18.034,17.687,17.737,195,0
MRC,D,20180409,000000,17.786,17.786,17.44,17.44,173,0
MRC,D,20180410,000000,17.638,17.638,17.291,17.34,223,0
MRC,D,20180411,000000,17.291,17.291,16.498,17.291,1450,0
MRC,D,20180412,000000,17.241,17.241,16.25,16.845,1357,0
MRC,D,20180413,000000,16.845,16.845,15.953,16.498,2109,0
MRC,D,20180416,000000,16.795,18.43,16.696,17.935,19899,0
MRC,D,20180417,000000,18.331,18.331,17.44,17.539,4997,0
MRC,D,20180418,000000,17.687,17.935,17.539,17.935,1607,0
MRC,D,20180419,000000,17.935,18.183,17.638,18.183,879,0
MRC,D,20180420,000000,18.331,18.728,18.183,18.728,53983,0
MRC,D,20180423,000000,18.777,18.827,17.34,18.629,7404,0
MRC,D,20180424,000000,18.629,18.629,18.034,18.232,772,0
MRC,D,20180425,000000,18.232,18.232,17.489,18.034,1421,0
MRC,D,20180426,000000,17.935,17.935,17.043,17.043,2890,0
MRC,D,20180427,000000,17.836,17.836,17.043,17.638,1516,0
MRC,D,20180430,000000,17.737,17.737,17.043,17.34,7606,0
MRC,D,20180502,000000,17.984,17.984,17.043,17.39,740,0
MRC,D,20180504,000000,17.539,17.539,17.34,17.34,305,0
MRC,D,20180507,000000,17.539,17.539,16.994,17.34,571,0
MRC,D,20180508,000000,17.39,17.39,16.944,16.944,482,0
MRC,D,20180509,000000,17.291,17.291,16.944,17.142,403,0
MRC,D,20180510,000000,17.142,17.142,17.043,17.142,285,0
MRC,D,20180511,000000,17.291,17.39,16.895,17.39,935,0
MRC,D,20180514,000000,17.39,17.39,17.043,17.39,414,0
MRC,D,20180515,000000,17.687,18.084,17.142,17.984,5676,0
MRC,D,20180516,000000,17.984,18.232,17.638,18.232,2878,0
MRC,D,20180517,000000,18.232,18.232,17.638,18.084,1697,0
MRC,D,20180518,000000,18.232,18.232,17.638,18.133,5109,0
MRC,D,20180521,000000,18.133,18.133,17.687,17.836,5362,0
MRC,D,20180522,000000,17.836,17.836,17.142,17.737,1139,0
MRC,D,20180523,000000,17.836,17.836,17.737,17.737,372,0
MRC,D,20180524,000000,17.836,17.836,17.737,17.836,305,0
MRC,D,20180525,000000,17.836,17.836,17.638,17.638,99,0
MRC,D,20180528,000000,17.44,17.836,17.44,17.836,6057,0
MRC,D,20180529,000000,17.836,17.836,17.34,17.588,1235,0
MRC,D,20180530,000000,17.836,17.836,17.142,17.687,478,0
MRC,D,20180601,000000,17.687,18.034,17.687,17.984,25984,0
MRC,D,20180604,000000,18.034,18.034,17.638,17.836,1742,0
MRC,D,20180605,000000,17.737,17.836,17.241,17.836,1752,0
MRC,D,20180606,000000,17.836,17.836,17.737,17.836,280,0
MRC,D,20180607,000000,17.836,17.836,17.737,17.737,1366,0
MRC,D,20180608,000000,17.737,17.836,17.737,17.836,2624,0
MRC,D,20180611,000000,17.836,18.133,17.737,18.133,48591,0
MRC,D,20180612,000000,18.232,18.331,17.984,18.331,2582,0
MRC,D,20180613,000000,18.331,18.381,18.084,18.381,2038,0
MRC,D,20180614,000000,18.43,19.074,18.232,19.025,7386,0
MRC,D,20180615,000000,19.025,19.322,18.728,18.728,22479,0
MRC,D,20180618,000000,18.827,18.926,18.331,18.827,36746,0
MRC,D,20180619,000000,18.926,18.926,18.529,18.529,335,0
MRC,D,20180620,000000,18.827,18.827,17.836,18.43,1488,0
MRC,D,20180621,000000,18.777,18.777,17.687,18.728,396,0
MRC,D,20180622,000000,18.629,18.629,17.737,18.331,314,0
MRC,D,20180625,000000,17.687,18.629,17.687,18.629,20994,0
MRC,D,20180626,000000,18.629,18.629,17.638,17.638,12597,0
MRC,D,20180627,000000,18.133,18.133,17.44,17.786,1463,0
MRC,D,20180628,000000,17.786,17.786,17.192,17.638,1138,0
MRC,D,20180629,000000,17.638,17.638,17.638,17.638,2,0
MRC,D,20180702,000000,17.638,17.638,17.638,17.638,2,0
MRC,D,20180703,000000,17.638,17.737,17.588,17.737,16154,0
MRC,D,20180704,000000,18.133,18.133,17.34,17.737,481,0
MRC,D,20180705,000000,18.133,18.133,17.737,17.737,3304,0
MRC,D,20180706,000000,18.133,18.133,18.133,18.133,1,0
MRC,D,20180709,000000,18.034,18.777,17.935,18.777,51682,0
MRC,D,20180710,000000,18.777,18.777,18.529,18.629,1243,0
MRC,D,20180711,000000,18.728,18.777,18.331,18.678,10738,0
MRC,D,20180712,000000,18.777,18.777,18.133,18.133,3188,0
MRC,D,20180713,000000,18.728,18.728,18.034,18.43,423,0
MRC,D,20180716,000000,18.381,18.678,18.381,18.678,1280,0
MRC,D,20180717,000000,18.728,18.728,16.647,18.084,17749,0
MRC,D,20180718,000000,18.084,18.133,17.687,17.836,13153,0
MRC,D,20180719,000000,17.786,18.133,17.34,18.133,3952,0
MRC,D,20180720,000000,17.539,18.034,17.489,17.687,11773,0
MRC,D,20180723,000000,17.638,17.638,16.895,17.638,11652,0
MRC,D,20180724,000000,17.588,17.786,17.241,17.786,10764,0
MRC,D,20180725,000000,17.836,17.836,17.638,17.836,13903,0
MRC,D,20180726,000000,17.836,17.935,17.539,17.935,1570,0
MRC,D,20180727,000000,17.885,17.885,17.539,17.539,3894,0
MRC,D,20180730,000000,17.539,17.539,17.093,17.34,11057,0
MRC,D,20180731,000000,17.291,17.291,17.241,17.241,1011,0
MRC,D,20180801,000000,17.34,17.34,16.994,17.192,655,0
MRC,D,20180802,000000,17.192,17.34,16.746,17.34,1753,0
MRC,D,20180803,000000,17.291,17.291,17.043,17.142,934,0
MRC,D,20180806,000000,17.093,17.34,17.043,17.291,1766,0
MRC,D,20180807,000000,17.241,17.34,16.944,17.291,1456,0
MRC,D,20180808,000000,17.836,17.836,16.647,16.845,2919,0
MRC,D,20180809,000000,16.845,16.845,16.35,16.647,2721,0
MRC,D,20180810,000000,16.647,16.696,16.052,16.647,5187,0
MRC,D,20180813,000000,16.795,16.795,16.35,16.647,5492,0
MRC,D,20180814,000000,16.746,16.845,16.449,16.795,13260,0
MRC,D,20180816,000000,16.795,16.795,16.25,16.795,20848,0
MRC,D,20180817,000000,16.795,16.795,16.696,16.696,506,0
MRC,D,20180820,000000,16.795,16.795,16.449,16.795,10220,0
MRC,D,20180821,000000,16.795,16.795,16.25,16.795,10941,0
MRC,D,20180822,000000,16.795,16.795,16.003,16.003,1966,0
MRC,D,20180823,000000,16.647,16.647,16.003,16.052,12104,0
MRC,D,20180824,000000,16.25,16.25,16.151,16.151,1383,0
MRC,D,20180827,000000,16.25,16.25,16.003,16.102,24631,0
MRC,D,20180828,000000,16.25,16.25,15.953,16.151,3455,0
MRC,D,20180829,000000,16.25,16.25,15.953,15.953,41861,0
MRC,D,20180830,000000,16.201,16.201,15.854,15.854,772,0
MRC,D,20180831,000000,16.201,16.201,15.755,15.755,6612,0
MRC,D,20180903,000000,15.805,15.805,15.656,15.656,455,0
MRC,D,20180904,000000,15.656,15.656,14.814,15.656,25308,0
MRC,D,20180905,000000,15.705,15.705,14.913,15.408,1571,0
MRC,D,20180906,000000,15.408,15.408,14.616,15.111,1127,0
MRC,D,20180907,000000,15.359,15.359,14.764,14.764,2105,0
MRC,D,20180910,000000,14.616,14.616,14.071,14.368,52885,0
MRC,D,20180911,000000,13.971,14.566,13.971,14.467,6817,0
MRC,D,20180912,000000,14.764,14.764,13.872,14.368,6056,0
MRC,D,20180913,000000,14.368,14.368,13.575,13.575,22391,0
MRC,D,20180914,000000,13.922,14.368,12.584,12.584,34191,0
MRC,D,20180917,000000,12.584,14.566,12.485,13.526,44148,0
MRC,D,20180918,000000,13.872,14.863,13.872,14.814,17505,0
MRC,D,20180919,000000,15.21,15.755,15.061,15.606,19378,0
MRC,D,20180920,000000,15.557,15.557,15.012,15.507,770,0
MRC,D,20180921,000000,15.606,15.606,15.16,15.16,253,0
MRC,D,20180924,000000,15.16,15.16,14.962,14.962,764,0
MRC,D,20180925,000000,14.962,14.962,13.773,14.071,16536,0
MRC,D,20180926,000000,14.17,14.467,13.674,14.17,12138,0
MRC,D,20180927,000000,14.17,14.17,14.071,14.17,1112,0
MRC,D,20180928,000000,14.17,14.17,14.12,14.12,962,0
MRC,D,20181001,000000,13.872,14.12,13.724,14.12,905,0
MRC,D,20181002,000000,14.12,14.12,13.575,14.021,1264,0
MRC,D,20181003,000000,14.021,14.863,14.021,14.12,11849,0
MRC,D,20181004,000000,14.616,14.665,14.12,14.665,11288,0
MRC,D,20181005,000000,14.665,14.665,14.665,14.665,370,0
MRC,D,20181008,000000,14.863,14.863,14.368,14.863,1061,0
MRC,D,20181009,000000,14.318,14.368,14.219,14.318,1672,0
MRC,D,20181010,000000,15.061,15.061,14.021,14.368,2121,0
MRC,D,20181011,000000,13.971,13.971,13.575,13.872,4687,0
MRC,D,20181012,000000,14.368,14.368,13.872,14.269,3963,0
MRC,D,20181015,000000,14.368,14.764,14.219,14.467,55114,0
MRC,D,20181016,000000,14.467,14.863,14.219,14.368,7959,0
MRC,D,20181017,000000,14.715,14.715,14.219,14.219,997,0
MRC,D,20181018,000000,14.467,15.755,14.219,15.012,4813,0
MRC,D,20181019,000000,15.012,15.557,14.913,15.557,507,0
MRC,D,20181022,000000,15.557,15.557,14.17,14.17,5567,0
MRC,D,20181023,000000,14.17,14.368,13.872,13.872,8419,0
MRC,D,20181024,000000,15.21,15.21,13.872,14.318,2310,0
MRC,D,20181025,000000,14.814,14.814,14.071,14.12,621,0
MRC,D,20181026,000000,14.764,14.764,13.674,13.773,4397,0
MRC,D,20181029,000000,13.724,14.715,13.724,14.715,725,0
MRC,D,20181030,000000,14.764,14.764,13.971,14.269,387,0
MRC,D,20181031,000000,14.318,14.318,13.971,14.269,2761,0
MRC,D,20181102,000000,14.764,14.764,14.318,14.516,1127,0
MRC,D,20181105,000000,14.764,14.764,14.219,14.566,814,0
MRC,D,20181106,000000,14.516,14.516,14.368,14.417,10195,0
MRC,D,20181107,000000,14.417,14.417,14.071,14.219,12456,0
MRC,D,20181108,000000,14.219,14.219,14.021,14.071,1011,0
MRC,D,20181109,000000,14.219,14.219,13.971,14.17,4913,0
MRC,D,20181113,000000,14.219,14.516,14.219,14.269,3814,0
MRC,D,20181114,000000,14.368,14.516,14.269,14.467,4869,0
MRC,D,20181115,000000,14.219,14.516,13.823,14.17,4740,0
MRC,D,20181116,000000,13.773,13.872,13.08,13.426,6459,0
MRC,D,20181119,000000,13.278,13.278,12.683,13.03,7426,0
MRC,D,20181120,000000,12.634,12.683,12.436,12.683,4077,0
MRC,D,20181121,000000,12.782,12.782,12.386,12.634,5950,0
MRC,D,20181122,000000,12.782,13.129,12.386,12.584,10182,0
MRC,D,20181123,000000,12.733,12.733,11.94,11.94,5661,0
MRC,D,20181126,000000,12.237,12.237,11.395,12.039,4399,0
MRC,D,20181127,000000,12.089,12.089,11.593,11.692,1778,0
MRC,D,20181128,000000,11.692,11.891,11.544,11.692,13286,0
MRC,D,20181129,000000,11.692,12.039,11.593,12.039,18944,0
MRC,D,20181130,000000,12.237,12.237,11.692,11.99,759,0
MRC,D,20181203,000000,12.584,12.584,11.593,11.891,7063,0
MRC,D,20181204,000000,11.99,11.99,11.593,11.841,6776,0
MRC,D,20181205,000000,12.039,12.039,11.494,11.593,9488,0
MRC,D,20181206,000000,11.94,11.94,11.544,11.593,434,0
MRC,D,20181207,000000,11.494,11.791,11.395,11.791,2950,0
MRC,D,20181210,000000,11.692,11.891,11.445,11.891,2193,0
MRC,D,20181211,000000,12.089,12.089,11.395,11.494,3959,0
MRC,D,20181212,000000,11.99,11.99,11.098,11.395,4429,0
MRC,D,20181213,000000,11.395,11.395,11.197,11.296,1738,0
MRC,D,20181214,000000,11.197,11.395,11.098,11.296,2799,0
MRC,D,20181217,000000,11.147,11.346,11.147,11.346,1834,0
MRC,D,20181218,000000,11.346,11.395,11.048,11.247,8721,0
MRC,D,20181219,000000,11.891,11.891,10.9,10.999,9094,0
MRC,D,20181220,000000,11.643,11.643,10.9,11.048,163310,0
MRC,D,20181221,000000,11.296,11.296,11.048,11.048,2659,0
MRC,D,20181227,000000,11.296,11.296,10.9,10.9,2380,0
MRC,D,20181228,000000,11.841,11.841,10.702,10.702,10372,0
MRC,D,20190102,000000,11.692,11.692,10.602,10.702,3638,0
MRC,D,20190103,000000,11.692,11.692,10.702,10.702,12205,0
MRC,D,20190104,000000,11.048,11.048,10.602,10.702,6122,0
MRC,D,20190107,000000,11.692,11.692,10.702,11.395,11788,0
MRC,D,20190108,000000,11.692,11.692,10.751,11.643,6851,0
MRC,D,20190109,000000,11.643,13.327,11.643,13.278,18317,0
MRC,D,20190110,000000,13.228,13.426,12.832,13.179,21535,0
MRC,D,20190111,000000,13.179,13.674,12.931,13.476,14523,0
MRC,D,20190114,000000,13.179,13.773,13.179,13.476,105907,0
MRC,D,20190115,000000,13.476,13.476,13.08,13.426,42994,0
MRC,D,20190116,000000,13.377,13.426,13.08,13.426,875,0
MRC,D,20190117,000000,13.625,13.872,13.129,13.575,5278,0
MRC,D,20190118,000000,13.625,13.625,13.179,13.526,1892,0
MRC,D,20190121,000000,13.526,13.526,12.683,13.377,75492,0
MRC,D,20190122,000000,13.377,13.377,12.782,12.782,1154,0
MRC,D,20190123,000000,13.327,13.327,12.931,13.228,835,0
MRC,D,20190124,000000,13.228,13.278,12.881,13.278,1405,0
MRC,D,20190125,000000,13.278,13.377,12.881,13.377,2465,0
MRC,D,20190128,000000,13.377,13.377,12.881,13.327,529,0
MRC,D,20190129,000000,13.327,13.377,12.881,13.377,1107,0
MRC,D,20190130,000000,13.377,13.377,12.881,13.08,2140,0
MRC,D,20190131,000000,13.129,13.278,12.881,13.278,1561,0
MRC,D,20190201,000000,13.278,13.278,12.881,13.129,555,0
MRC,D,20190204,000000,13.129,13.327,13.03,13.179,1957,0
MRC,D,20190205,000000,13.327,13.327,12.981,13.179,396,0
MRC,D,20190206,000000,13.327,13.327,12.981,13.278,3009,0
MRC,D,20190207,000000,13.327,13.327,12.981,13.278,202,0
MRC,D,20190208,000000,13.228,13.228,12.981,13.228,230,0
MRC,D,20190211,000000,13.228,13.278,13.03,13.278,2410,0
MRC,D,20190212,000000,13.377,13.971,13.377,13.575,2434,0
MRC,D,20190213,000000,13.872,13.872,13.426,13.674,576,0
MRC,D,20190214,000000,13.823,14.021,13.526,14.021,3382,0
MRC,D,20190215,000000,14.021,14.814,14.021,14.665,4001,0
MRC,D,20190218,000000,14.665,14.814,14.665,14.715,1495,0
MRC,D,20190219,000000,14.814,14.814,14.17,14.368,1900,0
MRC,D,20190220,000000,14.764,14.764,14.17,14.17,839,0
MRC,D,20190221,000000,14.566,14.566,14.071,14.071,1077,0
MRC,D,20190222,000000,14.269,14.417,14.12,14.12,445,0
MRC,D,20190225,000000,14.467,14.467,13.922,13.971,1579,0
MRC,D,20190226,000000,14.269,14.269,14.021,14.269,787,0
MRC,D,20190227,000000,14.269,14.269,13.922,13.922,879,0
MRC,D,20190228,000000,14.467,14.467,13.922,14.12,883,0
MRC,D,20190301,000000,14.17,14.17,13.922,14.021,2008,0
MRC,D,20190304,000000,14.17,14.17,13.971,14.17,656,0
MRC,D,20190305,000000,14.368,14.368,13.575,13.922,2210,0
MRC,D,20190306,000000,14.021,14.021,13.773,14.021,740,0
MRC,D,20190307,000000,14.021,14.021,14.021,14.021,5,0
MRC,D,20190308,000000,14.12,14.12,13.773,13.872,1675,0
MRC,D,20190311,000000,14.12,14.12,13.724,13.872,836,0
MRC,D,20190312,000000,14.12,14.12,13.228,13.228,1832,0
MRC,D,20190313,000000,13.575,13.575,12.981,12.981,2867,0
MRC,D,20190314,000000,13.129,13.129,12.634,12.683,8517,0
MRC,D,20190315,000000,12.832,13.872,12.782,13.179,2659,0
MRC,D,20190318,000000,13.179,13.724,12.336,12.386,19175,0
MRC,D,20190319,000000,12.336,12.535,12.336,12.535,3182,0
MRC,D,20190320,000000,12.931,12.931,12.584,12.584,1843,0
MRC,D,20190321,000000,12.584,12.733,12.584,12.733,207228,0
MRC,D,20190322,000000,12.931,12.931,12.782,12.832,1953,0
MRC,D,20190325,000000,12.782,12.881,12.336,12.832,2866,0
MRC,D,20190326,000000,12.683,12.683,11.593,12.683,28054,0
MRC,D,20190327,000000,12.683,12.832,12.386,12.485,3151,0
MRC,D,20190328,000000,12.584,12.584,11.395,11.395,32142,0
MRC,D,20190329,000000,11.692,11.692,10.355,10.454,49311,0
MRC,D,20190401,000000,10.801,10.801,10.147,10.682,41528,0
MRC,D,20190402,000000,11.177,11.177,10.365,10.702,14194,0
MRC,D,20190403,000000,10.88,10.999,10.702,10.999,12567,0
MRC,D,20190404,000000,10.999,11.098,10.503,10.503,14991,0
MRC,D,20190405,000000,10.503,10.781,10.305,10.781,6850,0
MRC,D,20190408,000000,10.702,10.702,10.305,10.563,4903,0
MRC,D,20190409,000000,10.801,10.801,10.404,10.404,1689,0
MRC,D,20190410,000000,10.404,10.404,10.345,10.404,1447,0
MRC,D,20190411,000000,10.503,10.503,10.345,10.503,1218,0
MRC,D,20190412,000000,10.503,10.702,10.503,10.702,1072,0
MRC,D,20190415,000000,10.206,10.206,8.5216,8.6702,85377,0
MRC,D,20190416,000000,8.8089,9.1161,7.4812,7.5307,143277,0
MRC,D,20190417,000000,7.719,7.8874,6.9857,7.0055,110913,0
MRC,D,20190418,000000,7.4316,7.4316,6.6984,6.738,120085,0
MRC,D,20190423,000000,6.7875,7.1046,6.7677,7.0749,88678,0
MRC,D,20190424,000000,7.1641,7.5902,7.1046,7.4217,56238,0
MRC,D,20190425,000000,7.4316,7.5802,7.2334,7.2929,24945,0
MRC,D,20190426,000000,7.3821,7.3821,6.8371,6.8371,19639,0
MRC,D,20190429,000000,6.8371,7.0848,6.8371,6.9362,13245,0
MRC,D,20190430,000000,6.9362,6.9362,6.738,6.7875,14213,0
MRC,D,20190502,000000,6.9064,6.9064,6.6587,6.6587,7002,0
MRC,D,20190506,000000,6.6488,6.8272,6.3416,6.8272,9541,0
MRC,D,20190507,000000,6.5497,6.8371,6.5497,6.738,3962,0
MRC,D,20190508,000000,6.8074,6.8272,6.2525,6.5101,12393,0
MRC,D,20190509,000000,6.5398,6.5398,6.3317,6.3317,8018,0
MRC,D,20190510,000000,6.5299,6.5299,6.1831,6.2128,11591,0
MRC,D,20190513,000000,6.52,6.52,5.8759,5.9156,30709,0
MRC,D,20190514,000000,5.8462,6.302,5.8462,5.9453,10806,0
MRC,D,20190515,000000,6.0444,6.2227,5.6976,5.7075,19522,0
MRC,D,20190516,000000,5.7669,5.9255,5.2814,5.4994,28546,0
MRC,D,20190517,000000,5.539,5.5489,4.994,5.1823,37671,0
MRC,D,20190520,000000,5.4102,5.8462,4.885,5.1922,325564,0
MRC,D,20190521,000000,5.3409,6.1137,5.2319,5.648,175508,0
MRC,D,20190522,000000,5.9156,5.9156,5.3508,5.8264,63690,0
MRC,D,20190523,000000,5.866,6.193,5.6678,5.7273,62074,0
MRC,D,20190524,000000,5.7471,6.0047,5.6084,5.9849,20502,0
MRC,D,20190527,000000,6.0939,6.1435,5.9948,6.0047,18220,0
MRC,D,20190528,000000,6.1435,6.3317,6.0444,6.193,18816,0
MRC,D,20190529,000000,6.2723,6.4903,5.7967,6.0345,13526,0
MRC,D,20190530,000000,6.0345,6.0642,5.8462,6.0147,4017,0
MRC,D,20190531,000000,6.0939,6.0939,5.8462,5.8462,17655,0
MRC,D,20190603,000000,5.8462,5.8462,5.6282,5.7273,2492,0
MRC,D,20190604,000000,5.8462,5.8462,5.7273,5.8066,1139,0
MRC,D,20190605,000000,5.9057,5.9057,5.648,5.7867,2216,0
MRC,D,20190606,000000,5.8957,5.8957,5.6381,5.6976,7151,0
MRC,D,20190607,000000,5.7273,5.7273,5.3805,5.4796,22194,0
MRC,D,20190610,000000,5.6678,6.1633,5.4498,6.1435,128560,0
MRC,D,20190611,000000,6.2822,6.4903,6.0642,6.2921,22539,0
MRC,D,20190612,000000,6.3416,6.4209,6.0741,6.193,26150,0
MRC,D,20190613,000000,6.3119,6.4407,6.1534,6.4407,13412,0
MRC,D,20190614,000000,6.5002,7.1443,6.5002,7.0947,42817,0
MRC,D,20190617,000000,7.1343,7.4118,6.5101,6.847,46726,0
MRC,D,20190618,000000,6.847,7.0848,6.5795,6.9362,10217,0
MRC,D,20190619,000000,7.0353,7.283,6.9164,6.9164,12067,0
MRC,D,20190621,000000,7.1641,7.2334,7.0551,7.1244,3751,0
MRC,D,20190624,000000,7.2731,7.4217,6.9461,7.283,6466,0
MRC,D,20190625,000000,7.3821,7.3821,7.1046,7.2136,17977,0
MRC,D,20190626,000000,7.283,7.283,6.9362,7.0848,3643,0
MRC,D,20190627,000000,7.0848,7.0848,6.6785,6.7776,12151,0
MRC,D,20190628,000000,6.9064,6.9263,6.7578,6.9263,3505,0
MRC,D,20190701,000000,6.9263,7.0353,6.9164,7.0353,1625,0
MRC,D,20190702,000000,7.0848,7.2037,6.847,6.9362,5342,0
MRC,D,20190703,000000,7.0749,7.0749,6.7974,6.9362,605,0
MRC,D,20190704,000000,7.0551,7.0551,6.8173,7.0055,803,0
MRC,D,20190705,000000,6.9956,6.9956,6.6587,6.6884,15339,0
MRC,D,20190708,000000,6.8173,6.8173,6.5695,6.6389,5356,0
MRC,D,20190709,000000,6.6389,6.6389,6.4209,6.4407,10653,0
MRC,D,20190710,000000,6.4407,6.4407,6.1732,6.2723,24936,0
MRC,D,20190711,000000,6.4209,7.1938,6.1831,7.0749,100944,0
MRC,D,20190712,000000,7.1542,7.1542,6.7578,7.0947,14043,0
MRC,D,20190715,000000,7.0947,7.0947,6.6884,6.8866,15295,0
MRC,D,20190716,000000,6.8866,6.8866,6.7479,6.7875,3187,0
MRC,D,20190717,000000,6.8866,6.9362,6.7479,6.7875,8017,0
MRC,D,20190718,000000,6.7479,6.7875,6.7479,6.7479,1049,0
MRC,D,20190719,000000,6.7281,6.8371,6.6884,6.8371,3183,0
MRC,D,20190722,000000,6.8371,6.9263,6.6884,6.9263,5979,0
MRC,D,20190723,000000,6.9164,6.9758,6.738,6.9362,10823,0
MRC,D,20190724,000000,6.9263,7.0353,6.7677,7.0353,20727,0
MRC,D,20190725,000000,7.1046,7.1046,6.9362,7.0353,7917,0
MRC,D,20190726,000000,7.1343,7.1343,6.956,6.956,5404,0
MRC,D,20190729,000000,7.1046,7.1046,6.8371,6.8371,6609,0
MRC,D,20190730,000000,6.9362,6.9362,6.738,6.7776,7697,0
MRC,D,20190731,000000,6.9362,6.9362,6.6984,6.9362,599,0
MRC,D,20190801,000000,6.9362,6.9362,6.738,6.7875,211,0
MRC,D,20190802,000000,6.738,6.738,6.3516,6.6092,8807,0
MRC,D,20190805,000000,6.6092,6.6092,6.4407,6.5993,2116,0
MRC,D,20190806,000000,6.5497,6.7875,6.3516,6.629,11416,0
MRC,D,20190807,000000,6.629,6.6389,6.5299,6.5993,1367,0
MRC,D,20190808,000000,6.6488,6.7083,6.4903,6.5398,8752,0
MRC,D,20190809,000000,6.847,6.847,6.302,6.5596,9351,0
MRC,D,20190812,000000,6.5398,6.5398,6.2723,6.4308,718,0
MRC,D,20190813,000000,6.5101,6.5101,6.2822,6.4903,1252,0
MRC,D,20190814,000000,6.5101,6.52,6.3714,6.52,2533,0
MRC,D,20190816,000000,6.52,6.52,6.3615,6.4407,1436,0
MRC,D,20190819,000000,6.4407,6.7281,6.4407,6.6785,11264,0
MRC,D,20190820,000000,6.6686,6.6686,6.5398,6.6587,1879,0
MRC,D,20190821,000000,6.6587,6.6686,6.5993,6.6686,951,0
MRC,D,20190822,000000,6.6686,6.6686,6.4705,6.6587,995,0
MRC,D,20190823,000000,6.4407,6.6389,6.4407,6.4407,3226,0
MRC,D,20190826,000000,6.4407,6.4407,5.9948,6.1534,4607,0
MRC,D,20190827,000000,6.2525,6.3416,6.1534,6.3416,4548,0
MRC,D,20190828,000000,6.3714,6.3714,6.2426,6.3615,167,0
MRC,D,20190829,000000,6.3516,6.3516,6.193,6.3516,602,0
MRC,D,20190830,000000,6.3912,6.411,6.2426,6.411,904,0
MRC,D,20190902,000000,6.4308,6.4308,6.2525,6.411,361,0
MRC,D,20190903,000000,6.3912,6.3912,6.302,6.3912,1310,0
MRC,D,20190904,000000,6.3912,6.3912,6.302,6.302,1220,0
MRC,D,20190905,000000,6.1831,6.411,6.1831,6.4011,2533,0
MRC,D,20190906,000000,6.4308,6.4308,6.2426,6.4011,412,0
MRC,D,20190909,000000,6.2525,6.3416,6.193,6.3119,8229,0
MRC,D,20190910,000000,6.2426,6.3813,6.2426,6.3813,215,0
MRC,D,20190911,000000,6.3813,6.3813,6.3813,6.3813,5,0
MRC,D,20190912,000000,6.3615,6.3615,6.1831,6.1831,3543,0
MRC,D,20190913,000000,6.1831,6.3119,6.1534,6.3119,3700,0
MRC,D,20190916,000000,6.1435,6.3416,6.1435,6.3218,4802,0
MRC,D,20190917,000000,6.2326,6.2326,6.0444,6.193,2664,0
MRC,D,20190918,000000,6.1435,6.2822,6.1236,6.193,6359,0
MRC,D,20190919,000000,6.1435,6.2326,6.1435,6.193,1964,0
MRC,D,20190920,000000,6.2822,6.2822,5.6579,5.9453,6836,0
MRC,D,20190923,000000,5.9948,5.9948,5.5192,5.7174,19333,0
MRC,D,20190924,000000,5.6381,5.6678,5.1922,5.4498,34578,0
MRC,D,20190925,000000,5.4895,5.4895,5.2517,5.4102,12312,0
MRC,D,20190926,000000,5.4003,5.4498,5.3309,5.4399,4949,0
MRC,D,20190927,000000,5.43,5.4498,5.3012,5.4003,11480,0
MRC,D,20190930,000000,5.3904,5.3904,5.2021,5.3508,8059,0
MRC,D,20191001,000000,5.5985,6.0939,5.3607,5.6381,25159,0
MRC,D,20191002,000000,5.6183,5.6183,5.1526,5.3508,9953,0
MRC,D,20191003,000000,5.3409,5.3409,5.1229,5.3012,6922,0
MRC,D,20191004,000000,5.2913,5.321,5.212,5.321,3292,0
MRC,D,20191007,000000,5.2219,5.3309,5.2219,5.2913,3010,0
MRC,D,20191008,000000,5.2517,5.3012,5.2517,5.2913,3876,0
MRC,D,20191009,000000,5.3111,5.3111,5.1625,5.3012,1696,0
MRC,D,20191010,000000,5.2913,5.6877,5.2913,5.6877,41118,0
MRC,D,20191011,000000,5.7471,5.9354,5.5688,5.8462,16076,0
MRC,D,20191014,000000,5.8462,5.8462,5.3309,5.4498,6298,0
MRC,D,20191015,000000,5.3805,5.6183,5.3805,5.5985,13871,0
MRC,D,20191016,000000,5.7471,6.2426,5.5985,6.2227,22859,0
MRC,D,20191017,000000,6.2921,6.2921,6.0047,6.2326,6910,0
MRC,D,20191018,000000,6.2426,6.5795,6.2227,6.4903,15992,0
MRC,D,20191021,000000,6.3416,6.5894,6.3416,6.5398,12173,0
MRC,D,20191022,000000,6.4407,6.8767,6.4407,6.8569,19065,0
MRC,D,20191023,000000,6.8371,6.8371,6.5398,6.5398,2451,0
MRC,D,20191024,000000,6.5398,6.8965,6.5398,6.8866,11312,0
MRC,D,20191025,000000,6.9164,7.0253,6.738,6.9362,13018,0
MRC,D,20191028,000000,6.9263,6.9857,6.8371,6.9362,6278,0
MRC,D,20191029,000000,6.9362,6.9857,6.8371,6.8371,1966,0
MRC,D,20191030,000000,6.9164,6.9956,6.8371,6.8668,13363,0
MRC,D,20191031,000000,6.9064,6.9064,6.8272,6.8866,1608,0
MRC,D,20191104,000000,6.9362,6.9362,6.8371,6.8371,1468,0
MRC,D,20191105,000000,6.8371,6.956,6.7578,6.9362,1826,0
MRC,D,20191106,000000,6.9362,7.1046,6.9164,7.0848,13132,0
MRC,D,20191107,000000,7.1046,7.3127,7.1046,7.2235,11628,0
MRC,D,20191108,000000,7.2334,7.2334,7.1343,7.1343,4132,0
MRC,D,20191112,000000,7.3127,7.3127,7.1343,7.1839,3611,0
MRC,D,20191113,000000,7.2433,7.2433,7.1343,7.1839,16839,0
MRC,D,20191114,000000,7.1839,7.2632,7.1343,7.2632,3198,0
MRC,D,20191115,000000,7.2632,7.2632,7.1343,7.1938,883,0
MRC,D,20191118,000000,7.283,7.283,6.7578,7.0749,18780,0
MRC,D,20191119,000000,7.0749,7.0749,6.8668,6.9857,5173,0
MRC,D,20191120,000000,6.9857,6.9857,6.7875,6.956,2407,0
MRC,D,20191121,000000,6.956,7.4217,6.8767,7.4217,31149,0
MRC,D,20191122,000000,7.4316,7.8775,7.4316,7.6298,20246,0
MRC,D,20191125,000000,7.7289,7.9766,7.7289,7.9766,13206,0
MRC,D,20191126,000000,7.9766,8.0261,7.8973,8.0063,7953,0
MRC,D,20191127,000000,8.0261,8.0261,7.7685,7.8081,4315,0
MRC,D,20191128,000000,7.8081,7.8081,7.7289,7.8081,5550,0
MRC,D,20191129,000000,7.2334,7.828,7.1839,7.6496,34882,0
MRC,D,20191202,000000,7.8973,7.8973,7.6694,7.8478,3013,0
MRC,D,20191203,000000,7.9271,8.1748,7.7289,7.9171,13497,0
MRC,D,20191204,000000,8.0162,8.155,7.9964,8.145,7152,0
MRC,D,20191205,000000,8.1649,8.4819,8.1649,8.4027,15927,0
MRC,D,20191206,000000,8.4225,9.017,8.2838,8.8684,39795,0
MRC,D,20191209,000000,9.0963,9.1657,8.8188,9.1657,9986,0
MRC,D,20191210,000000,9.1161,9.4134,8.9179,9.3143,26254,0
MRC,D,20191211,000000,9.661,9.661,9.2647,9.4233,18432,0
MRC,D,20191212,000000,9.512,9.562,9.4134,9.4134,11348,0
MRC,D,20191213,000000,9.4134,9.512,9.2251,9.512,16437,0
MRC,D,20191216,000000,9.512,9.711,9.512,9.711,11408,0
MRC,D,20191217,000000,9.711,9.711,9.4134,9.4629,29679,0
MRC,D,20191218,000000,9.4134,9.552,9.3242,9.4629,7387,0
MRC,D,20191219,000000,9.503,9.612,9.4332,9.612,10264,0
MRC,D,20191220,000000,9.661,9.75,9.4629,9.75,11705,0
MRC,D,20191223,000000,9.81,9.81,9.512,9.711,10184,0
MRC,D,20191227,000000,9.711,9.75,9.512,9.711,5707,0
MRC,D,20191230,000000,9.711,10.008,9.711,9.859,8125,0
MRC,D,20200102,000000,9.81,10.503,9.81,10.384,6310,0
MRC,D,20200103,000000,10.484,10.484,9.988,10.206,4943,0
MRC,D,20200107,000000,10.503,10.662,10.266,10.305,19278,0
MRC,D,20200108,000000,10.484,10.583,10.206,10.345,4471,0
MRC,D,20200109,000000,10.365,10.365,10.246,10.365,1721,0
MRC,D,20200110,000000,10.365,10.384,10.206,10.206,6213,0
MRC,D,20200113,000000,10.365,10.365,9.552,9.909,13680,0
MRC,D,20200114,000000,9.721,9.909,9.562,9.889,11812,0
MRC,D,20200115,000000,9.889,10.206,9.681,10.186,7057,0
MRC,D,20200116,000000,10.186,10.246,9.909,10.246,5957,0
MRC,D,20200117,000000,10.285,10.285,9.81,9.81,3708,0
MRC,D,20200120,000000,8.8684,8.9972,7.9766,7.9964,148016,0
MRC,D,20200121,000000,7.9964,8.1252,7.9766,8.0955,8805,0
MRC,D,20200122,000000,8.264,8.4027,8.264,8.4027,7710,0
MRC,D,20200123,000000,8.4027,8.5414,8.145,8.3531,5501,0
MRC,D,20200124,000000,8.0559,8.3432,8.0559,8.2838,6480,0
MRC,D,20200127,000000,8.3531,10.087,8.2243,10.087,88289,0
MRC,D,20200128,000000,10.523,13.833,10.523,11.375,597440,0
MRC,D,20200129,000000,12.881,13.615,12.128,13.08,583787,0
MRC,D,20200130,000000,13.872,17.836,13.298,16.845,1589802,0
MRC,D,20200131,000000,17.737,19.501,14.962,16.706,1163398,0
MRC,D,20200203,000000,17.479,18.331,12.683,12.683,761702,0
MRC,D,20200204,000000,12.881,14.843,11.732,14.566,810952,0
MRC,D,20200205,000000,14.824,15.081,13.912,14.407,324908,0
MRC,D,20200206,000000,13.872,13.892,12.961,13.06,159653,0
MRC,D,20200207,000000,13.06,15.042,12.089,14.289,425759,0
MRC,D,20200210,000000,14.883,15.319,13.991,14.031,215943,0
MRC,D,20200211,000000,14.289,14.368,13.119,13.496,114261,0
MRC,D,20200212,000000,13.377,13.674,13,13.337,45583,0
MRC,D,20200213,000000,13.476,14.289,13.476,13.853,76099,0
MRC,D,20200214,000000,14.249,14.249,13.635,14.071,35769,0
MRC,D,20200217,000000,14.071,14.071,13.456,13.476,43117,0
MRC,D,20200218,000000,13.476,13.535,12.525,12.782,67210,0
MRC,D,20200219,000000,12.584,12.842,12.029,12.545,72887,0
MRC,D,20200220,000000,12.307,13.991,12.188,13.298,129199,0
MRC,D,20200221,000000,13.08,13.734,12.881,12.961,37502,0
MRC,D,20200224,000000,14.368,15.854,14.15,15.854,586543,0
MRC,D,20200225,000000,16.25,19.025,16.112,18.827,1393580,0
MRC,D,20200226,000000,19.421,22.394,17.301,17.638,1603635,0
MRC,D,20200227,000000,18.43,19.322,17.658,19.283,597239,0
MRC,D,20200228,000000,20.809,21.799,18.827,20.214,1067748,0
MRC,D,20200302,000000,20.313,20.313,16.488,16.845,431766,0
MRC,D,20200303,000000,17.241,18.054,15.26,17.063,424380,0
MRC,D,20200304,000000,18.827,19.52,17.4,17.955,523431,0
MRC,D,20200305,000000,17.876,18.093,17.063,17.578,126918,0
MRC,D,20200306,000000,17.757,18.113,15.478,16.112,319732,0
MRC,D,20200309,000000,15.854,15.854,11.633,12.188,458977,0
MRC,D,20200310,000000,12.921,14.308,12.485,12.981,280273,0
MRC,D,20200311,000000,13.912,13.932,11.692,13.179,251724,0
MRC,D,20200312,000000,12.386,12.386,9.899,9.899,239909,0
MRC,D,20200313,000000,9.81,11.494,8.9179,9.8,431672,0
MRC,D,20200316,000000,10.206,11.217,9.3737,11.217,204904,0
MRC,D,20200317,000000,11.891,14.368,11.692,14.368,301500,0
MRC,D,20200318,000000,16.845,18.529,13.912,15.279,882282,0
MRC,D,20200319,000000,15.656,16.548,14.824,15.458,172052,0
MRC,D,20200320,000000,15.458,16.746,15.458,15.953,235801,0
MRC,D,20200323,000000,15.676,17.023,14.863,15.656,171675,0
MRC,D,20200324,000000,16.191,16.29,14.824,15.359,91679,0
MRC,D,20200325,000000,15.537,15.755,14.982,15.16,45898,0
MRC,D,20200326,000000,15.359,16.35,15.081,15.973,183803,0
MRC,D,20200327,000000,16.032,16.25,15.656,15.715,55913,0
MRC,D,20200330,000000,15.953,18.589,15.854,18.133,331670,0
MRC,D,20200331,000000,16.944,20.858,16.449,19.005,774553,0
MRC,D,20200401,000000,20.016,20.908,19.322,20.115,339213,0
MRC,D,20200402,000000,20.115,21.106,19.719,20.313,237952,0
MRC,D,20200403,000000,20.709,23.781,20.412,23.583,455703,0
MRC,D,20200406,000000,27.348,31.807,25.367,31.807,928622,0
MRC,D,20200407,000000,32.699,33.195,24.871,25.069,819753,0
MRC,D,20200408,000000,25.763,28.24,25.069,27.348,240864,0
MRC,D,20200409,000000,28.636,29.231,27.547,28.636,192620,0
MRC,D,20200414,000000,34.681,36.068,31.312,33.69,829110,0
MRC,D,20200415,000000,34.483,34.681,31.708,33.69,361625,0
MRC,D,20200416,000000,33.69,34.185,32.303,32.897,131285,0
MRC,D,20200417,000000,33.492,34.185,32.303,33.393,207425,0
MRC,D,20200420,000000,33.69,38.942,33.69,37.852,343865,0
MRC,D,20200421,000000,37.653,39.239,35.573,37.951,291633,0
MRC,D,20200422,000000,38.644,46.076,38.248,44.59,655020,0
MRC,D,20200423,000000,44.59,48.058,42.608,44.491,555874,0
MRC,D,20200424,000000,44.59,46.968,43.302,46.373,150426,0
MRC,D,20200427,000000,47.562,53.111,47.463,51.129,444721,0
MRC,D,20200428,000000,51.922,53.309,51.129,51.922,144109,0
MRC,D,20200429,000000,51.724,51.724,46.571,49.94,324397,0
MRC,D,20200430,000000,48.553,49.544,46.671,49.544,124415,0
MRC,D,20200504,000000,49.445,52.12,48.157,50.931,136800,0
MRC,D,20200505,000000,51.922,52.12,49.94,50.535,63897,0
MRC,D,20200506,000000,50.337,50.337,45.382,48.058,147726,0
MRC,D,20200507,000000,47.76,49.544,45.581,48.553,101449,0
MRC,D,20200508,000000,50.535,51.129,48.553,49.544,72745,0
MRC,D,20200511,000000,49.742,50.139,48.553,49.742,31100,0
MRC,D,20200512,000000,49.445,49.544,47.959,49.247,39578,0
MRC,D,20200513,000000,49.247,49.445,47.86,48.157,42244,0
MRC,D,20200514,000000,48.85,53.309,47.265,51.724,233268,0
MRC,D,20200515,000000,52.517,54.102,52.319,54.102,117756,0
MRC,D,20200518,000000,56.282,56.48,49.94,50.139,266190,0
MRC,D,20200519,000000,50.139,50.931,44.094,44.094,242454,0
MRC,D,20200520,000000,43.995,46.472,40.131,40.626,354000,0
MRC,D,20200521,000000,40.626,43.004,38.644,41.122,364613,0
MRC,D,20200522,000000,41.617,45.184,41.221,45.184,222641,0
MRC,D,20200525,000000,45.977,46.571,42.905,44.094,123920,0
MRC,D,20200526,000000,44.193,44.788,41.32,44.094,155825,0
MRC,D,20200527,000000,44.193,44.193,41.419,41.518,100242,0
MRC,D,20200528,000000,40.626,42.212,39.338,41.022,94317,0
MRC,D,20200529,000000,40.032,42.311,39.734,42.112,58756,0
MRC,D,20200601,000000,42.112,46.076,41.122,46.076,129239,0
MRC,D,20200602,000000,46.571,47.463,45.481,46.968,97906,0
MRC,D,20200603,000000,47.463,49.445,43.797,45.977,195359,0
MRC,D,20200604,000000,47.562,48.454,46.076,46.571,106824,0
MRC,D,20200605,000000,47.364,47.364,45.779,47.067,67592,0
MRC,D,20200608,000000,49.544,50.535,47.76,50.535,178988,0
MRC,D,20200609,000000,51.526,51.526,49.544,50.535,54339,0
MRC,D,20200610,000000,52.517,53.111,51.922,52.715,79324,0
MRC,D,20200612,000000,50.733,51.526,49.94,50.733,52503,0
MRC,D,20200615,000000,51.922,53.111,50.733,53.111,65872,0
MRC,D,20200616,000000,53.111,61.038,52.319,60.642,244020,0
MRC,D,20200617,000000,61.435,67.578,58.462,65.2,365556,0
MRC,D,20200618,000000,66.2,66.6,61.8,64.4,93241,0
MRC,D,20200619,000000,65.6,65.6,63,65.6,54453,0
MRC,D,20200622,000000,67.2,76.8,66,75.6,166445,0
MRC,D,20200623,000000,77,89,76,77.6,356242,0
MRC,D,20200624,000000,78.8,82,72.8,78.8,178018,0
MRC,D,20200625,000000,79.4,81,77,81,59951,0
MRC,D,20200626,000000,81.2,83.2,79.2,79.4,66359,0
MRC,D,20200629,000000,79.8,82.6,79.4,81.2,34607,0
MRC,D,20200630,000000,82,83,80,80.2,47612,0
MRC,D,20200701,000000,80,81.6,79,80.6,33448,0
MRC,D,20200702,000000,81.4,85.4,79.6,85.4,58096,0
MRC,D,20200703,000000,86.4,97,86.4,95.2,108705,0
MRC,D,20200706,000000,109,119,100,119,332484,0
MRC,D,20200707,000000,122,144,111,125,435496,0
MRC,D,20200708,000000,128,134,125,132,116169,0
MRC,D,20200709,000000,136,149.5,133.5,148.5,178717,0
MRC,D,20200710,000000,148.5,160,136,148,270390,0
