<TICKER>,<PER>,<DATE>,<TIME>,<OPEN>,<HIGH>,<LOW>,<CLOSE>,<VOL>,<OPENINT>
MXC,D,20170630,000000,42.743,44.151,41.868,42.629,1524,0
MXC,D,20170703,000000,43.314,43.314,41.487,42.515,2190,0
MXC,D,20170704,000000,42.515,43.733,42.515,43.733,70,0
MXC,D,20170705,000000,43.733,43.747,43.733,43.747,66,0
MXC,D,20170706,000000,43.733,43.733,43.733,43.733,26,0
MXC,D,20170707,000000,43.656,43.656,43.656,43.656,14,0
MXC,D,20170710,000000,42.819,42.819,42.819,42.819,2,0
MXC,D,20170711,000000,42.629,42.629,42.629,42.629,2,0
MXC,D,20170712,000000,42.629,42.629,42.629,42.629,2,0
MXC,D,20170713,000000,42.629,42.629,42.629,42.629,2,0
MXC,D,20170714,000000,42.629,43.162,41.868,43.162,32,0
MXC,D,20170717,000000,42.629,43.078,42.629,43.078,36,0
MXC,D,20170718,000000,43.352,47.158,43.352,44.912,5698,0
MXC,D,20170719,000000,44.912,45.659,44.798,44.912,2627,0
MXC,D,20170720,000000,44.989,45.659,44.722,44.912,8267,0
MXC,D,20170721,000000,45.552,45.727,43.352,44.912,14447,0
MXC,D,20170724,000000,45.262,45.262,43.39,43.481,3227,0
MXC,D,20170725,000000,44.258,44.73,43.846,44.441,822,0
MXC,D,20170726,000000,44.38,44.38,44.151,44.38,7858,0
MXC,D,20170727,000000,44.456,44.699,41.883,42.781,6814,0
MXC,D,20170728,000000,43.695,43.999,42.636,43.976,2079,0
MXC,D,20170731,000000,43.93,44.144,43.915,44.144,466,0
MXC,D,20170801,000000,44.151,44.151,44.068,44.151,1798,0
MXC,D,20170802,000000,44.151,44.151,43.055,44.136,951,0
MXC,D,20170803,000000,44.136,44.136,43.329,43.39,639,0
MXC,D,20170804,000000,43.39,43.39,43.147,43.39,4643,0
MXC,D,20170807,000000,43.39,43.991,43.138,43.991,504,0
MXC,D,20170808,000000,43.39,43.915,43.39,43.915,184,0
MXC,D,20170809,000000,43.762,43.762,42.568,43.383,1588,0
MXC,D,20170810,000000,43.009,43.367,41.921,43.086,626,0
MXC,D,20170811,000000,42.621,42.728,42.621,42.728,95,0
MXC,D,20170814,000000,42.629,42.865,42.629,42.774,114,0
MXC,D,20170816,000000,42.774,42.774,42.629,42.629,41,0
MXC,D,20170817,000000,42.827,42.827,41.038,42.247,611,0
MXC,D,20170818,000000,41.114,42.247,40.345,42.149,1201,0
MXC,D,20170821,000000,42.149,42.149,41.107,41.935,486,0
MXC,D,20170822,000000,41.935,42.111,41.107,41.868,252,0
MXC,D,20170823,000000,42.035,42.035,41.107,41.868,565,0
MXC,D,20170824,000000,41.868,41.868,41.335,41.859,225,0
MXC,D,20170825,000000,41.859,41.859,41.259,41.859,733,0
MXC,D,20170828,000000,41.859,41.859,41.487,41.487,156,0
MXC,D,20170829,000000,41.335,41.868,40.345,41.358,954,0
MXC,D,20170830,000000,41.852,41.852,41.335,41.335,484,0
MXC,D,20170831,000000,40.725,41.83,40.353,41.677,680,0
MXC,D,20170901,000000,41.83,41.83,41.487,41.487,28,0
MXC,D,20170904,000000,41.487,41.487,41.107,41.107,252,0
MXC,D,20170905,000000,41.015,41.03,40.84,40.84,284,0
MXC,D,20170906,000000,41.107,41.107,39.355,41.107,5371,0
MXC,D,20170907,000000,41.83,41.83,40.649,41.092,666,0
MXC,D,20170908,000000,41.792,41.792,39.805,40.992,371,0
MXC,D,20170911,000000,41.099,41.099,39.584,41.008,295,0
MXC,D,20170912,000000,40.992,40.992,40.345,40.725,124,0
MXC,D,20170913,000000,40.763,40.977,39.797,40.97,105,0
MXC,D,20170914,000000,40.947,40.947,39.797,40.939,101,0
MXC,D,20170915,000000,40.954,40.954,39.82,40.725,314,0
MXC,D,20170918,000000,40.954,40.954,39.827,40.649,512,0
MXC,D,20170919,000000,39.965,40.649,39.965,40.641,204,0
MXC,D,20170920,000000,40.641,40.725,39.972,40.687,1117,0
MXC,D,20170921,000000,40.345,40.687,40.208,40.679,103,0
MXC,D,20170922,000000,40.649,40.679,39.965,40.679,923,0
MXC,D,20170925,000000,40.649,41.061,40.01,41.061,319,0
MXC,D,20170926,000000,41.061,41.061,40.353,40.954,899,0
MXC,D,20170927,000000,41.023,41.023,40.094,40.725,371,0
MXC,D,20170928,000000,40.931,40.931,39.965,39.965,1830,0
MXC,D,20170929,000000,39.965,40.345,39.584,39.584,4492,0
MXC,D,20171002,000000,36.92,36.92,30.297,31.971,119488,0
MXC,D,20171003,000000,30.335,30.335,24.512,24.512,94395,0
MXC,D,20171004,000000,25.112,27.062,25.112,26.034,26865,0
MXC,D,20171005,000000,26.597,26.597,24.36,25.12,8162,0
MXC,D,20171006,000000,25.12,25.463,23.066,23.971,52274,0
MXC,D,20171009,000000,23.674,25.105,23.674,24.96,6497,0
MXC,D,20171010,000000,25.112,25.112,24.055,24.732,2734,0
MXC,D,20171011,000000,25.074,25.875,25.067,25.578,5939,0
MXC,D,20171012,000000,25.798,25.867,24.36,24.36,6953,0
MXC,D,20171013,000000,25.021,25.021,24.36,24.96,2886,0
MXC,D,20171016,000000,24.968,24.968,24.367,24.915,393,0
MXC,D,20171017,000000,24.884,24.884,24.36,24.603,1364,0
MXC,D,20171018,000000,24.816,24.816,24.048,24.048,2773,0
MXC,D,20171019,000000,24.588,24.588,23.605,23.818,1583,0
MXC,D,20171020,000000,23.826,24.284,23.416,23.956,2104,0
MXC,D,20171023,000000,24.284,24.284,22.678,23.537,2508,0
MXC,D,20171024,000000,23.559,23.575,22.083,22.518,3932,0
MXC,D,20171025,000000,22.669,22.669,20.408,21.687,14023,0
MXC,D,20171026,000000,22.441,22.441,20.56,20.942,4074,0
MXC,D,20171027,000000,20.705,21.695,20.705,21.33,2246,0
MXC,D,20171030,000000,21.33,21.618,21.33,21.573,1097,0
MXC,D,20171031,000000,21.566,21.566,21.125,21.551,724,0
MXC,D,20171102,000000,21.163,21.315,21.087,21.125,3024,0
MXC,D,20171103,000000,21.125,21.125,20.682,21.117,486,0
MXC,D,20171106,000000,20.865,21.087,20.324,21.087,20303,0
MXC,D,20171107,000000,21.109,21.109,20.553,20.781,768,0
MXC,D,20171108,000000,21.109,21.109,19.496,19.792,5037,0
MXC,D,20171109,000000,19.792,21.003,19.564,20.401,6516,0
MXC,D,20171110,000000,20.545,20.995,20.058,20.401,635,0
MXC,D,20171113,000000,21.003,21.003,20.096,20.096,582,0
MXC,D,20171114,000000,20.172,20.248,19.868,20.172,3463,0
MXC,D,20171115,000000,20.172,20.248,19.8,20.241,1737,0
MXC,D,20171116,000000,16.404,17.798,15.263,16.252,116168,0
MXC,D,20171117,000000,16.367,17.698,16.062,17.698,12766,0
MXC,D,20171120,000000,17.66,18.042,17.439,18.042,3537,0
MXC,D,20171121,000000,18.042,18.498,17.89,18.483,7659,0
MXC,D,20171122,000000,18.483,18.483,17.584,18.421,2300,0
MXC,D,20171123,000000,18.262,18.262,17.744,18.171,2629,0
MXC,D,20171124,000000,18.269,18.269,17.127,18.186,7938,0
MXC,D,20171127,000000,17.981,18.878,17.981,18.65,6753,0
MXC,D,20171128,000000,18.909,18.909,18.345,18.878,4221,0
MXC,D,20171129,000000,18.711,18.931,18.269,18.574,11804,0
MXC,D,20171130,000000,18.383,18.574,17.371,17.813,12024,0
MXC,D,20171201,000000,18.095,18.095,17.135,17.897,1549,0
MXC,D,20171204,000000,18.186,18.186,16.861,17.47,6433,0
MXC,D,20171205,000000,17.127,17.127,16.709,17.089,1966,0
MXC,D,20171206,000000,17.044,17.044,16.329,16.671,3434,0
MXC,D,20171207,000000,16.747,16.747,15.719,16.367,32109,0
MXC,D,20171208,000000,16.367,16.367,16.084,16.084,1101,0
MXC,D,20171211,000000,16.062,16.291,16.062,16.291,1348,0
MXC,D,20171212,000000,16.367,16.367,15.643,16.1,923,0
MXC,D,20171213,000000,16.359,16.367,15.872,16.283,2726,0
MXC,D,20171214,000000,16.291,16.291,15.225,15.704,13838,0
MXC,D,20171215,000000,15.59,15.894,15.225,15.894,17649,0
MXC,D,20171218,000000,15.894,15.894,15.316,15.415,1572,0
MXC,D,20171219,000000,15.415,16.671,15.415,15.91,28027,0
MXC,D,20171220,000000,15.91,16.351,15.719,16.207,2171,0
MXC,D,20171221,000000,16.069,16.489,15.833,16.489,76895,0
MXC,D,20171222,000000,16.268,16.747,16.145,16.145,11413,0
MXC,D,20171227,000000,16.138,16.145,15.605,16.122,9101,0
MXC,D,20171228,000000,16.122,16.351,15.986,16.351,1767,0
MXC,D,20171229,000000,16.344,16.344,16.008,16.039,2641,0
MXC,D,20180103,000000,16.747,16.747,15.986,16.595,768,0
MXC,D,20180104,000000,16.747,17.051,16.671,16.975,1173,0
MXC,D,20180105,000000,17.204,17.66,16.899,17.66,2800,0
MXC,D,20180108,000000,17.737,18.117,17.051,17.89,4431,0
MXC,D,20180109,000000,17.737,17.737,16.671,16.975,7918,0
MXC,D,20180110,000000,16.899,16.899,16.595,16.595,1988,0
MXC,D,20180111,000000,16.899,17.051,16.519,17.051,1384,0
MXC,D,20180112,000000,17.127,17.356,16.595,17.356,659,0
MXC,D,20180115,000000,17.508,17.508,17.051,17.432,427,0
MXC,D,20180116,000000,17.432,17.508,16.747,17.356,4665,0
MXC,D,20180117,000000,17.356,19.183,17.204,19.183,55931,0
MXC,D,20180118,000000,19.564,20.401,19.412,20.324,18255,0
MXC,D,20180119,000000,20.477,20.553,19.792,19.944,1722,0
MXC,D,20180122,000000,20.172,20.248,19.716,20.248,2024,0
MXC,D,20180123,000000,20.553,21.771,20.553,21.467,34171,0
MXC,D,20180124,000000,21.923,22.685,21.391,22.38,12025,0
MXC,D,20180125,000000,22.685,22.685,21.315,21.315,12776,0
MXC,D,20180126,000000,21.239,21.999,20.934,21.999,4180,0
MXC,D,20180129,000000,22.075,22.913,22.075,22.837,7974,0
MXC,D,20180130,000000,23.066,23.066,22.609,22.609,2941,0
MXC,D,20180131,000000,22.913,23.902,22.533,23.369,11590,0
MXC,D,20180201,000000,23.826,23.902,21.543,23.066,16081,0
MXC,D,20180202,000000,23.066,23.445,22.837,23.066,2086,0
MXC,D,20180205,000000,22.457,22.457,21.239,21.543,4979,0
MXC,D,20180206,000000,20.858,21.315,19.183,21.087,10059,0
MXC,D,20180207,000000,21.391,21.999,21.391,21.695,2092,0
MXC,D,20180208,000000,21.695,21.695,20.477,21.315,1359,0
MXC,D,20180209,000000,20.629,21.315,20.553,21.315,1048,0
MXC,D,20180212,000000,21.315,22.075,20.553,21.543,2086,0
MXC,D,20180213,000000,21.543,21.771,20.858,21.315,1487,0
MXC,D,20180214,000000,21.239,21.239,20.858,21.087,1210,0
MXC,D,20180215,000000,21.087,21.087,20.858,20.934,240,0
MXC,D,20180216,000000,20.934,20.934,19.868,20.477,1279,0
MXC,D,20180219,000000,20.477,20.553,19.792,20.096,2040,0
MXC,D,20180220,000000,20.172,20.172,19.792,20.096,225,0
MXC,D,20180221,000000,20.096,20.096,19.412,19.944,4646,0
MXC,D,20180222,000000,20.477,20.477,19.64,20.324,1614,0
MXC,D,20180223,000000,20.324,22.075,20.324,21.239,5261,0
MXC,D,20180226,000000,21.695,22.533,21.467,21.999,3296,0
MXC,D,20180227,000000,21.999,22.533,21.999,22.304,1306,0
MXC,D,20180228,000000,22.151,22.151,20.172,21.315,3852,0
MXC,D,20180301,000000,20.934,21.467,20.934,21.239,625,0
MXC,D,20180302,000000,20.934,21.923,20.858,21.315,1517,0
MXC,D,20180305,000000,21.315,21.315,20.934,21.315,144,0
MXC,D,20180306,000000,21.847,21.847,21.087,21.695,242,0
MXC,D,20180307,000000,22.151,22.151,21.695,21.999,1592,0
MXC,D,20180308,000000,22.151,22.227,21.695,22.075,389,0
MXC,D,20180309,000000,22.075,22.151,21.467,22.151,763,0
MXC,D,20180312,000000,22.075,22.075,21.999,21.999,227,0
MXC,D,20180313,000000,22.075,22.075,21.163,21.163,524,0
MXC,D,20180314,000000,21.163,21.923,21.163,21.923,97,0
MXC,D,20180315,000000,21.315,21.315,19.944,20.401,5346,0
MXC,D,20180316,000000,20.324,20.781,20.324,20.781,687,0
MXC,D,20180319,000000,20.324,20.781,20.324,20.705,647,0
MXC,D,20180320,000000,20.858,20.858,19.107,20.553,4150,0
MXC,D,20180321,000000,21.163,21.163,21.01,21.087,357,0
MXC,D,20180322,000000,21.087,21.087,20.248,20.477,1666,0
MXC,D,20180323,000000,20.553,20.553,19.564,20.401,7584,0
MXC,D,20180326,000000,20.324,20.324,19.868,19.868,537,0
MXC,D,20180327,000000,19.64,19.944,19.03,19.335,6478,0
MXC,D,20180328,000000,19.792,19.792,19.03,19.183,2287,0
MXC,D,20180329,000000,19.868,19.868,19.183,19.183,6140,0
MXC,D,20180403,000000,19.183,19.488,19.03,19.488,381,0
MXC,D,20180404,000000,20.02,20.02,19.564,19.564,55,0
MXC,D,20180405,000000,19.564,19.564,19.107,19.107,419,0
MXC,D,20180406,000000,19.03,19.412,19.03,19.412,354,0
MXC,D,20180409,000000,19.412,19.412,19.412,19.412,3,0
MXC,D,20180410,000000,19.03,19.412,18.878,19.412,1093,0
MXC,D,20180411,000000,19.564,19.564,19.564,19.564,250,0
MXC,D,20180412,000000,19.64,19.792,18.726,19.792,2783,0
MXC,D,20180413,000000,19.792,19.792,19.03,19.792,686,0
MXC,D,20180416,000000,19.792,19.792,18.878,19.792,507,0
MXC,D,20180417,000000,19.792,19.792,19.792,19.792,2,0
MXC,D,20180418,000000,19.792,19.792,19.03,19.792,436,0
MXC,D,20180419,000000,19.792,19.792,19.03,19.64,261,0
MXC,D,20180420,000000,19.64,19.64,18.878,18.878,1257,0
MXC,D,20180423,000000,18.269,18.802,18.193,18.498,2451,0
MXC,D,20180424,000000,18.269,18.574,17.356,18.269,4757,0
MXC,D,20180425,000000,18.574,18.574,17.127,17.127,2066,0
MXC,D,20180426,000000,18.193,18.193,17.051,17.508,758,0
MXC,D,20180427,000000,18.65,18.65,17.508,17.66,251,0
MXC,D,20180430,000000,17.508,17.966,17.508,17.813,1152,0
MXC,D,20180502,000000,18.042,18.042,17.356,17.89,148,0
MXC,D,20180504,000000,17.737,18.65,17.737,18.421,1132,0
MXC,D,20180507,000000,18.726,18.726,17.813,17.89,1520,0
MXC,D,20180508,000000,18.65,18.65,17.508,18.193,1981,0
MXC,D,20180509,000000,18.498,18.498,17.508,17.508,701,0
MXC,D,20180510,000000,18.269,18.269,16.975,17.66,2753,0
MXC,D,20180511,000000,17.66,17.737,16.975,17.737,200,0
MXC,D,20180514,000000,18.042,18.042,16.899,17.66,3003,0
MXC,D,20180515,000000,17.966,17.966,16.823,17.813,804,0
MXC,D,20180516,000000,17.432,17.432,16.747,16.747,1604,0
MXC,D,20180517,000000,17.127,17.432,17.127,17.432,243,0
MXC,D,20180518,000000,17.432,17.89,16.595,17.813,4012,0
MXC,D,20180521,000000,17.89,17.966,17.508,17.508,628,0
MXC,D,20180522,000000,17.813,17.813,17.813,17.813,2,0
MXC,D,20180523,000000,18.042,18.042,17.204,17.66,334,0
MXC,D,20180524,000000,17.737,17.737,16.519,17.584,639,0
MXC,D,20180525,000000,17.508,17.508,16.595,17.508,1032,0
MXC,D,20180528,000000,16.747,16.747,15.453,16.291,2787,0
MXC,D,20180529,000000,16.519,16.519,15.757,16.291,340,0
MXC,D,20180530,000000,15.986,15.986,14.083,14.311,6977,0
MXC,D,20180601,000000,13.131,13.892,12.637,13.322,22543,0
MXC,D,20180604,000000,13.36,14.083,13.36,14.083,273,0
MXC,D,20180605,000000,14.197,14.958,14.045,14.387,1139,0
MXC,D,20180606,000000,14.273,15.148,14.273,15.148,1598,0
MXC,D,20180607,000000,15.148,15.605,15.148,15.225,1305,0
MXC,D,20180608,000000,15.529,15.605,14.768,15.225,1537,0
MXC,D,20180611,000000,15.529,15.529,14.539,15.301,1969,0
MXC,D,20180612,000000,15.529,15.529,15.148,15.148,127,0
MXC,D,20180613,000000,15.301,15.301,14.692,14.844,422,0
MXC,D,20180614,000000,14.844,14.844,14.844,14.844,1221,0
MXC,D,20180615,000000,14.844,14.844,14.463,14.463,1317,0
MXC,D,20180618,000000,14.806,14.806,13.702,13.892,1349,0
MXC,D,20180619,000000,13.854,13.854,13.55,13.702,637,0
MXC,D,20180620,000000,13.702,13.702,13.322,13.55,2053,0
MXC,D,20180621,000000,13.55,13.55,12.827,12.94,3613,0
MXC,D,20180622,000000,12.827,12.94,12.789,12.94,1905,0
MXC,D,20180625,000000,14.154,14.154,12.94,13.426,1505,0
MXC,D,20180626,000000,13.547,13.709,13.062,13.669,14937,0
MXC,D,20180627,000000,13.588,13.628,13.426,13.628,8177,0
MXC,D,20180628,000000,13.467,13.547,13.467,13.547,176,0
MXC,D,20180629,000000,13.507,13.628,13.345,13.628,2006,0
MXC,D,20180702,000000,13.628,14.154,13.588,13.912,29470,0
MXC,D,20180703,000000,13.912,14.154,13.912,14.154,1589,0
MXC,D,20180704,000000,14.154,14.154,14.154,14.154,521,0
MXC,D,20180705,000000,14.154,14.154,14.073,14.154,306,0
MXC,D,20180706,000000,14.154,14.154,13.669,14.114,1895,0
MXC,D,20180709,000000,14.114,14.114,14.114,14.114,2,0
MXC,D,20180710,000000,14.114,14.114,13.912,14.114,623,0
MXC,D,20180711,000000,14.114,14.114,14.114,14.114,2,0
MXC,D,20180712,000000,14.033,14.033,13.143,13.628,786,0
MXC,D,20180713,000000,13.952,13.952,13.184,13.345,315,0
MXC,D,20180716,000000,13.345,13.345,13.102,13.102,1279,0
MXC,D,20180717,000000,13.345,13.345,13.022,13.022,40,0
MXC,D,20180718,000000,12.981,13.102,12.698,13.102,1525,0
MXC,D,20180719,000000,13.264,13.264,12.577,12.94,938,0
MXC,D,20180720,000000,13.345,14.154,12.94,13.75,8246,0
MXC,D,20180723,000000,13.75,13.75,13.75,13.75,388,0
MXC,D,20180724,000000,13.75,13.83,13.588,13.75,703,0
MXC,D,20180725,000000,13.912,13.912,13.426,13.75,35,0
MXC,D,20180726,000000,13.75,14.154,13.669,13.952,15433,0
MXC,D,20180727,000000,13.952,13.952,13.507,13.952,3401,0
MXC,D,20180730,000000,13.871,13.871,13.75,13.75,3527,0
MXC,D,20180731,000000,14.154,14.154,13.588,13.75,15137,0
MXC,D,20180801,000000,13.871,13.871,13.102,13.871,6167,0
MXC,D,20180802,000000,13.83,13.83,13.75,13.75,750,0
MXC,D,20180803,000000,13.75,13.75,13.709,13.75,323,0
MXC,D,20180806,000000,13.75,13.79,13.345,13.79,901,0
MXC,D,20180807,000000,13.79,13.79,13.588,13.588,837,0
MXC,D,20180808,000000,13.709,13.709,13.305,13.305,716,0
MXC,D,20180809,000000,13.75,13.75,12.94,13.588,2405,0
MXC,D,20180810,000000,13.709,13.709,12.94,13.305,754,0
MXC,D,20180813,000000,13.345,13.345,13.345,13.345,69,0
MXC,D,20180814,000000,13.669,13.669,13.345,13.507,1698,0
MXC,D,20180816,000000,13.507,13.507,13.143,13.467,591,0
MXC,D,20180817,000000,13.345,13.426,12.779,13.345,4685,0
MXC,D,20180820,000000,13.345,13.345,12.94,12.94,17342,0
MXC,D,20180821,000000,13.345,13.345,12.657,12.657,2690,0
MXC,D,20180822,000000,12.618,13.184,12.618,13.184,577,0
MXC,D,20180823,000000,13.184,13.184,12.536,13.102,2421,0
MXC,D,20180824,000000,13.184,13.184,12.739,12.94,2394,0
MXC,D,20180827,000000,13.143,13.143,12.698,13.143,1461,0
MXC,D,20180828,000000,13.143,13.224,12.94,13.184,2087,0
MXC,D,20180829,000000,13.345,13.345,12.94,13.184,750,0
MXC,D,20180830,000000,12.94,13.345,12.94,13.305,4519,0
MXC,D,20180831,000000,13.305,13.305,12.981,13.305,3082,0
MXC,D,20180903,000000,13.305,13.305,12.94,12.94,1825,0
MXC,D,20180904,000000,13.102,13.102,12.94,12.94,6797,0
MXC,D,20180905,000000,12.94,12.94,12.698,12.901,1485,0
MXC,D,20180906,000000,12.94,12.94,12.051,12.132,3338,0
MXC,D,20180907,000000,12.051,12.536,11.808,11.849,3794,0
MXC,D,20180910,000000,11.728,11.849,11.404,11.566,3467,0
MXC,D,20180911,000000,11.404,11.687,11.404,11.566,4271,0
MXC,D,20180912,000000,11.566,11.566,11.081,11.242,2726,0
MXC,D,20180913,000000,11.162,11.566,11.162,11.162,6711,0
MXC,D,20180914,000000,11.566,12.132,11.283,11.283,13506,0
MXC,D,20180917,000000,11.485,11.485,10.959,11.202,2316,0
MXC,D,20180918,000000,11.081,11.323,11.081,11.323,542,0
MXC,D,20180919,000000,11.404,11.404,11.04,11.323,1481,0
MXC,D,20180920,000000,11.242,11.364,11.081,11.364,828,0
MXC,D,20180921,000000,11.404,11.404,11.162,11.404,45,0
MXC,D,20180924,000000,11.404,12.132,11.162,12.132,2744,0
MXC,D,20180925,000000,12.091,12.132,11.89,12.091,2940,0
MXC,D,20180926,000000,12.051,12.335,12.051,12.091,977,0
MXC,D,20180927,000000,12.415,13.022,12.374,12.374,6286,0
MXC,D,20180928,000000,12.374,13.709,12.374,13.305,6283,0
MXC,D,20181001,000000,13.952,14.397,13.912,14.154,5925,0
MXC,D,20181002,000000,14.235,14.437,14.114,14.114,1732,0
MXC,D,20181003,000000,13.992,14.154,13.992,14.114,977,0
MXC,D,20181004,000000,14.114,14.114,13.588,13.588,1032,0
MXC,D,20181005,000000,13.426,13.75,12.779,12.94,2029,0
MXC,D,20181008,000000,12.94,12.94,12.779,12.94,1802,0
MXC,D,20181009,000000,13.102,13.912,13.102,13.912,252,0
MXC,D,20181010,000000,13.345,13.385,13.345,13.385,213,0
MXC,D,20181011,000000,13.345,13.345,12.86,13.305,308,0
MXC,D,20181012,000000,13.305,14.033,13.305,14.033,25,0
MXC,D,20181015,000000,13.467,13.467,13.184,13.467,154,0
MXC,D,20181016,000000,13.75,13.75,13.507,13.507,11,0
MXC,D,20181017,000000,13.426,13.426,13.062,13.062,353,0
MXC,D,20181018,000000,13.022,13.426,13.022,13.264,873,0
MXC,D,20181019,000000,13.426,13.426,13.305,13.305,2,0
MXC,D,20181022,000000,13.264,13.264,12.618,13.264,1897,0
MXC,D,20181023,000000,12.335,12.657,12.213,12.536,3667,0
MXC,D,20181024,000000,12.011,12.335,12.011,12.335,312,0
MXC,D,20181025,000000,12.294,12.294,11.97,12.294,16,0
MXC,D,20181026,000000,12.294,12.294,11.89,12.132,2003,0
MXC,D,20181029,000000,12.132,12.132,11.808,12.132,495,0
MXC,D,20181030,000000,12.132,12.657,11.728,12.335,5965,0
MXC,D,20181031,000000,12.657,12.657,11.93,12.618,596,0
MXC,D,20181102,000000,12.374,12.577,12.374,12.577,1073,0
MXC,D,20181105,000000,12.577,12.577,12.132,12.496,642,0
MXC,D,20181106,000000,12.496,12.496,11.647,11.89,3938,0
MXC,D,20181107,000000,11.97,12.051,11.202,11.445,5588,0
MXC,D,20181108,000000,11.445,11.445,10.353,10.515,15667,0
MXC,D,20181109,000000,10.515,11.162,10.312,10.555,14062,0
MXC,D,20181113,000000,10.595,11.404,10.595,11.404,5336,0
MXC,D,20181114,000000,11.485,11.607,11.323,11.445,2344,0
MXC,D,20181115,000000,11.647,12.011,11.647,12.011,1906,0
MXC,D,20181116,000000,12.051,12.213,11.89,12.132,2553,0
MXC,D,20181119,000000,12.132,12.132,11.89,12.132,410,0
MXC,D,20181120,000000,12.132,12.132,11.728,12.051,853,0
MXC,D,20181121,000000,11.728,12.011,11.566,12.011,850,0
MXC,D,20181122,000000,11.404,11.768,11,11.485,3628,0
MXC,D,20181123,000000,11.485,11.728,11.364,11.728,948,0
MXC,D,20181126,000000,11.647,12.536,11.323,12.536,5887,0
MXC,D,20181127,000000,12.618,12.618,12.456,12.536,829,0
MXC,D,20181128,000000,12.536,13.305,12.536,13.264,3109,0
MXC,D,20181129,000000,13.305,14.033,13.022,13.345,9477,0
MXC,D,20181130,000000,13.709,13.952,13.588,13.588,4650,0
MXC,D,20181203,000000,13.75,14.033,13.75,13.871,7425,0
MXC,D,20181204,000000,13.871,14.033,13.83,14.033,10294,0
MXC,D,20181205,000000,13.992,13.992,13.507,13.709,2258,0
MXC,D,20181206,000000,13.75,13.75,13.426,13.709,431,0
MXC,D,20181207,000000,13.669,13.669,13.184,13.426,2246,0
MXC,D,20181210,000000,13.345,13.345,12.011,12.657,13835,0
MXC,D,20181211,000000,12.981,12.981,12.657,12.779,1061,0
MXC,D,20181212,000000,12.779,12.779,12.618,12.779,225,0
MXC,D,20181213,000000,12.779,12.86,12.415,12.86,4090,0
MXC,D,20181214,000000,12.739,12.94,12.739,12.94,2588,0
MXC,D,20181217,000000,12.94,12.94,12.94,12.94,1,0
MXC,D,20181218,000000,12.901,12.901,12.415,12.86,16695,0
MXC,D,20181219,000000,12.94,12.94,12.374,12.657,330,0
MXC,D,20181220,000000,12.698,12.698,12.335,12.657,650,0
MXC,D,20181221,000000,12.657,12.657,12.253,12.294,5708,0
MXC,D,20181227,000000,12.294,12.536,12.294,12.536,5274,0
MXC,D,20181228,000000,12.577,12.739,12.294,12.698,7778,0
MXC,D,20190102,000000,12.698,12.698,12.456,12.618,548,0
MXC,D,20190103,000000,12.618,12.94,12.577,12.577,2212,0
MXC,D,20190104,000000,12.618,13.507,12.577,13.467,2218,0
MXC,D,20190107,000000,13.426,13.426,13.345,13.345,124,0
MXC,D,20190108,000000,13.102,14.154,13.102,14.154,903,0
MXC,D,20190109,000000,13.547,13.75,13.507,13.669,1869,0
MXC,D,20190110,000000,13.345,13.871,13.345,13.871,1053,0
MXC,D,20190111,000000,13.83,13.83,13.75,13.75,373,0
MXC,D,20190114,000000,13.75,13.871,13.669,13.871,555,0
MXC,D,20190115,000000,13.912,14.316,13.912,14.275,4034,0
MXC,D,20190116,000000,14.356,14.963,14.356,14.963,7570,0
MXC,D,20190117,000000,15.084,15.367,14.882,14.963,4702,0
MXC,D,20190118,000000,15.044,15.61,15.044,15.57,2169,0
MXC,D,20190121,000000,15.57,15.691,15.367,15.529,1182,0
MXC,D,20190122,000000,15.367,15.529,15.125,15.408,2761,0
MXC,D,20190123,000000,15.044,15.529,15.044,15.408,3531,0
MXC,D,20190124,000000,15.408,15.529,15.004,15.367,3381,0
MXC,D,20190125,000000,15.691,15.691,15.205,15.205,1089,0
MXC,D,20190128,000000,15.367,16.419,15.367,16.338,6378,0
MXC,D,20190129,000000,16.419,17.47,16.419,17.389,5070,0
MXC,D,20190130,000000,17.632,18.44,17.551,18.036,7077,0
MXC,D,20190131,000000,18.036,18.036,17.47,17.713,676,0
MXC,D,20190201,000000,17.632,17.794,17.632,17.713,1444,0
MXC,D,20190204,000000,17.794,17.794,17.389,17.551,1807,0
MXC,D,20190205,000000,17.794,17.794,17.551,17.551,2411,0
MXC,D,20190206,000000,18.117,18.117,17.632,17.632,742,0
MXC,D,20190207,000000,17.794,17.794,17.389,17.389,3760,0
MXC,D,20190208,000000,17.794,17.794,17.632,17.794,1862,0
MXC,D,20190211,000000,17.794,17.874,17.551,17.794,4882,0
MXC,D,20190212,000000,17.956,18.522,17.956,18.198,4363,0
MXC,D,20190213,000000,18.602,18.602,17.794,18.44,26062,0
MXC,D,20190214,000000,18.44,18.926,17.794,18.602,3811,0
MXC,D,20190215,000000,18.926,19.006,18.44,19.006,1410,0
MXC,D,20190218,000000,18.846,19.25,18.764,19.088,1591,0
MXC,D,20190219,000000,19.25,19.33,18.602,18.846,3138,0
MXC,D,20190220,000000,18.926,18.926,17.794,18.198,8496,0
MXC,D,20190221,000000,18.198,18.36,18.198,18.279,1203,0
MXC,D,20190222,000000,18.36,18.36,17.794,18.198,855,0
MXC,D,20190225,000000,18.198,18.198,17.066,18.117,5833,0
MXC,D,20190226,000000,18.036,18.36,17.794,18.117,1344,0
MXC,D,20190227,000000,18.279,18.522,18.117,18.198,4285,0
MXC,D,20190228,000000,18.44,18.44,18.279,18.36,389,0
MXC,D,20190301,000000,18.36,18.36,17.874,18.36,684,0
MXC,D,20190304,000000,17.874,18.36,17.794,18.36,886,0
MXC,D,20190305,000000,18.198,18.198,17.794,18.117,745,0
MXC,D,20190306,000000,18.117,18.198,17.551,18.117,3242,0
MXC,D,20190307,000000,18.117,18.117,17.47,18.036,608,0
MXC,D,20190308,000000,17.47,18.117,17.389,18.117,1714,0
MXC,D,20190311,000000,18.198,18.684,18.117,18.602,3000,0
MXC,D,20190312,000000,18.602,18.602,18.198,18.602,997,0
MXC,D,20190313,000000,18.602,18.602,18.602,18.602,1240,0
MXC,D,20190314,000000,18.684,18.684,18.44,18.684,723,0
MXC,D,20190315,000000,18.602,18.764,18.44,18.602,1487,0
MXC,D,20190318,000000,18.602,18.602,18.44,18.602,3928,0
MXC,D,20190319,000000,18.846,18.846,18.522,18.684,422,0
MXC,D,20190320,000000,18.684,18.684,18.602,18.602,4445,0
MXC,D,20190321,000000,18.926,18.926,18.44,18.44,657,0
MXC,D,20190322,000000,18.602,18.926,18.602,18.926,225,0
MXC,D,20190325,000000,18.684,18.684,18.44,18.44,308,0
MXC,D,20190326,000000,18.926,18.926,18.44,18.764,234,0
MXC,D,20190327,000000,18.926,18.926,18.764,18.846,127,0
MXC,D,20190328,000000,18.764,18.764,18.44,18.684,1412,0
MXC,D,20190329,000000,18.684,18.684,17.794,18.279,8886,0
MXC,D,20190401,000000,18.764,18.764,17.794,18.684,188,0
MXC,D,20190402,000000,18.602,18.602,17.713,18.602,2328,0
MXC,D,20190403,000000,18.602,18.602,17.632,17.794,8084,0
MXC,D,20190404,000000,18.522,18.522,18.117,18.279,1814,0
MXC,D,20190405,000000,18.522,18.522,18.522,18.522,2,0
MXC,D,20190408,000000,18.44,18.44,18.117,18.117,1090,0
MXC,D,20190409,000000,18.036,18.36,18.036,18.36,1006,0
MXC,D,20190410,000000,18.522,18.522,18.36,18.44,413,0
MXC,D,20190411,000000,18.602,19.654,18.522,19.412,8610,0
MXC,D,20190412,000000,19.573,20.625,19.573,20.382,7001,0
MXC,D,20190415,000000,20.22,20.948,20.22,20.544,3529,0
MXC,D,20190416,000000,20.705,20.705,19.654,19.896,643,0
MXC,D,20190417,000000,20.139,20.139,19.654,20.058,403,0
MXC,D,20190418,000000,20.058,20.058,19.412,19.816,811,0
MXC,D,20190423,000000,20.22,20.22,19.735,19.735,2032,0
MXC,D,20190424,000000,19.735,19.735,19.088,19.735,5980,0
MXC,D,20190425,000000,19.816,19.816,19.816,19.816,612,0
MXC,D,20190426,000000,19.816,19.816,19.25,19.412,597,0
MXC,D,20190429,000000,19.816,20.382,19.654,19.816,2840,0
MXC,D,20190430,000000,20.22,20.22,19.412,19.735,599,0
MXC,D,20190502,000000,19.816,19.816,19.492,19.735,361,0
MXC,D,20190506,000000,19.412,19.735,19.412,19.654,2413,0
MXC,D,20190507,000000,19.33,19.735,19.25,19.25,1126,0
MXC,D,20190508,000000,19.25,19.412,19.006,19.168,4911,0
MXC,D,20190509,000000,19.168,19.168,17.956,18.44,6109,0
MXC,D,20190510,000000,18.36,19.006,18.036,18.684,4522,0
MXC,D,20190513,000000,18.926,19.25,18.846,19.25,2853,0
MXC,D,20190514,000000,19.168,19.25,19.006,19.25,293,0
MXC,D,20190515,000000,19.168,19.168,18.684,19.168,369,0
MXC,D,20190516,000000,19.168,19.25,18.684,19.168,1643,0
MXC,D,20190517,000000,19.25,19.25,19.168,19.25,158,0
MXC,D,20190520,000000,19.168,19.168,18.846,18.846,429,0
MXC,D,20190521,000000,19.006,19.006,18.764,18.846,4569,0
MXC,D,20190522,000000,19.088,19.088,18.764,18.764,1803,0
MXC,D,20190523,000000,19.088,19.088,18.764,19.088,924,0
MXC,D,20190524,000000,19.088,19.088,19.088,19.088,188,0
MXC,D,20190527,000000,19.088,19.088,19.088,19.088,102,0
MXC,D,20190528,000000,19.006,19.006,18.684,18.684,481,0
MXC,D,20190529,000000,19.006,19.006,18.684,18.684,3236,0
MXC,D,20190530,000000,18.602,18.602,17.794,18.198,23197,0
MXC,D,20190531,000000,18.198,18.198,17.956,17.956,797,0
MXC,D,20190603,000000,18.602,18.602,17.956,17.956,1816,0
MXC,D,20190604,000000,17.956,18.198,17.956,18.198,138,0
MXC,D,20190605,000000,18.198,18.198,18.198,18.198,2,0
MXC,D,20190606,000000,18.198,18.198,18.198,18.198,730,0
MXC,D,20190607,000000,18.279,18.279,18.279,18.279,174,0
MXC,D,20190610,000000,18.279,18.522,18.117,18.522,4326,0
MXC,D,20190611,000000,18.602,18.602,18.36,18.522,1764,0
MXC,D,20190612,000000,19.006,19.006,18.36,18.602,6574,0
MXC,D,20190613,000000,18.684,18.926,18.602,18.926,2370,0
MXC,D,20190614,000000,18.395,18.838,18.307,18.572,576,0
MXC,D,20190617,000000,18.572,18.926,18.395,18.926,249,0
MXC,D,20190618,000000,18.926,18.926,18.13,18.926,3053,0
MXC,D,20190619,000000,18.926,18.926,18.926,18.926,2,0
MXC,D,20190621,000000,18.926,18.926,18.661,18.661,293,0
MXC,D,20190624,000000,18.926,18.926,18.749,18.749,145,0
MXC,D,20190625,000000,18.572,18.926,17.776,18.484,6529,0
MXC,D,20190626,000000,17.555,17.555,16.052,17.555,14941,0
MXC,D,20190627,000000,16.98,17.555,16.98,17.555,1175,0
MXC,D,20190628,000000,17.555,17.555,17.246,17.246,432,0
MXC,D,20190701,000000,17.246,17.555,17.246,17.246,2024,0
MXC,D,20190702,000000,17.511,17.511,17.511,17.511,2,0
MXC,D,20190703,000000,17.511,17.511,17.246,17.246,571,0
MXC,D,20190704,000000,17.246,17.246,17.069,17.246,1457,0
MXC,D,20190705,000000,17.511,17.644,17.511,17.644,137,0
MXC,D,20190708,000000,17.644,17.644,17.644,17.644,2,0
MXC,D,20190709,000000,17.644,17.644,17.246,17.246,251,0
MXC,D,20190710,000000,17.688,17.688,17.201,17.423,501,0
MXC,D,20190711,000000,17.423,17.423,17.423,17.423,2,0
MXC,D,20190712,000000,17.423,17.423,17.423,17.423,2,0
MXC,D,20190715,000000,17.423,17.423,16.892,17.246,840,0
MXC,D,20190716,000000,17.201,17.201,17.201,17.201,2,0
MXC,D,20190717,000000,16.848,18.042,16.848,17.378,3569,0
MXC,D,20190718,000000,17.644,17.644,17.334,17.334,488,0
MXC,D,20190719,000000,17.599,17.599,17.378,17.378,79,0
MXC,D,20190722,000000,17.599,17.599,16.98,17.511,464,0
MXC,D,20190723,000000,17.599,17.599,16.98,16.98,49,0
MXC,D,20190724,000000,17.511,17.511,16.98,16.98,585,0
MXC,D,20190725,000000,17.423,17.423,17.423,17.423,2,0
MXC,D,20190726,000000,17.423,17.423,17.246,17.246,115,0
MXC,D,20190729,000000,17.069,17.069,16.892,17.069,43,0
MXC,D,20190730,000000,16.892,16.892,16.803,16.803,135,0
MXC,D,20190731,000000,16.759,16.759,16.229,16.759,555,0
MXC,D,20190801,000000,16.759,16.759,15.742,16.14,1209,0
MXC,D,20190802,000000,15.565,16.14,15.565,15.919,228,0
MXC,D,20190805,000000,15.919,15.919,15.477,15.919,140,0
MXC,D,20190806,000000,15.919,15.919,15.433,15.875,1171,0
MXC,D,20190807,000000,15.875,15.875,15.388,15.698,524,0
MXC,D,20190808,000000,15.698,15.698,15.521,15.521,115,0
MXC,D,20190809,000000,15.035,15.521,14.902,15.433,1341,0
MXC,D,20190812,000000,15.433,15.698,14.99,15.477,442,0
MXC,D,20190813,000000,15.477,15.477,14.814,15.388,918,0
MXC,D,20190814,000000,15.477,15.477,15.477,15.477,2,0
MXC,D,20190816,000000,15.654,15.654,15.035,15.388,1286,0
MXC,D,20190819,000000,15.388,15.388,15.035,15.388,776,0
MXC,D,20190820,000000,15.388,15.388,14.858,15.3,9,0
MXC,D,20190821,000000,15.256,15.256,15.212,15.212,47,0
MXC,D,20190822,000000,15.388,15.388,14.902,14.902,55,0
MXC,D,20190823,000000,14.814,15.388,14.814,15.212,241,0
MXC,D,20190826,000000,15.256,15.256,15.212,15.212,21,0
MXC,D,20190827,000000,15.079,15.212,15.035,15.212,338,0
MXC,D,20190828,000000,15.212,15.212,15.035,15.123,665,0
MXC,D,20190829,000000,15.123,15.123,14.858,15.123,1671,0
MXC,D,20190830,000000,15.035,15.123,14.858,14.99,727,0
MXC,D,20190902,000000,15.035,15.212,15.035,15.212,161,0
MXC,D,20190903,000000,15.212,15.212,14.681,15.035,1723,0
MXC,D,20190904,000000,15.035,15.035,14.592,15.035,1403,0
MXC,D,20190905,000000,15.123,15.123,15.123,15.123,2,0
MXC,D,20190906,000000,15.123,15.123,15.123,15.123,2,0
MXC,D,20190909,000000,15.123,15.433,15.123,15.433,684,0
MXC,D,20190910,000000,15.477,15.477,15.035,15.477,804,0
MXC,D,20190911,000000,15.875,15.963,15.875,15.963,96,0
MXC,D,20190912,000000,15.919,15.919,15.919,15.919,115,0
MXC,D,20190913,000000,15.919,16.008,15.919,16.008,92,0
MXC,D,20190916,000000,16.008,16.317,16.008,16.317,64,0
MXC,D,20190917,000000,16.317,16.317,15.919,16.317,127,0
MXC,D,20190918,000000,16.008,16.008,16.008,16.008,63,0
MXC,D,20190919,000000,16.317,17.599,16.317,17.246,494,0
MXC,D,20190920,000000,17.201,17.201,16.273,17.157,483,0
MXC,D,20190923,000000,17.157,17.157,16.627,16.98,340,0
MXC,D,20190924,000000,16.98,16.98,16.627,16.627,647,0
MXC,D,20190925,000000,16.98,16.98,16.715,16.715,79,0
MXC,D,20190926,000000,16.98,16.98,16.096,16.273,915,0
MXC,D,20190927,000000,16.98,16.98,15.61,15.742,832,0
MXC,D,20190930,000000,14.062,14.062,12.691,13.045,10842,0
MXC,D,20191001,000000,12.337,13.531,12.337,13.266,2283,0
MXC,D,20191002,000000,12.691,13.31,12.691,13.31,269,0
MXC,D,20191003,000000,13.354,13.354,13.089,13.354,123,0
MXC,D,20191004,000000,13.089,13.399,13.089,13.354,769,0
MXC,D,20191007,000000,13.443,13.531,13.443,13.531,695,0
MXC,D,20191008,000000,14.062,14.062,13.266,13.885,3440,0
MXC,D,20191009,000000,14.062,15.433,13.708,15.433,977,0
MXC,D,20191010,000000,15.433,15.433,15.433,15.433,113,0
MXC,D,20191011,000000,14.681,15.433,14.681,14.858,828,0
MXC,D,20191014,000000,14.681,15.433,14.327,15.433,486,0
MXC,D,20191015,000000,15.433,15.433,15.433,15.433,2,0
MXC,D,20191016,000000,15.3,15.3,14.681,15.256,60,0
MXC,D,20191017,000000,15.167,15.167,15.167,15.167,2,0
MXC,D,20191018,000000,15.079,15.079,15.079,15.079,2,0
MXC,D,20191021,000000,14.592,15.123,14.195,15.123,68,0
MXC,D,20191022,000000,15.123,15.123,14.592,14.592,277,0
MXC,D,20191023,000000,14.592,14.592,14.195,14.327,292,0
MXC,D,20191024,000000,14.592,14.592,14.195,14.371,299,0
MXC,D,20191025,000000,14.371,14.548,14.15,14.283,590,0
MXC,D,20191028,000000,14.062,14.062,13.973,14.018,235,0
MXC,D,20191029,000000,14.062,14.062,13.31,13.708,1766,0
MXC,D,20191030,000000,14.018,14.018,14.018,14.018,2,0
MXC,D,20191031,000000,14.062,14.062,14.062,14.062,2,0
MXC,D,20191104,000000,13.973,13.973,13.797,13.841,315,0
MXC,D,20191105,000000,13.354,13.973,13.133,13.841,2636,0
MXC,D,20191106,000000,13.929,13.929,13.222,13.222,1142,0
MXC,D,20191107,000000,13.531,13.575,13.089,13.443,337,0
MXC,D,20191108,000000,13.487,13.487,13.045,13.443,95,0
MXC,D,20191112,000000,13.354,13.354,13.354,13.354,11,0
MXC,D,20191113,000000,13.045,13.266,13.045,13.266,1703,0
MXC,D,20191114,000000,13.266,13.354,13.045,13.354,760,0
MXC,D,20191115,000000,13.354,13.354,13.001,13.354,661,0
MXC,D,20191118,000000,13.354,13.354,13.222,13.354,723,0
MXC,D,20191119,000000,13.266,13.708,13.266,13.487,634,0
MXC,D,20191120,000000,13.487,13.708,13.266,13.708,64,0
MXC,D,20191121,000000,14.018,14.018,13.531,14.018,484,0
MXC,D,20191122,000000,13.752,14.018,13.752,14.018,735,0
MXC,D,20191125,000000,13.929,13.973,13.797,13.973,226,0
MXC,D,20191126,000000,13.973,14.15,13.973,14.15,614,0
MXC,D,20191127,000000,14.195,15.123,14.195,14.681,4439,0
MXC,D,20191128,000000,14.769,15.035,14.769,15.035,568,0
MXC,D,20191129,000000,15.035,15.035,15.035,15.035,15,0
MXC,D,20191202,000000,14.592,14.592,12.735,13.001,6825,0
MXC,D,20191203,000000,13.708,13.708,12.824,13.266,481,0
MXC,D,20191204,000000,13.001,13.399,12.824,13.001,977,0
MXC,D,20191205,000000,13.266,13.266,12.47,12.912,588,0
MXC,D,20191206,000000,13.177,13.177,12.514,12.824,401,0
MXC,D,20191209,000000,12.824,12.824,12.735,12.824,217,0
MXC,D,20191210,000000,12.824,12.868,12.824,12.868,115,0
MXC,D,20191211,000000,13.222,13.222,11.541,11.541,2581,0
MXC,D,20191212,000000,12.205,12.647,11.674,12.647,1914,0
MXC,D,20191213,000000,13.177,13.177,12.16,12.337,1806,0
MXC,D,20191216,000000,13.089,13.089,12.558,12.558,19,0
MXC,D,20191217,000000,12.558,12.558,11.807,11.939,595,0
MXC,D,20191218,000000,12.382,12.382,12.205,12.382,270,0
MXC,D,20191219,000000,12.382,12.558,12.205,12.205,485,0
MXC,D,20191220,000000,12.426,12.426,11.586,11.984,1358,0
MXC,D,20191223,000000,11.984,12.293,11.674,11.851,8345,0
MXC,D,20191227,000000,12.249,12.249,11.851,12.116,1149,0
MXC,D,20191230,000000,12.249,12.647,12.028,12.028,3452,0
MXC,D,20200102,000000,12.558,13.354,12.558,13.354,1854,0
MXC,D,20200103,000000,13.399,13.399,12.735,13.222,2589,0
MXC,D,20200107,000000,13.089,13.531,13.001,13.531,2716,0
MXC,D,20200108,000000,13.443,13.443,13.266,13.266,1080,0
MXC,D,20200109,000000,13.266,13.531,13.089,13.531,959,0
MXC,D,20200110,000000,13.531,13.531,13.443,13.531,36,0
MXC,D,20200113,000000,13.266,13.354,13.089,13.133,257,0
MXC,D,20200114,000000,13.354,13.399,13.354,13.399,154,0
MXC,D,20200115,000000,13.266,13.266,12.912,13.266,792,0
MXC,D,20200116,000000,13.266,13.487,13.266,13.487,210,0
MXC,D,20200117,000000,13.443,13.443,13.133,13.443,419,0
MXC,D,20200120,000000,13.266,13.797,13.266,13.797,1671,0
MXC,D,20200121,000000,13.797,14.062,13.708,14.062,883,0
MXC,D,20200122,000000,14.062,14.062,13.531,13.841,2079,0
MXC,D,20200123,000000,14.018,14.018,13.266,13.62,3391,0
MXC,D,20200124,000000,13.973,14.018,13.266,13.708,1696,0
MXC,D,20200127,000000,13.664,13.885,13.177,13.62,432,0
MXC,D,20200128,000000,13.885,13.885,12.912,13.354,3160,0
MXC,D,20200129,000000,13.266,13.443,13.089,13.354,433,0
MXC,D,20200130,000000,13.354,13.885,13.177,13.885,2144,0
MXC,D,20200131,000000,13.797,13.841,13.354,13.664,2463,0
MXC,D,20200203,000000,13.62,13.664,13.133,13.575,2304,0
MXC,D,20200204,000000,13.487,13.487,13.045,13.487,245,0
MXC,D,20200205,000000,13.443,13.487,13.045,13.487,228,0
MXC,D,20200206,000000,13.354,13.399,13.266,13.354,1318,0
MXC,D,20200207,000000,13.354,13.354,13.001,13.354,1216,0
MXC,D,20200210,000000,13.354,13.354,12.912,13.177,534,0
MXC,D,20200211,000000,13.266,13.354,13.001,13.266,103,0
MXC,D,20200212,000000,13.266,13.266,13.266,13.266,191,0
MXC,D,20200213,000000,13.266,13.266,13.266,13.266,94,0
MXC,D,20200214,000000,13.266,13.266,13.266,13.266,6,0
MXC,D,20200217,000000,13.31,13.31,13.001,13.266,358,0
MXC,D,20200218,000000,13.266,13.266,13.266,13.266,12,0
MXC,D,20200219,000000,13.266,13.266,13.177,13.177,90,0
MXC,D,20200220,000000,13.177,13.177,12.956,13.001,395,0
MXC,D,20200221,000000,12.382,12.824,12.382,12.647,1087,0
MXC,D,20200224,000000,13.001,13.001,12.116,12.382,1317,0
MXC,D,20200225,000000,12.337,12.337,11.143,11.497,2094,0
MXC,D,20200226,000000,11.851,11.851,10.613,10.878,5059,0
MXC,D,20200227,000000,11.143,11.851,10.878,11.674,13841,0
MXC,D,20200228,000000,11.586,11.674,10.613,10.878,2145,0
MXC,D,20200302,000000,10.613,11.232,10.613,11.232,2372,0
MXC,D,20200303,000000,11.497,12.647,11.497,11.851,1252,0
MXC,D,20200304,000000,12.028,12.382,11.851,11.851,252,0
MXC,D,20200305,000000,11.851,11.851,11.409,11.851,512,0
MXC,D,20200306,000000,11.674,11.674,11.143,11.497,230,0
MXC,D,20200309,000000,11.497,11.497,9.994,10.171,1670,0
MXC,D,20200310,000000,9.905,10.48,9.905,10.436,334,0
MXC,D,20200311,000000,10.48,10.48,9.1092,9.905,1467,0
MXC,D,20200312,000000,10.171,10.171,8.8439,8.9324,3714,0
MXC,D,20200313,000000,8.8439,9.728,8.8439,9.3746,1424,0
MXC,D,20200316,000000,9.1977,9.1977,8.7555,8.8439,2467,0
MXC,D,20200317,000000,8.8439,9.3746,8.7555,9.3746,2064,0
MXC,D,20200318,000000,9.3746,9.3746,8.7555,8.7555,438,0
MXC,D,20200319,000000,9.3746,9.3746,8.7555,8.7555,5115,0
MXC,D,20200320,000000,9.3746,9.728,8.7555,8.7555,5295,0
MXC,D,20200323,000000,9.2419,9.2861,8.9324,9.1977,338,0
MXC,D,20200324,000000,9.3746,9.3746,9.3746,9.3746,2,0
MXC,D,20200325,000000,9.3746,9.3746,9.3746,9.3746,2,0
MXC,D,20200326,000000,9.3303,9.3746,9.1977,9.3746,457,0
MXC,D,20200327,000000,9.3746,9.3746,9.3746,9.3746,68,0
MXC,D,20200330,000000,9.3746,9.3746,8.4017,9.0208,4639,0
MXC,D,20200331,000000,9.0208,9.2861,8.331,9.1535,2303,0
MXC,D,20200401,000000,9.2861,9.3746,9.1535,9.3746,455,0
MXC,D,20200402,000000,9.3746,9.3746,9.3746,9.3746,6,0
MXC,D,20200403,000000,8.8439,9.3746,8.8439,9.3746,317,0
MXC,D,20200406,000000,9.3746,13.266,8.9324,12.382,81547,0
MXC,D,20200407,000000,12.558,13.133,10.745,10.745,56033,0
MXC,D,20200408,000000,10.613,11.453,9.905,11.143,14072,0
MXC,D,20200409,000000,11.143,13.222,11.011,12.779,52574,0
MXC,D,20200414,000000,13.31,13.752,11.188,12.16,37574,0
MXC,D,20200415,000000,12.16,12.337,10.966,11.762,5344,0
MXC,D,20200416,000000,11.32,12.028,11.143,12.028,3958,0
MXC,D,20200417,000000,12.028,12.028,11.32,11.586,1324,0
MXC,D,20200420,000000,11.586,11.586,10.436,10.922,7685,0
MXC,D,20200421,000000,10.436,11.055,9.773,10.303,8942,0
MXC,D,20200422,000000,10.524,10.966,9.64,10.922,2431,0
MXC,D,20200423,000000,10.259,10.657,10.259,10.613,1107,0
MXC,D,20200424,000000,10.613,10.657,10.347,10.657,1311,0
MXC,D,20200427,000000,10.657,11.895,10.347,11.895,8964,0
MXC,D,20200428,000000,11.984,12.382,11.188,11.497,5978,0
MXC,D,20200429,000000,11.143,11.541,11.143,11.143,1079,0
MXC,D,20200430,000000,12.072,12.072,10.613,11.409,2416,0
MXC,D,20200504,000000,11.055,11.32,10.171,10.524,11203,0
MXC,D,20200505,000000,10.436,10.436,9.551,9.817,9862,0
MXC,D,20200506,000000,9.817,10.259,9.64,9.949,2684,0
MXC,D,20200507,000000,10.038,10.082,9.64,9.817,2438,0
MXC,D,20200508,000000,9.994,10.436,9.773,10.171,3945,0
MXC,D,20200511,000000,10.171,10.171,9.64,10.126,531,0
MXC,D,20200512,000000,10.082,11.895,9.817,10.568,33479,0
MXC,D,20200513,000000,11.055,11.497,10.082,10.922,11853,0
MXC,D,20200514,000000,10.922,10.922,9.861,10.215,5839,0
MXC,D,20200515,000000,10.171,10.171,9.684,9.994,2301,0
MXC,D,20200518,000000,9.994,10.259,9.64,9.994,3952,0
MXC,D,20200519,000000,10.171,10.259,9.507,9.949,12757,0
MXC,D,20200520,000000,11.497,11.895,11.011,11.453,38189,0
MXC,D,20200521,000000,11.895,11.895,11.232,11.63,21719,0
MXC,D,20200522,000000,11.63,11.63,11.055,11.497,4994,0
MXC,D,20200525,000000,11.497,11.63,11.188,11.63,4687,0
MXC,D,20200526,000000,11.63,11.63,11.364,11.586,3865,0
MXC,D,20200527,000000,11.586,11.63,11.232,11.586,6772,0
MXC,D,20200528,000000,11.63,12.116,11.63,11.939,8177,0
MXC,D,20200529,000000,12.072,12.382,11.674,11.807,3910,0
MXC,D,20200601,000000,11.497,12.558,11.364,12.293,15431,0
MXC,D,20200602,000000,12.382,13.222,12.382,13.089,22159,0
MXC,D,20200603,000000,13.222,13.443,13.089,13.266,12369,0
MXC,D,20200604,000000,13.266,13.31,13.089,13.222,14984,0
MXC,D,20200605,000000,13.443,13.62,13.266,13.443,14911,0
MXC,D,20200608,000000,13.354,14.062,13.354,13.575,16445,0
MXC,D,20200609,000000,13.62,13.929,13.62,13.797,11998,0
MXC,D,20200610,000000,13.929,14.062,13.885,13.929,8203,0
MXC,D,20200612,000000,13.62,13.752,12.824,13.752,16945,0
MXC,D,20200615,000000,13.752,14.15,13.531,13.797,12160,0
MXC,D,20200616,000000,13.531,13.929,13.443,13.752,9823,0
MXC,D,20200617,000000,13.841,14.548,13.708,14.15,18288,0
MXC,D,20200618,000000,14.15,14.46,14.062,14.327,16302,0
MXC,D,20200619,000000,14.327,14.858,14.327,14.814,17158,0
MXC,D,20200622,000000,14.814,15.742,14.814,15.654,24282,0
MXC,D,20200623,000000,15.875,16.671,15.654,15.831,34339,0
MXC,D,20200624,000000,15.654,16.317,15.167,15.698,53231,0
MXC,D,20200625,000000,15.742,15.919,14.946,15.433,29000,0
MXC,D,20200626,000000,15.344,15.388,14.592,14.814,23992,0
MXC,D,20200629,000000,15.212,15.477,14.681,15.477,20295,0
MXC,D,20200630,000000,15.521,16.45,14.769,15.079,70229,0
MXC,D,20200701,000000,15.61,15.742,15.123,15.3,29815,0
MXC,D,20200702,000000,15.2,16,14.5,15.65,22433,0
MXC,D,20200703,000000,15.65,16.7,15.4,16.5,35347,0
MXC,D,20200706,000000,16.15,16.65,16,16.3,8103,0
MXC,D,20200707,000000,16.1,16.4,15.8,15.9,8474,0
MXC,D,20200708,000000,15.9,15.9,15.45,15.8,3074,0
MXC,D,20200709,000000,15.7,15.9,15.3,15.4,4587,0
MXC,D,20200710,000000,15.4,15.4,14.3,14.9,14850,0
