<TICKER>,<PER>,<DATE>,<TIME>,<OPEN>,<HIGH>,<LOW>,<CLOSE>,<VOL>,<OPENINT>
OTS,D,20130718,000000,21.326,22.965,21.326,22.908,9344,0
OTS,D,20130719,000000,22.896,22.908,22.896,22.908,1536,0
OTS,D,20130722,000000,22.908,22.908,22.335,22.908,1792,0
OTS,D,20130723,000000,22.335,22.908,22.335,22.908,2464,0
OTS,D,20130724,000000,23.022,23.022,22.908,22.965,1944,0
OTS,D,20130725,000000,22.908,22.908,22.908,22.908,304,0
OTS,D,20130726,000000,22.908,22.908,22.908,22.908,400,0
OTS,D,20130729,000000,22.908,22.908,22.908,22.908,80,0
OTS,D,20130730,000000,22.908,22.931,22.908,22.92,440,0
OTS,D,20130731,000000,23.011,23.699,23.011,23.699,5656,0
OTS,D,20130801,000000,23.469,23.71,23.469,23.71,1024,0
OTS,D,20130802,000000,23.882,24.054,23.824,23.824,568,0
OTS,D,20130805,000000,24.282,24.282,24.282,24.282,120,0
OTS,D,20130806,000000,24.168,24.168,23.824,23.824,504,0
OTS,D,20130808,000000,23.824,23.824,23.732,23.732,64,0
OTS,D,20130809,000000,23.824,24.054,23.824,24.054,1912,0
OTS,D,20130812,000000,23.824,24.054,23.824,24.054,248,0
OTS,D,20130814,000000,24.054,24.111,24.054,24.054,1688,0
OTS,D,20130816,000000,24.054,24.054,24.054,24.054,232,0
OTS,D,20130819,000000,24.054,24.054,23.824,23.876,1088,0
OTS,D,20130820,000000,23.732,23.732,23.195,23.195,1216,0
OTS,D,20130822,000000,22.954,23.022,22.335,23.022,2296,0
OTS,D,20130823,000000,23.022,23.022,22.908,22.908,2216,0
OTS,D,20130826,000000,23.368,23.368,22.908,22.908,2824,0
OTS,D,20130827,000000,23.022,23.022,22.908,22.908,472,0
OTS,D,20130828,000000,22.685,22.908,22.679,22.908,1160,0
OTS,D,20130829,000000,23.022,23.022,23.022,23.022,80,0
OTS,D,20130830,000000,23.6,23.6,23.6,23.6,56,0
OTS,D,20130902,000000,23.594,23.594,23.594,23.594,80,0
OTS,D,20130903,000000,23.594,24.271,23.144,23.315,5920,0
OTS,D,20130904,000000,23.371,23.371,23.371,23.371,608,0
OTS,D,20130905,000000,23.371,23.422,23.368,23.368,1088,0
OTS,D,20130906,000000,23.422,23.422,23.422,23.422,40,0
OTS,D,20130909,000000,23.481,23.71,23.481,23.481,344,0
OTS,D,20130910,000000,23.481,23.481,23.481,23.481,264,0
OTS,D,20130911,000000,23.371,23.371,23.371,23.371,120,0
OTS,D,20130912,000000,23.481,23.481,23.371,23.371,832,0
OTS,D,20130913,000000,23.368,23.71,23.368,23.71,1264,0
OTS,D,20130916,000000,23.71,23.939,23.71,23.939,488,0
OTS,D,20130917,000000,23.939,24.168,23.892,24.054,3624,0
OTS,D,20130918,000000,23.481,24.741,23.481,24.626,4928,0
OTS,D,20130919,000000,24.511,24.97,24.511,24.97,800,0
OTS,D,20130920,000000,24.741,24.912,24.741,24.912,80,0
OTS,D,20130923,000000,24.912,25.312,24.912,25.199,2160,0
OTS,D,20130924,000000,25.199,25.199,25.199,25.199,216,0
OTS,D,20130926,000000,25.221,25.221,25.084,25.084,896,0
OTS,D,20130927,000000,25.084,25.084,25.084,25.084,96,0
OTS,D,20130930,000000,25.199,25.199,25.199,25.199,80,0
OTS,D,20131002,000000,25.199,25.428,25.199,25.428,4120,0
OTS,D,20131003,000000,25.428,25.428,25.428,25.428,48,0
OTS,D,20131004,000000,25.428,25.428,25.428,25.428,80,0
OTS,D,20131011,000000,24.856,25.428,24.832,25.428,1448,0
OTS,D,20131014,000000,25.405,25.772,25.405,25.772,2192,0
OTS,D,20131015,000000,25.899,26.46,25.899,26.46,1376,0
OTS,D,20131016,000000,26.46,27.49,26.46,27.261,1016,0
OTS,D,20131017,000000,27.49,27.949,26.916,26.916,1192,0
OTS,D,20131021,000000,27.261,27.261,27.261,27.261,32,0
OTS,D,20131022,000000,26.911,26.911,26.911,26.911,96,0
OTS,D,20131025,000000,27.261,27.261,27.261,27.261,344,0
OTS,D,20131028,000000,27.261,27.261,26.121,26.121,280,0
OTS,D,20131029,000000,25.96,26.911,25.96,26.911,384,0
OTS,D,20131030,000000,27.318,28.732,27.318,28.732,2656,0
OTS,D,20131031,000000,29.78,32.186,29.78,32.078,832,0
OTS,D,20131104,000000,30.926,32.53,30.926,32.3,768,0
OTS,D,20131105,000000,32.072,32.072,32.072,32.072,184,0
OTS,D,20131106,000000,32.072,33.216,32.072,33.216,896,0
OTS,D,20131107,000000,33.239,34.132,31.499,31.499,1136,0
OTS,D,20131108,000000,31.842,32.072,31.842,32.072,304,0
OTS,D,20131112,000000,31.612,32.072,31.612,32.072,600,0
OTS,D,20131113,000000,32.072,33.79,31.728,33.79,2712,0
OTS,D,20131114,000000,33.79,34.132,31.041,32.186,1776,0
OTS,D,20131115,000000,32.642,32.642,31.499,31.499,176,0
OTS,D,20131118,000000,30.44,30.754,27.725,30.238,1992,0
OTS,D,20131119,000000,30.238,32.072,30.238,32.072,3784,0
OTS,D,20131120,000000,32.072,32.53,32.072,32.53,1664,0
OTS,D,20131121,000000,31.636,31.636,31.636,31.636,248,0
OTS,D,20131126,000000,32.3,32.3,32.3,32.3,240,0
OTS,D,20131127,000000,31.636,31.636,31.636,31.636,16,0
OTS,D,20131128,000000,31.612,31.612,31.499,31.499,168,0
OTS,D,20131129,000000,32.186,32.53,32.186,32.53,624,0
OTS,D,20131203,000000,31.648,31.648,31.648,31.648,184,0
OTS,D,20131205,000000,31.15,31.15,31.15,31.15,248,0
OTS,D,20131209,000000,29.666,29.78,29.666,29.78,56,0
OTS,D,20131210,000000,29.78,29.78,29.78,29.78,40,0
OTS,D,20131211,000000,29.78,29.78,29.208,29.322,400,0
OTS,D,20131216,000000,27.49,30.238,27.49,30.238,2872,0
OTS,D,20131217,000000,30.238,30.238,30.238,30.238,16,0
OTS,D,20131223,000000,30.468,32.078,30.468,32.072,896,0
OTS,D,20131227,000000,32.072,32.642,32.072,32.642,256,0
OTS,D,20131230,000000,32.53,33.778,32.53,33.235,608,0
OTS,D,20140107,000000,32.729,32.729,32.53,32.53,304,0
OTS,D,20140108,000000,32.53,32.53,32.508,32.508,296,0
OTS,D,20140109,000000,31.309,31.309,31.309,31.309,248,0
OTS,D,20140113,000000,29.9,29.9,29.894,29.894,64,0
OTS,D,20140120,000000,30.354,32.066,30.354,32.066,160,0
OTS,D,20140121,000000,32.066,33.216,32.066,33.216,520,0
OTS,D,20140122,000000,33.44,33.446,33.44,33.446,440,0
OTS,D,20140130,000000,32.642,33.79,31.962,33.79,672,0
OTS,D,20140131,000000,34.076,34.076,32.621,33.784,1184,0
OTS,D,20140204,000000,33.216,33.216,33.216,33.216,32,0
OTS,D,20140207,000000,32.186,32.186,32.186,32.186,232,0
OTS,D,20140217,000000,31.309,31.309,31.309,31.309,40,0
OTS,D,20140218,000000,31.309,31.309,31.309,31.309,40,0
OTS,D,20140220,000000,31.092,31.092,31.092,31.092,248,0
OTS,D,20140224,000000,31.328,31.499,31.328,31.499,64,0
OTS,D,20140303,000000,27.605,28.521,27.605,28.178,376,0
OTS,D,20140304,000000,28.486,28.486,28.061,28.061,416,0
OTS,D,20140305,000000,28.2,28.2,27.605,27.605,1048,0
OTS,D,20140306,000000,27.49,27.49,27.49,27.49,40,0
OTS,D,20140307,000000,27.605,27.605,27.605,27.605,80,0
OTS,D,20140311,000000,25.199,26.23,22.679,24.398,2440,0
OTS,D,20140312,000000,23.91,23.91,23.91,23.91,104,0
OTS,D,20140313,000000,23.195,23.195,22.908,23.069,904,0
OTS,D,20140314,000000,22.908,23.022,22.329,22.329,976,0
OTS,D,20140317,000000,22.335,22.392,22.335,22.392,384,0
OTS,D,20140318,000000,22.508,23.138,22.508,23.138,472,0
OTS,D,20140319,000000,23.71,23.71,23.52,23.52,440,0
OTS,D,20140320,000000,23.251,23.481,23.138,23.481,712,0
OTS,D,20140321,000000,23.939,26.208,23.939,26.208,608,0
OTS,D,20140324,000000,26.171,26.31,26.171,26.31,320,0
OTS,D,20140325,000000,26.31,26.55,26.31,26.55,264,0
OTS,D,20140326,000000,26.55,27.53,25.669,27.53,712,0
OTS,D,20140327,000000,27.605,30.354,27.605,30.354,992,0
OTS,D,20140328,000000,28.635,31.372,28.635,31.372,504,0
OTS,D,20140331,000000,30.926,33.216,30.926,33.216,1152,0
OTS,D,20140401,000000,33.216,33.216,33.102,33.102,504,0
OTS,D,20140402,000000,32.072,33.102,30.926,33.102,224,0
OTS,D,20140403,000000,32.759,32.759,31.424,31.424,808,0
OTS,D,20140404,000000,30.926,30.926,30.805,30.805,632,0
OTS,D,20140407,000000,31.092,31.092,30.805,30.926,112,0
OTS,D,20140408,000000,31.092,31.092,31.092,31.092,32,0
OTS,D,20140409,000000,30.811,31.098,30.811,31.098,120,0
OTS,D,20140411,000000,30.926,30.926,30.926,30.926,16,0
OTS,D,20140414,000000,30.33,30.33,30.01,30.01,600,0
OTS,D,20140415,000000,29.438,29.438,28.635,28.635,1048,0
OTS,D,20140424,000000,27.388,27.605,27.388,27.605,312,0
OTS,D,20140425,000000,27.495,27.495,27.495,27.495,64,0
OTS,D,20140428,000000,27.546,27.546,27.146,27.146,472,0
OTS,D,20140429,000000,27.031,27.031,27.031,27.031,184,0
OTS,D,20140507,000000,26,26,26,26,56,0
OTS,D,20140512,000000,25.772,25.772,25.766,25.766,304,0
OTS,D,20140513,000000,25.485,25.485,25.312,25.312,608,0
OTS,D,20140515,000000,26.098,26.23,26.098,26.23,176,0
OTS,D,20140520,000000,26.23,26.572,25.859,25.859,1008,0
OTS,D,20140526,000000,25.656,25.656,25.656,25.656,40,0
OTS,D,20140527,000000,25.656,25.656,25.428,25.428,72,0
OTS,D,20140528,000000,26.058,26.058,26.058,26.058,40,0
OTS,D,20140529,000000,26.116,26.116,26.07,26.07,352,0
OTS,D,20140530,000000,26.118,26.118,26.118,26.118,8,0
OTS,D,20140604,000000,26.118,26.944,26.118,26.944,680,0
OTS,D,20140605,000000,27.062,27.062,27.062,27.062,8,0
OTS,D,20140611,000000,26.708,26.708,23.635,23.635,2800,0
OTS,D,20140612,000000,23.871,24.344,23.635,24.344,1592,0
OTS,D,20140613,000000,24.805,24.816,23.694,23.694,2328,0
OTS,D,20140617,000000,23.694,23.754,23.516,23.754,768,0
OTS,D,20140618,000000,23.754,24.344,23.754,24.344,32,0
OTS,D,20140620,000000,23.989,23.989,23.635,23.871,256,0
OTS,D,20140623,000000,23.989,23.989,23.989,23.989,24,0
OTS,D,20140624,000000,24.226,24.226,24.226,24.226,16,0
OTS,D,20140625,000000,23.871,23.871,23.635,23.635,216,0
OTS,D,20140626,000000,23.635,23.871,23.234,23.871,408,0
OTS,D,20140627,000000,23.871,23.871,23.871,23.871,24,0
OTS,D,20140630,000000,23.281,23.281,23.174,23.174,192,0
OTS,D,20140701,000000,23.754,23.871,23.754,23.871,64,0
OTS,D,20140702,000000,24.22,24.22,23.18,23.18,136,0
OTS,D,20140703,000000,23.281,23.281,23.18,23.18,1048,0
OTS,D,20140704,000000,23.635,23.635,23.635,23.635,216,0
OTS,D,20140707,000000,23.635,23.635,23.635,23.635,8,0
OTS,D,20140708,000000,23.635,23.635,23.635,23.635,24,0
OTS,D,20140709,000000,23.635,23.635,23.635,23.635,8,0
OTS,D,20140710,000000,23.635,23.635,23.635,23.635,200,0
OTS,D,20140715,000000,23.635,23.635,23.635,23.635,8,0
OTS,D,20140716,000000,23.865,23.871,23.865,23.871,40,0
OTS,D,20140718,000000,23.871,23.871,23.871,23.871,56,0
OTS,D,20140722,000000,23.64,23.64,23.635,23.635,40,0
OTS,D,20140724,000000,23.635,23.635,23.635,23.635,4232,0
OTS,D,20140729,000000,23.635,23.635,23.162,23.162,2168,0
OTS,D,20140730,000000,23.162,23.162,23.162,23.162,24,0
OTS,D,20140731,000000,23.162,23.162,23.162,23.162,64,0
OTS,D,20140801,000000,23.339,23.339,23.339,23.339,176,0
OTS,D,20140807,000000,22.849,22.849,22.849,22.849,256,0
OTS,D,20140808,000000,22.926,22.926,22.926,22.926,8,0
OTS,D,20140811,000000,23.044,23.044,23.044,23.044,40,0
OTS,D,20140813,000000,22.571,22.571,22.452,22.452,512,0
OTS,D,20140814,000000,22.926,22.926,22.452,22.452,248,0
OTS,D,20140818,000000,22.452,22.452,22.452,22.452,192,0
OTS,D,20140819,000000,22.452,22.452,22.452,22.452,32,0
OTS,D,20140826,000000,22.099,22.099,21.278,21.278,536,0
OTS,D,20140828,000000,21.272,21.272,21.272,21.272,8,0
OTS,D,20140829,000000,21.745,21.745,21.745,21.745,240,0
OTS,D,20140902,000000,21.745,23.635,21.745,23.635,2240,0
OTS,D,20140903,000000,23.748,23.748,23.748,23.748,40,0
OTS,D,20140904,000000,22.749,22.749,22.452,22.452,248,0
OTS,D,20140908,000000,22.465,22.571,22.452,22.571,168,0
OTS,D,20140909,000000,22.571,22.571,22.571,22.571,8,0
OTS,D,20140910,000000,22.749,25.29,22.749,25.29,44992,0
OTS,D,20140911,000000,26.938,27.299,24.539,24.539,3008,0
OTS,D,20140912,000000,24.238,24.805,23.754,23.754,1072,0
OTS,D,20140915,000000,23.754,23.754,23.754,23.754,40,0
OTS,D,20140916,000000,23.635,23.635,23.635,23.635,21760,0
OTS,D,20140918,000000,24.108,24.108,23.635,23.635,10616,0
OTS,D,20140919,000000,24.226,24.226,24.226,24.226,216,0
OTS,D,20140922,000000,24.108,24.108,23.635,23.635,208,0
OTS,D,20140924,000000,23.63,23.63,23.63,23.63,88,0
OTS,D,20140929,000000,23.63,23.63,23.63,23.63,232,0
OTS,D,20140930,000000,23.63,23.63,23.576,23.576,408,0
OTS,D,20141001,000000,23.576,23.576,23.576,23.576,120,0
OTS,D,20141002,000000,23.576,23.576,23.411,23.411,168,0
OTS,D,20141003,000000,22.69,22.69,22.335,22.335,17264,0
OTS,D,20141007,000000,22.571,22.571,22.571,22.571,672,0
OTS,D,20141008,000000,22.926,22.926,22.926,22.926,16,0
OTS,D,20141010,000000,22.926,23.576,22.926,23.576,48,0
OTS,D,20141014,000000,23.576,23.576,23.576,23.576,88,0
OTS,D,20141015,000000,23.399,23.399,23.399,23.399,80,0
OTS,D,20141020,000000,22.584,22.584,22.452,22.452,248,0
OTS,D,20141021,000000,22.452,22.452,22.452,22.452,40,0
OTS,D,20141022,000000,22.69,23.204,22.69,23.204,64,0
OTS,D,20141028,000000,23.204,23.204,23.204,23.204,32,0
OTS,D,20141029,000000,23.204,23.204,23.204,23.204,192,0
OTS,D,20141030,000000,23.204,23.204,23.204,23.204,40,0
OTS,D,20141031,000000,23.204,23.204,23.204,23.204,8,0
OTS,D,20141103,000000,23.204,23.204,23.204,23.204,168,0
OTS,D,20141104,000000,23.339,24.344,23.339,24.344,1024,0
OTS,D,20141105,000000,24.58,24.58,24.58,24.58,32,0
OTS,D,20141106,000000,24.108,24.108,23.754,23.871,1024,0
OTS,D,20141112,000000,23.989,24.226,23.871,23.871,528,0
OTS,D,20141113,000000,24.639,24.692,23.635,23.635,1880,0
OTS,D,20141114,000000,23.635,24.658,23.635,24.658,9224,0
OTS,D,20141117,000000,23.871,23.871,23.871,23.871,80,0
OTS,D,20141118,000000,24.658,24.816,24.462,24.816,848,0
OTS,D,20141119,000000,24.58,25.052,24.462,25.052,1016,0
OTS,D,20141120,000000,24.201,25.561,24.201,25.561,784,0
OTS,D,20141124,000000,25.408,25.408,25.312,25.312,216,0
OTS,D,20141126,000000,25.556,25.556,25.556,25.556,8,0
OTS,D,20141127,000000,25.312,26.175,25.312,26.175,1304,0
OTS,D,20141128,000000,26.175,26.175,26.175,26.175,288,0
OTS,D,20141201,000000,26.885,27.299,26.885,27.299,1104,0
OTS,D,20141202,000000,27.299,27.299,26.59,26.59,600,0
OTS,D,20141203,000000,26.53,26.53,26.53,26.53,96,0
OTS,D,20141205,000000,27.169,27.186,27.169,27.186,632,0
OTS,D,20141208,000000,26.944,27.771,26.944,27.771,224,0
OTS,D,20141209,000000,28.231,28.599,28.231,28.599,416,0
OTS,D,20141210,000000,28.361,28.788,28.361,28.716,2856,0
OTS,D,20141211,000000,28.244,28.244,28.244,28.244,632,0
OTS,D,20141212,000000,28.244,28.599,28.244,28.599,101824,0
OTS,D,20141215,000000,28.361,28.361,27.771,27.771,368,0
OTS,D,20141216,000000,27.654,27.654,27.654,27.654,40,0
OTS,D,20141217,000000,28.716,28.716,28.126,28.126,1696,0
OTS,D,20141218,000000,28.244,28.244,27.93,27.93,312,0
OTS,D,20141219,000000,28.008,28.008,27.93,27.93,256,0
OTS,D,20141222,000000,28.126,28.126,28.126,28.126,256,0
OTS,D,20141223,000000,28.126,28.952,28.126,28.952,320,0
OTS,D,20141230,000000,28.948,28.948,27.535,28.935,2720,0
OTS,D,20150102,000000,27.654,28.361,27.535,28.361,960,0
OTS,D,20150105,000000,28.48,28.48,27.841,27.841,408,0
OTS,D,20150107,000000,28.361,28.361,25.998,25.998,2240,0
OTS,D,20150108,000000,26.118,26.235,25.408,25.408,1856,0
OTS,D,20150109,000000,25.408,25.762,25.408,25.762,96,0
OTS,D,20150113,000000,25.845,25.845,25.845,25.845,40,0
OTS,D,20150116,000000,25.845,25.845,25.845,25.845,16,0
OTS,D,20150119,000000,25.94,25.94,25.94,25.94,7008,0
OTS,D,20150120,000000,26.59,26.708,26.59,26.708,408,0
OTS,D,20150121,000000,26.896,27.062,26.766,26.766,512,0
OTS,D,20150123,000000,27.416,27.422,27.416,27.422,344,0
OTS,D,20150126,000000,27.416,27.794,27.416,27.794,800,0
OTS,D,20150127,000000,27.654,27.654,27.654,27.654,40,0
OTS,D,20150128,000000,27.416,27.889,27.416,27.889,216,0
OTS,D,20150130,000000,27.889,28.599,27.889,28.599,1160,0
OTS,D,20150202,000000,28.788,28.788,28.788,28.788,8,0
OTS,D,20150203,000000,28.788,28.941,28.788,28.941,768,0
OTS,D,20150204,000000,28.952,29.189,27.416,29.189,1248,0
OTS,D,20150205,000000,29.071,29.189,29.071,29.189,336,0
OTS,D,20150209,000000,28.361,28.361,28.361,28.361,264,0
OTS,D,20150213,000000,28.361,28.361,28.361,28.361,16,0
OTS,D,20150216,000000,27.889,28.599,27.889,28.599,2856,0
OTS,D,20150220,000000,27.535,28.952,27.535,28.952,1384,0
OTS,D,20150223,000000,27.18,29.898,27.18,29.898,1904,0
OTS,D,20150224,000000,29.544,29.544,29.544,29.544,8,0
OTS,D,20150225,000000,29.544,29.898,29.544,29.544,2072,0
OTS,D,20150302,000000,29.922,30.252,29.922,30.252,56,0
OTS,D,20150303,000000,30.252,30.252,30.252,30.252,16,0
OTS,D,20150310,000000,29.898,29.898,29.898,29.898,16,0
OTS,D,20150311,000000,29.544,30.49,27.771,30.37,2552,0
OTS,D,20150312,000000,30.608,30.608,30.608,30.608,16,0
OTS,D,20150313,000000,30.608,31.08,30.608,31.08,1464,0
OTS,D,20150316,000000,30.608,31.671,30.49,30.49,2896,0
OTS,D,20150317,000000,30.725,31.671,30.725,31.671,3168,0
OTS,D,20150318,000000,31.316,31.435,31.316,31.435,120,0
OTS,D,20150319,000000,31.316,31.316,31.316,31.316,120,0
OTS,D,20150320,000000,30.725,30.725,29.544,29.544,10008,0
OTS,D,20150323,000000,29.425,29.425,26.016,28.952,12456,0
OTS,D,20150324,000000,29.544,29.544,29.544,29.544,40,0
OTS,D,20150325,000000,30.135,30.135,29.544,29.544,648,0
OTS,D,20150326,000000,29.544,30.725,29.544,30.725,1184,0
OTS,D,20150327,000000,30.962,30.962,30.962,30.962,32,0
OTS,D,20150330,000000,30.962,30.962,30.962,30.962,104,0
OTS,D,20150331,000000,30.962,30.962,30.962,30.962,8,0
OTS,D,20150401,000000,31.08,31.435,30.135,31.435,8528,0
OTS,D,20150402,000000,30.725,31.435,30.725,31.435,2160,0
OTS,D,20150408,000000,31.316,31.316,31.316,31.316,8,0
OTS,D,20150409,000000,31.316,31.316,31.316,31.316,56,0
OTS,D,20150410,000000,31.316,31.435,30.725,31.435,1520,0
OTS,D,20150413,000000,30.135,31.559,30.135,31.559,512,0
OTS,D,20150415,000000,31.908,31.908,31.908,31.908,160,0
OTS,D,20150422,000000,31.435,31.435,31.435,31.435,24,0
OTS,D,20150423,000000,31.316,31.316,31.316,31.316,24,0
OTS,D,20150427,000000,31.552,31.552,31.552,31.552,16,0
OTS,D,20150428,000000,30.962,30.962,30.725,30.725,296,0
OTS,D,20150429,000000,30.608,30.608,30.608,30.608,464,0
OTS,D,20150504,000000,30.85,30.85,30.85,30.85,16,0
OTS,D,20150505,000000,30.971,32.794,30.971,31.591,120,0
OTS,D,20150506,000000,31.7,31.7,31.7,31.7,168,0
OTS,D,20150508,000000,32.186,33.158,32.186,33.158,656,0
OTS,D,20150511,000000,33.158,33.158,32.794,32.794,200,0
OTS,D,20150513,000000,32.794,32.794,32.392,32.392,248,0
OTS,D,20150514,000000,32.004,32.004,31.579,31.579,176,0
OTS,D,20150515,000000,32.004,32.004,32.004,32.004,32,0
OTS,D,20150518,000000,31.579,31.579,31.579,31.579,24,0
OTS,D,20150519,000000,32.15,32.15,32.15,32.15,8,0
OTS,D,20150521,000000,32.52,32.52,32.429,32.429,64,0
OTS,D,20150522,000000,32.52,32.52,32.52,32.52,40,0
OTS,D,20150525,000000,31.944,31.944,31.354,31.354,168,0
OTS,D,20150526,000000,31.579,31.579,31.579,31.579,248,0
OTS,D,20150527,000000,32.065,32.065,32.065,32.065,264,0
OTS,D,20150528,000000,32.065,32.065,32.065,32.065,32,0
OTS,D,20150529,000000,32.065,33.279,32.065,33.279,1320,0
OTS,D,20150602,000000,33.279,33.279,33.279,33.279,72,0
OTS,D,20150603,000000,33.395,33.395,33.395,33.395,16,0
OTS,D,20150608,000000,32.794,32.794,32.794,32.794,32,0
OTS,D,20150609,000000,32.794,32.811,32.794,32.811,432,0
OTS,D,20150612,000000,32.794,32.794,32.794,32.794,40,0
OTS,D,20150618,000000,32.794,32.794,32.794,32.794,40,0
OTS,D,20150619,000000,32.307,32.307,32.307,32.307,72,0
OTS,D,20150622,000000,32.307,32.307,32.307,32.307,80,0
OTS,D,20150623,000000,32.186,32.186,32.186,32.186,16,0
OTS,D,20150624,000000,32.794,32.915,32.794,32.915,80,0
OTS,D,20150625,000000,32.794,32.794,32.794,32.794,8,0
OTS,D,20150626,000000,32.915,32.915,32.915,32.915,168,0
OTS,D,20150629,000000,32.915,33.158,32.915,32.915,160,0
OTS,D,20150630,000000,33.158,33.158,32.915,32.915,216,0
OTS,D,20150701,000000,33.412,33.412,30.158,30.158,568,0
OTS,D,20150702,000000,30,31.579,30,31.579,816,0
OTS,D,20150703,000000,31.579,31.7,31.579,31.7,120,0
OTS,D,20150707,000000,31.7,31.7,31.7,31.7,32,0
OTS,D,20150708,000000,31.7,31.7,31.7,31.7,408,0
OTS,D,20150709,000000,31.579,31.579,31.579,31.579,496,0
OTS,D,20150713,000000,31.579,31.579,31.579,31.579,248,0
OTS,D,20150715,000000,31.579,31.579,31.579,31.579,32,0
OTS,D,20150716,000000,31.585,33.401,31.585,33.401,1648,0
OTS,D,20150717,000000,32.794,32.794,32.672,32.672,80,0
OTS,D,20150720,000000,32.672,32.672,32.672,32.672,168,0
OTS,D,20150727,000000,32.672,32.672,32.672,32.672,16,0
OTS,D,20150729,000000,32.55,32.55,32.55,32.55,16,0
OTS,D,20150730,000000,32.55,32.794,32.55,32.794,216,0
OTS,D,20150731,000000,32.307,32.794,32.307,32.794,2744,0
OTS,D,20150803,000000,32.915,32.915,32.186,32.186,864,0
OTS,D,20150805,000000,32.794,32.794,32.794,32.794,8248,0
OTS,D,20150807,000000,32.794,33.401,32.794,33.401,10104,0
OTS,D,20150812,000000,32.794,32.794,32.794,32.794,64,0
OTS,D,20150813,000000,32.794,32.794,32.794,32.794,8,0
OTS,D,20150819,000000,33.644,33.765,33.644,33.765,40,0
OTS,D,20150824,000000,33.522,33.522,30.971,31.7,696,0
OTS,D,20150831,000000,31.579,31.585,31.579,31.579,192,0
OTS,D,20150907,000000,32.545,32.55,31.579,31.579,560,0
OTS,D,20150908,000000,31.579,32.794,31.579,31.579,648,0
OTS,D,20150909,000000,31.821,31.821,31.579,31.579,352,0
OTS,D,20150915,000000,31.579,31.579,31.579,31.579,4120,0
OTS,D,20150916,000000,31.33,31.33,31.33,31.33,16,0
OTS,D,20150917,000000,31.215,31.215,30.965,30.965,32,0
OTS,D,20150918,000000,30.729,30.729,30.364,30.364,192,0
OTS,D,20150921,000000,30.425,30.425,30.364,30.364,272,0
OTS,D,20150922,000000,30.364,30.364,30,30,128,0
OTS,D,20150923,000000,30,30.364,30,30.364,416,0
OTS,D,20150929,000000,27.814,27.814,27.814,27.814,8,0
OTS,D,20150930,000000,27.96,28.889,27.935,27.935,2920,0
OTS,D,20151005,000000,27.935,27.935,27.935,27.935,8,0
OTS,D,20151006,000000,28.908,28.908,28.908,28.908,168,0
OTS,D,20151007,000000,28.901,28.908,28.895,28.908,5632,0
OTS,D,20151021,000000,27.935,28.542,27.935,28.542,6552,0
OTS,D,20151023,000000,27.941,27.941,27.941,27.941,8,0
OTS,D,20151026,000000,27.954,27.954,27.954,27.954,80,0
OTS,D,20151029,000000,27.954,27.954,27.954,27.954,40,0
OTS,D,20151102,000000,27.948,27.948,25.779,25.81,1888,0
OTS,D,20151103,000000,25.506,28.056,25.458,25.458,5328,0
OTS,D,20151104,000000,25.506,25.506,25.451,25.451,128,0
OTS,D,20151110,000000,25.451,25.451,23.684,23.684,1376,0
OTS,D,20151112,000000,23.684,23.684,23.684,23.684,96,0
OTS,D,20151116,000000,23.684,23.684,23.078,23.078,592,0
OTS,D,20151126,000000,22.834,22.834,22.834,22.834,80,0
OTS,D,20151127,000000,22.712,22.712,22.712,22.712,8,0
OTS,D,20151130,000000,22.712,22.712,22.591,22.591,336,0
OTS,D,20151201,000000,22.712,22.712,22.141,22.294,384,0
OTS,D,20151202,000000,22.294,22.294,22.141,22.141,376,0
OTS,D,20151203,000000,22.47,22.47,21.62,21.62,1120,0
OTS,D,20151207,000000,21.376,21.376,21.376,21.376,104,0
OTS,D,20151208,000000,20.672,20.672,20.672,20.672,296,0
OTS,D,20151210,000000,21.376,21.376,21.376,21.376,48,0
OTS,D,20151214,000000,21.376,21.376,21.376,21.376,24,0
OTS,D,20151217,000000,21.242,21.255,21.242,21.255,64,0
OTS,D,20151222,000000,21.012,21.012,21.012,21.012,2472,0
OTS,D,20151223,000000,21.006,21.006,21.006,21.006,64,0
OTS,D,20151228,000000,20.951,20.951,20.131,20.131,152,0
OTS,D,20151229,000000,20.405,20.648,20.405,20.648,224,0
OTS,D,20151230,000000,20.672,20.672,20.654,20.654,792,0
OTS,D,20160104,000000,20.654,20.769,20.654,20.769,104,0
OTS,D,20160107,000000,20.891,20.891,18.795,18.795,3168,0
OTS,D,20160108,000000,18.461,18.826,17.854,18.826,2672,0
OTS,D,20160111,000000,18.948,19.311,18.948,19.311,8312,0
OTS,D,20160112,000000,19.372,19.428,19.372,19.428,1072,0
OTS,D,20160113,000000,19.428,19.428,18.832,19.428,696,0
OTS,D,20160115,000000,19.428,19.428,19.428,19.428,1672,0
OTS,D,20160118,000000,18.826,18.826,18.826,18.826,8,0
OTS,D,20160119,000000,18.826,18.826,18.826,18.826,40,0
OTS,D,20160120,000000,19.008,19.008,18.705,18.886,496,0
OTS,D,20160121,000000,18.51,18.51,18.461,18.461,824,0
OTS,D,20160125,000000,18.468,18.765,18.219,18.765,512,0
OTS,D,20160126,000000,18.765,18.765,18.401,18.401,1120,0
OTS,D,20160127,000000,18.522,18.522,18.279,18.461,121640,0
OTS,D,20160128,000000,18.808,19.311,18.808,19.311,136,0
OTS,D,20160129,000000,19.434,19.98,19.251,19.98,44192,0
OTS,D,20160201,000000,19.98,19.98,19.968,19.968,944,0
OTS,D,20160202,000000,19.968,19.968,19.859,19.859,8240,0
OTS,D,20160203,000000,19.961,19.968,19.961,19.968,840,0
OTS,D,20160204,000000,19.986,19.992,19.98,19.992,120,0
OTS,D,20160205,000000,20.029,20.029,19.555,19.676,544,0
OTS,D,20160208,000000,20.029,20.029,19.676,19.676,352,0
OTS,D,20160209,000000,20.04,20.04,19.318,19.798,888,0
OTS,D,20160210,000000,19.791,19.798,19.311,19.798,8336,0
OTS,D,20160211,000000,19.434,19.791,19.311,19.791,184,0
OTS,D,20160212,000000,19.428,19.912,19.428,19.912,784,0
OTS,D,20160215,000000,19.919,19.919,19.912,19.912,72,0
OTS,D,20160216,000000,19.919,19.919,19.919,19.919,16,0
OTS,D,20160217,000000,20.04,20.04,20.04,20.04,8,0
OTS,D,20160218,000000,19.919,19.919,19.919,19.919,8,0
OTS,D,20160219,000000,20.04,20.04,20.04,20.04,16,0
OTS,D,20160222,000000,20.04,20.04,20.04,20.04,168,0
OTS,D,20160223,000000,20.04,20.04,20.04,20.04,8,0
OTS,D,20160224,000000,20.035,20.035,20.035,20.035,8,0
OTS,D,20160225,000000,20.04,20.284,19.919,20.284,384,0
OTS,D,20160226,000000,20.284,20.284,19.555,20.04,1080,0
OTS,D,20160229,000000,20.04,20.04,19.311,19.324,112,0
OTS,D,20160301,000000,19.798,20.454,18.948,19.311,24352,0
OTS,D,20160302,000000,19.98,19.98,19.19,19.19,432,0
OTS,D,20160303,000000,19.98,19.98,19.069,19.069,136,0
OTS,D,20160304,000000,19.98,20.04,19.676,20.04,1200,0
OTS,D,20160307,000000,20.04,20.769,20.04,20.769,536,0
OTS,D,20160308,000000,21.255,21.62,20.362,20.891,1072,0
OTS,D,20160309,000000,21.255,22.47,19.579,20.284,14832,0
OTS,D,20160310,000000,21.68,21.68,20.284,20.284,536,0
OTS,D,20160311,000000,21.134,21.255,20.162,20.162,7888,0
OTS,D,20160314,000000,21.012,22.062,20.248,22.062,528,0
OTS,D,20160315,000000,22.062,22.062,21.012,21.012,440,0
OTS,D,20160316,000000,21.862,21.862,21.012,21.012,280,0
OTS,D,20160317,000000,21.862,24.049,20.83,21.748,1528,0
OTS,D,20160318,000000,21.752,23.915,21.498,22.804,1560,0
OTS,D,20160321,000000,23.078,23.078,22.598,22.598,856,0
OTS,D,20160322,000000,22.804,22.804,22.118,22.628,6112,0
OTS,D,20160323,000000,23.915,23.915,22.226,22.774,9048,0
OTS,D,20160324,000000,22.834,22.834,21.498,22.804,21080,0
OTS,D,20160329,000000,22.834,22.834,22.712,22.834,544,0
OTS,D,20160330,000000,23.32,23.32,21.862,22.834,139504,0
OTS,D,20160331,000000,22.834,23.065,21.862,22.591,97120,0
OTS,D,20160401,000000,22.585,22.585,21.862,21.862,26152,0
OTS,D,20160404,000000,22.47,22.47,21.62,22.342,11664,0
OTS,D,20160405,000000,22.409,22.409,21.862,22.288,13944,0
OTS,D,20160406,000000,22.288,22.288,21.862,22.275,11888,0
OTS,D,20160407,000000,22.572,22.572,22.105,22.105,88,0
OTS,D,20160408,000000,22.572,22.572,21.935,21.96,312,0
OTS,D,20160411,000000,21.941,21.941,21.941,21.941,8,0
OTS,D,20160412,000000,21.941,21.941,21.941,21.941,40,0
OTS,D,20160413,000000,22.166,22.226,22.16,22.226,256,0
OTS,D,20160414,000000,21.984,21.984,21.984,21.984,32,0
OTS,D,20160415,000000,22.585,22.585,21.741,21.741,2232,0
OTS,D,20160418,000000,22.349,22.349,22.342,22.349,328,0
OTS,D,20160419,000000,22.585,22.585,22.585,22.585,8,0
OTS,D,20160420,000000,22.591,22.591,22.591,22.591,560,0
OTS,D,20160421,000000,22.821,22.821,22.816,22.821,216,0
OTS,D,20160422,000000,22.828,22.828,22.828,22.828,112,0
OTS,D,20160425,000000,22.834,22.834,22.712,22.712,384,0
OTS,D,20160426,000000,22.118,22.118,21.984,21.984,80,0
OTS,D,20160427,000000,22.834,22.834,22.712,22.712,32,0
OTS,D,20160428,000000,22.834,22.834,22.834,22.834,8,0
OTS,D,20160429,000000,22.774,22.774,21.984,21.984,48,0
OTS,D,20160502,000000,22.591,22.591,21.996,21.996,16,0
OTS,D,20160504,000000,22.591,22.591,21.984,21.984,248,0
OTS,D,20160505,000000,21.984,21.984,21.862,21.984,256,0
OTS,D,20160506,000000,22.591,22.591,22.579,22.591,152,0
OTS,D,20160509,000000,22.828,22.834,21.869,22.349,1264,0
OTS,D,20160510,000000,22.955,22.955,22.955,22.955,8,0
OTS,D,20160511,000000,22.955,23.071,22.955,23.071,1200,0
OTS,D,20160512,000000,23.078,23.078,22.834,23.078,536,0
OTS,D,20160513,000000,22.834,23.562,22.232,22.712,4152,0
OTS,D,20160516,000000,23.199,23.32,22.47,23.32,1664,0
OTS,D,20160517,000000,23.32,25.506,23.32,25.506,1568,0
OTS,D,20160518,000000,25.992,27.935,25.986,27.304,912,0
OTS,D,20160519,000000,27.692,27.692,26.38,26.721,264,0
OTS,D,20160520,000000,26.721,26.721,26.721,26.721,216,0
OTS,D,20160523,000000,26.721,26.721,26.029,26.029,680,0
OTS,D,20160524,000000,26.721,26.721,26.721,26.721,8,0
OTS,D,20160525,000000,26.715,26.715,26.715,26.715,8,0
OTS,D,20160527,000000,26.709,26.709,26.709,26.709,24,0
OTS,D,20160530,000000,26.715,26.842,25.992,26.114,5656,0
OTS,D,20160531,000000,26.478,26.478,25.749,26.46,2032,0
OTS,D,20160601,000000,26.454,26.454,25.506,26.144,2744,0
OTS,D,20160602,000000,26.138,26.144,25.275,26.144,2080,0
OTS,D,20160603,000000,26.252,26.478,26.252,26.478,712,0
OTS,D,20160606,000000,27.085,27.328,26.478,27.328,488,0
OTS,D,20160607,000000,27.45,27.45,27.45,27.45,16,0
OTS,D,20160608,000000,27.88,27.886,27.814,27.886,56,0
OTS,D,20160609,000000,27.892,27.935,27.892,27.935,16,0
OTS,D,20160610,000000,27.935,28.785,27.935,28.785,1400,0
OTS,D,20160613,000000,29.758,29.758,29.636,29.636,72,0
OTS,D,20160614,000000,29.514,29.758,29.514,29.514,3288,0
OTS,D,20160615,000000,29.636,29.636,29.514,29.514,104,0
OTS,D,20160616,000000,29.624,29.624,28.689,28.689,432,0
OTS,D,20160617,000000,29.624,29.624,28.519,28.519,640,0
OTS,D,20160620,000000,28.458,28.84,28.458,28.84,1680,0
OTS,D,20160621,000000,28.664,28.664,27.935,28.634,896,0
OTS,D,20160622,000000,28.846,28.846,28.846,28.846,880,0
OTS,D,20160623,000000,28.968,29.15,28.421,28.908,1160,0
OTS,D,20160624,000000,28.056,29.15,28.056,29.15,600,0
OTS,D,20160627,000000,29.265,29.265,29.265,29.265,8,0
OTS,D,20160628,000000,29.21,29.392,28.604,29.15,2032,0
OTS,D,20160629,000000,30.364,30.364,28.919,29.15,1920,0
OTS,D,20160630,000000,29.879,29.879,29.15,29.15,2152,0
OTS,D,20160701,000000,29.879,29.879,29.872,29.872,48,0
OTS,D,20160704,000000,29.879,29.879,29.879,29.879,8,0
OTS,D,20160705,000000,29.879,29.879,29.15,29.15,32,0
OTS,D,20160706,000000,29.879,30.121,29.15,30.121,832,0
OTS,D,20160707,000000,30.729,30.729,29.758,29.758,1904,0
OTS,D,20160708,000000,29.758,29.758,29.758,29.758,1712,0
OTS,D,20160711,000000,30.608,30.608,30.608,30.608,8,0
OTS,D,20160712,000000,30.608,30.971,30.601,30.971,608,0
OTS,D,20160713,000000,30.971,31.579,30.425,30.425,1008,0
OTS,D,20160714,000000,30.971,30.971,30.121,30.121,344,0
OTS,D,20160715,000000,30.971,30.971,30.608,30.608,360,0
OTS,D,20160718,000000,30.971,30.971,30.971,30.971,96,0
OTS,D,20160719,000000,30.971,30.971,30,30,720,0
OTS,D,20160720,000000,30.608,30.608,30.608,30.608,8,0
OTS,D,20160721,000000,30.608,30.79,30.608,30.79,80,0
OTS,D,20160722,000000,30.971,30.971,30.971,30.971,24,0
OTS,D,20160725,000000,30.971,30.971,30.971,30.971,8,0
OTS,D,20160726,000000,30.971,30.971,30.971,30.971,8,0
OTS,D,20160727,000000,30.971,30.971,30.971,30.971,8,0
OTS,D,20160728,000000,30.965,30.965,30.729,30.729,248,0
OTS,D,20160729,000000,30.971,30.971,30.729,30.729,584,0
OTS,D,20160801,000000,30.971,30.971,30.971,30.971,8,0
OTS,D,20160802,000000,30.729,30.729,30.729,30.729,8,0
OTS,D,20160803,000000,30.608,30.608,30.608,30.608,8,0
OTS,D,20160804,000000,30.608,30.608,29.758,29.758,16,0
OTS,D,20160805,000000,30.364,30.364,29.758,29.758,88,0
OTS,D,20160808,000000,29.758,29.758,29.758,29.758,24,0
OTS,D,20160809,000000,30.364,30.364,29.758,29.758,344,0
OTS,D,20160810,000000,30.364,30.364,28.968,29.994,376,0
OTS,D,20160811,000000,29.982,30,29.933,30,224,0
OTS,D,20160812,000000,29.625,31.762,29.625,31.75,1152,0
OTS,D,20160816,000000,32,32,32,32,8,0
OTS,D,20160817,000000,32.013,32.013,32.013,32.013,8,0
OTS,D,20160818,000000,31.25,33.112,31.25,33.112,1184,0
OTS,D,20160819,000000,33.125,33.5,31.55,33.5,1672,0
OTS,D,20160822,000000,33.5,33.5,33.5,33.5,112,0
OTS,D,20160823,000000,33.75,33.75,33.75,33.75,8,0
OTS,D,20160824,000000,33.5,35,32.744,35,1592,0
OTS,D,20160825,000000,34.5,35.5,34.5,35.5,272,0
OTS,D,20160826,000000,35.375,35.5,35.375,35.5,152,0
OTS,D,20160829,000000,35.25,35.5,34.188,35.25,1704,0
OTS,D,20160830,000000,35.75,35.75,34.169,34.169,1128,0
OTS,D,20160831,000000,33.75,34.994,33.75,34.994,408,0
OTS,D,20160901,000000,34.994,34.994,31.625,33.75,2000,0
OTS,D,20160902,000000,34.65,34.65,32.5,32.5,2624,0
OTS,D,20160905,000000,33.25,33.25,33.25,33.25,8,0
OTS,D,20160906,000000,32.875,32.875,32.875,32.875,8,0
OTS,D,20160907,000000,32.875,32.875,32.875,32.875,8,0
OTS,D,20160908,000000,32.875,33,31.875,33,800,0
OTS,D,20160909,000000,33.431,33.431,33.431,33.431,8,0
OTS,D,20160912,000000,31.875,33.25,31.875,33.25,336,0
OTS,D,20160913,000000,33.75,33.75,32.744,32.744,472,0
OTS,D,20160914,000000,33.075,33.075,33.075,33.075,8,0
OTS,D,20160915,000000,33.375,33.375,30.762,31.5,2160,0
OTS,D,20160916,000000,31.825,31.825,30.881,31.812,2016,0
OTS,D,20160919,000000,31.812,31.812,31.5,31.625,1664,0
OTS,D,20160920,000000,32,32,31.244,31.25,2088,0
OTS,D,20160921,000000,31.25,32.156,31.25,32.156,760,0
OTS,D,20160922,000000,32.006,33.119,31.612,31.612,2224,0
OTS,D,20160923,000000,32.062,32.062,31.25,31.25,1840,0
OTS,D,20160926,000000,31.5,31.994,31.5,31.994,3200,0
OTS,D,20160927,000000,32,32,31.25,32,2808,0
OTS,D,20160928,000000,32,32.125,31.625,32.125,408,0
OTS,D,20160929,000000,32.125,32.25,31.5,31.5,3688,0
OTS,D,20160930,000000,32.375,32.375,31.25,31.25,24936,0
OTS,D,20161003,000000,31.25,31.375,31.25,31.375,32,0
OTS,D,20161004,000000,31.5,31.5,31.25,31.25,1624,0
OTS,D,20161005,000000,31.375,31.375,31.375,31.375,8,0
OTS,D,20161006,000000,31.375,31.375,31.375,31.375,8,0
OTS,D,20161007,000000,31.375,31.375,31.125,31.25,2008,0
OTS,D,20161010,000000,31.075,31.075,30.875,31,1864,0
OTS,D,20161011,000000,31.5,31.5,28.9,30,2792,0
OTS,D,20161012,000000,29.994,30.25,29.994,30.188,1600,0
OTS,D,20161013,000000,30.125,30.125,30.125,30.125,1608,0
OTS,D,20161014,000000,30.25,30.975,29,30.975,2416,0
OTS,D,20161017,000000,31,31,28.25,28.75,2816,0
OTS,D,20161018,000000,28.875,28.875,27.625,28.75,1464,0
OTS,D,20161019,000000,28.781,28.781,27.994,28.75,1888,0
OTS,D,20161020,000000,28.75,28.75,27.744,28.375,2152,0
OTS,D,20161021,000000,28.625,28.75,27.625,28.75,1880,0
OTS,D,20161024,000000,29.125,29.125,28.175,28.75,4808,0
OTS,D,20161025,000000,28.75,28.75,27.8,27.8,552,0
OTS,D,20161026,000000,28.75,28.75,27.75,27.75,648,0
OTS,D,20161027,000000,28.75,28.75,28.75,28.75,8,0
OTS,D,20161028,000000,28.75,28.75,28.75,28.75,8,0
OTS,D,20161031,000000,28.75,28.75,28.75,28.75,8,0
OTS,D,20161102,000000,28.5,28.5,28.5,28.5,8,0
OTS,D,20161103,000000,28.375,28.375,28.375,28.375,80,0
OTS,D,20161104,000000,28.375,28.375,28.375,28.375,8,0
OTS,D,20161107,000000,28.125,28.125,28.125,28.125,8,0
OTS,D,20161108,000000,28.125,28.125,28.119,28.119,16,0
OTS,D,20161109,000000,27.25,27.25,27.25,27.25,392,0
OTS,D,20161110,000000,27.5,27.5,27.5,27.5,8,0
OTS,D,20161114,000000,27.5,27.5,27.5,27.5,8,0
OTS,D,20161115,000000,27.5,27.5,27.5,27.5,8,0
OTS,D,20161116,000000,27.5,27.5,26.875,26.875,48,0
OTS,D,20161117,000000,26.875,26.875,26.875,26.875,48,0
OTS,D,20161118,000000,26.875,26.875,26.875,26.875,8,0
OTS,D,20161121,000000,26.875,26.875,26.875,26.875,8,0
OTS,D,20161122,000000,26.875,26.875,26.875,26.875,408,0
OTS,D,20161123,000000,27.375,27.375,27.375,27.375,8,0
OTS,D,20161124,000000,27.375,27.375,27.375,27.375,88,0
OTS,D,20161125,000000,27.375,27.375,27.375,27.375,48,0
OTS,D,20161128,000000,27.375,27.375,27.375,27.375,48,0
OTS,D,20161129,000000,27.375,27.375,27.375,27.375,8,0
OTS,D,20161130,000000,27.375,27.375,26.875,26.875,88,0
OTS,D,20161201,000000,26.875,26.875,26.875,26.875,48,0
OTS,D,20161202,000000,27.375,27.375,27.375,27.375,8,0
OTS,D,20161205,000000,27.375,27.375,27.375,27.375,8,0
OTS,D,20161206,000000,27.25,27.25,27.25,27.25,8,0
OTS,D,20161207,000000,27.25,27.25,27.25,27.25,8,0
OTS,D,20161208,000000,27.25,27.25,26.25,26.25,16,0
OTS,D,20161209,000000,27.25,27.25,27.25,27.25,8,0
OTS,D,20161212,000000,27.25,27.25,27.25,27.25,8,0
OTS,D,20161213,000000,27.25,27.25,27.25,27.25,8,0
OTS,D,20161214,000000,27.25,27.25,27.25,27.25,8,0
OTS,D,20161215,000000,27.25,27.25,27.25,27.25,8,0
OTS,D,20161216,000000,27.25,27.25,27.25,27.25,8,0
OTS,D,20161219,000000,27.25,27.25,27.25,27.25,8,0
OTS,D,20161220,000000,27.25,27.375,27.25,27.375,448,0
OTS,D,20161221,000000,27.375,27.375,27.375,27.375,64,0
OTS,D,20161222,000000,27.3688,27.3688,27.3688,27.3688,8,0
OTS,D,20161227,000000,27.82,27.82,26.51,26.51,790,0
OTS,D,20161228,000000,26.51,27,24.4,27,5684,0
OTS,D,20161229,000000,26.51,27.08,25.25,26.95,16948,0
OTS,D,20161230,000000,27.5,27.5,26.01,26.01,11967,0
OTS,D,20170102,000000,27,27,26.77,26.77,12,0
OTS,D,20170103,000000,26.9,26.9,25.8,25.8,34,0
OTS,D,20170104,000000,27,27,25.8,25.8,2899,0
OTS,D,20170105,000000,27,27,25.72,26,3400,0
OTS,D,20170109,000000,26,26,25.8,26,2036,0
OTS,D,20170110,000000,26.49,26.49,25.71,25.8,2319,0
OTS,D,20170111,000000,26.35,26.35,25.6,25.66,2346,0
OTS,D,20170112,000000,26.35,26.35,25.5,25.5,1717,0
OTS,D,20170113,000000,26,26,24.01,24.4,1682,0
OTS,D,20170116,000000,24.5,24.5,22.86,23.59,2051,0
OTS,D,20170117,000000,23.7,23.7,23.01,23.01,2209,0
OTS,D,20170118,000000,24.04,24.04,21.64,21.7,11400,0
OTS,D,20170119,000000,22.9,22.9,19.8,19.8,3643,0
OTS,D,20170120,000000,20.68,20.68,20,20.3,974,0
OTS,D,20170123,000000,20.55,20.6,20,20,1965,0
OTS,D,20170124,000000,20.5,20.5,20,20,269,0
OTS,D,20170125,000000,20.5,20.5,19.7,20,1901,0
OTS,D,20170126,000000,20,20.2,19.6,20,479,0
OTS,D,20170127,000000,20,20,19.85,20,1571,0
OTS,D,20170130,000000,20.2,20.2,19.99,19.99,847,0
OTS,D,20170131,000000,19.92,19.92,19.9,19.9,397,0
OTS,D,20170201,000000,19.92,19.92,19.92,19.92,188,0
OTS,D,20170202,000000,19.92,19.92,19.85,19.92,1433,0
OTS,D,20170203,000000,19.92,19.92,19.92,19.92,468,0
OTS,D,20170206,000000,19.92,19.92,19.92,19.92,838,0
OTS,D,20170207,000000,19.92,20.3,19.92,20.3,1019,0
OTS,D,20170208,000000,20.3,20.3,20.3,20.3,127,0
OTS,D,20170209,000000,20.3,20.3,20.3,20.3,90,0
OTS,D,20170210,000000,20.3,20.3,20.1,20.3,423,0
OTS,D,20170213,000000,20.4,22.22,20.4,21.8,1540,0
OTS,D,20170214,000000,22.22,23.1,22,23,3081,0
OTS,D,20170215,000000,23.1,23.5,23.1,23.5,1672,0
OTS,D,20170216,000000,23.5,23.5,23,23.5,1294,0
OTS,D,20170217,000000,23.7,23.7,22.8,23.68,1763,0
OTS,D,20170220,000000,23.7,23.7,23.68,23.68,100,0
OTS,D,20170221,000000,23.3,23.3,22.8,23.3,120,0
OTS,D,20170222,000000,23.8,23.8,22.3,22.8,1075,0
OTS,D,20170223,000000,22.8,24,22.5,22.5,5158,0
OTS,D,20170224,000000,22.8,24,22.2,23.7,8072,0
OTS,D,20170227,000000,23.85,25.5,23.5,24.9,2915,0
OTS,D,20170228,000000,24.9,24.9,24.5,24.5,260,0
OTS,D,20170301,000000,24.9,25,24.89,25,4303,0
OTS,D,20170302,000000,25,25.29,24.99,25.1,3165,0
OTS,D,20170303,000000,25.3,25.3,25,25.29,124,0
OTS,D,20170306,000000,25.29,25.3,25.29,25.3,358,0
OTS,D,20170307,000000,25.3,25.3,25.1,25.1,101,0
OTS,D,20170308,000000,25.29,25.29,25.2,25.2,203,0
OTS,D,20170309,000000,25.15,25.15,24.2,24.2,837,0
OTS,D,20170310,000000,24.7,24.7,24.2,24.2,4,0
OTS,D,20170313,000000,24.7,24.7,24.1,24.69,553,0
OTS,D,20170314,000000,24.7,24.9,24.5,24.5,168,0
OTS,D,20170315,000000,24.5,24.5,24.5,24.5,2,0
OTS,D,20170316,000000,24.81,24.81,24.1,24.1,321,0
OTS,D,20170317,000000,24.5,24.5,22.77,22.79,1195,0
OTS,D,20170320,000000,23.11,23.21,23.11,23.21,216,0
OTS,D,20170321,000000,23.8,23.8,23.1,23.1,331,0
OTS,D,20170322,000000,23.08,23.08,22.79,22.79,206,0
OTS,D,20170323,000000,22.7,22.7,22.67,22.67,751,0
OTS,D,20170324,000000,22.67,22.67,22.2,22.2,506,0
OTS,D,20170327,000000,22.7,22.7,22.68,22.7,301,0
OTS,D,20170328,000000,22.7,22.7,22.7,22.7,1,0
OTS,D,20170329,000000,22.7,22.7,22.7,22.7,1,0
OTS,D,20170330,000000,22.5,22.5,22,22,12390,0
OTS,D,20170331,000000,22.5,22.5,22.49,22.49,21,0
OTS,D,20170403,000000,22.5,22.5,22.49,22.49,47,0
OTS,D,20170404,000000,22.5,22.7,22.49,22.7,318,0
OTS,D,20170405,000000,22.7,22.7,22.7,22.7,1,0
OTS,D,20170406,000000,22.7,22.7,22.22,22.22,9,0
OTS,D,20170407,000000,22.7,22.7,22.69,22.69,258,0
OTS,D,20170410,000000,22.7,22.7,22.5,22.5,171,0
OTS,D,20170411,000000,22.5,22.5,22.22,22.22,43,0
OTS,D,20170412,000000,22.2,22.22,22.2,22.22,71,0
OTS,D,20170413,000000,22.5,22.5,22.5,22.5,2,0
OTS,D,20170418,000000,22.5,22.5,22,22,211,0
OTS,D,20170419,000000,22.5,22.5,22.5,22.5,2,0
OTS,D,20170420,000000,22.48,22.48,21.82,21.82,22,0
OTS,D,20170421,000000,22.48,22.48,22.48,22.48,1,0
OTS,D,20170424,000000,22.48,22.48,22.47,22.47,21,0
OTS,D,20170425,000000,22.48,22.48,22.48,22.48,1,0
OTS,D,20170426,000000,22.48,22.48,22.4,22.4,41,0
OTS,D,20170427,000000,22.48,22.48,22.48,22.48,1,0
OTS,D,20170428,000000,22.1,22.1,21.81,21.81,835,0
OTS,D,20170502,000000,22.5,22.5,22.5,22.5,2,0
OTS,D,20170504,000000,22.5,22.5,22.5,22.5,1,0
OTS,D,20170505,000000,22.1,22.1,22.1,22.1,44,0
OTS,D,20170508,000000,22.3,22.3,22.3,22.3,1,0
OTS,D,20170509,000000,22.3,22.3,22.1,22.1,49,0
OTS,D,20170510,000000,22.24,22.24,22.24,22.24,6,0
OTS,D,20170511,000000,22.24,22.24,21.81,21.81,201,0
OTS,D,20170512,000000,22.24,22.24,22,22,5201,0
OTS,D,20170515,000000,22.24,22.24,22,22,1291,0
OTS,D,20170516,000000,21.8,22,21.8,22,219,0
OTS,D,20170517,000000,22.24,22.24,22.24,22.24,1,0
OTS,D,20170518,000000,22.24,22.24,22,22,245,0
OTS,D,20170519,000000,22.24,22.24,22.24,22.24,1,0
OTS,D,20170522,000000,22.24,22.24,22,22,4501,0
OTS,D,20170523,000000,22.24,22.24,22.24,22.24,1,0
OTS,D,20170524,000000,22.24,22.24,22.24,22.24,1,0
OTS,D,20170525,000000,22.24,22.24,22,22.24,4019,0
OTS,D,20170526,000000,22.24,22.24,22.01,22.24,307,0
OTS,D,20170529,000000,22.5,22.5,22.01,22.01,45,0
OTS,D,20170530,000000,22.5,22.5,22.5,22.5,1,0
OTS,D,20170531,000000,22.5,22.5,22.5,22.5,1,0
OTS,D,20170601,000000,22,22,22,22,16050,0
OTS,D,20170602,000000,22,22,21.4,21.4,1222,0
OTS,D,20170605,000000,21.7,21.7,21.7,21.7,1,0
OTS,D,20170606,000000,21.69,21.69,20,20.6,1881,0
OTS,D,20170607,000000,20.6,21.6,19.51,21.6,1107,0
OTS,D,20170608,000000,20.8,20.8,20.8,20.8,1,0
OTS,D,20170609,000000,20.79,20.79,20.79,20.79,25,0
OTS,D,20170612,000000,20.8,20.8,20.8,20.8,1,0
OTS,D,20170613,000000,20.8,20.8,20.8,20.8,1,0
OTS,D,20170614,000000,20.2,20.8,20.2,20.8,102,0
OTS,D,20170616,000000,20.77,20.77,20.77,20.77,85,0
OTS,D,20170619,000000,20.8,20.8,20.8,20.8,1,0
OTS,D,20170620,000000,20.75,20.75,20.75,20.75,30,0
OTS,D,20170621,000000,20.75,20.75,20.75,20.75,1,0
OTS,D,20170622,000000,20.8,20.8,20.2,20.75,116,0
OTS,D,20170623,000000,20.75,20.75,20.75,20.75,1,0
OTS,D,20170626,000000,20.75,20.75,20.75,20.75,1,0
OTS,D,20170627,000000,20.75,20.75,20.75,20.75,1,0
OTS,D,20170628,000000,20.75,20.77,20.75,20.77,64,0
OTS,D,20170629,000000,20.77,20.77,20.77,20.77,40,0
OTS,D,20170630,000000,20.8,20.8,20.8,20.8,1,0
OTS,D,20170703,000000,20.8,20.8,20.77,20.77,97,0
OTS,D,20170704,000000,20.8,20.8,20.8,20.8,1,0
OTS,D,20170705,000000,20.8,20.8,20.8,20.8,1,0
OTS,D,20170706,000000,20.8,20.8,20.77,20.77,3,0
OTS,D,20170707,000000,20.8,20.8,20.8,20.8,1,0
OTS,D,20170710,000000,20.77,20.79,20.77,20.79,220,0
OTS,D,20170711,000000,20.8,20.8,20.8,20.8,2,0
OTS,D,20170712,000000,20.78,20.8,20.78,20.8,477,0
OTS,D,20170713,000000,20.8,20.8,20.79,20.79,226,0
OTS,D,20170714,000000,20.8,20.8,20.8,20.8,15,0
OTS,D,20170717,000000,20.8,20.8,20.41,20.8,215,0
OTS,D,20170718,000000,20.8,20.8,20.8,20.8,946,0
OTS,D,20170719,000000,21,21,20.5,20.5,100,0
OTS,D,20170720,000000,21,21,21,21,161,0
OTS,D,20170721,000000,21,22.5,21,21.72,405,0
OTS,D,20170724,000000,21.48,21.48,21.48,21.48,1,0
OTS,D,20170725,000000,21,21.3,20.53,21,270,0
OTS,D,20170726,000000,21,21,21,21,1,0
OTS,D,20170727,000000,21,21.48,21,21.48,74,0
OTS,D,20170728,000000,21.36,21.36,21.36,21.36,74,0
OTS,D,20170731,000000,21.36,21.36,21.36,21.36,1,0
OTS,D,20170801,000000,21,21,21,21,651,0
OTS,D,20170802,000000,21,21,21,21,2668,0
OTS,D,20170803,000000,21.48,21.48,21.48,21.48,10,0
OTS,D,20170804,000000,21.48,21.48,21.48,21.48,1,0
OTS,D,20170807,000000,21.48,21.68,21.41,21.41,657,0
OTS,D,20170808,000000,22,22,22,22,126,0
OTS,D,20170809,000000,22,22,22,22,1,0
OTS,D,20170810,000000,22,22,22,22,6,0
OTS,D,20170811,000000,22,22,22,22,1,0
OTS,D,20170814,000000,22,22,22,22,1,0
OTS,D,20170816,000000,22,22,22,22,1,0
OTS,D,20170817,000000,22,22,21.5,21.5,180,0
OTS,D,20170818,000000,22,22,21.5,21.5,301,0
OTS,D,20170821,000000,22,22,22,22,1,0
OTS,D,20170822,000000,22,22,22,22,1,0
OTS,D,20170823,000000,22,22,22,22,19,0
OTS,D,20170824,000000,21.99,21.99,21,21,12509,0
OTS,D,20170825,000000,21.35,21.35,21.34,21.34,5,0
OTS,D,20170828,000000,21.35,21.35,21.35,21.35,2,0
OTS,D,20170829,000000,21.34,21.34,21,21.34,91,0
OTS,D,20170830,000000,21.35,21.35,21.35,21.35,1,0
OTS,D,20170831,000000,21.35,21.35,21.35,21.35,1,0
OTS,D,20170901,000000,21.35,21.35,21.34,21.34,51,0
OTS,D,20170904,000000,21.01,21.01,21.01,21.01,550,0
OTS,D,20170905,000000,21.35,21.35,21.01,21.01,5,0
OTS,D,20170906,000000,21.52,21.52,21.01,21.01,5,0
OTS,D,20170907,000000,21.52,21.52,21.52,21.52,1,0
OTS,D,20170908,000000,21.52,21.52,21.51,21.51,13,0
OTS,D,20170911,000000,21.52,21.52,21.52,21.52,1,0
OTS,D,20170912,000000,21.52,21.52,21.52,21.52,1,0
OTS,D,20170913,000000,21.52,21.52,21.51,21.52,612,0
OTS,D,20170914,000000,21.7,21.7,21.69,21.69,36,0
OTS,D,20170915,000000,21.7,21.7,21.7,21.7,1,0
OTS,D,20170918,000000,21.7,21.7,21.6,21.6,168,0
OTS,D,20170919,000000,21.7,21.7,21.7,21.7,1,0
OTS,D,20170920,000000,21.7,21.7,21.1,21.7,58,0
OTS,D,20170921,000000,21.7,21.7,21.7,21.7,1,0
OTS,D,20170922,000000,21.7,21.7,21.7,21.7,395,0
OTS,D,20170925,000000,21.99,21.99,21.73,21.73,349,0
OTS,D,20170926,000000,21.99,21.99,21.99,21.99,24,0
OTS,D,20170927,000000,22,22.2,22,22,2318,0
OTS,D,20170928,000000,22.2,22.2,22.2,22.2,2,0
OTS,D,20170929,000000,22.2,22.2,22.2,22.2,99,0
OTS,D,20171002,000000,22.2,22.2,22.2,22.2,301,0
OTS,D,20171003,000000,22.5,22.6,22.5,22.6,175,0
OTS,D,20171004,000000,22.82,22.82,22.75,22.75,347,0
OTS,D,20171005,000000,22.84,23.5,22.84,23.22,1562,0
OTS,D,20171006,000000,23.7,23.7,23.7,23.7,1,0
OTS,D,20171009,000000,23.57,23.57,23.57,23.57,155,0
OTS,D,20171010,000000,23.58,23.58,23.58,23.58,1,0
OTS,D,20171011,000000,23.58,23.58,23,23,802,0
OTS,D,20171012,000000,23.58,23.58,23,23.58,14,0
OTS,D,20171013,000000,23.58,23.58,23,23.58,202,0
OTS,D,20171016,000000,23.58,23.58,23.58,23.58,1,0
OTS,D,20171017,000000,23.58,23.58,23,23.58,212,0
OTS,D,20171018,000000,23.58,23.58,23.58,23.58,1,0
OTS,D,20171019,000000,23.56,23.56,23.56,23.56,1,0
OTS,D,20171020,000000,23.56,23.56,23,23,971,0
OTS,D,20171023,000000,23.56,23.56,23.56,23.56,1,0
OTS,D,20171024,000000,23.56,23.56,23,23,1888,0
OTS,D,20171025,000000,23.3,23.3,23,23,218,0
OTS,D,20171026,000000,23.3,23.3,23.3,23.3,1,0
OTS,D,20171027,000000,23,23.3,23,23.3,52,0
OTS,D,20171030,000000,23.3,23.3,23.3,23.3,1,0
OTS,D,20171031,000000,23.3,23.3,23,23,2786,0
OTS,D,20171102,000000,23.3,23.31,22.61,23.31,36,0
OTS,D,20171103,000000,23.31,23.31,23.31,23.31,1,0
OTS,D,20171106,000000,23,23,23,23,1,0
OTS,D,20171107,000000,23,23,23,23,1,0
OTS,D,20171108,000000,23,23,23,23,1,0
OTS,D,20171109,000000,23,23,23,23,1,0
OTS,D,20171110,000000,22.8,22.8,22.2,22.5,290,0
OTS,D,20171113,000000,22.5,22.5,22.5,22.5,1,0
OTS,D,20171114,000000,22.49,22.49,22.49,22.49,93,0
OTS,D,20171115,000000,22.45,22.45,22.1,22.3,409,0
OTS,D,20171116,000000,22.49,22.49,22.49,22.49,65,0
OTS,D,20171117,000000,22.4,22.4,22.4,22.4,1,0
OTS,D,20171120,000000,22.4,22.4,22.4,22.4,1,0
OTS,D,20171121,000000,22.4,22.4,22.3,22.4,156,0
OTS,D,20171122,000000,22.9,22.9,21.75,22.9,363,0
OTS,D,20171123,000000,22.45,22.45,22.45,22.45,1,0
OTS,D,20171124,000000,22.45,22.45,21.65,22.45,284,0
OTS,D,20171127,000000,22.1,22.1,22.1,22.1,1,0
OTS,D,20171128,000000,22.1,22.1,22.1,22.1,1,0
OTS,D,20171129,000000,22.1,22.1,22.1,22.1,1,0
OTS,D,20171130,000000,22.1,22.1,22.1,22.1,1,0
OTS,D,20171201,000000,22.1,22.1,22.1,22.1,1,0
OTS,D,20171204,000000,22.1,22.1,22.1,22.1,1,0
OTS,D,20171205,000000,22.1,22.1,21.6,21.6,3,0
OTS,D,20171206,000000,21.9,21.9,21.9,21.9,1,0
OTS,D,20171207,000000,21.9,21.9,21.9,21.9,1,0
OTS,D,20171208,000000,21.9,21.9,21.9,21.9,23,0
OTS,D,20171211,000000,21.9,21.9,21.6,21.6,26,0
OTS,D,20171212,000000,21.9,21.9,21.39,21.39,883,0
OTS,D,20171213,000000,21.42,21.42,21.4,21.4,45,0
OTS,D,20171214,000000,21.4,21.4,21.4,21.4,1,0
OTS,D,20171215,000000,21.4,21.4,21.4,21.4,94,0
OTS,D,20171218,000000,21.4,21.4,21.4,21.4,12,0
OTS,D,20171219,000000,21.4,21.4,21.4,21.4,20,0
OTS,D,20171220,000000,21.42,21.42,21,21.42,39,0
OTS,D,20171221,000000,21.42,21.42,21.42,21.42,13,0
OTS,D,20171222,000000,21.42,21.42,21.42,21.42,1,0
OTS,D,20171227,000000,21.42,21.42,21,21,905,0
OTS,D,20171228,000000,21.42,21.42,21.42,21.42,1,0
OTS,D,20171229,000000,21.45,21.45,21.45,21.45,71,0
OTS,D,20180103,000000,22,22,21,21,25,0
OTS,D,20180104,000000,21.6,21.6,21.6,21.6,1,0
OTS,D,20180105,000000,21.6,21.8,21.6,21.8,42,0
OTS,D,20180108,000000,21.8,21.8,21.8,21.8,1,0
OTS,D,20180109,000000,21.8,21.8,21.8,21.8,1,0
OTS,D,20180110,000000,21.4,21.4,21.2,21.2,3,0
OTS,D,20180111,000000,21.4,21.4,21.4,21.4,21,0
OTS,D,20180112,000000,21.8,21.8,21.8,21.8,1,0
OTS,D,20180115,000000,21.8,21.8,21.8,21.8,1,0
OTS,D,20180116,000000,21.8,21.8,21.2,21.2,31,0
OTS,D,20180117,000000,21.8,21.8,21.6,21.6,52,0
OTS,D,20180118,000000,21.8,21.8,21.6,21.8,53,0
OTS,D,20180119,000000,21.8,21.8,21.8,21.8,1,0
OTS,D,20180122,000000,21.8,21.8,21.2,21.2,185,0
OTS,D,20180123,000000,21.2,21.2,21.2,21.2,149,0
OTS,D,20180124,000000,22,22,22,22,1,0
OTS,D,20180125,000000,22,22,22,22,1,0
OTS,D,20180126,000000,22,22,22,22,1,0
OTS,D,20180129,000000,22,22,22,22,1,0
OTS,D,20180130,000000,22,22,22,22,1,0
OTS,D,20180131,000000,21.8,21.8,21.4,21.4,18,0
OTS,D,20180201,000000,21.4,21.4,21.4,21.4,1,0
OTS,D,20180202,000000,21.4,21.4,21,21,14,0
OTS,D,20180205,000000,21.8,21.8,21.8,21.8,1,0
OTS,D,20180206,000000,21,21,21,21,406,0
OTS,D,20180207,000000,21.8,21.8,21.8,21.8,1,0
OTS,D,20180208,000000,21.6,21.6,21.6,21.6,63,0
OTS,D,20180209,000000,21.8,21.8,21.8,21.8,1,0
OTS,D,20180212,000000,21.8,21.8,21,21,308,0
OTS,D,20180213,000000,21.8,21.8,21.6,21.6,27,0
OTS,D,20180214,000000,21.8,21.8,21,21,27567,0
OTS,D,20180215,000000,21,21,20.6,20.6,1180,0
OTS,D,20180216,000000,20.8,20.8,20,20,51,0
OTS,D,20180220,000000,20.8,20.8,20,20,81,0
OTS,D,20180221,000000,20,20,20,20,10,0
OTS,D,20180222,000000,20.8,20.8,20.8,20.8,1,0
OTS,D,20180223,000000,20.8,20.8,20.8,20.8,1,0
OTS,D,20180226,000000,20.8,20.8,20,20,46,0
OTS,D,20180227,000000,20.8,20.8,20.8,20.8,1,0
OTS,D,20180228,000000,20.6,20.6,20.6,20.6,1,0
OTS,D,20180301,000000,20.6,20.6,20.6,20.6,20,0
OTS,D,20180302,000000,20.8,20.8,20.8,20.8,1,0
OTS,D,20180305,000000,20.8,20.8,20,20,5,0
OTS,D,20180306,000000,20.8,20.8,20.2,20.2,84,0
OTS,D,20180307,000000,20.8,20.8,20.8,20.8,1,0
OTS,D,20180308,000000,20.8,20.8,20.8,20.8,1,0
OTS,D,20180309,000000,20.8,20.8,20.8,20.8,1,0
OTS,D,20180312,000000,20.8,20.8,20.8,20.8,7,0
OTS,D,20180313,000000,20.8,20.8,20.8,20.8,1,0
OTS,D,20180314,000000,20.8,20.8,20.6,20.6,120,0
OTS,D,20180315,000000,20.8,20.8,20.8,20.8,1,0
OTS,D,20180316,000000,20.8,20.8,20.8,20.8,3,0
OTS,D,20180319,000000,20.8,20.8,20.8,20.8,2,0
OTS,D,20180320,000000,20.8,20.8,20.8,20.8,1,0
OTS,D,20180321,000000,20.8,20.8,20.8,20.8,1,0
OTS,D,20180322,000000,20.8,20.8,20.8,20.8,1,0
OTS,D,20180323,000000,20.8,20.8,20.8,20.8,1,0
OTS,D,20180326,000000,20.8,20.8,20.6,20.6,11,0
OTS,D,20180327,000000,20.8,20.8,20.8,20.8,1,0
OTS,D,20180328,000000,20.8,20.8,20,20,21,0
OTS,D,20180329,000000,20.6,20.6,20.6,20.6,1,0
OTS,D,20180403,000000,20.6,20.6,19.7,20.4,1002,0
OTS,D,20180404,000000,20.4,20.4,19.7,20.4,198,0
OTS,D,20180405,000000,20.2,20.2,20.2,20.2,100,0
OTS,D,20180406,000000,20.4,20.4,20.4,20.4,1,0
OTS,D,20180409,000000,20.4,20.4,20.4,20.4,1,0
OTS,D,20180410,000000,20.4,20.4,20.4,20.4,1,0
OTS,D,20180411,000000,20.4,20.4,20.4,20.4,1,0
OTS,D,20180412,000000,20.4,20.4,20.4,20.4,1,0
OTS,D,20180413,000000,20.2,20.2,20,20,119,0
OTS,D,20180416,000000,19.9,19.9,19.8,19.8,89,0
OTS,D,20180417,000000,19.9,19.9,19.9,19.9,1,0
OTS,D,20180418,000000,19.9,19.9,19.9,19.9,302,0
OTS,D,20180419,000000,19.9,19.9,19.9,19.9,1,0
OTS,D,20180420,000000,19.9,19.9,19.9,19.9,2,0
OTS,D,20180423,000000,19.9,19.9,19.9,19.9,2,0
OTS,D,20180424,000000,19.9,19.9,19.9,19.9,1,0
OTS,D,20180425,000000,19.9,19.9,19.7,19.7,246,0
OTS,D,20180426,000000,19.6,19.6,19.6,19.6,72,0
OTS,D,20180427,000000,19.6,19.6,19.6,19.6,1,0
OTS,D,20180430,000000,19.6,19.6,19.6,19.6,101,0
OTS,D,20180502,000000,19.6,19.6,19.6,19.6,101,0
OTS,D,20180504,000000,19.6,19.6,19.6,19.6,1,0
OTS,D,20180507,000000,19.8,19.8,19.8,19.8,1,0
OTS,D,20180508,000000,19.8,19.8,19.8,19.8,1,0
OTS,D,20180509,000000,19.5,19.5,19.5,19.5,114,0
OTS,D,20180510,000000,19.8,19.8,19.8,19.8,1,0
OTS,D,20180511,000000,19.8,19.8,19.1,19.1,41,0
OTS,D,20180514,000000,19.8,19.8,19.8,19.8,1,0
OTS,D,20180515,000000,19.8,19.8,19.7,19.7,3,0
OTS,D,20180516,000000,19.5,19.5,18.1,18.1,1537,0
OTS,D,20180517,000000,18.6,18.6,18.6,18.6,1,0
OTS,D,20180518,000000,18.6,18.6,18.6,18.6,1,0
OTS,D,20180521,000000,18.6,18.6,18.6,18.6,1,0
OTS,D,20180522,000000,18.1,18.1,18.1,18.1,1,0
OTS,D,20180523,000000,18.5,18.5,18.5,18.5,1,0
OTS,D,20180524,000000,18.3,18.9,16.5,18.7,1094,0
OTS,D,20180525,000000,18.7,18.7,17.5,18.3,3,0
OTS,D,20180528,000000,17.5,18.3,17.5,18,597,0
OTS,D,20180529,000000,18,18,17.5,18,452,0
OTS,D,20180530,000000,17.5,17.5,17.5,17.5,1,0
OTS,D,20180601,000000,17.5,17.5,16.7,17.5,600,0
OTS,D,20180604,000000,17,17,16.5,17,46,0
OTS,D,20180605,000000,17,17,17,17,1,0
OTS,D,20180607,000000,17,17,17,17,1,0
OTS,D,20180608,000000,17,17,17,17,1,0
OTS,D,20180611,000000,16.9,16.9,16.9,16.9,1,0
OTS,D,20180612,000000,17,17,16.9,16.9,13,0
OTS,D,20180613,000000,17,17,16.9,16.9,51,0
OTS,D,20180614,000000,16.9,16.9,16.9,16.9,1,0
OTS,D,20180615,000000,16.9,16.9,16.9,16.9,1,0
OTS,D,20180618,000000,16.9,16.9,16.9,16.9,1,0
OTS,D,20180619,000000,16.9,16.9,15.5,16.1,981,0
OTS,D,20180620,000000,16.1,16.1,16.1,16.1,26,0
OTS,D,20180621,000000,16.2,16.2,16.2,16.2,1,0
OTS,D,20180622,000000,16.1,16.1,15.9,15.9,201,0
OTS,D,20180625,000000,15.9,15.9,15.9,15.9,1,0
OTS,D,20180626,000000,16.2,16.2,16.2,16.2,1,0
OTS,D,20180627,000000,16,16.2,16,16.2,55,0
OTS,D,20180628,000000,16.2,16.2,15.9,15.9,17,0
OTS,D,20180629,000000,16.2,16.2,16,16,11,0
OTS,D,20180702,000000,15.9,15.9,15.9,15.9,1,0
OTS,D,20180703,000000,15.9,15.9,15.9,15.9,32,0
OTS,D,20180704,000000,15.9,15.9,15.9,15.9,1,0
OTS,D,20180705,000000,15.9,15.9,15.9,15.9,1,0
OTS,D,20180706,000000,15.9,15.9,15.9,15.9,1,0
OTS,D,20180709,000000,15.9,16,15.9,16,2,0
OTS,D,20180710,000000,15.9,15.9,15.9,15.9,1,0
OTS,D,20180711,000000,15.9,15.9,15.9,15.9,1,0
OTS,D,20180712,000000,15.9,15.9,15.9,15.9,19,0
OTS,D,20180713,000000,15.9,15.9,15.9,15.9,1,0
OTS,D,20180716,000000,15.9,15.9,15.9,15.9,1,0
OTS,D,20180717,000000,15.9,15.9,15.9,15.9,1,0
OTS,D,20180718,000000,15.9,15.9,15.9,15.9,49,0
OTS,D,20180719,000000,16,16,16,16,1,0
OTS,D,20180720,000000,16,16,15.9,16,52,0
OTS,D,20180723,000000,16,16,16,16,1,0
OTS,D,20180724,000000,16,16,16,16,1,0
OTS,D,20180725,000000,15.9,15.9,15.9,15.9,1,0
OTS,D,20180726,000000,15.5,15.5,15.5,15.5,32,0
OTS,D,20180727,000000,15.9,15.9,15.9,15.9,1,0
OTS,D,20180730,000000,15.9,15.9,15.9,15.9,1,0
OTS,D,20180731,000000,16,16,16,16,1,0
OTS,D,20180801,000000,16,16,16,16,30,0
OTS,D,20180802,000000,16.2,17,16,16.2,1790,0
OTS,D,20180803,000000,16.1,16.1,16.1,16.1,1,0
OTS,D,20180806,000000,16.1,16.1,16.1,16.1,1,0
OTS,D,20180807,000000,16.1,16.1,16.1,16.1,71,0
OTS,D,20180808,000000,16.1,16.1,15.7,15.7,965,0
OTS,D,20180809,000000,15.8,15.8,15.8,15.8,1,0
OTS,D,20180810,000000,15.8,15.8,15.8,15.8,21,0
OTS,D,20180813,000000,15.8,15.8,15.8,15.8,1,0
OTS,D,20180814,000000,15.8,15.8,15.8,15.8,1,0
OTS,D,20180816,000000,15.8,15.8,15.8,15.8,1,0
OTS,D,20180817,000000,15.8,15.8,15.8,15.8,1,0
OTS,D,20180820,000000,15.8,15.8,15.5,15.5,158,0
OTS,D,20180821,000000,15.8,15.8,15.8,15.8,1,0
OTS,D,20180822,000000,15.8,15.8,15.3,15.3,1537,0
OTS,D,20180823,000000,15,15,15,15,40,0
OTS,D,20180824,000000,15.1,15.1,15.1,15.1,7,0
OTS,D,20180827,000000,15.1,15.1,15.1,15.1,1,0
OTS,D,20180828,000000,15.1,15.1,15,15,11,0
OTS,D,20180829,000000,15.1,15.1,15,15,27,0
OTS,D,20180830,000000,14.9,15,14.9,15,2,0
OTS,D,20180831,000000,15,15,15,15,1,0
OTS,D,20180903,000000,15,15,14.7,14.7,1551,0
OTS,D,20180904,000000,14.5,14.5,14.5,14.5,2,0
OTS,D,20180905,000000,14.5,14.5,14.5,14.5,1,0
OTS,D,20180906,000000,14.5,14.5,14.5,14.5,1,0
OTS,D,20180907,000000,14,14,14,14,200,0
OTS,D,20180910,000000,14,14,13.8,13.8,221,0
OTS,D,20180911,000000,14,14,14,14,1,0
OTS,D,20180912,000000,13.7,15,13.4,14,4354,0
OTS,D,20180913,000000,14.2,14.4,14.1,14.4,1401,0
OTS,D,20180914,000000,14.5,14.5,14.5,14.5,1,0
OTS,D,20180917,000000,14.5,14.5,14.5,14.5,1,0
OTS,D,20180918,000000,14.5,14.5,14.5,14.5,20,0
OTS,D,20180919,000000,14.5,14.5,14.5,14.5,1,0
OTS,D,20180920,000000,14.6,14.6,14.6,14.6,1,0
OTS,D,20180921,000000,14.6,14.6,14.6,14.6,1,0
OTS,D,20180924,000000,14.5,14.5,14.5,14.5,1,0
OTS,D,20180925,000000,14.6,14.6,14.1,14.5,197,0
OTS,D,20180926,000000,14,14,14,14,1,0
OTS,D,20180927,000000,14,14,13.9,13.9,1631,0
OTS,D,20180928,000000,13.9,13.9,13.4,13.4,37,0
OTS,D,20181001,000000,14,14,13.3,13.3,1707,0
OTS,D,20181002,000000,12.9,12.9,11.7,11.7,1765,0
OTS,D,20181003,000000,12,12,10.7,11.2,1160,0
OTS,D,20181004,000000,10.1,11.1,10.1,10.9,600,0
OTS,D,20181005,000000,11.2,11.2,11.2,11.2,1,0
OTS,D,20181008,000000,11.2,11.2,11,11,3760,0
OTS,D,20181009,000000,10.1,10.1,10.1,10.1,1040,0
OTS,D,20181010,000000,10.6,10.6,9.55,9.7,2265,0
OTS,D,20181011,000000,9.4,9.4,8.5,8.9,4178,0
OTS,D,20181012,000000,9.3,9.3,9.3,9.3,1,0
OTS,D,20181015,000000,8.75,8.75,7.9,8.75,352,0
OTS,D,20181016,000000,8,8,7.4,7.4,2490,0
OTS,D,20181017,000000,7.7,8.6,7.6,7.6,3251,0
OTS,D,20181018,000000,7.6,7.6,7.45,7.6,3500,0
OTS,D,20181019,000000,7.45,7.45,6.8,7,8956,0
OTS,D,20181022,000000,7,7,6.5,6.65,5626,0
OTS,D,20181023,000000,6.8,6.85,6.8,6.85,122,0
OTS,D,20181024,000000,6.85,6.85,6.85,6.85,1,0
OTS,D,20181025,000000,6.55,6.8,6.5,6.5,5304,0
OTS,D,20181026,000000,6.7,6.7,6.4,6.7,4003,0
OTS,D,20181029,000000,6.4,6.4,6,6.1,4000,0
OTS,D,20181030,000000,6.1,6.1,5.7,5.7,6098,0
OTS,D,20181031,000000,5.7,5.7,5.7,5.7,1160,0
OTS,D,20181102,000000,5.6,5.6,5.05,5.05,4553,0
OTS,D,20181105,000000,5.05,5.05,5,5.05,2004,0
OTS,D,20181106,000000,5.05,5.05,4.56,4.56,1050,0
OTS,D,20181107,000000,4.54,4.54,3.86,3.98,7038,0
OTS,D,20181108,000000,4,4,3.92,4,35353,0
OTS,D,20181109,000000,4,4,3.96,4,10808,0
OTS,D,20181113,000000,4.4,4.4,3.96,3.96,39305,0
OTS,D,20181114,000000,4.34,4.34,3.82,3.82,4833,0
OTS,D,20181115,000000,3.82,3.82,3.34,3.4,6722,0
OTS,D,20181116,000000,3.4,3.4,3.08,3.4,6973,0
OTS,D,20181119,000000,3.2,3.4,3.06,3.3,12454,0
OTS,D,20181120,000000,3.3,3.3,3.12,3.14,8210,0
OTS,D,20181121,000000,3.36,3.36,3.04,3.06,3533,0
OTS,D,20181122,000000,3.16,3.18,2.86,3.16,18993,0
OTS,D,20181123,000000,3.18,3.28,3.16,3.16,8510,0
OTS,D,20181126,000000,3.16,3.72,3.1,3.7,14340,0
OTS,D,20181127,000000,4.06,4.46,4.06,4.3,7189,0
OTS,D,20181128,000000,4.6,5,4.4,4.6,4674,0
OTS,D,20181129,000000,4.6,5.25,4.58,5.1,15332,0
OTS,D,20181130,000000,5.3,6.1,5.1,5.5,24408,0
OTS,D,20181203,000000,5.55,5.95,4.98,5.4,2885,0
OTS,D,20181204,000000,5.4,5.4,4.86,4.86,3612,0
OTS,D,20181205,000000,5.25,5.25,4.34,4.88,2498,0
OTS,D,20181206,000000,4.68,4.8,4.28,4.8,1173,0
OTS,D,20181207,000000,4.32,4.96,4.32,4.68,3518,0
OTS,D,20181210,000000,4.78,4.78,4.32,4.74,3434,0
OTS,D,20181211,000000,5.2,5.2,4.6,4.98,2420,0
OTS,D,20181212,000000,5.3,5.3,4.78,4.9,1649,0
OTS,D,20181213,000000,4.9,4.9,4.5,4.7,597,0
OTS,D,20181214,000000,5,5,4.5,5,1013,0
OTS,D,20181218,000000,4.96,4.96,4.48,4.48,400,0
OTS,D,20181219,000000,4.48,4.48,4.04,4.04,6412,0
OTS,D,20181220,000000,4,4,3.5,3.7,38478,0
OTS,D,20181221,000000,4.06,4.06,3.7,3.7,19480,0
OTS,D,20181227,000000,3.76,3.88,3.6,3.82,11713,0
OTS,D,20181228,000000,3.9,4.2,3.9,4.2,702,0
OTS,D,20190102,000000,4.44,4.7,4.16,4.7,6359,0
OTS,D,20190103,000000,5.5,6,5.4,6,16909,0
OTS,D,20190104,000000,6.1,7.5,6.1,7.5,33767,0
OTS,D,20190107,000000,7.6,8.35,7.1,7.35,13403,0
OTS,D,20190108,000000,7.4,7.4,6.4,6.4,8085,0
OTS,D,20190109,000000,6.4,6.7,6.35,6.35,568,0
OTS,D,20190110,000000,6.35,6.35,5.2,6.2,4586,0
OTS,D,20190111,000000,6.25,6.25,5.75,5.95,3016,0
OTS,D,20190114,000000,5.95,5.95,5.95,5.95,1,0
OTS,D,20190115,000000,5.95,5.95,5.3,5.3,7957,0
OTS,D,20190116,000000,5.35,5.85,5.05,5.35,6694,0
OTS,D,20190117,000000,5.8,5.8,5.3,5.3,2526,0
OTS,D,20190118,000000,5.5,5.6,5.2,5.6,3376,0
OTS,D,20190121,000000,5.75,5.75,5.75,5.75,1,0
OTS,D,20190122,000000,5.85,7,5.85,6.7,17444,0
OTS,D,20190123,000000,6.8,7,6.2,6.8,2610,0
OTS,D,20190124,000000,7.1,7.1,6.4,6.5,3596,0
OTS,D,20190125,000000,6.5,6.5,6.1,6.3,9012,0
OTS,D,20190128,000000,6.2,6.2,5.85,6.05,4615,0
OTS,D,20190129,000000,6.05,6.3,5.55,5.55,1928,0
OTS,D,20190130,000000,5.65,5.65,5.65,5.65,1,0
OTS,D,20190201,000000,6.2,6.3,6.1,6.15,1727,0
OTS,D,20190204,000000,6.3,6.6,6.2,6.6,5617,0
OTS,D,20190205,000000,7,7,6,6.25,10453,0
OTS,D,20190206,000000,6.2,6.2,5.7,6.2,847,0
OTS,D,20190207,000000,6,6,5.8,6,592,0
OTS,D,20190208,000000,5.8,6.2,5.65,6.05,2267,0
OTS,D,20190211,000000,6.2,6.2,6,6.2,1767,0
OTS,D,20190212,000000,6.2,6.25,6.15,6.15,1461,0
OTS,D,20190213,000000,6.1,6.1,6.1,6.1,392,0
OTS,D,20190214,000000,6.2,6.25,6.1,6.25,26,0
OTS,D,20190215,000000,6.25,6.25,6,6,5993,0
OTS,D,20190218,000000,6,7.25,5.95,7.25,10922,0
OTS,D,20190219,000000,7.4,7.4,6.7,7.15,9077,0
OTS,D,20190220,000000,7.2,7.2,6.5,6.75,887,0
OTS,D,20190221,000000,6.45,6.5,6,6.5,2599,0
OTS,D,20190222,000000,6.5,6.5,6.5,6.5,5,0
OTS,D,20190225,000000,6.6,6.6,6.05,6.05,3783,0
OTS,D,20190226,000000,6.3,6.3,5.95,6,1160,0
OTS,D,20190227,000000,6,6.2,5.95,6.2,4738,0
OTS,D,20190228,000000,6.2,6.3,6.2,6.3,16,0
OTS,D,20190301,000000,6.3,6.3,6.3,6.3,1,0
OTS,D,20190304,000000,6.3,6.3,5.95,5.95,372,0
OTS,D,20190305,000000,6.15,6.15,5.85,6.1,1407,0
OTS,D,20190306,000000,6.1,6.1,6.1,6.1,2,0
OTS,D,20190307,000000,6.1,6.1,5.85,5.85,702,0
OTS,D,20190308,000000,5.85,6.05,5.85,6.05,17,0
OTS,D,20190311,000000,6.1,6.1,6,6,1503,0
OTS,D,20190312,000000,6.05,6.35,6.05,6.3,3652,0
OTS,D,20190314,000000,6.3,6.3,6.3,6.3,2,0
OTS,D,20190315,000000,6.3,6.3,6.3,6.3,203,0
OTS,D,20190318,000000,6.3,6.3,6,6,4043,0
OTS,D,20190319,000000,6.05,6.1,6,6,562,0
OTS,D,20190320,000000,6.1,6.1,6.1,6.1,150,0
OTS,D,20190321,000000,6.15,6.15,6.15,6.15,2,0
OTS,D,20190322,000000,6.15,6.15,6,6.15,5,0
OTS,D,20190325,000000,6.15,6.3,6.15,6.15,1520,0
OTS,D,20190326,000000,6.3,6.95,6.2,6.95,11657,0
OTS,D,20190327,000000,6.95,8.55,6.85,8.5,18563,0
OTS,D,20190328,000000,8.4,8.45,8,8.4,1270,0
OTS,D,20190329,000000,8.4,8.4,7.6,8,4975,0
OTS,D,20190401,000000,8.95,9.4,8.75,8.95,16181,0
OTS,D,20190402,000000,8.95,8.95,7.6,8,2886,0
OTS,D,20190403,000000,7.6,8,6.9,7.25,6190,0
OTS,D,20190404,000000,8,8,7.45,7.9,4256,0
OTS,D,20190405,000000,8,8,7.4,7.55,4443,0
OTS,D,20190408,000000,7.85,7.85,7.55,7.55,902,0
OTS,D,20190409,000000,7.6,7.6,7.45,7.45,26,0
OTS,D,20190410,000000,7.6,7.9,7.45,7.9,3683,0
OTS,D,20190411,000000,8,8,7.65,7.65,2655,0
OTS,D,20190412,000000,7.85,7.85,7.5,7.5,24,0
OTS,D,20190415,000000,7.8,7.8,7.8,7.8,2,0
OTS,D,20190416,000000,7.8,7.8,7.8,7.8,2,0
OTS,D,20190417,000000,7.8,7.8,7.45,7.45,490,0
OTS,D,20190418,000000,7.7,8.3,7.65,8.1,2765,0
OTS,D,20190423,000000,8.05,8.05,7.85,8.05,671,0
OTS,D,20190424,000000,8.05,8.05,8.05,8.05,5,0
OTS,D,20190425,000000,8.1,8.1,8.1,8.1,2,0
OTS,D,20190426,000000,8.1,8.1,7.75,8.1,386,0
OTS,D,20190429,000000,8.1,8.1,8,8,187,0
OTS,D,20190430,000000,8.1,8.8,8,8.05,3041,0
OTS,D,20190502,000000,8,8.5,8,8.5,4239,0
OTS,D,20190506,000000,8.2,8.25,8.2,8.2,2195,0
OTS,D,20190507,000000,8.3,8.3,8.3,8.3,1,0
OTS,D,20190508,000000,8.3,8.3,8.3,8.3,2,0
OTS,D,20190509,000000,8.3,8.3,8.15,8.15,22,0
OTS,D,20190510,000000,7.95,7.95,7.8,7.8,3788,0
OTS,D,20190513,000000,7.8,7.8,7.2,7.5,1669,0
OTS,D,20190514,000000,7.5,7.5,7.1,7.1,2153,0
OTS,D,20190515,000000,7.15,7.35,6.8,7.35,2818,0
OTS,D,20190516,000000,7.4,7.4,7.4,7.4,2,0
OTS,D,20190517,000000,7.35,7.35,7.35,7.35,140,0
OTS,D,20190520,000000,7.35,7.35,7.35,7.35,2,0
OTS,D,20190521,000000,7.35,7.35,7,7,2339,0
OTS,D,20190522,000000,6.8,7.3,6.8,7.3,1617,0
OTS,D,20190523,000000,7.35,7.45,7.35,7.45,1029,0
OTS,D,20190524,000000,7.45,7.45,7.4,7.4,81,0
OTS,D,20190527,000000,7.45,7.45,7.4,7.4,108,0
OTS,D,20190528,000000,7.45,8,7.2,8,2302,0
OTS,D,20190529,000000,7.8,8.55,7.45,7.45,3199,0
OTS,D,20190530,000000,7.45,7.45,7.1,7.1,2640,0
OTS,D,20190531,000000,7.2,7.2,7.2,7.2,2,0
OTS,D,20190603,000000,7.2,7.2,7.2,7.2,4,0
OTS,D,20190604,000000,7.2,7.2,7.2,7.2,2,0
OTS,D,20190605,000000,7.2,7.2,7.2,7.2,2,0
OTS,D,20190606,000000,7.2,7.2,7.2,7.2,2,0
OTS,D,20190607,000000,7.1,7.1,7.1,7.1,2,0
OTS,D,20190610,000000,7.1,7.1,6.9,7.1,129,0
OTS,D,20190611,000000,7.1,7.1,7.1,7.1,2,0
OTS,D,20190612,000000,7.05,7.05,6.55,6.55,3629,0
OTS,D,20190613,000000,6.55,6.55,6.55,6.55,1,0
OTS,D,20190614,000000,6.55,6.55,6.55,6.55,2,0
OTS,D,20190617,000000,6.45,6.45,6.45,6.45,2,0
OTS,D,20190618,000000,6.45,6.5,6.45,6.5,1246,0
OTS,D,20190619,000000,6.55,6.55,6.55,6.55,2,0
OTS,D,20190621,000000,6.55,6.55,6.55,6.55,2,0
OTS,D,20190624,000000,6.55,6.55,6.55,6.55,2,0
OTS,D,20190625,000000,6.55,6.55,6.5,6.5,4,0
OTS,D,20190626,000000,6.55,6.55,6.55,6.55,2,0
OTS,D,20190627,000000,6.55,6.55,6.55,6.55,2,0
OTS,D,20190628,000000,6.55,6.55,5.90,5.90,4848,0
OTS,D,20190701,000000,5.9,6.15,5.55,5.55,4226,0
OTS,D,20190702,000000,5.55,5.95,5.25,5.4,5670,0
OTS,D,20190703,000000,5.45,5.75,5.45,5.45,2817,0
OTS,D,20190704,000000,5.45,5.45,5.4,5.4,62,0
OTS,D,20190705,000000,5.45,5.45,5.45,5.45,2,0
OTS,D,20190708,000000,5.25,5.35,4.86,5.05,4651,0
OTS,D,20190709,000000,4.94,4.94,4.7,4.9,3352,0
OTS,D,20190710,000000,4.86,4.86,4.38,4.38,6086,0
OTS,D,20190711,000000,4.8,4.8,4.48,4.5,255,0
OTS,D,20190712,000000,4.5,4.76,4.48,4.76,3586,0
OTS,D,20190715,000000,4.76,4.76,4.76,4.76,1,0
OTS,D,20190716,000000,4.7,4.7,4.7,4.7,2000,0
OTS,D,20190717,000000,4.76,5.45,4.74,5.45,3474,0
OTS,D,20190718,000000,5.5,5.5,5.1,5.1,1073,0
OTS,D,20190719,000000,5.15,5.15,4.8,4.8,818,0
OTS,D,20190722,000000,5,5,5,5,1,0
OTS,D,20190723,000000,5,5,4.9,4.9,2002,0
OTS,D,20190724,000000,5,5,5,5,2,0
OTS,D,20190725,000000,5,5,5,5,600,0
OTS,D,20190726,000000,5.1,5.1,5.1,5.1,2,0
OTS,D,20190729,000000,5.1,5.1,5.1,5.1,2,0
OTS,D,20190730,000000,5.1,5.1,5.1,5.1,2,0
OTS,D,20190731,000000,5.1,5.1,5.1,5.1,2,0
OTS,D,20190801,000000,5.1,5.1,5.1,5.1,2,0
OTS,D,20190802,000000,5.1,5.1,4.7,4.72,3253,0
OTS,D,20190805,000000,4.88,4.88,4.7,4.72,1121,0
OTS,D,20190806,000000,4.72,4.72,4.72,4.72,80,0
OTS,D,20190807,000000,4.72,4.72,4.72,4.72,2,0
OTS,D,20190808,000000,4.52,4.7,4.52,4.7,201,0
OTS,D,20190809,000000,4.7,4.7,4.7,4.7,2,0
OTS,D,20190812,000000,4.7,4.84,4.68,4.84,5051,0
OTS,D,20190813,000000,4.84,4.96,4.82,4.96,5624,0
OTS,D,20190814,000000,5,5,5,5,5,0
OTS,D,20190816,000000,5,5.85,5,5.4,13632,0
OTS,D,20190819,000000,5.4,5.4,5.1,5.25,6208,0
OTS,D,20190820,000000,5.25,5.3,5.2,5.3,3524,0
OTS,D,20190821,000000,5.3,5.3,5.3,5.3,2,0
OTS,D,20190822,000000,5.3,5.4,5.05,5.4,3891,0
OTS,D,20190823,000000,5.45,5.45,5.45,5.45,2640,0
OTS,D,20190826,000000,5.45,5.45,5.25,5.3,1103,0
OTS,D,20190827,000000,5.3,5.3,5.3,5.3,99,0
OTS,D,20190828,000000,5.35,5.45,5.3,5.45,2463,0
OTS,D,20190829,000000,5.45,5.95,5.45,5.95,8420,0
OTS,D,20190830,000000,6.15,6.5,6.1,6.1,977,0
OTS,D,20190902,000000,6.15,6.2,6,6.15,5240,0
OTS,D,20190903,000000,6.15,6.15,6,6.15,5957,0
OTS,D,20190904,000000,6.8,7.3,6.7,7,6070,0
OTS,D,20190905,000000,7.05,7.75,7,7.75,16978,0
OTS,D,20190906,000000,7.45,7.45,7.05,7.05,3570,0
OTS,D,20190909,000000,7.45,7.65,7,7.65,6869,0
OTS,D,20190910,000000,7.4,7.4,6.9,6.9,11760,0
OTS,D,20190911,000000,7.1,7.1,7.1,7.1,2,0
OTS,D,20190912,000000,7.05,7.05,7.05,7.05,5,0
OTS,D,20190913,000000,7,7,6.85,6.85,7,0
OTS,D,20190916,000000,7,7.05,7,7.05,158,0
OTS,D,20190917,000000,7.05,7.05,6.4,6.7,7155,0
OTS,D,20190918,000000,6.75,6.75,6.75,6.75,1,0
OTS,D,20190919,000000,6.6,6.6,6.4,6.6,2403,0
OTS,D,20190920,000000,6.05,6.05,5.9,5.95,1930,0
OTS,D,20190923,000000,6.2,6.2,5.9,5.9,1455,0
OTS,D,20190924,000000,5.75,5.8,5.7,5.8,3007,0
OTS,D,20190925,000000,5.95,5.95,5.8,5.8,101,0
OTS,D,20190926,000000,5.85,6,5.75,6,2880,0
OTS,D,20190927,000000,6,6.9,5.95,6.2,62773,0
OTS,D,20190930,000000,6.05,6.05,5.85,5.9,11715,0
OTS,D,20191001,000000,6.05,6.05,5.9,5.9,901,0
OTS,D,20191002,000000,5.9,5.9,5.8,5.8,600,0
OTS,D,20191003,000000,5.85,5.85,5.6,5.65,9176,0
OTS,D,20191004,000000,5.85,5.85,5.6,5.6,19797,0
OTS,D,20191007,000000,5.75,5.75,5.7,5.7,1170,0
OTS,D,20191008,000000,5.85,5.85,5.85,5.85,1,0
OTS,D,20191009,000000,5.85,5.85,5.85,5.85,2,0
OTS,D,20191010,000000,5.85,5.9,5.65,5.9,2159,0
OTS,D,20191011,000000,6.5,6.8,6,6.3,5953,0
OTS,D,20191014,000000,6.3,6.3,6.3,6.3,2,0
OTS,D,20191015,000000,6.3,6.3,6,6.05,1932,0
OTS,D,20191016,000000,6.1,6.1,6.05,6.05,17464,0
OTS,D,20191017,000000,6.1,6.1,6,6,1921,0
OTS,D,20191018,000000,6.1,6.1,6.1,6.1,4,0
OTS,D,20191021,000000,5.9,5.9,5.9,5.9,2554,0
OTS,D,20191022,000000,5.9,5.9,5.9,5.9,1,0
OTS,D,20191023,000000,5.9,5.9,5.6,5.6,2979,0
OTS,D,20191024,000000,5.65,5.65,5.65,5.65,1500,0
OTS,D,20191025,000000,5.6,5.6,5.6,5.6,1,0
OTS,D,20191028,000000,5.35,5.5,5.2,5.2,3611,0
OTS,D,20191029,000000,5,5.1,4.88,5,5447,0
OTS,D,20191030,000000,5.15,5.15,5.15,5.15,30,0
OTS,D,20191031,000000,5.15,5.15,5.15,5.15,2,0
OTS,D,20191104,000000,5.15,5.15,5.15,5.15,2,0
OTS,D,20191105,000000,5.05,5.05,5.05,5.05,2,0
OTS,D,20191106,000000,5.05,5.05,5.05,5.05,231,0
OTS,D,20191107,000000,5.05,5.05,4.92,4.92,2529,0
OTS,D,20191108,000000,4.92,4.92,4.5,4.5,5460,0
OTS,D,20191112,000000,4.5,4.5,4.3,4.48,3732,0
OTS,D,20191113,000000,4.48,4.8,4.46,4.54,8155,0
OTS,D,20191114,000000,4.76,4.76,4.76,4.76,105,0
OTS,D,20191115,000000,4.74,4.74,4.74,4.74,2,0
OTS,D,20191118,000000,4.74,4.74,4.36,4.4,5767,0
OTS,D,20191119,000000,4.54,4.54,4.54,4.54,2,0
OTS,D,20191120,000000,4.54,4.54,4.32,4.5,6249,0
OTS,D,20191122,000000,4.22,4.22,4.12,4.14,1270,0
OTS,D,20191125,000000,4.14,4.14,4,4,740,0
OTS,D,20191126,000000,4,4,4,4,260,0
OTS,D,20191127,000000,4.04,4.8,4.04,4.7,16020,0
OTS,D,20191128,000000,4.9,5.7,4.9,5.7,3818,0
OTS,D,20191129,000000,5.7,6.25,5.7,5.75,565,0
OTS,D,20191202,000000,5.8,5.8,5.8,5.8,31,0
OTS,D,20191203,000000,6.2,6.25,5.8,5.8,8712,0
OTS,D,20191205,000000,5.8,5.8,5.65,5.65,226,0
OTS,D,20191206,000000,5.6,5.6,5.15,5.5,3483,0
OTS,D,20191209,000000,5.65,5.65,5.55,5.55,947,0
OTS,D,20191210,000000,5.6,5.6,5.6,5.6,1,0
OTS,D,20191211,000000,5.6,5.6,5.6,5.6,1,0
OTS,D,20191212,000000,5.45,5.45,5.45,5.45,3200,0
OTS,D,20191213,000000,5.45,5.45,5.45,5.45,10,0
OTS,D,20191216,000000,5.45,5.45,5.15,5.15,3163,0
OTS,D,20191218,000000,5.1,5.1,4.82,5,3257,0
OTS,D,20191223,000000,4.98,4.98,4.98,4.98,2,0
OTS,D,20191227,000000,4.98,4.98,4.98,4.98,2,0
OTS,D,20191230,000000,4.98,4.98,4.78,4.78,71,0
OTS,D,20200102,000000,4.78,4.78,4.56,4.56,2260,0
OTS,D,20200103,000000,4.6,4.6,4.48,4.54,6651,0
OTS,D,20200107,000000,4.52,4.52,4.5,4.5,1169,0
OTS,D,20200108,000000,4.5,4.8,4.48,4.76,20127,0
OTS,D,20200109,000000,4.74,4.76,4.74,4.76,1118,0
OTS,D,20200110,000000,4.8,5.2,4.78,5.2,6732,0
OTS,D,20200113,000000,5.3,5.8,5.25,5.8,9220,0
OTS,D,20200114,000000,5.8,6.3,5.8,5.9,13976,0
OTS,D,20200115,000000,5.95,5.95,5.4,5.5,14201,0
OTS,D,20200116,000000,5.5,5.5,5.5,5.5,1,0
OTS,D,20200117,000000,5.5,5.5,5.3,5.3,3023,0
OTS,D,20200120,000000,5.05,5.05,4.96,5.05,2105,0
OTS,D,20200121,000000,5.15,5.15,4.96,5.15,5842,0
OTS,D,20200122,000000,5.35,6.45,5.35,6.3,24436,0
OTS,D,20200123,000000,6.35,6.9,6.3,6.3,11308,0
OTS,D,20200124,000000,6.35,6.9,6,6.15,5080,0
OTS,D,20200127,000000,6.3,7.2,6.3,6.95,32849,0
OTS,D,20200128,000000,7,7.2,6.3,6.75,9436,0
OTS,D,20200129,000000,7,7,7,7,2,0
OTS,D,20200130,000000,6.7,6.85,6.35,6.85,3960,0
OTS,D,20200131,000000,6.9,6.9,6.25,6.25,12755,0
OTS,D,20200203,000000,5.95,6.15,5.95,5.95,362,0
OTS,D,20200204,000000,6.2,6.2,5.95,5.95,2,0
OTS,D,20200205,000000,6,6.55,6,6.1,8242,0
OTS,D,20200206,000000,6.1,6.15,6.1,6.15,197,0
OTS,D,20200207,000000,6.3,6.35,6.1,6.15,3166,0
OTS,D,20200210,000000,6.15,6.15,6.15,6.15,2,0
OTS,D,20200211,000000,6.15,6.45,6.1,6.45,3926,0
OTS,D,20200212,000000,6.45,6.45,6.45,6.45,1,0
OTS,D,20200213,000000,6.4,6.4,6.4,6.4,3,0
OTS,D,20200214,000000,6.4,6.45,6.2,6.45,3112,0
OTS,D,20200217,000000,6.45,6.45,6.45,6.45,2,0
OTS,D,20200218,000000,6.3,6.3,6.3,6.3,1,0
OTS,D,20200219,000000,6.3,6.3,6.1,6.2,1228,0
OTS,D,20200220,000000,6.2,6.5,6.1,6.1,4003,0
OTS,D,20200221,000000,6.3,6.3,6.2,6.2,3684,0
OTS,D,20200224,000000,6.2,6.2,5.95,5.95,96,0
OTS,D,20200226,000000,5.8,5.8,5.7,5.7,102,0
OTS,D,20200227,000000,5.65,5.65,5.4,5.4,825,0
OTS,D,20200228,000000,5.2,5.2,4.68,4.68,179,0
OTS,D,20200302,000000,5.2,5.2,4.94,5.15,1306,0
OTS,D,20200303,000000,5.2,5.2,5.2,5.2,280,0
OTS,D,20200304,000000,5.2,5.7,5.2,5.6,1556,0
OTS,D,20200305,000000,5.45,5.95,5.2,5.95,3038,0
OTS,D,20200306,000000,5.4,5.6,5.4,5.6,151,0
OTS,D,20200309,000000,6.15,6.15,4.58,4.6,906,0
OTS,D,20200313,000000,4.02,4.5,4.02,4.5,310,0
OTS,D,20200316,000000,5,5,5,5,2661,0
OTS,D,20200317,000000,5.5,5.5,5.5,5.5,21,0
OTS,D,20200318,000000,5.5,5.5,5.5,5.5,139,0
OTS,D,20200320,000000,5,5,5,5,650,0
OTS,D,20200323,000000,5.3,5.8,5.3,5.5,3896,0
OTS,D,20200324,000000,5.8,5.8,5.8,5.8,1,0
OTS,D,20200325,000000,5.5,6,5.45,6,2945,0
OTS,D,20200326,000000,5.75,5.75,5,5.05,9368,0
OTS,D,20200327,000000,5.05,5.05,5.05,5.05,1,0
OTS,D,20200330,000000,5.05,5.05,5.05,5.05,5,0
OTS,D,20200331,000000,5.35,5.35,5.05,5.15,1797,0
OTS,D,20200401,000000,5,5,5,5,150,0
OTS,D,20200402,000000,5.1,5.1,4.78,4.78,4048,0
OTS,D,20200403,000000,4.76,4.76,4.76,4.76,100,0
OTS,D,20200406,000000,4.76,4.76,4.76,4.76,459,0
OTS,D,20200407,000000,4.76,4.76,4.76,4.76,250,0
OTS,D,20200408,000000,4.78,4.78,4.78,4.78,252,0
OTS,D,20200409,000000,4.78,5.25,4.76,5.2,3044,0
OTS,D,20200414,000000,5.2,5.2,5.05,5.1,7580,0
OTS,D,20200415,000000,5.1,5.1,4.92,4.92,210,0
OTS,D,20200416,000000,5,5,5,5,2,0
OTS,D,20200417,000000,5,5,4.72,4.72,3703,0
OTS,D,20200420,000000,4.7,4.78,4.5,4.78,2874,0
OTS,D,20200421,000000,4.78,4.8,4.3,4.8,110,0
OTS,D,20200423,000000,4.54,4.54,4.4,4.4,2110,0
OTS,D,20200424,000000,4.5,4.5,4.5,4.5,100,0
OTS,D,20200428,000000,4.3,4.58,4.3,4.58,197,0
OTS,D,20200429,000000,4.48,4.48,4.48,4.48,100,0
OTS,D,20200504,000000,4.26,4.26,4.26,4.26,1000,0
OTS,D,20200505,000000,4.38,4.38,4.38,4.38,50,0
OTS,D,20200506,000000,4.2,4.2,4,4,2032,0
OTS,D,20200507,000000,4,4.24,4,4.24,2550,0
OTS,D,20200508,000000,4.28,4.28,4,4.12,6276,0
OTS,D,20200512,000000,4,4.08,4,4.08,2331,0
OTS,D,20200513,000000,4.08,4.12,4,4,31635,0
OTS,D,20200514,000000,4.2,4.2,3.86,3.86,4609,0
OTS,D,20200515,000000,3.84,4,3.84,4,265,0
OTS,D,20200518,000000,3.98,3.98,3.98,3.98,248,0
OTS,D,20200521,000000,3.52,3.92,3.52,3.92,672,0
OTS,D,20200522,000000,3.82,3.82,3.82,3.82,195,0
OTS,D,20200525,000000,3.9,3.9,3.9,3.9,2,0
OTS,D,20200527,000000,3.88,3.88,3.88,3.88,2010,0
OTS,D,20200528,000000,3.9,3.9,3.78,3.88,1710,0
OTS,D,20200529,000000,3.88,3.88,3.88,3.88,400,0
OTS,D,20200601,000000,3.94,3.94,3.72,3.78,10513,0
OTS,D,20200602,000000,3.76,3.76,3.76,3.76,633,0
OTS,D,20200603,000000,3.76,3.76,3.76,3.76,20,0
OTS,D,20200604,000000,3.78,3.78,3.64,3.64,357,0
OTS,D,20200610,000000,3.7,3.78,3.7,3.78,9467,0
OTS,D,20200612,000000,3.8,3.8,3.78,3.78,2832,0
OTS,D,20200615,000000,3.8,4.18,3.8,3.9,8184,0
OTS,D,20200616,000000,3.88,3.88,3.8,3.8,819,0
OTS,D,20200617,000000,3.9,3.9,3.9,3.9,5,0
OTS,D,20200618,000000,3.9,3.9,3.74,3.74,1168,0
OTS,D,20200622,000000,3.84,3.84,3.8,3.8,2266,0
OTS,D,20200623,000000,3.86,3.86,3.86,3.86,13968,0
OTS,D,20200624,000000,3.74,3.84,3.74,3.84,101,0
OTS,D,20200625,000000,3.84,4.22,3.8,3.88,136787,0
OTS,D,20200626,000000,3.9,3.9,3.66,3.72,83111,0
OTS,D,20200629,000000,3.58,3.72,3.58,3.7,4075,0
OTS,D,20200630,000000,3.7,3.86,3.7,3.7,23402,0
OTS,D,20200701,000000,3.74,3.74,3.72,3.72,2020,0
OTS,D,20200702,000000,3.66,3.86,3.6,3.78,34771,0
OTS,D,20200703,000000,3.8,3.94,3.68,3.94,16101,0
OTS,D,20200706,000000,3.98,5.2,3.98,5.2,55975,0
OTS,D,20200707,000000,5.3,5.5,4.82,5.05,35778,0
OTS,D,20200708,000000,5.05,5.05,4.58,4.8,22660,0
OTS,D,20200709,000000,4.8,4.86,4.36,4.48,23905,0
OTS,D,20200710,000000,4.36,4.54,4,4.54,17800,0
