<TICKER>,<PER>,<DATE>,<TIME>,<OPEN>,<HIGH>,<LOW>,<CLOSE>,<VOL>,<OPENINT>
PEM,D,20150409,000000,86.409,92.09,85.231,91.531,106943,0
PEM,D,20150410,000000,92.09,95.071,90.771,94.86,12464,0
PEM,D,20150413,000000,94.787,94.787,92.852,92.888,2777,0
PEM,D,20150414,000000,93.2,95.199,92.888,95.199,7824,0
PEM,D,20150415,000000,94.924,95.273,93.897,94.924,859,0
PEM,D,20150416,000000,94.585,94.585,92.888,93.163,571,0
PEM,D,20150417,000000,92.962,93.099,92.155,92.714,1944,0
PEM,D,20150420,000000,92.155,94.025,90.155,94.025,348,0
PEM,D,20150421,000000,91.292,94.236,91.292,92.155,262,0
PEM,D,20150422,000000,91.531,92.155,91.467,92.155,46,0
PEM,D,20150423,000000,92.228,94.236,92.228,92.301,2252,0
PEM,D,20150424,000000,92.503,92.503,90.598,92.155,2792,0
PEM,D,20150427,000000,90.528,93.549,90.528,93.549,302,0
PEM,D,20150428,000000,93.549,95.034,91.742,92.228,2159,0
PEM,D,20150429,000000,92.301,94.236,92.301,94.025,29,0
PEM,D,20150430,000000,94.172,95.493,94.172,95.493,5233,0
PEM,D,20150504,000000,95.621,98.327,95.621,97.667,2284,0
PEM,D,20150505,000000,97.217,99.79,94.924,96.282,2199,0
PEM,D,20150506,000000,96.318,96.942,95.007,96.942,107,0
PEM,D,20150507,000000,94.924,95.245,94.31,94.924,442,0
PEM,D,20150508,000000,94.924,96.869,94.924,96.869,427,0
PEM,D,20150511,000000,96.346,96.456,96.346,96.456,674,0
PEM,D,20150512,000000,96.942,97.703,96.942,97.08,1621,0
PEM,D,20150513,000000,97.355,98.052,97.18,97.703,849,0
PEM,D,20150514,000000,98.391,98.391,98.116,98.391,253,0
PEM,D,20150515,000000,100.47,103.94,98.391,98.391,1290,0
PEM,D,20150518,000000,97.015,98.391,97.015,98.364,663,0
PEM,D,20150519,000000,98.364,100.31,97.263,99.088,298,0
PEM,D,20150520,000000,97.703,99.088,97.703,98.052,88,0
PEM,D,20150521,000000,98.052,98.052,97.281,97.703,738,0
PEM,D,20150522,000000,97.703,99.051,96.942,99.051,679,0
PEM,D,20150525,000000,98.74,102.42,97.703,102.42,684,0
PEM,D,20150526,000000,103.24,106.02,103.19,106.02,1204,0
PEM,D,20150527,000000,106.02,106.02,105.32,105.91,317,0
PEM,D,20150528,000000,103.94,105.32,103.28,104.63,761,0
PEM,D,20150529,000000,103.66,105.29,103.66,104.63,929,0
PEM,D,20150601,000000,104.63,104.98,104.63,104.98,378,0
PEM,D,20150602,000000,105.05,105.67,104.63,104.63,278,0
PEM,D,20150603,000000,104.7,104.7,104.63,104.63,457,0
PEM,D,20150605,000000,104.56,104.56,99.299,101.17,1861,0
PEM,D,20150608,000000,101.17,103.21,101.17,103.21,83,0
PEM,D,20150609,000000,103.14,103.14,103.14,103.14,1,0
PEM,D,20150610,000000,99.84,102.55,99.84,101.89,134,0
PEM,D,20150611,000000,102.55,102.55,98.813,102.55,260,0
PEM,D,20150615,000000,101.17,103.87,101.17,103.87,298,0
PEM,D,20150616,000000,103.24,103.94,101.86,103.94,281,0
PEM,D,20150617,000000,101.52,103.87,101.31,103.24,47,0
PEM,D,20150618,000000,103.24,103.24,103.24,103.24,1,0
PEM,D,20150619,000000,103.19,103.19,101.24,101.52,353,0
PEM,D,20150622,000000,102.18,102.18,102.18,102.18,173,0
PEM,D,20150623,000000,102.18,102.18,99.363,101.86,98,0
PEM,D,20150624,000000,101.86,102.18,99.226,102.07,484,0
PEM,D,20150625,000000,101.83,101.83,101.83,101.83,37,0
PEM,D,20150626,000000,99.299,101.17,99.299,101.17,133,0
PEM,D,20150629,000000,99.024,101.17,97.703,101.17,466,0
PEM,D,20150630,000000,95.86,101.02,95.86,100.47,286,0
PEM,D,20150701,000000,101.12,101.17,101.12,101.17,696,0
PEM,D,20150702,000000,101.17,101.17,98.391,101.17,2186,0
PEM,D,20150703,000000,101.17,101.17,100.44,100.44,686,0
PEM,D,20150706,000000,100.41,101.12,100.13,100.13,117,0
PEM,D,20150707,000000,101.17,101.17,100.61,101.07,4577,0
PEM,D,20150708,000000,101.11,101.17,100.47,100.47,3803,0
PEM,D,20150709,000000,102.78,102.78,99.9,101.27,782,0
PEM,D,20150710,000000,101.27,101.27,100.25,101.27,1801,0
PEM,D,20150713,000000,99.72,99.72,98.51,99.6,288,0
PEM,D,20150714,000000,98.51,99.006,94.548,98.62,668,0
PEM,D,20150715,000000,96.135,98.556,94.548,96.135,413,0
PEM,D,20150716,000000,95.603,98.62,95.603,98.62,967,0
PEM,D,20150717,000000,96.887,100.13,96.841,100.13,655,0
PEM,D,20150720,000000,100.13,101.27,100.13,101.27,1514,0
PEM,D,20150721,000000,99.76,100.51,99.76,100.51,21,0
PEM,D,20150722,000000,100.51,100.51,100.51,100.51,13,0
PEM,D,20150723,000000,100.51,101.04,99.76,101.04,265,0
PEM,D,20150724,000000,101.27,101.27,99.152,100.89,28,0
PEM,D,20150727,000000,98.244,98.244,96.282,97.492,437,0
PEM,D,20150728,000000,96.052,98.244,96.052,97.492,227,0
PEM,D,20150729,000000,97.492,97.492,96.438,96.438,373,0
PEM,D,20150730,000000,97.786,97.786,96.804,96.804,716,0
PEM,D,20150731,000000,97.3,97.868,95.979,97.492,3712,0
PEM,D,20150803,000000,97.492,97.492,95.979,95.979,20,0
PEM,D,20150804,000000,95.979,97.492,95.3,97.492,96,0
PEM,D,20150805,000000,96.052,97.336,96.052,97.336,672,0
PEM,D,20150806,000000,96.135,97.492,96.135,97.492,181,0
PEM,D,20150810,000000,96.731,99.006,96.731,99.006,438,0
PEM,D,20150811,000000,99.006,99.68,96.731,99.68,306,0
PEM,D,20150812,000000,99.372,99.76,99.372,99.76,3119,0
PEM,D,20150814,000000,99.68,99.76,99.68,99.76,1417,0
PEM,D,20150817,000000,99.76,99.76,99.76,99.76,15,0
PEM,D,20150818,000000,100.51,102.33,100.51,101,244,0
PEM,D,20150819,000000,101,102.33,101,102.33,237,0
PEM,D,20150820,000000,99.76,102.4,99.76,102.4,2742,0
PEM,D,20150821,000000,100.51,102.74,100.51,102.74,181,0
PEM,D,20150824,000000,102.59,102.59,89.176,94.851,607,0
PEM,D,20150825,000000,88.802,94.768,85.398,94.768,316,0
PEM,D,20150826,000000,94.081,94.768,91.448,94.768,135,0
PEM,D,20150827,000000,94.466,94.466,93.631,93.631,468,0
PEM,D,20150828,000000,91.595,95.52,91.595,95.52,119,0
PEM,D,20150831,000000,95.218,95.218,95.218,95.218,2236,0
PEM,D,20150901,000000,93.714,95.19,93.714,95.19,52,0
PEM,D,20150902,000000,95.218,95.218,92.962,94.466,29,0
PEM,D,20150903,000000,95.218,95.218,92.2,92.347,33,0
PEM,D,20150904,000000,92.237,92.962,92.2,92.962,97,0
PEM,D,20150907,000000,92.2,92.2,88.421,91.632,1287,0
PEM,D,20150908,000000,88.568,91.448,88.386,91.448,448,0
PEM,D,20150909,000000,88.499,89.93,88.499,89.93,43,0
PEM,D,20150910,000000,89.93,89.93,89.93,89.93,8,0
PEM,D,20150911,000000,89.93,91.678,88.421,89.783,376,0
PEM,D,20150914,000000,95.071,95.071,95.071,95.071,1,0
PEM,D,20150915,000000,94.466,94.466,92.237,94.466,16,0
PEM,D,20150916,000000,94.466,94.466,92.237,94.466,33,0
PEM,D,20150917,000000,94.466,94.466,94.466,94.466,11,0
PEM,D,20150918,000000,92.962,95.034,91.852,95.034,106,0
PEM,D,20150921,000000,96.355,96.355,94.466,94.466,13,0
PEM,D,20150922,000000,94.466,94.466,94.466,94.466,51,0
PEM,D,20150923,000000,95.979,95.979,95.979,95.979,1,0
PEM,D,20150924,000000,96.355,96.355,96.355,96.355,3,0
PEM,D,20150925,000000,94.319,94.319,94.319,94.319,13,0
PEM,D,20150928,000000,94.466,94.466,94.466,94.466,63,0
PEM,D,20150929,000000,96.282,96.282,90.988,93.328,511,0
PEM,D,20150930,000000,93.328,93.328,93.328,93.328,38,0
PEM,D,20151001,000000,93.328,95.979,93.328,95.979,7910,0
PEM,D,20151002,000000,95.218,95.979,95.218,95.979,330,0
PEM,D,20151005,000000,94.466,96.135,94.466,94.466,82,0
PEM,D,20151007,000000,96.282,96.282,96.282,96.282,1,0
PEM,D,20151008,000000,96.282,96.282,96.282,96.282,20,0
PEM,D,20151009,000000,96.282,96.282,96.282,96.282,1,0
PEM,D,20151012,000000,94.612,96.731,94.612,96.731,206,0
PEM,D,20151013,000000,94.851,94.851,94.695,94.695,80,0
PEM,D,20151014,000000,94.548,96.731,94.548,96.731,35,0
PEM,D,20151015,000000,95.218,97.868,93.714,97.868,611,0
PEM,D,20151016,000000,97.868,101.04,96.731,101.04,333,0
PEM,D,20151021,000000,96.841,100.51,96.841,100.51,3,0
PEM,D,20151022,000000,100.51,100.51,96.841,96.841,44,0
PEM,D,20151023,000000,98.244,101.95,98.244,101.95,215,0
PEM,D,20151026,000000,101.79,101.88,98.244,101.79,56,0
PEM,D,20151027,000000,101.27,101.27,101.27,101.27,7,0
PEM,D,20151028,000000,101.27,101.27,101.27,101.27,2,0
PEM,D,20151029,000000,98.244,99.76,98.244,99.76,80,0
PEM,D,20151030,000000,95.979,99.76,95.979,99.76,39,0
PEM,D,20151102,000000,101.27,101.27,101.27,101.27,1,0
PEM,D,20151103,000000,101.27,101.27,101.27,101.27,27,0
PEM,D,20151104,000000,101.12,101.88,101.12,101.88,1656,0
PEM,D,20151105,000000,99.76,100.51,99.76,100.51,145,0
PEM,D,20151106,000000,99.006,99.006,96.584,96.584,109,0
PEM,D,20151109,000000,95.979,95.979,95.979,95.979,27,0
PEM,D,20151110,000000,98.244,98.244,98.244,98.244,1,0
PEM,D,20151112,000000,98.244,99.65,98.244,99.65,266,0
PEM,D,20151113,000000,99.65,99.65,97.492,99.006,68938,0
PEM,D,20151116,000000,99.006,101.57,99.006,101.57,51,0
PEM,D,20151117,000000,98.318,101.43,98.318,101.43,21,0
PEM,D,20151118,000000,101.38,101.38,101.38,101.38,11,0
PEM,D,20151119,000000,101.27,101.27,101.27,101.27,39,0
PEM,D,20151123,000000,100.96,100.96,100.96,100.96,1,0
PEM,D,20151124,000000,100.96,100.96,97.492,97.492,135,0
PEM,D,20151125,000000,100.51,100.51,98.244,100.51,69,0
PEM,D,20151126,000000,98.62,100.44,97.529,100.44,100,0
PEM,D,20151127,000000,99.72,99.72,99.72,99.72,64,0
PEM,D,20151130,000000,99.72,99.72,99.006,99.006,36,0
PEM,D,20151201,000000,99.72,99.72,99.65,99.65,46,0
PEM,D,20151202,000000,99.033,99.033,97.492,97.492,418,0
PEM,D,20151203,000000,97.492,97.492,97.492,97.492,1,0
PEM,D,20151204,000000,97.492,97.492,95.979,97.492,74,0
PEM,D,20151207,000000,96.135,96.135,96.135,96.135,20,0
PEM,D,20151208,000000,97.492,97.492,95.979,95.979,375,0
PEM,D,20151209,000000,97.492,97.492,92.962,92.962,385,0
PEM,D,20151210,000000,92.989,92.989,92.989,92.989,158,0
PEM,D,20151214,000000,92.962,92.962,86.154,90.086,178,0
PEM,D,20151215,000000,90.086,90.086,86.911,87.588,481,0
PEM,D,20151216,000000,89.176,89.176,86.833,87.666,153,0
PEM,D,20151217,000000,88.421,88.421,85.398,86.868,870,0
PEM,D,20151218,000000,86.868,86.868,84.982,85.738,10838,0
PEM,D,20151221,000000,88.837,88.837,85.775,86.304,97,0
PEM,D,20151222,000000,86.304,86.304,83.886,85.775,7231,0
PEM,D,20151223,000000,85.775,86.911,85.775,86.911,104,0
PEM,D,20151228,000000,86.911,89.93,86.911,89.176,4564,0
PEM,D,20151229,000000,89.93,89.93,89.176,89.176,87,0
PEM,D,20151230,000000,89.176,90.312,87.666,89.93,7490,0
PEM,D,20160104,000000,90.684,90.684,90.684,90.684,5,0
PEM,D,20160105,000000,87.666,89.097,86.154,89.097,145,0
PEM,D,20160107,000000,87.666,87.666,87.666,87.666,21,0
PEM,D,20160108,000000,89.097,89.861,86.002,89.176,195,0
PEM,D,20160111,000000,89.176,89.176,85.624,86.911,377,0
PEM,D,20160112,000000,85.775,87.666,85.775,86.911,898,0
PEM,D,20160113,000000,87.666,87.666,86.154,87.666,267,0
PEM,D,20160114,000000,88.421,89.176,88.421,89.176,33,0
PEM,D,20160115,000000,89.097,89.097,89.063,89.063,7,0
PEM,D,20160118,000000,86.911,88.985,86.911,88.985,9,0
PEM,D,20160119,000000,86.911,88.985,86.911,88.985,164,0
PEM,D,20160120,000000,87.666,88.004,86.911,88.004,106,0
PEM,D,20160121,000000,88.004,88.004,87.666,88.004,93,0
PEM,D,20160122,000000,87.666,88.95,87.666,88.95,161,0
PEM,D,20160125,000000,88.95,89.097,87.666,87.666,164,0
PEM,D,20160126,000000,86.946,89.141,86.946,89.141,141,0
PEM,D,20160127,000000,86.339,87.44,86.339,87.44,360,0
PEM,D,20160128,000000,88.568,88.568,88.568,88.568,101,0
PEM,D,20160129,000000,86.382,89.097,86.382,89.097,220,0
PEM,D,20160201,000000,89.141,89.141,87.666,87.666,16345,0
PEM,D,20160202,000000,89.141,89.141,89.141,89.141,1,0
PEM,D,20160203,000000,89.141,89.141,89.141,89.141,86,0
PEM,D,20160204,000000,89.141,89.141,89.141,89.141,2,0
PEM,D,20160208,000000,89.141,89.93,89.141,89.93,62,0
PEM,D,20160209,000000,89.93,89.93,89.93,89.93,93,0
PEM,D,20160210,000000,89.93,89.93,89.93,89.93,189,0
PEM,D,20160211,000000,89.93,89.93,89.93,89.93,20,0
PEM,D,20160212,000000,89.93,89.93,89.93,89.93,5,0
PEM,D,20160215,000000,90.312,90.459,90.312,90.459,242,0
PEM,D,20160216,000000,90.459,90.684,90.459,90.684,113,0
PEM,D,20160217,000000,90.684,91.595,90.684,91.595,69,0
PEM,D,20160218,000000,92.842,92.842,92.842,92.842,1,0
PEM,D,20160219,000000,92.842,94.466,92.842,94.466,2,0
PEM,D,20160222,000000,95.19,95.19,94.466,94.466,2,0
PEM,D,20160223,000000,94.466,94.466,94.466,94.466,53,0
PEM,D,20160224,000000,94.429,94.429,92.2,93.714,11,0
PEM,D,20160225,000000,93.714,93.714,91.595,93.677,207,0
PEM,D,20160226,000000,93.594,93.594,91.448,91.448,56,0
PEM,D,20160229,000000,91.214,91.448,89.176,89.557,189,0
PEM,D,20160302,000000,89.67,91.824,89.557,91.824,119,0
PEM,D,20160303,000000,91.448,93.631,91.448,93.631,37,0
PEM,D,20160304,000000,93.631,93.631,93.558,93.631,281,0
PEM,D,20160307,000000,93.631,94.356,92.962,94.356,185,0
PEM,D,20160308,000000,94.356,95.218,94.356,94.356,657,0
PEM,D,20160309,000000,94.466,94.466,94.466,94.466,204,0
PEM,D,20160310,000000,94.851,97.832,94.851,97.602,1093,0
PEM,D,20160311,000000,97.602,100.51,97.446,100.51,5596,0
PEM,D,20160314,000000,101.79,101.79,99.418,100.51,406,0
PEM,D,20160315,000000,101.15,101.15,99.76,100.85,216,0
PEM,D,20160316,000000,100.85,101.15,100.85,101.15,104,0
PEM,D,20160317,000000,101.12,101.12,99.76,100.51,105,0
PEM,D,20160318,000000,101.12,101.12,99.226,99.226,586,0
PEM,D,20160321,000000,100.51,101.12,100.51,100.51,400,0
PEM,D,20160322,000000,100.51,100.51,99.76,99.76,136,0
PEM,D,20160323,000000,99.308,99.76,99.308,99.76,196,0
PEM,D,20160324,000000,98.244,98.244,95.374,95.374,1794,0
PEM,D,20160329,000000,97.492,101.15,93.594,95.979,850,0
PEM,D,20160330,000000,96.199,96.355,94.163,95.144,1010,0
PEM,D,20160331,000000,95.218,95.218,94.163,94.548,161,0
PEM,D,20160401,000000,94.768,94.768,94.466,94.466,823,0
PEM,D,20160404,000000,94.236,98.244,93.714,93.714,377,0
PEM,D,20160405,000000,94.466,94.466,94.319,94.466,141,0
PEM,D,20160406,000000,94.466,94.466,93.714,93.714,161,0
PEM,D,20160407,000000,96.355,96.355,92.962,94.081,1323,0
PEM,D,20160408,000000,95.218,95.218,93.714,94.466,458,0
PEM,D,20160411,000000,95.218,95.218,89.739,90.572,6812,0
PEM,D,20160412,000000,90.684,90.684,88.95,89.288,1215,0
PEM,D,20160413,000000,92.127,92.127,90.233,90.684,8554,0
PEM,D,20160414,000000,90.684,90.762,90.572,90.684,1895,0
PEM,D,20160415,000000,90.684,90.684,89.861,90.649,733,0
PEM,D,20160418,000000,90.684,90.684,90.684,90.684,526,0
PEM,D,20160419,000000,90.684,91.366,90.684,91.292,848,0
PEM,D,20160420,000000,91.292,91.292,91.101,91.101,1089,0
PEM,D,20160421,000000,91.101,91.101,90.684,90.684,1060,0
PEM,D,20160422,000000,90.684,90.684,90.537,90.537,361,0
PEM,D,20160425,000000,90.616,90.684,90.312,90.346,727,0
PEM,D,20160426,000000,90.233,90.616,90.233,90.616,859,0
PEM,D,20160427,000000,90.616,90.616,90.312,90.616,347,0
PEM,D,20160428,000000,90.616,90.616,90.616,90.616,148,0
PEM,D,20160429,000000,90.268,90.616,89.93,90.616,346,0
PEM,D,20160502,000000,90.616,90.616,90.537,90.616,240,0
PEM,D,20160504,000000,90.616,90.616,90.155,90.155,43,0
PEM,D,20160505,000000,90.12,90.12,89.93,89.93,218,0
PEM,D,20160506,000000,89.93,89.93,89.4,89.4,263,0
PEM,D,20160509,000000,89.479,90.616,89.479,90.616,439,0
PEM,D,20160510,000000,89.4,89.4,84.944,85.775,7983,0
PEM,D,20160511,000000,85.775,85.775,85.17,85.398,1164,0
PEM,D,20160512,000000,86.116,86.116,85.7,85.7,243,0
PEM,D,20160513,000000,85.398,85.738,84.944,85.398,761,0
PEM,D,20160516,000000,84.982,85.738,84.982,85.738,731,0
PEM,D,20160517,000000,86.116,86.154,86.116,86.154,1383,0
PEM,D,20160518,000000,86.154,86.154,85.775,86.154,884,0
PEM,D,20160519,000000,86.154,86.154,85.398,85.398,330,0
PEM,D,20160520,000000,86.154,86.154,85.398,85.398,607,0
PEM,D,20160523,000000,85.473,86.154,85.058,85.058,1995,0
PEM,D,20160524,000000,85.7,87.666,85.398,87.666,1522,0
PEM,D,20160525,000000,87.588,87.666,87.284,87.666,3202,0
PEM,D,20160527,000000,87.666,87.666,87.25,87.25,169,0
PEM,D,20160530,000000,86.911,87.666,86.911,86.911,1137,0
PEM,D,20160531,000000,86.911,86.911,85.398,85.398,376,0
PEM,D,20160601,000000,85.398,86.002,85.398,85.398,1421,0
PEM,D,20160602,000000,85.775,86.154,85.247,85.247,586,0
PEM,D,20160603,000000,86.53,86.53,85.284,86.154,569,0
PEM,D,20160606,000000,86.154,86.53,85.398,86.304,826,0
PEM,D,20160607,000000,87.631,87.631,85.927,87.588,569,0
PEM,D,20160608,000000,86.53,87.666,86.53,87.666,1543,0
PEM,D,20160609,000000,87.588,87.588,86.911,86.911,13669,0
PEM,D,20160610,000000,87.588,87.588,86.911,86.911,334,0
PEM,D,20160613,000000,87.25,87.25,86.154,86.154,253,0
PEM,D,20160614,000000,86.911,86.911,85.398,85.548,714,0
PEM,D,20160615,000000,85.512,86.755,85.398,86.755,741,0
PEM,D,20160616,000000,85.473,85.473,79.503,79.503,4302,0
PEM,D,20160617,000000,81.582,82.752,81.543,81.618,492,0
PEM,D,20160620,000000,83.017,84.869,83.017,84.869,144,0
PEM,D,20160621,000000,85.398,86.154,85.398,86.154,328,0
PEM,D,20160622,000000,86.002,87.514,86.002,87.514,571,0
PEM,D,20160623,000000,87.514,88.269,86.947,88.042,702,0
PEM,D,20160624,000000,86.078,86.456,79.805,86.04,2499,0
PEM,D,20160627,000000,86.154,86.796,82.753,84.605,5118,0
PEM,D,20160628,000000,84.57,88.906,82.401,82.401,1967,0
PEM,D,20160629,000000,86.296,86.565,81.439,84.352,1230,0
PEM,D,20160630,000000,82.141,84.396,82.141,83.268,1508,0
PEM,D,20160701,000000,83.268,83.268,82.401,82.575,81,0
PEM,D,20160704,000000,82.392,82.392,81.36,81.36,1945,0
PEM,D,20160705,000000,81.1,81.525,80.666,80.666,68,0
PEM,D,20160706,000000,80.666,81.525,80.666,81.49,164,0
PEM,D,20160707,000000,81.49,81.499,80.753,81.36,337,0
PEM,D,20160708,000000,81.36,81.36,81.351,81.351,167,0
PEM,D,20160711,000000,81.343,81.343,80.753,81.317,256,0
PEM,D,20160712,000000,81.317,81.317,80.657,80.657,4419,0
PEM,D,20160713,000000,80.657,80.657,80.649,80.649,632,0
PEM,D,20160714,000000,80.649,80.649,79.808,80.649,262,0
PEM,D,20160715,000000,80.649,80.666,79.808,80.666,345,0
PEM,D,20160718,000000,80.666,81.1,80.666,81.1,552,0
PEM,D,20160719,000000,81.274,82.661,81.274,82.514,871,0
PEM,D,20160720,000000,82.583,84.266,82.583,84.222,137,0
PEM,D,20160721,000000,84.222,86.695,84.222,85.004,375,0
PEM,D,20160722,000000,86.261,86.261,84.829,86.209,63,0
PEM,D,20160725,000000,86.174,104.39,84.231,104.39,33261,0
PEM,D,20160726,000000,99.83,104.04,95.539,95.539,1914,0
PEM,D,20160727,000000,95.539,97.584,90.468,97.144,379,0
PEM,D,20160728,000000,97.061,97.492,94.2,97.492,421,0
PEM,D,20160729,000000,94.108,95.41,92.723,92.806,499,0
PEM,D,20160801,000000,95.365,95.365,95.365,95.365,3,0
PEM,D,20160802,000000,95.236,95.236,92.806,95.199,37,0
PEM,D,20160803,000000,94.548,94.548,94.548,94.548,20,0
PEM,D,20160804,000000,94.548,94.548,93.283,93.328,141,0
PEM,D,20160805,000000,93.328,93.328,91.075,91.075,20,0
PEM,D,20160808,000000,93.328,93.328,91.989,93.328,22,0
PEM,D,20160809,000000,93.677,93.677,93.328,93.328,53,0
PEM,D,20160810,000000,91.989,93.328,91.161,93.328,28,0
PEM,D,20160811,000000,93.246,93.246,91.989,93.246,164,0
PEM,D,20160812,000000,92.118,92.98,92.118,92.98,20,0
PEM,D,20160816,000000,93.246,93.246,91.989,93.154,36,0
PEM,D,20160817,000000,92.806,92.806,92.155,92.2,22,0
PEM,D,20160818,000000,92.2,92.2,84.57,85.87,1445,0
PEM,D,20160819,000000,85.862,85.862,84.396,84.396,402,0
PEM,D,20160822,000000,85.004,85.697,84.049,84.049,248,0
PEM,D,20160823,000000,83.702,84.743,83.702,84.743,13,0
PEM,D,20160824,000000,84.743,86.738,84.743,85.436,885,0
PEM,D,20160825,000000,85.004,85.436,84.57,85.436,1101,0
PEM,D,20160826,000000,83.789,84.136,83.789,84.136,270,0
PEM,D,20160829,000000,83.277,84.136,83.268,83.277,686,0
PEM,D,20160830,000000,84.049,85.004,84.049,85.004,461,0
PEM,D,20160831,000000,85.004,85.004,83.286,83.286,52,0
PEM,D,20160901,000000,83.286,83.311,82.054,82.054,109,0
PEM,D,20160902,000000,84.049,84.049,83.963,83.963,14,0
PEM,D,20160905,000000,82.488,83.268,81.534,83.268,335,0
PEM,D,20160906,000000,82.661,82.661,81.75,81.794,362,0
PEM,D,20160907,000000,81.889,81.889,80.97,80.97,1014,0
PEM,D,20160908,000000,81.1,81.1,80.97,80.97,698,0
PEM,D,20160909,000000,80.84,81.1,80.666,80.666,180,0
PEM,D,20160912,000000,80.675,80.675,77.882,78.324,993,0
PEM,D,20160913,000000,78.064,80.233,74.595,78.064,1313,0
PEM,D,20160914,000000,75.549,75.549,75.462,75.462,95,0
PEM,D,20160915,000000,74.595,74.595,70.345,70.587,940,0
PEM,D,20160916,000000,71.125,71.125,70.258,70.258,676,0
PEM,D,20160919,000000,70.258,70.258,66.181,66.181,1233,0
PEM,D,20160920,000000,68.419,69.043,65.921,68.956,986,0
PEM,D,20160921,000000,69.39,71.949,69.39,71.949,63,0
PEM,D,20160922,000000,70.258,70.258,65.834,65.834,1257,0
PEM,D,20160923,000000,65.054,65.921,62.885,65.921,543,0
PEM,D,20160926,000000,65.097,65.747,60.708,62.972,3146,0
PEM,D,20160927,000000,61.584,61.584,59.849,59.849,2996,0
PEM,D,20160928,000000,60.717,60.89,60.717,60.76,287,0
PEM,D,20160929,000000,60.717,62.885,60.717,62.451,264,0
PEM,D,20160930,000000,62.451,66.528,62.451,63.84,2210,0
PEM,D,20161003,000000,65.574,66.346,63.371,66.346,499,0
PEM,D,20161004,000000,65.054,66.528,65.054,65.487,319,0
PEM,D,20161005,000000,66.528,66.528,65.921,65.921,193,0
PEM,D,20161006,000000,65.531,66.528,65.531,66.528,27,0
PEM,D,20161007,000000,66.528,66.528,66.354,66.354,2,0
PEM,D,20161010,000000,65.487,65.487,64.36,65.054,318,0
PEM,D,20161011,000000,65.34,65.34,65.34,65.34,1,0
PEM,D,20161012,000000,64.62,65.227,64.272,64.272,198,0
PEM,D,20161013,000000,65.227,65.227,65.227,65.227,5,0
PEM,D,20161017,000000,63.536,63.622,61.151,63.622,586,0
PEM,D,20161018,000000,63.622,63.622,63.622,63.622,1,0
PEM,D,20161019,000000,61.324,61.324,58.115,59.849,942,0
PEM,D,20161020,000000,61.454,63.319,61.454,63.319,273,0
PEM,D,20161021,000000,63.231,63.231,56.909,60.717,1065,0
PEM,D,20161024,000000,60.717,61.584,60.717,61.584,198,0
PEM,D,20161025,000000,60.717,62.39,60.717,62.39,38,0
PEM,D,20161026,000000,62.321,62.321,60.717,60.717,24,0
PEM,D,20161027,000000,61.974,62.017,59.979,61.584,1493,0
PEM,D,20161028,000000,61.584,61.584,61.584,61.584,14,0
PEM,D,20161031,000000,62.686,62.686,60.717,60.717,203,0
PEM,D,20161102,000000,60.977,60.977,59.719,60.977,334,0
PEM,D,20161103,000000,60.717,60.717,60.717,60.717,116,0
PEM,D,20161104,000000,60.717,60.717,59.502,59.502,255,0
PEM,D,20161107,000000,60.283,60.283,57.247,57.247,645,0
PEM,D,20161108,000000,56.813,57.247,55.339,57.247,273,0
PEM,D,20161109,000000,55.512,56.38,55.512,56.38,377,0
PEM,D,20161110,000000,55.946,56.38,55.512,55.512,186,0
PEM,D,20161114,000000,56.597,57.134,56.38,56.38,20,0
PEM,D,20161115,000000,56.38,57.074,56.38,56.813,4,0
PEM,D,20161116,000000,56.813,56.813,54.445,55.165,180,0
PEM,D,20161117,000000,54.645,55.946,54.645,55.946,57,0
PEM,D,20161118,000000,55.928,55.928,55.512,55.512,45,0
PEM,D,20161121,000000,55.512,55.512,51.696,51.696,939,0
PEM,D,20161122,000000,53.344,53.344,49.995,51.262,22017,0
PEM,D,20161123,000000,51.288,53.257,51.288,53.257,40,0
PEM,D,20161125,000000,52.476,52.476,52.476,52.476,28,0
PEM,D,20161128,000000,53.595,53.595,52.042,52.042,174,0
PEM,D,20161129,000000,51.609,51.609,51.176,51.176,546,0
PEM,D,20161130,000000,51.271,51.271,50.395,50.412,1620,0
PEM,D,20161201,000000,51.176,51.176,49.874,49.883,1975,0
PEM,D,20161202,000000,49.883,49.883,49.44,49.874,772,0
PEM,D,20161205,000000,49.874,50.291,49.874,49.883,480,0
PEM,D,20161206,000000,49.883,50.3,49.883,49.961,418,0
PEM,D,20161207,000000,50.308,50.308,48.226,49.528,1318,0
PEM,D,20161208,000000,50.308,50.308,50.3,50.308,188,0
PEM,D,20161209,000000,51.002,52.034,50.265,50.265,710,0
PEM,D,20161212,000000,50.265,52.042,50.048,51.262,963,0
PEM,D,20161213,000000,53.083,53.083,52.042,52.042,1676,0
PEM,D,20161214,000000,52.91,53.717,52.052,52.563,18202,0
PEM,D,20161215,000000,53.336,53.56,52.303,52.893,1556,0
PEM,D,20161216,000000,53.326,53.336,52.042,53.336,2783,0
PEM,D,20161219,000000,53.083,53.083,52.303,52.32,455,0
PEM,D,20161220,000000,52.32,53.517,52.32,53.379,808,0
PEM,D,20161221,000000,53.344,53.344,52.694,52.694,44,0
PEM,D,20161222,000000,52.78,53.318,52.78,53.24,411,0
PEM,D,20161223,000000,52.91,53.76,52.476,53.76,1785,0
PEM,D,20161227,000000,53.752,53.752,52.303,52.511,3331,0
PEM,D,20161228,000000,52.52,53.336,52.52,52.606,603,0
PEM,D,20161229,000000,52.606,52.606,52.606,52.606,12,0
PEM,D,20161230,000000,52.65,53.136,52.303,52.91,5225,0
PEM,D,20170102,000000,52.476,53.604,52.476,52.581,364,0
PEM,D,20170103,000000,53.517,53.56,52.476,52.476,519,0
PEM,D,20170104,000000,53.344,53.387,52.042,52.042,948,0
PEM,D,20170105,000000,52.217,52.217,51.878,51.878,253,0
PEM,D,20170109,000000,51.878,51.878,51.696,51.696,282,0
PEM,D,20170110,000000,52.052,52.902,51.739,52.884,737,0
PEM,D,20170111,000000,53.778,53.778,52.042,53.604,966,0
PEM,D,20170112,000000,53.257,53.257,51.696,51.696,625,0
PEM,D,20170113,000000,51.696,51.696,48.339,48.366,2269,0
PEM,D,20170116,000000,49.961,49.961,48.66,48.66,414,0
PEM,D,20170117,000000,50.872,50.872,50.828,50.828,35,0
PEM,D,20170118,000000,50.811,50.872,50.785,50.828,146,0
PEM,D,20170119,000000,50.898,50.898,49.362,50.898,317,0
PEM,D,20170120,000000,50.907,50.907,50.907,50.907,1,0
PEM,D,20170123,000000,50.958,51.861,50.308,50.308,229,0
PEM,D,20170124,000000,49.874,51.176,49.44,51.176,502,0
PEM,D,20170125,000000,50.308,50.308,50.308,50.308,359,0
PEM,D,20170126,000000,50.308,50.308,49.44,49.44,1315,0
PEM,D,20170127,000000,49.952,49.952,49.44,49.44,508,0
PEM,D,20170130,000000,49.866,49.866,47.706,49.44,630,0
PEM,D,20170131,000000,49.874,50.178,49.701,50.178,152,0
PEM,D,20170201,000000,50.213,50.213,48.608,48.608,173,0
PEM,D,20170202,000000,48.608,48.703,48.59,48.66,1007,0
PEM,D,20170203,000000,48.669,50.048,48.573,50.039,1486,0
PEM,D,20170206,000000,50.074,50.074,49.44,49.44,73,0
PEM,D,20170207,000000,49.44,49.874,49.44,49.44,190,0
PEM,D,20170208,000000,48.582,48.582,48.322,48.322,672,0
PEM,D,20170209,000000,48.322,49.44,48.322,48.399,104,0
PEM,D,20170210,000000,48.487,48.487,47.801,47.801,1863,0
PEM,D,20170213,000000,47.724,47.724,46.405,46.405,1663,0
PEM,D,20170214,000000,46.838,46.838,46.405,46.405,156,0
PEM,D,20170215,000000,45.971,46.804,45.676,46.804,656,0
PEM,D,20170216,000000,46.665,46.665,45.971,46.648,298,0
PEM,D,20170217,000000,45.971,46.648,45.104,45.104,907,0
PEM,D,20170220,000000,45.121,46.136,42.935,45.104,3740,0
PEM,D,20170221,000000,45,45.095,43.889,45.095,361,0
PEM,D,20170222,000000,45.017,45.104,44.237,44.237,1076,0
PEM,D,20170223,000000,44.28,45.095,44.237,45.095,162,0
PEM,D,20170224,000000,45.025,45.087,44.237,44.713,336,0
PEM,D,20170227,000000,45.095,45.104,44.67,44.67,365,0
PEM,D,20170228,000000,44.757,44.757,44.237,44.237,896,0
PEM,D,20170301,000000,44.237,44.237,43.369,44.237,981,0
PEM,D,20170302,000000,44.237,44.237,44.063,44.063,101,0
PEM,D,20170303,000000,43.629,43.803,43.369,43.369,808,0
PEM,D,20170306,000000,43.429,43.429,43.369,43.369,3497,0
PEM,D,20170307,000000,43.369,44.237,43.369,44.237,6695,0
PEM,D,20170308,000000,43.369,44.219,43.022,44.115,5149,0
PEM,D,20170309,000000,43.369,43.369,43.04,43.369,4420,0
PEM,D,20170310,000000,44.019,44.019,42.927,42.927,695,0
PEM,D,20170313,000000,42.77,43.794,42.77,42.935,5454,0
PEM,D,20170314,000000,42.987,43.742,42.501,42.501,31159,0
PEM,D,20170315,000000,42.32,43.803,42.32,43.369,277,0
PEM,D,20170316,000000,42.935,43.369,42.935,42.935,1272,0
PEM,D,20170317,000000,43.794,43.794,42.597,43.794,319,0
PEM,D,20170320,000000,43.785,46.786,43.785,46.396,1123,0
PEM,D,20170321,000000,46.396,49.345,46.058,49.163,2501,0
PEM,D,20170322,000000,47.792,49.154,47.359,49.094,55,0
PEM,D,20170323,000000,48.573,48.573,47.706,48.487,68,0
PEM,D,20170324,000000,47.619,49.172,47.619,49.172,740,0
PEM,D,20170327,000000,49.154,52.034,49.154,50.646,1284,0
PEM,D,20170328,000000,50.629,50.976,48.573,49.866,180,0
PEM,D,20170329,000000,48.2,49.44,47.012,49.007,357,0
PEM,D,20170330,000000,48.964,48.964,47.706,47.706,56,0
PEM,D,20170331,000000,47.706,48.92,46.7,47.055,802,0
PEM,D,20170403,000000,47.662,47.662,46.274,46.274,836,0
PEM,D,20170404,000000,46.274,48.565,46.274,46.847,207,0
PEM,D,20170405,000000,47.897,47.897,47.879,47.888,14,0
PEM,D,20170406,000000,47.888,48.391,46.405,48.391,138,0
PEM,D,20170407,000000,48.391,48.391,48.391,48.391,56,0
PEM,D,20170410,000000,48.183,48.399,46.926,48.096,142,0
PEM,D,20170411,000000,47.749,47.749,46.266,46.266,149,0
PEM,D,20170412,000000,47.533,48.096,47.533,48.053,27,0
PEM,D,20170413,000000,48.045,48.053,46.405,47.706,288,0
PEM,D,20170418,000000,48.053,48.226,47.272,48.226,328,0
PEM,D,20170419,000000,48.226,48.226,48.226,48.226,2,0
PEM,D,20170420,000000,47.879,47.879,47.879,47.879,35,0
PEM,D,20170421,000000,48.131,48.131,47.706,47.706,44,0
PEM,D,20170424,000000,48.131,48.131,46.838,46.838,105,0
PEM,D,20170425,000000,47.706,47.706,47.706,47.706,33,0
PEM,D,20170426,000000,47.706,47.706,46.838,47.706,134,0
PEM,D,20170427,000000,47.706,47.879,47.706,47.706,106,0
PEM,D,20170428,000000,47.706,47.706,47.689,47.689,48,0
PEM,D,20170502,000000,47.619,48.122,47.619,48.122,89,0
PEM,D,20170504,000000,48.14,48.14,48.14,48.14,1,0
PEM,D,20170505,000000,47.272,47.706,47.272,47.706,25,0
PEM,D,20170508,000000,47.706,47.879,47.706,47.749,140,0
PEM,D,20170509,000000,47.749,47.749,47.359,47.359,109,0
PEM,D,20170510,000000,48.14,48.14,48.14,48.14,1,0
PEM,D,20170511,000000,47.359,47.446,47.281,47.446,112,0
PEM,D,20170512,000000,48.148,50.742,48.148,49.831,546,0
PEM,D,20170515,000000,48.452,50.074,48.409,50.074,186,0
PEM,D,20170516,000000,50.048,50.048,47.489,47.489,868,0
PEM,D,20170517,000000,47.315,47.315,45.928,47.22,606,0
PEM,D,20170519,000000,46.838,47.203,44.323,46.838,833,0
PEM,D,20170522,000000,45.537,45.537,45.537,45.537,35,0
PEM,D,20170523,000000,46.804,47.229,45.564,45.564,631,0
PEM,D,20170524,000000,47.177,47.177,46.838,46.838,39,0
PEM,D,20170525,000000,46.83,47.185,45.537,47.185,965,0
PEM,D,20170526,000000,46.058,46.838,46.058,46.838,77,0
PEM,D,20170529,000000,46.838,46.838,45.233,46.813,351,0
PEM,D,20170530,000000,46.813,47.446,46.813,47.446,143,0
PEM,D,20170531,000000,46.838,46.838,46.838,46.838,138,0
PEM,D,20170601,000000,47.393,49.432,43.369,43.976,7011,0
PEM,D,20170602,000000,43.898,45.017,43.569,44.237,779,0
PEM,D,20170605,000000,44.237,45.095,44.237,45.095,85,0
PEM,D,20170606,000000,45.095,45.095,45.095,45.095,70,0
PEM,D,20170607,000000,44.219,45.104,44.219,45.104,741,0
PEM,D,20170608,000000,45.104,45.104,43.968,43.976,148,0
PEM,D,20170609,000000,44.011,45.017,44.011,45.017,38,0
PEM,D,20170612,000000,44.071,44.071,44.002,44.019,120,0
PEM,D,20170613,000000,44.002,44.002,43.828,43.828,69,0
PEM,D,20170614,000000,43.889,43.906,43.803,43.803,475,0
PEM,D,20170616,000000,44.237,45.095,43.464,44.583,731,0
PEM,D,20170619,000000,44.67,45.017,43.369,43.369,389,0
PEM,D,20170620,000000,44.583,44.583,44.583,44.583,3,0
PEM,D,20170621,000000,44.583,44.801,44.583,44.801,201,0
PEM,D,20170622,000000,44.791,44.791,43.464,44.783,210,0
PEM,D,20170623,000000,44.783,44.783,44.783,44.783,2,0
PEM,D,20170626,000000,44.783,44.783,43.369,44.237,752,0
PEM,D,20170627,000000,44.774,44.774,44.237,44.237,237,0
PEM,D,20170628,000000,44.67,44.67,43.56,44.237,398,0
PEM,D,20170629,000000,44.237,44.67,44.237,44.67,424,0
PEM,D,20170630,000000,44.67,44.93,43.872,43.872,369,0
PEM,D,20170703,000000,45.06,45.104,43.889,45.104,849,0
PEM,D,20170704,000000,45.104,45.104,44.67,44.991,189,0
PEM,D,20170705,000000,45.008,45.104,44.67,45.087,167,0
PEM,D,20170706,000000,45.078,45.104,44.679,45.104,87,0
PEM,D,20170707,000000,45.104,45.104,44.67,45.104,522,0
PEM,D,20170710,000000,45.104,45.104,44.67,44.67,7,0
PEM,D,20170711,000000,44.67,44.67,44.237,44.67,29,0
PEM,D,20170712,000000,45.104,45.104,44.089,45.104,119,0
PEM,D,20170713,000000,45.008,45.104,44.089,45.104,97,0
PEM,D,20170714,000000,45.104,45.104,45.017,45.095,61,0
PEM,D,20170717,000000,45.095,45.095,44.081,45.087,114,0
PEM,D,20170718,000000,45.087,45.104,45.087,45.104,55,0
PEM,D,20170719,000000,45.104,45.104,45.104,45.104,1,0
PEM,D,20170720,000000,45.104,45.104,43.456,45.017,637,0
PEM,D,20170721,000000,45.017,45.017,44.93,45.017,188,0
PEM,D,20170724,000000,45.017,45.017,44.67,45.017,140,0
PEM,D,20170725,000000,45.017,45.017,43.456,44.67,990,0
PEM,D,20170726,000000,44.67,44.67,44.67,44.67,85,0
PEM,D,20170727,000000,44.67,44.67,44.67,44.67,4,0
PEM,D,20170728,000000,44.67,44.67,43.638,43.638,22,0
PEM,D,20170731,000000,44.67,44.844,44.67,44.844,161,0
PEM,D,20170801,000000,44.757,44.844,44.757,44.844,57,0
PEM,D,20170802,000000,44.844,44.844,44.28,44.844,240,0
PEM,D,20170803,000000,44.844,44.844,44.844,44.844,2,0
PEM,D,20170804,000000,44.844,44.844,44.801,44.801,126,0
PEM,D,20170807,000000,45.104,45.104,44.713,45.104,43,0
PEM,D,20170808,000000,45.104,45.104,44.237,44.67,288,0
PEM,D,20170809,000000,45.104,45.104,43.369,44.237,503,0
PEM,D,20170810,000000,44.193,44.844,44.193,44.844,41,0
PEM,D,20170811,000000,44.844,44.974,44.844,44.974,37,0
PEM,D,20170814,000000,44.974,45.104,44.974,45.104,181,0
PEM,D,20170816,000000,45.104,45.104,44.757,45.104,338,0
PEM,D,20170817,000000,45.104,45.104,45.104,45.104,169,0
PEM,D,20170818,000000,45.104,45.104,44.757,45.104,189,0
PEM,D,20170821,000000,45.104,45.104,44.713,45.104,265,0
PEM,D,20170822,000000,45.104,45.104,45.104,45.104,429,0
PEM,D,20170823,000000,45.104,45.104,45.104,45.104,316,0
PEM,D,20170824,000000,45.104,45.494,45.104,45.494,930,0
PEM,D,20170825,000000,45.537,45.537,45.104,45.537,122,0
PEM,D,20170828,000000,45.971,46.274,45.971,46.231,369,0
PEM,D,20170829,000000,46.257,46.274,45.798,45.798,289,0
PEM,D,20170830,000000,46.318,46.318,44.93,45.815,302,0
PEM,D,20170831,000000,45.815,45.815,45.104,45.104,845,0
PEM,D,20170901,000000,45.104,45.537,44.947,45.537,342,0
PEM,D,20170904,000000,45.537,46.214,45.06,45.971,1065,0
PEM,D,20170905,000000,45.949,45.967,45.188,45.949,273,0
PEM,D,20170906,000000,45.536,47.691,45.454,46.838,3931,0
PEM,D,20170907,000000,46.774,47.178,45.307,47.178,1489,0
PEM,D,20170908,000000,47.178,47.178,45.866,47.095,114,0
PEM,D,20170911,000000,46.774,46.774,45.866,46.683,169,0
PEM,D,20170912,000000,46.683,46.683,45.885,46.444,149,0
PEM,D,20170913,000000,46.435,46.435,45.866,46.288,157,0
PEM,D,20170914,000000,46.325,46.325,45.399,46.316,196,0
PEM,D,20170915,000000,45.857,45.903,44.5,44.5,900,0
PEM,D,20170918,000000,44.94,44.94,44.5,44.518,246,0
PEM,D,20170919,000000,44.674,44.674,43.748,44.481,401,0
PEM,D,20170920,000000,44.481,44.481,43.564,44.023,96,0
PEM,D,20170921,000000,44.023,44.023,41.372,41.748,728,0
PEM,D,20170922,000000,41.822,43.06,41.822,43.06,143,0
PEM,D,20170925,000000,43.427,43.473,43.097,43.106,366,0
PEM,D,20170926,000000,43.106,43.289,41.822,41.822,450,0
PEM,D,20170927,000000,41.822,43.289,41.748,43.289,129,0
PEM,D,20170928,000000,43.289,43.289,42.189,43.28,3,0
PEM,D,20170929,000000,43.28,43.564,42.189,43.555,1305,0
PEM,D,20171002,000000,43.564,43.564,43.564,43.564,1,0
PEM,D,20171003,000000,43.546,43.546,41.73,42.647,1111,0
PEM,D,20171004,000000,42.647,42.647,42.629,42.629,15,0
PEM,D,20171005,000000,42.629,42.629,41.18,42.189,330,0
PEM,D,20171006,000000,42.189,42.647,41.271,42.647,1081,0
PEM,D,20171009,000000,42.647,42.647,42.546,42.546,14,0
PEM,D,20171010,000000,42.555,42.555,42.179,42.179,52,0
PEM,D,20171011,000000,42.555,42.555,40.758,41.226,1019,0
PEM,D,20171012,000000,41.537,41.537,39.914,40.767,897,0
PEM,D,20171013,000000,40.767,40.767,38.107,39.208,1239,0
PEM,D,20171016,000000,38.071,38.887,37.511,38.236,2663,0
PEM,D,20171017,000000,38.217,38.217,38.19,38.19,481,0
PEM,D,20171018,000000,38.52,38.52,37.282,38.291,230,0
PEM,D,20171019,000000,38.291,38.291,37.337,38.061,498,0
PEM,D,20171020,000000,38.043,38.043,37.053,37.951,384,0
PEM,D,20171023,000000,37.951,37.97,37.603,37.786,599,0
PEM,D,20171024,000000,37.878,38.428,37.144,38.382,334,0
PEM,D,20171025,000000,38.382,38.382,37.236,38.327,662,0
PEM,D,20171026,000000,38.327,38.327,37.053,37.053,399,0
PEM,D,20171027,000000,37.236,37.236,36.686,36.686,1536,0
PEM,D,20171030,000000,37.603,37.603,35.778,35.952,1682,0
PEM,D,20171031,000000,36.117,36.117,34.861,34.888,1012,0
PEM,D,20171102,000000,34.879,35.035,34.668,35.035,239,0
PEM,D,20171103,000000,35.154,35.154,33.503,33.925,1969,0
PEM,D,20171106,000000,33.907,33.916,33.164,33.164,1245,0
PEM,D,20171107,000000,33.476,34.851,33.338,33.338,2655,0
PEM,D,20171108,000000,33.934,34.851,33.109,33.934,3360,0
PEM,D,20171109,000000,34.411,36.493,34.402,35.466,13811,0
PEM,D,20171110,000000,35.769,37.098,35.769,36.998,3645,0
PEM,D,20171113,000000,36.998,38.52,36.998,37.63,3193,0
PEM,D,20171114,000000,37.63,38.428,37.245,38.098,8012,0
PEM,D,20171115,000000,38.373,38.465,37.337,38.465,195,0
PEM,D,20171116,000000,38.465,38.465,37.695,38.419,202,0
PEM,D,20171117,000000,38.419,40.354,38.419,40.079,3142,0
PEM,D,20171120,000000,40.446,40.492,39.914,40.492,1292,0
PEM,D,20171121,000000,40.492,40.565,40.483,40.565,639,0
PEM,D,20171122,000000,40.813,40.813,40.354,40.712,155,0
PEM,D,20171123,000000,40.813,40.813,40.354,40.684,166,0
PEM,D,20171124,000000,40.813,40.813,40.015,40.015,23,0
PEM,D,20171127,000000,40.584,40.584,40.492,40.492,7,0
PEM,D,20171128,000000,40.464,40.464,40.263,40.263,2,0
PEM,D,20171129,000000,40.263,40.263,37.832,38.337,1843,0
PEM,D,20171130,000000,38.511,38.511,36.502,36.502,1583,0
PEM,D,20171201,000000,36.273,36.686,35.769,36.493,748,0
PEM,D,20171204,000000,36.686,37.098,36.511,37.098,291,0
PEM,D,20171205,000000,37.144,37.603,37.053,37.603,941,0
PEM,D,20171206,000000,37.603,38.034,36.704,38.034,557,0
PEM,D,20171207,000000,38.511,38.511,36.787,37.511,166,0
PEM,D,20171208,000000,37.511,38.227,37.511,38.227,108,0
PEM,D,20171211,000000,38.227,38.227,36.722,38.153,82,0
PEM,D,20171212,000000,38.052,38.052,36.713,36.823,607,0
PEM,D,20171213,000000,37.557,37.557,36.777,37.511,337,0
PEM,D,20171214,000000,37.548,37.548,36.823,37.539,217,0
PEM,D,20171215,000000,37.539,37.539,36.713,37.236,661,0
PEM,D,20171218,000000,37.236,37.511,37.144,37.511,89,0
PEM,D,20171219,000000,37.511,37.511,36.411,37.135,450,0
PEM,D,20171220,000000,37.135,37.135,36.356,36.988,95,0
PEM,D,20171221,000000,36.979,36.979,36.255,36.906,195,0
PEM,D,20171222,000000,36.897,36.897,35.98,36.677,540,0
PEM,D,20171227,000000,36.576,37.053,35.989,37.053,1771,0
PEM,D,20171228,000000,36.686,38.511,36.686,38.492,776,0
PEM,D,20171229,000000,38.52,40.556,38.511,39.437,378,0
PEM,D,20180103,000000,40.813,40.813,39.345,39.345,154,0
PEM,D,20180104,000000,40.721,40.721,38.979,40.446,117,0
PEM,D,20180105,000000,40.446,40.721,39.437,40.721,85,0
PEM,D,20180108,000000,40.721,41.18,40.721,41.18,207,0
PEM,D,20180109,000000,41.455,41.455,40.446,40.446,37,0
PEM,D,20180110,000000,41.455,41.455,41.271,41.455,110,0
PEM,D,20180111,000000,41.455,41.455,41.455,41.455,2,0
PEM,D,20180112,000000,41.455,41.455,40.813,41.455,13,0
PEM,D,20180115,000000,41.455,41.455,39.621,41.363,230,0
PEM,D,20180116,000000,41.363,41.363,41.363,41.363,1,0
PEM,D,20180117,000000,40.354,41.271,40.354,41.271,26,0
PEM,D,20180118,000000,41.271,41.271,41.271,41.271,20,0
PEM,D,20180119,000000,41.271,41.271,39.254,39.345,689,0
PEM,D,20180122,000000,39.437,39.437,39.345,39.437,160,0
PEM,D,20180123,000000,39.437,40.905,39.437,40.905,483,0
PEM,D,20180124,000000,41.18,41.18,41.18,41.18,1,0
PEM,D,20180125,000000,41.18,41.18,40.905,40.905,339,0
PEM,D,20180126,000000,41.271,41.271,40.996,40.996,275,0
PEM,D,20180129,000000,41.271,41.271,39.529,41.088,155,0
PEM,D,20180130,000000,41.088,41.088,40.996,40.996,8,0
PEM,D,20180131,000000,40.813,40.996,40.721,40.996,155,0
PEM,D,20180201,000000,41.088,41.18,40.354,41.18,445,0
PEM,D,20180202,000000,41.18,41.18,39.896,39.896,2,0
PEM,D,20180205,000000,41.18,41.18,39.987,40.996,431,0
PEM,D,20180206,000000,40.538,40.538,38.52,39.621,727,0
PEM,D,20180207,000000,39.621,40.171,38.979,40.171,79,0
PEM,D,20180208,000000,40.446,40.446,39.987,39.987,50,0
PEM,D,20180209,000000,39.345,39.345,38.887,38.887,289,0
PEM,D,20180212,000000,39.804,39.804,38.337,39.621,84,0
PEM,D,20180213,000000,39.712,39.896,39.712,39.896,266,0
PEM,D,20180214,000000,39.896,39.896,38.979,39.896,150,0
PEM,D,20180215,000000,39.896,39.896,39.437,39.896,29,0
PEM,D,20180216,000000,39.896,40.079,39.896,40.079,29,0
PEM,D,20180219,000000,40.079,40.079,39.437,39.437,106,0
PEM,D,20180220,000000,40.079,40.079,39.437,39.437,56,0
PEM,D,20180221,000000,39.437,39.437,38.703,38.703,343,0
PEM,D,20180222,000000,39.437,39.437,37.603,38.979,46,0
PEM,D,20180223,000000,38.979,38.979,38.979,38.979,2,0
PEM,D,20180226,000000,38.887,38.887,38.887,38.887,8,0
PEM,D,20180227,000000,38.703,38.703,38.703,38.703,2,0
PEM,D,20180228,000000,38.703,38.887,38.703,38.887,4,0
PEM,D,20180301,000000,38.795,38.795,38.795,38.795,2,0
PEM,D,20180302,000000,38.795,38.795,38.795,38.795,1,0
PEM,D,20180305,000000,38.795,38.795,38.795,38.795,40,0
PEM,D,20180306,000000,38.887,38.887,38.52,38.887,52,0
PEM,D,20180307,000000,38.887,38.887,38.52,38.52,2,0
PEM,D,20180308,000000,38.52,38.52,38.337,38.52,220,0
PEM,D,20180309,000000,38.52,38.52,37.419,38.52,700,0
PEM,D,20180312,000000,38.52,38.52,37.786,38.52,26,0
PEM,D,20180313,000000,38.52,38.52,37.511,38.52,240,0
PEM,D,20180314,000000,38.52,38.52,37.144,37.878,372,0
PEM,D,20180315,000000,37.878,37.878,36.686,37.878,363,0
PEM,D,20180316,000000,37.878,37.878,37.878,37.878,1,0
PEM,D,20180319,000000,37.878,38.061,37.878,38.061,32,0
PEM,D,20180320,000000,38.061,38.061,37.144,37.97,35,0
PEM,D,20180321,000000,37.878,37.97,37.878,37.97,28,0
PEM,D,20180322,000000,37.97,37.97,37.97,37.97,2,0
PEM,D,20180323,000000,38.061,38.061,36.411,37.053,480,0
PEM,D,20180326,000000,37.053,37.053,36.777,37.053,83,0
PEM,D,20180327,000000,37.053,37.053,35.769,35.952,649,0
PEM,D,20180328,000000,34.393,35.952,34.393,35.952,623,0
PEM,D,20180329,000000,35.86,36.319,35.86,36.319,39,0
PEM,D,20180403,000000,35.769,35.769,35.218,35.769,98,0
PEM,D,20180404,000000,35.769,35.769,35.127,35.677,363,0
PEM,D,20180405,000000,35.677,35.769,35.677,35.769,58,0
PEM,D,20180406,000000,35.769,37.328,35.493,37.328,575,0
PEM,D,20180409,000000,37.511,37.511,37.511,37.511,57,0
PEM,D,20180410,000000,37.511,37.511,36.411,37.511,77,0
PEM,D,20180411,000000,37.511,37.511,37.511,37.511,1,0
PEM,D,20180412,000000,37.144,37.144,37.144,37.144,55,0
PEM,D,20180413,000000,37.144,37.511,36.227,37.511,67,0
PEM,D,20180416,000000,37.511,38.52,37.511,38.52,659,0
PEM,D,20180417,000000,38.52,38.979,38.52,38.52,87,0
PEM,D,20180418,000000,39.254,39.254,38.52,38.52,38,0
PEM,D,20180419,000000,38.979,38.979,36.869,37.603,660,0
PEM,D,20180420,000000,38.979,38.979,34.393,35.493,2023,0
PEM,D,20180423,000000,36.044,36.044,32.375,33.292,3179,0
PEM,D,20180424,000000,32.559,33.659,32.559,33.659,97,0
PEM,D,20180425,000000,33.659,33.659,33.201,33.659,89,0
PEM,D,20180426,000000,33.659,33.659,32.559,33.567,112,0
PEM,D,20180427,000000,33.659,33.659,33.567,33.567,2,0
PEM,D,20180430,000000,33.567,33.567,32.559,33.567,72,0
PEM,D,20180502,000000,33.659,33.751,33.659,33.751,118,0
PEM,D,20180504,000000,33.751,33.751,33.017,33.476,250,0
PEM,D,20180507,000000,33.476,33.476,32.1,33.476,111,0
PEM,D,20180508,000000,33.476,33.567,33.017,33.476,329,0
PEM,D,20180509,000000,33.659,34.026,32.559,32.559,736,0
PEM,D,20180510,000000,33.659,33.659,33.567,33.659,57,0
PEM,D,20180511,000000,33.659,33.659,32.1,33.567,777,0
PEM,D,20180514,000000,33.659,33.659,32.559,33.659,21,0
PEM,D,20180515,000000,32.925,33.017,32.925,33.017,22,0
PEM,D,20180516,000000,33.659,33.659,33.659,33.659,2,0
PEM,D,20180517,000000,33.659,33.659,33.017,33.017,63,0
PEM,D,20180518,000000,33.017,33.017,33.017,33.017,7,0
PEM,D,20180521,000000,33.017,33.017,32.1,33.017,281,0
PEM,D,20180522,000000,33.017,33.384,33.017,33.384,34,0
PEM,D,20180523,000000,33.384,33.659,32.375,33.659,160,0
PEM,D,20180524,000000,33.659,33.659,31.641,32.008,901,0
PEM,D,20180525,000000,31.825,32.1,31.183,31.183,325,0
PEM,D,20180528,000000,32.1,32.1,30.266,30.724,1864,0
PEM,D,20180529,000000,30.266,30.541,27.423,27.514,4304,0
PEM,D,20180530,000000,27.514,27.514,22.562,26.23,18567,0
PEM,D,20180601,000000,27.056,28.89,26.139,28.89,2332,0
PEM,D,20180604,000000,29.532,30.266,28.89,29.165,2646,0
PEM,D,20180605,000000,30.908,30.908,29.349,30.266,799,0
PEM,D,20180606,000000,29.349,31.55,29.349,31.55,3976,0
PEM,D,20180607,000000,31.641,32.008,31.641,32.008,461,0
PEM,D,20180608,000000,32.008,32.008,31.917,32.008,504,0
PEM,D,20180611,000000,32.1,32.1,32.1,32.1,397,0
PEM,D,20180612,000000,32.742,35.31,31.366,35.31,1903,0
PEM,D,20180613,000000,34.851,34.851,33.934,34.209,439,0
PEM,D,20180614,000000,34.76,34.76,33.659,33.659,31,0
PEM,D,20180615,000000,33.567,33.567,33.476,33.476,786,0
PEM,D,20180618,000000,33.476,33.476,32.1,32.1,120,0
PEM,D,20180619,000000,33.017,34.76,32.1,34.026,1904,0
PEM,D,20180620,000000,34.026,34.026,32.834,33.017,7,0
PEM,D,20180621,000000,33.751,33.751,33.017,33.017,15,0
PEM,D,20180622,000000,33.017,33.017,33.017,33.017,15,0
PEM,D,20180625,000000,33.017,35.402,33.017,33.567,1463,0
PEM,D,20180626,000000,33.659,33.659,32.559,33.659,8,0
PEM,D,20180627,000000,33.659,33.659,32.375,33.017,794,0
PEM,D,20180628,000000,33.567,33.567,33.017,33.017,535,0
PEM,D,20180629,000000,33.292,33.292,31.825,31.825,409,0
PEM,D,20180702,000000,32.559,32.559,31.917,31.917,273,0
PEM,D,20180703,000000,31.917,31.917,30.449,30.633,944,0
PEM,D,20180704,000000,30.633,32.192,30.633,32.192,617,0
PEM,D,20180705,000000,32.192,33.476,31.55,32.1,3094,0
PEM,D,20180706,000000,33,33,31.5,32.8,1337,0
PEM,D,20180709,000000,32.8,32.8,31.2,31.2,101,0
PEM,D,20180710,000000,32,32,30.6,31.5,555,0
PEM,D,20180711,000000,31.5,31.5,31.5,31.5,1,0
PEM,D,20180712,000000,31.3,31.3,30.5,31.3,95,0
PEM,D,20180713,000000,31,31.3,30.1,31.1,1212,0
PEM,D,20180716,000000,32.4,32.4,31,31,283,0
PEM,D,20180717,000000,32,32.3,31,31.5,2497,0
PEM,D,20180718,000000,32,32.4,30.5,31,2268,0
PEM,D,20180719,000000,31,31.3,31,31,1253,0
PEM,D,20180720,000000,31.6,31.6,31.6,31.6,1,0
PEM,D,20180723,000000,31.6,31.6,30.2,30.2,657,0
PEM,D,20180724,000000,30.2,30.3,30.2,30.3,1099,0
PEM,D,20180725,000000,30.3,30.5,30,30,1962,0
PEM,D,20180726,000000,30.3,30.3,28.9,28.9,1015,0
PEM,D,20180727,000000,29,29.8,28.8,28.8,1549,0
PEM,D,20180730,000000,29.2,30.5,27.9,28.8,5632,0
PEM,D,20180731,000000,30.3,30.3,26.8,26.9,2749,0
PEM,D,20180801,000000,28.3,28.3,26.6,26.8,2005,0
PEM,D,20180802,000000,28.3,28.3,27.3,27.5,525,0
PEM,D,20180803,000000,27.5,27.5,26.3,27.5,4976,0
PEM,D,20180806,000000,27.5,29.3,27.5,28.8,4412,0
PEM,D,20180807,000000,29.1,29.1,27,27.8,2115,0
PEM,D,20180808,000000,27.8,27.9,26.6,26.9,2521,0
PEM,D,20180809,000000,27.5,27.5,26,26.8,605,0
PEM,D,20180810,000000,26.8,26.8,25.9,26.5,1724,0
PEM,D,20180813,000000,26.6,26.6,26.5,26.6,52,0
PEM,D,20180814,000000,26.6,26.6,26.5,26.6,741,0
PEM,D,20180816,000000,27.2,27.2,26.5,26.9,180,0
PEM,D,20180817,000000,27.2,27.2,26.9,27,6,0
PEM,D,20180820,000000,27.1,27.1,25,26.4,1743,0
PEM,D,20180821,000000,27.2,28.5,26.4,28.5,1359,0
PEM,D,20180822,000000,28.5,28.8,27.7,28.5,491,0
PEM,D,20180823,000000,28.5,28.5,28.5,28.5,2,0
PEM,D,20180824,000000,28.5,29.7,28.3,28.9,2233,0
PEM,D,20180827,000000,28.9,28.9,28,28.8,1037,0
PEM,D,20180828,000000,27.7,28.9,27.2,27.7,357,0
PEM,D,20180829,000000,27.7,27.7,26.5,26.9,603,0
PEM,D,20180830,000000,26.9,27.5,26.6,27.2,585,0
PEM,D,20180831,000000,27.2,27.4,27.2,27.4,13,0
PEM,D,20180903,000000,27.4,27.4,27.4,27.4,2,0
PEM,D,20180904,000000,27.4,27.4,26.3,26.3,719,0
PEM,D,20180905,000000,26.4,26.4,26.4,26.4,15,0
PEM,D,20180906,000000,26.3,26.3,25.3,26.2,115,0
PEM,D,20180907,000000,26.2,26.2,26.2,26.2,1,0
PEM,D,20180910,000000,26.2,26.2,25.3,25.3,426,0
PEM,D,20180911,000000,26.3,26.3,25.1,25.1,711,0
PEM,D,20180912,000000,25.1,25.2,25.1,25.2,551,0
PEM,D,20180913,000000,25.2,25.2,23.7,24.1,950,0
PEM,D,20180914,000000,24.1,24.1,23,23.1,1241,0
PEM,D,20180917,000000,23,23.1,22.2,23.1,889,0
PEM,D,20180918,000000,23.2,23.2,22,22.8,1744,0
PEM,D,20180919,000000,22.8,23.5,22.5,23.5,1593,0
PEM,D,20180920,000000,24,24,23.8,24,103,0
PEM,D,20180921,000000,24,26.4,24,25.3,1299,0
PEM,D,20180924,000000,26,28.9,26,28.9,2841,0
PEM,D,20180925,000000,30,30,28.2,28.3,199,0
PEM,D,20180926,000000,29,29.4,29,29.4,2126,0
PEM,D,20180927,000000,29.4,30,29.4,30,639,0
PEM,D,20180928,000000,31,31,30.8,30.8,1467,0
PEM,D,20181001,000000,31.2,31.2,29.7,31,1034,0
PEM,D,20181002,000000,31,31,30.1,30.9,17,0
PEM,D,20181003,000000,30.2,31.8,30.2,31.8,445,0
PEM,D,20181004,000000,31.9,31.9,30,30,660,0
PEM,D,20181005,000000,30.9,30.9,30.9,30.9,1,0
PEM,D,20181008,000000,30.9,30.9,30.6,30.6,21,0
PEM,D,20181009,000000,30.5,30.5,29.4,30.5,305,0
PEM,D,20181010,000000,30.5,30.5,30.5,30.5,50,0
PEM,D,20181011,000000,30,30,27.1,27.3,1861,0
PEM,D,20181012,000000,28.1,28.2,28,28,651,0
PEM,D,20181015,000000,28.2,28.2,27,27.5,102,0
PEM,D,20181016,000000,27.5,27.5,26.9,26.9,99,0
PEM,D,20181017,000000,28.2,28.2,28.1,28.1,2,0
PEM,D,20181018,000000,28,28,28,28,1,0
PEM,D,20181019,000000,28,28,28,28,1,0
PEM,D,20181022,000000,27.9,27.9,26.7,26.7,54,0
PEM,D,20181023,000000,27.8,27.8,27.8,27.8,1,0
PEM,D,20181024,000000,27.6,27.6,26.3,26.4,586,0
PEM,D,20181025,000000,26,26.4,25.3,26.4,62,0
PEM,D,20181026,000000,26.4,26.4,26.3,26.3,16,0
PEM,D,20181029,000000,26.3,26.3,25.2,26,43,0
PEM,D,20181030,000000,26.2,26.2,25,26,140,0
PEM,D,20181031,000000,26,26,26,26,7,0
PEM,D,20181102,000000,26,26.1,25.1,26,294,0
PEM,D,20181105,000000,26,26,26,26,24,0
PEM,D,20181106,000000,26,26,25.1,26,30,0
PEM,D,20181107,000000,26,26,24.8,25.8,252,0
PEM,D,20181108,000000,25.8,25.8,24.8,24.8,42,0
PEM,D,20181109,000000,25.7,25.7,23.3,25.2,744,0
PEM,D,20181113,000000,25.2,25.2,24,24.7,153,0
PEM,D,20181114,000000,24.7,24.7,23.6,24.7,750,0
PEM,D,20181115,000000,25,26.1,24.8,26,901,0
PEM,D,20181116,000000,27.5,27.5,27.5,27.5,1,0
PEM,D,20181119,000000,26.5,26.5,24.9,24.9,1122,0
PEM,D,20181120,000000,25.5,25.5,25.5,25.5,1,0
PEM,D,20181121,000000,25.5,25.5,24.5,25.4,165,0
PEM,D,20181122,000000,25.3,25.3,24.6,25.3,17,0
PEM,D,20181123,000000,25.3,25.5,25.3,25.5,301,0
PEM,D,20181126,000000,25.5,26,25.3,26,704,0
PEM,D,20181127,000000,25,26,25,26,24,0
PEM,D,20181128,000000,26,26,26,26,2,0
PEM,D,20181129,000000,26,26,25.3,25.8,1078,0
PEM,D,20181130,000000,25.4,25.8,25.4,25.7,57,0
PEM,D,20181203,000000,24.8,25.5,24.8,25.5,334,0
PEM,D,20181204,000000,25.5,25.5,25.5,25.5,1,0
PEM,D,20181205,000000,24.8,25.3,24.4,24.8,551,0
PEM,D,20181206,000000,25.2,25.2,24.7,24.7,5,0
PEM,D,20181207,000000,25.2,25.2,24,24.5,2523,0
PEM,D,20181210,000000,25.2,25.2,24.6,25.2,52,0
PEM,D,20181211,000000,25.2,25.2,25.2,25.2,1,0
PEM,D,20181212,000000,25.2,25.2,25.2,25.2,1,0
PEM,D,20181213,000000,25,25.2,24.2,25.2,308,0
PEM,D,20181214,000000,25.2,25.2,24.6,25.1,330,0
PEM,D,20181217,000000,25.2,25.2,24.3,25.2,1406,0
PEM,D,20181218,000000,25.2,25.2,25.2,25.2,1,0
PEM,D,20181219,000000,24.8,25.2,24.8,25.2,51,0
PEM,D,20181220,000000,25.2,25.2,24.8,25.2,8,0
PEM,D,20181221,000000,24.3,24.5,24.3,24.3,285,0
PEM,D,20181227,000000,24.9,24.9,24.2,24.5,450,0
PEM,D,20181228,000000,25,25,24.1,24.2,390,0
PEM,D,20190102,000000,25,25,24.2,24.5,258,0
PEM,D,20190103,000000,24.5,24.5,24.5,24.5,2,0
PEM,D,20190104,000000,24.5,24.5,23.8,24.3,776,0
PEM,D,20190107,000000,24.2,24.3,24.1,24.3,156,0
PEM,D,20190108,000000,24,24,24,24,10,0
PEM,D,20190109,000000,24,24,23.5,24,377,0
PEM,D,20190110,000000,24,24.2,24,24.2,74,0
PEM,D,20190111,000000,24.2,24.6,24.2,24.6,1052,0
PEM,D,20190114,000000,24.6,24.9,24.5,24.6,104,0
PEM,D,20190115,000000,24.6,24.6,24,24.5,198,0
PEM,D,20190116,000000,24.5,24.5,24.5,24.5,2,0
PEM,D,20190117,000000,24.5,24.5,24.5,24.5,2,0
PEM,D,20190118,000000,24.5,24.5,24.2,24.5,102,0
PEM,D,20190121,000000,24.5,24.5,24,24.4,68,0
PEM,D,20190122,000000,24.4,24.4,24.4,24.4,1,0
PEM,D,20190123,000000,24.4,24.4,24,24.4,129,0
PEM,D,20190124,000000,24.4,24.4,24,24.3,112,0
PEM,D,20190125,000000,24.4,24.9,24.4,24.9,301,0
PEM,D,20190128,000000,24.9,25,24.9,25,71,0
PEM,D,20190129,000000,25,25,25,25,95,0
PEM,D,20190130,000000,25,25,25,25,2,0
PEM,D,20190131,000000,25,25,24.2,25,67,0
PEM,D,20190201,000000,25,27.2,25,26,1274,0
PEM,D,20190204,000000,26.8,26.8,26.7,26.8,321,0
PEM,D,20190205,000000,28.2,28.2,27.1,28.2,162,0
PEM,D,20190206,000000,28.2,28.3,28.2,28.3,141,0
PEM,D,20190207,000000,28.3,28.3,28.3,28.3,2,0
PEM,D,20190208,000000,28.3,28.3,28,28,36,0
PEM,D,20190211,000000,28.3,28.3,28.3,28.3,1,0
PEM,D,20190212,000000,28.3,28.3,28.2,28.3,3,0
PEM,D,20190213,000000,28.1,28.1,27.5,28.1,125,0
PEM,D,20190214,000000,28.1,28.1,27.4,28.1,109,0
PEM,D,20190215,000000,28.1,28.1,26.4,26.4,777,0
PEM,D,20190218,000000,26.7,26.7,26.6,26.7,912,0
PEM,D,20190219,000000,27.1,27.1,25.8,25.8,331,0
PEM,D,20190220,000000,25.5,26,25.5,26,54,0
PEM,D,20190221,000000,25.3,25.4,25.3,25.3,378,0
PEM,D,20190222,000000,25.7,25.7,25.5,25.5,41,0
PEM,D,20190225,000000,25.7,25.7,25,25,295,0
PEM,D,20190226,000000,25.6,25.6,24.7,24.7,115,0
PEM,D,20190227,000000,25.4,25.4,24.2,24.8,1046,0
PEM,D,20190228,000000,24.8,25,24.3,24.3,435,0
PEM,D,20190301,000000,24.3,24.6,24,24.1,423,0
PEM,D,20190304,000000,23.9,24.5,23.4,24.5,919,0
PEM,D,20190305,000000,24.4,24.4,24.4,24.4,21,0
PEM,D,20190306,000000,24.4,24.4,24,24.4,62,0
PEM,D,20190307,000000,24.4,24.4,24.2,24.2,346,0
PEM,D,20190308,000000,24.2,24.2,24.2,24.2,8,0
PEM,D,20190311,000000,24.2,24.2,24.2,24.2,33,0
PEM,D,20190312,000000,24.2,25.8,24.2,25.8,2108,0
PEM,D,20190313,000000,25.8,25.8,24.8,25,1114,0
PEM,D,20190314,000000,25,25,24.7,25,496,0
PEM,D,20190315,000000,25,25,25,25,24,0
PEM,D,20190318,000000,25,25,24.5,24.5,1129,0
PEM,D,20190319,000000,24.9,24.9,24.9,24.9,20,0
PEM,D,20190320,000000,24.9,24.9,24.9,24.9,5,0
PEM,D,20190321,000000,24.9,24.9,24.9,24.9,67,0
PEM,D,20190322,000000,24.9,24.9,24.9,24.9,5,0
PEM,D,20190325,000000,24.9,24.9,24,24.1,446,0
PEM,D,20190326,000000,24.8,24.8,24.2,24.2,63,0
PEM,D,20190327,000000,24.8,24.8,24.8,24.8,84,0
PEM,D,20190328,000000,24.7,24.8,24.7,24.8,73,0
PEM,D,20190329,000000,24.8,24.8,24.8,24.8,17,0
PEM,D,20190401,000000,24.7,25.2,24.2,24.4,2443,0
PEM,D,20190402,000000,24.7,24.7,24,24.4,846,0
PEM,D,20190403,000000,24.4,24.4,23.7,24,623,0
PEM,D,20190404,000000,24,24,22.4,22.4,2798,0
PEM,D,20190405,000000,22.4,22.9,22.4,22.9,55,0
PEM,D,20190408,000000,23,23,22.9,23,166,0
PEM,D,20190409,000000,23,23,23,23,112,0
PEM,D,20190410,000000,23.4,23.4,23.1,23.1,55,0
PEM,D,20190411,000000,23.4,23.4,23.2,23.2,80,0
PEM,D,20190412,000000,23.2,23.2,23.2,23.2,2,0
PEM,D,20190415,000000,23,23,22.1,22.5,1081,0
PEM,D,20190416,000000,22.6,22.8,22,22,593,0
PEM,D,20190417,000000,22.2,22.2,21.9,22,1526,0
PEM,D,20190418,000000,21.9,22,21.5,21.9,1767,0
PEM,D,20190423,000000,21.5,21.5,18.7,19,7586,0
PEM,D,20190424,000000,19.15,19.15,18.7,18.7,1039,0
PEM,D,20190425,000000,18.9,18.9,17.6,17.6,2348,0
PEM,D,20190426,000000,18.25,18.25,17.3,17.75,844,0
PEM,D,20190429,000000,17.95,17.95,17,17.2,2190,0
PEM,D,20190430,000000,17.2,17.2,16.2,16.5,2287,0
PEM,D,20190502,000000,16.5,17.4,16.5,17.4,1460,0
PEM,D,20190506,000000,17.4,17.4,16.6,17,471,0
PEM,D,20190507,000000,17.4,17.4,17.1,17.1,194,0
PEM,D,20190508,000000,17.4,17.4,16.7,16.7,128,0
PEM,D,20190509,000000,17.4,17.4,16.4,16.6,852,0
PEM,D,20190510,000000,16.8,16.8,16.4,16.5,578,0
PEM,D,20190513,000000,16.55,16.55,16.2,16.5,337,0
PEM,D,20190514,000000,16.5,16.5,16.2,16.2,74,0
PEM,D,20190515,000000,16.5,16.5,15.15,15.7,1309,0
PEM,D,20190516,000000,15.7,15.7,15.4,15.4,296,0
PEM,D,20190517,000000,15.1,15.1,13.6,14.45,5686,0
PEM,D,20190520,000000,14.7,14.7,14,14.6,1634,0
PEM,D,20190521,000000,15.1,15.1,15.1,15.1,2,0
PEM,D,20190522,000000,15.1,15.15,14.6,15.1,272,0
PEM,D,20190523,000000,15.1,15.1,15,15.1,36,0
PEM,D,20190524,000000,15.1,15.1,14.1,14.1,818,0
PEM,D,20190527,000000,14.6,14.6,14.1,14.1,110,0
PEM,D,20190528,000000,14.7,14.7,14.6,14.6,12,0
PEM,D,20190529,000000,14.7,14.7,14.6,14.6,102,0
PEM,D,20190530,000000,14.7,14.7,14.2,14.2,251,0
PEM,D,20190531,000000,14.5,14.5,14.2,14.2,132,0
PEM,D,20190603,000000,14.1,14.1,13.6,14,2921,0
PEM,D,20190604,000000,13.6,13.6,12.5,12.85,3998,0
PEM,D,20190605,000000,12.9,12.9,12.75,12.9,157,0
PEM,D,20190606,000000,12.9,12.9,12.9,12.9,92,0
PEM,D,20190607,000000,12.9,12.9,12.9,12.9,2,0
PEM,D,20190610,000000,12.9,12.9,12.9,12.9,33,0
PEM,D,20190611,000000,12.9,13.3,12.9,13.3,443,0
PEM,D,20190612,000000,13.35,13.35,13.3,13.3,45,0
PEM,D,20190613,000000,13.3,13.4,12.7,13.4,3322,0
PEM,D,20190614,000000,13.4,13.4,12.7,12.7,636,0
PEM,D,20190617,000000,12.9,12.9,11.65,11.8,3992,0
PEM,D,20190618,000000,12.2,12.2,11.5,11.65,1581,0
PEM,D,20190619,000000,11.65,11.65,11.4,11.4,548,0
PEM,D,20190621,000000,11.5,11.5,11,11,10312,0
PEM,D,20190624,000000,11.35,11.35,10.7,10.8,2063,0
PEM,D,20190625,000000,11,11.35,10.4,10.4,8169,0
PEM,D,20190626,000000,10.3,10.4,10.3,10.4,1319,0
PEM,D,20190627,000000,10.5,10.6,10.5,10.6,462,0
PEM,D,20190628,000000,10.80,11.00,10.40,10.40,5914,0
PEM,D,20190701,000000,10.6,10.6,10.2,10.3,502,0
PEM,D,20190702,000000,10.5,10.8,10.4,10.8,1786,0
PEM,D,20190703,000000,10.95,11.6,10.95,11.2,3325,0
PEM,D,20190704,000000,11.25,11.5,10.5,10.55,4705,0
PEM,D,20190705,000000,10.5,10.6,10.45,10.6,813,0
PEM,D,20190708,000000,10.65,10.65,10.65,10.65,2,0
PEM,D,20190709,000000,10.65,10.65,10.65,10.65,843,0
PEM,D,20190710,000000,10.7,10.7,10.15,10.4,5298,0
PEM,D,20190711,000000,10.4,10.4,10,10.3,1644,0
PEM,D,20190712,000000,10.3,10.3,10,10.2,991,0
PEM,D,20190715,000000,10.2,10.25,9.72,9.98,3232,0
PEM,D,20190716,000000,9.98,10.5,9.98,10,8617,0
PEM,D,20190717,000000,10.1,10.6,9.94,9.94,7924,0
PEM,D,20190718,000000,10.2,10.2,9.6,9.98,3639,0
PEM,D,20190719,000000,10.1,10.1,10.1,10.1,12,0
PEM,D,20190722,000000,10.15,10.55,9.94,10,5051,0
PEM,D,20190723,000000,10.2,10.2,9.8,9.96,1211,0
PEM,D,20190724,000000,9.96,9.96,9.62,9.62,1404,0
PEM,D,20190725,000000,9.6,9.7,9.38,9.38,5391,0
PEM,D,20190726,000000,9.52,9.52,8.86,9.22,3373,0
PEM,D,20190729,000000,9.1,9.2,9,9,1605,0
PEM,D,20190730,000000,9.14,9.14,9,9,280,0
PEM,D,20190731,000000,9.18,9.18,9.14,9.14,431,0
PEM,D,20190801,000000,9.1,9.1,9,9.08,928,0
PEM,D,20190802,000000,9.1,9.1,9,9,105,0
PEM,D,20190805,000000,9.1,9.1,8.88,8.88,3693,0
PEM,D,20190806,000000,9,9.3,9,9,8589,0
PEM,D,20190807,000000,9.38,9.38,8.96,8.96,3674,0
PEM,D,20190808,000000,9.06,9.2,9,9.12,13069,0
PEM,D,20190809,000000,9.3,12.2,9.3,12.2,24219,0
PEM,D,20190812,000000,12.65,13.6,10.55,11,53889,0
PEM,D,20190813,000000,11.25,13.3,10.9,13.3,17362,0
PEM,D,20190814,000000,13.3,14.6,13.2,13.85,22379,0
PEM,D,20190816,000000,14,14.6,13.7,13.8,3945,0
PEM,D,20190819,000000,13.75,16.6,13.75,14.7,25803,0
PEM,D,20190820,000000,15,15.1,14.7,14.8,1047,0
PEM,D,20190821,000000,15.25,15.25,13.8,14.65,8935,0
PEM,D,20190822,000000,14.8,14.8,13.4,13.55,9788,0
PEM,D,20190823,000000,13.55,14.65,13,14.3,6890,0
PEM,D,20190826,000000,14.3,14.3,13.1,13.7,1840,0
PEM,D,20190827,000000,13.65,13.65,12.3,12.6,7811,0
PEM,D,20190828,000000,12.4,12.7,11.8,11.9,5009,0
PEM,D,20190829,000000,12.2,12.3,11.55,12,3754,0
PEM,D,20190830,000000,12.45,12.5,12,12.4,10999,0
PEM,D,20190902,000000,12.4,13.6,12.2,13.5,3094,0
PEM,D,20190903,000000,13.5,13.5,12.4,12.4,10320,0
PEM,D,20190904,000000,12.2,13,12.2,12.9,3293,0
PEM,D,20190905,000000,12.5,12.8,12.45,12.75,1557,0
PEM,D,20190906,000000,13.95,13.95,12.9,12.9,20062,0
PEM,D,20190909,000000,12.9,13.3,12.8,12.9,1325,0
PEM,D,20190910,000000,12.65,12.9,12.4,12.9,1039,0
PEM,D,20190911,000000,12.9,13.75,12.9,13,5118,0
PEM,D,20190912,000000,13.3,13.3,13.3,13.3,2,0
PEM,D,20190913,000000,13.05,13.05,12.8,12.8,1526,0
PEM,D,20190916,000000,12.75,13.25,12.75,13.05,231,0
PEM,D,20190917,000000,13.2,13.2,13,13,77,0
PEM,D,20190918,000000,13.15,13.15,12.6,12.75,1952,0
PEM,D,20190919,000000,13,13,12.75,12.75,102,0
PEM,D,20190920,000000,12.8,12.8,12.55,12.55,153,0
PEM,D,20190923,000000,12.8,12.8,12.15,12.15,2300,0
PEM,D,20190924,000000,12.15,12.3,11,11.85,5288,0
PEM,D,20190925,000000,12.1,12.35,11.8,12.35,1434,0
PEM,D,20190926,000000,12.5,12.5,12.35,12.35,233,0
PEM,D,20190927,000000,12.6,12.6,12.2,12.45,866,0
PEM,D,20190930,000000,12.5,12.5,11.3,11.65,11219,0
PEM,D,20191001,000000,11.75,11.75,11.55,11.7,677,0
PEM,D,20191002,000000,11.8,11.8,11,11.05,2009,0
PEM,D,20191003,000000,11.35,11.35,11.05,11.3,131,0
PEM,D,20191004,000000,11.35,11.35,11.3,11.35,305,0
PEM,D,20191007,000000,11.3,11.3,10.85,11,2317,0
PEM,D,20191008,000000,11.05,11.05,10.6,11,301,0
PEM,D,20191009,000000,11,11,10.55,10.85,1351,0
PEM,D,20191010,000000,10.85,10.85,10.85,10.85,39,0
PEM,D,20191011,000000,10.85,10.85,10.85,10.85,1,0
PEM,D,20191014,000000,10.8,11.5,10.8,11.35,2787,0
PEM,D,20191015,000000,11.35,11.35,11,11,137,0
PEM,D,20191016,000000,11.35,11.35,11.35,11.35,57,0
PEM,D,20191017,000000,11.35,11.35,10.7,10.9,1148,0
PEM,D,20191018,000000,10.9,10.9,10.5,10.9,112,0
PEM,D,20191021,000000,10.9,10.9,10.4,10.4,1218,0
PEM,D,20191022,000000,10.4,10.6,10.05,10.6,3277,0
PEM,D,20191023,000000,10.65,10.65,10.1,10.4,2041,0
PEM,D,20191024,000000,10.5,10.5,10.4,10.45,583,0
PEM,D,20191025,000000,10.5,10.7,10.45,10.7,1132,0
PEM,D,20191028,000000,10.8,10.8,10.4,10.8,82,0
PEM,D,20191029,000000,10.8,10.85,10.8,10.85,292,0
PEM,D,20191030,000000,10.95,10.95,10.5,10.7,1032,0
PEM,D,20191031,000000,10.7,10.7,10.5,10.5,423,0
PEM,D,20191104,000000,10.7,10.7,10.65,10.7,208,0
PEM,D,20191105,000000,10.75,10.75,10.75,10.75,35,0
PEM,D,20191106,000000,10.75,10.75,10.2,10.5,3675,0
PEM,D,20191107,000000,10.6,10.6,10.6,10.6,374,0
PEM,D,20191108,000000,10.6,10.6,10.55,10.55,706,0
PEM,D,20191112,000000,10.55,10.65,10.55,10.55,116,0
PEM,D,20191113,000000,9.96,10.6,9.9,10.2,12471,0
PEM,D,20191114,000000,10.4,10.4,9.64,10.05,10840,0
PEM,D,20191115,000000,10.05,10.1,9.88,9.98,5062,0
PEM,D,20191118,000000,10,10,9.8,9.98,3447,0
PEM,D,20191119,000000,10,10.15,9.88,10.15,903,0
PEM,D,20191120,000000,10.15,10.3,10.15,10.3,790,0
PEM,D,20191121,000000,10.3,10.3,10,10,1650,0
PEM,D,20191122,000000,10.1,10.1,9.98,9.98,151,0
PEM,D,20191125,000000,9.94,9.94,9.8,9.94,1132,0
PEM,D,20191126,000000,10.1,10.1,9.18,9.38,9841,0
PEM,D,20191127,000000,9.6,9.6,9.6,9.6,2,0
PEM,D,20191128,000000,9.6,9.6,9.38,9.42,1197,0
PEM,D,20191129,000000,9.6,9.6,9.48,9.58,1457,0
PEM,D,20191202,000000,9.6,9.6,9.3,9.3,952,0
PEM,D,20191203,000000,9.3,9.3,9.3,9.3,20,0
PEM,D,20191204,000000,9.42,9.42,9.42,9.42,60,0
PEM,D,20191205,000000,9.6,9.6,9.6,9.6,2,0
PEM,D,20191206,000000,9.6,10.5,9.6,10.5,2720,0
PEM,D,20191209,000000,10.6,11.5,10,11.5,1568,0
PEM,D,20191210,000000,12,12,11.4,11.4,2428,0
PEM,D,20191211,000000,11.55,11.55,10.65,10.95,838,0
PEM,D,20191212,000000,11,11,10.6,10.95,597,0
PEM,D,20191213,000000,11,11,10.75,10.95,7013,0
PEM,D,20191216,000000,10.95,11.1,10.9,11.1,210,0
PEM,D,20191217,000000,11.1,11.15,10.65,10.65,2185,0
PEM,D,20191218,000000,10.85,10.85,9.8,9.84,8451,0
PEM,D,20191219,000000,10,10,9.82,10,762,0
PEM,D,20191220,000000,10,10,9.72,9.8,2683,0
PEM,D,20191223,000000,9.8,10,9.5,10,8943,0
PEM,D,20191227,000000,9.9,10.1,9.8,10.1,1538,0
PEM,D,20191230,000000,10,10,9.7,9.8,357,0
PEM,D,20200102,000000,10.05,10.8,9.86,10.25,2782,0
PEM,D,20200103,000000,10.3,10.45,10,10.05,1596,0
PEM,D,20200107,000000,9.92,10.25,9.92,10.25,840,0
PEM,D,20200108,000000,10.45,10.45,10,10.25,308,0
PEM,D,20200109,000000,10.7,10.95,10.4,10.4,4680,0
PEM,D,20200110,000000,10.65,10.65,10.25,10.3,5790,0
PEM,D,20200113,000000,10.7,10.7,10.2,10.3,2692,0
PEM,D,20200114,000000,10.45,10.65,10.4,10.4,1374,0
PEM,D,20200115,000000,10.55,10.55,10.4,10.4,1077,0
PEM,D,20200116,000000,10.5,10.5,10.4,10.5,895,0
PEM,D,20200117,000000,10.5,10.85,10.4,10.4,5390,0
PEM,D,20200120,000000,10.75,11.8,10.75,11.8,7106,0
PEM,D,20200121,000000,12,12.15,11.4,11.65,2806,0
PEM,D,20200122,000000,11.8,12.25,11.6,11.9,1551,0
PEM,D,20200123,000000,11.9,11.9,11.4,11.8,885,0
PEM,D,20200124,000000,11.9,11.9,11,11,3092,0
PEM,D,20200127,000000,11.25,11.25,10.8,11,2012,0
PEM,D,20200128,000000,11,11,10.8,11,298,0
PEM,D,20200129,000000,11.15,11.15,10.8,11.1,2175,0
PEM,D,20200130,000000,11.15,11.15,11,11,276,0
PEM,D,20200131,000000,11,11,11,11,10,0
PEM,D,20200203,000000,10.95,10.95,10.75,10.9,324,0
PEM,D,20200204,000000,10.95,11.1,10.8,10.8,186,0
PEM,D,20200205,000000,11.1,11.75,11.1,11.6,2027,0
PEM,D,20200206,000000,11.75,11.75,11.3,11.3,672,0
PEM,D,20200207,000000,11.5,11.5,11.15,11.15,148,0
PEM,D,20200210,000000,11.2,11.2,10.95,11,5353,0
PEM,D,20200211,000000,11.2,11.2,10.65,10.65,2767,0
PEM,D,20200212,000000,11,11,10.15,10.3,3250,0
PEM,D,20200213,000000,10.5,10.5,10,10,2498,0
PEM,D,20200214,000000,10,10.45,10,10.4,15315,0
PEM,D,20200217,000000,10.45,10.6,10.2,10.2,412,0
PEM,D,20200218,000000,10.6,10.6,10.6,10.6,10,0
PEM,D,20200219,000000,10.6,10.6,10.25,10.6,277,0
PEM,D,20200220,000000,10.6,10.6,10.6,10.6,2,0
PEM,D,20200221,000000,10.6,10.7,10.25,10.7,522,0
PEM,D,20200224,000000,10.75,10.8,10.3,10.8,290,0
PEM,D,20200225,000000,10.8,10.8,10.2,10.2,1302,0
PEM,D,20200226,000000,10.7,10.95,10.2,10.95,1640,0
PEM,D,20200227,000000,11.15,11.15,10.2,10.65,1343,0
PEM,D,20200228,000000,10.2,10.45,9.24,9.78,3952,0
PEM,D,20200302,000000,9.6,10,9.6,9.7,584,0
PEM,D,20200303,000000,9.8,10.15,9.8,10.15,79,0
PEM,D,20200304,000000,10.4,10.4,9.8,10.3,212,0
PEM,D,20200305,000000,10.5,10.5,9.88,10.3,8,0
PEM,D,20200306,000000,10.45,10.45,9.52,9.6,2594,0
PEM,D,20200309,000000,9.66,9.66,8.9,9.02,3424,0
PEM,D,20200310,000000,9.2,9.5,9.06,9.06,3553,0
PEM,D,20200311,000000,9.5,9.5,8.9,8.92,738,0
PEM,D,20200312,000000,8.22,8.5,7.54,7.58,834,0
PEM,D,20200313,000000,7.02,7.9,7.02,7.86,4227,0
PEM,D,20200316,000000,7.82,7.82,7.52,7.7,2359,0
PEM,D,20200317,000000,7.98,7.98,7.2,7.48,6015,0
PEM,D,20200318,000000,7.5,7.5,7,7.3,4080,0
PEM,D,20200319,000000,7.32,7.32,6.6,6.98,2828,0
PEM,D,20200320,000000,7,7.14,6.74,7.08,3201,0
PEM,D,20200323,000000,7,7,6.8,6.9,728,0
PEM,D,20200324,000000,7,7.1,6.02,6.02,4745,0
PEM,D,20200325,000000,6.5,6.8,6.5,6.8,4744,0
PEM,D,20200326,000000,7,7.5,6.3,7.5,1112,0
PEM,D,20200327,000000,7.8,7.8,7.4,7.4,52,0
PEM,D,20200330,000000,8.86,8.86,8.1,8.1,3303,0
PEM,D,20200331,000000,8.9,8.98,8.1,8.98,349,0
PEM,D,20200401,000000,9.1,9.1,9,9,10,0
PEM,D,20200402,000000,8.98,9,8.98,9,209,0
PEM,D,20200403,000000,8.98,8.98,8.1,8.94,220,0
PEM,D,20200406,000000,8.96,8.96,8.24,8.3,1927,0
PEM,D,20200407,000000,8.8,8.98,8.46,8.64,1455,0
PEM,D,20200408,000000,8.94,8.98,8.32,8.32,50,0
PEM,D,20200409,000000,8.32,8.8,8,8,3358,0
PEM,D,20200414,000000,8.2,8.96,8.2,8.7,870,0
PEM,D,20200415,000000,8.94,9.74,8.54,9.24,331,0
PEM,D,20200416,000000,9.64,9.64,8.98,9.4,462,0
PEM,D,20200417,000000,9.38,9.38,8.82,9.36,25,0
PEM,D,20200420,000000,9.38,9.38,9.3,9.3,10,0
PEM,D,20200421,000000,9.3,9.3,8.44,9.1,1244,0
PEM,D,20200422,000000,9.1,9.1,9.08,9.08,110,0
PEM,D,20200423,000000,9.04,9.04,8.44,8.96,1210,0
PEM,D,20200424,000000,8.96,8.96,8.42,8.42,2896,0
PEM,D,20200427,000000,8.4,8.42,8.14,8.4,2951,0
PEM,D,20200428,000000,8.46,9,8.2,9,6455,0
PEM,D,20200429,000000,9,9.04,8.54,9,678,0
PEM,D,20200430,000000,9,9.04,8.5,9.04,286,0
PEM,D,20200504,000000,9.08,9.08,8.62,8.62,610,0
PEM,D,20200505,000000,8.56,9.1,8.56,9.1,188,0
PEM,D,20200506,000000,9.04,9.06,9.04,9.06,10,0
PEM,D,20200507,000000,9.04,9.04,8.64,8.64,707,0
PEM,D,20200508,000000,9,9,9,9,8,0
PEM,D,20200511,000000,9,9,8.5,8.5,1826,0
PEM,D,20200512,000000,8.78,8.78,8.5,8.5,2056,0
PEM,D,20200513,000000,8.5,8.5,8.48,8.5,1868,0
PEM,D,20200514,000000,8.5,8.8,8.32,8.6,756,0
PEM,D,20200515,000000,8.6,8.96,8.3,8.96,4199,0
PEM,D,20200518,000000,8.96,8.96,8.46,8.96,2900,0
PEM,D,20200519,000000,8.98,9.74,8.52,9.68,420,0
PEM,D,20200520,000000,9.66,9.66,8.78,9.64,96,0
PEM,D,20200521,000000,9.66,9.66,9,9.66,227,0
PEM,D,20200522,000000,9.66,9.72,9.06,9.22,426,0
PEM,D,20200525,000000,9.72,9.74,9.72,9.72,219,0
PEM,D,20200526,000000,9.72,10,9.3,9.36,1048,0
PEM,D,20200527,000000,9.92,10.05,9.34,10,2517,0
PEM,D,20200528,000000,10.05,10.6,9.42,10.6,2773,0
PEM,D,20200529,000000,10.6,10.6,10.05,10.6,271,0
PEM,D,20200601,000000,10.6,10.6,10.6,10.6,2,0
PEM,D,20200602,000000,10.6,10.6,10.5,10.5,52,0
PEM,D,20200603,000000,10.5,11,10,11,839,0
PEM,D,20200604,000000,11.25,11.25,9.52,9.98,2272,0
PEM,D,20200605,000000,11.2,11.2,10.15,10.3,2132,0
PEM,D,20200608,000000,10.3,10.3,9.5,9.5,7571,0
PEM,D,20200609,000000,10.3,11.2,10.3,10.7,9416,0
PEM,D,20200610,000000,10.7,10.8,10.55,10.8,868,0
PEM,D,20200612,000000,10.5,10.75,10.5,10.75,1261,0
PEM,D,20200615,000000,10.8,10.8,10.8,10.8,2,0
PEM,D,20200616,000000,10.8,10.8,9.94,10.5,1452,0
PEM,D,20200617,000000,10.7,10.7,10.5,10.5,203,0
PEM,D,20200618,000000,10.7,10.7,10,10,51,0
PEM,D,20200619,000000,10.7,10.7,10.2,10.7,706,0
PEM,D,20200622,000000,10.7,10.7,10.45,10.5,2198,0
PEM,D,20200623,000000,10.5,11.5,10.5,10.7,705,0
PEM,D,20200624,000000,11.4,11.4,11.4,11.4,2,0
PEM,D,20200625,000000,10.9,11.8,10.85,11.8,2146,0
PEM,D,20200626,000000,11.7,11.95,10.8,11.95,2537,0
PEM,D,20200629,000000,11.95,11.95,11.75,11.95,509,0
PEM,D,20200630,000000,11.95,12.9,11.9,12.9,1514,0
PEM,D,20200701,000000,13,13.8,13,13.5,1390,0
PEM,D,20200702,000000,13.5,13.5,12.75,13.25,723,0
PEM,D,20200703,000000,13.45,13.45,11.55,11.6,4585,0
PEM,D,20200706,000000,10.6,11.5,10.6,10.8,3881,0
PEM,D,20200707,000000,10.6,11.3,10.6,11.2,601,0
PEM,D,20200708,000000,11.45,11.55,11.45,11.55,18,0
PEM,D,20200709,000000,11.95,11.95,11.6,11.95,707,0
PEM,D,20200710,000000,12.35,13.05,12.35,13,1463,0
