<TICKER>,<PER>,<DATE>,<TIME>,<OPEN>,<HIGH>,<LOW>,<CLOSE>,<VOL>,<OPENINT>
PLW,D,20161019,000000,49.056,49.15,44.615,47.443,59332,0
PLW,D,20161020,000000,47.253,47.443,45.602,47.443,6954,0
PLW,D,20161021,000000,46.589,47.443,46.57,47.395,1286,0
PLW,D,20161024,000000,47.443,50.29,47.386,49.758,9612,0
PLW,D,20161025,000000,49.815,49.815,48.392,49.53,8049,0
PLW,D,20161026,000000,49.341,49.341,47.917,47.917,1554,0
PLW,D,20161027,000000,48.392,48.392,46.968,48.382,283,0
PLW,D,20161028,000000,47.547,48.202,47.547,48.202,210,0
PLW,D,20161031,000000,47.443,49.332,47.443,49.322,1561,0
PLW,D,20161102,000000,49.332,49.341,48.26,49.245,551,0
PLW,D,20161103,000000,49.245,49.245,48.25,48.866,498,0
PLW,D,20161104,000000,48.771,48.771,47.679,48.392,131,0
PLW,D,20161107,000000,48.392,48.392,47.917,48.363,449,0
PLW,D,20161108,000000,48.363,48.363,47.699,48.013,50,0
PLW,D,20161109,000000,48.297,48.392,47.727,48.392,680,0
PLW,D,20161110,000000,48.392,48.392,47.253,48.108,1057,0
PLW,D,20161114,000000,48.392,48.392,48.297,48.297,125,0
PLW,D,20161115,000000,48.287,48.287,47.253,47.917,1368,0
PLW,D,20161116,000000,47.917,47.917,46.503,47.917,384,0
PLW,D,20161117,000000,48.297,48.297,46.304,46.304,884,0
PLW,D,20161118,000000,46.494,46.494,44.624,44.624,1720,0
PLW,D,20161121,000000,44.51,44.51,42.841,43.638,1549,0
PLW,D,20161122,000000,42.841,43.638,42.841,42.907,1216,0
PLW,D,20161123,000000,42.907,42.907,42.603,42.841,670,0
PLW,D,20161124,000000,42.888,42.888,39.008,42.224,7214,0
PLW,D,20161125,000000,42.907,44.597,42.224,44.587,855,0
PLW,D,20161128,000000,44.587,44.587,44.482,44.482,236,0
PLW,D,20161129,000000,44.502,46.21,43.647,46.019,5790,0
PLW,D,20161130,000000,46.019,47.917,45.07,47.443,3224,0
PLW,D,20161201,000000,47.443,47.443,45.355,47.443,360,0
PLW,D,20161202,000000,47.443,47.443,45.925,47.386,355,0
PLW,D,20161205,000000,47.395,47.395,46.019,46.067,114,0
PLW,D,20161206,000000,47.405,47.405,45.83,47.11,830,0
PLW,D,20161207,000000,47.11,47.11,45.933,47.053,194,0
PLW,D,20161208,000000,45.925,46.968,45.925,46.968,607,0
PLW,D,20161209,000000,47.053,47.053,45.906,46.958,567,0
PLW,D,20161212,000000,46.958,47.016,45.906,45.906,785,0
PLW,D,20161213,000000,45.906,47.424,45.906,46.958,895,0
PLW,D,20161214,000000,47.158,47.158,46.494,46.494,94,0
PLW,D,20161215,000000,46.494,46.494,45.925,46.494,284,0
PLW,D,20161216,000000,46.494,46.494,44.891,45.545,748,0
PLW,D,20161219,000000,43.942,46.295,43.704,45.925,4745,0
PLW,D,20161220,000000,44.502,46.019,44.502,45.535,326,0
PLW,D,20161221,000000,45.535,45.535,43.751,43.751,1557,0
PLW,D,20161222,000000,45.061,45.061,43.667,43.667,57,0
PLW,D,20161223,000000,44.113,44.113,43.647,43.885,972,0
PLW,D,20161227,000000,43.932,44.852,43.315,44.843,1681,0
PLW,D,20161228,000000,44.597,44.597,43.315,44.027,686,0
PLW,D,20161229,000000,44.786,46.494,44.502,46.019,2627,0
PLW,D,20161230,000000,45.545,47.11,45.545,47.11,1924,0
PLW,D,20170102,000000,47.235,47.235,45.213,46.95,2504,0
PLW,D,20170103,000000,47.235,47.235,44.587,44.587,1027,0
PLW,D,20170104,000000,45.526,45.526,44.597,44.597,82,0
PLW,D,20170105,000000,44.597,45.393,43.647,43.647,2596,0
PLW,D,20170109,000000,43.647,44.121,43.647,43.676,721,0
PLW,D,20170110,000000,43.676,43.724,43.079,43.647,2312,0
PLW,D,20170111,000000,43.647,43.647,43.088,43.144,954,0
PLW,D,20170112,000000,43.552,43.552,42.224,42.983,1153,0
PLW,D,20170113,000000,43.552,43.552,42.243,42.699,670,0
PLW,D,20170116,000000,42.243,42.642,41.75,42.233,947,0
PLW,D,20170117,000000,42.271,42.271,41.465,41.512,1892,0
PLW,D,20170118,000000,41.512,41.655,41.37,41.655,299,0
PLW,D,20170119,000000,41.75,41.75,40.8,41.512,2019,0
PLW,D,20170120,000000,41.74,41.74,40.8,41.645,428,0
PLW,D,20170123,000000,41.73,41.73,40.8,41.636,415,0
PLW,D,20170124,000000,41.797,41.797,40.8,41.276,587,0
PLW,D,20170125,000000,40.82,41.276,40.611,40.895,1490,0
PLW,D,20170126,000000,41.845,42.215,40.924,42.215,354,0
PLW,D,20170127,000000,42.215,42.215,41.086,41.427,527,0
PLW,D,20170130,000000,40.924,42.518,40.924,42.509,2579,0
PLW,D,20170131,000000,42.509,46.399,42.509,44.644,3402,0
PLW,D,20170201,000000,44.587,45.535,44.587,45.507,999,0
PLW,D,20170202,000000,45.545,45.83,45.166,45.545,1593,0
PLW,D,20170203,000000,45.545,45.545,45.07,45.07,174,0
PLW,D,20170206,000000,45.07,45.535,45.07,45.535,347,0
PLW,D,20170207,000000,45.535,45.535,44.976,45.403,784,0
PLW,D,20170208,000000,45.535,45.535,45.308,45.488,99,0
PLW,D,20170209,000000,45.497,46.399,44.976,46.2,807,0
PLW,D,20170210,000000,45.555,46.21,45.545,45.545,305,0
PLW,D,20170213,000000,45.555,46.589,45.545,46.494,1462,0
PLW,D,20170214,000000,46.826,46.826,45.734,46.114,511,0
PLW,D,20170215,000000,46.494,46.712,45.582,46.712,172,0
PLW,D,20170216,000000,46.712,46.712,45.649,46.58,202,0
PLW,D,20170217,000000,46.494,46.494,45.582,45.659,107,0
PLW,D,20170220,000000,46.674,46.826,46.494,46.826,1325,0
PLW,D,20170221,000000,46.826,47.917,46.019,47.585,9185,0
PLW,D,20170222,000000,47.585,48.173,46.968,47.537,1446,0
PLW,D,20170223,000000,47.917,47.956,47.253,47.443,629,0
PLW,D,20170224,000000,47.443,47.443,46.779,47.443,828,0
PLW,D,20170227,000000,48.534,51.238,48.534,49.397,7514,0
PLW,D,20170228,000000,49.881,54.322,49.292,53.136,22574,0
PLW,D,20170301,000000,54.559,55.982,53.706,54.312,21130,0
PLW,D,20170302,000000,55.034,59.493,55.034,58.64,31283,0
PLW,D,20170303,000000,60.253,63.573,58.829,61.296,16122,0
PLW,D,20170306,000000,61.486,61.666,59.398,61.153,17960,0
PLW,D,20170307,000000,58.64,59.635,54.275,55.992,13035,0
PLW,D,20170308,000000,55.935,57.88,53.24,54.084,6281,0
PLW,D,20170309,000000,55.034,56.457,53.611,55.945,4582,0
PLW,D,20170310,000000,56.827,58.829,55.251,58.64,4855,0
PLW,D,20170313,000000,59.493,59.873,58.839,59.75,8179,0
PLW,D,20170314,000000,59.493,59.826,58.64,59.665,1605,0
PLW,D,20170315,000000,59.493,59.986,58.355,59.968,3678,0
PLW,D,20170316,000000,59.986,59.986,59.351,59.777,4041,0
PLW,D,20170317,000000,59.304,60.727,59.304,59.777,4438,0
PLW,D,20170320,000000,60.613,61.675,60.347,60.917,10993,0
PLW,D,20170321,000000,61.183,62.151,61.011,61.296,5081,0
PLW,D,20170322,000000,61.58,62.046,59.777,61.201,3068,0
PLW,D,20170323,000000,61.77,61.913,60.253,61.201,3003,0
PLW,D,20170324,000000,61.675,62.056,59.588,60.727,3090,0
PLW,D,20170327,000000,60.727,60.727,58.364,60.717,1928,0
PLW,D,20170328,000000,60.727,60.727,57.406,60.528,2163,0
PLW,D,20170329,000000,60.442,60.442,57.426,58.725,1929,0
PLW,D,20170330,000000,58.725,58.725,56.989,58.535,642,0
PLW,D,20170331,000000,59.854,59.854,57.027,58.042,1643,0
PLW,D,20170403,000000,59.777,59.777,55.129,55.982,2447,0
PLW,D,20170404,000000,56.837,56.922,55.982,56.884,435,0
PLW,D,20170405,000000,56.457,56.931,55.518,56.931,668,0
PLW,D,20170406,000000,56.94,57.87,56.457,57.776,1126,0
PLW,D,20170407,000000,57.767,57.767,56.627,56.931,176,0
PLW,D,20170410,000000,56.94,57.87,55.138,56.922,2691,0
PLW,D,20170411,000000,55.508,56.893,53.99,55.034,3641,0
PLW,D,20170412,000000,54.559,55.508,54.559,55.508,626,0
PLW,D,20170413,000000,55.508,55.508,53.516,54.559,4827,0
PLW,D,20170418,000000,54.084,54.94,54.084,54.94,1185,0
PLW,D,20170419,000000,55.025,55.025,54.179,54.748,212,0
PLW,D,20170420,000000,55.025,58.269,55.025,57.719,11453,0
PLW,D,20170421,000000,57.719,57.862,56.599,57.852,1871,0
PLW,D,20170424,000000,57.852,57.852,56.979,57.852,1433,0
PLW,D,20170425,000000,57.406,57.406,56.124,57.027,756,0
PLW,D,20170426,000000,56.931,56.931,53.516,54.464,3041,0
PLW,D,20170427,000000,55.034,56.913,55.034,56.552,176,0
PLW,D,20170428,000000,56.552,56.552,55.508,56.552,861,0
PLW,D,20170502,000000,56.647,56.647,55.508,56.306,538,0
PLW,D,20170504,000000,56.371,56.371,54.084,55.499,3147,0
PLW,D,20170505,000000,55.499,55.499,54.084,54.084,1232,0
PLW,D,20170508,000000,54.084,54.559,53.8,53.8,180,0
PLW,D,20170509,000000,53.81,53.81,50.668,52.651,3087,0
PLW,D,20170510,000000,51.238,54.464,51.238,53.611,1403,0
PLW,D,20170511,000000,53.601,53.611,52.946,53.611,2240,0
PLW,D,20170512,000000,53.611,53.611,50.82,53.601,643,0
PLW,D,20170515,000000,53.127,53.136,50.916,53.041,729,0
PLW,D,20170516,000000,53.041,53.041,50.811,50.811,1193,0
PLW,D,20170517,000000,52.188,52.188,47.443,49.341,2960,0
PLW,D,20170518,000000,50.1,50.29,48.866,48.866,406,0
PLW,D,20170519,000000,48.866,52.188,48.819,52.188,479,0
PLW,D,20170522,000000,52.188,52.188,51.238,52.188,262,0
PLW,D,20170523,000000,52.188,52.188,51.295,52.188,561,0
PLW,D,20170524,000000,52.188,52.188,52.168,52.168,19,0
PLW,D,20170525,000000,52.188,53.723,51.238,53.723,1191,0
PLW,D,20170526,000000,53.895,53.895,51.997,51.997,194,0
PLW,D,20170529,000000,53.895,54.275,51.001,54.275,393,0
PLW,D,20170530,000000,54.265,55.413,51.855,55.413,3095,0
PLW,D,20170531,000000,55.413,56.219,54.076,54.076,1958,0
PLW,D,20170601,000000,54.076,56.266,54.076,55.698,1481,0
PLW,D,20170602,000000,55.972,55.972,54.796,54.891,197,0
PLW,D,20170605,000000,55.67,56.742,55.66,55.982,648,0
PLW,D,20170606,000000,56.808,56.808,55.034,56.742,959,0
PLW,D,20170607,000000,56.808,56.808,55.034,56.552,5519,0
PLW,D,20170608,000000,56.789,56.789,56.647,56.647,12,0
PLW,D,20170609,000000,56.808,56.808,56.798,56.798,2,0
PLW,D,20170612,000000,55.859,55.964,52.196,54.94,1078,0
PLW,D,20170613,000000,55.034,56.931,55.034,55.972,5145,0
PLW,D,20170614,000000,55.982,57.5,55.442,57.311,12136,0
PLW,D,20170616,000000,56.931,57.767,56.931,57.406,605,0
PLW,D,20170619,000000,57.027,57.311,56.931,57.311,1623,0
PLW,D,20170620,000000,57.88,57.88,54.559,54.559,6703,0
PLW,D,20170621,000000,55.034,55.034,54.559,54.94,1313,0
PLW,D,20170622,000000,55.982,57.69,55.518,56.457,6325,0
PLW,D,20170623,000000,56.931,56.931,55.982,56.903,398,0
PLW,D,20170626,000000,56.931,56.931,54.654,56.913,838,0
PLW,D,20170627,000000,56.913,56.913,55.982,55.982,111,0
PLW,D,20170628,000000,56.457,56.931,55.982,56.172,787,0
PLW,D,20170629,000000,56.457,56.931,55.982,56.931,404,0
PLW,D,20170630,000000,56.931,57.88,56.087,57.852,2645,0
PLW,D,20170703,000000,57.852,58.829,57.852,58.61,3896,0
PLW,D,20170704,000000,58.64,58.819,57.928,58.516,1337,0
PLW,D,20170705,000000,58.498,58.498,56.457,56.457,1458,0
PLW,D,20170706,000000,57.396,57.396,56.077,56.827,843,0
PLW,D,20170707,000000,56.837,58.137,56.837,58.137,267,0
PLW,D,20170710,000000,59.304,59.304,58.829,58.829,1559,0
PLW,D,20170711,000000,58.829,59.189,56.931,57.027,1521,0
PLW,D,20170712,000000,57.88,57.88,57.406,57.406,747,0
PLW,D,20170713,000000,57.88,57.88,56.931,57.87,187,0
PLW,D,20170714,000000,57.87,57.88,56.457,57.776,464,0
PLW,D,20170717,000000,57.786,57.88,56.504,57.88,1033,0
PLW,D,20170718,000000,58.346,58.346,56.552,56.931,714,0
PLW,D,20170719,000000,57.88,58.155,56.931,57.88,1337,0
PLW,D,20170720,000000,57.975,57.975,57.88,57.88,430,0
PLW,D,20170721,000000,57.975,58.164,55.508,56.931,2163,0
PLW,D,20170724,000000,56.837,56.837,51.153,53.706,15498,0
PLW,D,20170725,000000,54.843,56.827,54.748,55.878,4946,0
PLW,D,20170726,000000,55.859,56.353,55.034,55.982,2186,0
PLW,D,20170727,000000,53.373,56.742,53.373,56.742,8754,0
PLW,D,20170728,000000,57.595,57.595,55.062,56.922,34672,0
PLW,D,20170731,000000,57.88,58.355,55.508,57.87,6274,0
PLW,D,20170801,000000,58.07,58.07,56.533,57.406,3379,0
PLW,D,20170802,000000,58.355,58.355,56.931,57.833,5155,0
PLW,D,20170803,000000,57.88,57.88,56.362,57.112,1522,0
PLW,D,20170804,000000,57.311,57.311,55.176,56.884,935,0
PLW,D,20170807,000000,56.875,56.875,55.062,56.875,2488,0
PLW,D,20170808,000000,56.827,56.837,55.67,56.011,5524,0
PLW,D,20170809,000000,56.761,56.761,53.145,54.559,5192,0
PLW,D,20170810,000000,56.457,56.457,53.658,55.034,1031,0
PLW,D,20170811,000000,56.266,56.266,53.136,55.034,373,0
PLW,D,20170814,000000,55.982,55.982,54.084,55.034,1056,0
PLW,D,20170816,000000,55.034,55.034,53.145,55.034,1665,0
PLW,D,20170817,000000,55.025,55.025,53.24,54.084,295,0
PLW,D,20170818,000000,53.373,53.706,52.188,53.231,1446,0
PLW,D,20170821,000000,54.987,56.808,54.464,55.499,9411,0
PLW,D,20170822,000000,55.651,56.457,55.651,56.448,6312,0
PLW,D,20170823,000000,56.789,56.884,55.982,56.457,866,0
PLW,D,20170824,000000,56.457,56.457,56.002,56.315,4486,0
PLW,D,20170825,000000,56.457,56.457,56.172,56.172,4274,0
PLW,D,20170828,000000,56.931,56.931,55.982,55.982,8297,0
PLW,D,20170829,000000,56.903,56.903,55.982,56.627,10742,0
PLW,D,20170830,000000,56.457,58.355,56.362,58.355,7590,0
PLW,D,20170831,000000,58.829,59.588,57.88,58.829,28454,0
PLW,D,20170901,000000,58.829,60.034,58.829,60.034,12645,0
PLW,D,20170904,000000,59.769,60.717,59.769,60.528,6925,0
PLW,D,20170905,000000,60.528,60.717,60.062,60.613,4965,0
PLW,D,20170906,000000,60.538,60.538,60.062,60.062,9522,0
PLW,D,20170907,000000,60.253,60.253,57.027,58.829,7202,0
PLW,D,20170908,000000,58.829,60.148,58.829,60.062,682,0
PLW,D,20170911,000000,60.632,62.862,60.538,62.862,67553,0
PLW,D,20170912,000000,63.469,65.281,61.675,64.712,13241,0
PLW,D,20170913,000000,64.712,65.472,64.522,65.281,6418,0
PLW,D,20170914,000000,64.854,64.854,62.634,64.598,4538,0
PLW,D,20170915,000000,64.532,64.532,63.099,64.048,3972,0
PLW,D,20170918,000000,64.048,68.983,64.048,67.843,4994,0
PLW,D,20170919,000000,67.369,68.783,64.902,66.04,4012,0
PLW,D,20170920,000000,66.876,66.876,64.912,64.912,1753,0
PLW,D,20170921,000000,65.367,65.472,63.108,64.494,4016,0
PLW,D,20170922,000000,64.475,64.475,62.625,63.858,1225,0
PLW,D,20170925,000000,63.384,63.384,60.68,60.774,10158,0
PLW,D,20170926,000000,61.675,61.675,57.453,60.243,4807,0
PLW,D,20170927,000000,59.777,63.478,58.839,62.482,2787,0
PLW,D,20170928,000000,62.482,63.099,62.482,62.909,404,0
PLW,D,20170929,000000,63.573,63.763,62.151,63.564,2304,0
PLW,D,20171002,000000,63.573,64.522,60.737,61.58,3255,0
PLW,D,20171003,000000,61.675,64.996,61.675,64.996,30429,0
PLW,D,20171004,000000,65.661,65.661,63.811,64.427,1439,0
PLW,D,20171005,000000,64.143,64.988,62.159,64.417,607,0
PLW,D,20171006,000000,64.417,64.807,62.293,64.475,32035,0
PLW,D,20171009,000000,65.472,65.472,62.445,62.445,864,0
PLW,D,20171010,000000,63.573,65.472,61.77,64.305,1828,0
PLW,D,20171011,000000,64.305,65.32,63.478,64.039,227,0
PLW,D,20171012,000000,64.039,64.512,61.865,64.512,1108,0
PLW,D,20171013,000000,64.503,64.503,62.729,63.573,108,0
PLW,D,20171016,000000,64.512,65.233,60.917,64.996,3937,0
PLW,D,20171017,000000,65.472,65.472,63.763,64.988,2423,0
PLW,D,20171018,000000,64.988,64.996,62.198,62.625,5006,0
PLW,D,20171019,000000,63.564,63.564,62.151,62.625,803,0
PLW,D,20171020,000000,63.375,63.375,61.011,62.397,412,0
PLW,D,20171023,000000,61.609,61.609,58.649,58.649,4331,0
PLW,D,20171024,000000,59.854,59.854,55.234,56.504,3510,0
PLW,D,20171025,000000,56.695,58.147,54.559,58.147,5451,0
PLW,D,20171026,000000,58.147,59.114,58.07,59.114,1193,0
PLW,D,20171027,000000,59.769,59.769,58.829,59.019,267,0
PLW,D,20171030,000000,58.829,60.053,58.164,59.114,2410,0
PLW,D,20171031,000000,60.062,61.865,59.114,60.717,1154,0
PLW,D,20171102,000000,60.917,60.917,59.54,59.54,353,0
PLW,D,20171103,000000,59.55,60.253,59.55,60.253,1109,0
PLW,D,20171106,000000,60.253,60.253,58.839,60.158,1519,0
PLW,D,20171107,000000,59.777,59.777,58.45,59.777,16198,0
PLW,D,20171108,000000,58.45,59.777,58.45,58.829,832,0
PLW,D,20171109,000000,59.682,59.682,57.216,58.316,883,0
PLW,D,20171110,000000,56.931,59.682,56.931,59.284,1139,0
PLW,D,20171113,000000,58.829,59.284,57.928,59.284,302,0
PLW,D,20171114,000000,59.284,59.284,57.89,58.355,398,0
PLW,D,20171115,000000,57.89,59.209,57.89,59.209,426,0
PLW,D,20171116,000000,58.402,59.398,58.07,59.398,989,0
PLW,D,20171117,000000,59.777,61.201,59.446,61.201,1191,0
PLW,D,20171120,000000,61.675,61.675,59.777,61.476,1121,0
PLW,D,20171121,000000,61.476,62.625,60.727,62.625,1308,0
PLW,D,20171122,000000,62.644,63.991,61.675,62.615,835,0
PLW,D,20171123,000000,62.615,63.554,60.081,63.554,782,0
PLW,D,20171124,000000,63.858,63.858,63.099,63.573,519,0
PLW,D,20171127,000000,64.522,64.522,63.099,63.573,6508,0
PLW,D,20171128,000000,64.417,64.417,61.675,63.004,2179,0
PLW,D,20171129,000000,63.573,63.573,60.832,61.865,673,0
PLW,D,20171130,000000,61.865,61.865,58.829,60.528,2210,0
PLW,D,20171201,000000,61.58,61.58,59.588,60.158,179,0
PLW,D,20171204,000000,60.158,61.666,58.829,60.253,751,0
PLW,D,20171205,000000,60.158,60.538,59.682,60.538,83,0
PLW,D,20171206,000000,61.486,61.486,59.322,60.442,87,0
PLW,D,20171207,000000,60.442,60.538,59.777,60.442,241,0
PLW,D,20171208,000000,60.442,60.538,59.493,60.538,940,0
PLW,D,20171211,000000,60.253,61.391,60.253,60.822,289,0
PLW,D,20171212,000000,60.822,60.822,59.977,60.727,566,0
PLW,D,20171213,000000,60.727,60.727,58.829,58.829,1690,0
PLW,D,20171214,000000,59.777,60.538,58.924,59.777,835,0
PLW,D,20171215,000000,59.777,59.777,57.396,57.396,1631,0
PLW,D,20171218,000000,58.725,58.725,56.922,57.88,1313,0
PLW,D,20171219,000000,57.88,60.253,57.88,59.777,37095,0
PLW,D,20171220,000000,61.201,61.201,59.777,59.777,241,0
PLW,D,20171221,000000,59.777,59.777,59.635,59.777,32087,0
PLW,D,20171222,000000,59.304,59.777,58.839,59.304,3149,0
PLW,D,20171227,000000,59.777,62.814,59.777,62.615,29827,0
PLW,D,20171228,000000,63.431,63.431,61.675,62.529,1412,0
PLW,D,20171229,000000,61.685,62.72,61.201,61.666,2354,0
PLW,D,20180103,000000,61.106,61.675,59.968,60.727,567,0
PLW,D,20180104,000000,60.727,60.727,60.158,60.727,984,0
PLW,D,20180105,000000,61.675,61.675,61.106,61.486,82,0
PLW,D,20180108,000000,61.486,63.953,61.486,62.435,5292,0
PLW,D,20180109,000000,63.573,64.143,63.004,64.143,5394,0
PLW,D,20180110,000000,64.522,65.472,63.193,64.522,8783,0
PLW,D,20180111,000000,64.902,65.091,64.143,64.143,1508,0
PLW,D,20180112,000000,65.472,66.04,64.143,65.091,6957,0
PLW,D,20180115,000000,65.091,66.04,63.763,63.953,2088,0
PLW,D,20180116,000000,64.333,65.281,64.333,65.281,1307,0
PLW,D,20180117,000000,65.281,65.281,64.522,64.712,940,0
PLW,D,20180118,000000,65.281,68.127,65.281,68.127,17658,0
PLW,D,20180119,000000,68.318,70.785,68.318,70.215,8926,0
PLW,D,20180122,000000,70.785,77.806,70.785,77.806,21864,0
PLW,D,20180123,000000,80.843,88.054,80.652,81.602,29939,0
PLW,D,20180124,000000,81.602,82.55,76.857,78.755,11409,0
PLW,D,20180125,000000,78.755,81.222,78.755,80.273,3139,0
PLW,D,20180126,000000,80.273,81.602,80.273,81.412,1450,0
PLW,D,20180129,000000,81.602,82.361,79.704,81.602,3958,0
PLW,D,20180130,000000,81.602,81.602,80.083,80.652,1037,0
PLW,D,20180131,000000,79.515,80.652,79.515,80.652,674,0
PLW,D,20180201,000000,79.704,81.412,74.581,77.806,1613,0
PLW,D,20180202,000000,77.617,77.806,75.909,76.288,2394,0
PLW,D,20180205,000000,75.909,79.704,71.923,78.755,5791,0
PLW,D,20180206,000000,74.011,76.857,72.113,74.011,8822,0
PLW,D,20180207,000000,75.529,81.412,75.529,79.704,6582,0
PLW,D,20180208,000000,81.222,81.412,79.515,79.515,4296,0
PLW,D,20180209,000000,78.186,79.704,76.857,79.515,2268,0
PLW,D,20180212,000000,79.515,80.463,79.515,80.273,1160,0
PLW,D,20180213,000000,80.652,85.018,80.652,81.602,9746,0
PLW,D,20180214,000000,82.17,82.931,81.602,81.602,3282,0
PLW,D,20180215,000000,81.981,82.55,79.515,80.463,2781,0
PLW,D,20180216,000000,80.652,82.55,79.704,81.792,3914,0
PLW,D,20180219,000000,81.222,81.602,78.945,81.412,414,0
PLW,D,20180220,000000,81.222,84.068,81.222,83.499,2260,0
PLW,D,20180221,000000,83.499,84.258,82.55,83.499,5377,0
PLW,D,20180222,000000,83.499,84.258,83.12,83.879,21663,0
PLW,D,20180223,000000,84.068,88.433,84.068,87.295,15273,0
PLW,D,20180226,000000,87.484,88.244,85.586,86.346,5419,0
PLW,D,20180227,000000,85.397,86.346,84.448,84.448,2383,0
PLW,D,20180228,000000,84.828,86.156,84.448,85.586,3920,0
PLW,D,20180301,000000,87.295,87.295,81.981,84.448,1494,0
PLW,D,20180302,000000,84.828,84.828,82.55,82.55,2237,0
PLW,D,20180305,000000,82.55,84.448,82.55,83.31,1690,0
PLW,D,20180306,000000,83.689,86.156,83.689,84.448,1909,0
PLW,D,20180307,000000,85.777,86.915,84.448,86.536,8548,0
PLW,D,20180308,000000,87.105,87.105,85.397,86.915,2099,0
PLW,D,20180309,000000,85.586,89.002,85.208,88.244,16107,0
PLW,D,20180312,000000,90.142,92.608,89.572,89.572,8369,0
PLW,D,20180313,000000,89.572,91.09,88.244,90.711,2881,0
PLW,D,20180314,000000,91.09,94.506,90.9,94.506,4565,0
PLW,D,20180315,000000,94.316,96.787,92.04,96.787,10974,0
PLW,D,20180316,000000,96.787,97.262,92.608,93.937,4795,0
PLW,D,20180319,000000,94.506,95.36,92.798,94.886,12347,0
PLW,D,20180320,000000,92.988,94.506,92.418,92.608,14776,0
PLW,D,20180321,000000,92.608,93.747,89.572,92.798,5836,0
PLW,D,20180322,000000,92.988,93.558,91.66,92.988,3260,0
PLW,D,20180323,000000,92.229,93.747,92.04,93.558,1236,0
PLW,D,20180326,000000,91.47,93.177,90.521,90.521,4682,0
PLW,D,20180327,000000,91.849,92.229,91.09,91.09,767,0
PLW,D,20180328,000000,91.09,91.09,86.915,88.244,5147,0
PLW,D,20180329,000000,91.09,92.418,87.674,92.418,3420,0
PLW,D,20180403,000000,92.608,92.608,90.711,91.849,534,0
PLW,D,20180404,000000,92.04,92.04,89.762,90.331,2585,0
PLW,D,20180405,000000,90.331,92.04,83.499,85.777,2601,0
PLW,D,20180406,000000,86.726,95.36,86.346,94.886,10979,0
PLW,D,20180409,000000,104.38,111.49,99.63,103.9,17438,0
PLW,D,20180410,000000,106.27,111.01,105.32,109.12,17943,0
PLW,D,20180411,000000,109.12,111.49,104.38,105.8,21655,0
PLW,D,20180412,000000,105.8,105.8,100.58,103.9,5352,0
PLW,D,20180413,000000,104.85,106.27,102.48,102.48,3434,0
PLW,D,20180416,000000,105.32,105.32,98.681,100.58,8182,0
PLW,D,20180417,000000,100.58,101.53,97.262,98.681,7554,0
PLW,D,20180418,000000,100.1,100.1,97.262,98.681,3504,0
PLW,D,20180419,000000,97.262,99.63,91.849,93.558,18108,0
PLW,D,20180420,000000,97.74,99.63,93.937,94.886,16683,0
PLW,D,20180423,000000,98.21,98.681,92.988,94.316,12979,0
PLW,D,20180424,000000,94.886,95.834,93.177,93.367,4387,0
PLW,D,20180425,000000,92.988,94.506,90.331,93.367,4963,0
PLW,D,20180426,000000,92.798,99.162,92.798,94.886,17996,0
PLW,D,20180427,000000,97.74,97.74,93.367,94.127,13379,0
PLW,D,20180430,000000,96.787,102.01,95.834,99.63,34089,0
PLW,D,20180502,000000,105.32,108.16,101.53,102.48,35374,0
PLW,D,20180504,000000,104.85,106.74,103.43,105.8,21461,0
PLW,D,20180507,000000,106.27,110.07,104.38,105.32,28797,0
PLW,D,20180508,000000,106.27,107.69,100.58,104.38,28176,0
PLW,D,20180509,000000,104.38,107.22,102.48,106.74,23584,0
PLW,D,20180510,000000,107.22,121.92,107.22,121.45,82180,0
PLW,D,20180511,000000,127.14,143.27,123.35,141.38,84738,0
PLW,D,20180514,000000,144.7,155.14,130.47,139.01,120609,0
PLW,D,20180515,000000,140.43,140.43,131.9,137.11,27405,0
PLW,D,20180516,000000,137.59,164.14,137.59,160.36,73739,0
PLW,D,20180517,000000,163.2,164.14,132.37,134.74,115708,0
PLW,D,20180518,000000,147.54,148.02,129.99,138.54,89676,0
PLW,D,20180521,000000,156.56,161.3,146.12,151.35,100542,0
PLW,D,20180522,000000,155.14,163.2,153.72,163.2,89517,0
PLW,D,20180523,000000,162.72,174.59,160.36,168.9,98933,0
PLW,D,20180524,000000,168.9,171.75,161.3,167.95,63361,0
PLW,D,20180525,000000,167.95,171.75,163.2,166.06,42673,0
PLW,D,20180528,000000,170.79,173.64,162.25,164.14,66462,0
PLW,D,20180529,000000,169.84,170.32,140.9,143.27,127321,0
PLW,D,20180530,000000,113.86,129.04,106.27,111.01,218255,0
PLW,D,20180601,000000,112.91,112.91,93.367,104.38,211486,0
PLW,D,20180604,000000,106.74,128.56,106.74,128.09,122632,0
PLW,D,20180605,000000,133.79,137.59,127.14,133.79,82449,0
PLW,D,20180606,000000,129.99,133.79,120.98,128.09,82658,0
PLW,D,20180607,000000,129.04,130.47,123.35,126.67,23871,0
PLW,D,20180608,000000,124.77,126.2,115.28,116.72,32768,0
PLW,D,20180611,000000,116.72,121.45,106.27,120.5,72804,0
PLW,D,20180612,000000,122.4,124.77,116.24,117.66,21493,0
PLW,D,20180613,000000,119.56,119.56,113.86,115.77,12687,0
PLW,D,20180614,000000,115.28,129.52,113.86,128.09,44083,0
PLW,D,20180615,000000,130.95,130.95,125.25,125.25,38968,0
PLW,D,20180618,000000,127.14,129.04,121.92,123.35,23524,0
PLW,D,20180619,000000,121.45,121.45,117.66,119.56,16897,0
PLW,D,20180620,000000,118.61,121.45,116.24,121.45,15348,0
PLW,D,20180621,000000,120.98,122.88,116.72,118.14,12192,0
PLW,D,20180622,000000,118.61,118.61,112.91,115.28,16081,0
PLW,D,20180625,000000,115.77,115.77,109.59,113.39,12518,0
PLW,D,20180626,000000,113.39,113.86,109.12,109.12,24145,0
PLW,D,20180627,000000,107.22,109.12,102.48,109.12,34778,0
PLW,D,20180628,000000,109.12,125.25,109.12,118.61,30840,0
PLW,D,20180629,000000,120.5,125.25,119.56,123.35,28356,0
PLW,D,20180702,000000,122.4,125.25,117.66,119.56,19705,0
PLW,D,20180703,000000,120.98,120.98,117.66,120.5,3999,0
PLW,D,20180704,000000,121.92,127.14,120.5,124.77,16534,0
PLW,D,20180705,000000,124.77,127.14,123.83,125.25,8559,0
PLW,D,20180706,000000,129.04,130.47,121.45,121.92,30522,0
PLW,D,20180709,000000,123.87,124.83,116.12,120.96,13407,0
PLW,D,20180710,000000,122.9,122.9,117.09,120.96,25318,0
PLW,D,20180711,000000,120.96,120.96,116.61,119.51,8807,0
PLW,D,20180712,000000,119.02,120.96,118.54,119.99,7845,0
PLW,D,20180713,000000,119.99,120.96,117.09,118.06,16803,0
PLW,D,20180716,000000,118.54,119.99,117.09,118.06,11856,0
PLW,D,20180717,000000,118.06,134.51,118.06,133.54,65766,0
PLW,D,20180718,000000,133.06,133.06,120.96,121.92,59484,0
PLW,D,20180719,000000,123.38,128.22,121.92,125.8,16616,0
PLW,D,20180720,000000,127.25,130.63,123.38,124.83,25496,0
PLW,D,20180723,000000,132.58,134.51,130.15,134.51,57975,0
PLW,D,20180724,000000,136.44,149.99,136.44,144.19,93663,0
PLW,D,20180725,000000,144.67,150.95,143.22,149.5,44638,0
PLW,D,20180726,000000,151.92,151.92,142.74,147.09,26963,0
PLW,D,20180727,000000,146.12,158.21,146.12,157.73,62134,0
PLW,D,20180730,000000,159.66,168.38,159.66,166.44,53579,0
PLW,D,20180731,000000,166.93,169.34,158.7,159.18,36266,0
PLW,D,20180801,000000,155.31,162.57,151.92,158.7,27480,0
PLW,D,20180802,000000,159.18,163.54,155.8,161.11,13345,0
PLW,D,20180803,000000,160.63,160.63,154.35,155.8,23610,0
PLW,D,20180806,000000,153.86,161.6,153.86,159.66,22158,0
PLW,D,20180807,000000,160.15,166.93,159.66,164.51,22250,0
PLW,D,20180808,000000,164.51,166.44,160.63,161.6,20907,0
PLW,D,20180809,000000,165.48,166.44,162.57,166.44,23026,0
PLW,D,20180810,000000,164.51,165.48,159.66,161.11,20318,0
PLW,D,20180813,000000,160.15,165.48,159.66,165.48,17408,0
PLW,D,20180814,000000,165.96,165.96,156.28,158.7,29956,0
PLW,D,20180816,000000,149.02,157.25,141.76,155.31,59407,0
PLW,D,20180817,000000,155.31,157.73,149.99,157.25,24525,0
PLW,D,20180820,000000,157.25,157.73,153.38,153.38,10268,0
PLW,D,20180821,000000,155.8,155.8,151.92,155.8,9764,0
PLW,D,20180822,000000,155.8,155.8,151.92,153.38,7028,0
PLW,D,20180823,000000,153.86,153.86,150.47,151.92,5299,0
PLW,D,20180824,000000,152.41,152.9,150.95,151.92,2332,0
PLW,D,20180827,000000,151.92,154.83,147.09,147.09,20516,0
PLW,D,20180828,000000,145.15,147.09,143.22,145.64,14012,0
PLW,D,20180829,000000,145.15,145.15,141.28,143.7,16323,0
PLW,D,20180830,000000,142.74,149.02,141.76,148.54,11003,0
PLW,D,20180831,000000,148.05,149.99,142.25,147.09,12497,0
PLW,D,20180903,000000,144.67,147.09,132.58,134.51,20992,0
PLW,D,20180904,000000,133.54,141.76,133.54,138.38,18722,0
PLW,D,20180905,000000,138.38,139.83,134.03,136.44,10038,0
PLW,D,20180906,000000,136.44,136.44,133.54,134.99,11158,0
PLW,D,20180907,000000,134.51,145.15,129.67,136.44,24289,0
PLW,D,20180910,000000,136.44,138.38,133.54,135.48,11160,0
PLW,D,20180911,000000,136.44,136.44,127.25,134.51,13378,0
PLW,D,20180912,000000,133.54,134.03,130.15,132.58,7407,0
PLW,D,20180913,000000,132.58,133.54,130.63,132.58,5256,0
PLW,D,20180914,000000,130.63,135.48,130.63,134.99,11005,0
PLW,D,20180917,000000,135.48,147.09,135.48,147.09,19248,0
PLW,D,20180918,000000,146.12,154.83,145.15,153.86,19676,0
PLW,D,20180919,000000,154.83,154.83,146.12,149.02,10397,0
PLW,D,20180920,000000,149.5,154.83,149.5,152.9,13272,0
PLW,D,20180921,000000,153.38,154.35,149.02,151.92,16176,0
PLW,D,20180924,000000,154.35,156.76,141.76,146.12,38365,0
PLW,D,20180925,000000,146.6,147.09,140.79,144.67,16948,0
PLW,D,20180926,000000,145.15,148.05,144.67,146.12,7564,0
PLW,D,20180927,000000,145.15,145.15,140.31,141.76,7324,0
PLW,D,20180928,000000,142.25,142.74,135.96,138.38,18135,0
PLW,D,20181001,000000,138.38,141.76,136.44,138.86,5169,0
PLW,D,20181002,000000,139.34,145.64,138.86,144.19,10400,0
PLW,D,20181003,000000,145.15,148.54,145.15,147.57,9842,0
PLW,D,20181004,000000,147.57,148.05,138.86,141.28,9323,0
PLW,D,20181005,000000,141.28,143.7,138.38,142.25,7322,0
PLW,D,20181008,000000,142.25,146.12,134.99,137.41,14610,0
PLW,D,20181009,000000,136.93,138.38,129.67,136.44,13492,0
PLW,D,20181010,000000,138.38,139.34,124.83,126.28,31451,0
PLW,D,20181011,000000,118.54,122.9,116.12,118.06,45124,0
PLW,D,20181012,000000,121.44,126.77,120.96,123.87,21250,0
PLW,D,20181015,000000,126.77,130.63,118.06,119.99,22214,0
PLW,D,20181016,000000,120.47,127.73,119.99,125.32,19211,0
PLW,D,20181017,000000,128.7,130.63,125.32,125.32,21358,0
PLW,D,20181018,000000,125.32,126.77,122.9,124.35,7918,0
PLW,D,20181019,000000,123.87,124.83,121.92,123.38,8071,0
PLW,D,20181022,000000,123.87,124.35,118.06,120.47,23267,0
PLW,D,20181023,000000,118.54,119.02,112.25,112.73,38200,0
PLW,D,20181024,000000,113.22,119.51,113.22,114.67,20035,0
PLW,D,20181025,000000,111.28,119.02,109.83,119.02,30911,0
PLW,D,20181026,000000,119.02,120.96,112.25,113.22,38737,0
PLW,D,20181029,000000,113.22,116.12,111.76,114.19,13688,0
PLW,D,20181030,000000,113.71,117.57,112.25,115.64,12186,0
PLW,D,20181031,000000,118.54,118.54,114.19,115.64,20054,0
PLW,D,20181102,000000,118.54,120.96,115.16,117.09,21170,0
PLW,D,20181105,000000,117.09,119.51,113.22,117.09,16885,0
PLW,D,20181106,000000,117.09,119.02,115.16,117.57,10843,0
PLW,D,20181107,000000,117.09,126.77,117.09,126.77,24582,0
PLW,D,20181108,000000,129.18,134.51,127.73,133.06,28028,0
PLW,D,20181109,000000,133.06,133.06,126.77,127.73,10902,0
PLW,D,20181113,000000,136.44,144.19,132.58,133.54,35775,0
PLW,D,20181114,000000,134.51,134.51,126.77,131.6,16683,0
PLW,D,20181115,000000,132.58,132.58,123.38,126.28,15503,0
PLW,D,20181116,000000,126.77,129.67,118.06,129.18,23364,0
PLW,D,20181119,000000,127.73,130.15,124.35,127.25,14281,0
PLW,D,20181120,000000,124.83,125.8,119.99,120.96,22382,0
PLW,D,20181121,000000,121.92,125.32,120.47,121.92,30656,0
PLW,D,20181122,000000,122.9,127.25,120.47,123.87,12742,0
PLW,D,20181123,000000,125.8,128.7,123.87,127.25,13815,0
PLW,D,20181126,000000,131.6,143.22,130.63,134.99,53807,0
PLW,D,20181127,000000,132.58,133.06,127.73,131.6,12938,0
PLW,D,20181128,000000,131.6,133.54,131.12,132.58,11072,0
PLW,D,20181129,000000,134.99,137.41,134.03,137.41,15226,0
PLW,D,20181130,000000,137.41,137.89,134.51,136.93,4808,0
PLW,D,20181203,000000,137.89,143.22,136.44,141.76,27943,0
PLW,D,20181204,000000,142.25,142.25,137.41,140.79,10952,0
PLW,D,20181205,000000,137.41,138.38,133.06,137.41,11797,0
PLW,D,20181206,000000,137.41,141.28,134.03,138.86,14316,0
PLW,D,20181207,000000,139.34,142.25,137.89,138.38,13583,0
PLW,D,20181210,000000,135.96,136.93,130.15,130.15,21077,0
PLW,D,20181211,000000,134.51,134.99,131.12,131.6,7080,0
PLW,D,20181212,000000,133.54,133.54,130.15,133.54,6897,0
PLW,D,20181213,000000,134.51,134.51,131.12,132.08,9202,0
PLW,D,20181214,000000,131.12,133.06,130.15,131.6,4585,0
PLW,D,20181217,000000,131.12,132.58,123.87,126.28,17730,0
PLW,D,20181218,000000,123.87,125.8,121.92,125.8,16571,0
PLW,D,20181219,000000,127.25,130.15,125.8,130.15,11416,0
PLW,D,20181220,000000,127.73,129.67,125.8,126.77,16720,0
PLW,D,20181221,000000,126.77,129.18,124.83,124.83,20017,0
PLW,D,20181227,000000,129.67,130.15,126.28,130.15,8789,0
PLW,D,20181228,000000,129.67,130.63,127.73,130.63,8497,0
PLW,D,20190102,000000,132.08,138.86,129.67,135.48,26777,0
PLW,D,20190103,000000,135.48,137.41,131.12,132.08,8226,0
PLW,D,20190104,000000,134.03,137.41,132.08,137.41,9695,0
PLW,D,20190107,000000,140.31,146.12,139.34,146.12,40345,0
PLW,D,20190108,000000,147.09,147.57,144.19,145.64,15452,0
PLW,D,20190109,000000,147.09,151.44,145.64,149.02,18078,0
PLW,D,20190110,000000,148.54,150.47,145.64,147.57,11830,0
PLW,D,20190111,000000,150.47,150.47,147.09,148.05,11503,0
PLW,D,20190114,000000,148.54,149.02,145.15,147.57,8324,0
PLW,D,20190115,000000,148.05,149.5,147.09,148.05,4378,0
PLW,D,20190116,000000,148.05,154.83,148.05,154.83,23159,0
PLW,D,20190117,000000,154.83,159.66,150.95,154.83,17322,0
PLW,D,20190118,000000,155.31,158.21,155.31,156.76,11420,0
PLW,D,20190121,000000,156.76,159.66,155.8,156.76,4811,0
PLW,D,20190122,000000,157.25,158.21,152.41,152.9,15932,0
PLW,D,20190123,000000,151.92,160.63,149.99,158.7,37663,0
PLW,D,20190124,000000,158.7,161.6,155.31,157.25,8096,0
PLW,D,20190125,000000,158.21,158.7,154.83,157.25,6015,0
PLW,D,20190128,000000,157.73,158.21,151.92,153.86,12724,0
PLW,D,20190129,000000,151.92,159.66,151.92,156.76,9615,0
PLW,D,20190130,000000,157.25,157.73,154.83,155.31,2705,0
PLW,D,20190131,000000,157.73,159.18,155.8,155.8,16826,0
PLW,D,20190201,000000,156.28,156.28,153.86,154.83,5918,0
PLW,D,20190204,000000,154.83,158.7,154.83,157.73,9152,0
PLW,D,20190205,000000,158.7,159.18,156.76,158.7,7020,0
PLW,D,20190206,000000,157.73,157.73,152.41,152.9,21190,0
PLW,D,20190207,000000,152.9,152.9,139.83,150.95,33686,0
PLW,D,20190208,000000,148.05,149.99,144.19,147.09,18016,0
PLW,D,20190211,000000,147.09,147.09,144.67,146.6,7790,0
PLW,D,20190212,000000,146.6,150.47,145.64,149.5,9580,0
PLW,D,20190213,000000,150.95,150.95,147.09,149.02,3063,0
PLW,D,20190214,000000,147.57,150.95,147.57,149.99,2455,0
PLW,D,20190215,000000,149.02,155.8,147.09,151.92,8794,0
PLW,D,20190218,000000,153.38,154.35,150.47,151.92,6615,0
PLW,D,20190219,000000,151.44,153.38,149.5,151.92,4789,0
PLW,D,20190220,000000,152.9,152.9,149.02,149.99,2307,0
PLW,D,20190221,000000,150.47,150.95,148.54,149.99,3428,0
PLW,D,20190222,000000,149.5,150.95,147.09,149.99,4596,0
PLW,D,20190225,000000,150.95,150.95,146.6,149.99,9661,0
PLW,D,20190226,000000,150.47,150.47,148.05,148.54,4143,0
PLW,D,20190227,000000,149.5,153.38,149.5,150.47,9149,0
PLW,D,20190228,000000,151.44,155.31,151.44,153.86,7278,0
PLW,D,20190301,000000,154.35,156.76,153.38,153.86,11453,0
PLW,D,20190304,000000,155.8,158.7,155.8,156.76,4838,0
PLW,D,20190305,000000,157.73,157.73,153.86,155.8,3256,0
PLW,D,20190306,000000,155.8,157.25,154.35,155.8,3741,0
PLW,D,20190307,000000,155.8,155.8,153.38,154.83,2657,0
PLW,D,20190308,000000,153.38,154.83,150.47,154.83,9415,0
PLW,D,20190311,000000,156.76,156.76,154.83,154.83,6147,0
PLW,D,20190312,000000,155.8,156.76,154.83,156.28,4990,0
PLW,D,20190313,000000,156.28,163.06,154.83,161.6,21978,0
PLW,D,20190314,000000,164.99,168.38,164.51,164.99,23839,0
PLW,D,20190315,000000,164.51,165.48,162.57,162.57,12085,0
PLW,D,20190318,000000,164.51,169.83,164.51,167.89,15249,0
PLW,D,20190319,000000,168.86,172.25,168.38,169.34,13506,0
PLW,D,20190320,000000,169.34,174.19,167.89,167.89,16011,0
PLW,D,20190321,000000,167.89,167.89,164.03,166.44,7664,0
PLW,D,20190322,000000,168.38,170.31,161.6,162.57,9074,0
PLW,D,20190325,000000,163.54,164.51,159.18,164.51,7631,0
PLW,D,20190326,000000,166.44,168.86,165.48,168.38,5598,0
PLW,D,20190327,000000,169.34,169.34,166.93,168.38,5587,0
PLW,D,20190328,000000,169.34,178.05,167.41,176.12,25031,0
PLW,D,20190329,000000,176.6,182.9,171.77,174.67,29447,0
PLW,D,20190401,000000,176.89,178.83,173.22,178.44,11178,0
PLW,D,20190402,000000,179.02,183.86,179.02,181.53,16829,0
PLW,D,20190403,000000,185.21,186.76,182.5,184.83,28457,0
PLW,D,20190404,000000,185.8,187.15,176.5,181.93,20341,0
PLW,D,20190405,000000,182.9,182.9,175.34,177.86,18559,0
PLW,D,20190408,000000,178.05,183.86,178.05,183.28,6447,0
PLW,D,20190409,000000,183.48,183.86,180.95,181.73,4227,0
PLW,D,20190410,000000,181.73,181.73,178.63,178.83,5974,0
PLW,D,20190411,000000,181.93,185.41,179.6,182.5,12068,0
PLW,D,20190412,000000,183.86,185.8,182.9,184.63,6602,0
PLW,D,20190415,000000,184.83,188.7,184.83,188.7,10772,0
PLW,D,20190416,000000,189.28,194.51,188.51,188.7,16993,0
PLW,D,20190417,000000,188.7,190.63,184.83,185.8,9951,0
PLW,D,20190418,000000,185.8,189.28,185.8,188.51,4903,0
PLW,D,20190423,000000,188.51,194.99,186.76,193.54,6254,0
PLW,D,20190424,000000,193.15,195.47,188.89,188.89,13907,0
PLW,D,20190425,000000,188.89,190.24,185.21,190.24,11695,0
PLW,D,20190426,000000,192.96,195.47,186.96,188.89,20032,0
PLW,D,20190429,000000,189.66,191.61,187.73,187.73,7567,0
PLW,D,20190430,000000,188.7,190.06,185.8,187.73,5609,0
PLW,D,20190502,000000,194.51,196.44,187.93,193.54,13928,0
PLW,D,20190506,000000,194.99,194.99,189.66,192.57,15351,0
PLW,D,20190507,000000,192.57,192.57,184.83,185.99,11921,0
PLW,D,20190508,000000,184.05,184.63,177.09,183.48,15240,0
PLW,D,20190509,000000,183.66,183.66,178.05,179.02,10259,0
PLW,D,20190510,000000,179.02,186.76,179.02,184.83,7889,0
PLW,D,20190513,000000,183.86,184.83,176.5,176.7,12436,0
PLW,D,20190514,000000,177.09,179.99,176.7,178.63,6883,0
PLW,D,20190515,000000,179.8,180.95,177.47,179.99,4339,0
PLW,D,20190516,000000,179.4,179.99,176.7,178.05,16618,0
PLW,D,20190517,000000,180.76,180.76,176.12,177.67,4544,0
PLW,D,20190520,000000,178.05,178.05,166.44,171.86,25942,0
PLW,D,20190521,000000,170.31,170.31,165.86,165.86,20515,0
PLW,D,20190522,000000,162.57,168.96,156.76,166.44,42026,0
PLW,D,20190523,000000,167.21,167.21,158.51,159.28,15358,0
PLW,D,20190524,000000,157.53,165.28,152.9,163.54,14934,0
PLW,D,20190527,000000,164.31,164.31,161.8,162.96,4350,0
PLW,D,20190528,000000,163.73,164.31,162.38,162.57,2924,0
PLW,D,20190529,000000,161.99,161.99,151.92,155.6,13407,0
PLW,D,20190530,000000,174.19,178.05,170.12,174.95,51283,0
PLW,D,20190531,000000,174.19,174.19,168.76,172.25,12480,0
PLW,D,20190603,000000,173.6,173.6,163.54,164.12,9173,0
PLW,D,20190604,000000,164.51,167.41,161.99,166.06,14967,0
PLW,D,20190605,000000,168.76,172.64,168.76,172.25,10169,0
PLW,D,20190606,000000,173.22,173.8,167.41,171.67,8749,0
PLW,D,20190607,000000,174.19,185.8,172.05,181.93,31700,0
PLW,D,20190610,000000,185.41,185.41,175.54,177.28,14923,0
PLW,D,20190611,000000,178.05,178.05,171.67,176.12,7795,0
PLW,D,20190612,000000,175.15,175.15,166.44,167.61,11543,0
PLW,D,20190613,000000,169.15,173.8,166.64,172.82,6121,0
PLW,D,20190614,000000,172.64,173.41,168.38,168.38,2777,0
PLW,D,20190617,000000,167.41,170.12,164.51,169.34,9838,0
PLW,D,20190618,000000,170.51,172.82,166.64,171.67,4345,0
PLW,D,20190619,000000,170.12,171.28,167.61,168.19,1730,0
PLW,D,20190621,000000,168.57,170.31,164.89,164.89,8747,0
PLW,D,20190624,000000,165.28,170.31,165.28,168.76,4187,0
PLW,D,20190625,000000,168.76,169.15,167.21,168.19,2523,0
PLW,D,20190626,000000,168.19,168.19,165.09,166.06,4901,0
PLW,D,20190627,000000,165.66,169.34,165.48,169.15,4032,0
PLW,D,20190628,000000,168.76,172.25,168.38,169.34,7501,0
PLW,D,20190701,000000,171.28,174.57,171.28,171.28,5667,0
PLW,D,20190702,000000,172.05,172.64,169.73,172.05,4248,0
PLW,D,20190703,000000,172.25,174.19,170.51,174.19,5999,0
PLW,D,20190704,000000,174.19,178.25,174.19,177.67,10808,0
PLW,D,20190705,000000,176.7,181.15,176.7,179.22,6439,0
PLW,D,20190708,000000,179.99,184.63,179.99,182.9,12183,0
PLW,D,20190709,000000,183.48,183.48,178.25,179.6,5309,0
PLW,D,20190710,000000,179.6,182.12,179.22,180.38,4367,0
PLW,D,20190711,000000,179.22,180.57,174.19,175.34,14725,0
PLW,D,20190712,000000,174.37,176.12,170.7,175.15,9659,0
PLW,D,20190715,000000,175.54,177.28,173.99,177.28,2505,0
PLW,D,20190716,000000,177.47,177.86,175.92,176.7,1871,0
PLW,D,20190717,000000,176.89,176.89,172.25,174.57,6557,0
PLW,D,20190718,000000,174.96,177.51,174.57,177.51,4708,0
PLW,D,20190719,000000,177.71,180.26,177.71,179.47,3124,0
PLW,D,20190722,000000,180.45,182.42,177.9,180.06,2617,0
PLW,D,20190723,000000,179.87,179.87,178.49,178.49,1120,0
PLW,D,20190724,000000,178.49,180.06,177.9,179.67,724,0
PLW,D,20190725,000000,179.67,181.44,179.67,180.45,2258,0
PLW,D,20190726,000000,180.45,180.65,179.47,180.45,2813,0
PLW,D,20190729,000000,180.45,182.42,180.06,182.42,3064,0
PLW,D,20190730,000000,181.44,182.42,180.26,181.63,3068,0
PLW,D,20190731,000000,180.85,181.44,176.92,179.08,4068,0
PLW,D,20190801,000000,178.1,181.24,175.35,177.51,7710,0
PLW,D,20190802,000000,177.51,177.51,172.8,176.73,7166,0
PLW,D,20190805,000000,175.94,176.34,173,173.79,12528,0
PLW,D,20190806,000000,172.61,173.79,168.88,173.79,5074,0
PLW,D,20190807,000000,172.61,175.55,172.61,174.57,3442,0
PLW,D,20190808,000000,173.59,174.57,170.84,173.59,2499,0
PLW,D,20190809,000000,174.37,174.37,169.27,169.27,2281,0
PLW,D,20190812,000000,169.08,172.22,169.08,171.24,1628,0
PLW,D,20190813,000000,171.24,172.8,167.9,172.8,3936,0
PLW,D,20190814,000000,172.8,173.59,167.9,168.1,1851,0
PLW,D,20190816,000000,168.1,170.45,167.7,167.9,6401,0
PLW,D,20190819,000000,168.69,168.69,165.94,166.72,7010,0
PLW,D,20190820,000000,166.72,169.27,166.72,168.69,1270,0
PLW,D,20190821,000000,166.72,169.27,166.72,169.27,2391,0
PLW,D,20190822,000000,170.65,175.55,169.27,175.35,4867,0
PLW,D,20190823,000000,176.53,177.51,172.02,177.51,4057,0
PLW,D,20190826,000000,172.61,176.53,172.61,174.57,2469,0
PLW,D,20190827,000000,174.77,175.94,173.98,174.77,1219,0
PLW,D,20190828,000000,175.16,175.16,172.41,172.41,2666,0
PLW,D,20190829,000000,172.41,174.77,170.25,174.77,3277,0
PLW,D,20190830,000000,176.34,180.45,174.57,175.35,6242,0
PLW,D,20190902,000000,175.94,177.51,173.98,176.73,2466,0
PLW,D,20190903,000000,178.49,179.87,174.77,174.77,2303,0
PLW,D,20190904,000000,174.57,177.51,173.59,176.34,5418,0
PLW,D,20190905,000000,176.53,177.32,173.39,174.57,2641,0
PLW,D,20190906,000000,173.79,174.57,173.39,174.57,1494,0
PLW,D,20190909,000000,174.57,176.14,173.39,175.94,2378,0
PLW,D,20190910,000000,175.94,175.94,174.18,174.18,954,0
PLW,D,20190911,000000,174.96,178.1,173.59,178.1,2415,0
PLW,D,20190912,000000,177.51,178.49,175.94,176.92,3384,0
PLW,D,20190913,000000,178.1,180.45,176.92,180.06,4197,0
PLW,D,20190916,000000,180.06,188.69,178.89,188.69,10864,0
PLW,D,20190917,000000,188.89,192.22,183.79,184.18,19261,0
PLW,D,20190918,000000,184.18,185.36,182.42,184.18,4660,0
PLW,D,20190919,000000,183.98,186.34,183.79,186.34,2830,0
PLW,D,20190920,000000,186.34,188.3,180.45,180.45,10124,0
PLW,D,20190923,000000,182.22,188.1,182.22,185.16,7230,0
PLW,D,20190924,000000,184.38,187.52,183.4,187.32,3558,0
PLW,D,20190925,000000,186.34,188.3,184.38,188.1,3460,0
PLW,D,20190926,000000,188.1,190.85,185.55,189.67,2386,0
PLW,D,20190927,000000,189.67,190.65,186.53,187.91,2364,0
PLW,D,20190930,000000,187.91,188.3,179.08,184.77,21641,0
PLW,D,20191001,000000,186.34,186.34,178.49,183.4,9701,0
PLW,D,20191002,000000,180.85,181.44,174.57,174.57,12958,0
PLW,D,20191003,000000,173.59,176.53,168.69,173.98,9838,0
PLW,D,20191004,000000,174.57,179.67,174.57,179.67,3760,0
PLW,D,20191007,000000,180.65,184.18,180.65,184.18,3274,0
PLW,D,20191008,000000,184.57,187.71,184.38,186.34,4217,0
PLW,D,20191009,000000,186.93,186.93,182.61,185.36,2189,0
PLW,D,20191010,000000,185.36,185.95,182.61,183.59,2130,0
PLW,D,20191011,000000,184.38,187.12,183.98,185.36,2185,0
PLW,D,20191014,000000,184.97,187.32,182.81,187.32,3957,0
PLW,D,20191015,000000,188.3,188.3,184.97,186.93,2639,0
PLW,D,20191016,000000,184.97,188.3,184.97,186.73,2366,0
PLW,D,20191017,000000,186.73,187.12,183.2,187.12,2301,0
PLW,D,20191018,000000,186.73,186.73,181.44,184.18,1883,0
PLW,D,20191021,000000,184.18,184.38,182.81,183.4,1074,0
PLW,D,20191022,000000,183.4,185.55,181.44,182.42,1987,0
PLW,D,20191023,000000,181.24,181.63,178.1,178.1,3204,0
PLW,D,20191024,000000,177.51,180.45,176.92,178.49,1096,0
PLW,D,20191025,000000,180.45,180.45,175.94,178.49,8107,0
PLW,D,20191028,000000,178.49,179.47,176.14,178.3,1636,0
PLW,D,20191029,000000,177.9,180.45,175.75,179.08,2163,0
PLW,D,20191030,000000,179.08,180.06,175.16,175.16,3222,0
PLW,D,20191031,000000,173.79,176.14,170.25,175.16,3285,0
PLW,D,20191104,000000,176.53,178.1,173.2,174.77,4029,0
PLW,D,20191105,000000,176.53,179.08,174.96,177.51,2813,0
PLW,D,20191106,000000,177.32,177.32,174.77,175.55,1941,0
PLW,D,20191107,000000,175.75,175.75,171.63,173,3842,0
PLW,D,20191108,000000,171.82,174.77,171.04,172.41,4548,0
PLW,D,20191112,000000,172.61,172.61,168.49,168.69,5460,0
PLW,D,20191113,000000,169.08,173.79,167.31,170.84,4969,0
PLW,D,20191114,000000,170.84,173,169.67,170.84,2521,0
PLW,D,20191115,000000,171.24,175.94,171.24,175.94,2660,0
PLW,D,20191118,000000,176.53,179.47,175.16,175.75,3095,0
PLW,D,20191119,000000,175.94,178.3,174.77,175.75,2772,0
PLW,D,20191120,000000,175.75,175.75,172.61,175.35,1088,0
PLW,D,20191121,000000,174.57,174.57,171.63,171.82,803,0
PLW,D,20191122,000000,172.02,175.35,169.67,169.67,2221,0
PLW,D,20191125,000000,170.65,174.57,170.65,173.59,4006,0
PLW,D,20191126,000000,174.57,175.55,172.61,172.8,1089,0
PLW,D,20191127,000000,173.39,174.37,171.63,173,753,0
PLW,D,20191128,000000,174.37,174.57,172.41,174.37,1459,0
PLW,D,20191129,000000,173.59,175.75,173.59,174.77,1775,0
PLW,D,20191202,000000,196.15,196.15,185.55,192.22,56468,0
PLW,D,20191203,000000,192.22,203.99,189.87,202.52,39379,0
PLW,D,20191204,000000,202.52,210.37,199.09,207.42,27628,0
PLW,D,20191205,000000,205.46,209.88,201.05,208.9,13272,0
PLW,D,20191206,000000,206.44,208.9,202.52,207.91,6860,0
PLW,D,20191209,000000,207.91,207.91,203.01,204.48,4828,0
PLW,D,20191210,000000,203.99,215.76,203.01,215.76,14734,0
PLW,D,20191211,000000,215.76,223.61,213.8,223.61,16719,0
PLW,D,20191212,000000,224.59,230.96,224.59,230.47,21808,0
PLW,D,20191213,000000,231.94,232.43,225.57,228.02,6820,0
PLW,D,20191216,000000,229.98,229.98,219.68,220.17,12329,0
PLW,D,20191217,000000,219.68,224.59,212.33,224.59,16235,0
PLW,D,20191218,000000,225.57,229.98,223.61,228.51,5128,0
PLW,D,20191219,000000,228.51,229.98,224.1,225.57,8109,0
PLW,D,20191220,000000,225.57,227.53,220.66,225.57,7552,0
PLW,D,20191223,000000,225.57,225.57,222.14,222.63,5111,0
PLW,D,20191227,000000,224.59,227.53,224.1,227.53,4810,0
PLW,D,20191230,000000,228.02,234.39,227.53,234.39,7711,0
PLW,D,20200102,000000,235.38,243.22,235.38,243.22,6220,0
PLW,D,20200103,000000,243.22,243.22,238.81,240.28,6264,0
PLW,D,20200107,000000,243.22,245.18,240.28,243.22,3589,0
PLW,D,20200108,000000,243.22,243.22,236.36,241.26,13521,0
PLW,D,20200109,000000,241.26,253.03,240.77,253.03,16526,0
PLW,D,20200110,000000,253.03,258.91,252.54,254.99,9652,0
PLW,D,20200113,000000,254.99,260.87,253.52,260.87,4064,0
PLW,D,20200114,000000,258.91,276.57,256.95,276.57,12011,0
PLW,D,20200115,000000,277.55,277.55,260.87,261.85,38167,0
PLW,D,20200116,000000,261.85,271.66,261.85,271.66,14187,0
PLW,D,20200117,000000,262.84,270.68,258.91,270.68,8440,0
PLW,D,20200120,000000,269.7,276.57,267.74,276.57,6236,0
PLW,D,20200121,000000,276.57,278.53,271.66,271.66,4199,0
PLW,D,20200122,000000,271.66,272.64,266.76,268.72,5009,0
PLW,D,20200123,000000,267.25,267.74,261.36,261.36,7638,0
PLW,D,20200124,000000,261.36,269.21,255.48,260.38,8857,0
PLW,D,20200127,000000,259.4,260.38,251.56,255.97,12328,0
PLW,D,20200128,000000,253.03,266.76,253.03,266.27,4585,0
PLW,D,20200129,000000,266.76,274.11,266.76,271.66,4721,0
PLW,D,20200130,000000,270.68,270.68,266.27,266.76,3416,0
PLW,D,20200131,000000,266.76,269.7,262.35,269.7,3707,0
PLW,D,20200203,000000,269.21,292.26,267.74,289.32,16390,0
PLW,D,20200204,000000,292.26,311.38,291.28,306.97,19581,0
PLW,D,20200205,000000,310.89,326.09,310.89,316.78,20950,0
PLW,D,20200206,000000,320.7,320.7,308.93,313.83,11098,0
PLW,D,20200207,000000,313.83,315.8,309.91,312.85,5214,0
PLW,D,20200210,000000,312.85,336.39,311.38,331.98,19656,0
PLW,D,20200211,000000,333.45,368.75,333.45,366.79,29480,0
PLW,D,20200212,000000,367.77,375.62,350.12,362.38,23773,0
PLW,D,20200213,000000,357.97,367.77,355.02,362.38,6545,0
PLW,D,20200214,000000,362.38,365.81,357.97,364.83,5914,0
PLW,D,20200217,000000,365.32,376.6,365.32,372.68,11236,0
PLW,D,20200218,000000,374.64,379.54,373.66,379.54,9628,0
PLW,D,20200219,000000,380.03,381.5,374.15,381.5,8525,0
PLW,D,20200220,000000,381.5,381.5,366.3,372.68,10714,0
PLW,D,20200221,000000,371.21,383.47,368.75,382.48,6991,0
PLW,D,20200224,000000,376.6,377.58,355.02,362.38,31971,0
PLW,D,20200225,000000,358.95,359.93,311.38,331.49,56201,0
PLW,D,20200226,000000,321.68,347.67,305.5,338.35,65308,0
PLW,D,20200227,000000,342.27,342.27,305.5,313.34,28858,0
PLW,D,20200228,000000,286.37,297.65,257.93,272.64,119789,0
PLW,D,20200302,000000,299.12,318.25,278.04,304.03,65340,0
PLW,D,20200303,000000,319.23,333.94,313.83,333.94,56586,0
PLW,D,20200304,000000,317.76,333.94,308.93,323.64,36862,0
PLW,D,20200305,000000,337.37,337.37,304.03,308.93,36699,0
PLW,D,20200306,000000,300.59,301.08,285.39,299.12,33178,0
PLW,D,20200309,000000,268.72,285.39,245.18,253.03,80962,0
PLW,D,20200310,000000,272.64,279.02,251.07,258.91,36401,0
PLW,D,20200311,000000,264.8,264.8,233.9,240.28,61633,0
PLW,D,20200312,000000,213.8,223.61,192.22,193.2,95879,0
PLW,D,20200313,000000,205.95,224.59,194.97,206.93,102385,0
PLW,D,20200316,000000,201.05,243.22,193.99,235.87,51654,0
PLW,D,20200317,000000,240.28,263.82,228.02,258.91,101435,0
PLW,D,20200318,000000,258.91,274.6,246.16,264.8,71514,0
PLW,D,20200319,000000,261.85,274.6,261.85,274.11,31336,0
PLW,D,20200320,000000,291.77,301.08,274.6,275.09,44279,0
PLW,D,20200323,000000,268.72,283.43,253.03,279.51,37827,0
PLW,D,20200324,000000,299.12,303.05,290.79,303.05,32567,0
PLW,D,20200325,000000,306.97,323.64,289.32,298.14,47642,0
PLW,D,20200326,000000,294.22,303.05,289.81,294.22,27748,0
PLW,D,20200327,000000,296.18,300.59,284.41,290.3,13731,0
PLW,D,20200330,000000,293.24,294.22,281.47,294.22,10519,0
PLW,D,20200331,000000,296.67,303.05,296.18,300.59,16006,0
PLW,D,20200401,000000,296.18,307.95,294.22,304.03,13194,0
PLW,D,20200402,000000,304.03,308.93,299.12,306.97,10514,0
PLW,D,20200403,000000,306.97,312.36,305.99,311.87,12615,0
PLW,D,20200406,000000,313.83,351.1,313.83,351.1,42933,0
PLW,D,20200407,000000,358.95,370.72,322.66,323.64,43613,0
PLW,D,20200408,000000,321.68,337.37,319.23,332.96,19309,0
PLW,D,20200409,000000,341.29,350.12,333.45,338.35,15238,0
PLW,D,20200414,000000,343.26,361.89,343.26,361.89,17303,0
PLW,D,20200415,000000,364.83,366.79,351.1,354.04,16034,0
PLW,D,20200416,000000,356.99,362.87,353.55,362.38,10399,0
PLW,D,20200417,000000,366.79,380.52,365.81,380.03,33858,0
PLW,D,20200420,000000,380.52,401.61,364.83,401.12,24169,0
PLW,D,20200421,000000,402.1,412.89,377.58,383.47,39423,0
PLW,D,20200422,000000,382.48,407.98,382.48,407.98,19856,0
PLW,D,20200423,000000,407.98,411.42,397.2,402.1,18098,0
PLW,D,20200424,000000,398.18,406.02,390.33,402.1,21463,0
PLW,D,20200427,000000,405.53,430.54,404.06,422.69,26113,0
PLW,D,20200428,000000,421.71,441.82,421.71,432.5,16455,0
PLW,D,20200429,000000,432.5,444.27,432.01,440.84,13729,0
PLW,D,20200430,000000,440.84,440.84,407,416.81,44364,0
PLW,D,20200504,000000,411.91,433.48,393.27,417.79,19048,0
PLW,D,20200505,000000,419.26,431.03,417.79,418.28,9498,0
PLW,D,20200506,000000,421.71,428.09,417.79,418.77,8747,0
PLW,D,20200507,000000,417.79,423.19,407.98,408.47,14656,0
PLW,D,20200508,000000,402.1,410.93,394.74,400.14,19633,0
PLW,D,20200511,000000,401.12,405.04,390.33,397.69,21148,0
PLW,D,20200512,000000,398.67,413.38,392.29,411.91,24206,0
PLW,D,20200513,000000,417.79,430.54,409.95,416.81,20373,0
PLW,D,20200514,000000,414.36,416.81,390.33,397.69,26685,0
PLW,D,20200515,000000,406.51,418.77,404.06,417.79,16224,0
PLW,D,20200518,000000,420.73,436.42,416.81,435.93,18553,0
PLW,D,20200519,000000,439.37,440.84,432.5,436.42,19208,0
PLW,D,20200520,000000,438.39,447.7,428.09,445.25,12183,0
PLW,D,20200521,000000,444.76,450.65,440.35,450.16,9321,0
PLW,D,20200522,000000,446.23,451.14,445.25,450.65,5671,0
PLW,D,20200525,000000,451.63,468.79,451.63,466.34,15508,0
PLW,D,20200526,000000,469.77,493.31,469.77,488.89,25721,0
PLW,D,20200527,000000,490.37,499.19,454.57,463.89,29407,0
PLW,D,20200528,000000,471.24,488.4,458,479.58,20792,0
PLW,D,20200529,000000,447.21,467.81,438.88,448.68,54132,0
PLW,D,20200601,000000,451.14,458,449.17,454.08,12057,0
PLW,D,20200602,000000,455.06,455.06,442.31,449.17,14232,0
PLW,D,20200603,000000,451.14,470.75,447.21,468.79,20215,0
PLW,D,20200604,000000,469.77,470.75,458.98,464.87,11487,0
PLW,D,20200605,000000,464.87,466.83,452.12,457.02,10823,0
PLW,D,20200608,000000,457.02,457.02,426.13,437.41,29205,0
PLW,D,20200609,000000,432.5,466.34,432.01,466.34,20156,0
PLW,D,20200610,000000,469.77,477.62,465.85,467.32,18145,0
PLW,D,20200612,000000,453.1,464.87,429.07,461.92,11415,0
PLW,D,20200615,000000,456.04,472.22,452.61,463.4,8594,0
PLW,D,20200616,000000,472.71,481.54,470.75,477.62,11250,0
PLW,D,20200617,000000,478.6,489.38,474.67,487.42,14716,0
PLW,D,20200618,000000,488.89,488.89,483.5,483.5,9875,0
PLW,D,20200619,000000,488,492.5,483.5,490.5,17697,0
PLW,D,20200622,000000,490.5,499,486,499,13259,0
PLW,D,20200623,000000,499,509,493,502,11538,0
PLW,D,20200624,000000,507,507,492,492,5617,0
PLW,D,20200625,000000,492,503,483,503,6266,0
PLW,D,20200626,000000,504,505,486,490.5,7225,0
PLW,D,20200629,000000,490.5,494,482,483,6065,0
PLW,D,20200630,000000,483,494,470,472,10318,0
PLW,D,20200701,000000,474,498,474,498,5941,0
PLW,D,20200702,000000,500,506,490,506,14298,0
PLW,D,20200703,000000,507,508,500,504,4593,0
PLW,D,20200706,000000,505,543,500,541,16598,0
PLW,D,20200707,000000,535,544,534,544,8781,0
PLW,D,20200708,000000,545,545,527,534,7047,0
PLW,D,20200709,000000,540,540,535,539,4802,0
PLW,D,20200710,000000,539,540,520,536,6263,0
