<TICKER>,<PER>,<DATE>,<TIME>,<OPEN>,<HIGH>,<LOW>,<CLOSE>,<VOL>,<OPENINT>
PLY,D,20170727,000000,29.696,29.976,27.964,29.284,29561954,0
PLY,D,20170728,000000,29.284,30.017,29.201,29.902,4891877,0
PLY,D,20170731,000000,30.001,30.413,29.911,30.356,3494869,0
PLY,D,20170801,000000,30.397,30.604,30.232,30.43,2630981,0
PLY,D,20170802,000000,30.505,30.512,29.779,30.108,6043065,0
PLY,D,20170803,000000,30.017,30.027,29.613,29.696,3487399,0
PLY,D,20170804,000000,29.779,29.985,29.696,29.86,702949,0
PLY,D,20170807,000000,29.86,29.86,29.539,29.539,1961845,0
PLY,D,20170808,000000,29.572,29.729,29.572,29.696,376644,0
PLY,D,20170809,000000,29.68,29.696,29.613,29.696,912669,0
PLY,D,20170810,000000,29.655,29.696,29.613,29.655,505738,0
PLY,D,20170811,000000,29.655,29.68,29.572,29.655,608911,0
PLY,D,20170814,000000,29.655,29.712,29.613,29.696,759472,0
PLY,D,20170816,000000,29.63,29.68,29.506,29.572,1132896,0
PLY,D,20170817,000000,29.375,29.572,28.063,28.063,2260939,0
PLY,D,20170818,000000,28.046,28.5,27.964,28.211,1145374,0
PLY,D,20170821,000000,28.294,28.311,27.659,28.046,958014,0
PLY,D,20170822,000000,27.469,29.449,27.469,29.185,1483400,0
PLY,D,20170823,000000,29.301,29.844,29.301,29.639,1965780,0
PLY,D,20170824,000000,29.639,29.786,29.284,29.44,1163704,0
PLY,D,20170825,000000,29.449,29.696,29.375,29.696,1135131,0
PLY,D,20170828,000000,29.696,29.696,29.037,29.532,139804,0
PLY,D,20170829,000000,29.655,29.655,29.284,29.465,120747,0
PLY,D,20170830,000000,29.613,29.687,29.449,29.532,517094,0
PLY,D,20170831,000000,29.449,29.696,29.449,29.696,682882,0
PLY,D,20170901,000000,29.779,30.207,29.721,30.183,642398,0
PLY,D,20170904,000000,30.165,30.165,29.803,29.943,182082,0
PLY,D,20170905,000000,29.943,30.05,29.704,29.86,429107,0
PLY,D,20170906,000000,29.837,30.068,29.837,30.027,261795,0
PLY,D,20170907,000000,30.027,30.091,29.795,29.795,245398,0
PLY,D,20170908,000000,29.82,30.027,29.82,29.968,118137,0
PLY,D,20170911,000000,29.968,30.933,29.968,30.933,1376122,0
PLY,D,20170912,000000,31.032,31.37,30.933,31.238,706006,0
PLY,D,20170913,000000,31.222,31.428,30.95,31.263,607622,0
PLY,D,20170914,000000,31.181,31.215,30.636,31.164,843942,0
PLY,D,20170915,000000,30.933,31.338,30.867,31.338,1111277,0
PLY,D,20170918,000000,31.305,31.305,30.851,30.851,106686,0
PLY,D,20170919,000000,30.867,31.048,30.43,30.727,454517,0
PLY,D,20170920,000000,30.727,30.851,30.489,30.563,293294,0
PLY,D,20170921,000000,30.553,30.653,30.248,30.381,141304,0
PLY,D,20170922,000000,30.274,30.817,30.274,30.479,326454,0
PLY,D,20170925,000000,30.373,30.57,30.373,30.422,451802,0
PLY,D,20170926,000000,30.356,30.604,30.299,30.521,530550,0
PLY,D,20170927,000000,30.422,30.546,30.397,30.397,493867,0
PLY,D,20170928,000000,30.356,30.636,30.117,30.563,346316,0
PLY,D,20170929,000000,30.521,30.586,30.199,30.586,385855,0
PLY,D,20171002,000000,30.521,30.553,30.373,30.505,115200,0
PLY,D,20171003,000000,30.438,30.686,30.397,30.553,279485,0
PLY,D,20171004,000000,30.397,30.438,29.886,30.265,118796,0
PLY,D,20171005,000000,30.108,30.306,29.803,30.306,623884,0
PLY,D,20171006,000000,30.299,30.628,29.985,30.15,503087,0
PLY,D,20171009,000000,30.315,30.553,30.108,30.553,430343,0
PLY,D,20171010,000000,30.521,30.727,30.274,30.719,401091,0
PLY,D,20171011,000000,30.546,30.727,30.289,30.289,306407,0
PLY,D,20171012,000000,30.289,30.563,30.289,30.489,423204,0
PLY,D,20171013,000000,30.512,31.015,30.281,30.801,552358,0
PLY,D,20171016,000000,30.801,31,30.191,30.727,451311,0
PLY,D,20171017,000000,30.678,30.843,30.537,30.546,467257,0
PLY,D,20171018,000000,30.546,30.727,30.447,30.512,112508,0
PLY,D,20171019,000000,30.512,30.529,30.117,30.471,237639,0
PLY,D,20171020,000000,30.521,30.521,29.886,30.108,203234,0
PLY,D,20171023,000000,30.108,30.389,29.902,30.248,348293,0
PLY,D,20171024,000000,30.101,30.339,30.01,30.101,165145,0
PLY,D,20171025,000000,30.101,30.101,29.696,29.696,202159,0
PLY,D,20171026,000000,29.696,29.935,29.696,29.786,574798,0
PLY,D,20171027,000000,29.943,30.05,29.548,29.548,458063,0
PLY,D,20171030,000000,29.548,29.927,29.49,29.696,279586,0
PLY,D,20171031,000000,29.704,30.563,29.704,30.356,1127972,0
PLY,D,20171102,000000,30.463,30.644,29.779,30.265,456049,0
PLY,D,20171103,000000,30.265,30.512,29.803,30.389,468540,0
PLY,D,20171106,000000,30.389,30.521,29.918,30.438,312420,0
PLY,D,20171107,000000,30.241,30.62,30.241,30.604,917635,0
PLY,D,20171108,000000,30.57,30.891,30.315,30.884,791697,0
PLY,D,20171109,000000,30.81,30.933,30.364,30.644,863717,0
PLY,D,20171110,000000,30.595,30.743,29.943,30.108,295200,0
PLY,D,20171113,000000,29.87,30.496,29.375,29.943,638906,0
PLY,D,20171114,000000,31.099,31.263,29.745,30.348,2364792,0
PLY,D,20171115,000000,30.348,30.348,29.811,29.952,1244513,0
PLY,D,20171116,000000,29.918,30.339,29.763,30.108,822667,0
PLY,D,20171117,000000,30.422,30.644,29.902,30.438,883976,0
PLY,D,20171120,000000,30.447,30.604,30.224,30.438,838651,0
PLY,D,20171121,000000,30.455,30.644,30.117,30.604,803332,0
PLY,D,20171122,000000,30.521,30.521,30.241,30.438,552896,0
PLY,D,20171123,000000,30.258,30.604,30.232,30.521,479968,0
PLY,D,20171124,000000,30.604,30.686,30.248,30.258,570212,0
PLY,D,20171127,000000,30.43,30.628,30.258,30.381,1584080,0
PLY,D,20171128,000000,30.489,30.579,30.289,30.356,1338245,0
PLY,D,20171129,000000,30.563,30.563,29.786,29.82,1596589,0
PLY,D,20171130,000000,30.068,30.356,29.696,29.795,12631722,0
PLY,D,20171201,000000,29.878,30.084,29.127,29.687,975536,0
PLY,D,20171204,000000,29.696,29.786,29.284,29.655,346758,0
PLY,D,20171205,000000,29.365,29.382,28.913,29.201,1049570,0
PLY,D,20171206,000000,29.201,29.201,27.856,28.187,1601380,0
PLY,D,20171207,000000,28.154,28.913,28.104,28.789,532462,0
PLY,D,20171208,000000,28.426,28.822,27.89,28.046,816549,0
PLY,D,20171211,000000,28.054,28.434,27.89,27.89,622804,0
PLY,D,20171212,000000,28.063,28.277,27.601,27.881,255642,0
PLY,D,20171213,000000,27.716,28.211,27.716,28.021,435702,0
PLY,D,20171214,000000,27.906,28.195,27.412,27.666,600765,0
PLY,D,20171215,000000,27.494,28.071,27.469,28.071,576360,0
PLY,D,20171218,000000,28.112,28.294,27.897,27.956,224861,0
PLY,D,20171219,000000,27.923,28.145,27.551,27.873,499966,0
PLY,D,20171220,000000,27.84,27.873,27.618,27.642,514404,0
PLY,D,20171221,000000,27.618,27.93,27.609,27.716,723247,0
PLY,D,20171222,000000,27.642,27.823,27.592,27.633,107444,0
PLY,D,20171227,000000,27.633,27.823,27.559,27.823,221259,0
PLY,D,20171228,000000,27.873,28.17,27.716,27.865,551397,0
PLY,D,20171229,000000,28.021,28.161,27.725,27.89,150031,0
PLY,D,20180103,000000,28.541,28.541,27.914,28.459,231975,0
PLY,D,20180104,000000,28.442,28.772,28.228,28.541,870939,0
PLY,D,20180105,000000,28.541,28.822,28.541,28.69,151848,0
PLY,D,20180108,000000,28.789,29.647,28.789,29.613,266864,0
PLY,D,20180109,000000,29.564,29.596,29.003,29.284,651292,0
PLY,D,20180110,000000,29.037,29.102,28.311,28.706,489620,0
PLY,D,20180111,000000,28.706,28.706,28.392,28.541,246045,0
PLY,D,20180112,000000,28.69,28.69,28.128,28.294,251832,0
PLY,D,20180115,000000,28.459,28.591,27.93,28.046,379608,0
PLY,D,20180116,000000,28.228,28.359,28.161,28.311,406034,0
PLY,D,20180117,000000,28.359,28.508,28.161,28.211,498006,0
PLY,D,20180118,000000,28.261,28.294,27.766,27.849,441643,0
PLY,D,20180119,000000,27.881,27.964,27.502,27.633,695352,0
PLY,D,20180122,000000,27.832,27.964,26.809,27.964,1238536,0
PLY,D,20180123,000000,28.046,28.244,27.419,27.964,801745,0
PLY,D,20180124,000000,28.096,28.128,27.139,27.386,642125,0
PLY,D,20180125,000000,27.716,27.716,26.578,26.578,1382679,0
PLY,D,20180126,000000,26.661,27.37,26.611,27.37,595547,0
PLY,D,20180129,000000,27.469,27.618,27.238,27.518,645173,0
PLY,D,20180130,000000,27.518,27.749,27.485,27.749,173522,0
PLY,D,20180131,000000,27.633,28.195,27.633,28.046,677410,0
PLY,D,20180201,000000,28.046,28.046,27.386,27.568,524457,0
PLY,D,20180202,000000,27.485,27.633,27.238,27.386,187173,0
PLY,D,20180205,000000,27.304,27.585,27.155,27.469,293481,0
PLY,D,20180206,000000,26.809,27.222,26.281,26.842,532654,0
PLY,D,20180207,000000,26.876,27.435,26.661,26.809,476361,0
PLY,D,20180208,000000,26.809,26.908,26.314,26.314,472712,0
PLY,D,20180209,000000,26.298,26.429,25.736,25.77,621846,0
PLY,D,20180212,000000,26.15,26.496,26,26.166,290713,0
PLY,D,20180213,000000,26.182,26.478,26.182,26.397,462813,0
PLY,D,20180214,000000,26.397,26.478,26.099,26.231,862663,0
PLY,D,20180215,000000,26.397,26.397,26.05,26.05,766428,0
PLY,D,20180216,000000,26.298,27.204,26.166,26.892,1787053,0
PLY,D,20180219,000000,26.809,26.876,26.281,26.445,266820,0
PLY,D,20180220,000000,26.381,26.726,26.231,26.561,203017,0
PLY,D,20180221,000000,26.693,26.973,26.429,26.973,381569,0
PLY,D,20180222,000000,26.792,26.842,26.462,26.594,383849,0
PLY,D,20180223,000000,26.726,27.601,26.429,27.535,549482,0
PLY,D,20180226,000000,27.535,28.244,27.37,27.964,515789,0
PLY,D,20180227,000000,28.211,28.327,27.683,28.211,538471,0
PLY,D,20180228,000000,27.947,28.261,27.304,27.881,947373,0
PLY,D,20180301,000000,27.881,28.541,27.65,28.294,519613,0
PLY,D,20180302,000000,28.046,28.112,26.908,26.973,723903,0
PLY,D,20180305,000000,26.973,27.502,26.825,27.04,126941,0
PLY,D,20180306,000000,27.222,27.799,27.222,27.238,102539,0
PLY,D,20180307,000000,27.222,27.799,27.056,27.633,172567,0
PLY,D,20180308,000000,27.716,28.442,27.7,28.311,444941,0
PLY,D,20180309,000000,28.294,28.459,27.815,28.409,396438,0
PLY,D,20180312,000000,28.475,28.541,28.08,28.376,297886,0
PLY,D,20180313,000000,28.376,28.475,28.294,28.376,398848,0
PLY,D,20180314,000000,28.442,28.442,28.128,28.426,172312,0
PLY,D,20180315,000000,28.311,28.442,27.997,27.997,152682,0
PLY,D,20180316,000000,27.964,28.277,27.799,27.815,427733,0
PLY,D,20180319,000000,27.881,28.046,27.386,27.386,106306,0
PLY,D,20180320,000000,27.287,27.683,27.287,27.386,318433,0
PLY,D,20180321,000000,27.551,27.7,26.973,27.222,305835,0
PLY,D,20180322,000000,27.222,27.238,26.892,26.973,90251,0
PLY,D,20180323,000000,26.859,27.585,26.776,26.776,381728,0
PLY,D,20180326,000000,26.809,27.139,26.414,26.414,235318,0
PLY,D,20180327,000000,26.561,26.973,26.083,26.083,169709,0
PLY,D,20180328,000000,26.083,27.107,26,26.809,409169,0
PLY,D,20180329,000000,26.924,27.551,26.809,27.32,356479,0
PLY,D,20180403,000000,27.089,27.799,26.693,27.485,161704,0
PLY,D,20180404,000000,27.485,27.897,27.139,27.452,177731,0
PLY,D,20180405,000000,27.238,27.618,26.809,26.973,286177,0
PLY,D,20180406,000000,26.973,27.204,26.116,26.414,675751,0
PLY,D,20180409,000000,26.33,26.709,26.198,26.397,157587,0
PLY,D,20180410,000000,26.397,27.007,26.397,26.809,182936,0
PLY,D,20180411,000000,26.594,26.842,26,26.298,233228,0
PLY,D,20180412,000000,26.726,27.089,26.462,26.545,419235,0
PLY,D,20180413,000000,26.578,26.645,26.496,26.561,1045061,0
PLY,D,20180416,000000,26.645,26.726,26.496,26.529,86225,0
PLY,D,20180417,000000,26.561,26.809,26.529,26.726,159428,0
PLY,D,20180418,000000,26.809,26.842,26.578,26.709,288614,0
PLY,D,20180419,000000,26.645,26.792,26.578,26.645,209935,0
PLY,D,20180420,000000,26.924,26.973,26.545,26.545,156690,0
PLY,D,20180423,000000,26.496,26.709,26.397,26.397,118158,0
PLY,D,20180424,000000,26.561,26.792,26.397,26.397,205214,0
PLY,D,20180425,000000,26.445,26.726,26.247,26.381,88429,0
PLY,D,20180426,000000,26.478,26.973,26.429,26.892,216663,0
PLY,D,20180427,000000,26.809,26.892,26.478,26.892,729141,0
PLY,D,20180430,000000,27.339,27.339,26.426,26.534,242667,0
PLY,D,20180502,000000,26.534,26.587,26.408,26.534,179552,0
PLY,D,20180504,000000,26.139,26.659,25.674,26.121,284595,0
PLY,D,20180507,000000,26.319,26.336,25.799,26.014,157236,0
PLY,D,20180508,000000,25.781,26.319,25.513,26.086,190463,0
PLY,D,20180509,000000,26.372,26.372,25.906,25.942,49600,0
PLY,D,20180510,000000,25.961,26.139,25.728,25.888,114851,0
PLY,D,20180511,000000,26.121,26.175,25.71,25.961,196151,0
PLY,D,20180514,000000,26.05,26.228,25.262,25.513,235716,0
PLY,D,20180515,000000,25.513,25.513,23.328,24.958,1950104,0
PLY,D,20180516,000000,24.958,24.958,23.543,24.152,284095,0
PLY,D,20180517,000000,23.668,24.492,23.668,23.955,264483,0
PLY,D,20180518,000000,23.991,23.991,22.97,22.97,189123,0
PLY,D,20180521,000000,23.024,23.186,22.613,22.613,153361,0
PLY,D,20180522,000000,22.613,22.827,22.595,22.738,168642,0
PLY,D,20180523,000000,22.881,22.881,22.2,22.38,142419,0
PLY,D,20180524,000000,22.38,22.522,22.058,22.165,189728,0
PLY,D,20180525,000000,21.86,22.093,20.446,21.037,488548,0
PLY,D,20180528,000000,21.055,21.556,21.037,21.359,65781,0
PLY,D,20180529,000000,21.485,21.627,21.412,21.574,220536,0
PLY,D,20180530,000000,21.485,22.291,21.145,22.291,875578,0
PLY,D,20180601,000000,22.291,22.344,21.394,21.825,280368,0
PLY,D,20180604,000000,22.38,22.38,21.86,22.254,332824,0
PLY,D,20180605,000000,22.111,22.917,22.058,22.917,238220,0
PLY,D,20180606,000000,23.006,23.579,22.738,23.257,401321,0
PLY,D,20180607,000000,23.186,23.919,23.095,23.364,518400,0
PLY,D,20180608,000000,23.382,23.454,23.006,23.186,406377,0
PLY,D,20180611,000000,23.168,23.705,22.917,23.454,346500,0
PLY,D,20180612,000000,23.275,23.561,23.275,23.454,372766,0
PLY,D,20180613,000000,23.454,23.615,23.042,23.526,130529,0
PLY,D,20180614,000000,23.526,23.561,23.168,23.561,278134,0
PLY,D,20180615,000000,23.561,23.615,23.06,23.095,340080,0
PLY,D,20180618,000000,22.97,23.113,22.827,22.988,86316,0
PLY,D,20180619,000000,22.899,23.006,22.505,22.935,228507,0
PLY,D,20180620,000000,23.06,23.741,22.899,23.418,204391,0
PLY,D,20180621,000000,23.668,23.668,23.239,23.382,307376,0
PLY,D,20180622,000000,23.472,23.687,23.328,23.436,127917,0
PLY,D,20180625,000000,23.454,23.526,23.15,23.382,122089,0
PLY,D,20180626,000000,23.49,23.508,23.275,23.293,172676,0
PLY,D,20180627,000000,23.472,23.543,23.132,23.275,296221,0
PLY,D,20180628,000000,23.095,23.275,23.006,23.042,449679,0
PLY,D,20180629,000000,23.113,23.4,22.917,22.917,751455,0
PLY,D,20180702,000000,22.917,22.988,22.022,22.272,673646,0
PLY,D,20180703,000000,22.291,22.827,21.878,22.022,297061,0
PLY,D,20180704,000000,22.022,22.308,21.663,22.004,235950,0
PLY,D,20180705,000000,22.022,22.111,21.663,21.753,321659,0
PLY,D,20180706,000000,21.986,21.986,20.41,20.428,500979,0
PLY,D,20180709,000000,21.09,21.09,19.533,19.962,469273,0
PLY,D,20180710,000000,19.694,19.891,19.247,19.676,423006,0
PLY,D,20180711,000000,19.784,19.784,19.282,19.282,240951,0
PLY,D,20180712,000000,19.425,19.425,18.656,19.139,730995,0
PLY,D,20180713,000000,19.139,19.229,18.852,19.032,169854,0
PLY,D,20180716,000000,19.121,19.282,18.924,19.103,187705,0
PLY,D,20180717,000000,19.157,19.282,18.871,19.067,400865,0
PLY,D,20180718,000000,18.799,19.085,18.441,19.085,179115,0
PLY,D,20180719,000000,18.799,19.085,18.62,18.889,427712,0
PLY,D,20180720,000000,18.907,19.193,18.638,19.193,134714,0
PLY,D,20180723,000000,19.193,19.318,18.799,19.049,255743,0
PLY,D,20180724,000000,18.942,19.247,18.942,19.032,229962,0
PLY,D,20180725,000000,19.157,19.282,18.852,19.247,249039,0
PLY,D,20180726,000000,19.247,19.247,19.067,19.067,164550,0
PLY,D,20180727,000000,19.229,19.264,19.085,19.247,382882,0
PLY,D,20180730,000000,19.247,19.247,19.067,19.247,151940,0
PLY,D,20180731,000000,19.103,19.247,19.067,19.157,325938,0
PLY,D,20180801,000000,19.157,19.533,19.103,19.211,329430,0
PLY,D,20180802,000000,19.247,19.247,19.014,19.085,1569735,0
PLY,D,20180803,000000,19.229,19.497,18.996,19.157,2811488,0
PLY,D,20180806,000000,19.336,19.336,19.067,19.157,504519,0
PLY,D,20180807,000000,19.157,19.3,18.942,19.067,119373,0
PLY,D,20180808,000000,19.067,19.604,18.978,19.264,7163803,0
PLY,D,20180809,000000,19.515,19.587,19.247,19.515,596292,0
PLY,D,20180810,000000,19.515,19.515,18.996,18.996,312382,0
PLY,D,20180813,000000,18.978,19.193,18.799,18.889,155735,0
PLY,D,20180814,000000,18.709,18.709,17.277,18.244,2024998,0
PLY,D,20180816,000000,17.993,18.352,17.904,18.352,293757,0
PLY,D,20180817,000000,18.352,18.352,17.921,17.993,272013,0
PLY,D,20180820,000000,18.352,18.781,18.101,18.709,3173380,0
PLY,D,20180821,000000,18.763,19.157,18.763,18.978,150239,0
PLY,D,20180822,000000,19.157,19.784,18.799,19.425,1058866,0
PLY,D,20180823,000000,19.425,19.873,19.425,19.515,2328687,0
PLY,D,20180824,000000,19.676,19.802,19.462,19.694,733293,0
PLY,D,20180827,000000,19.694,19.891,19.497,19.497,202192,0
PLY,D,20180828,000000,19.658,19.748,19.551,19.64,339979,0
PLY,D,20180829,000000,19.784,19.784,19.497,19.604,753733,0
PLY,D,20180830,000000,19.73,19.748,19.247,19.389,378650,0
PLY,D,20180831,000000,19.444,19.497,18.907,19.425,704804,0
PLY,D,20180903,000000,19.425,19.694,19.264,19.3,2212033,0
PLY,D,20180904,000000,19.425,19.425,18.889,18.96,325599,0
PLY,D,20180905,000000,18.996,19.032,18.548,18.692,734785,0
PLY,D,20180906,000000,18.745,18.799,18.62,18.799,427452,0
PLY,D,20180907,000000,18.799,18.799,18.369,18.584,409503,0
PLY,D,20180910,000000,18.459,19.515,17.957,19.157,330087,0
PLY,D,20180911,000000,19.229,19.229,18.011,18.709,337717,0
PLY,D,20180912,000000,18.709,19.157,18.298,18.584,431412,0
PLY,D,20180913,000000,18.584,19.157,18.226,18.441,400930,0
PLY,D,20180914,000000,18.566,18.566,18.101,18.19,736796,0
PLY,D,20180917,000000,18.083,18.53,17.975,18.083,961535,0
PLY,D,20180918,000000,18.101,18.781,18.029,18.279,905087,0
PLY,D,20180919,000000,18.172,18.352,17.975,18.083,447784,0
PLY,D,20180920,000000,18.19,18.352,17.939,18.083,1597824,0
PLY,D,20180921,000000,18.261,18.352,17.868,17.868,4126073,0
PLY,D,20180924,000000,17.779,18.047,17.635,17.635,611073,0
PLY,D,20180925,000000,17.564,18.083,17.564,17.769,241445,0
PLY,D,20180926,000000,17.832,18.334,17.724,18.226,534538,0
PLY,D,20180927,000000,18.226,18.62,17.921,18.119,646086,0
PLY,D,20180928,000000,18.083,18.494,17.921,18.011,1917087,0
PLY,D,20181001,000000,18.226,18.261,17.501,17.635,445936,0
PLY,D,20181002,000000,17.483,18.154,17.384,18.083,396442,0
PLY,D,20181003,000000,17.993,18.083,17.581,17.688,327978,0
PLY,D,20181004,000000,17.635,17.635,16.749,17.044,555489,0
PLY,D,20181005,000000,17.206,17.206,16.597,16.704,438239,0
PLY,D,20181008,000000,16.471,16.722,16.337,16.382,177196,0
PLY,D,20181009,000000,16.301,16.651,16.176,16.274,347746,0
PLY,D,20181010,000000,16.248,16.382,15.952,15.952,350090,0
PLY,D,20181011,000000,15.666,15.666,15.128,15.361,579386,0
PLY,D,20181012,000000,15.45,15.621,15.057,15.057,168276,0
PLY,D,20181015,000000,14.994,15.057,14.52,14.52,323269,0
PLY,D,20181016,000000,14.493,15.513,14.431,15.343,1732752,0
PLY,D,20181017,000000,15.648,16.203,15.576,16.042,917662,0
PLY,D,20181018,000000,16.042,16.31,15.675,15.675,407315,0
PLY,D,20181019,000000,15.756,16.051,15.594,15.719,819607,0
PLY,D,20181022,000000,15.756,16.194,15.719,15.988,1149171,0
PLY,D,20181023,000000,15.666,16.23,15.594,15.666,659283,0
PLY,D,20181024,000000,15.666,15.944,15.487,15.541,462942,0
PLY,D,20181025,000000,15.316,15.558,14.484,14.681,1449605,0
PLY,D,20181026,000000,14.591,14.725,14.251,14.278,815467,0
PLY,D,20181029,000000,14.368,14.681,13.929,14.529,966595,0
PLY,D,20181030,000000,14.529,14.69,13.992,14.036,1138337,0
PLY,D,20181031,000000,14.099,14.77,13.696,14.77,2057099,0
PLY,D,20181102,000000,14.86,15.388,14.457,14.573,3850590,0
PLY,D,20181105,000000,14.476,14.753,14.278,14.466,606294,0
PLY,D,20181106,000000,14.591,14.654,13.893,14.323,993838,0
PLY,D,20181107,000000,14.215,14.86,14.215,14.591,1577788,0
PLY,D,20181108,000000,14.717,14.878,14.189,14.547,513199,0
PLY,D,20181109,000000,14.502,14.583,14.359,14.511,379041,0
PLY,D,20181113,000000,14.555,14.878,14.055,14.055,849194,0
PLY,D,20181114,000000,13.858,13.858,12.927,13.562,3133599,0
PLY,D,20181115,000000,13.49,13.822,13.427,13.437,1375244,0
PLY,D,20181116,000000,13.437,14.063,13.437,13.982,1500104,0
PLY,D,20181119,000000,13.982,15.102,13.929,14.976,1057600,0
PLY,D,20181120,000000,14.806,15.093,14.431,15.093,865018,0
PLY,D,20181121,000000,15.173,15.701,14.833,14.958,708707,0
PLY,D,20181122,000000,14.95,15.415,14.95,15.263,601445,0
PLY,D,20181123,000000,15.397,15.567,14.476,14.806,900776,0
PLY,D,20181126,000000,14.851,14.932,13.732,13.965,1470148,0
PLY,D,20181127,000000,14,14.055,13.625,13.786,1775104,0
PLY,D,20181128,000000,13.786,14.17,13.696,14.099,2020383,0
PLY,D,20181129,000000,14.189,14.725,13.921,14.323,2859734,0
PLY,D,20181130,000000,14.323,15.531,14.323,14.457,15611091,0
PLY,D,20181203,000000,14.78,16.337,14.78,16.337,1501912,0
PLY,D,20181204,000000,16.444,17.017,15.908,17.009,1375153,0
PLY,D,20181205,000000,16.561,16.865,16.418,16.606,1385527,0
PLY,D,20181206,000000,16.543,16.641,15.853,15.944,580507,0
PLY,D,20181207,000000,16.238,17.609,16.194,17.062,2864925,0
PLY,D,20181210,000000,16.991,17.214,16.471,17.08,1092375,0
PLY,D,20181211,000000,17.143,17.528,17.044,17.457,1984648,0
PLY,D,20181212,000000,17.411,18.816,17.349,18.799,2360073,0
PLY,D,20181213,000000,18.852,19.336,18.423,18.62,1681640,0
PLY,D,20181214,000000,18.62,19.121,18.047,19.067,935027,0
PLY,D,20181217,000000,18.96,19.067,18.638,18.834,707969,0
PLY,D,20181218,000000,18.62,18.96,18.279,18.709,711655,0
PLY,D,20181219,000000,18.53,19.085,18.423,18.745,430181,0
PLY,D,20181220,000000,18.602,18.996,18.011,18.781,614327,0
PLY,D,20181221,000000,18.53,19.014,18.352,18.799,764191,0
PLY,D,20181227,000000,18.799,18.799,18.512,18.727,160731,0
PLY,D,20181228,000000,18.709,18.781,18.352,18.62,276174,0
PLY,D,20190102,000000,18.261,19.336,18.261,19.318,403985,0
PLY,D,20190103,000000,19.247,19.73,18.208,18.638,664510,0
PLY,D,20190104,000000,18.638,18.852,18.494,18.763,300770,0
PLY,D,20190107,000000,18.709,19.067,18.656,18.96,478825,0
PLY,D,20190108,000000,19.067,19.157,17.492,17.599,873935,0
PLY,D,20190109,000000,17.769,18.781,17.627,18.494,642948,0
PLY,D,20190110,000000,18.53,18.566,17.921,17.921,324026,0
PLY,D,20190111,000000,18.172,18.476,18.119,18.298,239803,0
PLY,D,20190114,000000,18.261,18.316,17.939,18.226,174233,0
PLY,D,20190115,000000,18.279,19.157,18.065,19.157,400755,0
PLY,D,20190116,000000,19.014,19.389,18.566,19.193,426519,0
PLY,D,20190117,000000,19.211,19.389,18.62,18.799,273414,0
PLY,D,20190118,000000,18.799,18.799,18.602,18.799,178225,0
PLY,D,20190121,000000,18.799,18.852,18.279,18.799,167210,0
PLY,D,20190122,000000,18.907,19.067,18.53,18.692,257926,0
PLY,D,20190123,000000,18.459,19.407,18.459,19.3,172236,0
PLY,D,20190124,000000,19.336,19.425,18.763,19.067,145701,0
PLY,D,20190125,000000,19.067,19.211,18.638,18.889,414715,0
PLY,D,20190128,000000,18.96,19.247,18.852,19.247,205054,0
PLY,D,20190129,000000,19.247,19.444,19.014,19.264,368758,0
PLY,D,20190130,000000,19.264,19.962,19.085,19.354,434985,0
PLY,D,20190131,000000,19.533,20.41,19.372,20.41,634585,0
PLY,D,20190201,000000,20.572,20.59,20.106,20.106,739946,0
PLY,D,20190204,000000,20.142,20.142,19.389,19.694,356288,0
PLY,D,20190205,000000,19.873,19.873,19.282,19.515,260094,0
PLY,D,20190206,000000,19.407,19.694,19.407,19.462,373841,0
PLY,D,20190207,000000,19.676,19.676,18.62,18.62,293608,0
PLY,D,20190208,000000,18.62,19.211,18.62,19.211,218182,0
PLY,D,20190211,000000,19.211,19.264,18.889,19.067,165645,0
PLY,D,20190212,000000,19.157,19.157,18.852,19.085,163373,0
PLY,D,20190213,000000,18.942,19.354,18.638,18.816,596798,0
PLY,D,20190214,000000,18.656,18.763,18.298,18.566,402921,0
PLY,D,20190215,000000,18.709,19.085,18.638,18.871,352410,0
PLY,D,20190218,000000,18.871,18.871,18.566,18.709,81999,0
PLY,D,20190219,000000,18.62,18.852,18.494,18.656,139060,0
PLY,D,20190220,000000,18.584,18.727,18.53,18.566,501638,0
PLY,D,20190221,000000,18.781,19.515,18.674,19.515,409945,0
PLY,D,20190222,000000,19.551,19.551,19.049,19.444,191469,0
PLY,D,20190225,000000,19.515,19.515,18.816,18.816,185428,0
PLY,D,20190226,000000,18.816,18.924,18.638,18.692,196566,0
PLY,D,20190227,000000,18.942,18.978,18.494,18.834,189190,0
PLY,D,20190228,000000,18.96,19.247,18.692,19.157,224905,0
PLY,D,20190301,000000,19.247,19.389,18.727,18.889,606597,0
PLY,D,20190304,000000,19.067,19.085,18.674,18.745,120083,0
PLY,D,20190305,000000,19.121,19.48,18.692,18.834,1819786,0
PLY,D,20190306,000000,18.834,19.336,18.781,19.193,1539398,0
PLY,D,20190307,000000,19.067,19.569,18.924,19.425,1521671,0
PLY,D,20190308,000000,19.389,19.82,19.282,19.515,548610,0
PLY,D,20190311,000000,19.694,20.124,19.694,19.802,491769,0
PLY,D,20190312,000000,20.088,20.482,19.658,20.231,1449115,0
PLY,D,20190313,000000,20.321,21.27,20.249,20.983,2124793,0
PLY,D,20190314,000000,21.18,22.272,21.126,21.789,2950816,0
PLY,D,20190315,000000,21.574,21.663,20.41,20.804,2447838,0
PLY,D,20190318,000000,20.608,21.216,20.052,20.375,1614326,0
PLY,D,20190319,000000,20.375,20.697,20.195,20.231,1046137,0
PLY,D,20190320,000000,20.321,20.321,20.07,20.106,345377,0
PLY,D,20190321,000000,20.142,20.446,19.873,20.249,605186,0
PLY,D,20190322,000000,20.285,20.499,20.106,20.213,335588,0
PLY,D,20190325,000000,20.017,20.661,19.855,20.643,358247,0
PLY,D,20190326,000000,20.643,20.679,20.446,20.679,639465,0
PLY,D,20190327,000000,20.59,20.947,20.482,20.839,484859,0
PLY,D,20190328,000000,20.894,21.431,20.608,20.786,456768,0
PLY,D,20190329,000000,20.679,21.126,20.679,21.126,1563386,0
PLY,D,20190401,000000,21.412,21.627,21.234,21.485,771150,0
PLY,D,20190402,000000,21.323,21.843,21.305,21.305,882011,0
PLY,D,20190403,000000,21.359,21.574,21.341,21.485,898510,0
PLY,D,20190404,000000,21.323,21.556,21.037,21.341,375887,0
PLY,D,20190405,000000,21.359,21.663,21.27,21.663,620578,0
PLY,D,20190408,000000,21.807,21.896,21.001,21.001,313253,0
PLY,D,20190409,000000,21.18,21.503,20.965,21.305,263157,0
PLY,D,20190410,000000,21.449,21.485,21.216,21.394,273447,0
PLY,D,20190411,000000,21.485,21.627,21.126,21.556,306273,0
PLY,D,20190412,000000,21.663,22.54,21.556,22.291,688806,0
PLY,D,20190415,000000,22.451,22.881,22.344,22.809,544396,0
PLY,D,20190416,000000,22.953,22.953,21.932,22.2,682645,0
PLY,D,20190417,000000,22.182,22.505,21.699,21.753,466840,0
PLY,D,20190418,000000,21.753,22.398,21.753,22.218,574584,0
PLY,D,20190423,000000,22.218,22.559,22.218,22.559,428782,0
PLY,D,20190424,000000,22.559,22.559,22.075,22.433,544291,0
PLY,D,20190425,000000,22.522,22.63,22.291,22.487,631026,0
PLY,D,20190426,000000,22.54,22.63,22.129,22.522,308621,0
PLY,D,20190429,000000,22.613,22.613,22.2,22.236,445708,0
PLY,D,20190430,000000,22.388,22.636,22.065,22.388,690745,0
PLY,D,20190502,000000,22.597,23.453,22.483,22.997,374475,0
PLY,D,20190506,000000,22.674,23.168,22.312,22.845,407377,0
PLY,D,20190507,000000,22.902,22.902,22.369,22.807,513126,0
PLY,D,20190508,000000,22.788,23.738,22.597,23.206,480361,0
PLY,D,20190509,000000,23.206,23.358,22.636,22.921,412589,0
PLY,D,20190510,000000,22.978,23.282,22.921,23.073,244961,0
PLY,D,20190513,000000,23.073,23.567,22.445,22.807,300951,0
PLY,D,20190514,000000,23.092,23.738,22.731,23.643,478278,0
PLY,D,20190515,000000,23.662,24.403,23.377,24.213,752465,0
PLY,D,20190516,000000,24.213,24.821,24.213,24.479,483704,0
PLY,D,20190517,000000,24.517,24.707,24.023,24.574,521119,0
PLY,D,20190520,000000,24.574,25.353,24.08,25.353,231150,0
PLY,D,20190521,000000,25.391,25.429,24.517,25.353,549889,0
PLY,D,20190522,000000,25.372,25.372,24.574,24.669,683272,0
PLY,D,20190523,000000,24.593,24.878,23.814,23.909,808386,0
PLY,D,20190524,000000,23.757,24.232,23.757,23.947,667038,0
PLY,D,20190527,000000,24.042,24.46,23.795,23.871,517076,0
PLY,D,20190528,000000,23.871,24.099,23.757,23.795,1989841,0
PLY,D,20190529,000000,23.662,24.061,23.662,24.061,1264337,0
PLY,D,20190530,000000,23.871,24.156,23.757,23.833,1237259,0
PLY,D,20190531,000000,23.757,24.916,23.738,24.916,1523723,0
PLY,D,20190603,000000,24.783,24.859,24.251,24.764,396225,0
PLY,D,20190604,000000,24.707,26.399,24.555,25.733,597537,0
PLY,D,20190605,000000,26.075,27.064,26.075,26.608,801173,0
PLY,D,20190606,000000,27.178,29.801,27.178,29.458,2511190,0
PLY,D,20190607,000000,29.192,30.219,29.192,30.181,591663,0
PLY,D,20190610,000000,30.181,30.371,29.496,30.124,460196,0
PLY,D,20190611,000000,30.124,30.979,29.763,30.903,816479,0
PLY,D,20190612,000000,30.504,32.252,30.428,32.214,443663,0
PLY,D,20190613,000000,32.119,33.887,31.986,32.784,1027195,0
PLY,D,20190614,000000,32.784,33.697,32.29,32.309,821467,0
PLY,D,20190617,000000,32.309,32.499,31.834,32.119,790872,0
PLY,D,20190618,000000,32.119,34.628,31.606,34.552,911359,0
PLY,D,20190619,000000,34.248,34.571,33.431,33.545,639646,0
PLY,D,20190621,000000,33.811,34.02,32.347,32.575,810217,0
PLY,D,20190624,000000,31.891,32.214,30.998,31.359,527287,0
PLY,D,20190625,000000,31.264,32.081,30.846,31.017,669989,0
PLY,D,20190626,000000,31.017,31.34,29.763,30.656,683700,0
PLY,D,20190627,000000,30.409,31.207,30.409,30.789,755105,0
PLY,D,20190628,000000,30.884,31.15,30.637,30.732,386306,0
PLY,D,20190701,000000,30.979,32.366,30.789,31.929,734735,0
PLY,D,20190702,000000,32.024,32.195,31.207,31.682,735462,0
PLY,D,20190703,000000,31.739,31.796,30.903,31.53,300228,0
PLY,D,20190704,000000,31.397,31.549,30.884,30.96,135378,0
PLY,D,20190705,000000,31.169,31.72,30.713,30.827,384974,0
PLY,D,20190708,000000,30.979,31.416,30.637,31.169,412899,0
PLY,D,20190709,000000,31.283,31.359,30.086,30.694,519594,0
PLY,D,20190710,000000,30.884,32.613,30.77,31.492,852266,0
PLY,D,20190711,000000,31.758,31.758,31.074,31.359,377929,0
PLY,D,20190712,000000,31.359,32.328,31.245,32.081,328005,0
PLY,D,20190715,000000,32.214,32.575,31.834,32.119,759719,0
PLY,D,20190716,000000,32.29,33.697,32.138,33.146,893389,0
PLY,D,20190717,000000,33.26,33.374,31.169,31.454,456528,0
PLY,D,20190718,000000,31.454,31.606,31.188,31.283,439101,0
PLY,D,20190719,000000,31.34,32.138,30.504,31.834,558886,0
PLY,D,20190722,000000,32.062,32.062,31.188,31.549,326036,0
PLY,D,20190723,000000,31.834,31.929,30.789,31.055,354151,0
PLY,D,20190724,000000,31.226,31.929,30.789,31.777,393817,0
PLY,D,20190725,000000,31.948,32.005,30.713,30.846,446891,0
PLY,D,20190726,000000,30.884,31.131,30.789,30.941,268795,0
PLY,D,20190729,000000,30.96,31.169,29.401,29.953,339993,0
PLY,D,20190730,000000,29.934,30.181,29.078,29.496,654415,0
PLY,D,20190731,000000,29.744,30.637,29.154,30.067,903208,0
PLY,D,20190801,000000,29.839,30.295,29.668,29.668,653674,0
PLY,D,20190802,000000,29.458,30.504,29.458,30.162,497359,0
PLY,D,20190805,000000,29.877,30.542,29.877,30.333,711590,0
PLY,D,20190806,000000,30.599,30.599,29.078,29.477,268380,0
PLY,D,20190807,000000,29.23,30.637,29.23,30.105,429654,0
PLY,D,20190808,000000,30.599,30.599,29.382,30.029,646295,0
PLY,D,20190809,000000,29.877,30.124,28.983,29.325,188164,0
PLY,D,20190812,000000,29.097,29.649,28.147,28.47,319068,0
PLY,D,20190813,000000,28.128,29.553,27.9,29.268,874625,0
PLY,D,20190814,000000,29.458,29.82,28.717,29.687,633694,0
PLY,D,20190816,000000,29.934,30.884,29.382,30.333,1157834,0
PLY,D,20190819,000000,30.352,30.846,30.086,30.409,567241,0
PLY,D,20190820,000000,30.333,31.131,30.124,31.093,478693,0
PLY,D,20190821,000000,31.112,31.663,29.649,29.934,407549,0
PLY,D,20190822,000000,29.744,30.39,29.325,29.515,156431,0
PLY,D,20190823,000000,29.649,29.687,28.356,28.451,542308,0
PLY,D,20190826,000000,28.451,29.344,28.375,29.23,255593,0
PLY,D,20190827,000000,30.219,31.796,30.219,31.169,936035,0
PLY,D,20190828,000000,31.245,32.195,30.789,31.682,687203,0
PLY,D,20190829,000000,31.359,32.328,31.188,32.328,475435,0
PLY,D,20190830,000000,32.404,32.651,31.397,32.651,356930,0
PLY,D,20190902,000000,32.651,33.811,31.872,32.024,401832,0
PLY,D,20190903,000000,32.005,32.252,30.124,32.024,463585,0
PLY,D,20190904,000000,31.986,32.233,31.093,31.682,200355,0
PLY,D,20190905,000000,29.268,29.268,26.342,27.406,6353809,0
PLY,D,20190906,000000,27.463,27.786,26.722,27.482,1180489,0
PLY,D,20190909,000000,27.482,27.558,26.741,26.817,777463,0
PLY,D,20190910,000000,26.817,26.817,25.771,25.847,1485650,0
PLY,D,20190911,000000,25.904,26.228,25.258,25.809,1104465,0
PLY,D,20190912,000000,26.228,26.931,25.657,25.828,1243541,0
PLY,D,20190913,000000,25.847,26.056,25.486,26.056,393224,0
PLY,D,20190916,000000,26.056,26.056,25.372,25.638,859272,0
PLY,D,20190917,000000,25.657,25.904,24.954,25.239,1681566,0
PLY,D,20190918,000000,25.429,26.285,25.258,25.942,1526017,0
PLY,D,20190919,000000,26.056,26.266,25.524,25.657,1014417,0
PLY,D,20190920,000000,25.828,26.551,25.695,26.056,1742944,0
PLY,D,20190923,000000,26.247,26.399,25.562,25.904,538262,0
PLY,D,20190924,000000,25.942,26.247,25.695,25.79,768815,0
PLY,D,20190925,000000,25.79,26.171,25.334,25.638,804730,0
PLY,D,20190926,000000,25.752,25.942,25.505,25.695,327807,0
PLY,D,20190927,000000,25.942,26.342,25.714,26.037,190997,0
PLY,D,20190930,000000,26.342,26.342,26.075,26.133,385933,0
PLY,D,20191001,000000,26.342,26.779,26.018,26.285,551423,0
PLY,D,20191002,000000,26.418,26.456,24.859,24.973,1163605,0
PLY,D,20191003,000000,25.049,25.714,24.517,25.638,477856,0
PLY,D,20191004,000000,25.866,26.513,25.866,26.437,1106804,0
PLY,D,20191007,000000,26.608,26.817,26.38,26.703,640416,0
PLY,D,20191008,000000,26.722,27.368,26.608,27.178,608621,0
PLY,D,20191009,000000,27.368,28.014,27.178,27.938,923002,0
PLY,D,20191010,000000,27.938,28.014,27.463,27.558,486368,0
PLY,D,20191011,000000,27.748,27.748,27.216,27.368,482959,0
PLY,D,20191014,000000,27.235,27.843,26.893,27.786,419981,0
PLY,D,20191015,000000,27.558,27.691,26.969,26.988,460527,0
PLY,D,20191016,000000,27.843,27.843,27.064,27.577,356480,0
PLY,D,20191017,000000,27.691,28.318,27.368,28.28,569580,0
PLY,D,20191018,000000,28.28,28.413,27.577,27.748,463612,0
PLY,D,20191021,000000,27.558,28.318,27.558,28.242,359982,0
PLY,D,20191022,000000,28.413,28.527,27.824,28.185,320734,0
PLY,D,20191023,000000,28.147,28.508,27.178,27.558,871295,0
PLY,D,20191024,000000,27.577,28.489,27.482,28.28,382537,0
PLY,D,20191025,000000,28.28,28.432,28.09,28.28,540397,0
PLY,D,20191028,000000,28.223,28.508,28.185,28.375,207285,0
PLY,D,20191029,000000,28.489,28.603,27.881,28.242,500164,0
PLY,D,20191030,000000,28.242,28.261,27.881,28.204,535521,0
PLY,D,20191031,000000,28.28,28.983,28.28,28.755,497831,0
PLY,D,20191104,000000,29.268,29.268,28.185,28.945,616984,0
PLY,D,20191105,000000,28.945,28.983,28.28,28.508,517101,0
PLY,D,20191106,000000,28.508,28.983,28.508,28.546,299713,0
PLY,D,20191107,000000,28.698,28.717,28.223,28.318,495270,0
PLY,D,20191108,000000,28.318,28.945,28.223,28.793,403193,0
PLY,D,20191112,000000,28.755,28.85,28.337,28.698,617912,0
PLY,D,20191113,000000,28.983,29.877,28.698,29.744,1472237,0
PLY,D,20191114,000000,29.744,30.409,29.42,29.611,927845,0
PLY,D,20191115,000000,29.649,29.82,29.325,29.744,620687,0
PLY,D,20191118,000000,29.668,30.314,29.668,30.162,515764,0
PLY,D,20191119,000000,30.314,30.39,30.181,30.276,1086745,0
PLY,D,20191120,000000,30.276,30.599,29.991,30.314,778814,0
PLY,D,20191121,000000,30.39,30.428,30.238,30.352,579656,0
PLY,D,20191122,000000,30.314,30.675,30.238,30.409,522848,0
PLY,D,20191125,000000,30.409,31.15,30.409,30.884,624207,0
PLY,D,20191126,000000,31.112,31.34,30.58,31.017,864071,0
PLY,D,20191127,000000,30.998,31.055,30.637,30.903,891300,0
PLY,D,20191128,000000,30.979,31.264,30.789,31.245,278102,0
PLY,D,20191129,000000,31.017,31.245,30.865,31.074,218150,0
PLY,D,20191202,000000,31.264,31.359,30.599,31.359,437093,0
PLY,D,20191203,000000,31.34,31.34,30.029,30.162,728633,0
PLY,D,20191204,000000,30.162,30.599,29.344,29.858,530850,0
PLY,D,20191205,000000,29.896,31.055,29.534,30.656,326345,0
PLY,D,20191206,000000,30.656,31.454,30.637,31.207,243129,0
PLY,D,20191209,000000,31.169,31.625,30.485,30.979,504771,0
PLY,D,20191210,000000,31.264,31.739,30.618,31.378,596652,0
PLY,D,20191211,000000,31.549,31.606,31.226,31.492,377076,0
PLY,D,20191212,000000,31.644,31.834,31.34,31.625,885936,0
PLY,D,20191213,000000,31.568,32.746,31.454,32.214,430106,0
PLY,D,20191216,000000,32.214,32.86,32.043,32.67,579745,0
PLY,D,20191217,000000,32.461,32.936,31.872,32.233,510290,0
PLY,D,20191218,000000,32.309,32.48,31.815,32.252,408269,0
PLY,D,20191219,000000,32.385,32.385,31.606,31.872,483720,0
PLY,D,20191220,000000,31.815,32.746,31.815,32.423,1000003,0
PLY,D,20191223,000000,32.309,32.404,31.948,32.005,92216,0
PLY,D,20191227,000000,32.005,32.765,32.005,32.765,169255,0
PLY,D,20191230,000000,32.689,33.811,32.499,33.26,157311,0
PLY,D,20200102,000000,33.26,33.906,32.67,33.355,445184,0
PLY,D,20200103,000000,33.069,33.165,32.233,32.233,229198,0
PLY,D,20200107,000000,32.271,32.594,31.625,32.043,263852,0
PLY,D,20200108,000000,32.024,32.29,31.644,32.1,155712,0
PLY,D,20200109,000000,32.594,33.05,32.404,32.879,458702,0
PLY,D,20200110,000000,32.879,33.05,32.537,33.031,686515,0
PLY,D,20200113,000000,32.993,33.602,32.803,33.564,230887,0
PLY,D,20200114,000000,33.488,33.583,32.86,33.05,519464,0
PLY,D,20200115,000000,33.184,33.735,32.803,33.602,460196,0
PLY,D,20200116,000000,33.45,34.685,33.412,34.685,511242,0
PLY,D,20200117,000000,34.685,34.837,33.982,34.305,308785,0
PLY,D,20200120,000000,34.59,35.331,34.362,35.331,499447,0
PLY,D,20200121,000000,35.255,35.711,34.97,35.711,606571,0
PLY,D,20200122,000000,35.711,36.471,35.635,36.11,1086072,0
PLY,D,20200123,000000,36.11,36.11,34.894,35.027,437048,0
PLY,D,20200124,000000,35.027,35.388,34.305,34.59,452601,0
PLY,D,20200127,000000,34.495,34.628,33.678,33.925,303695,0
PLY,D,20200128,000000,34.153,35.35,34.039,34.932,405682,0
PLY,D,20200129,000000,34.875,35.426,34.343,34.951,384534,0
PLY,D,20200130,000000,34.932,35.407,34.02,34.951,249725,0
PLY,D,20200131,000000,34.685,35.046,33.697,33.849,869086,0
PLY,D,20200203,000000,33.108,33.735,32.252,33.241,572312,0
PLY,D,20200204,000000,33.26,33.906,32.518,33.069,538056,0
PLY,D,20200205,000000,33.241,33.26,32.442,32.537,850853,0
PLY,D,20200206,000000,33.069,33.069,32.366,32.632,433247,0
PLY,D,20200207,000000,32.67,32.803,32.252,32.556,392309,0
PLY,D,20200210,000000,32.594,33.031,32.594,32.67,512734,0
PLY,D,20200211,000000,33.165,33.165,32.518,32.765,708494,0
PLY,D,20200212,000000,32.784,32.955,31.511,31.606,677730,0
PLY,D,20200213,000000,31.454,33.279,31.454,32.974,628361,0
PLY,D,20200214,000000,33.069,33.184,32.708,32.86,828015,0
PLY,D,20200217,000000,33.069,33.545,32.765,33.45,319741,0
PLY,D,20200218,000000,33.069,34.191,33.069,33.735,587194,0
PLY,D,20200219,000000,33.545,34.248,33.507,33.944,795566,0
PLY,D,20200220,000000,34.115,34.362,33.697,33.792,237349,0
PLY,D,20200221,000000,33.735,33.735,32.803,33.127,675987,0
PLY,D,20200224,000000,32.784,33.355,31.948,32.955,554525,0
PLY,D,20200225,000000,33.05,33.336,32.043,33.146,542604,0
PLY,D,20200226,000000,33.241,33.241,31.511,32.423,867807,0
PLY,D,20200227,000000,31.777,32.309,30.447,30.884,838570,0
PLY,D,20200228,000000,30.276,30.314,28.736,29.059,1205333,0
PLY,D,20200302,000000,29.42,30.01,28.736,29.401,898776,0
PLY,D,20200303,000000,29.953,29.991,29.059,29.23,936950,0
PLY,D,20200304,000000,29.439,30.713,28.774,29.82,758154,0
PLY,D,20200305,000000,30.656,30.656,29.116,30.124,418577,0
PLY,D,20200306,000000,29.458,31.34,29.116,30.371,876264,0
PLY,D,20200309,000000,28.033,29.706,27.083,28.85,796989,0
PLY,D,20200310,000000,28.508,29.173,26.665,27.083,925188,0
PLY,D,20200311,000000,27.254,27.691,26.437,26.646,736082,0
PLY,D,20200312,000000,25.657,25.942,24.365,24.65,1268822,0
PLY,D,20200313,000000,26.608,26.855,24.232,25.011,1305209,0
PLY,D,20200316,000000,23.757,25.562,23.016,25.03,864703,0
PLY,D,20200317,000000,25.657,28.508,25.657,28.318,1685040,0
PLY,D,20200318,000000,28.508,29.572,26.722,26.874,967739,0
PLY,D,20200319,000000,27.995,29.002,27.178,28.109,525421,0
PLY,D,20200320,000000,29.173,29.211,27.463,27.881,948572,0
PLY,D,20200323,000000,27.083,27.121,25.676,26.133,850863,0
PLY,D,20200324,000000,27.159,27.748,26.494,27.596,446640,0
PLY,D,20200325,000000,27.767,28.584,26.209,26.893,732566,0
PLY,D,20200326,000000,26.608,27.482,26.228,26.988,568466,0
PLY,D,20200327,000000,27.558,28.793,26.646,28.641,427929,0
PLY,D,20200330,000000,27.653,28.679,27.197,27.843,662404,0
PLY,D,20200331,000000,27.843,28.565,27.577,27.824,491062,0
PLY,D,20200401,000000,27.368,27.691,26.703,26.798,509404,0
PLY,D,20200402,000000,26.988,27.52,26.418,27.14,638344,0
PLY,D,20200403,000000,26.703,28.014,26.703,28.014,553413,0
PLY,D,20200406,000000,28.774,29.116,28.071,28.375,379973,0
PLY,D,20200407,000000,28.983,29.021,28.052,28.052,641675,0
PLY,D,20200408,000000,28.318,32.29,28.09,31.739,1035631,0
PLY,D,20200409,000000,31.112,32.974,30.637,32.119,1249899,0
PLY,D,20200414,000000,32.309,32.309,30.789,31.074,455326,0
PLY,D,20200415,000000,31.929,32.005,30.124,30.371,2700803,0
PLY,D,20200416,000000,30.694,30.694,29.477,30.048,768753,0
PLY,D,20200417,000000,30.656,30.846,29.706,30.77,518489,0
PLY,D,20200420,000000,30.77,32.385,30.314,32.233,638473,0
PLY,D,20200421,000000,31.587,31.796,30.599,30.694,841733,0
PLY,D,20200422,000000,30.694,31.169,30.124,30.694,682242,0
PLY,D,20200423,000000,31.549,32.062,30.485,31.891,415363,0
PLY,D,20200424,000000,31.359,31.853,30.732,30.77,421940,0
PLY,D,20200427,000000,31.53,32.499,31.093,31.834,388834,0
PLY,D,20200428,000000,31.929,32.252,29.591,30.143,544273,0
PLY,D,20200429,000000,30.694,31.644,30.542,31.34,446511,0
PLY,D,20200430,000000,31.84,33.36,31.7,33.28,636980,0
PLY,D,20200504,000000,32,32.4,31.66,31.7,470273,0
PLY,D,20200505,000000,31.74,32.74,31.62,32,339479,0
PLY,D,20200506,000000,32.34,32.48,31,31.24,789377,0
PLY,D,20200507,000000,31.24,31.38,30.4,30.56,904072,0
PLY,D,20200508,000000,30.56,31.34,30.24,31.14,536385,0
PLY,D,20200511,000000,31.36,31.36,30.32,30.4,524246,0
PLY,D,20200512,000000,30.5,31.48,30.5,31.16,480225,0
PLY,D,20200513,000000,31.18,31.18,30.44,31.02,994977,0
PLY,D,20200514,000000,30.64,31.26,30.4,31.02,333947,0
PLY,D,20200515,000000,31.3,31.3,30.66,31.12,358440,0
PLY,D,20200518,000000,31.12,31.2,30.62,31,345616,0
PLY,D,20200519,000000,31.38,31.38,30.84,31.02,316887,0
PLY,D,20200520,000000,31.02,31.68,30.82,31,413749,0
PLY,D,20200521,000000,28.5,30.16,28.28,29.5,3913192,0
PLY,D,20200522,000000,29.7,30.04,29.36,29.5,963855,0
PLY,D,20200525,000000,29.7,29.96,29.48,29.78,422892,0
PLY,D,20200526,000000,29.94,29.94,29.24,29.6,826268,0
PLY,D,20200527,000000,29.76,29.76,28.74,28.78,1149425,0
PLY,D,20200528,000000,29,29.4,27.74,28.82,2003421,0
PLY,D,20200529,000000,28.72,28.8,28.24,28.44,726297,0
PLY,D,20200601,000000,28.5,29.3,28.4,29.3,618481,0
PLY,D,20200602,000000,29.34,29.38,28.9,29.02,729596,0
PLY,D,20200603,000000,29.2,29.46,29.04,29.16,1065354,0
PLY,D,20200604,000000,29.1,29.22,28.56,28.78,558074,0
PLY,D,20200605,000000,28.96,29.2,28.62,29.12,1066010,0
PLY,D,20200608,000000,29.2,29.4,28.98,29.2,639952,0
PLY,D,20200609,000000,29.3,30.54,29.02,29.2,1282650,0
PLY,D,20200610,000000,29.24,29.4,28.9,29,392839,0
PLY,D,20200612,000000,28.6,29.2,28.5,28.86,519591,0
PLY,D,20200615,000000,28.56,28.74,28.3,28.48,344384,0
PLY,D,20200616,000000,28.52,29.52,28.5,29.22,599790,0
PLY,D,20200617,000000,29.46,29.5,29.02,29.02,399173,0
PLY,D,20200618,000000,29.2,29.32,28.84,28.88,256608,0
PLY,D,20200619,000000,29,29.34,28.9,28.92,604146,0
PLY,D,20200622,000000,28.98,29.88,28.54,29.48,850006,0
PLY,D,20200623,000000,29.54,29.7,29.46,29.52,485713,0
PLY,D,20200624,000000,29.62,29.64,28.94,29,265000,0
PLY,D,20200625,000000,28.62,29.44,28.62,29.4,355148,0
PLY,D,20200626,000000,29.52,31.36,29.32,30.78,1167338,0
PLY,D,20200629,000000,30.62,30.9,29.72,30.5,475837,0
PLY,D,20200630,000000,30.68,30.8,30,30.36,607991,0
PLY,D,20200701,000000,30.1,31.28,30.1,31,775266,0
PLY,D,20200702,000000,31.24,31.92,31.06,31.68,539260,0
PLY,D,20200703,000000,31.8,32.5,31.12,32,334988,0
PLY,D,20200706,000000,32.5,32.5,31.5,31.78,280104,0
PLY,D,20200707,000000,31.6,31.6,30.54,30.88,489330,0
PLY,D,20200708,000000,30.54,30.78,30.5,30.62,326351,0
PLY,D,20200709,000000,30.56,31.7,30.56,31.5,321423,0
PLY,D,20200710,000000,30.8,31.9,30.7,31.6,282650,0
