<TICKER>,<PER>,<DATE>,<TIME>,<OPEN>,<HIGH>,<LOW>,<CLOSE>,<VOL>,<OPENINT>
SCO,D,20110328,000000,26.4,31.2,24,25.6,2337,0
SCO,D,20110329,000000,27.28,28.32,24.4,24.8,1067,0
SCO,D,20110330,000000,23.76,25.52,22.24,25.52,607,0
SCO,D,20110331,000000,22,24,22,23.92,394,0
SCO,D,20110401,000000,24,24,24,24,6,0
SCO,D,20110404,000000,22.88,22.96,21.12,22.16,429,0
SCO,D,20110405,000000,21.6,24,21.6,24,1058,0
SCO,D,20110406,000000,24.08,24.08,24.08,24.08,105,0
SCO,D,20110407,000000,23.28,24,23.28,23.36,967,0
SCO,D,20110408,000000,24.4,24.4,24.4,24.4,3,0
SCO,D,20110412,000000,24.72,28,24.72,28,332,0
SCO,D,20110413,000000,30.4,36.48,30.4,32,241,0
SCO,D,20110414,000000,32,32,28.96,28.96,276,0
SCO,D,20110415,000000,27.68,27.68,27.68,27.68,91,0
SCO,D,20110418,000000,28,32,27.12,28,646,0
SCO,D,20110419,000000,27.12,32.72,27.12,32.72,538,0
SCO,D,20110420,000000,32.24,32.24,28.8,32.24,662,0
SCO,D,20110421,000000,32.24,32.24,32.24,32.24,3,0
SCO,D,20110426,000000,32.24,32.24,30.8,31.84,9271,0
SCO,D,20110427,000000,31.36,32.88,31.36,32.88,4150,0
SCO,D,20110428,000000,32.64,32.64,32.64,32.64,82,0
SCO,D,20110429,000000,32.64,32.64,31.36,32.56,30,0
SCO,D,20110502,000000,32.64,33.6,32.64,33.6,294,0
SCO,D,20110504,000000,32.8,32.8,32.8,32.8,79,0
SCO,D,20110506,000000,31.52,31.52,31.52,31.52,31,0
SCO,D,20110509,000000,30.56,30.56,30.56,30.56,26,0
SCO,D,20110510,000000,32.32,33.44,32.32,33.44,155,0
SCO,D,20110511,000000,34.64,34.64,34.64,34.64,37,0
SCO,D,20110512,000000,32.8,34,31.44,34,1544,0
SCO,D,20110517,000000,32.4,33.2,32.4,33.2,138,0
SCO,D,20110519,000000,32.8,33.2,32.8,33.2,151,0
SCO,D,20110523,000000,34.88,35.2,34.88,35.2,209,0
SCO,D,20110524,000000,44.8,44.8,44.8,44.8,13,0
SCO,D,20110525,000000,48,52,45.6,45.6,282,0
SCO,D,20110526,000000,44.4,44.4,44.4,44.4,57,0
SCO,D,20110527,000000,42.4,47.28,40.48,47.28,300,0
SCO,D,20110530,000000,44.8,44.8,42.88,42.88,92,0
SCO,D,20110531,000000,43.2,44.48,43.2,44.48,114,0
SCO,D,20110603,000000,43.6,43.6,43.6,43.6,1,0
SCO,D,20110606,000000,43.2,43.2,43.2,43.2,58,0
SCO,D,20110608,000000,40,40,40,40,63,0
SCO,D,20110609,000000,38.4,46.4,38.4,46.4,579,0
SCO,D,20110610,000000,44,44,44,44,13,0
SCO,D,20110613,000000,42.4,47.2,38.88,46.4,913,0
SCO,D,20110614,000000,45.36,45.36,43.2,43.2,181,0
SCO,D,20110615,000000,44.64,50.4,44.64,44.8,109,0
SCO,D,20110620,000000,44.8,44.8,44.8,44.8,1,0
SCO,D,20110621,000000,44.8,44.8,44.8,44.8,1,0
SCO,D,20110622,000000,44.8,44.8,44.8,44.8,1,0
SCO,D,20110627,000000,44.8,44.8,44.8,44.8,1,0
SCO,D,20110628,000000,44.8,44.8,44.8,44.8,1,0
SCO,D,20110629,000000,44.8,44.8,44.8,44.8,0,0
SCO,D,20110630,000000,44.8,44.8,44.8,44.8,13,0
SCO,D,20110701,000000,44,46.48,42.32,42.32,90,0
SCO,D,20110704,000000,42.32,42.32,42.32,42.32,39,0
SCO,D,20110706,000000,40.8,40.8,40.8,40.8,61,0
SCO,D,20110712,000000,40.4,40.4,40.4,40.4,39,0
SCO,D,20110718,000000,38.4,38.4,38.4,38.4,64,0
SCO,D,20110801,000000,35.12,38.4,35.12,38.4,143,0
SCO,D,20110804,000000,36,36,36,36,70,0
SCO,D,20110808,000000,36,36.08,36,36.08,23,0
SCO,D,20110829,000000,36,36,34.64,34.64,57,0
SCO,D,20110927,000000,28.96,29.04,28.96,29.04,21,0
SCO,D,20110928,000000,30.32,34.8,30.32,34.8,172,0
SCO,D,20110929,000000,33.6,34.8,33.6,34.8,112,0
SCO,D,20110930,000000,36.08,40.4,36.08,40.4,113,0
SCO,D,20111004,000000,38.4,38.4,36.8,36.8,131,0
SCO,D,20111005,000000,35.2,35.2,35.2,35.2,72,0
SCO,D,20111025,000000,33.68,33.68,33.68,33.68,76,0
SCO,D,20111026,000000,32.4,32.4,32.4,32.4,25,0
SCO,D,20111028,000000,33.12,38.4,33.12,38.4,144,0
SCO,D,20111031,000000,33.68,37.6,33.68,37.6,215,0
SCO,D,20111102,000000,37.68,37.68,37.68,37.68,27,0
SCO,D,20111103,000000,37.6,38.4,33.68,38.4,77,0
SCO,D,20111107,000000,34.24,36.8,34.24,36.8,76,0
SCO,D,20111118,000000,34.4,34.4,34.4,34.4,74,0
SCO,D,20111121,000000,33.28,33.28,33.28,33.28,77,0
SCO,D,20111123,000000,33.28,33.28,33.28,33.28,19,0
SCO,D,20111125,000000,31.6,31.6,31.6,31.6,63,0
SCO,D,20111208,000000,30.4,30.4,30.4,30.4,79,0
SCO,D,20111229,000000,26.4,34.4,26.4,34.4,15172,0
SCO,D,20111230,000000,32.16,37.2,32.16,37.2,220,0
SCO,D,20120103,000000,35.2,35.2,35.2,35.2,73,0
SCO,D,20120104,000000,33.44,33.44,33.44,33.44,76,0
SCO,D,20120109,000000,29.44,38,29.44,38,3,0
SCO,D,20120111,000000,38,38,38,38,1,0
SCO,D,20120112,000000,38,38,38,38,1,0
SCO,D,20120117,000000,37.84,37.84,37.84,37.84,1,0
SCO,D,20120123,000000,37.6,37.6,37.6,37.6,1,0
SCO,D,20120124,000000,37.6,37.6,37.6,37.6,1,0
SCO,D,20120127,000000,31.68,32,30.24,30.24,169,0
SCO,D,20120130,000000,25.2,32.4,25.2,32.4,102,0
SCO,D,20120201,000000,32.4,32.4,32.4,32.4,0,0
SCO,D,20120203,000000,30.88,32.4,30.88,32.4,83,0
SCO,D,20120206,000000,32.4,32.4,32.4,32.4,1,0
SCO,D,20120207,000000,32.4,32.4,32.4,32.4,0,0
SCO,D,20120210,000000,29.84,29.84,29.84,29.84,86,0
SCO,D,20120221,000000,27.2,32.32,27.2,32.32,6251,0
SCO,D,20120224,000000,27.2,27.2,27.2,27.2,8750,0
SCO,D,20120228,000000,28.08,32.32,28.08,32.32,105,0
SCO,D,20120229,000000,30.8,32,30.8,32,93,0
SCO,D,20120306,000000,30.4,30.4,30.4,30.4,1,0
SCO,D,20120312,000000,32,32,32,32,1,0
SCO,D,20120321,000000,32,32,32,32,1,0
SCO,D,20120430,000000,36.32,36.32,36.32,36.32,1,0
SCO,D,20120529,000000,34,34,34,34,1,0
SCO,D,20120530,000000,34,34,34,34,1,0
SCO,D,20120531,000000,33.84,33.84,33.84,33.84,38,0
SCO,D,20120626,000000,33.52,33.52,33.52,33.52,1,0
SCO,D,20120628,000000,33.36,35.2,33.36,35.2,112,0
SCO,D,20120629,000000,35.2,35.2,35.2,35.2,125,0
SCO,D,20120702,000000,36.32,36.32,36.32,36.32,1,0
SCO,D,20120709,000000,28.4,28.4,28.4,28.4,53,0
SCO,D,20120710,000000,31.92,31.92,31.92,31.92,0,0
SCO,D,20120713,000000,27.36,27.36,27.36,27.36,57,0
SCO,D,20120716,000000,31.92,31.92,31.92,31.92,0,0
SCO,D,20120820,000000,25.52,25.6,25.52,25.6,98,0
SCO,D,20120822,000000,25.6,25.6,25.6,25.6,180265,0
SCO,D,20120823,000000,23.84,27.2,23.84,27.2,65,0
SCO,D,20120827,000000,28.8,28.8,28.8,28.8,1,0
SCO,D,20120906,000000,22.96,22.96,22.96,22.96,68,0
SCO,D,20120925,000000,22.96,22.96,22.96,22.96,1,0
SCO,D,20120926,000000,18.24,19.6,18.24,19.6,26,0
SCO,D,20120927,000000,18.24,18.24,18.24,18.24,197,0
SCO,D,20121002,000000,18.4,18.4,18.4,18.4,11,0
SCO,D,20121003,000000,18.64,19.92,18.64,19.92,18,0
SCO,D,20121004,000000,22.4,22.4,22.4,22.4,0,0
SCO,D,20121005,000000,20.8,22.4,20.8,22.4,13,0
SCO,D,20121008,000000,20.8,20.8,20.8,20.8,75,0
SCO,D,20121031,000000,20.8,20.8,20.8,20.8,1,0
SCO,D,20121106,000000,20.8,20.8,20.8,20.8,1,0
SCO,D,20121108,000000,20.8,20.8,20.8,20.8,1,0
SCO,D,20121120,000000,17.76,17.76,17.76,17.76,38,0
SCO,D,20121122,000000,17.12,17.76,17.12,17.76,92,0
SCO,D,20121123,000000,16.4,16.4,16.4,16.4,63,0
SCO,D,20121203,000000,16.4,16.4,16.08,16.08,1,0
SCO,D,20121206,000000,15.36,16.4,15.36,15.92,67,0
SCO,D,20121218,000000,15.52,15.52,15.52,15.52,9562,0
SCO,D,20121220,000000,15.6,17.6,14.56,17.6,70,0
SCO,D,20121227,000000,15.04,16.16,15.04,16.16,103,0
SCO,D,20121228,000000,16.4,17.6,16.32,16.32,233,0
SCO,D,20130102,000000,15.92,15.92,15.92,15.92,0,0
SCO,D,20130103,000000,15.92,15.92,15.92,15.92,0,0
SCO,D,20130104,000000,15.92,15.92,15.92,15.92,0,0
SCO,D,20130111,000000,16,16,16,16,0,0
SCO,D,20130115,000000,16,16,16,16,0,0
SCO,D,20130125,000000,16,16,16,16,0,0
SCO,D,20130128,000000,16,16,16,16,1,0
SCO,D,20130222,000000,16,16,16,16,97,0
SCO,D,20130226,000000,15.68,16,15.68,16,199,0
SCO,D,20130227,000000,15.68,15.68,15.68,15.68,99,0
SCO,D,20130315,000000,16,17.6,16,17.6,123,0
SCO,D,20130412,000000,15.68,15.68,15.68,15.68,99,0
SCO,D,20130415,000000,16,16,16,16,0,0
SCO,D,20130417,000000,16,16,16,16,76,0
SCO,D,20130515,000000,16.8,16.8,16.8,16.8,1,0
SCO,D,20130520,000000,15.68,15.68,15.68,15.68,99,0
SCO,D,20130524,000000,16,17.6,16,17.6,190,0
SCO,D,20130527,000000,16.8,16.8,16.8,16.8,92,0
SCO,D,20130612,000000,17.6,17.6,17.6,17.6,0,0
SCO,D,20130617,000000,15.2,16.8,15.2,16.8,5,0
SCO,D,20130618,000000,15.2,15.2,15.2,15.2,21,0
SCO,D,20130619,000000,15.04,15.04,15.04,15.04,63,0
SCO,D,20130624,000000,14.24,14.24,14.24,14.24,3,0
SCO,D,20130627,000000,14.24,14.24,12.96,12.96,14,0
SCO,D,20130628,000000,14.24,14.24,14.16,14.24,50,0
SCO,D,20130701,000000,12.88,12.88,12.88,12.88,1,0
SCO,D,20130702,000000,11.68,11.68,11.68,11.68,1,0
SCO,D,20130715,000000,12,12,12,12,2,0
SCO,D,20130719,000000,12,12,11.04,11.04,34,0
SCO,D,20130722,000000,11.04,12.08,11.04,12.08,1,0
SCO,D,20130726,000000,11.84,11.84,11.04,11.04,251,0
SCO,D,20130729,000000,10.96,10.96,10.08,10.08,2,0
SCO,D,20130802,000000,9.2,9.2,9.2,9.2,1,0
SCO,D,20130805,000000,9.2,9.2,8.4,8.4,1,0
SCO,D,20130812,000000,9.2,9.2,9.2,9.2,100,0
SCO,D,20130819,000000,10,10,10,10,25,0
SCO,D,20130820,000000,10.8,10.8,10.8,10.8,125,0
SCO,D,20130821,000000,11.76,12,11.04,12,13000,0
SCO,D,20130822,000000,12.8,13.12,12,12,1446,0
SCO,D,20130823,000000,12,12,12,12,1820,0
SCO,D,20130826,000000,12.8,12.8,12.32,12.32,1535,0
SCO,D,20130829,000000,12.32,12.32,12.32,12.32,13,0
SCO,D,20130830,000000,12.72,12.72,11.68,12.72,344,0
SCO,D,20130905,000000,12,12,12,12,2500,0
SCO,D,20130906,000000,11.6,11.6,11.6,11.6,1875,0
SCO,D,20130909,000000,11.2,11.2,11.2,11.2,1250,0
SCO,D,20130910,000000,10.8,10.8,10.8,10.8,1500,0
SCO,D,20130911,000000,11.2,11.2,11.2,11.2,500,0
SCO,D,20130917,000000,10.4,11.12,10.4,11.12,745,0
SCO,D,20130919,000000,10.4,10.4,10.4,10.4,1250,0
SCO,D,20130924,000000,11.12,11.12,11.12,11.12,1523,0
SCO,D,20130925,000000,10.4,10.4,10.4,10.4,4,0
SCO,D,20130926,000000,11.12,11.12,11.12,11.12,89,0
SCO,D,20131004,000000,11.12,11.12,11.12,11.12,12875,0
SCO,D,20131007,000000,11.12,11.12,11.12,11.12,938,0
SCO,D,20131010,000000,10.4,10.4,10.4,10.4,786,0
SCO,D,20131011,000000,10.4,10.4,10.4,10.4,1250,0
SCO,D,20131015,000000,11.12,11.12,11.12,11.12,113,0
SCO,D,20131016,000000,11.12,11.12,11.12,11.12,400,0
SCO,D,20131017,000000,11.12,11.12,11.12,11.12,375,0
SCO,D,20131018,000000,9.6,9.6,9.6,9.6,400,0
SCO,D,20131021,000000,11.12,11.12,11.12,11.12,63,0
SCO,D,20131022,000000,12.08,12.08,12.08,12.08,13,0
SCO,D,20131024,000000,12.08,12.08,12.08,12.08,1313,0
SCO,D,20131025,000000,12.08,12.08,12.08,12.08,69,0
SCO,D,20131028,000000,12.08,12.08,12.08,12.08,1625,0
SCO,D,20131031,000000,11.92,11.92,11.92,11.92,8,0
SCO,D,20131108,000000,10.8,11.84,10.8,11.84,1000,0
SCO,D,20131114,000000,10.8,10.8,10.8,10.8,125,0
SCO,D,20131115,000000,11.2,11.2,11.2,11.2,13,0
SCO,D,20131118,000000,11.2,11.2,11.2,11.2,94,0
SCO,D,20131121,000000,10.4,10.4,10.4,10.4,1250,0
SCO,D,20131122,000000,10.4,10.4,10.4,10.4,14375,0
SCO,D,20131205,000000,10.4,10.4,10.4,10.4,1250,0
SCO,D,20131212,000000,10.4,10.4,10.4,10.4,11613,0
SCO,D,20131213,000000,11.2,11.2,11.2,11.2,13,0
SCO,D,20131217,000000,10,10,10,10,2813,0
SCO,D,20131219,000000,9.2,9.2,9.2,9.2,17500,0
SCO,D,20131220,000000,8.8,8.8,8.8,8.8,6409,0
SCO,D,20131223,000000,8.8,8.8,8.8,8.8,6466,0
SCO,D,20131230,000000,10.24,10.24,10.24,10.24,63,0
SCO,D,20140103,000000,11.12,11.12,11.12,11.12,25,0
SCO,D,20140110,000000,9.2,9.2,8.32,8.32,26496,0
SCO,D,20140113,000000,8.8,8.8,8.8,8.8,8070,0
SCO,D,20140114,000000,8.8,8.8,8.8,8.8,4000,0
SCO,D,20140115,000000,8.8,8.8,8.8,8.8,28,0
SCO,D,20140116,000000,8.4,8.4,8.4,8.4,659,0
SCO,D,20140117,000000,8.4,8.4,8.08,8.08,7705,0
SCO,D,20140121,000000,8,8,8,8,1,0
SCO,D,20140127,000000,8,8,8,8,6000,0
SCO,D,20140128,000000,7.36,7.36,7.36,7.36,13000,0
SCO,D,20140131,000000,7.6,7.6,7.2,7.2,1375,0
SCO,D,20140203,000000,6.56,6.56,6.56,6.56,16000,0
SCO,D,20140204,000000,6.56,6.56,6.56,6.56,101,0
SCO,D,20140205,000000,6.32,6.32,6.32,6.32,7125,0
SCO,D,20140207,000000,8,8,7.92,7.92,3551,0
SCO,D,20140210,000000,8,8,7.92,7.92,3473,0
SCO,D,20140211,000000,7.28,7.28,7.28,7.28,2351,0
SCO,D,20140212,000000,7.76,7.76,7.76,7.76,1,0
SCO,D,20140213,000000,7.76,7.76,7.76,7.76,133,0
SCO,D,20140214,000000,6.24,6.24,6.24,6.24,4684,0
SCO,D,20140217,000000,6.64,6.64,6.64,6.64,13,0
SCO,D,20140218,000000,6.64,6.64,6.64,6.64,1250,0
SCO,D,20140219,000000,7.12,7.12,6.64,6.64,1251,0
SCO,D,20140220,000000,6.72,6.72,6.56,6.56,1618,0
SCO,D,20140221,000000,5.92,5.92,5.92,5.92,9505,0
SCO,D,20140224,000000,6.48,6.48,6.4,6.4,1128,0
SCO,D,20140225,000000,7.04,7.04,6.96,6.96,313,0
SCO,D,20140226,000000,6.4,6.4,6.4,6.4,1500,0
SCO,D,20140227,000000,7.04,7.04,6.96,6.96,6,0
SCO,D,20140304,000000,5.6,5.6,5.6,5.6,4250,0
SCO,D,20140305,000000,5.6,5.76,5.6,5.76,5375,0
SCO,D,20140306,000000,5.84,5.84,5.6,5.6,8497,0
SCO,D,20140307,000000,5.6,5.6,5.6,5.6,7500,0
SCO,D,20140310,000000,5.84,5.84,5.84,5.84,16,0
SCO,D,20140311,000000,5.84,5.84,5.84,5.84,375,0
SCO,D,20140313,000000,6.16,6.16,6.16,6.16,14800,0
SCO,D,20140314,000000,6.08,6.08,6.08,6.08,259,0
SCO,D,20140317,000000,6.16,6.16,6.16,6.16,125,0
SCO,D,20140318,000000,5.68,5.68,5.68,5.68,4125,0
SCO,D,20140319,000000,5.68,5.68,5.68,5.68,13556,0
SCO,D,20140320,000000,5.36,5.36,5.36,5.36,12397,0
SCO,D,20140326,000000,5.44,5.44,5.44,5.44,131,0
SCO,D,20140327,000000,5.76,6.32,5.76,6.32,1416,0
SCO,D,20140328,000000,6.32,6.32,6.32,6.32,342,0
SCO,D,20140331,000000,6.8,6.8,6.8,6.8,125,0
SCO,D,20140401,000000,6.32,6.32,6.32,6.32,1464,0
SCO,D,20140404,000000,6,6,6,6,2188,0
SCO,D,20140408,000000,5.76,5.76,5.76,5.76,10,0
SCO,D,20140414,000000,5.2,5.2,5.2,5.2,113,0
SCO,D,20140417,000000,4.72,4.8,4.72,4.8,9475,0
SCO,D,20140423,000000,4.8,4.8,4.8,4.8,2500,0
SCO,D,20140425,000000,4.32,4.32,4.32,4.32,3438,0
SCO,D,20140506,000000,4.4,4.4,4.4,4.4,125,0
SCO,D,20140507,000000,4.4,4.4,4.4,4.4,264,0
SCO,D,20140509,000000,4,4,4,4,1000,0
SCO,D,20140512,000000,4.56,4.56,4.56,4.56,7617,0
SCO,D,20140513,000000,4.56,4.56,4.56,4.56,2959,0
SCO,D,20140515,000000,4.8,4.8,4.8,4.8,19,0
SCO,D,20140516,000000,5.28,5.28,5.28,5.28,13,0
SCO,D,20140519,000000,5.6,5.6,5.6,5.6,827,0
SCO,D,20140520,000000,5.6,5.6,5.6,5.6,25,0
SCO,D,20140521,000000,5.6,5.6,5.6,5.6,1263,0
SCO,D,20140522,000000,5.68,5.76,5.68,5.76,116,0
SCO,D,20140523,000000,5.76,5.76,5.68,5.68,25,0
SCO,D,20140526,000000,5.76,5.76,5.6,5.6,225,0
SCO,D,20140527,000000,5.6,5.6,5.6,5.6,2363,0
SCO,D,20140528,000000,5.92,5.92,5.6,5.84,3738,0
SCO,D,20140529,000000,5.92,6.4,5.92,6.4,1651,0
SCO,D,20140530,000000,6.32,6.48,6.32,6.48,1974,0
SCO,D,20140602,000000,6.48,6.48,6.24,6.48,1325,0
SCO,D,20140603,000000,6.48,6.48,6.08,6.48,693,0
SCO,D,20140604,000000,6.48,6.64,6.48,6.64,1183,0
SCO,D,20140605,000000,6.64,6.72,6.4,6.4,714,0
SCO,D,20140606,000000,6.4,6.8,6.4,6.8,450,0
SCO,D,20140609,000000,6.8,6.8,6.8,6.8,633,0
SCO,D,20140610,000000,6.8,7.2,6.8,7.2,3948,0
SCO,D,20140611,000000,7.28,7.76,7.28,7.76,789,0
SCO,D,20140612,000000,7.84,8.56,7.84,8.56,1151,0
SCO,D,20140613,000000,8.56,9.36,7.76,7.76,26850,0
SCO,D,20140616,000000,7.6,8.16,7.6,8,6707,0
SCO,D,20140617,000000,8.16,8.16,7.36,7.68,1240,0
SCO,D,20140618,000000,6.96,7.04,6.32,6.32,2683,0
SCO,D,20140620,000000,3.6,3.6,3.6,3.6,14244,0
SCO,D,20140623,000000,3.92,4.64,3.92,4.64,6381,0
SCO,D,20140624,000000,5.36,5.84,4.88,5.76,7327,0
SCO,D,20140625,000000,6.24,6.64,6,6.4,1878,0
SCO,D,20140626,000000,6.48,6.48,5.44,6.16,3924,0
SCO,D,20140627,000000,6.16,6.24,5.76,5.92,311,0
SCO,D,20140630,000000,6,6.48,6,6.48,363,0
SCO,D,20140701,000000,6.32,6.32,6.32,6.32,13,0
SCO,D,20140702,000000,6.16,6.16,5.6,5.84,191,0
SCO,D,20140703,000000,5.76,5.76,5.76,5.76,343,0
SCO,D,20140704,000000,5.6,5.6,5.36,5.36,231,0
SCO,D,20140707,000000,5.76,6.32,5.76,6.08,7645,0
SCO,D,20140708,000000,6.64,6.88,6.4,6.72,538,0
SCO,D,20140709,000000,6.64,6.88,6,6.56,1564,0
SCO,D,20140710,000000,6.48,6.48,5.84,6.24,1075,0
SCO,D,20140711,000000,6.4,6.4,5.92,6.16,1563,0
SCO,D,20140714,000000,6.48,6.48,6.16,6.4,38,0
SCO,D,20140715,000000,6.32,8,6.32,8,5841,0
SCO,D,20140716,000000,8.8,9.12,6.72,6.96,935,0
SCO,D,20140717,000000,6.72,7.36,5.52,5.6,5854,0
SCO,D,20140718,000000,5.76,6.32,5.52,5.68,4773,0
SCO,D,20140721,000000,6.16,6.24,5.76,5.84,2365,0
SCO,D,20140722,000000,5.6,5.84,5.6,5.84,292,0
SCO,D,20140723,000000,5.84,6.32,5.84,6.32,1589,0
SCO,D,20140724,000000,6.24,6.24,6.24,6.24,6,0
SCO,D,20140725,000000,6.24,6.32,6.24,6.32,94,0
SCO,D,20140728,000000,6.32,6.32,5.76,5.76,2264,0
SCO,D,20140729,000000,5.84,5.92,5.68,5.84,1773,0
SCO,D,20140730,000000,5.92,5.92,5.68,5.84,1168,0
SCO,D,20140731,000000,5.84,5.84,5.36,5.68,501,0
SCO,D,20140801,000000,6,6,5.2,5.36,3918,0
SCO,D,20140804,000000,5.52,5.52,5.52,5.52,18,0
SCO,D,20140805,000000,5.52,5.52,5.04,5.2,5138,0
SCO,D,20140806,000000,5.2,5.28,4.8,5.28,12967,0
SCO,D,20140807,000000,5.2,5.2,4.88,5.2,416,0
SCO,D,20140808,000000,5.2,5.2,4.88,4.96,4113,0
SCO,D,20140811,000000,4.96,5.12,4.8,4.88,2739,0
SCO,D,20140812,000000,4.96,4.96,4.72,4.72,8014,0
SCO,D,20140813,000000,4.8,4.8,4.56,4.8,116,0
SCO,D,20140814,000000,4.8,4.8,4.56,4.56,1910,0
SCO,D,20140818,000000,4.56,4.64,4.24,4.64,30,0
SCO,D,20140819,000000,4.64,4.64,4.24,4.56,4878,0
SCO,D,20140820,000000,4.64,4.64,4.56,4.64,70,0
SCO,D,20140821,000000,4.64,4.64,4.32,4.4,457,0
SCO,D,20140822,000000,4.48,4.48,4.4,4.4,1568,0
SCO,D,20140825,000000,4.56,4.56,4.32,4.32,138,0
SCO,D,20140826,000000,4.48,4.56,4.24,4.32,6770,0
SCO,D,20140827,000000,4.56,4.56,4.48,4.56,7280,0
SCO,D,20140828,000000,4.56,4.56,4.32,4.56,1881,0
SCO,D,20140829,000000,4.56,4.56,4.56,4.56,6,0
SCO,D,20140901,000000,4.56,4.96,4.56,4.8,42920,0
SCO,D,20140902,000000,5.12,5.12,4.72,4.72,4069,0
SCO,D,20140903,000000,4.88,4.88,4.64,4.88,618,0
SCO,D,20140904,000000,4.88,4.88,4.88,4.88,1,0
SCO,D,20140905,000000,5.12,5.12,4.64,4.96,1669,0
SCO,D,20140908,000000,4.96,4.96,4.8,4.96,1347,0
SCO,D,20140909,000000,5.2,5.28,4.8,5.12,2897,0
SCO,D,20140910,000000,5.12,5.12,4.8,5.12,6888,0
SCO,D,20140911,000000,5.04,5.04,5.04,5.04,1,0
SCO,D,20140912,000000,5.04,5.04,4.88,5.04,153,0
SCO,D,20140915,000000,5.12,5.12,4.8,4.8,1139,0
SCO,D,20140916,000000,4.96,4.96,4.96,4.96,208,0
SCO,D,20140917,000000,4.96,5.04,4.8,4.8,818,0
SCO,D,20140918,000000,4.96,4.96,4.96,4.96,13,0
SCO,D,20140919,000000,4.96,4.96,4.48,4.48,1217,0
SCO,D,20140922,000000,4.64,4.64,4.24,4.24,1530,0
SCO,D,20140923,000000,4.56,4.56,4.48,4.48,25,0
SCO,D,20140924,000000,4.48,4.48,4.48,4.48,44,0
SCO,D,20140925,000000,4.48,4.64,4.48,4.48,1406,0
SCO,D,20140926,000000,4.64,4.8,4.64,4.8,338,0
SCO,D,20140929,000000,4.8,4.8,4.56,4.72,213,0
SCO,D,20140930,000000,4.72,4.72,4.4,4.4,900,0
SCO,D,20141001,000000,4.32,4.48,4,4.08,17944,0
SCO,D,20141002,000000,4.24,4.24,3.84,4.08,14398,0
SCO,D,20141003,000000,4.08,4.08,3.68,3.76,3253,0
SCO,D,20141006,000000,3.92,3.92,3.6,3.6,8564,0
SCO,D,20141007,000000,3.6,3.6,3.28,3.52,11412,0
SCO,D,20141008,000000,3.6,3.6,3.28,3.6,4953,0
SCO,D,20141009,000000,3.6,3.6,3.28,3.52,8524,0
SCO,D,20141010,000000,3.52,3.52,3.36,3.36,400,0
SCO,D,20141013,000000,3.44,3.44,3.12,3.2,2551,0
SCO,D,20141014,000000,3.2,3.28,3.2,3.28,25,0
SCO,D,20141015,000000,3.28,3.28,2.8,2.96,2146,0
SCO,D,20141016,000000,3.04,3.04,2.88,3.04,8074,0
SCO,D,20141017,000000,3.12,3.2,3.12,3.2,988,0
SCO,D,20141020,000000,3.36,3.36,3.2,3.2,1877,0
SCO,D,20141021,000000,3.2,3.2,3.04,3.12,1548,0
SCO,D,20141022,000000,3.2,3.2,2.96,3.2,950,0
SCO,D,20141023,000000,3.2,3.2,3.04,3.04,44,0
SCO,D,20141024,000000,3.12,3.2,2.56,2.88,2663,0
SCO,D,20141027,000000,3.04,3.04,2.96,2.96,1975,0
SCO,D,20141028,000000,3.04,3.04,2.8,2.88,1793,0
SCO,D,20141029,000000,2.96,2.96,2.72,2.8,244,0
SCO,D,20141030,000000,2.88,2.96,2.56,2.8,13723,0
SCO,D,20141031,000000,2.96,2.96,2.96,2.96,10,0
SCO,D,20141103,000000,2.96,2.96,2.72,2.72,3649,0
SCO,D,20141104,000000,2.72,2.72,2.72,2.72,31,0
SCO,D,20141105,000000,2.8,2.8,2.8,2.8,828,0
SCO,D,20141106,000000,2.8,2.8,2.8,2.8,6,0
SCO,D,20141107,000000,2.8,2.8,2.32,2.48,26084,0
SCO,D,20141110,000000,2.48,2.48,2.32,2.4,1937,0
SCO,D,20141112,000000,2.4,2.4,2.4,2.4,1015,0
SCO,D,20141113,000000,2.48,2.48,2.4,2.4,117,0
SCO,D,20141114,000000,2.4,2.4,2.24,2.4,4013,0
SCO,D,20141117,000000,2.4,2.4,2.4,2.4,6,0
SCO,D,20141118,000000,2.4,2.4,2.32,2.4,348,0
SCO,D,20141119,000000,2.4,2.56,2.4,2.48,24437,0
SCO,D,20141120,000000,2.48,2.48,2.32,2.32,18026,0
SCO,D,20141121,000000,2.4,2.4,2.24,2.24,11479,0
SCO,D,20141124,000000,2.24,2.4,2.24,2.4,8688,0
SCO,D,20141125,000000,2.4,2.4,2.24,2.32,17784,0
SCO,D,20141126,000000,2.32,2.32,2.32,2.32,6,0
SCO,D,20141127,000000,2.32,2.32,2.32,2.32,10004,0
SCO,D,20141128,000000,2.4,2.4,2.32,2.4,1328,0
SCO,D,20141201,000000,2.4,2.4,2,2.08,13465,0
SCO,D,20141202,000000,2.16,2.16,2.08,2.16,1911,0
SCO,D,20141203,000000,2.16,2.16,2,2.16,996,0
SCO,D,20141204,000000,2.16,2.16,2.08,2.08,3291,0
SCO,D,20141205,000000,2.16,2.16,2.08,2.08,104,0
SCO,D,20141222,000000,2,2,1.88,1.88,50336,0
SCO,D,20141223,000000,1.75,1.75,1.57,1.57,96556,0
SCO,D,20141229,000000,1.57,1.57,1.55,1.56,7919,0
SCO,D,20141230,000000,1.58,1.73,1.58,1.73,9119,0
SCO,D,20150102,000000,1.72,1.8,1.65,1.8,2997,0
SCO,D,20150105,000000,1.8,1.89,1.8,1.85,5789,0
SCO,D,20150107,000000,1.9,2.04,1.8,2.04,24970,0
SCO,D,20150108,000000,2.04,2.24,2.04,2.09,56335,0
SCO,D,20150109,000000,2.1,2.2,2.09,2.19,2334,0
SCO,D,20150112,000000,2.19,2.19,2.02,2.02,18674,0
SCO,D,20150113,000000,2.09,2.09,1.93,2,4662,0
SCO,D,20150114,000000,1.85,1.86,1.75,1.83,34489,0
SCO,D,20150115,000000,1.9,1.9,1.9,1.9,20,0
SCO,D,20150116,000000,1.89,1.89,1.8,1.8,40120,0
SCO,D,20150119,000000,1.8,1.84,1.8,1.84,11923,0
SCO,D,20150120,000000,1.9,1.9,1.9,1.9,1,0
SCO,D,20150121,000000,1.9,1.9,1.9,1.9,50,0
SCO,D,20150122,000000,1.9,1.9,1.74,1.74,1405,0
SCO,D,20150123,000000,1.74,1.74,1.74,1.74,100,0
SCO,D,20150126,000000,1.8,1.8,1.78,1.79,1156,0
SCO,D,20150127,000000,1.79,1.79,1.79,1.79,50,0
SCO,D,20150128,000000,1.75,1.79,1.75,1.79,1950,0
SCO,D,20150129,000000,1.79,1.79,1.79,1.79,100,0
SCO,D,20150130,000000,1.79,1.79,1.79,1.79,50,0
SCO,D,20150202,000000,1.75,1.75,1.75,1.75,6800,0
SCO,D,20150203,000000,1.74,1.74,1.7,1.7,160,0
SCO,D,20150204,000000,1.7,1.7,1.7,1.7,50,0
SCO,D,20150205,000000,1.71,1.71,1.65,1.65,2000,0
SCO,D,20150206,000000,1.65,1.65,1.65,1.65,6670,0
SCO,D,20150211,000000,1.66,1.66,1.66,1.66,110,0
SCO,D,20150212,000000,1.65,1.65,1.62,1.62,337,0
SCO,D,20150213,000000,1.62,1.62,1.6,1.6,950,0
SCO,D,20150216,000000,1.6,1.6,1.6,1.6,50,0
SCO,D,20150217,000000,1.6,1.69,1.6,1.69,1560,0
SCO,D,20150218,000000,1.67,1.67,1.67,1.67,300,0
SCO,D,20150220,000000,1.66,1.72,1.66,1.72,766,0
SCO,D,20150223,000000,1.71,1.71,1.71,1.71,130,0
SCO,D,20150224,000000,1.72,1.73,1.72,1.73,6832,0
SCO,D,20150225,000000,1.73,1.73,1.71,1.71,625,0
SCO,D,20150226,000000,1.72,1.82,1.72,1.79,2955,0
SCO,D,20150227,000000,1.76,1.85,1.76,1.85,1070,0
SCO,D,20150302,000000,1.95,2.09,1.95,2.09,7450,0
SCO,D,20150303,000000,2.29,2.51,2.29,2.51,8161,0
SCO,D,20150304,000000,2.73,3,2.73,3,7616,0
SCO,D,20150305,000000,3.3,3.63,3.3,3.63,6974,0
SCO,D,20150306,000000,4,4.5,4,4.5,27725,0
SCO,D,20150309,000000,4.89,5.37,4.89,5.37,18011,0
SCO,D,20150310,000000,5.9,6.19,5.37,5.37,17646,0
SCO,D,20150311,000000,4.85,4.95,4.37,4.38,17725,0
SCO,D,20150312,000000,4.37,4.78,4,4.6,3623,0
SCO,D,20150313,000000,5.06,5.06,4.6,4.9,766,0
SCO,D,20150316,000000,4.41,4.76,4.26,4.76,914,0
SCO,D,20150317,000000,4.5,4.68,4.5,4.68,585,0
SCO,D,20150318,000000,4.45,4.45,4.05,4.06,4417,0
SCO,D,20150319,000000,4.07,4.07,3.67,3.67,11519,0
SCO,D,20150320,000000,4,4.16,3.97,4,1718,0
SCO,D,20150323,000000,4,4.01,3.81,3.85,1275,0
SCO,D,20150324,000000,3.52,3.8,3.17,3.8,5680,0
SCO,D,20150325,000000,3.87,4,3.5,3.5,736,0
SCO,D,20150326,000000,3.53,3.53,3.52,3.53,462,0
SCO,D,20150327,000000,3.45,3.63,3.44,3.63,700,0
SCO,D,20150330,000000,3.3,3.38,3.23,3.23,1651,0
SCO,D,20150331,000000,3.28,3.34,3.23,3.28,1465,0
SCO,D,20150401,000000,3.28,3.4,3.26,3.26,4830,0
SCO,D,20150402,000000,3.1,3.1,3.01,3.01,626,0
SCO,D,20150407,000000,3.05,3.28,3.05,3.28,487,0
SCO,D,20150408,000000,3.25,3.25,3.25,3.25,286,0
SCO,D,20150409,000000,3.35,3.5,3.35,3.5,1272,0
SCO,D,20150410,000000,4,4.2,4,4,1112,0
SCO,D,20150413,000000,3.99,4.2,3.68,4.2,1539,0
SCO,D,20150414,000000,4,4,3.85,3.85,1060,0
SCO,D,20150415,000000,3.86,3.88,3.74,3.88,380,0
SCO,D,20150416,000000,3.88,3.88,3.88,3.88,55,0
SCO,D,20150417,000000,3.73,3.86,3.72,3.86,2865,0
SCO,D,20150421,000000,3.75,4,3.75,4,836,0
SCO,D,20150422,000000,4.1,4.1,4.1,4.1,33,0
SCO,D,20150423,000000,4.04,4.05,4.04,4.05,395,0
SCO,D,20150424,000000,4,4,4,4,427,0
SCO,D,20150427,000000,4,4,3.8,3.8,1620,0
SCO,D,20150428,000000,3.9,3.9,3.8,3.8,4480,0
SCO,D,20150429,000000,3.99,4,3.99,4,3055,0
SCO,D,20150430,000000,4,4,4,4,50,0
SCO,D,20150504,000000,3.8,3.8,3.8,3.8,14300,0
SCO,D,20150506,000000,3.76,3.76,3.76,3.76,100,0
SCO,D,20150508,000000,3.76,3.76,3.76,3.76,295,0
SCO,D,20150513,000000,3.73,3.73,3.73,3.73,232,0
SCO,D,20150515,000000,3.72,3.72,3.53,3.54,2887,0
SCO,D,20150518,000000,3.19,3.39,3.19,3.39,3971,0
SCO,D,20150519,000000,3.13,3.26,3.13,3.15,868,0
SCO,D,20150520,000000,3.15,3.46,3.15,3.46,1852,0
SCO,D,20150522,000000,3.45,3.45,3.2,3.2,1686,0
SCO,D,20150525,000000,3.2,3.2,3.2,3.2,250,0
SCO,D,20150527,000000,3.1,3.15,3.01,3.15,2628,0
SCO,D,20150528,000000,3.1,3.1,3.1,3.1,210,0
SCO,D,20150529,000000,3,3,2.78,2.78,2891,0
SCO,D,20150601,000000,2.8,2.84,2.7,2.72,5080,0
SCO,D,20150602,000000,2.74,2.74,2.73,2.73,504,0
SCO,D,20150605,000000,2.65,2.65,2.41,2.41,2173,0
SCO,D,20150608,000000,2.41,2.41,2.41,2.41,100,0
SCO,D,20150609,000000,2.41,2.6,2.24,2.4,2540,0
SCO,D,20150610,000000,2.51,2.51,2.3,2.3,888,0
SCO,D,20150611,000000,2.23,2.41,2.08,2.41,16885,0
SCO,D,20150612,000000,2.41,2.41,2.3,2.3,2607,0
SCO,D,20150615,000000,2.17,2.17,2.16,2.16,1527,0
SCO,D,20150616,000000,2.37,2.6,2.28,2.28,5330,0
SCO,D,20150617,000000,2.27,2.36,2.21,2.36,4535,0
SCO,D,20150618,000000,2.36,2.46,2.36,2.46,57,0
SCO,D,20150619,000000,2.3,2.35,2.28,2.35,1271,0
SCO,D,20150622,000000,2.35,2.35,2.35,2.35,8937,0
SCO,D,20150623,000000,2.36,2.36,2.35,2.35,40,0
SCO,D,20150624,000000,2.46,2.58,2.46,2.58,149,0
SCO,D,20150625,000000,2.45,2.45,2.45,2.45,10,0
SCO,D,20150626,000000,2.38,2.38,2.34,2.34,679,0
SCO,D,20150629,000000,2.36,2.36,2.36,2.36,1197,0
SCO,D,20150630,000000,2.36,2.36,2.36,2.36,270,0
SCO,D,20150703,000000,2.67,2.67,2.67,2.67,151,0
SCO,D,20150706,000000,2.65,2.65,2.65,2.65,11,0
SCO,D,20150707,000000,2.61,2.61,2.52,2.52,586,0
SCO,D,20150708,000000,2.52,2.52,2.52,2.52,10,0
SCO,D,20150709,000000,2.52,2.52,2.52,2.52,435,0
SCO,D,20150713,000000,2.52,2.52,2.52,2.52,10,0
SCO,D,20150714,000000,2.52,2.52,2.35,2.42,6754,0
SCO,D,20150715,000000,2.49,2.49,2.39,2.4,1170,0
SCO,D,20150716,000000,2.45,2.45,2.45,2.45,955,0
SCO,D,20150717,000000,2.55,2.65,2.55,2.65,850,0
SCO,D,20150720,000000,2.65,2.65,2.65,2.65,1500,0
SCO,D,20150721,000000,2.62,2.65,2.62,2.65,1161,0
SCO,D,20150722,000000,2.65,2.9,2.65,2.9,10999,0
SCO,D,20150727,000000,3.19,3.5,3.19,3.5,15304,0
SCO,D,20150728,000000,3.55,3.84,3.55,3.62,3053,0
SCO,D,20150729,000000,3.66,4.15,3.66,4.14,7732,0
SCO,D,20150730,000000,4.16,4.37,4.16,4.37,6533,0
SCO,D,20150731,000000,4.39,4.5,4.39,4.39,3947,0
SCO,D,20150803,000000,4.39,4.39,4,4,8193,0
SCO,D,20150804,000000,4,4.15,3.85,3.85,5047,0
SCO,D,20150805,000000,3.85,3.97,3.85,3.97,12580,0
SCO,D,20150806,000000,3.97,3.97,3.85,3.95,1538,0
SCO,D,20150807,000000,3.95,3.95,3.67,3.67,5121,0
SCO,D,20150810,000000,3.65,3.68,3.57,3.6,1593,0
SCO,D,20150811,000000,3.61,3.61,3.49,3.5,723,0
SCO,D,20150812,000000,3.5,3.5,3.16,3.16,7757,0
SCO,D,20150813,000000,3.17,3.17,3.16,3.16,1002,0
SCO,D,20150814,000000,3.16,3.31,3.16,3.25,1630,0
SCO,D,20150817,000000,3.34,3.4,3.34,3.4,300,0
SCO,D,20150818,000000,3.4,3.4,3.4,3.4,31,0
SCO,D,20150819,000000,3.4,3.4,3.07,3.16,10383,0
SCO,D,20150820,000000,3.16,3.16,3.1,3.1,1002,0
SCO,D,20150821,000000,3.09,3.09,3.02,3.02,4943,0
SCO,D,20150824,000000,3.02,3.02,2.93,2.99,5191,0
SCO,D,20150825,000000,3,3.02,3,3,615,0
SCO,D,20150826,000000,3.01,3.01,3,3,800,0
SCO,D,20150827,000000,3.03,3.03,3.01,3.01,1101,0
SCO,D,20150828,000000,3.05,3.05,3.05,3.05,11,0
SCO,D,20150831,000000,3.03,3.08,3.03,3.08,2200,0
SCO,D,20150901,000000,3.1,3.1,2.86,2.86,9055,0
SCO,D,20150902,000000,2.86,2.86,2.58,2.82,4539,0
SCO,D,20150903,000000,2.85,2.85,2.84,2.85,2310,0
SCO,D,20150904,000000,2.86,3.04,2.86,3.01,8641,0
SCO,D,20150907,000000,3.39,3.39,3.07,3.07,687,0
SCO,D,20150908,000000,3.08,3.11,3.08,3.11,1251,0
SCO,D,20150909,000000,3.12,3.39,3.12,3.31,4503,0
SCO,D,20150910,000000,3.41,3.41,3.3,3.3,3358,0
SCO,D,20150911,000000,3.5,3.5,3.21,3.21,4617,0
SCO,D,20150914,000000,3.21,3.21,3.21,3.21,2,0
SCO,D,20150915,000000,3.21,3.49,3.21,3.33,18039,0
SCO,D,20150916,000000,3.33,3.48,3.33,3.48,1701,0
SCO,D,20150917,000000,3.38,3.38,3.38,3.38,300,0
SCO,D,20150921,000000,3.4,3.7,3.4,3.41,9483,0
SCO,D,20150923,000000,3.5,3.6,3.5,3.6,1713,0
SCO,D,20150924,000000,3.6,3.82,3.6,3.82,718,0
SCO,D,20150925,000000,4.2,4.2,3.85,3.85,3155,0
SCO,D,20150928,000000,3.91,3.91,3.89,3.89,10291,0
SCO,D,20150929,000000,3.9,3.9,3.87,3.87,846,0
SCO,D,20150930,000000,3.87,3.9,3.82,3.9,11277,0
SCO,D,20151001,000000,3.9,3.9,3.75,3.75,501,0
SCO,D,20151002,000000,3.75,3.81,3.75,3.81,1971,0
SCO,D,20151005,000000,3.9,3.9,3.9,3.9,2000,0
SCO,D,20151006,000000,3.81,3.81,3.72,3.8,403,0
SCO,D,20151007,000000,3.8,3.9,3.8,3.9,7662,0
SCO,D,20151008,000000,3.9,3.9,3.9,3.9,2,0
SCO,D,20151009,000000,3.8,3.8,3.71,3.72,4034,0
SCO,D,20151012,000000,3.79,3.79,3.71,3.79,2057,0
SCO,D,20151013,000000,3.79,3.84,3.79,3.84,191,0
SCO,D,20151014,000000,3.84,3.84,2.81,3.03,27568,0
SCO,D,20151015,000000,3.03,3.09,2.86,3,8247,0
SCO,D,20151016,000000,3.18,3.18,2.89,3.03,781,0
SCO,D,20151019,000000,3.18,3.18,3.03,3.13,3799,0
SCO,D,20151020,000000,3.13,3.13,3.1,3.1,264,0
SCO,D,20151021,000000,3.1,3.1,3.01,3.09,1482,0
SCO,D,20151022,000000,3.09,3.09,3.01,3.05,2339,0
SCO,D,20151023,000000,3.05,3.09,3.05,3.09,2,0
SCO,D,20151026,000000,3.09,3.09,2.97,3.05,602,0
SCO,D,20151027,000000,3.05,3.05,3.05,3.05,2,0
SCO,D,20151028,000000,3.05,3.05,3.05,3.05,2,0
SCO,D,20151029,000000,3.05,3.05,2.97,3.04,352,0
SCO,D,20151030,000000,3.05,3.05,2.97,3.05,1117,0
SCO,D,20151102,000000,3.05,3.05,3.05,3.05,2,0
SCO,D,20151103,000000,3.05,3.12,2.99,3.12,2528,0
SCO,D,20151104,000000,3.12,3.12,3.12,3.12,2,0
SCO,D,20151105,000000,3.12,3.12,3.12,3.12,2,0
SCO,D,20151106,000000,3.19,3.19,3.19,3.19,2,0
SCO,D,20151109,000000,3.19,3.19,2.99,3.19,290,0
SCO,D,20151110,000000,3.19,3.19,3.05,3.05,102,0
SCO,D,20151112,000000,3.19,3.5,3.06,3.5,8680,0
SCO,D,20151113,000000,3.5,3.85,3.4,3.7,4680,0
SCO,D,20151116,000000,3.7,3.89,3.45,3.54,5128,0
SCO,D,20151117,000000,3.54,3.54,3.4,3.54,1937,0
SCO,D,20151118,000000,3.54,3.54,3.54,3.54,2,0
SCO,D,20151119,000000,3.54,3.54,3.53,3.53,2,0
SCO,D,20151120,000000,3.53,3.53,3.46,3.53,102,0
SCO,D,20151123,000000,3.53,3.53,3.39,3.52,993,0
SCO,D,20151124,000000,3.53,3.53,3.5,3.5,2,0
SCO,D,20151125,000000,3.53,3.53,3.5,3.5,102,0
SCO,D,20151126,000000,3.5,3.5,3.49,3.49,2,0
SCO,D,20151127,000000,3.49,3.49,3.39,3.49,2302,0
SCO,D,20151130,000000,3.49,3.49,3.49,3.49,2,0
SCO,D,20151201,000000,3.53,3.53,3.53,3.53,2,0
SCO,D,20151202,000000,3.53,3.53,3.53,3.53,2,0
SCO,D,20151203,000000,3.53,3.53,3.2,3.5,3002,0
SCO,D,20151204,000000,3.53,3.53,3.53,3.53,2,0
SCO,D,20151207,000000,3.53,3.53,3.21,3.21,801,0
SCO,D,20151208,000000,3.53,3.53,3.5,3.5,391,0
SCO,D,20151209,000000,3.52,3.52,3.5,3.5,3,0
SCO,D,20151210,000000,3.52,3.52,3.2,3.3,950,0
SCO,D,20151211,000000,3.3,3.3,3.3,3.3,2,0
SCO,D,20151214,000000,3.3,3.3,3.2,3.3,2302,0
SCO,D,20151215,000000,3.3,3.3,3.1,3.1,384,0
SCO,D,20151216,000000,3.24,3.24,3.24,3.24,1,0
SCO,D,20151217,000000,3.52,3.52,3.3,3.5,2002,0
SCO,D,20151218,000000,3.5,3.5,3.5,3.5,2,0
SCO,D,20151221,000000,3.5,3.5,3.5,3.5,2,0
SCO,D,20151222,000000,3.5,3.5,3.5,3.5,2,0
SCO,D,20151223,000000,3.5,3.5,3.5,3.5,2,0
SCO,D,20151228,000000,3.5,3.5,3.17,3.17,1978,0
SCO,D,20151229,000000,3.2,3.3,3.18,3.18,6805,0
SCO,D,20151230,000000,3.15,3.17,3.15,3.17,501,0
SCO,D,20160104,000000,3.19,3.3,3.19,3.27,1461,0
SCO,D,20160105,000000,3.52,3.52,3.29,3.3,102,0
SCO,D,20160107,000000,3.5,3.5,3.47,3.47,2,0
SCO,D,20160108,000000,3.5,3.5,3.5,3.5,2,0
SCO,D,20160111,000000,3.5,3.5,3.3,3.3,2,0
SCO,D,20160112,000000,3.3,3.3,3.15,3.3,554,0
SCO,D,20160113,000000,3.3,3.3,3.15,3.3,2423,0
SCO,D,20160114,000000,3.3,3.3,3.3,3.3,2,0
SCO,D,20160115,000000,3.3,3.3,3.3,3.3,2,0
SCO,D,20160118,000000,3.3,3.3,3,3,4978,0
SCO,D,20160119,000000,2.9,3,2.9,3,78,0
SCO,D,20160120,000000,3.04,3.04,2.85,2.85,3492,0
SCO,D,20160121,000000,2.85,2.85,2.85,2.85,2,0
SCO,D,20160122,000000,2.85,2.85,2.67,2.67,3088,0
SCO,D,20160125,000000,2.57,2.67,2.57,2.67,4091,0
SCO,D,20160126,000000,2.85,2.85,2.67,2.67,12320,0
SCO,D,20160127,000000,2.67,2.67,2.65,2.65,406,0
SCO,D,20160128,000000,2.85,2.85,2.67,2.67,2,0
SCO,D,20160129,000000,2.65,2.68,2.57,2.57,3786,0
SCO,D,20160201,000000,2.68,2.68,2.68,2.68,2,0
SCO,D,20160202,000000,2.85,2.85,2.68,2.8,4,0
SCO,D,20160203,000000,2.85,2.85,2.67,2.8,3003,0
SCO,D,20160204,000000,2.85,2.85,2.85,2.85,2,0
SCO,D,20160205,000000,2.85,2.85,2.75,2.75,2,0
SCO,D,20160208,000000,2.85,2.85,2.63,2.85,268,0
SCO,D,20160209,000000,2.85,2.85,2.67,2.67,2,0
SCO,D,20160210,000000,2.85,2.85,2.6,2.72,109,0
SCO,D,20160211,000000,2.85,2.85,2.73,2.73,2,0
SCO,D,20160212,000000,2.85,2.85,2.71,2.71,3338,0
SCO,D,20160215,000000,2.85,2.85,2.72,2.72,277,0
SCO,D,20160216,000000,2.84,2.84,2.71,2.71,923,0
SCO,D,20160217,000000,2.81,2.81,2.61,2.8,1002,0
SCO,D,20160218,000000,2.81,2.81,2.71,2.71,718,0
SCO,D,20160219,000000,2.81,2.81,2.7,2.7,302,0
SCO,D,20160222,000000,2.8,2.8,2.8,2.8,2,0
SCO,D,20160223,000000,2.79,2.79,2.67,2.67,2,0
SCO,D,20160224,000000,2.79,2.79,2.6,2.66,3817,0
SCO,D,20160225,000000,2.66,2.66,2.66,2.66,2,0
SCO,D,20160226,000000,2.66,2.66,2.66,2.66,2,0
SCO,D,20160229,000000,2.66,2.66,2.4,2.4,6728,0
SCO,D,20160301,000000,2.4,2.4,2.3,2.3,1334,0
SCO,D,20160302,000000,2.39,2.4,2.29,2.4,1681,0
SCO,D,20160303,000000,2.45,2.45,2.4,2.4,2001,0
SCO,D,20160304,000000,2.29,2.39,2.29,2.39,811,0
SCO,D,20160307,000000,2.39,2.39,2.19,2.19,4450,0
SCO,D,20160308,000000,2.19,2.2,2.18,2.2,1977,0
SCO,D,20160309,000000,2.2,2.2,2.03,2.2,2651,0
SCO,D,20160310,000000,2.2,2.2,1.98,2.2,6652,0
SCO,D,20160311,000000,2.2,2.2,2.05,2.2,1837,0
SCO,D,20160314,000000,2.2,2.2,2.2,2.2,2,0
SCO,D,20160315,000000,2.2,2.2,2.15,2.2,2002,0
SCO,D,20160316,000000,2.2,2.2,2.15,2.2,97,0
SCO,D,20160317,000000,2.2,2.2,2.2,2.2,2,0
SCO,D,20160318,000000,2.2,2.2,2.2,2.2,2,0
SCO,D,20160321,000000,2.2,2.2,2.15,2.2,472,0
SCO,D,20160322,000000,2.2,2.2,2.2,2.2,2,0
SCO,D,20160323,000000,2.2,2.2,2.1,2.1,1101,0
SCO,D,20160324,000000,2.15,2.2,2.15,2.2,1866,0
SCO,D,20160329,000000,2.2,2.2,2.1,2.2,2151,0
SCO,D,20160330,000000,2.1,2.19,2.1,2.19,801,0
SCO,D,20160331,000000,2.2,2.2,2.14,2.14,1503,0
SCO,D,20160401,000000,2.14,2.2,2.14,2.19,4248,0
SCO,D,20160404,000000,2.39,2.39,2.25,2.39,553,0
SCO,D,20160405,000000,2.39,2.39,2.25,2.36,4599,0
SCO,D,20160406,000000,2.38,2.38,2.38,2.38,2,0
SCO,D,20160407,000000,2.38,2.38,2.33,2.35,3925,0
SCO,D,20160408,000000,2.39,2.39,2.34,2.34,2,0
SCO,D,20160411,000000,2.34,2.34,2.34,2.34,429,0
SCO,D,20160412,000000,2.35,2.46,2.35,2.37,1929,0
SCO,D,20160413,000000,2.37,2.5,2.37,2.41,411,0
SCO,D,20160414,000000,2.4,2.5,2.4,2.45,5042,0
SCO,D,20160415,000000,2.45,2.45,2.45,2.45,2,0
SCO,D,20160418,000000,2.52,2.52,2.52,2.52,1001,0
SCO,D,20160419,000000,2.52,2.67,2.52,2.67,29032,0
SCO,D,20160420,000000,2.7,2.7,2.62,2.67,2568,0
SCO,D,20160421,000000,2.7,2.7,2.52,2.67,1477,0
SCO,D,20160422,000000,2.7,2.7,2.52,2.67,776,0
SCO,D,20160425,000000,2.7,2.7,2.45,2.51,25095,0
SCO,D,20160426,000000,2.6,2.6,2.39,2.6,1936,0
SCO,D,20160427,000000,2.6,2.6,2.49,2.49,1650,0
SCO,D,20160428,000000,2.44,2.44,2.44,2.44,51,0
SCO,D,20160429,000000,2.44,2.44,2.44,2.44,1,0
SCO,D,20160504,000000,2.67,2.67,2.43,2.55,3438,0
SCO,D,20160505,000000,2.54,2.6,2.54,2.6,1901,0
SCO,D,20160506,000000,2.44,2.67,2.44,2.67,10480,0
SCO,D,20160509,000000,2.67,2.67,2.56,2.66,2752,0
SCO,D,20160510,000000,2.66,2.67,2.64,2.67,7102,0
SCO,D,20160511,000000,2.67,2.67,2.67,2.67,2,0
SCO,D,20160512,000000,2.67,2.67,2.66,2.66,1301,0
SCO,D,20160513,000000,2.67,2.67,2.67,2.67,2,0
SCO,D,20160516,000000,2.67,2.67,2.45,2.67,2924,0
SCO,D,20160517,000000,2.67,2.67,2.66,2.66,1182,0
SCO,D,20160518,000000,2.67,2.67,2.54,2.67,99,0
SCO,D,20160519,000000,2.66,2.66,2.54,2.66,3529,0
SCO,D,20160520,000000,2.66,2.66,2.55,2.65,26,0
SCO,D,20160523,000000,2.65,2.65,2.65,2.65,2,0
SCO,D,20160524,000000,2.6,2.6,2.6,2.6,2,0
SCO,D,20160525,000000,2.65,2.65,2.5,2.65,13302,0
SCO,D,20160527,000000,2.65,2.65,2.43,2.65,3002,0
SCO,D,20160530,000000,2.65,2.65,2.65,2.65,2,0
SCO,D,20160531,000000,2.65,2.65,2.64,2.64,2,0
SCO,D,20160601,000000,2.65,2.65,2.45,2.65,1214,0
SCO,D,20160602,000000,2.65,2.65,2.47,2.64,70,0
SCO,D,20160603,000000,2.64,2.64,2.64,2.64,1,0
SCO,D,20160606,000000,2.64,2.64,2.64,2.64,2,0
SCO,D,20160607,000000,2.64,2.64,2.62,2.62,2,0
SCO,D,20160608,000000,2.61,2.61,2.37,2.61,1102,0
SCO,D,20160609,000000,2.64,2.64,2.38,2.44,604,0
SCO,D,20160610,000000,2.46,2.46,2.46,2.46,2,0
SCO,D,20160613,000000,2.46,2.46,2.46,2.46,2,0
SCO,D,20160614,000000,2.46,2.46,2.46,2.46,2,0
SCO,D,20160615,000000,2.46,2.46,2.38,2.46,328,0
SCO,D,20160616,000000,2.46,2.46,2.4,2.46,203,0
SCO,D,20160617,000000,2.46,2.46,2.46,2.46,2,0
SCO,D,20160620,000000,2.46,2.46,2.46,2.46,2,0
SCO,D,20160621,000000,2.46,2.46,2.43,2.43,2,0
SCO,D,20160622,000000,2.46,2.46,2.46,2.46,2,0
SCO,D,20160623,000000,2.46,2.46,2.46,2.46,2,0
SCO,D,20160624,000000,2.46,2.46,2.21,2.4,78,0
SCO,D,20160627,000000,2.4,2.4,2.4,2.4,2,0
SCO,D,20160628,000000,2.4,2.4,2.4,2.4,1,0
SCO,D,20160629,000000,2.4,2.4,2.3,2.3,2,0
SCO,D,20160630,000000,2.4,2.4,2.25,2.3,4,0
SCO,D,20160701,000000,2.4,2.4,2.3,2.3,2,0
SCO,D,20160704,000000,2.4,2.4,2.25,2.3,555,0
SCO,D,20160705,000000,2.4,2.4,2.3,2.3,2,0
SCO,D,20160706,000000,2.4,2.4,2.25,2.25,2,0
SCO,D,20160707,000000,2.4,2.4,2.39,2.39,2,0
SCO,D,20160708,000000,2.39,2.39,2.39,2.39,2,0
SCO,D,20160711,000000,2.39,2.39,2.39,2.39,2,0
SCO,D,20160712,000000,2.39,2.39,2.05,2.06,4326,0
SCO,D,20160713,000000,2.06,2.06,1.95,1.96,9939,0
SCO,D,20160714,000000,1.95,1.95,1.86,1.86,900,0
SCO,D,20160715,000000,1.89,2.06,1.89,1.97,8268,0
SCO,D,20160718,000000,2.06,2.06,1.97,2.06,603,0
SCO,D,20160719,000000,2.06,2.06,2.06,2.06,2,0
SCO,D,20160720,000000,2.06,2.11,1.92,2.11,8870,0
SCO,D,20160721,000000,2.16,2.3,2,2.3,7153,0
SCO,D,20160722,000000,2.28,2.28,1.86,1.98,21848,0
SCO,D,20160725,000000,1.82,1.98,1.81,1.9,18774,0
SCO,D,20160726,000000,1.9,1.9,1.82,1.9,5,0
SCO,D,20160727,000000,1.9,1.9,1.82,1.85,202,0
SCO,D,20160728,000000,1.85,1.85,1.77,1.85,262,0
SCO,D,20160729,000000,1.85,1.85,1.85,1.85,62,0
SCO,D,20160801,000000,1.85,1.85,1.77,1.77,397,0
SCO,D,20160802,000000,1.77,1.77,1.76,1.77,4555,0
SCO,D,20160803,000000,1.77,1.77,1.77,1.77,2,0
SCO,D,20160804,000000,1.77,1.77,1.77,1.77,1,0
SCO,D,20160805,000000,1.77,1.77,1.77,1.77,2,0
SCO,D,20160808,000000,1.77,1.77,1.77,1.77,1,0
SCO,D,20160809,000000,1.77,1.77,1.77,1.77,2,0
SCO,D,20160810,000000,1.77,1.77,1.77,1.77,52,0
SCO,D,20160811,000000,1.77,1.77,1.51,1.51,901,0
SCO,D,20160812,000000,1.51,1.51,1.45,1.45,4501,0
SCO,D,20160816,000000,1.44,1.44,1.17,1.36,15097,0
SCO,D,20160817,000000,1.45,1.56,1.45,1.56,1617,0
SCO,D,20160818,000000,1.4,1.4,1.29,1.3,24776,0
SCO,D,20160819,000000,1.34,1.34,1.25,1.25,4112,0
SCO,D,20160822,000000,1.35,1.35,1.35,1.35,2,0
SCO,D,20160823,000000,1.35,1.35,1.35,1.35,144,0
SCO,D,20160824,000000,1.35,1.35,1.35,1.35,2,0
SCO,D,20160825,000000,1.35,1.35,1.35,1.35,2,0
SCO,D,20160826,000000,1.35,1.35,1.3,1.3,2,0
SCO,D,20160829,000000,1.35,1.35,1.19,1.19,1103,0
SCO,D,20160830,000000,1.3,1.3,1.29,1.3,201,0
SCO,D,20160831,000000,1.3,1.3,1.19,1.26,9206,0
SCO,D,20160901,000000,1.3,1.3,1.17,1.24,9402,0
SCO,D,20160902,000000,1.24,1.24,1.22,1.22,608,0
SCO,D,20160905,000000,1.24,1.24,1.23,1.23,2,0
SCO,D,20160906,000000,1.23,1.23,1.15,1.23,9002,0
SCO,D,20160907,000000,1.23,1.23,1.11,1.11,10159,0
SCO,D,20160908,000000,1.11,1.11,1,1.04,12718,0
SCO,D,20160909,000000,1.04,1.04,1,1.04,503,0
SCO,D,20160912,000000,1.04,1.04,0.95,1.04,1000,0
SCO,D,20160913,000000,1.04,1.04,1.04,1.04,2,0
SCO,D,20160914,000000,1.04,1.04,1.04,1.04,2,0
SCO,D,20160915,000000,1.04,1.04,1.03,1.03,2,0
SCO,D,20160916,000000,1.04,1.04,0.95,1.04,143,0
SCO,D,20160919,000000,1.04,1.04,0.85,0.86,15424,0
SCO,D,20160920,000000,0.9,0.93,0.89,0.93,12306,0
SCO,D,20160921,000000,0.93,0.94,0.88,0.94,2997,0
SCO,D,20160922,000000,0.95,0.95,0.93,0.93,3,0
SCO,D,20160923,000000,0.93,0.93,0.89,0.9,2012,0
SCO,D,20160926,000000,0.9,0.9,0.83,0.9,33335,0
SCO,D,20160927,000000,0.9,0.9,0.84,0.88,45544,0
SCO,D,20160928,000000,0.9,0.93,0.89,0.93,9785,0
SCO,D,20160929,000000,0.93,0.93,0.93,0.93,2,0
SCO,D,20160930,000000,0.93,0.93,0.86,0.93,972,0
SCO,D,20161003,000000,0.93,0.93,0.83,0.83,2043,0
SCO,D,20161004,000000,0.8,0.8,0.8,0.8,4850,0
SCO,D,20161005,000000,0.74,0.74,0.74,0.74,1900,0
SCO,D,20161006,000000,0.74,0.74,0.74,0.74,146,0
SCO,D,20161007,000000,0.74,0.74,0.74,0.74,1179,0
SCO,D,20161017,000000,0.72,0.72,0.72,0.72,4908,0
SCO,D,20161018,000000,0.72,0.72,0.72,0.72,5909,0
SCO,D,20161019,000000,0.68,0.68,0.68,0.68,3437,0
SCO,D,20161021,000000,0.62,0.68,0.56,0.68,12680,0
SCO,D,20161024,000000,0.55,0.56,0.55,0.55,3699,0
SCO,D,20161025,000000,0.55,0.55,0.55,0.55,1324,0
SCO,D,20161026,000000,0.49,0.49,0.49,0.49,1757,0
SCO,D,20161027,000000,0.51,0.51,0.51,0.51,706,0
SCO,D,20161028,000000,0.5,0.51,0.5,0.51,3831,0
SCO,D,20161107,000000,0.51,0.56,0.51,0.56,850,0
SCO,D,20161108,000000,0.6,0.6,0.51,0.6,5200,0
SCO,D,20161109,000000,0.6,0.6,0.6,0.6,3134,0
SCO,D,20161115,000000,0.66,0.66,0.66,0.66,1000,0
SCO,D,20161116,000000,0.72,0.72,0.72,0.72,3002,0
SCO,D,20161117,000000,0.87,0.87,0.87,0.87,2801,0
SCO,D,20161118,000000,0.88,0.93,0.87,0.87,12721,0
SCO,D,20161121,000000,0.87,0.87,0.87,0.87,13,0
SCO,D,20161122,000000,0.87,0.87,0.87,0.87,100,0
SCO,D,20161205,000000,0.81,0.99,0.81,0.99,12688,0
SCO,D,20161206,000000,0.99,1.05,0.99,1.05,5505,0
SCO,D,20161207,000000,1.05,1.25,1.05,1.25,4483,0
SCO,D,20161208,000000,1.25,1.37,1.25,1.37,5075,0
SCO,D,20161209,000000,1.38,1.38,1.25,1.25,1874,0
SCO,D,20161212,000000,1.3,1.38,1.3,1.38,17502,0
SCO,D,20161213,000000,1.4,1.55,1.35,1.48,8577,0
SCO,D,20161214,000000,1.45,1.49,1.43,1.49,4775,0
SCO,D,20161215,000000,1.46,1.55,1.45,1.5,3206,0
SCO,D,20161216,000000,1.55,1.55,1.55,1.55,80,0
SCO,D,20161219,000000,1.56,1.56,1.56,1.56,500,0
SCO,D,20161220,000000,1.42,1.56,1.42,1.56,21,0
SCO,D,20161227,000000,1.41,1.54,1.41,1.54,15749,0
SCO,D,20161230,000000,1.53,1.53,1.53,1.53,60,0
SCO,D,20170223,000000,1.38,1.38,1.38,1.38,29,0
SCO,D,20170310,000000,1.25,1.25,1.25,1.25,1000,0
SCO,D,20170313,000000,1.25,1.25,1.25,1.25,2325,0
SCO,D,20170331,000000,1.13,1.13,1.13,1.13,10,0
SCO,D,20170407,000000,1.02,1.02,1.02,1.02,10,0
SCO,D,20170413,000000,0.99,0.99,0.99,0.99,1549,0
SCO,D,20170505,000000,0.99,0.99,0.99,0.99,500,0
SCO,D,20170522,000000,0.9,0.9,0.9,0.9,25,0
SCO,D,20170524,000000,0.81,0.81,0.81,0.81,25,0
SCO,D,20170619,000000,0.79,0.79,0.79,0.79,4712,0
SCO,D,20170623,000000,0.71,0.71,0.71,0.71,1400,0
SCO,D,20170706,000000,0.71,0.71,0.71,0.71,300,0
SCO,D,20170801,000000,0.7,0.7,0.7,0.7,2700,0
SCO,D,20170802,000000,0.7,0.7,0.7,0.7,1,0
SCO,D,20180103,000000,0.67,0.67,0.67,0.67,100,0
SCO,D,20180118,000000,0.66,0.66,0.66,0.66,70,0
SCO,D,20180212,000000,0.59,0.59,0.59,0.59,40020,0
SCO,D,20180213,000000,0.6,0.6,0.58,0.58,1000,0
SCO,D,20180302,000000,0.45,0.45,0.45,0.45,4013,0
SCO,D,20180321,000000,0.4,0.4,0.4,0.4,5062,0
SCO,D,20180404,000000,0.36,0.36,0.36,0.36,5000,0
SCO,D,20180406,000000,0.36,0.36,0.36,0.36,1,0
SCO,D,20180410,000000,0.32,0.32,0.32,0.32,4549,0
SCO,D,20180413,000000,0.32,0.32,0.32,0.32,935,0
SCO,D,20180905,000000,0.2,0.2,0.2,0.2,8438,0
SCO,D,20181023,000000,0.15,0.15,0.15,0.15,720,0
SCO,D,20181113,000000,0.17,0.17,0.17,0.17,557,0
SCO,D,20181114,000000,0.17,0.17,0.17,0.17,1443,0
SCO,D,20181116,000000,0.13,0.13,0.13,0.13,1400,0
SCO,D,20181119,000000,0.1,0.1,0.1,0.1,20000,0
SCO,D,20181120,000000,0.1,0.1,0.1,0.1,406,0
SCO,D,20181121,000000,0.1,0.1,0.1,0.1,414,0
SCO,D,20181123,000000,0.09,0.09,0.09,0.09,5000,0
SCO,D,20181126,000000,0.05,0.05,0.05,0.05,18153,0
SCO,D,20181127,000000,0.05,0.05,0.05,0.05,900,0
SCO,D,20181206,000000,0.06,0.06,0.06,0.06,9,0
SCO,D,20181212,000000,0.06,0.06,0.06,0.06,350,0
SCO,D,20181218,000000,0.06,0.06,0.06,0.06,62172,0
SCO,D,20181219,000000,0.08,0.08,0.08,0.08,4,0
SCO,D,20181220,000000,0.1,0.1,0.1,0.1,18000,0
SCO,D,20181227,000000,0.08,0.08,0.08,0.08,100,0
SCO,D,20190107,000000,0.09,0.09,0.09,0.09,18536,0
SCO,D,20190108,000000,0.1,0.1,0.09,0.09,30000,0
SCO,D,20190116,000000,0.09,0.09,0.09,0.09,1487,0
SCO,D,20190118,000000,0.09,0.09,0.09,0.09,6470,0
SCO,D,20190122,000000,0.1,0.1,0.1,0.1,6202,0
SCO,D,20190123,000000,0.1,0.1,0.1,0.1,10000,0
SCO,D,20190201,000000,0.12,0.12,0.12,0.12,30,0
SCO,D,20190205,000000,0.1,0.1,0.1,0.1,2000,0
SCO,D,20190207,000000,0.12,0.12,0.12,0.12,13,0
SCO,D,20190208,000000,0.1,0.13,0.1,0.13,48718,0
SCO,D,20190212,000000,0.16,0.16,0.16,0.16,9532,0
SCO,D,20190215,000000,0.15,0.15,0.15,0.15,1000,0
SCO,D,20190219,000000,0.15,0.15,0.15,0.15,1,0
SCO,D,20190221,000000,0.15,0.15,0.15,0.15,100,0
SCO,D,20190308,000000,0.16,0.16,0.16,0.16,524,0
SCO,D,20190311,000000,0.17,0.17,0.17,0.17,1070,0
SCO,D,20190313,000000,0.17,0.17,0.17,0.17,1130,0
SCO,D,20190321,000000,0.17,0.17,0.17,0.17,2,0
SCO,D,20190322,000000,0.14,0.14,0.14,0.14,170,0
SCO,D,20190325,000000,0.14,0.14,0.14,0.14,3750,0
SCO,D,20190326,000000,0.14,0.14,0.14,0.14,712,0
SCO,D,20190403,000000,0.12,0.12,0.12,0.12,3500,0
SCO,D,20190502,000000,0.11,0.11,0.11,0.11,1075,0
SCO,D,20190510,000000,0.11,0.11,0.11,0.11,10,0
SCO,D,20190513,000000,0.11,0.11,0.11,0.11,1000,0
SCO,D,20190514,000000,0.094,0.094,0.094,0.094,990,0
SCO,D,20190515,000000,0.094,0.094,0.094,0.094,231,0
SCO,D,20190612,000000,0.1,0.1,0.1,0.1,1375,0
SCO,D,20190621,000000,0.1,0.1,0.1,0.1,5,0
SCO,D,20190731,000000,0.08,0.08,0.08,0.08,2500,0
SCO,D,20190805,000000,0.08,0.08,0.08,0.08,6,0
SCO,D,20190830,000000,0.08,0.08,0.08,0.08,10000,0
SCO,D,20190903,000000,0.08,0.08,0.08,0.08,5400,0
SCO,D,20190904,000000,0.08,0.08,0.08,0.08,6,0
SCO,D,20190911,000000,0.08,0.08,0.08,0.08,6,0
SCO,D,20190913,000000,0.08,0.08,0.08,0.08,4,0
SCO,D,20190916,000000,0.08,0.08,0.08,0.08,1,0
SCO,D,20190923,000000,0.08,0.08,0.08,0.08,15000,0
SCO,D,20190927,000000,0.08,0.08,0.08,0.08,6,0
SCO,D,20200408,000000,0.06,0.06,0.06,0.06,1780,0
SCO,D,20200527,000000,0.06,0.06,0.06,0.06,490,0
SCO,D,20200610,000000,0.0505,0.0505,0.0505,0.0505,725,0
SCO,D,20200624,000000,0.053,0.053,0.053,0.053,696,0
