<TICKER>,<PER>,<DATE>,<TIME>,<OPEN>,<HIGH>,<LOW>,<CLOSE>,<VOL>,<OPENINT>
SGR,D,20101230,000000,10,10.49,9.61,10.44,1327813,0
SGR,D,20101231,000000,10.74,11.47,10.65,11,592015,0
SGR,D,20110103,000000,11.39,12.44,11.2,11.8,817518,0
SGR,D,20110104,000000,12.16,12.89,11.82,12.87,763488,0
SGR,D,20110105,000000,13.11,14.39,13.07,13.08,1151384,0
SGR,D,20110107,000000,13.21,13.95,12.12,13.59,360815,0
SGR,D,20110110,000000,13.99,13.99,12.75,13.22,287111,0
SGR,D,20110111,000000,13.22,13.58,12.6,13.4,157526,0
SGR,D,20110112,000000,13.59,13.9,13.42,13.7,151597,0
SGR,D,20110113,000000,13.89,13.89,13.42,13.48,87712,0
SGR,D,20110114,000000,13.45,13.45,12.93,13.12,128584,0
SGR,D,20110117,000000,13.2,13.2,12.31,12.34,160036,0
SGR,D,20110118,000000,12.3,12.89,12,12.63,153458,0
SGR,D,20110119,000000,12.77,12.88,12.63,12.76,50530,0
SGR,D,20110120,000000,12.76,12.76,12.34,12.6,105459,0
SGR,D,20110121,000000,12.67,12.69,12.2,12.2,66566,0
SGR,D,20110124,000000,12.49,12.49,11.8,11.85,87009,0
SGR,D,20110125,000000,11.9,12.1,11.57,12,57517,0
SGR,D,20110126,000000,12.3,12.79,12.15,12.79,97804,0
SGR,D,20110127,000000,12.85,12.9,12.6,12.8,40403,0
SGR,D,20110128,000000,12.81,12.81,12.41,12.47,42004,0
SGR,D,20110131,000000,12.4,12.4,11.9,12.06,40463,0
SGR,D,20110201,000000,12.34,12.34,11.92,12,94189,0
SGR,D,20110202,000000,12.34,12.34,11.7,12,79477,0
SGR,D,20110203,000000,12.19,12.64,12.18,12.3,88864,0
SGR,D,20110204,000000,12.3,12.35,12,12.1,26702,0
SGR,D,20110207,000000,12.06,12.2,11.92,12.2,51785,0
SGR,D,20110208,000000,12.25,12.25,12,12.1,12091,0
SGR,D,20110209,000000,12.02,12.02,11.92,11.95,16304,0
SGR,D,20110210,000000,11.95,12.15,11.15,11.2,178337,0
SGR,D,20110211,000000,11.17,11.29,10.63,11.2,188723,0
SGR,D,20110214,000000,11.5,11.64,11.2,11.21,32650,0
SGR,D,20110215,000000,11.35,11.35,10.85,10.95,46406,0
SGR,D,20110216,000000,11,11,10.2,10.42,138596,0
SGR,D,20110217,000000,10.35,11.35,9.7,10.9,467447,0
SGR,D,20110218,000000,11.07,11.89,10.79,10.8,339810,0
SGR,D,20110221,000000,10.95,11,10.35,10.55,106263,0
SGR,D,20110222,000000,10.4,10.4,10.08,10.25,68839,0
SGR,D,20110223,000000,10.17,10.29,10.07,10.18,67064,0
SGR,D,20110224,000000,10.22,10.99,10.16,10.75,257037,0
SGR,D,20110225,000000,10.9,11.16,10.8,10.92,89867,0
SGR,D,20110228,000000,10.92,11.1,10.74,10.9,37624,0
SGR,D,20110301,000000,10.98,10.98,10.6,10.7,68032,0
SGR,D,20110302,000000,10.65,10.8,10.5,10.8,16091,0
SGR,D,20110303,000000,10.92,10.92,10.51,10.76,33604,0
SGR,D,20110304,000000,10.57,10.79,10.57,10.7,30790,0
SGR,D,20110307,000000,10.75,10.75,10.42,10.48,31932,0
SGR,D,20110308,000000,10.45,10.55,10.34,10.45,17491,0
SGR,D,20110309,000000,10.58,10.58,10.2,10.3,34930,0
SGR,D,20110310,000000,10.3,10.35,10.1,10.23,30556,0
SGR,D,20110311,000000,10.3,10.3,10,10.15,35593,0
SGR,D,20110314,000000,10.14,10.7,10,10.58,60289,0
SGR,D,20110315,000000,10.6,10.6,10.1,10.36,35738,0
SGR,D,20110316,000000,10.42,10.96,10.4,10.5,91546,0
SGR,D,20110317,000000,10.79,11.55,10.73,11.4,228513,0
SGR,D,20110318,000000,11.7,11.7,10.95,11,190071,0
SGR,D,20110321,000000,11.26,11.33,11,11.21,26205,0
SGR,D,20110322,000000,11.32,11.36,11.2,11.34,62040,0
SGR,D,20110323,000000,11.5,11.7,11.3,11.4,101748,0
SGR,D,20110324,000000,11.5,11.5,10.85,11.29,41306,0
SGR,D,20110325,000000,11.5,11.9,11.3,11.5,220606,0
SGR,D,20110328,000000,11.78,12.9,11.35,12.7,591371,0
SGR,D,20110329,000000,12.9,13.48,12.6,12.7,666102,0
SGR,D,20110330,000000,12.89,13.17,12.72,12.8,178741,0
SGR,D,20110331,000000,12.8,12.8,12.41,12.5,97078,0
SGR,D,20110401,000000,12.5,12.8,12.3,12.65,98552,0
SGR,D,20110404,000000,12.78,12.78,12.51,12.6,69520,0
SGR,D,20110405,000000,12.6,12.8,12.41,12.58,77524,0
SGR,D,20110406,000000,12.7,13.25,12.52,13.12,220035,0
SGR,D,20110407,000000,13.26,13.26,12.95,12.97,98693,0
SGR,D,20110408,000000,13.07,13.09,12.75,12.77,69211,0
SGR,D,20110411,000000,12.88,13.08,12.88,13.07,25975,0
SGR,D,20110412,000000,12.95,13.19,12.92,12.97,42879,0
SGR,D,20110413,000000,12.98,13.68,12.98,13.42,224189,0
SGR,D,20110414,000000,13.56,13.56,13.16,13.2,89344,0
SGR,D,20110415,000000,13.21,13.4,12.93,13.16,43481,0
SGR,D,20110418,000000,13.19,13.4,12.55,12.87,165764,0
SGR,D,20110419,000000,13,13.19,12.9,13.04,34191,0
SGR,D,20110420,000000,13.01,13.1,12.8,12.98,63926,0
SGR,D,20110421,000000,13,13,12.7,12.9,44576,0
SGR,D,20110426,000000,12.9,12.96,12.8,12.96,33159,0
SGR,D,20110427,000000,13,13,12.84,12.99,27028,0
SGR,D,20110428,000000,12.99,12.99,12.8,12.95,24325,0
SGR,D,20110429,000000,12.95,12.95,12.6,12.94,44126,0
SGR,D,20110502,000000,12.88,12.99,12.63,12.95,23338,0
SGR,D,20110504,000000,12.9,12.9,12.7,12.8,46170,0
SGR,D,20110505,000000,12.65,12.85,12.4,12.49,79813,0
SGR,D,20110506,000000,12.31,12.31,11.66,12.07,79644,0
SGR,D,20110509,000000,12.07,12.11,11.65,11.71,39601,0
SGR,D,20110510,000000,11.65,12.23,11.64,11.94,54555,0
SGR,D,20110511,000000,12.1,12.4,12.03,12.38,26468,0
SGR,D,20110512,000000,12.16,12.16,11.83,12.08,42568,0
SGR,D,20110513,000000,12.09,12.39,11.99,12.24,19429,0
SGR,D,20110516,000000,12.3,12.45,11.81,12.09,29819,0
SGR,D,20110517,000000,12.05,12.05,11.7,11.88,44734,0
SGR,D,20110518,000000,11.9,11.9,11.28,11.5,54684,0
SGR,D,20110519,000000,11.5,11.79,11.36,11.65,26069,0
SGR,D,20110520,000000,11.65,11.65,11.4,11.63,13512,0
SGR,D,20110523,000000,11.25,11.3,11.06,11.08,128418,0
SGR,D,20110524,000000,11.07,11.27,11.06,11.2,18853,0
SGR,D,20110525,000000,11.71,12.4,11.71,12.3,199418,0
SGR,D,20110526,000000,12.45,12.9,12.3,12.9,188668,0
SGR,D,20110527,000000,12.9,12.9,12.5,12.5,108535,0
SGR,D,20110530,000000,12.5,12.65,12.24,12.54,57517,0
SGR,D,20110531,000000,12.62,12.67,12.5,12.53,29212,0
SGR,D,20110601,000000,12.6,12.64,12.2,12.2,46099,0
SGR,D,20110602,000000,12.17,12.3,11.83,12.15,41208,0
SGR,D,20110603,000000,12.1,12.18,11.95,12,25717,0
SGR,D,20110606,000000,11.9,12.03,11.75,12,68883,0
SGR,D,20110607,000000,11.92,12,11.87,11.98,22801,0
SGR,D,20110608,000000,11.98,11.98,11.72,11.75,29102,0
SGR,D,20110609,000000,11.69,11.69,11.5,11.56,53297,0
SGR,D,20110610,000000,11.7,11.7,11.41,11.5,37008,0
SGR,D,20110613,000000,11.55,11.67,11.45,11.67,9801,0
SGR,D,20110614,000000,11.67,11.99,11.6,11.78,27594,0
SGR,D,20110615,000000,11.76,11.76,11.4,11.48,44097,0
SGR,D,20110616,000000,11.48,11.5,11.39,11.4,16218,0
SGR,D,20110617,000000,11.4,11.5,11.37,11.48,6304,0
SGR,D,20110620,000000,11.6,11.6,11.2,11.35,22234,0
SGR,D,20110621,000000,11.38,11.39,11.17,11.24,24606,0
SGR,D,20110622,000000,11.24,11.31,11.09,11.25,27543,0
SGR,D,20110624,000000,11.33,11.33,11.05,11.1,10441,0
SGR,D,20110627,000000,11.4,11.69,10.6,10.81,124526,0
SGR,D,20110628,000000,10.85,10.98,10.6,10.77,38508,0
SGR,D,20110629,000000,10.92,11.28,10.88,11.23,33325,0
SGR,D,20110630,000000,11.3,11.33,11.15,11.2,33905,0
SGR,D,20110701,000000,11.2,11.2,10.89,11.03,34449,0
SGR,D,20110704,000000,11.03,11.13,11.02,11.04,9792,0
SGR,D,20110705,000000,10.99,11.2,10.95,10.98,20888,0
SGR,D,20110706,000000,11,11,10.9,10.94,19724,0
SGR,D,20110707,000000,10.95,11.39,10.69,11.16,32334,0
SGR,D,20110708,000000,11.2,11.21,10.9,11,8090,0
SGR,D,20110711,000000,11,11,10.75,10.76,15624,0
SGR,D,20110712,000000,10.62,10.64,10.2,10.35,74276,0
SGR,D,20110713,000000,10.35,10.5,10.35,10.47,25636,0
SGR,D,20110714,000000,10.47,10.47,10.3,10.35,12857,0
SGR,D,20110715,000000,10.35,10.4,10.25,10.27,18154,0
SGR,D,20110718,000000,10.3,10.43,10.2,10.2,35966,0
SGR,D,20110719,000000,10.25,10.51,10.25,10.51,17712,0
SGR,D,20110720,000000,10.53,10.55,10.2,10.3,20850,0
SGR,D,20110721,000000,10.3,10.35,9.8,10.21,90771,0
SGR,D,20110722,000000,10.18,10.23,10,10.2,22371,0
SGR,D,20110725,000000,10.2,10.21,10.1,10.11,7558,0
SGR,D,20110726,000000,10.1,10.2,9.96,10.13,24274,0
SGR,D,20110727,000000,10,10.15,9.96,10,8786,0
SGR,D,20110728,000000,10,10.19,9.86,10.15,42557,0
SGR,D,20110729,000000,10.13,10.15,9.8,10,21112,0
SGR,D,20110801,000000,10,10.2,9.99,10.2,41802,0
SGR,D,20110802,000000,10.34,10.34,9.96,10.01,24101,0
SGR,D,20110803,000000,9.66,10.1,9.6,10,182772,0
SGR,D,20110804,000000,10,10.08,9.85,10,424745,0
SGR,D,20110805,000000,9.5,9.75,8.78,9.7,198569,0
SGR,D,20110808,000000,9,9.7,8.8,8.85,142100,0
SGR,D,20110809,000000,8.5,8.85,8.21,8.5,212514,0
SGR,D,20110810,000000,9,9.05,7.71,8.2,95602,0
SGR,D,20110811,000000,8.25,8.5,7.5,8.5,95766,0
SGR,D,20110812,000000,8.6,8.75,8.23,8.65,37954,0
SGR,D,20110816,000000,8.7,8.87,8.65,8.87,36774,0
SGR,D,20110817,000000,8.8,9.3,8.7,9.16,19417,0
SGR,D,20110818,000000,9.25,9.25,8,8.24,281535,0
SGR,D,20110819,000000,7.82,8.24,7.77,8.15,60932,0
SGR,D,20110822,000000,7.99,8.25,7.86,7.95,147585,0
SGR,D,20110823,000000,7.95,8.29,7.88,8.19,135524,0
SGR,D,20110824,000000,8.19,8.2,8,8.18,7871,0
SGR,D,20110825,000000,8.2,8.2,8.01,8.16,14524,0
SGR,D,20110826,000000,8.15,8.15,7.9,7.94,7674,0
SGR,D,20110829,000000,7.91,8.4,7.91,8.25,16138,0
SGR,D,20110830,000000,8.42,8.8,8.42,8.8,30914,0
SGR,D,20110831,000000,8.95,9.57,8.95,9.39,33581,0
SGR,D,20110901,000000,9.75,9.75,8.95,9.27,47435,0
SGR,D,20110902,000000,9.19,9.19,8.86,9.13,47582,0
SGR,D,20110905,000000,9.04,9.04,8.36,8.36,34658,0
SGR,D,20110906,000000,8.58,8.84,8.5,8.7,18620,0
SGR,D,20110907,000000,8.75,9.2,8.75,9.19,33790,0
SGR,D,20110908,000000,9.02,9.24,8.9,9.14,14873,0
SGR,D,20110909,000000,9.12,9.12,8.9,9.05,21005,0
SGR,D,20110912,000000,9.05,9.05,8.65,8.95,28471,0
SGR,D,20110913,000000,8.97,9.17,8.8,9.03,100980,0
SGR,D,20110914,000000,9.1,9.18,9,9.1,18413,0
SGR,D,20110915,000000,9.07,9.4,9.07,9.2,17997,0
SGR,D,20110916,000000,9.39,9.4,9.13,9.2,42883,0
SGR,D,20110919,000000,9.16,9.18,8.81,9,30109,0
SGR,D,20110920,000000,9,9.17,8.82,9.15,14786,0
SGR,D,20110921,000000,9.2,9.22,9.01,9.22,21412,0
SGR,D,20110922,000000,9.05,9.15,8.85,8.97,16535,0
SGR,D,20110923,000000,8.98,9,8.7,8.95,70604,0
SGR,D,20110926,000000,9,9.1,8.82,9.1,78668,0
SGR,D,20110927,000000,9.2,9.22,9.1,9.22,26623,0
SGR,D,20110928,000000,9.2,9.24,9.12,9.15,33405,0
SGR,D,20110929,000000,9.15,9.25,9.11,9.24,7924,0
SGR,D,20110930,000000,9.25,9.3,8.97,9.25,20010,0
SGR,D,20111003,000000,9.15,9.17,9.02,9.17,11594,0
SGR,D,20111004,000000,9.23,9.23,9,9.13,17152,0
SGR,D,20111005,000000,9.15,9.15,8.92,9.15,38146,0
SGR,D,20111006,000000,9.15,9.16,9,9.15,2921,0
SGR,D,20111007,000000,9.15,9.15,9.05,9.15,2411,0
SGR,D,20111010,000000,9.15,9.15,9,9.14,9983,0
SGR,D,20111011,000000,9.12,9.12,9,9.07,7268,0
SGR,D,20111012,000000,9.07,9.11,8.96,9,10836,0
SGR,D,20111013,000000,8.86,9.1,8.86,9.03,5258,0
SGR,D,20111014,000000,9,9.02,8.92,9,6275,0
SGR,D,20111017,000000,9,9,8.77,8.8,11763,0
SGR,D,20111018,000000,8.75,8.8,8.6,8.78,4630,0
SGR,D,20111019,000000,8.8,8.8,8.8,8.8,932,0
SGR,D,20111020,000000,8.8,8.8,8.57,8.8,5966,0
SGR,D,20111021,000000,8.79,8.8,8.61,8.74,1951,0
SGR,D,20111024,000000,8.7,8.8,8.61,8.66,7805,0
SGR,D,20111025,000000,8.62,8.75,8.58,8.75,15349,0
SGR,D,20111026,000000,8.6,8.7,8.21,8.43,11485,0
SGR,D,20111027,000000,8.61,8.89,8.61,8.85,15690,0
SGR,D,20111028,000000,8.88,9,8.6,8.82,5021,0
SGR,D,20111031,000000,8.94,9.7,8.82,9.5,97790,0
SGR,D,20111102,000000,9,9.39,8.8,9.34,34597,0
SGR,D,20111103,000000,9.29,9.69,9.1,9.53,32904,0
SGR,D,20111104,000000,9.69,9.69,9.35,9.36,9907,0
SGR,D,20111107,000000,9.49,9.54,9.32,9.42,5013,0
SGR,D,20111108,000000,9.54,9.54,9.38,9.41,7336,0
SGR,D,20111109,000000,9.41,9.5,9,9.13,19069,0
SGR,D,20111110,000000,9.09,9.09,8.88,9.06,8904,0
SGR,D,20111114,000000,9.13,9.49,9.1,9.1,9320,0
SGR,D,20111115,000000,8.85,8.85,8.63,8.7,20699,0
SGR,D,20111116,000000,8.78,8.9,8.65,8.9,9665,0
SGR,D,20111117,000000,8.88,8.96,8.69,8.77,12291,0
SGR,D,20111118,000000,8.8,8.8,8.6,8.61,6935,0
SGR,D,20111121,000000,8.43,8.5,8.18,8.18,9370,0
SGR,D,20111122,000000,8,8,7.9,7.9,20359,0
SGR,D,20111123,000000,8,8.42,7.91,8.1,18655,0
SGR,D,20111124,000000,8.11,8.14,7.78,8,6603,0
SGR,D,20111125,000000,8.12,8.12,7.9,8.1,1981,0
SGR,D,20111128,000000,8.12,8.12,7.97,8.12,3719,0
SGR,D,20111129,000000,8.1,8.1,7.96,8.07,2049,0
SGR,D,20111130,000000,8.09,8.09,7.75,8,8609,0
SGR,D,20111201,000000,7.99,8,7.77,7.95,12533,0
SGR,D,20111202,000000,8.08,8.08,7.91,8,5788,0
SGR,D,20111205,000000,8,8,7.9,7.96,3510,0
SGR,D,20111206,000000,8.45,8.7,8.36,8.69,82530,0
SGR,D,20111207,000000,8.75,9.27,8.75,9.22,96155,0
SGR,D,20111208,000000,9.39,9.39,8.6,8.87,69117,0
SGR,D,20111209,000000,8.36,8.76,8.36,8.65,24893,0
SGR,D,20111212,000000,8.79,8.79,8.42,8.64,10553,0
SGR,D,20111213,000000,8.65,8.65,8.5,8.6,7022,0
SGR,D,20111214,000000,8.64,8.74,8.5,8.59,5324,0
SGR,D,20111215,000000,8.62,8.79,8.53,8.59,12562,0
SGR,D,20111216,000000,8.59,8.59,8.5,8.55,7044,0
SGR,D,20111219,000000,8.55,8.55,8.2,8.22,20156,0
SGR,D,20111220,000000,8.33,8.33,7.9,8.09,39196,0
SGR,D,20111221,000000,8.1,8.2,8.02,8.09,5745,0
SGR,D,20111222,000000,8.14,8.14,8,8.05,7948,0
SGR,D,20111223,000000,8.05,8.05,7.95,8.05,8223,0
SGR,D,20111227,000000,8.08,8.08,7.89,7.98,156593,0
SGR,D,20111228,000000,7.93,8.05,7.93,8.04,3668,0
SGR,D,20111229,000000,8.05,8.2,8,8.2,4815,0
SGR,D,20111230,000000,8.2,8.31,8.2,8.26,3436,0
SGR,D,20120102,000000,8.2,8.3,8.03,8.3,5016,0
SGR,D,20120103,000000,8.33,8.33,8.05,8.17,4185,0
SGR,D,20120104,000000,8.15,8.3,8.12,8.14,7298,0
SGR,D,20120105,000000,8.3,8.3,8.05,8.22,1465,0
SGR,D,20120109,000000,8.12,8.13,8.12,8.13,742,0
SGR,D,20120110,000000,8.2,8.55,8.12,8.3,152554,0
SGR,D,20120111,000000,8.3,8.3,8.15,8.3,11423,0
SGR,D,20120112,000000,8.4,8.4,8.25,8.4,6978,0
SGR,D,20120113,000000,8.4,8.5,8.3,8.4,212785,0
SGR,D,20120116,000000,8.4,8.5,8.4,8.5,2741,0
SGR,D,20120117,000000,8.61,8.8,8.53,8.58,77197,0
SGR,D,20120118,000000,8.84,8.9,8.58,8.75,122649,0
SGR,D,20120119,000000,8.8,9.68,8.64,9.5,949154,0
SGR,D,20120120,000000,9.59,9.6,8.87,9,35802,0
SGR,D,20120123,000000,8.95,9,8.75,8.85,11774,0
SGR,D,20120124,000000,8.85,9.13,8.78,8.95,34024,0
SGR,D,20120125,000000,8.95,9.23,8.85,8.95,141556,0
SGR,D,20120126,000000,9,9.15,8.91,8.95,339428,0
SGR,D,20120127,000000,9.01,9.2,8.95,8.95,29764,0
SGR,D,20120130,000000,9,9.1,8.96,9,9224,0
SGR,D,20120131,000000,9.01,9.1,8.9,8.9,67697,0
SGR,D,20120201,000000,8.89,9.07,8.8,9,23039,0
SGR,D,20120202,000000,9,9,8.8,8.85,67440,0
SGR,D,20120203,000000,8.9,9.06,8.75,9,32679,0
SGR,D,20120206,000000,9,9.2,8.9,9.15,23067,0
SGR,D,20120207,000000,9.32,9.9,9.28,9.88,90703,0
SGR,D,20120208,000000,9.96,10.6,9.96,10.4,197568,0
SGR,D,20120209,000000,10.5,10.68,10.36,10.4,74872,0
SGR,D,20120210,000000,10.25,10.39,9.9,10.1,84620,0
SGR,D,20120213,000000,10.2,10.56,10.13,10.51,36854,0
SGR,D,20120214,000000,10.52,10.63,10.5,10.6,73261,0
SGR,D,20120215,000000,10.65,10.9,10.36,10.58,94055,0
SGR,D,20120216,000000,10.58,10.58,10.16,10.49,15951,0
SGR,D,20120217,000000,10.48,10.7,10.2,10.3,96803,0
SGR,D,20120220,000000,10.47,10.48,10.3,10.33,36609,0
SGR,D,20120221,000000,10.39,10.45,10.33,10.44,33335,0
SGR,D,20120222,000000,10.35,10.48,10.2,10.33,8843,0
SGR,D,20120223,000000,9.85,9.99,9.53,9.68,113412,0
SGR,D,20120224,000000,9.6,9.61,9.33,9.5,28356,0
SGR,D,20120227,000000,9.5,9.55,9.37,9.55,9357,0
SGR,D,20120228,000000,9.55,9.84,9.36,9.78,13842,0
SGR,D,20120229,000000,9.86,10.29,9.86,10.14,107593,0
SGR,D,20120301,000000,10.19,10.19,9.83,9.9,6546,0
SGR,D,20120302,000000,9.9,10.09,9.9,10,128446,0
SGR,D,20120305,000000,9.9,10.1,9.82,9.82,6885,0
SGR,D,20120306,000000,9.82,9.82,9.3,9.3,37304,0
SGR,D,20120307,000000,9.45,9.48,9.05,9.28,24793,0
SGR,D,20120308,000000,9.44,9.5,9.26,9.42,19692,0
SGR,D,20120309,000000,9.44,9.44,9.18,9.34,24225,0
SGR,D,20120312,000000,9.33,9.38,9.2,9.38,12822,0
SGR,D,20120313,000000,9.4,9.4,9.19,9.39,6303,0
SGR,D,20120314,000000,9.41,9.81,9.41,9.64,23664,0
SGR,D,20120315,000000,9.8,9.8,9.47,9.5,10805,0
SGR,D,20120316,000000,9.59,9.59,9.21,9.3,107005,0
SGR,D,20120319,000000,9.48,9.48,9.25,9.25,15994,0
SGR,D,20120320,000000,9.29,9.29,9.06,9.14,13885,0
SGR,D,20120321,000000,9.23,9.23,8.95,9,13921,0
SGR,D,20120322,000000,8.96,8.96,8.22,8.73,35247,0
SGR,D,20120323,000000,7.86,7.86,6.5,6.7,593922,0
SGR,D,20120326,000000,6.51,6.93,6.11,6.33,280917,0
SGR,D,20120327,000000,6.83,6.98,6.45,6.6,452679,0
SGR,D,20120328,000000,6.6,6.7,6.5,6.58,660133,0
SGR,D,20120329,000000,6.65,6.68,6.55,6.63,120812,0
SGR,D,20120330,000000,6.69,6.94,6.58,6.6,201339,0
SGR,D,20120402,000000,6.68,6.83,6.58,6.61,217154,0
SGR,D,20120403,000000,6.59,6.6,6.43,6.43,84187,0
SGR,D,20120404,000000,6.4,6.4,5.86,5.88,173869,0
SGR,D,20120405,000000,5.97,6.09,5.93,6,440030,0
SGR,D,20120410,000000,6.01,6.11,5.91,5.91,30430,0
SGR,D,20120411,000000,5.91,6.07,5.91,6,136869,0
SGR,D,20120412,000000,6.08,6.1,6.02,6.07,259495,0
SGR,D,20120413,000000,6.08,6.35,6.04,6.35,178404,0
SGR,D,20120416,000000,6.4,6.4,6.2,6.2,43157,0
SGR,D,20120417,000000,6.27,6.3,5.95,6,101853,0
SGR,D,20120418,000000,5.99,6.02,5.89,5.9,39861,0
SGR,D,20120419,000000,5.94,5.94,5.5,5.63,46426,0
SGR,D,20120420,000000,5.63,5.63,5.2,5.3,73435,0
SGR,D,20120423,000000,5.48,5.48,4.83,4.9,132095,0
SGR,D,20120424,000000,4.92,5.25,4.92,5.14,20235,0
SGR,D,20120425,000000,5.25,5.57,5.25,5.54,42769,0
SGR,D,20120426,000000,5.7,5.78,5.64,5.74,40300,0
SGR,D,20120427,000000,5.8,5.8,5.22,5.53,58994,0
SGR,D,20120430,000000,5.6,5.64,5.43,5.44,15420,0
SGR,D,20120502,000000,5.5,5.6,5.5,5.6,17062,0
SGR,D,20120504,000000,5.6,5.7,5.59,5.6,14642,0
SGR,D,20120507,000000,5.6,5.64,5.55,5.55,181256,0
SGR,D,20120508,000000,5.6,5.6,5.46,5.5,11131,0
SGR,D,20120509,000000,5.51,5.59,5.31,5.44,13398,0
SGR,D,20120510,000000,5.47,5.47,5.25,5.39,7544,0
SGR,D,20120511,000000,5.4,5.4,5.15,5.35,6601,0
SGR,D,20120514,000000,5.35,5.35,4.95,4.96,26546,0
SGR,D,20120515,000000,5,5.18,4.76,4.79,30251,0
SGR,D,20120516,000000,4.92,4.92,4.5,4.59,47178,0
SGR,D,20120517,000000,4.58,4.58,4.13,4.3,50152,0
SGR,D,20120518,000000,4.15,4.56,4.11,4.4,36102,0
SGR,D,20120521,000000,4.4,4.59,4.36,4.52,15592,0
SGR,D,20120522,000000,4.51,4.51,4.3,4.35,30363,0
SGR,D,20120523,000000,4.36,4.36,4.1,4.11,34855,0
SGR,D,20120524,000000,4.06,4.21,3.95,3.99,43942,0
SGR,D,20120525,000000,3.99,4.04,3.85,3.9,40773,0
SGR,D,20120528,000000,3.95,4.07,3.85,3.9,14493,0
SGR,D,20120529,000000,3.85,3.89,3.75,3.75,20904,0
SGR,D,20120530,000000,3.7,3.75,3.54,3.55,74496,0
SGR,D,20120531,000000,3.55,3.55,3.42,3.55,30689,0
SGR,D,20120601,000000,3.5,3.85,3.41,3.73,75360,0
SGR,D,20120604,000000,3.69,3.95,3.69,3.82,46476,0
SGR,D,20120605,000000,3.89,3.93,3.56,3.56,54879,0
SGR,D,20120606,000000,3.6,3.75,3.58,3.7,48105,0
SGR,D,20120608,000000,3.77,3.8,3.57,3.77,24557,0
SGR,D,20120611,000000,3.77,3.95,3.77,3.95,37012,0
SGR,D,20120612,000000,3.98,4.17,3.98,4.12,49428,0
SGR,D,20120613,000000,4.16,4.57,4.16,4.57,76566,0
SGR,D,20120614,000000,4.68,4.89,4.68,4.72,88931,0
SGR,D,20120615,000000,4.66,4.7,4.32,4.52,47859,0
SGR,D,20120618,000000,4.61,4.61,4.39,4.4,10559,0
SGR,D,20120619,000000,4.5,4.5,4.05,4.25,78602,0
SGR,D,20120620,000000,4.25,4.32,4.12,4.12,16982,0
SGR,D,20120621,000000,4.12,4.2,4.05,4.12,16397,0
SGR,D,20120622,000000,4.19,4.19,4.05,4.05,18336,0
SGR,D,20120625,000000,4.12,4.12,3.95,4,15440,0
SGR,D,20120626,000000,4,4.09,3.95,4.09,7493,0
SGR,D,20120627,000000,4.09,4.09,3.99,4.01,8421,0
SGR,D,20120628,000000,4.08,4.08,3.9,3.99,16102,0
SGR,D,20120629,000000,4.05,4.08,3.94,4.01,8230,0
SGR,D,20120702,000000,4.01,4.02,3.94,3.99,13008,0
SGR,D,20120703,000000,4,4.01,3.91,3.97,13996,0
SGR,D,20120704,000000,3.98,3.98,3.89,3.9,14193,0
SGR,D,20120705,000000,3.95,3.97,3.81,3.81,32297,0
SGR,D,20120706,000000,3.81,3.81,3.72,3.79,20096,0
SGR,D,20120709,000000,3.79,3.88,3.79,3.8,4500,0
SGR,D,20120710,000000,3.85,3.85,3.78,3.79,11457,0
SGR,D,20120711,000000,3.87,3.87,3.77,3.84,5555,0
SGR,D,20120712,000000,3.84,3.86,3.71,3.79,6789,0
SGR,D,20120713,000000,3.79,3.8,3.68,3.68,10782,0
SGR,D,20120716,000000,3.69,3.77,3.52,3.52,19520,0
SGR,D,20120717,000000,3.53,3.74,3.51,3.7,33967,0
SGR,D,20120718,000000,3.73,3.8,3.56,3.61,18613,0
SGR,D,20120719,000000,3.63,3.73,3.63,3.67,12219,0
SGR,D,20120720,000000,3.69,3.69,3.55,3.58,11184,0
SGR,D,20120723,000000,3.55,3.55,3.41,3.5,59867,0
SGR,D,20120724,000000,3.5,3.5,3.19,3.29,53415,0
SGR,D,20120725,000000,3.28,3.42,3.22,3.34,11428,0
SGR,D,20120726,000000,3.39,3.44,3.25,3.33,20155,0
SGR,D,20120727,000000,3.33,3.35,3.23,3.33,8583,0
SGR,D,20120730,000000,3.38,3.38,3.2,3.25,15274,0
SGR,D,20120731,000000,3.24,3.25,3.07,3.1,26740,0
SGR,D,20120801,000000,3.08,3.16,2.95,2.95,65470,0
SGR,D,20120802,000000,2.98,3.35,2.94,3.35,62522,0
SGR,D,20120803,000000,3.35,3.44,3.18,3.25,18588,0
SGR,D,20120806,000000,3.25,3.25,3.07,3.16,18712,0
SGR,D,20120807,000000,3.15,3.15,2.96,3.05,45064,0
SGR,D,20120808,000000,3.11,3.11,3.02,3.04,17791,0
SGR,D,20120809,000000,3.04,3.14,2.98,3.1,50292,0
SGR,D,20120810,000000,3.1,3.14,2.99,2.99,43854,0
SGR,D,20120813,000000,3.05,3.06,3,3.05,18477,0
SGR,D,20120814,000000,3.06,3.15,3.01,3.06,16775,0
SGR,D,20120816,000000,3.02,3.32,3.02,3.25,73602,0
SGR,D,20120817,000000,3.28,3.28,3.14,3.24,53858,0
SGR,D,20120820,000000,3.25,3.27,3.2,3.24,7979,0
SGR,D,20120821,000000,3.25,3.29,3.24,3.26,25869,0
SGR,D,20120822,000000,3.29,3.29,3.15,3.27,12246,0
SGR,D,20120823,000000,3.28,3.35,3.23,3.35,22308,0
SGR,D,20120824,000000,3.37,3.64,3.3,3.64,75194,0
SGR,D,20120827,000000,3.67,3.67,3.51,3.52,34075,0
SGR,D,20120828,000000,3.62,3.62,3.5,3.59,20683,0
SGR,D,20120829,000000,3.63,3.63,3.53,3.58,26993,0
SGR,D,20120830,000000,3.59,3.63,3.37,3.47,15413,0
SGR,D,20120831,000000,3.47,3.55,3.45,3.47,14868,0
SGR,D,20120903,000000,3.47,3.55,3.4,3.49,2487,0
SGR,D,20120904,000000,3.47,3.47,3.31,3.44,5721,0
SGR,D,20120905,000000,3.43,3.43,3.34,3.41,3467,0
SGR,D,20120906,000000,3.41,3.44,3.33,3.42,17231,0
SGR,D,20120907,000000,3.43,3.67,3.43,3.6,44516,0
SGR,D,20120910,000000,3.68,3.85,3.63,3.74,48188,0
SGR,D,20120911,000000,3.73,3.73,3.62,3.73,10066,0
SGR,D,20120912,000000,3.73,3.73,3.55,3.55,30315,0
SGR,D,20120913,000000,3.6,3.6,3.53,3.53,9446,0
SGR,D,20120914,000000,3.57,3.64,3.56,3.6,86466,0
SGR,D,20120917,000000,3.65,3.96,3.6,3.75,139373,0
SGR,D,20120918,000000,3.8,3.87,3.69,3.77,28503,0
SGR,D,20120919,000000,3.94,4.42,3.87,4.32,178154,0
SGR,D,20120920,000000,4.34,4.72,4.23,4.52,181915,0
SGR,D,20120921,000000,4.42,4.65,4.32,4.35,81335,0
SGR,D,20120924,000000,4.47,4.63,4.25,4.35,64367,0
SGR,D,20120925,000000,4.35,4.39,4.28,4.31,13935,0
SGR,D,20120926,000000,4.3,4.3,4.13,4.17,36304,0
SGR,D,20120927,000000,4.2,4.3,4.2,4.2,23259,0
SGR,D,20120928,000000,4.28,4.28,4.17,4.17,8606,0
SGR,D,20121001,000000,4.26,4.3,4.2,4.3,26179,0
SGR,D,20121002,000000,4.34,4.47,4.3,4.35,37366,0
SGR,D,20121003,000000,4.34,4.39,4.32,4.39,37449,0
SGR,D,20121004,000000,4.39,4.56,4.39,4.56,39288,0
SGR,D,20121005,000000,4.63,4.85,4.61,4.77,182006,0
SGR,D,20121008,000000,4.75,4.75,4.6,4.67,43180,0
SGR,D,20121009,000000,4.73,4.73,4.57,4.64,44595,0
SGR,D,20121010,000000,4.6,4.69,4.55,4.67,34394,0
SGR,D,20121011,000000,4.63,4.71,4.55,4.64,32377,0
SGR,D,20121012,000000,4.65,4.67,4.52,4.65,9734,0
SGR,D,20121015,000000,4.65,4.71,4.58,4.6,26931,0
SGR,D,20121016,000000,4.61,4.69,4.61,4.65,8010,0
SGR,D,20121017,000000,4.67,4.67,4.44,4.45,25333,0
SGR,D,20121018,000000,4.35,4.48,4.35,4.48,22744,0
SGR,D,20121019,000000,3.76,3.95,3.06,3.15,854776,0
SGR,D,20121022,000000,3.11,3.15,2.52,2.52,1085963,0
SGR,D,20121023,000000,2.56,2.81,2.44,2.61,999197,0
SGR,D,20121024,000000,2.64,2.82,2.64,2.71,226277,0
SGR,D,20121025,000000,2.8,3,2.75,3,296238,0
SGR,D,20121026,000000,3.03,3.03,2.85,2.87,218341,0
SGR,D,20121029,000000,2.9,2.9,2.62,2.63,149470,0
SGR,D,20121030,000000,2.65,2.75,2.63,2.75,101149,0
SGR,D,20121031,000000,2.75,2.76,2.68,2.72,56404,0
SGR,D,20121102,000000,2.72,2.78,2.7,2.73,27908,0
SGR,D,20121105,000000,2.73,2.75,2.62,2.75,40429,0
SGR,D,20121106,000000,2.72,2.75,2.68,2.69,40030,0
SGR,D,20121107,000000,2.69,2.73,2.55,2.55,196935,0
SGR,D,20121108,000000,2.56,2.62,2.54,2.57,70333,0
SGR,D,20121109,000000,2.58,2.58,2.42,2.47,62538,0
SGR,D,20121112,000000,2.5,2.65,2.47,2.56,73448,0
SGR,D,20121113,000000,2.59,2.64,2.57,2.58,49579,0
SGR,D,20121114,000000,2.59,2.61,2.55,2.59,15888,0
SGR,D,20121115,000000,2.59,2.61,2.53,2.56,15564,0
SGR,D,20121116,000000,2.56,2.56,1.95,1.99,634096,0
SGR,D,20121119,000000,2.02,2.07,1.53,1.83,944102,0
SGR,D,20121120,000000,1.82,1.82,1.68,1.71,463123,0
SGR,D,20121121,000000,1.73,1.73,1.46,1.49,1031712,0
SGR,D,20121122,000000,1.49,1.9,1.35,1.9,2868589,0
SGR,D,20121123,000000,1.85,1.97,1.78,1.83,1348740,0
SGR,D,20121126,000000,1.85,2.2,1.77,2.15,1645739,0
SGR,D,20121127,000000,2.15,2.24,1.95,2,1268637,0
SGR,D,20121128,000000,1.98,1.98,1.8,1.8,872756,0
SGR,D,20121129,000000,1.83,1.99,1.82,1.87,1028958,0
SGR,D,20121130,000000,1.9,1.94,1.84,1.9,367083,0
SGR,D,20121203,000000,1.91,1.93,1.84,1.89,127219,0
SGR,D,20121204,000000,1.88,1.88,1.66,1.68,579031,0
SGR,D,20121205,000000,1.69,1.76,1.56,1.67,520025,0
SGR,D,20121206,000000,1.65,1.75,1.59,1.68,626906,0
SGR,D,20121207,000000,1.7,1.87,1.66,1.8,778565,0
SGR,D,20121210,000000,1.82,2.09,1.77,2.08,1590841,0
SGR,D,20121211,000000,2.08,2.13,1.97,1.99,1032879,0
SGR,D,20121212,000000,1.98,2.08,1.9,1.97,653935,0
SGR,D,20121213,000000,2,2.04,1.95,2,257542,0
SGR,D,20121214,000000,1.92,2.27,1.92,2.12,1877948,0
SGR,D,20121217,000000,2.13,2.14,2.05,2.1,245648,0
SGR,D,20121218,000000,2.1,2.1,2.01,2.02,300617,0
SGR,D,20121219,000000,2,2.05,1.95,2.01,371327,0
SGR,D,20121220,000000,1.99,2.03,1.94,1.96,242773,0
SGR,D,20121221,000000,1.94,1.97,1.92,1.97,72990,0
SGR,D,20121227,000000,1.97,2.12,1.97,2.08,307190,0
SGR,D,20121228,000000,2.1,2.12,2.06,2.07,151668,0
SGR,D,20130102,000000,2.09,2.12,2.05,2.08,111281,0
SGR,D,20130103,000000,2.09,2.09,2.05,2.08,112398,0
SGR,D,20130104,000000,2.07,2.07,2,2.03,78742,0
SGR,D,20130107,000000,2.03,2.07,2.03,2.04,40937,0
SGR,D,20130108,000000,2.04,2.09,2,2.02,116559,0
SGR,D,20130109,000000,2.02,2.05,1.98,2,84356,0
SGR,D,20130110,000000,2,2.15,1.95,2.14,496489,0
SGR,D,20130111,000000,2.18,2.5,2.15,2.43,2013000,0
SGR,D,20130114,000000,2.48,2.5,2.34,2.37,701187,0
SGR,D,20130115,000000,2.14,2.19,1.85,1.86,1891254,0
SGR,D,20130116,000000,1.85,1.97,1.75,1.91,607114,0
SGR,D,20130117,000000,1.92,2.06,1.92,2.04,468630,0
SGR,D,20130118,000000,2.04,2.04,1.99,2.03,87653,0
SGR,D,20130121,000000,1.99,2.01,1.95,1.96,110776,0
SGR,D,20130122,000000,1.97,2.03,1.95,2,82091,0
SGR,D,20130123,000000,2.01,2.03,1.96,1.97,75223,0
SGR,D,20130124,000000,1.97,2.02,1.95,1.99,35367,0
SGR,D,20130125,000000,1.98,2,1.96,1.99,48000,0
SGR,D,20130128,000000,1.96,1.96,1.86,1.93,347453,0
SGR,D,20130129,000000,1.9,1.92,1.89,1.9,33416,0
SGR,D,20130130,000000,1.9,1.9,1.81,1.82,79116,0
SGR,D,20130131,000000,1.83,1.94,1.79,1.9,147265,0
SGR,D,20130201,000000,1.91,1.94,1.85,1.92,61599,0
SGR,D,20130204,000000,1.92,1.93,1.88,1.89,57589,0
SGR,D,20130205,000000,1.88,1.89,1.8,1.85,94605,0
SGR,D,20130206,000000,1.85,1.85,1.77,1.81,110405,0
SGR,D,20130207,000000,1.81,1.85,1.81,1.84,14818,0
SGR,D,20130208,000000,1.83,1.85,1.81,1.82,21245,0
SGR,D,20130211,000000,1.85,1.85,1.8,1.8,34161,0
SGR,D,20130212,000000,1.82,1.82,1.73,1.76,101519,0
SGR,D,20130213,000000,1.76,1.76,1.7,1.76,37218,0
SGR,D,20130214,000000,1.78,1.79,1.73,1.76,23281,0
SGR,D,20130215,000000,1.76,1.83,1.76,1.82,16794,0
SGR,D,20130218,000000,1.81,1.84,1.76,1.82,35776,0
SGR,D,20130219,000000,1.76,2.06,1.76,1.98,639829,0
SGR,D,20130220,000000,1.97,2.01,1.88,1.89,169429,0
SGR,D,20130221,000000,1.89,1.89,1.79,1.84,177171,0
SGR,D,20130222,000000,1.83,1.9,1.81,1.89,46193,0
SGR,D,20130225,000000,1.9,1.91,1.87,1.91,49066,0
SGR,D,20130226,000000,1.88,1.88,1.81,1.86,19561,0
SGR,D,20130227,000000,1.89,1.93,1.89,1.91,30590,0
SGR,D,20130228,000000,1.92,1.94,1.89,1.93,41067,0
SGR,D,20130301,000000,1.92,1.92,1.87,1.88,26999,0
SGR,D,20130304,000000,1.9,1.93,1.89,1.92,24981,0
SGR,D,20130305,000000,1.92,2.09,1.91,1.99,323612,0
SGR,D,20130306,000000,1.97,2.13,1.97,2.1,311290,0
SGR,D,20130307,000000,2.1,2.14,2,2,105252,0
SGR,D,20130308,000000,2,2.07,2,2.04,46315,0
SGR,D,20130311,000000,2.06,2.06,1.95,2.01,48416,0
SGR,D,20130312,000000,2,2.01,1.95,1.96,130642,0
SGR,D,20130313,000000,1.98,2.04,1.96,2,53062,0
SGR,D,20130314,000000,2,2.05,1.97,2,74944,0
SGR,D,20130315,000000,2.03,2.03,1.98,2.02,35257,0
SGR,D,20130318,000000,2.02,2.02,1.95,1.99,37364,0
SGR,D,20130319,000000,2.01,2.01,1.87,1.9,99433,0
SGR,D,20130320,000000,1.93,1.95,1.88,1.91,26336,0
SGR,D,20130321,000000,1.91,1.91,1.8,1.8,105816,0
SGR,D,20130322,000000,1.76,1.8,1.63,1.78,107360,0
SGR,D,20130325,000000,1.78,1.8,1.67,1.7,54988,0
SGR,D,20130326,000000,1.7,1.71,1.52,1.52,154901,0
SGR,D,20130327,000000,1.53,1.61,1.53,1.59,52712,0
SGR,D,20130328,000000,1.59,1.73,1.59,1.65,62944,0
SGR,D,20130402,000000,1.65,1.65,1.61,1.65,36227,0
SGR,D,20130403,000000,1.71,1.72,1.58,1.58,101295,0
SGR,D,20130404,000000,1.6,1.64,1.58,1.58,45280,0
SGR,D,20130405,000000,1.58,1.58,1.47,1.51,65485,0
SGR,D,20130408,000000,1.51,1.57,1.42,1.43,110030,0
SGR,D,20130409,000000,1.45,1.48,1.35,1.39,136470,0
SGR,D,20130410,000000,1.33,1.4,1.32,1.34,66362,0
SGR,D,20130411,000000,1.34,1.38,1.1,1.13,298818,0
SGR,D,20130412,000000,1.08,1.18,1.05,1.16,291766,0
SGR,D,20130415,000000,1.16,1.16,1.05,1.1,75244,0
SGR,D,20130417,000000,1.05,1.05,0.95,0.97,335275,0
SGR,D,20130418,000000,0.93,1.23,0.93,1.15,517361,0
SGR,D,20130419,000000,1.14,1.19,0.93,1.03,527106,0
SGR,D,20130422,000000,1.05,1.08,0.97,0.98,57116,0
SGR,D,20130423,000000,0.95,1,0.93,0.96,80466,0
SGR,D,20130424,000000,0.97,0.97,0.93,0.96,51562,0
SGR,D,20130425,000000,0.98,1.07,0.97,1.06,177241,0
SGR,D,20130426,000000,1.06,1.06,0.98,1.01,102368,0
SGR,D,20130429,000000,1.01,1.04,0.98,1.03,62701,0
SGR,D,20130430,000000,1.02,1.05,0.99,1.01,47791,0
SGR,D,20130502,000000,1.02,1.2,0.98,1.14,371346,0
SGR,D,20130506,000000,1.13,1.16,1.08,1.09,94267,0
SGR,D,20130507,000000,1.11,1.15,1.07,1.07,184146,0
SGR,D,20130508,000000,1.08,1.11,1.06,1.08,76511,0
SGR,D,20130509,000000,1.07,1.07,1.02,1.02,62278,0
SGR,D,20130510,000000,1.03,1.08,1.03,1.04,21947,0
SGR,D,20130513,000000,1.04,1.09,1.04,1.08,16005,0
SGR,D,20130514,000000,1.08,1.1,1.04,1.09,48814,0
SGR,D,20130515,000000,1.09,1.09,1.04,1.05,35203,0
SGR,D,20130516,000000,1.04,1.07,1.02,1.05,68610,0
SGR,D,20130517,000000,1.03,1.17,1.02,1.17,220582,0
SGR,D,20130520,000000,1.14,1.22,1.09,1.2,257865,0
SGR,D,20130521,000000,1.23,1.28,1.16,1.16,191260,0
SGR,D,20130522,000000,1.17,1.21,1.11,1.11,53064,0
SGR,D,20130523,000000,1.16,1.16,1.05,1.1,157516,0
SGR,D,20130524,000000,1.09,1.16,1.07,1.16,49917,0
SGR,D,20130527,000000,1.16,1.16,1.1,1.14,24094,0
SGR,D,20130528,000000,1.16,1.16,1.11,1.14,18678,0
SGR,D,20130529,000000,1.13,1.14,1.07,1.13,49591,0
SGR,D,20130531,000000,1.12,1.13,1.04,1.08,42549,0
SGR,D,20130603,000000,1.07,1.09,1.04,1.05,96310,0
SGR,D,20130604,000000,1.06,1.09,1.03,1.08,75586,0
SGR,D,20130605,000000,1.08,1.08,1.04,1.07,30613,0
SGR,D,20130606,000000,1.07,1.08,1.05,1.07,25474,0
SGR,D,20130607,000000,1.08,1.08,1.04,1.06,63186,0
SGR,D,20130610,000000,1.05,1.07,1.04,1.05,65166,0
SGR,D,20130611,000000,1.05,1.05,1.01,1.02,102398,0
SGR,D,20130612,000000,1.02,1.04,1,1.04,56639,0
SGR,D,20130613,000000,1.04,1.04,1.02,1.03,12838,0
SGR,D,20130614,000000,1.04,1.08,1.02,1.08,55356,0
SGR,D,20130617,000000,1.09,1.09,1.06,1.08,47628,0
SGR,D,20130618,000000,1.08,1.08,1.01,1.03,38664,0
SGR,D,20130619,000000,1.03,1.05,1.02,1.05,29120,0
SGR,D,20130620,000000,1.04,1.04,0.98,0.98,103060,0
SGR,D,20130621,000000,0.97,1.08,0.95,1.08,212760,0
SGR,D,20130624,000000,1.08,1.08,1.02,1.04,22543,0
SGR,D,20130625,000000,1.05,1.05,1.03,1.05,11004,0
SGR,D,20130626,000000,1.04,1.04,1,1.03,45767,0
SGR,D,20130627,000000,1,1.03,0.99,0.99,53149,0
SGR,D,20130628,000000,1,1.02,0.99,1.02,15713,0
SGR,D,20130701,000000,1.02,1.02,0.99,1,16588,0
SGR,D,20130702,000000,1,1.01,0.99,1.01,18386,0
SGR,D,20130703,000000,1.01,1.02,0.99,1.02,6548,0
SGR,D,20130704,000000,1,1.24,1,1.24,712533,0
SGR,D,20130705,000000,1.17,1.34,1.16,1.16,1261022,0
SGR,D,20130708,000000,1.17,1.17,1.09,1.11,131192,0
SGR,D,20130709,000000,1.12,1.12,1.05,1.07,106542,0
SGR,D,20130710,000000,1.05,1.09,1.03,1.04,45515,0
SGR,D,20130711,000000,1.06,1.12,1.05,1.07,136954,0
SGR,D,20130712,000000,1.08,1.09,0.99,1,233737,0
SGR,D,20130715,000000,1.01,1.04,1,1.04,47688,0
SGR,D,20130716,000000,1.02,1.06,1,1.03,61710,0
SGR,D,20130717,000000,1.03,1.05,1.01,1.01,22401,0
SGR,D,20130718,000000,1.03,1.04,1.01,1.02,27308,0
SGR,D,20130719,000000,1.03,1.06,1.01,1.03,70741,0
SGR,D,20130722,000000,1.03,1.05,1.02,1.02,24981,0
SGR,D,20130723,000000,1.04,1.04,1.01,1.01,14053,0
SGR,D,20130724,000000,1.01,1.03,1.01,1.02,34330,0
SGR,D,20130725,000000,1.01,1.02,1,1.01,22177,0
SGR,D,20130726,000000,1,1.02,0.99,1.01,47388,0
SGR,D,20130729,000000,1,1.01,0.98,0.98,76241,0
SGR,D,20130730,000000,0.98,1.07,0.98,1.06,216002,0
SGR,D,20130731,000000,1.05,1.12,1.02,1.02,311190,0
SGR,D,20130801,000000,1.04,1.06,1.01,1.04,53123,0
SGR,D,20130802,000000,1.04,1.05,1.01,1.02,200075,0
SGR,D,20130805,000000,1.04,1.04,1,1.02,40763,0
SGR,D,20130806,000000,1.02,1.04,1.01,1.03,25293,0
SGR,D,20130807,000000,1.03,1.04,1.02,1.04,13883,0
SGR,D,20130808,000000,1.04,1.06,1,1.01,183774,0
SGR,D,20130809,000000,1.02,1.2,1.02,1.14,1202858,0
SGR,D,20130812,000000,1.15,1.16,1.06,1.07,441925,0
SGR,D,20130813,000000,1.08,1.08,1.02,1.03,170227,0
SGR,D,20130814,000000,1.03,1.08,1.03,1.06,114513,0
SGR,D,20130816,000000,1.06,1.08,1.03,1.08,36902,0
SGR,D,20130819,000000,1.08,1.08,1.04,1.07,72211,0
SGR,D,20130820,000000,1.04,1.06,1.03,1.05,78790,0
SGR,D,20130821,000000,1.03,1.06,1.03,1.04,27166,0
SGR,D,20130822,000000,1.04,1.06,1.03,1.06,40425,0
SGR,D,20130823,000000,1.06,1.07,1.03,1.05,97372,0
SGR,D,20130826,000000,1.05,1.09,1.04,1.07,78094,0
SGR,D,20130827,000000,1.07,1.07,1.04,1.04,36776,0
SGR,D,20130828,000000,1.04,1.05,1.03,1.05,33189,0
SGR,D,20130829,000000,1.05,1.05,1.03,1.04,25192,0
SGR,D,20130830,000000,1.03,1.05,1.03,1.03,4405,0
SGR,D,20130902,000000,1.02,1.05,1.02,1.05,16862,0
SGR,D,20130903,000000,1.05,1.05,1.02,1.03,24540,0
SGR,D,20130904,000000,1.05,1.05,1.01,1.03,46954,0
SGR,D,20130905,000000,1.04,1.04,0.99,1.01,143881,0
SGR,D,20130906,000000,1.02,1.02,1,1,65637,0
SGR,D,20130909,000000,1.02,1.04,1,1.04,47782,0
SGR,D,20130910,000000,1.04,1.2,1.03,1.15,669548,0
SGR,D,20130911,000000,1.16,1.16,1.06,1.08,209687,0
SGR,D,20130912,000000,1.09,1.09,1.06,1.07,60319,0
SGR,D,20130913,000000,1.09,1.09,1.05,1.07,47045,0
SGR,D,20130916,000000,1.08,1.1,1.05,1.07,35960,0
SGR,D,20130917,000000,1.07,1.1,1.07,1.09,32978,0
SGR,D,20130918,000000,1.1,1.27,1.07,1.14,839606,0
SGR,D,20130919,000000,1.14,1.14,1.05,1.1,371438,0
SGR,D,20130920,000000,1.1,1.11,1.06,1.09,59994,0
SGR,D,20130923,000000,1.07,1.09,1.07,1.08,36497,0
SGR,D,20130924,000000,1.09,1.09,1.06,1.08,37096,0
SGR,D,20130925,000000,1.08,1.08,1.06,1.08,32697,0
SGR,D,20130926,000000,1.08,1.12,1.06,1.09,173995,0
SGR,D,20130927,000000,1.1,1.1,1.07,1.08,30129,0
SGR,D,20130930,000000,1.07,1.08,1.06,1.06,43897,0
SGR,D,20131001,000000,1.06,1.08,1.05,1.07,93721,0
SGR,D,20131002,000000,1.08,1.08,1.05,1.07,15802,0
SGR,D,20131003,000000,1.07,1.12,1.06,1.12,197650,0
SGR,D,20131004,000000,1.12,1.14,1.1,1.12,65790,0
SGR,D,20131007,000000,1.12,1.12,1.07,1.09,68266,0
SGR,D,20131008,000000,1.07,1.08,1.06,1.07,34263,0
SGR,D,20131009,000000,1.08,1.1,1.07,1.08,51529,0
SGR,D,20131010,000000,1.08,1.1,1.07,1.08,42559,0
SGR,D,20131011,000000,1.08,1.14,1.08,1.12,202711,0
SGR,D,20131014,000000,1.1,1.15,1.1,1.15,172512,0
SGR,D,20131015,000000,1.18,1.2,1.15,1.17,178035,0
SGR,D,20131016,000000,1.19,1.19,1.13,1.16,69337,0
SGR,D,20131017,000000,1.17,1.17,1.11,1.11,51549,0
SGR,D,20131018,000000,1.11,1.14,1.08,1.14,44113,0
SGR,D,20131021,000000,1.14,1.14,1.1,1.12,23566,0
SGR,D,20131022,000000,1.12,1.12,1.09,1.11,55042,0
SGR,D,20131023,000000,1.11,1.11,1.08,1.1,27446,0
SGR,D,20131024,000000,1.1,1.12,1.09,1.1,41490,0
SGR,D,20131025,000000,1.12,1.12,1.09,1.11,30072,0
SGR,D,20131028,000000,1.11,1.12,1.1,1.11,26191,0
SGR,D,20131029,000000,1.11,1.11,1.08,1.11,58803,0
SGR,D,20131030,000000,1.1,1.11,1.09,1.1,28812,0
SGR,D,20131031,000000,1.1,1.1,1.07,1.08,55556,0
SGR,D,20131104,000000,1.08,1.08,1.05,1.08,67540,0
SGR,D,20131105,000000,1.07,1.09,1.06,1.08,69085,0
SGR,D,20131106,000000,1.07,1.07,1.04,1.04,98089,0
SGR,D,20131107,000000,1.03,1.03,0.95,0.96,869602,0
SGR,D,20131108,000000,0.96,0.98,0.95,0.98,174764,0
SGR,D,20131112,000000,0.98,0.98,0.96,0.98,8969,0
SGR,D,20131113,000000,0.97,0.97,0.95,0.97,50811,0
SGR,D,20131114,000000,0.98,0.98,0.96,0.97,49159,0
SGR,D,20131115,000000,0.96,0.97,0.95,0.97,54097,0
SGR,D,20131118,000000,0.97,0.97,0.95,0.95,71798,0
SGR,D,20131119,000000,0.95,0.97,0.92,0.92,84759,0
SGR,D,20131120,000000,0.92,0.94,0.92,0.94,75098,0
SGR,D,20131121,000000,0.93,0.94,0.92,0.94,5939,0
SGR,D,20131122,000000,0.94,0.94,0.92,0.92,34510,0
SGR,D,20131125,000000,0.92,0.93,0.89,0.9,86496,0
SGR,D,20131126,000000,0.91,0.91,0.82,0.82,169055,0
SGR,D,20131127,000000,0.83,0.84,0.75,0.78,376498,0
SGR,D,20131128,000000,0.77,0.79,0.76,0.78,75275,0
SGR,D,20131129,000000,0.73,0.73,0.66,0.68,411492,0
SGR,D,20131202,000000,0.67,0.68,0.66,0.67,92292,0
SGR,D,20131203,000000,0.67,0.67,0.61,0.61,310244,0
SGR,D,20131204,000000,0.6,0.6,0.5,0.5,785773,0
SGR,D,20131205,000000,0.49,0.58,0.48,0.54,1215725,0
SGR,D,20131206,000000,0.54,0.56,0.52,0.54,282169,0
SGR,D,20131209,000000,0.54,0.56,0.52,0.53,244932,0
SGR,D,20131210,000000,0.53,0.63,0.53,0.63,685867,0
SGR,D,20131211,000000,0.64,0.67,0.59,0.6,649694,0
SGR,D,20131212,000000,0.62,0.62,0.57,0.58,86479,0
SGR,D,20131213,000000,0.57,0.59,0.56,0.58,41332,0
SGR,D,20131216,000000,0.58,0.59,0.56,0.57,33667,0
SGR,D,20131217,000000,0.56,0.56,0.52,0.53,110195,0
SGR,D,20131218,000000,0.53,0.53,0.52,0.52,82539,0
SGR,D,20131219,000000,0.52,0.54,0.51,0.51,76645,0
SGR,D,20131220,000000,0.51,0.54,0.5,0.51,245685,0
SGR,D,20131223,000000,0.5,0.53,0.5,0.51,63919,0
SGR,D,20131227,000000,0.51,0.53,0.5,0.53,69222,0
SGR,D,20131230,000000,0.52,0.54,0.52,0.53,92244,0
SGR,D,20140102,000000,0.53,0.55,0.53,0.54,33896,0
SGR,D,20140103,000000,0.54,0.58,0.53,0.57,144695,0
SGR,D,20140107,000000,0.58,0.59,0.54,0.55,118812,0
SGR,D,20140108,000000,0.55,0.65,0.55,0.64,481717,0
SGR,D,20140109,000000,0.65,0.66,0.6,0.62,435250,0
SGR,D,20140110,000000,0.62,0.63,0.6,0.61,132476,0
SGR,D,20140113,000000,0.59,0.62,0.59,0.6,111542,0
SGR,D,20140114,000000,0.6,0.71,0.59,0.68,490249,0
SGR,D,20140115,000000,0.7,0.72,0.66,0.71,315043,0
SGR,D,20140116,000000,0.69,0.71,0.68,0.7,118854,0
SGR,D,20140117,000000,0.71,0.71,0.67,0.71,273573,0
SGR,D,20140120,000000,0.68,0.7,0.68,0.69,71339,0
SGR,D,20140121,000000,0.7,0.7,0.66,0.66,191994,0
SGR,D,20140122,000000,0.66,0.67,0.6,0.61,327080,0
SGR,D,20140123,000000,0.61,0.62,0.58,0.61,217558,0
SGR,D,20140124,000000,0.61,0.65,0.61,0.61,124617,0
SGR,D,20140127,000000,0.6,0.61,0.6,0.61,47100,0
SGR,D,20140128,000000,0.6,0.64,0.6,0.63,109606,0
SGR,D,20140129,000000,0.64,0.64,0.62,0.63,42886,0
SGR,D,20140130,000000,0.61,0.63,0.6,0.63,38159,0
SGR,D,20140131,000000,0.63,0.63,0.6,0.62,31501,0
SGR,D,20140203,000000,0.62,0.62,0.6,0.62,47789,0
SGR,D,20140204,000000,0.6,0.61,0.6,0.61,12334,0
SGR,D,20140205,000000,0.61,0.62,0.6,0.61,15819,0
SGR,D,20140206,000000,0.61,0.66,0.61,0.64,372755,0
SGR,D,20140207,000000,0.65,0.65,0.63,0.65,39981,0
SGR,D,20140210,000000,0.64,0.64,0.63,0.63,44039,0
SGR,D,20140211,000000,0.62,0.65,0.61,0.65,113303,0
SGR,D,20140212,000000,0.65,0.65,0.62,0.62,50599,0
SGR,D,20140213,000000,0.63,0.64,0.6,0.62,70063,0
SGR,D,20140214,000000,0.62,0.63,0.61,0.63,50265,0
SGR,D,20140217,000000,0.64,0.64,0.62,0.63,17919,0
SGR,D,20140218,000000,0.64,0.7,0.63,0.63,1148342,0
SGR,D,20140219,000000,0.62,0.66,0.59,0.62,373800,0
SGR,D,20140220,000000,0.63,0.66,0.59,0.65,416373,0
SGR,D,20140221,000000,0.65,0.68,0.64,0.64,237289,0
SGR,D,20140224,000000,0.68,0.91,0.66,0.91,2125338,0
SGR,D,20140225,000000,1,1.2,1,1.08,2865037,0
SGR,D,20140226,000000,1.08,1.08,0.92,0.92,995054,0
SGR,D,20140227,000000,0.87,1.04,0.85,0.97,1304820,0
SGR,D,20140228,000000,0.98,1.02,0.93,0.94,390803,0
SGR,D,20140303,000000,0.77,0.85,0.71,0.73,941671,0
SGR,D,20140304,000000,0.8,0.87,0.77,0.85,823246,0
SGR,D,20140305,000000,0.87,0.87,0.8,0.83,520161,0
SGR,D,20140306,000000,0.82,0.84,0.81,0.81,123222,0
SGR,D,20140307,000000,0.81,0.81,0.73,0.74,314465,0
SGR,D,20140310,000000,0.74,0.8,0.72,0.76,231243,0
SGR,D,20140311,000000,0.77,0.86,0.71,0.83,532930,0
SGR,D,20140312,000000,0.83,0.98,0.76,0.8,1495665,0
SGR,D,20140313,000000,0.81,0.93,0.8,0.83,947306,0
SGR,D,20140314,000000,0.81,0.83,0.76,0.79,247166,0
SGR,D,20140317,000000,0.83,0.9,0.82,0.83,610908,0
SGR,D,20140318,000000,0.85,0.89,0.8,0.87,618271,0
SGR,D,20140319,000000,0.85,0.91,0.84,0.86,517672,0
SGR,D,20140320,000000,0.86,0.87,0.82,0.83,206462,0
SGR,D,20140321,000000,0.84,0.85,0.81,0.81,135947,0
SGR,D,20140324,000000,0.83,0.83,0.78,0.8,149814,0
SGR,D,20140325,000000,0.81,0.84,0.81,0.83,58056,0
SGR,D,20140326,000000,0.83,0.86,0.81,0.83,137061,0
SGR,D,20140327,000000,0.84,0.84,0.81,0.82,56379,0
SGR,D,20140328,000000,0.83,1,0.81,1,1571203,0
SGR,D,20140331,000000,1.01,1.08,0.91,0.93,1603154,0
SGR,D,20140401,000000,0.95,0.96,0.89,0.91,429779,0
SGR,D,20140402,000000,0.93,0.97,0.91,0.91,411600,0
SGR,D,20140403,000000,0.92,0.94,0.91,0.92,85671,0
SGR,D,20140404,000000,0.92,0.94,0.89,0.89,162902,0
SGR,D,20140407,000000,0.88,0.92,0.88,0.88,108664,0
SGR,D,20140408,000000,0.9,0.9,0.84,0.86,127385,0
SGR,D,20140409,000000,0.87,0.91,0.85,0.9,152544,0
SGR,D,20140410,000000,0.9,0.92,0.87,0.88,79423,0
SGR,D,20140411,000000,0.87,0.88,0.86,0.87,27849,0
SGR,D,20140414,000000,0.86,0.86,0.79,0.83,220419,0
SGR,D,20140415,000000,0.83,0.83,0.81,0.81,13390,0
SGR,D,20140416,000000,0.84,0.84,0.79,0.8,65568,0
SGR,D,20140417,000000,0.8,0.84,0.78,0.81,87253,0
SGR,D,20140422,000000,0.83,0.88,0.82,0.85,221926,0
SGR,D,20140423,000000,0.85,0.87,0.82,0.83,67057,0
SGR,D,20140424,000000,0.83,0.83,0.82,0.82,43993,0
SGR,D,20140425,000000,0.81,0.83,0.8,0.81,64386,0
SGR,D,20140428,000000,0.8,0.82,0.8,0.81,37358,0
SGR,D,20140429,000000,0.8,0.84,0.8,0.82,16681,0
SGR,D,20140430,000000,0.79,0.81,0.79,0.8,40237,0
SGR,D,20140502,000000,0.8,0.8,0.79,0.79,17816,0
SGR,D,20150225,000000,0.29,0.29,0.29,0.29,142910,0
SGR,D,20150226,000000,0.3,0.35,0.3,0.35,220564,0
SGR,D,20150227,000000,0.44,0.48,0.44,0.48,163940,0
SGR,D,20150302,000000,0.55,0.55,0.49,0.49,86006,0
SGR,D,20150303,000000,0.5,0.5,0.49,0.49,57533,0
SGR,D,20150304,000000,0.36,0.39,0.36,0.39,33502,0
SGR,D,20150305,000000,0.38,0.39,0.38,0.39,28833,0
SGR,D,20150306,000000,0.39,0.39,0.38,0.38,13160,0
SGR,D,20150309,000000,0.38,0.38,0.38,0.38,23357,0
SGR,D,20150310,000000,0.39,0.39,0.36,0.36,17000,0
SGR,D,20150311,000000,0.36,0.36,0.36,0.36,43102,0
SGR,D,20150312,000000,0.36,0.36,0.34,0.34,18508,0
SGR,D,20150313,000000,0.3,0.3,0.3,0.3,30640,0
SGR,D,20150316,000000,0.32,0.32,0.3,0.3,12000,0
SGR,D,20150317,000000,0.31,0.31,0.31,0.31,8558,0
SGR,D,20150318,000000,0.32,0.32,0.31,0.31,11851,0
SGR,D,20150319,000000,0.3,0.3,0.29,0.29,64494,0
SGR,D,20150320,000000,0.29,0.29,0.28,0.28,24248,0
SGR,D,20150323,000000,0.26,0.26,0.22,0.22,19859,0
SGR,D,20150324,000000,0.22,0.22,0.22,0.22,87846,0
SGR,D,20150325,000000,0.17,0.17,0.17,0.17,89973,0
SGR,D,20150326,000000,0.16,0.16,0.16,0.16,164572,0
SGR,D,20150327,000000,0.17,0.17,0.17,0.17,12572,0
SGR,D,20150330,000000,0.17,0.17,0.17,0.17,45606,0
SGR,D,20150331,000000,0.17,0.17,0.17,0.17,38800,0
SGR,D,20150401,000000,0.17,0.21,0.15,0.21,280898,0
SGR,D,20150402,000000,0.26,0.29,0.25,0.29,234608,0
SGR,D,20150407,000000,0.35,0.4,0.33,0.4,254915,0
SGR,D,20150408,000000,0.41,0.44,0.35,0.35,519976,0
SGR,D,20150409,000000,0.36,0.38,0.33,0.33,232655,0
SGR,D,20150410,000000,0.34,0.35,0.32,0.33,161092,0
SGR,D,20150413,000000,0.34,0.36,0.33,0.36,189179,0
SGR,D,20150414,000000,0.36,0.36,0.34,0.35,41105,0
SGR,D,20150415,000000,0.35,0.36,0.34,0.35,30863,0
SGR,D,20150416,000000,0.35,0.35,0.31,0.33,118529,0
SGR,D,20150417,000000,0.33,0.33,0.31,0.32,19016,0
SGR,D,20150420,000000,0.29,0.31,0.28,0.3,97791,0
SGR,D,20150421,000000,0.3,0.31,0.3,0.31,16174,0
SGR,D,20150422,000000,0.31,0.31,0.31,0.31,3316,0
SGR,D,20150423,000000,0.3,0.3,0.27,0.29,20648,0
SGR,D,20150424,000000,0.27,0.29,0.27,0.29,50409,0
SGR,D,20150427,000000,0.29,0.3,0.29,0.3,7849,0
SGR,D,20150428,000000,0.3,0.3,0.28,0.29,16463,0
SGR,D,20150429,000000,0.28,0.29,0.28,0.29,31512,0
SGR,D,20150430,000000,0.27,0.29,0.27,0.29,15510,0
SGR,D,20150504,000000,0.27,0.3,0.27,0.3,10904,0
SGR,D,20160218,000000,0.15,0.19,0.15,0.19,182967,0
SGR,D,20160219,000000,0.2,0.21,0.2,0.21,73718,0
SGR,D,20160222,000000,0.2,0.2,0.2,0.2,18765,0
SGR,D,20160223,000000,0.2,0.2,0.2,0.2,57838,0
SGR,D,20160224,000000,0.21,0.22,0.21,0.22,47012,0
SGR,D,20160225,000000,0.23,0.24,0.23,0.24,37072,0
SGR,D,20160226,000000,0.25,0.26,0.25,0.26,49317,0
SGR,D,20160229,000000,0.26,0.26,0.26,0.26,44256,0
SGR,D,20160301,000000,0.27,0.27,0.27,0.27,22948,0
SGR,D,20160302,000000,0.29,0.29,0.29,0.29,35945,0
SGR,D,20160303,000000,0.29,0.29,0.29,0.29,54836,0
SGR,D,20160304,000000,0.27,0.27,0.27,0.27,17033,0
SGR,D,20160307,000000,0.27,0.27,0.27,0.27,30117,0
SGR,D,20160309,000000,0.24,0.24,0.23,0.23,10154,0
SGR,D,20160310,000000,0.22,0.23,0.22,0.23,7994,0
SGR,D,20160311,000000,0.24,0.24,0.24,0.24,10014,0
SGR,D,20160314,000000,0.26,0.26,0.22,0.22,2143,0
SGR,D,20160315,000000,0.22,0.22,0.22,0.22,2725,0
SGR,D,20160316,000000,0.22,0.22,0.22,0.22,3257,0
SGR,D,20160317,000000,0.24,0.24,0.23,0.23,3296,0
SGR,D,20160321,000000,0.24,0.24,0.24,0.24,10691,0
SGR,D,20160322,000000,0.23,0.23,0.23,0.23,500,0
SGR,D,20160323,000000,0.24,0.24,0.23,0.23,4483,0
SGR,D,20160324,000000,0.25,0.25,0.25,0.25,1000,0
SGR,D,20160329,000000,0.24,0.24,0.24,0.24,400,0
SGR,D,20160330,000000,0.23,0.23,0.23,0.23,15017,0
SGR,D,20160331,000000,0.22,0.22,0.22,0.22,1000,0
SGR,D,20160405,000000,0.18,0.18,0.18,0.18,4232,0
SGR,D,20160406,000000,0.2,0.22,0.2,0.22,1514,0
SGR,D,20160407,000000,0.23,0.23,0.23,0.23,4406,0
SGR,D,20160408,000000,0.23,0.23,0.23,0.23,15800,0
SGR,D,20160411,000000,0.23,0.23,0.21,0.21,6679,0
SGR,D,20160412,000000,0.24,0.24,0.24,0.24,500,0
SGR,D,20160414,000000,0.23,0.23,0.23,0.23,5000,0
SGR,D,20160415,000000,0.2,0.22,0.2,0.22,1168,0
SGR,D,20160418,000000,0.23,0.23,0.23,0.23,19032,0
SGR,D,20160419,000000,0.21,0.21,0.21,0.21,1400,0
SGR,D,20160420,000000,0.23,0.23,0.23,0.23,5086,0
SGR,D,20160421,000000,0.22,0.23,0.22,0.23,2699,0
SGR,D,20160422,000000,0.22,0.22,0.21,0.21,6105,0
SGR,D,20160425,000000,0.21,0.21,0.21,0.21,31456,0
SGR,D,20160426,000000,0.2,0.2,0.2,0.2,4155,0
SGR,D,20160427,000000,0.2,0.2,0.2,0.2,9927,0
SGR,D,20160428,000000,0.2,0.2,0.2,0.2,5073,0
SGR,D,20160502,000000,0.22,0.22,0.22,0.22,9456,0
SGR,D,20160504,000000,0.21,0.21,0.21,0.21,9093,0
SGR,D,20160707,000000,0.18,0.18,0.17,0.17,109968,0
SGR,D,20160708,000000,0.17,0.17,0.16,0.16,22946,0
SGR,D,20160711,000000,0.16,0.16,0.16,0.16,39000,0
SGR,D,20160712,000000,0.17,0.18,0.17,0.18,13424,0
SGR,D,20160713,000000,0.18,0.18,0.18,0.18,13490,0
SGR,D,20160714,000000,0.19,0.19,0.19,0.19,17928,0
SGR,D,20160715,000000,0.2,0.2,0.2,0.2,13211,0
SGR,D,20160718,000000,0.21,0.21,0.2,0.2,5545,0
SGR,D,20160719,000000,0.21,0.21,0.2,0.2,7750,0
SGR,D,20160720,000000,0.2,0.2,0.2,0.2,6120,0
SGR,D,20160721,000000,0.18,0.18,0.17,0.17,7413,0
SGR,D,20160722,000000,0.17,0.17,0.17,0.17,10150,0
SGR,D,20160725,000000,0.18,0.18,0.18,0.18,15277,0
SGR,D,20160726,000000,0.19,0.19,0.19,0.19,11371,0
SGR,D,20160727,000000,0.2,0.2,0.2,0.2,29008,0
SGR,D,20160729,000000,0.22,0.22,0.22,0.22,7069,0
SGR,D,20160801,000000,0.23,0.24,0.23,0.24,18765,0
SGR,D,20160802,000000,0.25,0.29,0.25,0.29,87587,0
SGR,D,20160803,000000,0.3,0.3,0.29,0.29,39825,0
SGR,D,20160804,000000,0.25,0.25,0.23,0.23,33195,0
SGR,D,20160805,000000,0.23,0.23,0.23,0.23,5517,0
SGR,D,20160808,000000,0.24,0.24,0.24,0.24,11180,0
SGR,D,20160810,000000,0.23,0.23,0.23,0.23,2158,0
SGR,D,20160811,000000,0.24,0.24,0.24,0.24,450,0
SGR,D,20160812,000000,0.24,0.24,0.24,0.24,5000,0
SGR,D,20160817,000000,0.21,0.21,0.21,0.21,5060,0
SGR,D,20160818,000000,0.22,0.22,0.22,0.22,3510,0
SGR,D,20160819,000000,0.21,0.21,0.2,0.2,5132,0
SGR,D,20160822,000000,0.19,0.19,0.19,0.19,29000,0
SGR,D,20160823,000000,0.14,0.14,0.14,0.14,45796,0
SGR,D,20160824,000000,0.18,0.18,0.18,0.18,21375,0
SGR,D,20160825,000000,0.19,0.19,0.19,0.19,7580,0
SGR,D,20160826,000000,0.2,0.2,0.2,0.2,13056,0
SGR,D,20160829,000000,0.2,0.2,0.2,0.2,2776,0
SGR,D,20160830,000000,0.19,0.19,0.19,0.19,2500,0
SGR,D,20160831,000000,0.19,0.19,0.19,0.19,1128,0
SGR,D,20160901,000000,0.18,0.19,0.18,0.19,3021,0
SGR,D,20160902,000000,0.19,0.19,0.19,0.19,5000,0
SGR,D,20160905,000000,0.18,0.18,0.18,0.18,6055,0
SGR,D,20160906,000000,0.19,0.2,0.19,0.2,3040,0
SGR,D,20160907,000000,0.19,0.2,0.19,0.2,2500,0
SGR,D,20160912,000000,0.2,0.2,0.2,0.2,300,0
SGR,D,20160914,000000,0.2,0.2,0.2,0.2,3071,0
SGR,D,20160915,000000,0.18,0.18,0.18,0.18,2900,0
SGR,D,20160916,000000,0.18,0.2,0.18,0.2,8770,0
SGR,D,20160919,000000,0.2,0.2,0.2,0.2,3496,0
SGR,D,20160920,000000,0.18,0.2,0.18,0.2,4700,0
SGR,D,20160921,000000,0.19,0.19,0.19,0.19,3000,0
SGR,D,20160922,000000,0.2,0.2,0.2,0.2,4565,0
SGR,D,20160923,000000,0.2,0.2,0.2,0.2,3728,0
SGR,D,20160926,000000,0.18,0.19,0.18,0.19,11295,0
SGR,D,20160927,000000,0.2,0.22,0.2,0.22,78368,0
SGR,D,20160928,000000,0.24,0.25,0.24,0.25,94732,0
SGR,D,20160929,000000,0.27,0.28,0.27,0.28,88502,0
SGR,D,20160930,000000,0.28,0.28,0.27,0.27,43193,0
SGR,D,20161003,000000,0.24,0.24,0.23,0.23,49672,0
SGR,D,20161004,000000,0.25,0.27,0.25,0.27,68584,0
SGR,D,20161005,000000,0.32,0.32,0.32,0.32,129984,0
SGR,D,20161006,000000,0.42,0.42,0.42,0.42,565868,0
SGR,D,20161007,000000,0.44,0.46,0.44,0.46,217723,0
SGR,D,20161010,000000,0.54,0.54,0.54,0.54,189978,0
SGR,D,20161011,000000,0.8,0.8,0.8,0.8,170314,0
SGR,D,20161012,000000,0.78,0.78,0.56,0.56,240536,0
SGR,D,20161013,000000,0.57,0.59,0.57,0.59,89840,0
SGR,D,20161014,000000,0.7,0.7,0.63,0.63,80688,0
SGR,D,20161017,000000,0.59,0.59,0.56,0.56,169733,0
SGR,D,20161018,000000,0.51,0.51,0.46,0.46,72541,0
SGR,D,20161019,000000,0.43,0.43,0.43,0.43,61000,0
SGR,D,20161020,000000,0.54,0.54,0.54,0.54,33363,0
SGR,D,20161021,000000,0.58,0.58,0.55,0.55,39950,0
SGR,D,20161024,000000,0.5,0.5,0.45,0.45,49126,0
SGR,D,20161025,000000,0.41,0.42,0.41,0.42,38269,0
SGR,D,20161026,000000,0.42,0.42,0.42,0.42,35241,0
SGR,D,20161027,000000,0.46,0.46,0.46,0.46,27410,0
SGR,D,20161028,000000,0.48,0.48,0.48,0.48,13388,0
SGR,D,20161031,000000,0.47,0.47,0.45,0.45,11030,0
SGR,D,20161102,000000,0.42,0.43,0.42,0.43,11455,0
SGR,D,20161103,000000,0.42,0.42,0.42,0.42,3801,0
SGR,D,20161104,000000,0.39,0.39,0.38,0.38,20354,0
SGR,D,20161107,000000,0.39,0.39,0.38,0.38,59001,0
SGR,D,20161108,000000,0.4,0.4,0.4,0.4,51223,0
SGR,D,20161109,000000,0.41,0.49,0.41,0.49,26924,0
SGR,D,20161110,000000,0.45,0.45,0.45,0.45,22879,0
SGR,D,20161114,000000,0.46,0.46,0.46,0.46,17565,0
SGR,D,20161115,000000,0.46,0.47,0.46,0.47,4072,0
SGR,D,20161116,000000,0.46,0.46,0.45,0.45,2621,0
SGR,D,20161117,000000,0.46,0.46,0.4,0.4,28138,0
SGR,D,20161118,000000,0.4,0.4,0.4,0.4,14099,0
SGR,D,20161121,000000,0.43,0.43,0.43,0.43,37400,0
SGR,D,20161122,000000,0.44,0.44,0.44,0.44,6450,0
SGR,D,20161123,000000,0.44,0.44,0.44,0.44,18295,0
SGR,D,20161124,000000,0.44,0.44,0.42,0.42,5600,0
SGR,D,20161125,000000,0.4,0.42,0.4,0.42,28600,0
SGR,D,20161128,000000,0.41,0.41,0.4,0.4,11030,0
SGR,D,20161129,000000,0.42,0.42,0.42,0.42,1000,0
SGR,D,20161130,000000,0.38,0.42,0.38,0.42,13054,0
SGR,D,20161201,000000,0.41,0.41,0.4,0.4,7250,0
SGR,D,20161202,000000,0.39,0.39,0.39,0.39,8799,0
SGR,D,20161205,000000,0.39,0.39,0.38,0.38,6327,0
SGR,D,20161206,000000,0.39,0.39,0.38,0.38,6774,0
SGR,D,20161207,000000,0.39,0.39,0.38,0.38,7165,0
SGR,D,20161208,000000,0.37,0.37,0.37,0.37,14194,0
SGR,D,20161209,000000,0.36,0.37,0.36,0.37,32080,0
SGR,D,20161212,000000,0.41,0.41,0.4,0.4,4905,0
SGR,D,20161213,000000,0.37,0.38,0.37,0.38,6800,0
SGR,D,20161214,000000,0.38,0.38,0.36,0.36,20076,0
SGR,D,20161215,000000,0.38,0.38,0.36,0.36,4012,0
SGR,D,20161216,000000,0.38,0.38,0.36,0.36,1780,0
SGR,D,20161219,000000,0.36,0.36,0.35,0.35,41476,0
SGR,D,20161220,000000,0.35,0.35,0.31,0.31,28632,0
SGR,D,20161221,000000,0.32,0.32,0.32,0.32,51962,0
SGR,D,20161223,000000,0.38,0.4,0.38,0.4,30272,0
SGR,D,20161227,000000,0.4,0.4,0.4,0.4,57484,0
SGR,D,20161228,000000,0.38,0.38,0.38,0.38,43750,0
SGR,D,20161229,000000,0.36,0.36,0.35,0.35,47848,0
SGR,D,20161230,000000,0.36,0.36,0.36,0.36,42775,0
SGR,D,20170102,000000,0.38,0.44,0.38,0.44,89904,0
SGR,D,20170103,000000,0.46,0.49,0.46,0.49,148798,0
SGR,D,20170104,000000,0.5,0.5,0.5,0.5,34378,0
SGR,D,20170105,000000,0.53,0.54,0.53,0.54,26651,0
SGR,D,20170109,000000,0.53,0.53,0.53,0.53,10086,0
SGR,D,20170110,000000,0.53,0.53,0.47,0.47,9025,0
SGR,D,20170111,000000,0.47,0.47,0.46,0.46,18999,0
SGR,D,20170112,000000,0.48,0.51,0.48,0.51,7884,0
SGR,D,20170113,000000,0.52,0.52,0.52,0.52,52066,0
SGR,D,20170116,000000,0.51,0.51,0.5,0.5,10465,0
SGR,D,20170117,000000,0.5,0.52,0.5,0.52,17784,0
SGR,D,20170118,000000,0.53,0.54,0.53,0.54,57578,0
SGR,D,20170119,000000,0.55,0.57,0.55,0.57,51631,0
SGR,D,20170120,000000,0.6,0.6,0.6,0.6,52907,0
SGR,D,20170123,000000,0.61,0.61,0.61,0.61,39818,0
SGR,D,20170124,000000,0.6,0.6,0.57,0.57,17372,0
SGR,D,20170125,000000,0.57,0.57,0.57,0.57,14255,0
SGR,D,20170126,000000,0.57,0.57,0.55,0.55,14423,0
SGR,D,20170127,000000,0.53,0.53,0.51,0.51,24958,0
SGR,D,20170130,000000,0.44,0.48,0.44,0.48,91027,0
SGR,D,20170131,000000,0.48,0.48,0.47,0.47,11239,0
SGR,D,20170201,000000,0.46,0.46,0.45,0.45,75788,0
SGR,D,20170202,000000,0.44,0.44,0.42,0.42,49319,0
SGR,D,20170203,000000,0.45,0.45,0.45,0.45,23650,0
SGR,D,20170206,000000,0.48,0.48,0.48,0.48,2200,0
SGR,D,20170207,000000,0.48,0.48,0.47,0.47,6181,0
SGR,D,20170208,000000,0.44,0.45,0.44,0.45,15697,0
SGR,D,20170209,000000,0.46,0.46,0.45,0.45,11014,0
SGR,D,20170210,000000,0.45,0.47,0.45,0.47,4322,0
SGR,D,20170213,000000,0.45,0.46,0.45,0.46,8200,0
SGR,D,20170214,000000,0.47,0.47,0.47,0.47,16324,0
SGR,D,20170215,000000,0.48,0.48,0.45,0.45,4235,0
SGR,D,20170216,000000,0.48,0.48,0.48,0.48,2500,0
SGR,D,20170217,000000,0.48,0.48,0.48,0.48,24281,0
SGR,D,20170220,000000,0.53,0.53,0.52,0.52,41825,0
SGR,D,20170221,000000,0.51,0.51,0.51,0.51,2000,0
SGR,D,20170222,000000,0.49,0.49,0.49,0.49,26407,0
SGR,D,20170223,000000,0.52,0.52,0.5,0.5,833,0
SGR,D,20170224,000000,0.47,0.47,0.47,0.47,2900,0
SGR,D,20170227,000000,0.49,0.49,0.47,0.47,9550,0
SGR,D,20170228,000000,0.46,0.46,0.45,0.45,24065,0
SGR,D,20170301,000000,0.45,0.45,0.44,0.44,14776,0
SGR,D,20170302,000000,0.44,0.44,0.43,0.43,17794,0
SGR,D,20170303,000000,0.42,0.42,0.42,0.42,39562,0
SGR,D,20170306,000000,0.41,0.42,0.41,0.42,27398,0
SGR,D,20170307,000000,0.4,0.4,0.4,0.4,51073,0
SGR,D,20170308,000000,0.4,0.4,0.4,0.4,6900,0
SGR,D,20170309,000000,0.37,0.39,0.37,0.39,34229,0
SGR,D,20170310,000000,0.39,0.39,0.39,0.39,17042,0
SGR,D,20170313,000000,0.39,0.39,0.38,0.38,14546,0
SGR,D,20170314,000000,0.38,0.38,0.38,0.38,15289,0
SGR,D,20170315,000000,0.38,0.38,0.38,0.38,26430,0
SGR,D,20170316,000000,0.4,0.4,0.4,0.4,2000,0
SGR,D,20170317,000000,0.38,0.38,0.38,0.38,4190,0
SGR,D,20170320,000000,0.38,0.38,0.37,0.37,5131,0
SGR,D,20170321,000000,0.37,0.37,0.36,0.36,19718,0
SGR,D,20170322,000000,0.36,0.36,0.36,0.36,2000,0
SGR,D,20170323,000000,0.35,0.35,0.35,0.35,20000,0
SGR,D,20170324,000000,0.35,0.35,0.35,0.35,1000,0
SGR,D,20170327,000000,0.37,0.37,0.37,0.37,2000,0
SGR,D,20170329,000000,0.36,0.36,0.35,0.35,5609,0
SGR,D,20170330,000000,0.34,0.34,0.34,0.34,13811,0
SGR,D,20170331,000000,0.34,0.34,0.34,0.34,526,0
SGR,D,20170406,000000,0.34,0.34,0.34,0.34,300,0
SGR,D,20170407,000000,0.28,0.28,0.28,0.28,25875,0
SGR,D,20170410,000000,0.34,0.34,0.34,0.34,5103,0
SGR,D,20170411,000000,0.34,0.34,0.3,0.3,935,0
SGR,D,20170412,000000,0.3,0.3,0.3,0.3,3100,0
SGR,D,20170413,000000,0.29,0.29,0.29,0.29,20323,0
SGR,D,20170419,000000,0.28,0.28,0.28,0.28,5416,0
SGR,D,20170421,000000,0.28,0.28,0.28,0.28,2055,0
SGR,D,20170424,000000,0.28,0.28,0.28,0.28,3684,0
SGR,D,20170425,000000,0.28,0.28,0.28,0.28,1330,0
SGR,D,20170426,000000,0.29,0.29,0.29,0.29,2593,0
SGR,D,20170427,000000,0.29,0.29,0.29,0.29,5795,0
SGR,D,20170428,000000,0.32,0.32,0.32,0.32,3155,0
SGR,D,20170502,000000,0.32,0.32,0.32,0.32,8655,0
SGR,D,20170504,000000,0.31,0.31,0.3,0.3,7345,0
SGR,D,20180404,000000,0.26,0.28,0.26,0.28,50303,0
SGR,D,20180405,000000,0.26,0.26,0.26,0.26,650,0
SGR,D,20180411,000000,0.18,0.18,0.18,0.18,3785,0
SGR,D,20180412,000000,0.18,0.18,0.18,0.18,24672,0
SGR,D,20180413,000000,0.18,0.18,0.18,0.18,26775,0
SGR,D,20180416,000000,0.19,0.19,0.19,0.19,4502,0
SGR,D,20180418,000000,0.19,0.19,0.19,0.19,4290,0
SGR,D,20180420,000000,0.18,0.18,0.18,0.18,1062,0
SGR,D,20180423,000000,0.18,0.18,0.18,0.18,3550,0
SGR,D,20180424,000000,0.18,0.18,0.16,0.16,500,0
SGR,D,20180425,000000,0.15,0.15,0.15,0.15,891,0
SGR,D,20180426,000000,0.11,0.12,0.11,0.12,38911,0
SGR,D,20180427,000000,0.13,0.13,0.13,0.13,53398,0
SGR,D,20180430,000000,0.12,0.12,0.12,0.12,28589,0
SGR,D,20180502,000000,0.12,0.12,0.12,0.12,12000,0
