<TICKER>,<PER>,<DATE>,<TIME>,<OPEN>,<HIGH>,<LOW>,<CLOSE>,<VOL>,<OPENINT>
SKH,D,20141118,000000,21.228,21.228,20.363,20.715,22918,0
SKH,D,20141119,000000,20.715,20.97,20.05,20.864,8549,0
SKH,D,20141120,000000,20.927,20.99,20.927,20.984,6121,0
SKH,D,20141121,000000,20.927,21.178,20.802,21.178,4683,0
SKH,D,20141124,000000,21.271,21.29,21.209,21.241,2113,0
SKH,D,20141125,000000,21.209,21.209,20.99,21.115,7532,0
SKH,D,20141126,000000,21.115,21.178,20.74,20.99,1168,0
SKH,D,20141127,000000,20.99,21.115,20.74,20.99,5809,0
SKH,D,20141128,000000,20.99,21.115,20.99,20.99,1170,0
SKH,D,20141201,000000,20.489,20.677,20.489,20.677,1229,0
SKH,D,20141202,000000,20.677,20.953,20.432,20.953,690,0
SKH,D,20141203,000000,21.115,21.115,20.502,21.115,4624,0
SKH,D,20141204,000000,20.99,20.99,20.684,20.984,1699,0
SKH,D,20141205,000000,20.802,20.802,20.74,20.74,1657,0
SKH,D,20141208,000000,20.677,20.677,20.432,20.432,135,0
SKH,D,20141209,000000,20.05,20.802,20.05,20.677,4746,0
SKH,D,20141210,000000,20.677,20.677,20.614,20.614,367,0
SKH,D,20141211,000000,20.363,20.37,20.307,20.363,1052,0
SKH,D,20141212,000000,20.545,20.545,20.07,20.363,10353,0
SKH,D,20141215,000000,20.112,20.689,20.112,20.363,881,0
SKH,D,20141216,000000,20.207,20.363,20.207,20.256,239,0
SKH,D,20141217,000000,20.281,20.614,20.281,20.519,820,0
SKH,D,20141218,000000,20.677,20.677,20.519,20.519,87,0
SKH,D,20141219,000000,20.67,20.677,20.67,20.677,21,0
SKH,D,20141222,000000,20.363,20.614,20.156,20.3,971,0
SKH,D,20141223,000000,20.156,20.156,20.156,20.156,426,0
SKH,D,20141229,000000,20.156,20.802,18.797,20.363,3257,0
SKH,D,20150102,000000,19.612,20.927,19.612,20.927,456,0
SKH,D,20150107,000000,20.3,20.677,20.3,20.677,759,0
SKH,D,20150108,000000,20.677,20.677,19.838,20.363,6453,0
SKH,D,20150109,000000,20.055,20.363,20.055,20.363,3930,0
SKH,D,20150112,000000,20.05,20.363,20.05,20.363,7300,0
SKH,D,20150113,000000,20.614,20.614,20.614,20.614,138,0
SKH,D,20150114,000000,19.799,20.614,19.799,20.118,302,0
SKH,D,20150115,000000,20.055,20.055,20.05,20.05,501,0
SKH,D,20150116,000000,18.922,20.576,18.922,20.576,70,0
SKH,D,20150119,000000,18.797,20.363,18.797,20.363,8419,0
SKH,D,20150120,000000,20.363,20.363,20.363,20.363,2075,0
SKH,D,20150121,000000,20.583,20.583,20.112,20.112,119,0
SKH,D,20150122,000000,20.363,20.677,20.363,20.677,2611,0
SKH,D,20150123,000000,20.677,22.488,20.677,22.336,57432,0
SKH,D,20150126,000000,22.619,24.123,22.619,23.765,31176,0
SKH,D,20150127,000000,24.148,24.404,23.496,23.678,15213,0
SKH,D,20150128,000000,23.684,23.81,22.557,23.81,8178,0
SKH,D,20150129,000000,23.81,23.842,23.534,23.747,2004,0
SKH,D,20150130,000000,23.81,23.81,23.464,23.54,1842,0
SKH,D,20150202,000000,23.747,24.041,23.559,23.684,7267,0
SKH,D,20150203,000000,23.81,23.935,23.747,23.747,6424,0
SKH,D,20150204,000000,23.81,24.123,23.496,23.81,5420,0
SKH,D,20150205,000000,23.81,23.81,23.621,23.81,12721,0
SKH,D,20150206,000000,23.715,23.81,23.715,23.81,1666,0
SKH,D,20150209,000000,23.81,23.81,22.681,23.81,5279,0
SKH,D,20150210,000000,23.81,23.81,23.214,23.81,8219,0
SKH,D,20150211,000000,24.123,24.123,23.534,23.589,5383,0
SKH,D,20150212,000000,23.496,23.496,22.054,22.525,11269,0
SKH,D,20150213,000000,22.681,22.869,22.557,22.869,3997,0
SKH,D,20150216,000000,22.883,22.883,22.562,22.65,3016,0
SKH,D,20150217,000000,22.562,22.933,22.562,22.933,17404,0
SKH,D,20150218,000000,22.933,23.182,22.933,23.182,196,0
SKH,D,20150219,000000,22.869,23.113,22.869,23.059,3897,0
SKH,D,20150220,000000,22.907,23.171,22.883,23.171,729,0
SKH,D,20150223,000000,23.12,23.12,22.888,23.12,295,0
SKH,D,20150224,000000,23.089,23.089,22.807,22.933,1620,0
SKH,D,20150225,000000,23.059,23.113,23.05,23.059,8579,0
SKH,D,20150226,000000,23.113,23.252,23.069,23.252,1717,0
SKH,D,20150227,000000,23.49,25.062,23.49,24.938,9824,0
SKH,D,20150302,000000,24.938,25.377,24.562,25.377,7270,0
SKH,D,20150303,000000,25.695,26.247,25.501,25.688,8707,0
SKH,D,20150304,000000,25.688,26.19,25.501,26.19,3949,0
SKH,D,20150305,000000,26.253,26.629,25.125,25.564,6359,0
SKH,D,20150306,000000,25.688,25.688,25.069,25.069,2987,0
SKH,D,20150309,000000,25.125,25.683,25.125,25.125,709,0
SKH,D,20150310,000000,25.094,25.094,24.556,24.705,6833,0
SKH,D,20150311,000000,24.687,25.345,24.687,25.345,2029,0
SKH,D,20150312,000000,25.683,25.683,24.905,25.488,314,0
SKH,D,20150313,000000,25.501,25.683,25.501,25.626,803,0
SKH,D,20150316,000000,25.619,25.619,25.564,25.564,367,0
SKH,D,20150317,000000,25.501,25.688,24.812,25.031,1841,0
SKH,D,20150318,000000,25.377,26.691,25.377,26.691,8525,0
SKH,D,20150319,000000,27.35,28.196,26.691,28.196,10449,0
SKH,D,20150320,000000,28.133,29.668,28.133,28.508,3233,0
SKH,D,20150323,000000,28.508,29.172,28.202,29.003,730,0
SKH,D,20150324,000000,28.508,28.815,27.574,27.895,1882,0
SKH,D,20150325,000000,27.895,28.07,26.66,27.137,1402,0
SKH,D,20150326,000000,27.381,27.381,26.942,26.942,25025,0
SKH,D,20150327,000000,26.942,27.506,26.942,26.942,48264,0
SKH,D,20150330,000000,27.475,27.475,26.816,27.375,7121,0
SKH,D,20150331,000000,27.217,27.312,26.923,26.942,3571,0
SKH,D,20150401,000000,27.068,27.35,26.816,26.942,2911,0
SKH,D,20150402,000000,27.35,27.35,26.942,26.942,3879,0
SKH,D,20150407,000000,27.568,28.784,26.942,27.444,7845,0
SKH,D,20150408,000000,27.757,27.931,27.086,27.568,6127,0
SKH,D,20150409,000000,27.568,28.196,27.481,27.9,40428,0
SKH,D,20150410,000000,28.202,30.27,28.196,30.074,19447,0
SKH,D,20150413,000000,30.263,30.263,29.266,29.524,5802,0
SKH,D,20150414,000000,29.48,29.48,29.197,29.449,53285,0
SKH,D,20150415,000000,29.449,30.946,29.449,30.702,6241,0
SKH,D,20150416,000000,30.702,31.241,30.111,30.702,4934,0
SKH,D,20150417,000000,30.702,31.822,30.702,31.485,16333,0
SKH,D,20150420,000000,31.329,31.329,31.015,31.329,6437,0
SKH,D,20150421,000000,31.641,31.641,31.266,31.266,1169,0
SKH,D,20150422,000000,31.108,31.297,30.651,31.297,21592,0
SKH,D,20150423,000000,30.771,31.516,30.702,31.203,13066,0
SKH,D,20150424,000000,31.297,31.822,31.203,31.516,34645,0
SKH,D,20150427,000000,31.516,31.516,30.771,30.771,2306,0
SKH,D,20150428,000000,30.67,31.266,30.489,31.203,3188,0
SKH,D,20150429,000000,31.171,31.171,30.702,31.091,1462,0
SKH,D,20150430,000000,30.708,31.203,30.708,31.165,536,0
SKH,D,20150504,000000,30.952,30.952,30.884,30.884,504,0
SKH,D,20150505,000000,30.826,30.826,29.022,29.524,7589,0
SKH,D,20150506,000000,29.524,30.069,29.354,29.354,3049,0
SKH,D,20150507,000000,29.172,29.449,29.172,29.449,1795,0
SKH,D,20150508,000000,29.512,30.074,28.508,30.074,5773,0
SKH,D,20150511,000000,29.587,30.388,29.587,30.388,2866,0
SKH,D,20150512,000000,30.388,30.515,29.794,30.2,3109,0
SKH,D,20150513,000000,30.2,30.2,29.229,29.969,3359,0
SKH,D,20150514,000000,30.074,30.074,29.166,29.172,6138,0
SKH,D,20150515,000000,28.953,30.074,28.953,29.944,3767,0
SKH,D,20150518,000000,29.887,30.074,29.636,30.074,9406,0
SKH,D,20150519,000000,29.763,30.074,29.732,29.763,2335,0
SKH,D,20150520,000000,29.763,29.763,29.135,29.763,1473,0
SKH,D,20150521,000000,29.763,30.319,29.686,29.686,36456,0
SKH,D,20150522,000000,30.063,30.67,29.58,30.426,6265,0
SKH,D,20150525,000000,30.702,31.146,30.577,30.577,6567,0
SKH,D,20150526,000000,30.577,30.577,29.763,30.557,4217,0
SKH,D,20150527,000000,30.382,30.557,30.325,30.388,10862,0
SKH,D,20150528,000000,30.551,30.557,30.357,30.357,4447,0
SKH,D,20150529,000000,30.363,30.363,30.088,30.357,1980,0
SKH,D,20150601,000000,30.357,30.357,29.763,29.763,7837,0
SKH,D,20150602,000000,29.794,30.357,29.794,29.8,3635,0
SKH,D,20150603,000000,29.763,30.263,29.763,30.074,2234,0
SKH,D,20150605,000000,30.106,30.232,30.074,30.074,553,0
SKH,D,20150608,000000,30.194,30.194,29.767,29.767,1365,0
SKH,D,20150609,000000,29.449,29.732,27.017,27.851,16116,0
SKH,D,20150610,000000,28.822,28.822,27.643,28.559,3856,0
SKH,D,20150611,000000,28.571,28.571,28.265,28.289,1788,0
SKH,D,20150612,000000,28.289,28.559,27.061,27.287,4322,0
SKH,D,20150615,000000,27.318,27.381,27.318,27.318,1462,0
SKH,D,20150616,000000,27.318,27.318,25.187,26.629,6220,0
SKH,D,20150617,000000,26.316,26.572,25.877,25.877,4092,0
SKH,D,20150618,000000,25.564,25.688,25.187,25.187,6710,0
SKH,D,20150619,000000,25.187,25.996,25.187,25.564,3832,0
SKH,D,20150622,000000,25.501,26.816,25.501,26.19,1574,0
SKH,D,20150623,000000,26.316,26.753,26.19,26.753,1721,0
SKH,D,20150624,000000,26.753,26.753,25.094,25.094,11985,0
SKH,D,20150625,000000,25.176,25.688,23.872,24.191,2435,0
SKH,D,20150626,000000,24.254,25.043,23.842,23.842,6016,0
SKH,D,20150629,000000,22.557,22.557,22.313,22.437,13026,0
SKH,D,20150630,000000,22.243,23.113,22.243,22.243,10892,0
SKH,D,20150701,000000,22.117,23.747,22.117,23.559,3612,0
SKH,D,20150702,000000,23.496,25,23.496,24.774,4810,0
SKH,D,20150703,000000,24.75,24.75,24.123,24.524,9294,0
SKH,D,20150706,000000,23.81,23.81,23.027,23.271,8583,0
SKH,D,20150707,000000,23.376,23.853,23.371,23.371,2376,0
SKH,D,20150708,000000,23.859,23.859,22.243,22.681,1295,0
SKH,D,20150709,000000,22.681,22.694,22.588,22.681,2672,0
SKH,D,20150710,000000,22.869,22.869,22.688,22.706,4777,0
SKH,D,20150713,000000,22.888,22.888,22.838,22.845,7336,0
SKH,D,20150714,000000,22.933,23.233,22.933,23.05,2076,0
SKH,D,20150715,000000,23.065,23.065,22.996,22.996,1909,0
SKH,D,20150716,000000,22.996,24.875,22.996,24.687,6305,0
SKH,D,20150717,000000,24.636,25,24.435,24.925,2987,0
SKH,D,20150720,000000,25.062,25.688,25.062,25.382,3505,0
SKH,D,20150721,000000,25.688,25.84,25.688,25.84,14257,0
SKH,D,20150722,000000,25.84,25.84,24.435,25.062,3512,0
SKH,D,20150723,000000,25,25.25,24.75,25.25,11018,0
SKH,D,20150724,000000,25.377,25.439,25.062,25.062,16693,0
SKH,D,20150727,000000,25.062,25.062,24.75,24.75,9892,0
SKH,D,20150728,000000,24.75,24.75,24.435,24.498,603,0
SKH,D,20150729,000000,24.655,24.655,24.655,24.655,20,0
SKH,D,20150730,000000,24.75,25.062,24.687,25.062,327,0
SKH,D,20150731,000000,24.938,25.062,24.812,25.062,2385,0
SKH,D,20150803,000000,25.062,25.062,24.98,24.98,864,0
SKH,D,20150804,000000,25.062,25.062,24.435,24.435,863,0
SKH,D,20150805,000000,25.062,25.377,24.75,25.377,4249,0
SKH,D,20150806,000000,25.225,25.225,24.429,24.429,2963,0
SKH,D,20150807,000000,24.254,24.687,23.904,24.687,500,0
SKH,D,20150810,000000,24.812,25.688,24.805,25.508,4315,0
SKH,D,20150811,000000,25.688,25.815,25.508,25.564,5154,0
SKH,D,20150812,000000,25.688,25.688,24.536,25.057,1223,0
SKH,D,20150813,000000,24.931,24.938,24.624,24.75,1235,0
SKH,D,20150814,000000,24.435,24.75,24.435,24.435,652,0
SKH,D,20150817,000000,24.938,24.938,22.713,22.926,6775,0
SKH,D,20150818,000000,22.744,22.788,22.557,22.713,10196,0
SKH,D,20150819,000000,22.619,23.182,22.619,23.027,196,0
SKH,D,20150820,000000,23.027,23.182,23.027,23.182,1112,0
SKH,D,20150821,000000,23.182,23.182,21.436,21.835,3112,0
SKH,D,20150824,000000,21.804,21.804,19.993,20.363,9847,0
SKH,D,20150825,000000,20.05,21.303,20.05,21.303,3265,0
SKH,D,20150826,000000,21.491,21.491,20.387,20.401,6331,0
SKH,D,20150827,000000,21.241,21.241,21.209,21.209,760,0
SKH,D,20150828,000000,21.742,21.861,21.742,21.742,174,0
SKH,D,20150831,000000,21.93,23.059,21.93,22.9,3223,0
SKH,D,20150901,000000,22.869,22.869,22.368,22.544,1676,0
SKH,D,20150902,000000,22.675,22.675,22.675,22.675,282,0
SKH,D,20150903,000000,22.368,22.776,22.368,22.776,90,0
SKH,D,20150904,000000,22.557,22.557,22.53,22.53,681,0
SKH,D,20150907,000000,22.55,22.557,22.054,22.054,2671,0
SKH,D,20150908,000000,22.243,22.557,22.243,22.287,3354,0
SKH,D,20150909,000000,22.557,22.557,22.318,22.35,58311,0
SKH,D,20150910,000000,22.355,22.557,22.35,22.557,1931,0
SKH,D,20150911,000000,22.557,22.557,22.105,22.557,700,0
SKH,D,20150914,000000,22.557,22.557,21.93,22.55,946,0
SKH,D,20150915,000000,22.117,22.55,22.117,22.55,269,0
SKH,D,20150916,000000,22.55,22.869,22.55,22.807,3062,0
SKH,D,20150917,000000,22.807,23.107,22.807,23.107,2184,0
SKH,D,20150918,000000,23.089,23.102,22.813,22.813,1729,0
SKH,D,20150921,000000,22.557,22.557,22.494,22.557,731,0
SKH,D,20150922,000000,22.619,22.681,22.557,22.557,3250,0
SKH,D,20150923,000000,22.625,22.996,22.557,22.996,6212,0
SKH,D,20150924,000000,23.096,23.096,22.557,22.557,384,0
SKH,D,20150925,000000,23.182,24.217,23.182,23.81,11209,0
SKH,D,20150928,000000,23.935,24.435,23.684,23.81,7592,0
SKH,D,20150929,000000,23.753,23.753,23.182,23.684,2990,0
SKH,D,20150930,000000,23.922,23.922,21.999,23.715,5742,0
SKH,D,20151001,000000,24.377,24.377,23.9,23.9,895,0
SKH,D,20151002,000000,24.173,24.173,23.558,23.764,886,0
SKH,D,20151005,000000,22.841,23.217,22.575,22.718,2483,0
SKH,D,20151006,000000,22.985,22.985,22.759,22.875,5279,0
SKH,D,20151007,000000,23.217,23.217,23.217,23.217,146,0
SKH,D,20151008,000000,22.957,22.957,22.944,22.944,430,0
SKH,D,20151009,000000,22.875,23.073,22.759,22.875,3167,0
SKH,D,20151012,000000,22.875,22.875,22.199,22.199,2218,0
SKH,D,20151013,000000,22.295,22.295,21.25,21.49,4615,0
SKH,D,20151014,000000,21.258,21.258,20.219,20.636,3100,0
SKH,D,20151015,000000,20.643,21.168,20.643,20.718,2056,0
SKH,D,20151016,000000,21.059,21.708,21.059,21.373,4660,0
SKH,D,20151019,000000,21.708,22.992,21.168,21.987,5645,0
SKH,D,20151020,000000,22.001,22.875,22.001,22.875,1340,0
SKH,D,20151021,000000,22.534,22.875,22.534,22.534,779,0
SKH,D,20151022,000000,22.868,22.875,22.199,22.739,896,0
SKH,D,20151023,000000,22.568,22.739,22.193,22.193,250,0
SKH,D,20151026,000000,22.193,22.534,22.193,22.534,163,0
SKH,D,20151027,000000,22.534,22.534,22.193,22.534,510,0
SKH,D,20151028,000000,22.534,22.978,22.193,22.978,785,0
SKH,D,20151029,000000,22.534,22.534,22.534,22.534,51,0
SKH,D,20151030,000000,22.193,22.193,21.919,22.193,483,0
SKH,D,20151102,000000,22.193,22.507,22.193,22.507,1918,0
SKH,D,20151103,000000,22.499,22.534,21.236,22.534,59057,0
SKH,D,20151104,000000,22.499,22.499,22.499,22.499,168,0
SKH,D,20151105,000000,22.499,22.499,21.168,21.845,1045,0
SKH,D,20151106,000000,21.441,21.777,21.168,21.777,1499,0
SKH,D,20151109,000000,21.346,21.777,21.298,21.298,1675,0
SKH,D,20151110,000000,21.298,21.68,21.298,21.68,488,0
SKH,D,20151112,000000,21.304,21.708,21.304,21.708,2854,0
SKH,D,20151113,000000,21.708,21.987,21.708,21.715,2149,0
SKH,D,20151116,000000,21.304,21.715,20.567,21.715,13597,0
SKH,D,20151117,000000,21.304,21.509,20.84,21.509,3521,0
SKH,D,20151118,000000,20.758,21.162,20.758,21.079,5201,0
SKH,D,20151119,000000,21.079,21.646,21.031,21.646,681,0
SKH,D,20151120,000000,21.509,21.509,21.181,21.509,2487,0
SKH,D,20151123,000000,21.516,21.516,21.509,21.509,150,0
SKH,D,20151124,000000,21.373,21.708,21.373,21.708,2343,0
SKH,D,20151125,000000,22.863,22.875,22.193,22.193,1826,0
SKH,D,20151126,000000,22.227,22.841,22.227,22.841,5622,0
SKH,D,20151127,000000,22.856,22.856,21.031,22.254,1787,0
SKH,D,20151130,000000,21.715,22.186,21.312,21.509,5983,0
SKH,D,20151201,000000,22.056,22.056,21.1,21.1,5472,0
SKH,D,20151202,000000,20.875,21.1,20.697,21.1,1970,0
SKH,D,20151203,000000,21.509,21.708,21.1,21.708,783,0
SKH,D,20151204,000000,20.895,21.441,20.758,21.441,1486,0
SKH,D,20151207,000000,21.503,21.503,20.758,21.441,1333,0
SKH,D,20151208,000000,21.155,21.162,21.155,21.162,378,0
SKH,D,20151209,000000,20.711,21.134,20.697,21.134,1163,0
SKH,D,20151210,000000,21.134,21.134,20.758,21.134,377,0
SKH,D,20151211,000000,21.1,21.1,20.758,21.093,248,0
SKH,D,20151214,000000,20.758,20.758,19.721,19.721,12551,0
SKH,D,20151215,000000,19.257,19.803,18.403,19.194,3542,0
SKH,D,20151216,000000,18.853,19.189,18.853,19.126,1189,0
SKH,D,20151217,000000,20,20.397,19.462,20.009,9046,0
SKH,D,20151218,000000,19.871,19.871,19.462,19.604,1960,0
SKH,D,20151221,000000,19.803,20.281,19.604,20.281,455,0
SKH,D,20151222,000000,19.612,20.397,19.604,20.342,1075,0
SKH,D,20151223,000000,19.604,20.212,19.604,20.144,946,0
SKH,D,20151228,000000,19.667,20.349,19.052,20.349,4191,0
SKH,D,20151229,000000,20.383,20.485,20.383,20.417,11020,0
SKH,D,20151230,000000,19.468,21.85,19.468,21.85,12727,0
SKH,D,20160104,000000,22.493,22.493,20.247,20.506,895,0
SKH,D,20160105,000000,21.845,21.845,19.687,19.687,6274,0
SKH,D,20160107,000000,19.803,19.993,18.779,19.987,2628,0
SKH,D,20160108,000000,19.393,19.7,19.393,19.7,354,0
SKH,D,20160111,000000,19.161,19.789,19.161,19.789,1757,0
SKH,D,20160112,000000,19.796,19.796,19.667,19.667,345,0
SKH,D,20160113,000000,19.673,19.673,19.113,19.113,953,0
SKH,D,20160114,000000,19.113,19.113,18.369,18.437,39820,0
SKH,D,20160115,000000,18.472,19.12,18.342,18.437,7819,0
SKH,D,20160118,000000,18.095,18.095,17.106,18.006,2515,0
SKH,D,20160119,000000,17.425,18.437,17.425,18.437,16044,0
SKH,D,20160120,000000,17.761,18.369,17.761,18.369,1266,0
SKH,D,20160121,000000,17.932,18.369,17.113,18.301,8668,0
SKH,D,20160122,000000,18.095,18.293,17.686,17.686,18061,0
SKH,D,20160125,000000,18.301,18.301,17.754,17.754,274,0
SKH,D,20160126,000000,17.754,18.437,17.754,18.437,205,0
SKH,D,20160127,000000,18.095,18.095,17.754,17.754,1401,0
SKH,D,20160128,000000,17.754,17.761,17.625,17.754,3355,0
SKH,D,20160129,000000,18.021,18.266,17.754,18.266,7999,0
SKH,D,20160201,000000,18.437,18.437,18.437,18.437,11444,0
SKH,D,20160202,000000,18.437,18.437,18.301,18.301,2419,0
SKH,D,20160203,000000,18.301,18.369,17.754,18.369,6266,0
SKH,D,20160204,000000,17.618,17.891,17.481,17.754,6739,0
SKH,D,20160205,000000,17.754,17.754,17.378,17.734,40607,0
SKH,D,20160208,000000,17.625,17.85,17.625,17.83,5170,0
SKH,D,20160209,000000,17.767,17.945,17.563,17.891,29118,0
SKH,D,20160210,000000,17.809,17.822,17.809,17.822,498,0
SKH,D,20160211,000000,17.754,17.754,17.754,17.754,430,0
SKH,D,20160212,000000,17.686,17.686,17.557,17.563,4816,0
SKH,D,20160215,000000,17.57,17.891,17.563,17.576,1699,0
SKH,D,20160216,000000,17.584,17.679,16.122,17.064,4695,0
SKH,D,20160217,000000,16.907,18.301,16.525,18.014,9034,0
SKH,D,20160218,000000,18.642,18.642,18.089,18.095,1457,0
SKH,D,20160219,000000,17.932,18.095,17.345,18.095,1696,0
SKH,D,20160222,000000,17.891,18.573,17.891,18.369,1817,0
SKH,D,20160223,000000,17.898,18.342,17.891,18.342,930,0
SKH,D,20160224,000000,18.198,18.198,17.98,18.192,1082,0
SKH,D,20160225,000000,17.993,18.573,17.993,18.573,3630,0
SKH,D,20160226,000000,18.669,20.499,18.669,20.485,4326,0
SKH,D,20160229,000000,20.553,20.553,19.871,20.281,313,0
SKH,D,20160301,000000,20.144,20.144,19.598,19.598,3590,0
SKH,D,20160302,000000,19.598,20.957,18.505,20.827,7264,0
SKH,D,20160303,000000,21.093,21.838,21.093,21.715,48545,0
SKH,D,20160304,000000,20.861,21.838,20.485,21.838,8960,0
SKH,D,20160307,000000,21.85,21.85,20.97,20.991,1088,0
SKH,D,20160308,000000,21.236,21.85,21.236,21.509,4146,0
SKH,D,20160309,000000,21.599,22.021,21.599,22.021,399,0
SKH,D,20160310,000000,22.021,22.021,21.987,21.987,980,0
SKH,D,20160311,000000,21.619,23.039,21.619,23.039,1200,0
SKH,D,20160314,000000,22.998,22.998,22.534,22.568,3421,0
SKH,D,20160315,000000,22.534,22.582,22.534,22.568,1573,0
SKH,D,20160316,000000,22.534,22.534,22.534,22.534,894,0
SKH,D,20160317,000000,21.606,22.534,21.606,22.534,1787,0
SKH,D,20160318,000000,21.995,22.732,21.987,22.499,2128,0
SKH,D,20160321,000000,22.499,22.499,21.865,22.493,1145,0
SKH,D,20160322,000000,22.083,22.534,22.083,22.527,1766,0
SKH,D,20160323,000000,22.527,22.875,22.527,22.875,1706,0
SKH,D,20160324,000000,22.534,22.534,22.527,22.534,431,0
SKH,D,20160329,000000,22.077,22.521,22.077,22.521,899,0
SKH,D,20160330,000000,22.514,23.764,22.514,23.764,6262,0
SKH,D,20160331,000000,23.764,23.9,23.764,23.9,2970,0
SKH,D,20160401,000000,23.9,23.9,23.217,23.217,436,0
SKH,D,20160404,000000,23.9,24.105,23.9,24.105,785,0
SKH,D,20160405,000000,23.934,23.967,23.729,23.729,507,0
SKH,D,20160406,000000,23.292,23.865,23.217,23.858,560,0
SKH,D,20160407,000000,23.817,23.817,23.039,23.755,2298,0
SKH,D,20160408,000000,22.985,23.558,22.267,22.739,6286,0
SKH,D,20160411,000000,22.739,22.739,21.94,22.534,2088,0
SKH,D,20160412,000000,22.193,22.356,21.886,22.322,3615,0
SKH,D,20160413,000000,22.309,22.316,21.243,22.049,7146,0
SKH,D,20160414,000000,23.736,23.736,22.344,22.985,45,0
SKH,D,20160415,000000,23.626,23.626,23.005,23.005,293,0
SKH,D,20160418,000000,22.534,23.599,22.26,23.087,1808,0
SKH,D,20160419,000000,22.534,22.807,22.499,22.534,3530,0
SKH,D,20160420,000000,22.26,22.521,21.721,22.049,1822,0
SKH,D,20160421,000000,22.056,22.056,21.509,21.85,1667,0
SKH,D,20160422,000000,21.85,22.049,21.85,22.049,1069,0
SKH,D,20160425,000000,22.049,22.049,21.85,21.987,498,0
SKH,D,20160426,000000,21.85,21.85,21.516,21.715,1330,0
SKH,D,20160427,000000,21.715,21.715,21.448,21.448,607,0
SKH,D,20160428,000000,21.407,21.407,21.168,21.236,2082,0
SKH,D,20160429,000000,21.85,21.85,21.845,21.845,2297,0
SKH,D,20160502,000000,21.816,21.845,21.816,21.845,97,0
SKH,D,20160504,000000,21.168,21.168,20.772,20.881,1238,0
SKH,D,20160505,000000,20.861,21.168,20.861,21.1,634,0
SKH,D,20160506,000000,21.148,21.148,21.148,21.148,45,0
SKH,D,20160509,000000,20.861,20.861,20.758,20.827,14822,0
SKH,D,20160510,000000,21.079,21.079,20.69,20.69,488,0
SKH,D,20160511,000000,20.553,20.553,19.809,20.212,5466,0
SKH,D,20160512,000000,19.803,19.803,19.27,19.728,1294,0
SKH,D,20160513,000000,19.721,19.721,19.161,19.161,726,0
SKH,D,20160516,000000,19.667,19.667,19.667,19.667,51,0
SKH,D,20160517,000000,19.667,19.667,19.325,19.325,3131,0
SKH,D,20160518,000000,19.14,19.632,19.12,19.598,533,0
SKH,D,20160519,000000,19.803,19.803,18.984,18.984,2681,0
SKH,D,20160520,000000,18.962,19.454,18.642,19.454,315,0
SKH,D,20160523,000000,19.359,19.359,19.359,19.359,46,0
SKH,D,20160524,000000,19.393,19.393,19.052,19.052,398,0
SKH,D,20160525,000000,19.454,19.454,18.758,19.03,2479,0
SKH,D,20160527,000000,19.12,19.12,19.113,19.113,391,0
SKH,D,20160530,000000,19.386,19.386,19.12,19.12,731,0
SKH,D,20160531,000000,19.12,19.12,18.758,18.772,3100,0
SKH,D,20160601,000000,18.628,18.642,18.245,18.245,2362,0
SKH,D,20160602,000000,18.266,18.301,18.232,18.232,860,0
SKH,D,20160603,000000,18.232,18.232,17.072,17.993,5442,0
SKH,D,20160606,000000,18.027,18.779,17.686,18.131,4489,0
SKH,D,20160607,000000,18.131,18.131,17.754,18.095,2865,0
SKH,D,20160608,000000,17.822,17.822,17.686,17.754,33976,0
SKH,D,20160609,000000,17.754,17.754,17.618,17.618,17080,0
SKH,D,20160610,000000,17.618,17.788,17.618,17.788,769,0
SKH,D,20160613,000000,17.618,19.113,17.488,19.113,1626,0
SKH,D,20160614,000000,18.095,18.95,17.754,18.772,1983,0
SKH,D,20160615,000000,18.744,18.744,18.744,18.744,146,0
SKH,D,20160616,000000,17.83,18.431,17.83,18.286,755,0
SKH,D,20160617,000000,17.96,17.96,17.96,17.96,146,0
SKH,D,20160620,000000,18.95,18.95,18.95,18.95,248,0
SKH,D,20160621,000000,18.915,19.201,18.307,19.201,2502,0
SKH,D,20160622,000000,19.189,19.393,18.779,18.922,1188,0
SKH,D,20160623,000000,19.462,19.462,19.003,19.003,3290,0
SKH,D,20160624,000000,17.932,18.772,17.932,18.095,6391,0
SKH,D,20160627,000000,18.095,18.779,18.095,18.779,1261,0
SKH,D,20160628,000000,18.505,19.454,18.505,18.505,1364,0
SKH,D,20160629,000000,18.505,19.325,18.505,19.325,450,0
SKH,D,20160630,000000,19.325,20.315,19.325,20.048,2672,0
SKH,D,20160701,000000,20.035,20.035,19.407,20.028,141,0
SKH,D,20160704,000000,18.54,20.021,18.54,20.021,744,0
SKH,D,20160705,000000,18.888,20,18.888,19.789,852,0
SKH,D,20160706,000000,19.325,19.769,19.325,19.769,203,0
SKH,D,20160708,000000,19.659,19.659,19.659,19.659,14,0
SKH,D,20160711,000000,18.484,19.53,18.484,19.53,831,0
SKH,D,20160712,000000,19.782,19.782,19.4,19.4,944,0
SKH,D,20160713,000000,19.782,19.782,19.393,19.393,542,0
SKH,D,20160714,000000,19.079,19.12,19.079,19.12,39,0
SKH,D,20160715,000000,19.12,19.12,19.052,19.052,71,0
SKH,D,20160718,000000,19.393,19.393,19.052,19.065,338,0
SKH,D,20160719,000000,19.072,19.161,19.072,19.161,133,0
SKH,D,20160720,000000,19.201,19.201,19.052,19.052,1470,0
SKH,D,20160721,000000,19.072,19.072,19.072,19.072,115,0
SKH,D,20160722,000000,19.072,19.393,18.437,19.359,1690,0
SKH,D,20160725,000000,18.45,19.318,18.45,19.284,628,0
SKH,D,20160726,000000,19.277,19.277,18.779,18.779,1858,0
SKH,D,20160727,000000,18.723,18.779,18.723,18.779,1274,0
SKH,D,20160728,000000,19.12,19.12,18.779,18.779,383,0
SKH,D,20160729,000000,19.291,19.291,18.711,18.779,1608,0
SKH,D,20160801,000000,19.1,19.1,18.518,19.1,353,0
SKH,D,20160802,000000,18.662,19.325,18.662,19.325,1656,0
SKH,D,20160803,000000,19.189,19.189,18.785,19.189,224,0
SKH,D,20160805,000000,19.12,19.12,19.12,19.12,59,0
SKH,D,20160808,000000,18.696,19.12,18.689,19.12,146,0
SKH,D,20160809,000000,19.12,19.325,19.12,19.325,666,0
SKH,D,20160811,000000,18.696,19.325,18.696,19.325,194,0
SKH,D,20160812,000000,19.257,19.325,19.12,19.325,514,0
SKH,D,20160817,000000,18.779,19.53,18.779,19.53,21804,0
SKH,D,20160818,000000,19.53,20.411,19.53,20.411,1154,0
SKH,D,20160822,000000,20.179,20.179,20.179,20.179,344,0
SKH,D,20160823,000000,19.393,19.803,19.393,19.803,446,0
SKH,D,20160824,000000,19.803,19.939,19.803,19.939,40032,0
SKH,D,20160825,000000,20.131,20.131,20.131,20.131,162,0
SKH,D,20160826,000000,19.823,20.062,19.803,20.062,1142,0
SKH,D,20160829,000000,20,20.479,20,20.479,1743,0
SKH,D,20160830,000000,20.021,20.417,20.021,20.417,6689,0
SKH,D,20160831,000000,20.15,20.417,20.144,20.417,1071,0
SKH,D,20160901,000000,20.465,20.485,20.417,20.485,445,0
SKH,D,20160905,000000,20.485,20.731,20.485,20.731,2600,0
SKH,D,20160906,000000,20.485,20.485,20.485,20.485,241,0
SKH,D,20160907,000000,20.479,20.69,20.479,20.69,11489,0
SKH,D,20160908,000000,20.738,21.148,20.738,20.827,4164,0
SKH,D,20160909,000000,20.553,21.018,20.048,21.018,1483,0
SKH,D,20160912,000000,20.288,20.485,20.281,20.485,3017,0
SKH,D,20160913,000000,19.946,20.479,19.645,20.479,15111,0
SKH,D,20160914,000000,19.325,20.009,19.325,20.009,520,0
SKH,D,20160915,000000,19.823,20.212,19.823,20.212,1281,0
SKH,D,20160916,000000,20.192,21.087,20.185,20.827,2050,0
SKH,D,20160919,000000,20.465,20.779,20.465,20.779,11307,0
SKH,D,20160920,000000,20.485,20.827,20.472,20.588,8479,0
SKH,D,20160921,000000,20.827,22.248,20.827,22.248,17878,0
SKH,D,20160922,000000,21.919,22.248,21.85,21.85,2812,0
SKH,D,20160923,000000,21.85,21.919,21.509,21.509,268,0
SKH,D,20160926,000000,21.509,21.509,21.168,21.475,674,0
SKH,D,20160927,000000,20.875,21.223,20.875,21.223,131,0
SKH,D,20160928,000000,20.704,22.124,20.704,22.124,704,0
SKH,D,20160929,000000,21.85,21.85,21.209,21.85,720,0
SKH,D,20160930,000000,21.987,21.987,21.407,21.987,3291,0
SKH,D,20161003,000000,21.987,21.987,21.954,21.987,1930,0
SKH,D,20161004,000000,22.089,24.241,22.056,23.626,12299,0
SKH,D,20161005,000000,23.694,23.694,23.163,23.163,2499,0
SKH,D,20161006,000000,23.217,23.483,23.142,23.148,1215,0
SKH,D,20161007,000000,23.08,23.08,22.875,22.875,779,0
SKH,D,20161010,000000,22.998,22.998,22.773,22.773,2217,0
SKH,D,20161011,000000,22.67,22.773,22.67,22.773,1004,0
SKH,D,20161012,000000,22.773,22.807,22.541,22.766,1640,0
SKH,D,20161013,000000,22.786,22.807,22.541,22.807,906,0
SKH,D,20161014,000000,22.8,22.8,22.67,22.67,203,0
SKH,D,20161017,000000,22.67,22.725,22.67,22.725,370,0
SKH,D,20161018,000000,22.739,22.739,22.636,22.739,1182,0
SKH,D,20161019,000000,22.739,23.572,22.705,23.572,2311,0
SKH,D,20161020,000000,23.626,23.764,22.944,22.944,12813,0
SKH,D,20161021,000000,23.353,23.353,23.217,23.353,1784,0
SKH,D,20161024,000000,23.353,23.353,23.306,23.353,18664,0
SKH,D,20161025,000000,23.353,23.36,23.217,23.217,7112,0
SKH,D,20161026,000000,23.217,23.217,22.541,22.875,11757,0
SKH,D,20161027,000000,22.909,22.909,22.909,22.909,27,0
SKH,D,20161028,000000,23.21,23.483,23.182,23.224,64543,0
SKH,D,20161031,000000,23.517,23.558,23.511,23.558,8921,0
SKH,D,20161102,000000,23.483,23.613,23.217,23.217,70373,0
SKH,D,20161103,000000,23.49,23.49,22.909,23.217,95026,0
SKH,D,20161104,000000,23.517,23.681,23.272,23.353,5588,0
SKH,D,20161107,000000,23.558,23.626,23.353,23.49,20063,0
SKH,D,20161108,000000,23.49,24.446,23.353,23.9,29261,0
SKH,D,20161109,000000,23.952,25.233,23.21,25.075,4179,0
SKH,D,20161110,000000,25.105,25.105,25.007,25.007,6144,0
SKH,D,20161114,000000,25.075,25.075,22.574,25.007,7191,0
SKH,D,20161115,000000,23.375,24.708,23.368,23.959,1799,0
SKH,D,20161116,000000,23.218,24.671,23.218,24.671,13890,0
SKH,D,20161117,000000,24.484,25.007,24.185,25.007,830,0
SKH,D,20161121,000000,25.007,25.007,24.985,24.985,178,0
SKH,D,20161122,000000,24.858,24.858,23.997,24.686,514,0
SKH,D,20161123,000000,24.117,24.633,23.773,24.633,393,0
SKH,D,20161124,000000,24.627,24.627,23.593,24.32,390,0
SKH,D,20161125,000000,23.781,24.296,23.773,24.296,1131,0
SKH,D,20161128,000000,23.817,23.817,23.443,23.735,1405,0
SKH,D,20161129,000000,23.406,24.252,23.398,24.252,268,0
SKH,D,20161130,000000,23.248,23.945,23.248,23.945,629,0
SKH,D,20161201,000000,23.443,23.878,23.443,23.878,221,0
SKH,D,20161202,000000,23.45,23.878,23.443,23.878,1703,0
SKH,D,20161205,000000,23.324,23.878,23.324,23.878,1660,0
SKH,D,20161206,000000,23.36,23.36,21.114,22.006,6741,0
SKH,D,20161207,000000,21.339,21.339,20.815,20.815,29793,0
SKH,D,20161208,000000,20.882,21.219,20.808,20.815,23340,0
SKH,D,20161209,000000,20.958,20.958,20.68,20.808,10404,0
SKH,D,20161212,000000,20.958,20.958,20.635,20.651,10073,0
SKH,D,20161213,000000,20.964,20.964,20.216,20.216,14290,0
SKH,D,20161214,000000,20.216,20.216,19.916,20.133,14496,0
SKH,D,20161215,000000,20.216,20.216,19.841,19.894,7883,0
SKH,D,20161216,000000,19.857,19.983,19.827,19.841,13714,0
SKH,D,20161219,000000,20.111,20.111,19.692,19.841,21671,0
SKH,D,20161220,000000,19.841,20.059,19.781,19.976,27514,0
SKH,D,20161221,000000,20.029,20.029,19.916,19.916,4017,0
SKH,D,20161222,000000,19.924,20.627,19.841,20.216,14755,0
SKH,D,20161223,000000,20.516,20.516,19.999,20.185,3609,0
SKH,D,20161227,000000,20.185,20.185,20.029,20.171,7034,0
SKH,D,20161228,000000,20.007,20.59,20.007,20.522,5398,0
SKH,D,20161229,000000,20.627,21.871,20.553,21.639,9647,0
SKH,D,20161230,000000,21.713,21.713,20.261,20.53,29689,0
SKH,D,20170102,000000,20.808,21.227,20.74,21.114,4430,0
SKH,D,20170103,000000,21.19,21.675,21.19,21.489,7439,0
SKH,D,20170104,000000,21.631,21.631,21.489,21.631,9301,0
SKH,D,20170105,000000,21.631,21.788,21.489,21.631,10560,0
SKH,D,20170109,000000,21.602,21.623,21.489,21.564,10304,0
SKH,D,20170110,000000,21.122,21.556,21.114,21.347,8648,0
SKH,D,20170111,000000,21.631,21.706,21.571,21.571,10842,0
SKH,D,20170112,000000,21.871,21.878,21.639,21.669,1775,0
SKH,D,20170113,000000,21.675,21.675,21.301,21.541,2480,0
SKH,D,20170116,000000,21.518,21.564,21.504,21.564,3124,0
SKH,D,20170117,000000,21.564,21.564,21.339,21.406,3341,0
SKH,D,20170118,000000,21.309,21.324,20.979,21.107,3972,0
SKH,D,20170119,000000,20.987,20.987,20.823,20.964,2478,0
SKH,D,20170120,000000,21.107,21.107,21.107,21.107,1049,0
SKH,D,20170123,000000,21.107,21.107,20.964,20.964,13028,0
SKH,D,20170124,000000,21.04,21.107,20.964,21.107,12779,0
SKH,D,20170125,000000,21.114,21.886,21.114,21.737,30581,0
SKH,D,20170126,000000,21.751,22.065,21.751,21.788,4963,0
SKH,D,20170127,000000,21.713,21.93,21.376,21.376,3912,0
SKH,D,20170130,000000,21.623,22.424,21.623,21.766,22777,0
SKH,D,20170131,000000,22.141,22.799,22.081,22.357,62115,0
SKH,D,20170201,000000,22.792,23.173,22.687,23.137,40414,0
SKH,D,20170202,000000,23.443,23.922,23.443,23.713,12551,0
SKH,D,20170203,000000,23.773,23.773,23.436,23.773,10942,0
SKH,D,20170206,000000,23.848,23.922,23.593,23.676,10026,0
SKH,D,20170207,000000,23.6,23.848,23.345,23.66,11404,0
SKH,D,20170208,000000,23.735,23.885,23.66,23.825,12002,0
SKH,D,20170209,000000,23.915,24.072,23.885,24.035,10871,0
SKH,D,20170210,000000,24.072,24.933,24.072,24.671,24555,0
SKH,D,20170213,000000,24.888,24.888,23.765,24.296,18583,0
SKH,D,20170214,000000,24.296,24.708,23.967,24.708,11677,0
SKH,D,20170215,000000,24.694,24.694,24.296,24.296,5243,0
SKH,D,20170216,000000,24.296,24.296,23.959,24.139,13834,0
SKH,D,20170217,000000,23.959,23.959,22.395,22.987,68150,0
SKH,D,20170220,000000,22.994,23.173,22.462,22.911,26356,0
SKH,D,20170221,000000,22.903,23.137,22.552,22.911,6509,0
SKH,D,20170222,000000,22.911,23.137,22.836,22.919,4984,0
SKH,D,20170223,000000,22.987,23.137,22.911,23.137,5509,0
SKH,D,20170224,000000,23.099,23.137,22.612,22.792,7411,0
SKH,D,20170227,000000,22.836,22.911,22.59,22.619,1932,0
SKH,D,20170228,000000,22.619,22.619,22.462,22.499,2594,0
SKH,D,20170301,000000,22.462,23.061,22.402,23.061,65797,0
SKH,D,20170302,000000,22.956,23.959,22.949,23.585,76454,0
SKH,D,20170303,000000,23.945,23.959,23.42,23.623,2400,0
SKH,D,20170306,000000,23.474,23.474,23.226,23.345,1644,0
SKH,D,20170307,000000,23.218,23.345,22.844,22.987,4999,0
SKH,D,20170308,000000,22.836,22.836,22.469,22.597,2976,0
SKH,D,20170309,000000,22.604,22.987,22.469,22.987,4015,0
SKH,D,20170310,000000,22.695,23.204,22.695,22.987,1016,0
SKH,D,20170313,000000,23.137,23.286,22.987,23.21,5997,0
SKH,D,20170314,000000,23.301,23.301,22.919,23.061,623,0
SKH,D,20170315,000000,23.129,23.129,22.844,22.844,1392,0
SKH,D,20170316,000000,22.844,22.866,22.717,22.762,1963,0
SKH,D,20170317,000000,22.762,22.836,22.732,22.732,1772,0
SKH,D,20170320,000000,22.873,23.046,22.732,23.046,2583,0
SKH,D,20170321,000000,22.987,22.987,22.724,22.724,2969,0
SKH,D,20170322,000000,22.724,22.911,22.724,22.762,2720,0
SKH,D,20170323,000000,22.762,22.911,22.724,22.836,2044,0
SKH,D,20170324,000000,22.836,22.911,22.162,22.455,6309,0
SKH,D,20170327,000000,22.455,22.462,22.395,22.424,1551,0
SKH,D,20170328,000000,22.462,22.462,22.162,22.238,1526,0
SKH,D,20170329,000000,22.275,22.687,21.825,21.975,5693,0
SKH,D,20170330,000000,22.013,22.013,21.13,21.675,44966,0
SKH,D,20170331,000000,21.197,21.197,20.381,20.74,68102,0
SKH,D,20170403,000000,21.114,22.238,21.114,22.238,8657,0
SKH,D,20170404,000000,22.364,22.364,21.93,22.02,3208,0
SKH,D,20170405,000000,22.02,22.671,21.804,22.604,17428,0
SKH,D,20170406,000000,22.604,22.687,22.469,22.687,5365,0
SKH,D,20170407,000000,22.68,22.836,22.68,22.836,11245,0
SKH,D,20170410,000000,22.769,22.866,22.769,22.836,327,0
SKH,D,20170411,000000,22.836,23.345,22.499,23.345,5138,0
SKH,D,20170412,000000,23.143,23.143,22.836,23.061,1083,0
SKH,D,20170413,000000,23.061,23.061,22.836,22.873,3978,0
SKH,D,20170418,000000,22.873,22.873,22.724,22.724,752,0
SKH,D,20170419,000000,22.724,22.836,22.574,22.836,1178,0
SKH,D,20170420,000000,23.046,23.061,23.046,23.054,2501,0
SKH,D,20170421,000000,23.054,23.339,23.046,23.339,3455,0
SKH,D,20170424,000000,23.204,23.547,23.204,23.353,10516,0
SKH,D,20170425,000000,22.844,23.061,22.844,22.889,2335,0
SKH,D,20170426,000000,22.889,22.889,22.447,22.687,4187,0
SKH,D,20170427,000000,22.762,23.21,22.762,22.987,4431,0
SKH,D,20170428,000000,23.001,23.21,22.949,22.949,2790,0
SKH,D,20170502,000000,22.964,23.061,22.574,23.061,1320,0
SKH,D,20170504,000000,23.054,23.054,22.695,23.046,260,0
SKH,D,20170505,000000,22.657,23.054,22.627,23.023,1425,0
SKH,D,20170508,000000,23.129,23.21,22.762,23.21,11721,0
SKH,D,20170509,000000,23.301,23.945,23.301,23.698,22806,0
SKH,D,20170510,000000,23.735,23.885,23.517,23.698,5366,0
SKH,D,20170511,000000,23.773,24.522,23.72,23.959,21624,0
SKH,D,20170512,000000,24.042,24.327,23.885,24.327,15968,0
SKH,D,20170515,000000,24.334,24.522,24.259,24.32,10172,0
SKH,D,20170516,000000,24.32,24.32,23.959,24.155,6499,0
SKH,D,20170517,000000,24.109,24.109,23.585,23.585,4800,0
SKH,D,20170518,000000,23.398,23.585,22.732,23.061,4443,0
SKH,D,20170519,000000,23.061,24.102,23.061,23.959,15903,0
SKH,D,20170522,000000,23.959,24.087,23.885,24.087,6486,0
SKH,D,20170523,000000,24.087,24.087,23.915,23.959,3509,0
SKH,D,20170524,000000,23.959,24.087,23.915,24.08,3675,0
SKH,D,20170525,000000,24.08,24.08,23.959,24.035,1639,0
SKH,D,20170526,000000,24.035,24.035,23.885,23.952,4191,0
SKH,D,20170529,000000,23.817,24.072,23.301,23.817,4435,0
SKH,D,20170530,000000,24.08,24.08,23.735,23.959,2620,0
SKH,D,20170531,000000,23.773,23.773,23.458,23.735,1858,0
SKH,D,20170601,000000,23.773,24.072,23.735,23.975,4472,0
SKH,D,20170602,000000,24.334,24.394,23.585,23.66,32384,0
SKH,D,20170605,000000,23.87,24.155,23.81,24.155,10223,0
SKH,D,20170606,000000,23.922,23.922,23.585,23.735,6841,0
SKH,D,20170607,000000,23.735,23.81,23.032,23.21,4126,0
SKH,D,20170608,000000,23.21,23.21,22.671,22.687,8462,0
SKH,D,20170609,000000,22.522,22.762,22.522,22.671,9728,0
SKH,D,20170612,000000,22.671,22.68,22.664,22.68,7506,0
SKH,D,20170613,000000,22.65,22.762,21.825,22.043,13408,0
SKH,D,20170614,000000,21.713,22.065,21.137,21.265,20926,0
SKH,D,20170616,000000,21.675,21.675,21.279,21.489,10883,0
SKH,D,20170619,000000,21.675,22.088,21.571,21.571,8494,0
SKH,D,20170620,000000,21.721,22.081,21.713,21.713,1160,0
SKH,D,20170621,000000,21.713,21.713,21.271,21.713,810,0
SKH,D,20170622,000000,21.713,21.713,21.489,21.713,331,0
SKH,D,20170623,000000,21.706,21.713,21.384,21.639,2265,0
SKH,D,20170626,000000,21.751,21.788,21.639,21.639,1399,0
SKH,D,20170627,000000,21.421,21.421,20.164,21.219,7868,0
SKH,D,20170628,000000,21.19,21.265,20.665,21.13,36022,0
SKH,D,20170629,000000,21.265,21.639,21.265,21.564,4193,0
SKH,D,20170630,000000,21.564,22.275,21.564,22.073,9529,0
SKH,D,20170703,000000,22.065,22.088,21.339,21.96,4644,0
SKH,D,20170704,000000,22.148,22.537,21.96,22.537,13336,0
SKH,D,20170705,000000,22.612,22.762,22.469,22.762,7182,0
SKH,D,20170706,000000,22.612,22.762,22.253,22.253,1919,0
SKH,D,20170707,000000,22.469,22.469,22.462,22.462,2623,0
SKH,D,20170710,000000,22.402,22.462,22.305,22.305,7430,0
SKH,D,20170711,000000,22.267,22.267,21.713,21.93,12394,0
SKH,D,20170712,000000,22.036,22.058,21.871,22.058,1442,0
SKH,D,20170713,000000,22.35,22.35,21.939,22.162,1887,0
SKH,D,20170714,000000,22.162,22.23,22.088,22.23,1599,0
SKH,D,20170717,000000,22.238,22.238,21.96,22.162,1024,0
SKH,D,20170718,000000,22.088,22.23,21.983,21.983,5092,0
SKH,D,20170719,000000,22.081,22.162,22.081,22.162,2959,0
SKH,D,20170720,000000,22.238,22.388,22.141,22.388,1702,0
SKH,D,20170721,000000,22.388,22.388,22.313,22.388,2263,0
SKH,D,20170724,000000,22.388,22.388,22.208,22.245,4450,0
SKH,D,20170725,000000,22.388,22.574,22.222,22.388,6688,0
SKH,D,20170726,000000,22.462,22.522,22.253,22.424,3439,0
SKH,D,20170727,000000,22.424,22.462,22.088,22.088,9366,0
SKH,D,20170728,000000,22.013,22.088,21.788,22.05,2833,0
SKH,D,20170731,000000,22.043,22.455,21.983,22.455,1388,0
SKH,D,20170801,000000,22.537,23.21,22.462,22.462,19173,0
SKH,D,20170802,000000,23.061,23.061,22.313,22.313,8042,0
SKH,D,20170803,000000,22.462,22.462,22.117,22.313,2556,0
SKH,D,20170804,000000,22.447,22.462,22.103,22.388,1092,0
SKH,D,20170807,000000,22.455,22.462,22.238,22.238,1038,0
SKH,D,20170808,000000,22.088,22.088,21.825,21.863,7355,0
SKH,D,20170809,000000,21.863,21.863,21.841,21.863,2147,0
SKH,D,20170810,000000,22.088,22.088,21.459,21.713,2917,0
SKH,D,20170811,000000,21.675,21.818,21.639,21.713,3158,0
SKH,D,20170814,000000,21.721,21.721,21.675,21.713,2207,0
SKH,D,20170816,000000,21.788,21.788,21.616,21.639,1893,0
SKH,D,20170817,000000,21.646,21.653,21.429,21.459,4163,0
SKH,D,20170818,000000,21.467,21.639,21.467,21.526,3910,0
SKH,D,20170821,000000,21.489,21.489,21.414,21.467,2115,0
SKH,D,20170822,000000,21.489,21.713,21.414,21.713,805,0
SKH,D,20170823,000000,21.564,21.968,21.564,21.968,295,0
SKH,D,20170824,000000,21.939,21.939,21.713,21.713,1569,0
SKH,D,20170825,000000,21.713,21.968,21.713,21.743,10574,0
SKH,D,20170828,000000,21.743,22.462,21.743,22.388,9033,0
SKH,D,20170829,000000,23.099,23.503,22.687,22.687,40048,0
SKH,D,20170830,000000,22.987,23.061,22.762,22.799,5566,0
SKH,D,20170831,000000,22.836,22.836,22.701,22.799,126057,0
SKH,D,20170901,000000,22.799,23.196,22.799,23.196,3986,0
SKH,D,20170904,000000,23.458,23.878,23.458,23.579,15282,0
SKH,D,20170905,000000,23.749,23.749,23.436,23.511,8833,0
SKH,D,20170906,000000,23.6,23.757,23.42,23.547,4247,0
SKH,D,20170907,000000,23.547,23.547,23.293,23.48,5425,0
SKH,D,20170908,000000,23.511,23.541,22.941,23.21,28621,0
SKH,D,20170911,000000,23.069,23.315,22.987,23.196,4941,0
SKH,D,20170912,000000,23.196,23.248,22.987,23.166,5266,0
SKH,D,20170913,000000,23.189,23.189,22.687,22.979,3883,0
SKH,D,20170914,000000,22.873,22.873,22.499,22.687,60586,0
SKH,D,20170915,000000,22.462,22.68,22.275,22.388,37766,0
SKH,D,20170918,000000,22.462,22.627,22.095,22.095,32304,0
SKH,D,20170919,000000,22.095,22.604,22.095,22.238,5143,0
SKH,D,20170920,000000,22.125,22.38,22.125,22.372,4420,0
SKH,D,20170921,000000,22.38,22.477,22.283,22.469,13124,0
SKH,D,20170922,000000,22.597,22.597,21.265,22.117,14726,0
SKH,D,20170925,000000,22.088,22.364,22.088,22.364,2016,0
SKH,D,20170926,000000,22.357,22.357,22.125,22.283,3957,0
SKH,D,20170927,000000,22.313,22.35,22.313,22.35,1150,0
SKH,D,20170928,000000,22.343,22.343,22.313,22.313,804,0
SKH,D,20170929,000000,22.38,22.612,22.313,22.537,9385,0
SKH,D,20171002,000000,22.537,22.866,22.388,22.462,7316,0
SKH,D,20171003,000000,22.462,22.701,22.388,22.701,6251,0
SKH,D,20171004,000000,22.687,22.762,22.634,22.762,6484,0
SKH,D,20171005,000000,22.462,22.836,22.462,22.836,10725,0
SKH,D,20171006,000000,23.084,23.084,22.799,23.023,6950,0
SKH,D,20171009,000000,23.023,23.36,23.023,23.181,6973,0
SKH,D,20171010,000000,23.21,23.547,23.137,23.45,12912,0
SKH,D,20171011,000000,23.428,23.511,23.137,23.503,10309,0
SKH,D,20171012,000000,23.555,23.555,23.21,23.21,29326,0
SKH,D,20171013,000000,23.495,23.511,23.368,23.488,10031,0
SKH,D,20171016,000000,23.511,23.511,23.398,23.474,16526,0
SKH,D,20171017,000000,23.474,23.474,23.137,23.166,19230,0
SKH,D,20171018,000000,23.428,23.436,23.129,23.204,15179,0
SKH,D,20171019,000000,23.278,23.353,22.327,22.821,27065,0
SKH,D,20171020,000000,22.821,23.061,22.612,22.836,11308,0
SKH,D,20171023,000000,22.984,23.213,22.69,23.099,35154,0
SKH,D,20171024,000000,23.147,23.18,22.91,23.008,8857,0
SKH,D,20171025,000000,22.91,22.91,22.747,22.91,6393,0
SKH,D,20171026,000000,22.755,22.755,22.542,22.542,3179,0
SKH,D,20171027,000000,22.542,22.542,22.207,22.255,3730,0
SKH,D,20171030,000000,21.97,22.011,21.846,21.887,6270,0
SKH,D,20171031,000000,21.961,22.706,21.961,22.313,6367,0
SKH,D,20171102,000000,22.46,22.665,22.109,22.174,7505,0
SKH,D,20171103,000000,22.133,22.338,22.051,22.051,13793,0
SKH,D,20171106,000000,22.076,22.076,21.879,22.002,1117,0
SKH,D,20171107,000000,22.002,22.002,21.38,21.602,4543,0
SKH,D,20171108,000000,21.602,21.846,21.446,21.642,4627,0
SKH,D,20171109,000000,21.454,21.642,20.824,21.274,3268,0
SKH,D,20171110,000000,21.356,21.356,21.119,21.274,1738,0
SKH,D,20171113,000000,20.84,21.274,20.816,20.955,5043,0
SKH,D,20171114,000000,21.192,21.192,20.742,20.864,7331,0
SKH,D,20171115,000000,20.955,20.955,19.654,20.481,8163,0
SKH,D,20171116,000000,19.719,19.924,19.392,19.637,37710,0
SKH,D,20171117,000000,19.556,19.556,18.418,19.556,13396,0
SKH,D,20171120,000000,19.474,19.539,19.057,19.064,10814,0
SKH,D,20171121,000000,18.909,19.441,18.173,19.155,33825,0
SKH,D,20171122,000000,19.155,19.883,19.155,19.834,14399,0
SKH,D,20171123,000000,19.834,20.864,19.678,20.039,9581,0
SKH,D,20171124,000000,20.014,20.529,19.867,20.415,4955,0
SKH,D,20171127,000000,19.9,20.742,19.9,20.62,573,0
SKH,D,20171128,000000,20.464,20.464,20.046,20.251,2872,0
SKH,D,20171129,000000,20.62,20.62,20.006,20.096,6020,0
SKH,D,20171130,000000,20.096,20.57,20.046,20.464,14444,0
SKH,D,20171201,000000,20.611,20.84,20.513,20.824,8168,0
SKH,D,20171204,000000,20.742,20.824,20.636,20.824,1055,0
SKH,D,20171205,000000,20.66,20.783,20.455,20.742,2326,0
SKH,D,20171206,000000,20.742,20.783,20.538,20.775,1001,0
SKH,D,20171207,000000,20.758,20.783,20.513,20.668,1388,0
SKH,D,20171208,000000,20.627,20.742,20.538,20.742,2044,0
SKH,D,20171211,000000,20.758,20.758,20.62,20.62,1786,0
SKH,D,20171212,000000,20.627,20.701,20.62,20.701,966,0
SKH,D,20171213,000000,20.742,20.751,20.66,20.742,7199,0
SKH,D,20171214,000000,20.595,20.734,19.736,20.734,9021,0
SKH,D,20171215,000000,20.455,21.503,20.455,20.963,6471,0
SKH,D,20171218,000000,20.963,22.42,20.873,22.215,119172,0
SKH,D,20171219,000000,22.198,22.403,22.092,22.281,3517,0
SKH,D,20171220,000000,22.338,23.687,22.329,23.147,22344,0
SKH,D,20171221,000000,23.049,23.049,22.255,22.37,9956,0
SKH,D,20171222,000000,22.174,22.411,21.7,22.011,11367,0
SKH,D,20171227,000000,22.011,22.076,21.446,21.748,5983,0
SKH,D,20171228,000000,22.46,22.46,21.928,21.928,1214,0
SKH,D,20171229,000000,21.928,22.91,21.928,22.665,31278,0
SKH,D,20180103,000000,22.665,22.747,22.174,22.501,71373,0
SKH,D,20180104,000000,22.501,23.238,22.501,23.074,69741,0
SKH,D,20180105,000000,23.074,23.238,23.074,23.074,7055,0
SKH,D,20180108,000000,23.074,23.238,22.829,23.238,14249,0
SKH,D,20180109,000000,23.238,23.892,23.238,23.729,2019,0
SKH,D,20180110,000000,23.892,23.892,23.238,23.729,5673,0
SKH,D,20180111,000000,23.729,23.729,23.729,23.729,152,0
SKH,D,20180112,000000,23.729,23.811,23.238,23.729,33718,0
SKH,D,20180115,000000,23.811,23.811,23.565,23.565,202,0
SKH,D,20180116,000000,23.729,24.301,23.729,24.138,39352,0
SKH,D,20180117,000000,24.138,24.793,23.811,24.793,28327,0
SKH,D,20180118,000000,24.71,24.874,24.22,24.71,65312,0
SKH,D,20180119,000000,24.793,24.793,24.138,24.547,2881,0
SKH,D,20180122,000000,24.793,24.793,24.301,24.629,649,0
SKH,D,20180123,000000,24.629,25.202,24.629,24.956,34031,0
SKH,D,20180124,000000,25.119,25.447,24.874,25.038,29913,0
SKH,D,20180125,000000,25.365,25.365,25.119,25.283,5864,0
SKH,D,20180126,000000,25.283,25.283,24.383,24.71,1856,0
SKH,D,20180129,000000,24.629,25.119,24.547,24.956,1942,0
SKH,D,20180130,000000,24.956,24.956,24.383,24.874,3146,0
SKH,D,20180131,000000,24.138,24.301,24.055,24.055,879,0
SKH,D,20180201,000000,24.22,25.038,23.892,25.038,5403,0
SKH,D,20180202,000000,24.793,25.447,24.22,25.365,30487,0
SKH,D,20180205,000000,25.365,25.365,24.71,25.365,5504,0
SKH,D,20180206,000000,24.301,24.547,23.402,23.974,7989,0
SKH,D,20180207,000000,24.465,24.874,23.974,23.974,2942,0
SKH,D,20180208,000000,24.055,24.547,24.055,24.465,425,0
SKH,D,20180209,000000,24.22,24.383,24.055,24.055,4216,0
SKH,D,20180212,000000,24.301,24.956,24.301,24.301,742,0
SKH,D,20180213,000000,24.055,24.956,23.811,24.547,7328,0
SKH,D,20180214,000000,24.793,25.447,24.547,24.547,42309,0
SKH,D,20180215,000000,24.547,24.71,24.301,24.547,3621,0
SKH,D,20180216,000000,24.629,25.365,24.629,25.283,52984,0
SKH,D,20180219,000000,25.447,25.447,24.547,25.202,5126,0
SKH,D,20180220,000000,25.283,25.283,24.793,25.038,1430,0
SKH,D,20180221,000000,24.956,24.956,24.138,24.874,3951,0
SKH,D,20180222,000000,24.956,25.038,24.629,25.038,24778,0
SKH,D,20180223,000000,25.202,25.202,24.71,24.793,25254,0
SKH,D,20180226,000000,24.874,25.856,24.874,25.365,71133,0
SKH,D,20180227,000000,25.529,25.774,25.365,25.774,19701,0
SKH,D,20180228,000000,25.774,26.02,25.529,26.02,13743,0
SKH,D,20180301,000000,25.774,26.183,25.529,26.183,19657,0
SKH,D,20180302,000000,26.101,26.101,25.774,25.774,6834,0
SKH,D,20180305,000000,24.956,25.774,24.956,25.774,261,0
SKH,D,20180306,000000,25.692,25.774,25.365,25.774,2089,0
SKH,D,20180307,000000,25.774,26.101,25.774,25.774,2646,0
SKH,D,20180308,000000,25.856,25.856,25.529,25.774,2788,0
SKH,D,20180309,000000,26.101,26.101,24.956,25.692,1552,0
SKH,D,20180312,000000,25.447,25.447,25.365,25.365,752,0
SKH,D,20180313,000000,25.447,25.447,25.447,25.447,1487,0
SKH,D,20180314,000000,25.611,25.692,25.365,25.692,1199,0
SKH,D,20180315,000000,25.692,25.692,25.202,25.283,7780,0
SKH,D,20180316,000000,25.692,25.774,25.202,25.365,1945,0
SKH,D,20180319,000000,25.774,25.774,25.529,25.611,4087,0
SKH,D,20180320,000000,25.611,25.611,25.365,25.447,8109,0
SKH,D,20180321,000000,25.692,25.692,24.465,25.529,3153,0
SKH,D,20180322,000000,25.529,25.774,25.365,25.365,3471,0
SKH,D,20180323,000000,25.202,25.202,24.383,25.202,4151,0
SKH,D,20180326,000000,25.038,25.611,25.038,25.611,292,0
SKH,D,20180327,000000,24.874,25.611,24.71,25.611,5756,0
SKH,D,20180328,000000,24.71,25.283,24.71,25.283,78,0
SKH,D,20180329,000000,24.71,25.365,24.383,24.383,2891,0
SKH,D,20180403,000000,24.383,25.283,24.138,24.547,8590,0
SKH,D,20180404,000000,24.71,24.874,24.71,24.874,122,0
SKH,D,20180405,000000,24.793,24.793,24.301,24.547,666,0
SKH,D,20180406,000000,24.547,24.874,24.301,24.547,691,0
SKH,D,20180409,000000,24.71,24.874,24.301,24.547,29,0
SKH,D,20180410,000000,24.465,24.547,24.138,24.547,476,0
SKH,D,20180411,000000,24.874,24.874,24.874,24.874,1,0
SKH,D,20180412,000000,24.22,24.547,24.138,24.547,1432,0
SKH,D,20180413,000000,23.974,24.383,23.974,24.383,373,0
SKH,D,20180416,000000,24.383,24.383,23.729,24.055,1952,0
SKH,D,20180417,000000,23.647,23.729,23.402,23.729,1022,0
SKH,D,20180418,000000,24.055,24.055,23.238,23.319,7737,0
SKH,D,20180419,000000,22.501,22.992,21.846,22.255,27210,0
SKH,D,20180420,000000,22.747,22.747,22.42,22.501,7754,0
SKH,D,20180423,000000,22.501,22.501,22.092,22.092,357,0
SKH,D,20180424,000000,22.011,22.092,21.765,22.092,1375,0
SKH,D,20180425,000000,22.011,22.092,21.683,22.011,723,0
SKH,D,20180426,000000,22.092,22.665,21.765,21.846,1029,0
SKH,D,20180427,000000,22.092,22.338,21.765,22.092,991,0
SKH,D,20180430,000000,21.765,22.011,21.765,21.928,598,0
SKH,D,20180502,000000,21.928,21.928,21.928,21.928,666,0
SKH,D,20180504,000000,22.092,22.583,22.092,22.583,61,0
SKH,D,20180507,000000,22.583,22.583,22.092,22.501,7754,0
SKH,D,20180508,000000,22.583,22.583,21.846,21.928,253,0
SKH,D,20180509,000000,22.174,22.255,21.683,21.683,67,0
SKH,D,20180510,000000,21.765,22.583,21.765,22.583,1153,0
SKH,D,20180511,000000,22.583,22.583,21.765,21.846,9942,0
SKH,D,20180514,000000,22.747,22.747,21.519,22.501,2717,0
SKH,D,20180515,000000,22.501,22.501,21.928,22.501,906,0
SKH,D,20180516,000000,22.747,22.747,22.255,22.501,14671,0
SKH,D,20180517,000000,22.42,23.238,21.928,22.91,9380,0
SKH,D,20180518,000000,22.91,23.319,22.501,22.91,11558,0
SKH,D,20180521,000000,23.319,23.319,22.91,23.238,680,0
SKH,D,20180522,000000,23.156,23.319,22.91,23.074,5529,0
SKH,D,20180523,000000,22.992,23.238,22.583,23.238,524,0
SKH,D,20180524,000000,23.238,23.238,23.238,23.238,7,0
SKH,D,20180525,000000,22.583,22.583,22.583,22.583,12657,0
SKH,D,20180528,000000,22.583,22.583,22.583,22.583,1356,0
SKH,D,20180529,000000,22.583,22.583,22.501,22.583,11086,0
SKH,D,20180530,000000,22.583,23.074,22.583,23.074,231,0
SKH,D,20180601,000000,22.501,22.665,22.501,22.665,1508,0
SKH,D,20180604,000000,23.074,23.074,22.583,22.665,732,0
SKH,D,20180605,000000,22.992,23.074,22.992,23.074,13028,0
SKH,D,20180606,000000,23.074,23.074,22.992,22.992,647,0
SKH,D,20180607,000000,22.992,23.074,22.747,22.747,1258,0
SKH,D,20180608,000000,22.747,23.074,22.174,22.255,7344,0
SKH,D,20180611,000000,22.747,22.747,22.092,22.092,14972,0
SKH,D,20180612,000000,22.092,22.501,22.092,22.501,122,0
SKH,D,20180613,000000,22.174,23.074,22.092,22.092,77380,0
SKH,D,20180614,000000,21.765,21.765,21.602,21.683,9541,0
SKH,D,20180615,000000,22.092,22.174,20.864,21.11,36422,0
SKH,D,20180618,000000,20.783,21.192,20.783,21.192,7681,0
SKH,D,20180619,000000,21.274,21.274,20.62,20.62,141102,0
SKH,D,20180620,000000,20.864,20.864,19.474,19.637,64972,0
SKH,D,20180621,000000,20.128,20.128,19.637,19.637,12678,0
SKH,D,20180622,000000,19.637,20.046,19.637,19.637,20114,0
SKH,D,20180625,000000,19.637,19.883,19.637,19.802,2689,0
SKH,D,20180626,000000,19.965,20.046,19.637,19.802,2231,0
SKH,D,20180627,000000,19.802,20.128,19.802,19.965,2462,0
SKH,D,20180628,000000,20.128,20.128,19.637,19.637,25894,0
SKH,D,20180629,000000,19.883,20.211,19.883,20.128,8172,0
SKH,D,20180702,000000,20.128,20.128,19.637,19.802,1651,0
SKH,D,20180703,000000,20.374,21.029,20.128,21.029,1174,0
SKH,D,20180704,000000,21.029,21.029,20.292,20.292,6658,0
SKH,D,20180705,000000,20.455,20.783,19.883,20.128,626,0
SKH,D,20180706,000000,20.455,20.455,20.455,20.455,1,0
SKH,D,20180709,000000,20.455,20.947,20.374,20.374,4633,0
SKH,D,20180710,000000,20.374,20.783,20.374,20.455,15207,0
SKH,D,20180711,000000,20.455,21.029,20.455,21.029,22373,0
SKH,D,20180712,000000,20.864,21.029,20.864,21.029,2108,0
SKH,D,20180713,000000,20.947,21.11,20.864,20.947,3379,0
SKH,D,20180716,000000,21.192,21.192,20.947,20.947,336,0
SKH,D,20180717,000000,20.947,21.192,20.947,21.192,1539,0
SKH,D,20180718,000000,21.192,21.519,21.192,21.519,85,0
SKH,D,20180720,000000,20.947,21.683,20.947,21.683,116,0
SKH,D,20180723,000000,21.683,21.683,21.683,21.683,116,0
SKH,D,20180724,000000,21.683,21.683,21.274,21.602,145,0
SKH,D,20180725,000000,21.274,21.846,20.538,21.519,902,0
SKH,D,20180726,000000,21.356,21.437,20.864,21.356,25151,0
SKH,D,20180727,000000,21.602,21.928,21.602,21.765,10092,0
SKH,D,20180730,000000,21.356,21.765,21.356,21.765,433,0
SKH,D,20180731,000000,21.765,21.765,21.437,21.765,6650,0
SKH,D,20180801,000000,21.765,21.765,21.765,21.765,1026,0
SKH,D,20180802,000000,21.274,22.338,21.274,21.765,28373,0
SKH,D,20180803,000000,21.683,22.501,21.683,22.501,875,0
SKH,D,20180806,000000,22.092,22.338,22.092,22.174,737,0
SKH,D,20180807,000000,22.42,22.829,22.42,22.829,23839,0
SKH,D,20180808,000000,22.992,23.319,22.255,23.319,2981,0
SKH,D,20180809,000000,23.402,23.402,22.665,22.665,35073,0
SKH,D,20180810,000000,22.665,22.665,22.665,22.665,200,0
SKH,D,20180813,000000,22.501,22.501,21.602,21.683,4934,0
SKH,D,20180814,000000,21.683,22.42,21.683,22.42,1201,0
SKH,D,20180816,000000,22.42,22.42,21.683,22.338,1201,0
SKH,D,20180817,000000,22.092,22.092,22.092,22.092,113,0
SKH,D,20180820,000000,22.092,22.092,21.846,21.846,247,0
SKH,D,20180823,000000,22.092,22.092,21.519,22.011,458,0
SKH,D,20180824,000000,21.602,21.928,21.602,21.928,674,0
SKH,D,20180827,000000,21.274,21.519,20.701,21.519,1321,0
SKH,D,20180828,000000,21.519,21.519,19.474,19.474,180535,0
SKH,D,20180829,000000,18.819,19.228,18.411,19.228,86545,0
SKH,D,20180830,000000,19.228,20.783,19.228,20.701,8645,0
SKH,D,20180831,000000,20.538,20.864,19.556,20.046,2126,0
SKH,D,20180903,000000,20.046,20.455,19.637,19.637,57435,0
SKH,D,20180904,000000,20.046,20.046,19.228,19.228,51860,0
SKH,D,20180905,000000,19.719,19.965,19.556,19.556,7879,0
SKH,D,20180906,000000,20.128,20.128,18.411,19.556,57554,0
SKH,D,20180907,000000,19.474,19.556,19.392,19.474,15596,0
SKH,D,20180910,000000,19.556,20.538,19.556,20.538,7056,0
SKH,D,20180911,000000,20.455,20.947,20.455,20.947,3625,0
SKH,D,20180912,000000,20.947,22.011,20.455,20.455,3083,0
SKH,D,20180913,000000,20.455,21.437,20.455,20.455,1252,0
SKH,D,20180914,000000,21.192,21.274,20.455,21.192,1194,0
SKH,D,20180917,000000,21.274,21.356,21.192,21.192,940,0
SKH,D,20180918,000000,21.274,21.274,20.374,20.455,1155,0
SKH,D,20180919,000000,20.455,21.11,20.455,20.455,536,0
SKH,D,20180920,000000,20.864,21.029,20.62,20.62,352,0
SKH,D,20180921,000000,20.455,21.029,20.455,20.455,620,0
SKH,D,20180924,000000,20.455,20.62,20.455,20.455,6091,0
SKH,D,20180925,000000,20.455,20.947,20.374,20.374,52626,0
SKH,D,20180926,000000,21.274,21.274,20.864,21.192,16575,0
SKH,D,20180927,000000,20.864,21.11,20.864,21.11,135286,0
SKH,D,20180928,000000,21.029,21.029,20.62,21.029,21115,0
SKH,D,20181001,000000,21.029,21.029,21.029,21.029,411,0
SKH,D,20181002,000000,21.029,21.029,21.029,21.029,606,0
SKH,D,20181003,000000,21.029,21.11,20.62,21.029,36359,0
SKH,D,20181004,000000,20.538,21.274,20.538,21.274,2809,0
SKH,D,20181005,000000,21.356,21.356,21.11,21.192,5507,0
SKH,D,20181008,000000,21.274,21.683,21.274,21.683,6200,0
SKH,D,20181009,000000,22.011,22.092,21.602,22.092,2935,0
SKH,D,20181010,000000,22.092,23.319,21.356,22.747,54378,0
SKH,D,20181011,000000,22.992,23.319,22.42,23.319,31907,0
SKH,D,20181012,000000,22.747,22.829,22.583,22.665,14842,0
SKH,D,20181015,000000,22.91,23.156,22.665,22.91,14382,0
SKH,D,20181016,000000,23.319,23.729,23.156,23.319,13583,0
SKH,D,20181017,000000,23.647,23.729,23.402,23.402,4999,0
SKH,D,20181018,000000,23.647,23.974,23.483,23.892,12481,0
SKH,D,20181019,000000,24.055,24.138,23.483,23.729,16978,0
SKH,D,20181022,000000,23.729,23.729,22.992,23.319,18381,0
SKH,D,20181023,000000,23.319,23.319,22.829,22.829,52122,0
SKH,D,20181024,000000,22.829,22.829,21.177,22.149,20354,0
SKH,D,20181025,000000,21.76,22.051,21.469,22.051,11851,0
SKH,D,20181026,000000,21.857,21.954,21.566,21.954,20270,0
SKH,D,20181029,000000,22.246,22.246,21.663,22.149,1844,0
SKH,D,20181030,000000,22.149,22.246,22.149,22.246,503,0
SKH,D,20181031,000000,22.537,22.537,21.274,21.274,159069,0
SKH,D,20181102,000000,21.371,21.371,21.08,21.08,3052,0
SKH,D,20181105,000000,21.274,21.274,21.177,21.177,566,0
SKH,D,20181106,000000,21.274,21.371,21.08,21.08,14074,0
SKH,D,20181107,000000,20.886,23.606,20.4,22.149,21909,0
SKH,D,20181108,000000,22.731,22.731,22.537,22.537,211,0
SKH,D,20181109,000000,22.926,23.217,22.537,22.537,3497,0
SKH,D,20181113,000000,22.537,22.537,22.246,22.246,1059,0
SKH,D,20181114,000000,22.246,22.246,22.149,22.246,184,0
SKH,D,20181115,000000,22.343,23.703,22.343,23.509,1792,0
SKH,D,20181116,000000,23.314,23.509,22.343,23.023,3703,0
SKH,D,20181119,000000,23.606,23.703,23.217,23.217,2759,0
SKH,D,20181120,000000,23.217,23.314,22.731,22.829,23493,0
SKH,D,20181121,000000,22.829,23.217,22.829,23.217,25,0
SKH,D,20181122,000000,23.217,23.314,22.634,23.314,16975,0
SKH,D,20181123,000000,23.314,23.314,22.829,22.926,729,0
SKH,D,20181126,000000,22.926,23.509,22.537,22.537,34022,0
SKH,D,20181127,000000,22.537,22.731,22.537,22.731,2159,0
SKH,D,20181128,000000,22.829,23.314,22.829,23.12,7259,0
SKH,D,20181129,000000,23.12,23.217,23.12,23.217,204,0
SKH,D,20181130,000000,23.217,23.217,23.12,23.12,318,0
SKH,D,20181203,000000,23.217,23.217,21.566,22.829,2798,0
SKH,D,20181205,000000,22.829,22.926,22.829,22.926,371,0
SKH,D,20181206,000000,22.926,22.926,22.829,22.829,141,0
SKH,D,20181207,000000,22.829,22.829,22.343,22.343,2625,0
SKH,D,20181210,000000,22.343,22.343,22.149,22.149,66,0
SKH,D,20181211,000000,22.246,22.829,22.246,22.829,458,0
SKH,D,20181212,000000,22.634,22.634,22.149,22.149,423,0
SKH,D,20181213,000000,22.149,22.343,22.149,22.343,8,0
SKH,D,20181214,000000,22.731,22.731,22.149,22.149,191,0
SKH,D,20181217,000000,22.537,22.634,22.537,22.537,387,0
SKH,D,20181218,000000,22.537,22.537,22.149,22.246,499,0
SKH,D,20181219,000000,22.246,22.246,22.246,22.246,309,0
SKH,D,20181220,000000,22.149,22.149,21.371,21.371,2448,0
SKH,D,20181221,000000,21.371,21.857,20.886,21.08,5328,0
SKH,D,20181227,000000,21.08,21.08,20.691,20.691,2410,0
SKH,D,20181228,000000,20.691,20.691,20.4,20.497,2099,0
SKH,D,20190102,000000,20.497,21.274,20.497,21.177,1472,0
SKH,D,20190103,000000,21.177,21.177,20.691,20.886,3196,0
SKH,D,20190104,000000,20.789,20.886,20.4,20.4,4487,0
SKH,D,20190107,000000,20.4,20.886,20.4,20.886,967,0
SKH,D,20190108,000000,20.789,20.886,20.594,20.789,3020,0
SKH,D,20190109,000000,20.789,20.983,20.691,20.691,536,0
SKH,D,20190110,000000,20.789,20.789,20.594,20.594,646,0
SKH,D,20190111,000000,20.594,20.886,20.594,20.691,882,0
SKH,D,20190114,000000,20.983,20.983,20.594,20.594,912,0
SKH,D,20190115,000000,20.691,21.08,20.206,20.206,4252,0
SKH,D,20190116,000000,20.4,20.4,19.331,19.526,4420,0
SKH,D,20190117,000000,19.914,20.109,19.331,19.331,2588,0
SKH,D,20190118,000000,19.623,19.623,19.331,19.623,2091,0
SKH,D,20190121,000000,20.011,20.109,19.04,19.186,9589,0
SKH,D,20190122,000000,19.186,19.186,18.846,18.846,6010,0
SKH,D,20190123,000000,18.749,18.749,17.097,17.291,17353,0
SKH,D,20190124,000000,17.291,17.291,16.126,16.32,10715,0
SKH,D,20190125,000000,16.223,16.223,14.523,15.64,71253,0
SKH,D,20190128,000000,15.543,15.64,15.057,15.251,15905,0
SKH,D,20190129,000000,15.251,15.737,15.154,15.737,5040,0
SKH,D,20190130,000000,15.737,16.66,15.349,15.98,39373,0
SKH,D,20190131,000000,15.931,16.223,15.543,16.223,4593,0
SKH,D,20190201,000000,15.591,16.223,15.591,16.223,6441,0
SKH,D,20190204,000000,16.223,16.514,15.931,15.931,2981,0
SKH,D,20190205,000000,16.514,16.514,15.931,15.931,6015,0
SKH,D,20190206,000000,15.931,16.174,15.543,15.834,9534,0
SKH,D,20190207,000000,15.834,16.611,15.64,16.514,12605,0
SKH,D,20190208,000000,16.514,17.631,16.514,16.854,16095,0
SKH,D,20190211,000000,17,17.777,16.854,16.951,15620,0
SKH,D,20190212,000000,17,17.194,16.66,16.757,4054,0
SKH,D,20190213,000000,17,17,15.591,16.466,24013,0
SKH,D,20190214,000000,16.126,16.854,16.029,16.854,1293,0
SKH,D,20190215,000000,16.611,16.757,16.077,16.563,1921,0
SKH,D,20190218,000000,16.709,16.806,16.514,16.709,532,0
SKH,D,20190219,000000,16.854,16.854,16.417,16.417,2452,0
SKH,D,20190220,000000,16.514,16.611,16.417,16.563,587,0
SKH,D,20190221,000000,16.514,16.514,16.514,16.514,362,0
SKH,D,20190222,000000,16.611,16.854,16.32,16.514,1355,0
SKH,D,20190225,000000,16.757,16.757,16.174,16.223,1786,0
SKH,D,20190226,000000,16.029,16.223,16.029,16.223,888,0
SKH,D,20190227,000000,16.077,16.32,16.077,16.223,215,0
SKH,D,20190228,000000,16.223,16.66,16.223,16.223,1099,0
SKH,D,20190301,000000,16.223,16.611,16.126,16.611,1121,0
SKH,D,20190304,000000,16.611,16.806,16.514,16.514,1039,0
SKH,D,20190305,000000,16.514,16.514,16.223,16.32,157,0
SKH,D,20190306,000000,16.514,16.611,16.223,16.563,1142,0
SKH,D,20190307,000000,16.514,16.563,16.223,16.223,2301,0
SKH,D,20190308,000000,16.174,16.223,16.174,16.223,3163,0
SKH,D,20190311,000000,16.563,16.757,16.563,16.611,2870,0
SKH,D,20190312,000000,16.709,16.903,16.709,16.806,9824,0
SKH,D,20190313,000000,16.514,16.806,16.514,16.806,5391,0
SKH,D,20190314,000000,16.806,16.806,16.466,16.514,1921,0
SKH,D,20190315,000000,16.757,17.291,16.757,17,15351,0
SKH,D,20190318,000000,17.291,17.291,16.466,16.466,7620,0
SKH,D,20190319,000000,16.611,16.611,16.369,16.466,7688,0
SKH,D,20190320,000000,16.757,17.291,16.563,16.563,3879,0
SKH,D,20190321,000000,16.806,16.806,16.514,16.514,1160,0
SKH,D,20190322,000000,16.514,16.611,16.514,16.514,422,0
SKH,D,20190325,000000,16.32,16.417,16.32,16.417,509,0
SKH,D,20190326,000000,16.32,16.417,16.32,16.32,1239,0
SKH,D,20190327,000000,16.417,16.417,16.32,16.32,402,0
SKH,D,20190328,000000,16.32,16.514,16.32,16.32,122561,0
SKH,D,20190329,000000,16.514,16.806,16.514,16.806,3946,0
SKH,D,20190401,000000,16.806,17.194,16.709,17.194,67919,0
SKH,D,20190402,000000,17.194,17.777,17.049,17.486,12189,0
SKH,D,20190403,000000,17.486,18.554,17.291,18.263,12885,0
SKH,D,20190404,000000,18.069,18.651,17.68,17.68,15572,0
SKH,D,20190405,000000,17.583,18.069,17.486,17.486,1414,0
SKH,D,20190408,000000,17.437,17.437,17,17.291,5244,0
SKH,D,20190409,000000,17.389,17.437,16.514,16.709,2641,0
SKH,D,20190410,000000,16.611,16.611,15.737,16.514,4163,0
SKH,D,20190411,000000,16.32,16.951,16.32,16.951,1771,0
SKH,D,20190412,000000,16.223,17.049,16.223,16.903,792,0
SKH,D,20190415,000000,16.514,16.563,16.514,16.514,412,0
SKH,D,20190416,000000,16.563,16.709,16.514,16.611,4334,0
SKH,D,20190417,000000,16.709,16.709,16.709,16.709,2943,0
SKH,D,20190418,000000,16.369,16.66,16.369,16.66,34,0
SKH,D,20190423,000000,16.514,16.514,16.32,16.514,488,0
SKH,D,20190424,000000,16.32,16.32,16.029,16.126,2015,0
SKH,D,20190425,000000,16.223,16.223,16.077,16.126,866,0
SKH,D,20190426,000000,16.029,16.417,15.543,16.417,6131,0
SKH,D,20190429,000000,15.203,16.174,15.203,15.543,155,0
SKH,D,20190430,000000,15.543,16.417,15.446,16.417,3306,0
SKH,D,20190502,000000,15.64,15.834,15.543,15.834,292,0
SKH,D,20190506,000000,15.931,15.931,15.543,15.931,954,0
SKH,D,20190507,000000,15.591,15.98,15.543,15.98,379,0
SKH,D,20190508,000000,15.543,15.591,15.543,15.591,257,0
SKH,D,20190509,000000,15.591,16.223,15.591,16.223,232,0
SKH,D,20190510,000000,15.64,15.64,15.591,15.591,103,0
SKH,D,20190513,000000,15.64,16.077,15.64,15.64,261,0
SKH,D,20190514,000000,15.64,15.931,15.543,15.543,493,0
SKH,D,20190515,000000,15.543,16.029,15.543,15.931,710,0
SKH,D,20190516,000000,16.029,16.514,16.029,16.514,3933,0
SKH,D,20190517,000000,16.514,16.514,16.029,16.029,2300,0
SKH,D,20190520,000000,16.369,16.514,16.029,16.029,1213,0
SKH,D,20190521,000000,16.029,16.029,16.029,16.029,107,0
SKH,D,20190522,000000,16.029,16.126,16.029,16.029,398,0
SKH,D,20190523,000000,16.029,16.029,15.834,15.834,772,0
SKH,D,20190524,000000,16.514,16.514,15.737,15.737,667,0
SKH,D,20190527,000000,16.466,16.466,15.834,16.271,1017,0
SKH,D,20190528,000000,16.029,16.029,15.834,15.834,811,0
SKH,D,20190529,000000,15.834,16.514,15.834,16.514,2425,0
SKH,D,20190530,000000,16.466,16.466,16.126,16.126,367,0
SKH,D,20190531,000000,16.126,16.126,16.029,16.029,556,0
SKH,D,20190603,000000,16.029,16.126,16.029,16.126,157,0
SKH,D,20190604,000000,16.126,16.126,16.029,16.126,536,0
SKH,D,20190605,000000,16.514,16.514,16.417,16.466,398,0
SKH,D,20190606,000000,16.466,16.514,16.029,16.514,2839,0
SKH,D,20190607,000000,16.514,16.757,16.32,16.611,1996,0
SKH,D,20190610,000000,16.757,17,16.514,16.854,1900,0
SKH,D,20190611,000000,17,17,16.514,16.806,8087,0
SKH,D,20190612,000000,16.806,17.437,16.806,17.389,10297,0
SKH,D,20190613,000000,17.437,17.437,17.097,17.389,955,0
SKH,D,20190614,000000,17.486,17.486,17.097,17.097,2042,0
SKH,D,20190617,000000,17.097,17.097,17,17,2754,0
SKH,D,20190618,000000,17,17,16.854,16.951,2751,0
SKH,D,20190619,000000,16.951,16.951,16.854,16.854,1417,0
SKH,D,20190621,000000,16.903,16.903,16.854,16.854,2537,0
SKH,D,20190624,000000,16.903,16.951,16.854,16.903,1029,0
SKH,D,20190625,000000,16.951,16.951,16.854,16.854,1427,0
SKH,D,20190626,000000,16.854,16.854,16.514,16.709,1338,0
SKH,D,20190627,000000,16.709,16.709,16.514,16.709,724,0
SKH,D,20190628,000000,17,17.243,17,17,1960,0
SKH,D,20190701,000000,17.243,17.486,17.146,17.146,1738,0
SKH,D,20190702,000000,17.243,17.486,17.243,17.291,1659,0
SKH,D,20190703,000000,17.486,17.486,17.34,17.34,1013,0
SKH,D,20190704,000000,17.486,17.486,17.389,17.437,2529,0
SKH,D,20190705,000000,17.437,17.437,17.34,17.389,2401,0
SKH,D,20190708,000000,17.486,17.486,17.146,17.243,3205,0
SKH,D,20190709,000000,17.486,17.486,17.389,17.486,247,0
SKH,D,20190710,000000,17.486,17.486,17.389,17.389,637,0
SKH,D,20190711,000000,17.389,17.486,17.389,17.389,739,0
SKH,D,20190712,000000,17.389,17.437,17.243,17.34,2645,0
SKH,D,20190715,000000,17.34,17.389,16.514,17,3318,0
SKH,D,20190716,000000,17,17.243,17,17.049,1366,0
SKH,D,20190717,000000,17.049,17.049,16.903,17,593,0
SKH,D,20190718,000000,17,17.049,16.903,16.903,309,0
SKH,D,20190719,000000,16.951,16.951,16.951,16.951,2753,0
SKH,D,20190722,000000,16.903,16.903,16.903,16.903,529,0
SKH,D,20190723,000000,16.903,16.903,16.709,16.709,4485,0
SKH,D,20190724,000000,16.806,17.389,16.806,17.194,4044,0
SKH,D,20190725,000000,17.291,17.291,16.806,16.854,1137,0
SKH,D,20190726,000000,17.291,17.631,17.243,17.631,4312,0
SKH,D,20190729,000000,17.631,17.631,17.34,17.534,1753,0
SKH,D,20190730,000000,17.583,17.583,17.486,17.486,583,0
SKH,D,20190731,000000,17.291,17.437,17.097,17.437,839,0
SKH,D,20190801,000000,16.854,17.486,16.854,17.389,1119,0
SKH,D,20190802,000000,16.854,17.486,16.854,17.437,10067,0
SKH,D,20190805,000000,17.437,17.437,16.903,17.291,2310,0
SKH,D,20190806,000000,17.291,17.291,16.903,17.291,1906,0
SKH,D,20190807,000000,17.243,17.243,17.097,17.097,146,0
SKH,D,20190808,000000,17.097,17.194,17.049,17.194,1121,0
SKH,D,20190809,000000,17.097,17.097,16.611,16.611,625,0
SKH,D,20190812,000000,16.709,16.757,16.66,16.66,1030,0
SKH,D,20190813,000000,16.66,16.757,16.611,16.757,2619,0
SKH,D,20190814,000000,17,17,15.931,16.514,1762,0
SKH,D,20190816,000000,16.514,16.514,16.223,16.514,593,0
SKH,D,20190819,000000,16.32,16.514,16.174,16.466,2778,0
SKH,D,20190820,000000,16.466,16.466,16.466,16.466,51,0
SKH,D,20190821,000000,16.466,16.466,16.466,16.466,48,0
SKH,D,20190822,000000,16.174,16.466,16.174,16.466,941,0
SKH,D,20190823,000000,16.466,16.514,16.32,16.32,1796,0
SKH,D,20190826,000000,16.174,16.32,16.126,16.126,1226,0
SKH,D,20190827,000000,16.077,16.271,16.077,16.174,740,0
SKH,D,20190828,000000,16.174,16.174,16.174,16.174,210,0
SKH,D,20190829,000000,16.174,16.174,16.029,16.029,819,0
SKH,D,20190830,000000,16.126,17.194,16.126,17.194,1616,0
SKH,D,20190902,000000,16.903,16.903,16.223,16.514,1924,0
SKH,D,20190903,000000,16.514,16.514,16.369,16.369,224,0
SKH,D,20190904,000000,16.32,16.514,16.32,16.417,1182,0
SKH,D,20190905,000000,16.417,16.514,16.417,16.514,394,0
SKH,D,20190906,000000,16.417,16.611,16.417,16.611,1965,0
SKH,D,20190909,000000,16.611,17.389,16.611,17.389,2877,0
SKH,D,20190910,000000,17.389,17.389,16.806,17,1417,0
SKH,D,20190911,000000,17,17,16.709,16.903,3016,0
SKH,D,20190912,000000,16.806,17,16.806,16.903,1738,0
SKH,D,20190913,000000,17.486,18.36,17.146,17.486,21023,0
SKH,D,20190916,000000,18.166,18.214,16.806,17.34,4879,0
SKH,D,20190917,000000,16.563,16.563,15.786,16.466,6746,0
SKH,D,20190918,000000,16.514,16.514,15.737,16.174,7489,0
SKH,D,20190919,000000,16.029,16.32,15.64,15.64,1078,0
SKH,D,20190920,000000,15.98,15.98,15.931,15.931,330,0
SKH,D,20190923,000000,15.737,16.029,15.737,16.029,1330,0
SKH,D,20190924,000000,16.029,16.029,15.64,15.64,1758,0
SKH,D,20190925,000000,15.64,15.931,15.591,15.64,605,0
SKH,D,20190926,000000,15.883,15.883,15.689,15.689,156,0
SKH,D,20190927,000000,15.883,15.931,15.883,15.931,394,0
SKH,D,20190930,000000,15.931,16.417,15.834,16.417,2991,0
SKH,D,20191001,000000,16.32,16.32,15.931,16.029,1296,0
SKH,D,20191002,000000,16.029,16.029,15.591,15.591,1721,0
SKH,D,20191003,000000,15.591,15.931,15.154,15.834,1679,0
SKH,D,20191004,000000,15.834,16.126,15.834,16.126,1195,0
SKH,D,20191007,000000,16.271,16.271,16.029,16.029,720,0
SKH,D,20191008,000000,16.029,16.32,15.931,16.32,796,0
SKH,D,20191009,000000,16.32,16.32,16.174,16.174,324,0
SKH,D,20191010,000000,15.834,15.931,15.834,15.883,328,0
SKH,D,20191011,000000,16.126,16.174,16.126,16.174,346,0
SKH,D,20191014,000000,16.174,16.32,16.077,16.32,1603,0
SKH,D,20191015,000000,16.32,16.32,16.126,16.126,548,0
SKH,D,20191016,000000,16.126,16.66,15.931,16.611,2842,0
SKH,D,20191017,000000,16.514,16.757,16.514,16.514,2020,0
SKH,D,20191018,000000,16.514,17,16.417,16.806,355,0
SKH,D,20191021,000000,16.854,16.854,16.514,16.514,1380,0
SKH,D,20191022,000000,16.514,16.854,16.126,16.854,838,0
SKH,D,20191023,000000,16.369,16.66,16.126,16.466,2292,0
SKH,D,20191024,000000,16.709,16.709,16.223,16.514,214,0
SKH,D,20191025,000000,16.611,16.806,16.223,16.514,1105,0
SKH,D,20191028,000000,16.514,16.757,16.514,16.514,548,0
SKH,D,20191029,000000,16.514,16.514,16.514,16.514,1121,0
SKH,D,20191030,000000,16.466,16.514,16.466,16.466,571,0
SKH,D,20191031,000000,16.417,16.417,16.223,16.417,728,0
SKH,D,20191104,000000,16.514,16.757,16.417,16.466,3240,0
SKH,D,20191105,000000,16.757,16.854,16.514,16.806,1449,0
SKH,D,20191106,000000,16.854,16.854,16.514,16.806,1187,0
SKH,D,20191107,000000,16.806,17.049,16.709,17.049,1649,0
SKH,D,20191108,000000,16.806,16.806,16.66,16.66,1879,0
SKH,D,20191112,000000,16.709,16.709,16.514,16.514,5251,0
SKH,D,20191113,000000,16.903,17.194,16.514,17.194,4139,0
SKH,D,20191114,000000,17.194,17.194,17,17,2126,0
SKH,D,20191115,000000,17.194,17.389,17,17.291,2128,0
SKH,D,20191118,000000,16.951,17.291,16.951,17.097,3052,0
SKH,D,20191119,000000,17.291,17.291,17.097,17.243,2176,0
SKH,D,20191120,000000,17.146,17.243,16.903,17,2278,0
SKH,D,20191121,000000,17.45,17.45,17,17,1903,0
SKH,D,20191122,000000,16.9,17.35,16.9,16.95,2965,0
SKH,D,20191125,000000,16.95,17.3,16.95,17.3,90,0
SKH,D,20191126,000000,17.3,17.4,17.1,17.4,566,0
SKH,D,20191127,000000,17.4,17.4,17.4,17.4,62,0
SKH,D,20191128,000000,17.4,17.5,17.35,17.4,1905,0
SKH,D,20191129,000000,17.55,17.7,17.45,17.7,2079,0
SKH,D,20191202,000000,17.7,17.7,17.55,17.55,2145,0
SKH,D,20191203,000000,17.55,17.7,17.1,17.15,1324,0
SKH,D,20191204,000000,17.2,17.5,17.2,17.2,902,0
SKH,D,20191205,000000,17.2,17.5,17.15,17.5,1363,0
SKH,D,20191206,000000,17.5,17.75,17.3,17.7,2245,0
SKH,D,20191209,000000,17.5,17.6,17.2,17.3,787,0
SKH,D,20191210,000000,17.3,17.6,17.25,17.5,1975,0
SKH,D,20191211,000000,17.5,17.6,17.3,17.5,996,0
SKH,D,20191212,000000,17.5,17.8,17.45,17.55,2405,0
SKH,D,20191213,000000,17.5,17.7,17.45,17.7,952,0
SKH,D,20191216,000000,17.4,17.6,17.4,17.6,1030,0
SKH,D,20191217,000000,17.6,17.7,17.55,17.7,2864,0
SKH,D,20191218,000000,17.75,17.75,17.6,17.6,1651,0
SKH,D,20191219,000000,17.55,17.7,17.55,17.7,1380,0
SKH,D,20191220,000000,17.75,17.95,17.75,17.9,6301,0
SKH,D,20191223,000000,18,18.4,17.95,18.3,8116,0
SKH,D,20191227,000000,18.35,19,18.35,19,5648,0
SKH,D,20191230,000000,19.1,19.15,18.9,19,3862,0
SKH,D,20200102,000000,19,20.1,19,20,4567,0
SKH,D,20200103,000000,20,20,19.5,19.7,3203,0
SKH,D,20200107,000000,19.7,19.9,19.5,19.7,2549,0
SKH,D,20200108,000000,19.75,19.75,19.1,19.7,1593,0
SKH,D,20200109,000000,19.7,19.7,19.3,19.65,517,0
SKH,D,20200110,000000,19.65,19.7,19.5,19.7,676,0
SKH,D,20200113,000000,19.7,19.95,19.15,19.7,3897,0
SKH,D,20200114,000000,19.5,19.7,19.5,19.5,480,0
SKH,D,20200115,000000,19.5,19.7,19.5,19.5,1321,0
SKH,D,20200116,000000,19.9,19.95,19.65,19.8,4291,0
SKH,D,20200117,000000,19.8,19.8,19.5,19.8,2064,0
SKH,D,20200120,000000,19.8,21,19.8,21,8936,0
SKH,D,20200121,000000,21,21.7,21,21.3,5389,0
SKH,D,20200122,000000,21.3,21.7,21.2,21.6,8368,0
SKH,D,20200123,000000,21.6,21.6,20.8,21,4892,0
SKH,D,20200124,000000,21.2,21.4,20.8,21.3,1107,0
SKH,D,20200127,000000,21.6,21.6,20.8,20.9,2432,0
SKH,D,20200128,000000,21,21.8,21,21.8,4877,0
SKH,D,20200129,000000,21.9,22,21.4,21.8,11309,0
SKH,D,20200130,000000,21.8,21.8,21.4,21.5,4596,0
SKH,D,20200131,000000,21.6,21.8,21.1,21.6,1396,0
SKH,D,20200203,000000,21.6,21.7,21.5,21.7,633,0
SKH,D,20200204,000000,21.8,22,21.8,21.8,5472,0
SKH,D,20200205,000000,21.9,22.5,21.9,22,5470,0
SKH,D,20200206,000000,22,22.5,21.9,22,2985,0
SKH,D,20200207,000000,22.1,22.1,21.8,21.8,2139,0
SKH,D,20200210,000000,21.9,21.9,21,21.8,2771,0
SKH,D,20200211,000000,21.8,21.9,21.5,21.9,2173,0
SKH,D,20200212,000000,22,22.4,21.6,22,6291,0
SKH,D,20200213,000000,21.1,21.8,21.1,21.8,1887,0
SKH,D,20200214,000000,21.6,21.8,21.5,21.8,442,0
SKH,D,20200217,000000,21.5,22,21.5,21.6,1517,0
SKH,D,20200218,000000,21.5,21.9,21.5,21.5,941,0
SKH,D,20200219,000000,21.5,21.5,20,21.1,2841,0
SKH,D,20200220,000000,20.8,21.1,20.8,21.1,330,0
SKH,D,20200221,000000,21,21.2,20.8,21.2,1143,0
SKH,D,20200224,000000,21.2,21.2,19.2,19.9,2865,0
SKH,D,20200225,000000,19.2,19.65,19.2,19.6,1359,0
SKH,D,20200226,000000,19,19,17.1,17.9,14049,0
SKH,D,20200227,000000,17.95,18.9,17.4,17.55,4001,0
SKH,D,20200228,000000,16.85,17.55,16,17.55,13466,0
SKH,D,20200302,000000,17.55,18.2,16.6,18.1,6718,0
SKH,D,20200303,000000,18.25,18.9,18.25,18.8,9976,0
SKH,D,20200304,000000,18.8,18.8,18,18,998,0
SKH,D,20200305,000000,18,18.7,18,18,2813,0
SKH,D,20200306,000000,18,18.4,18,18,3976,0
SKH,D,20200309,000000,16.5,17.6,16.1,16.7,4957,0
SKH,D,20200310,000000,16.7,17.2,16.7,16.7,1280,0
SKH,D,20200311,000000,17,17,15.3,16,6361,0
SKH,D,20200312,000000,15.25,16,12.7,13.7,11079,0
SKH,D,20200313,000000,13,14.45,13,14.2,14995,0
SKH,D,20200316,000000,14,14,12.6,13.1,2508,0
SKH,D,20200317,000000,13.1,14.45,12.1,12.85,15757,0
SKH,D,20200318,000000,13.4,13.9,12.8,13.75,4630,0
SKH,D,20200319,000000,13.75,13.9,13.05,13.3,7487,0
SKH,D,20200320,000000,13.65,14,13.2,13.2,10382,0
SKH,D,20200323,000000,13.05,13.85,12.95,13.15,5022,0
SKH,D,20200324,000000,13.85,14,12.95,13.8,6039,0
SKH,D,20200325,000000,14,14,13.5,13.9,2067,0
SKH,D,20200326,000000,13.75,14,13.6,13.95,1994,0
SKH,D,20200327,000000,14,14.5,13.8,13.9,3405,0
SKH,D,20200330,000000,13.9,14.35,13.85,14,1680,0
SKH,D,20200331,000000,14.3,14.6,14,14.45,6507,0
SKH,D,20200401,000000,14.5,14.5,14.05,14.5,771,0
SKH,D,20200402,000000,14.85,14.85,13.9,14,2704,0
SKH,D,20200403,000000,14.3,14.7,14,14.5,1307,0
SKH,D,20200406,000000,14.5,15.65,14.4,15.1,7696,0
SKH,D,20200407,000000,15.6,17,15.2,16.7,7091,0
SKH,D,20200408,000000,16.7,16.9,15.9,16.05,3075,0
SKH,D,20200409,000000,15.25,16.65,15.25,16,1395,0
SKH,D,20200414,000000,16,16.7,16,16.5,7564,0
SKH,D,20200415,000000,16.85,18,16.5,17.2,12032,0
SKH,D,20200416,000000,17.2,17.25,17.1,17.15,1534,0
SKH,D,20200417,000000,17.15,17.15,16.7,17.05,2835,0
SKH,D,20200420,000000,17,17.4,16.7,17.1,2357,0
SKH,D,20200421,000000,16.95,16.95,15.8,15.85,7417,0
SKH,D,20200422,000000,15.95,16.9,15.55,16.5,2149,0
SKH,D,20200423,000000,16.6,17,16.6,16.95,2076,0
SKH,D,20200424,000000,16.85,16.85,16.6,16.6,733,0
SKH,D,20200427,000000,17.05,17.4,16.8,17.1,2805,0
SKH,D,20200428,000000,17,17.95,16.9,17.5,4573,0
SKH,D,20200429,000000,17.8,18.6,17.6,18.6,3888,0
SKH,D,20200430,000000,19.4,19.5,18.2,18.3,8831,0
SKH,D,20200504,000000,17.05,18.05,16.1,18.05,6533,0
SKH,D,20200505,000000,17.7,17.95,17,17.8,425,0
SKH,D,20200506,000000,17.8,17.8,17,17.5,2492,0
SKH,D,20200507,000000,17.5,18.05,16.75,18.05,1134,0
SKH,D,20200508,000000,18.05,18.2,17.8,18.2,1321,0
SKH,D,20200511,000000,18.2,19.2,18.2,18.9,4463,0
SKH,D,20200512,000000,18.8,18.8,18.25,18.7,1808,0
SKH,D,20200513,000000,18.7,19.4,18.5,18.55,2238,0
SKH,D,20200514,000000,18.5,19.3,18.2,18.9,3564,0
SKH,D,20200515,000000,19.3,19.5,19,19.45,4131,0
SKH,D,20200518,000000,19.3,19.3,18.9,18.9,3381,0
SKH,D,20200519,000000,19,19.5,19,19.45,3973,0
SKH,D,20200520,000000,19.15,19.4,19,19.2,2521,0
SKH,D,20200521,000000,19.05,19.3,18.25,18.5,5563,0
SKH,D,20200522,000000,18.7,19.5,18.5,19.25,2368,0
SKH,D,20200525,000000,19.45,19.5,19.2,19.2,1142,0
SKH,D,20200526,000000,19.2,19.2,18.6,18.85,1984,0
SKH,D,20200527,000000,19.2,19.35,18.75,19.2,3613,0
SKH,D,20200528,000000,19.25,19.25,18.6,18.8,2616,0
SKH,D,20200529,000000,18.6,19.2,18.6,19.2,1500,0
SKH,D,20200601,000000,19.25,19.25,18.7,19.25,994,0
SKH,D,20200602,000000,19.25,19.3,18.95,19.05,788,0
SKH,D,20200603,000000,19.25,19.85,19.25,19.5,5593,0
SKH,D,20200604,000000,19.4,20.1,19.4,19.9,5626,0
SKH,D,20200605,000000,19.7,21.1,19.7,20.8,10651,0
SKH,D,20200608,000000,20.9,21.2,20.5,21,8643,0
SKH,D,20200609,000000,20.5,21,20.3,20.9,5331,0
SKH,D,20200610,000000,20.8,20.9,20.6,20.8,3426,0
SKH,D,20200612,000000,20.3,20.6,20.3,20.4,6853,0
SKH,D,20200615,000000,20.4,20.4,20,20.3,5539,0
SKH,D,20200616,000000,20.3,20.8,20.3,20.7,3634,0
SKH,D,20200617,000000,20.5,21,20.5,21,1138,0
SKH,D,20200618,000000,21,21.5,21,21.1,2255,0
SKH,D,20200619,000000,21,21,20.6,21,1400,0
SKH,D,20200622,000000,21.2,21.8,21.2,21.7,3579,0
SKH,D,20200623,000000,21.7,22.5,21.2,22.2,8157,0
SKH,D,20200624,000000,22.6,22.6,21.9,22.3,2718,0
SKH,D,20200625,000000,22.3,22.5,21,21.4,4901,0
SKH,D,20200626,000000,21.4,21.9,21.1,21.1,517,0
SKH,D,20200629,000000,21.4,21.9,21,21.9,1930,0
SKH,D,20200630,000000,21.9,21.9,21,21,793,0
SKH,D,20200701,000000,21.5,21.6,21.3,21.4,1252,0
SKH,D,20200702,000000,21.5,21.7,21.5,21.7,1699,0
SKH,D,20200703,000000,21.8,21.8,21.7,21.7,873,0
SKH,D,20200706,000000,21.7,22.6,21.7,22.1,14340,0
SKH,D,20200707,000000,22.2,22.5,22.2,22.5,4965,0
SKH,D,20200708,000000,22.5,23.7,22.5,23.3,8525,0
SKH,D,20200709,000000,23.4,23.5,22.2,23,8508,0
SKH,D,20200710,000000,23.2,23.2,22.5,23,2251,0
