<TICKER>,<PER>,<DATE>,<TIME>,<OPEN>,<HIGH>,<LOW>,<CLOSE>,<VOL>,<OPENINT>
SVRS,D,20180726,000000,18,18,15,17.5,6899,0
SVRS,D,20180727,000000,17.5,17.5,16.68,17.47,172,0
SVRS,D,20180730,000000,17.47,17.47,16.21,17.47,813,0
SVRS,D,20180731,000000,16.98,16.98,16.2,16.2,1167,0
SVRS,D,20180801,000000,16.9,16.97,16.9,16.97,8923,0
SVRS,D,20180802,000000,17,17,17,17,18,0
SVRS,D,20180803,000000,17.47,17.47,16,17.47,5404,0
SVRS,D,20180806,000000,17.47,17.47,16.3,17.47,5051,0
SVRS,D,20180807,000000,17.47,17.47,16.99,17.47,25644,0
SVRS,D,20180808,000000,17.47,17.47,17.47,17.47,2,0
SVRS,D,20180809,000000,17.47,17.47,17.47,17.47,2,0
SVRS,D,20180810,000000,17.47,17.47,17.47,17.47,1,0
SVRS,D,20180813,000000,17.47,17.47,17.47,17.47,2,0
SVRS,D,20180814,000000,17.47,17.47,16.7,17.45,402,0
SVRS,D,20180816,000000,17.44,17.44,17.44,17.44,2,0
SVRS,D,20180817,000000,17.44,17.44,17.44,17.44,2,0
SVRS,D,20180820,000000,17.44,17.44,16.3,17,23,0
SVRS,D,20180821,000000,17.44,17.44,17.44,17.44,2,0
SVRS,D,20180822,000000,17.44,17.44,17.44,17.44,1,0
SVRS,D,20180823,000000,17.44,17.44,17.44,17.44,2,0
SVRS,D,20180824,000000,17.44,17.44,16,17.3,615,0
SVRS,D,20180827,000000,17.44,17.44,17.44,17.44,1,0
SVRS,D,20180828,000000,17.44,17.44,17.44,17.44,1,0
SVRS,D,20180829,000000,17.44,17.44,16.1,17.2,582,0
SVRS,D,20180830,000000,17.4,17.4,16.6,16.6,383,0
SVRS,D,20180831,000000,17.4,17.4,16.7,17.1,911,0
SVRS,D,20180903,000000,17.4,17.4,17.05,17.4,36,0
SVRS,D,20180904,000000,17.4,17.45,17.12,17.45,232,0
SVRS,D,20180905,000000,17.45,17.5,17.15,17.3,761,0
SVRS,D,20180907,000000,17.5,17.5,17.4,17.4,481,0
SVRS,D,20180910,000000,17.2,17.2,17.2,17.2,10,0
SVRS,D,20180911,000000,17.2,17.2,17.2,17.2,1,0
SVRS,D,20180912,000000,17.2,17.2,17.2,17.2,1,0
SVRS,D,20180913,000000,17.2,17.2,17.2,17.2,1,0
SVRS,D,20180914,000000,17.2,17.2,17.2,17.2,1,0
SVRS,D,20180917,000000,17.1,17.1,16.4,17.1,372,0
SVRS,D,20180918,000000,17.1,17.1,17.1,17.1,1,0
SVRS,D,20180919,000000,17,17,17,17,1,0
SVRS,D,20180920,000000,17,17,17,17,1,0
SVRS,D,20180921,000000,17.1,17.1,15.88,16.8,1222,0
SVRS,D,20180924,000000,16.8,16.8,16.8,16.8,1,0
SVRS,D,20180925,000000,16.8,16.8,16.3,16.3,727,0
SVRS,D,20180926,000000,16.8,16.8,15.9,16.8,22,0
SVRS,D,20180927,000000,16.8,16.8,16.8,16.8,1,0
SVRS,D,20180928,000000,16.8,16.8,16.8,16.8,2,0
SVRS,D,20181001,000000,16.8,16.8,16.4,16.8,552,0
SVRS,D,20181002,000000,16.8,17.1,16.8,17.1,3315,0
SVRS,D,20181003,000000,17.1,17.2,17.09,17.09,2551,0
SVRS,D,20181004,000000,16.99,17,16.21,17,1017,0
SVRS,D,20181005,000000,17,17,17,17,2,0
SVRS,D,20181008,000000,17,17.01,17,17.01,2,0
SVRS,D,20181009,000000,16.25,16.9,16.25,16.9,210,0
SVRS,D,20181010,000000,16.9,16.9,16.9,16.9,1,0
SVRS,D,20181011,000000,16.9,17,16.9,17,2,0
SVRS,D,20181012,000000,17,17,17,17,2,0
SVRS,D,20181015,000000,17,17,17,17,2,0
SVRS,D,20181016,000000,17,17,17,17,1,0
SVRS,D,20181017,000000,17,17,17,17,1,0
SVRS,D,20181018,000000,17,17,17,17,1,0
SVRS,D,20181019,000000,17,17,17,17,1,0
SVRS,D,20181022,000000,17,17,17,17,1,0
SVRS,D,20181023,000000,16.5,17,16.5,17,188,0
SVRS,D,20181024,000000,17,17,16,17,283,0
SVRS,D,20181025,000000,17,17,16.21,17,553,0
SVRS,D,20181026,000000,17,17,17,17,1,0
SVRS,D,20181030,000000,17,17,17,17,1,0
SVRS,D,20181031,000000,17,17,17,17,1,0
SVRS,D,20181102,000000,17,17,17,17,1,0
SVRS,D,20181105,000000,17,17,17,17,1,0
SVRS,D,20181106,000000,17,17,17,17,1,0
SVRS,D,20181107,000000,17,17,17,17,1,0
SVRS,D,20181108,000000,17,17,17,17,1,0
SVRS,D,20181109,000000,17,17,17,17,2,0
SVRS,D,20181113,000000,17,17,17,17,12,0
SVRS,D,20181114,000000,17,17,17,17,6,0
SVRS,D,20181115,000000,17,17,17,17,1,0
SVRS,D,20181116,000000,17,17,17,17,13,0
SVRS,D,20181119,000000,17,17,17,17,13,0
SVRS,D,20181120,000000,17,17,17,17,8,0
SVRS,D,20181121,000000,17,17,17,17,6,0
SVRS,D,20181122,000000,17,17,17,17,1,0
SVRS,D,20181123,000000,17,17,15.3,17,400,0
SVRS,D,20181126,000000,17,17,17,17,2,0
SVRS,D,20181127,000000,17,17,17,17,1,0
SVRS,D,20181128,000000,17,17,17,17,2,0
SVRS,D,20181129,000000,17,17,17,17,2,0
SVRS,D,20181130,000000,17,17,17,17,2,0
SVRS,D,20181203,000000,17,17,17,17,1,0
SVRS,D,20181204,000000,17,17,17,17,1,0
SVRS,D,20181205,000000,17,17,17,17,11,0
SVRS,D,20181206,000000,17,17,17,17,8,0
SVRS,D,20181207,000000,17,17,17,17,1,0
SVRS,D,20181210,000000,17,17,17,17,10,0
SVRS,D,20181211,000000,17,17,16.5,16.5,60,0
SVRS,D,20181212,000000,16.5,16.5,16.5,16.5,2,0
SVRS,D,20181213,000000,17,17,15.78,17,61,0
SVRS,D,20181214,000000,17,17,17,17,1,0
SVRS,D,20181218,000000,16.52,17,16.52,17,485,0
SVRS,D,20181220,000000,16.9,16.9,16.1,16.5,1362,0
SVRS,D,20181221,000000,17,17,17,17,55,0
SVRS,D,20181227,000000,17.1,17.1,17.1,17.1,160,0
SVRS,D,20181228,000000,17.05,17.1,17,17.1,1692,0
SVRS,D,20190103,000000,17.1,17.1,17.1,17.1,1500,0
SVRS,D,20190111,000000,17.25,17.3,17.25,17.3,20,0
SVRS,D,20190114,000000,16.47,16.47,15.89,15.89,1100,0
SVRS,D,20190115,000000,16,16,16,16,1498,0
SVRS,D,20190116,000000,16,16,15.32,15.32,321,0
SVRS,D,20190117,000000,15.65,16,15.65,16,740,0
SVRS,D,20190118,000000,16.19,16.19,16.19,16.19,30,0
SVRS,D,20190125,000000,15.8,15.8,15.5,15.5,7510,0
SVRS,D,20190129,000000,15.35,15.35,15.35,15.35,120,0
SVRS,D,20190130,000000,16,16,16,16,10,0
SVRS,D,20190131,000000,16.2,16.2,16.2,16.2,1,0
SVRS,D,20190201,000000,16.4,16.4,16.4,16.4,2,0
SVRS,D,20190204,000000,16.39,16.39,15.7,15.7,659,0
SVRS,D,20190205,000000,15.79,15.79,15.79,15.79,2,0
SVRS,D,20190206,000000,15.79,15.79,15.05,15.05,175498,0
SVRS,D,20190207,000000,15.49,15.49,15.49,15.49,1,0
SVRS,D,20190208,000000,15.49,15.49,15.49,15.49,1,0
SVRS,D,20190214,000000,15.6,15.6,15.6,15.6,11,0
SVRS,D,20190218,000000,15.62,15.62,15.62,15.62,1,0
SVRS,D,20190219,000000,15,15,15,15,51,0
SVRS,D,20190220,000000,14.9,14.9,14.9,14.9,54,0
SVRS,D,20190226,000000,14.51,14.51,14.51,14.51,50,0
SVRS,D,20190306,000000,15.2,15.2,15.2,15.2,200,0
SVRS,D,20190312,000000,15,15,15,15,90,0
SVRS,D,20190313,000000,15,15,14.55,14.55,570,0
SVRS,D,20190315,000000,14.548,14.548,14.548,14.548,5,0
SVRS,D,20190318,000000,14.54,14.54,14.54,14.54,5,0
SVRS,D,20190319,000000,14.54,14.54,14.54,14.54,5,0
SVRS,D,20190320,000000,14.54,14.54,14.54,14.54,5,0
SVRS,D,20190321,000000,14.54,14.54,14.54,14.54,180,0
SVRS,D,20190322,000000,14.548,14.548,14.548,14.548,5,0
SVRS,D,20190325,000000,14.52,14.52,14.52,14.52,2,0
SVRS,D,20190326,000000,14.52,14.52,13.86,13.86,170,0
SVRS,D,20190327,000000,14.54,14.54,14.54,14.54,5,0
SVRS,D,20190328,000000,14.54,14.54,14.54,14.54,3,0
SVRS,D,20190329,000000,14.54,15.5,14.54,15.5,2057,0
SVRS,D,20190401,000000,15.99,15.99,14.6,15.084,1540,0
SVRS,D,20190402,000000,14.388,14.388,14.388,14.388,550,0
SVRS,D,20190404,000000,15.8,15.8,15.8,15.8,550,0
SVRS,D,20190408,000000,15.8,15.8,14.6,14.6,1111,0
SVRS,D,20190417,000000,14.75,14.75,14.75,14.75,50,0
SVRS,D,20190418,000000,14.75,14.75,14.75,14.75,10,0
SVRS,D,20190424,000000,14.75,14.75,14.75,14.75,2,0
SVRS,D,20190425,000000,14.06,14.06,14.06,14.06,550,0
SVRS,D,20190429,000000,14.07,14.07,14.07,14.07,600,0
SVRS,D,20190430,000000,14.17,14.27,14.17,14.27,280,0
SVRS,D,20190514,000000,14.468,14.468,14.468,14.468,1,0
SVRS,D,20190517,000000,13.9,14.1,13.9,14.1,109,0
SVRS,D,20190520,000000,14.1,14.1,14.1,14.1,73,0
SVRS,D,20190521,000000,14.108,14.108,14.1,14.1,59,0
SVRS,D,20190522,000000,14.1,14.1,14.1,14.1,67,0
SVRS,D,20190523,000000,14.1,14.1,14.1,14.1,91,0
SVRS,D,20190524,000000,14.1,14.1,14.1,14.1,8,0
SVRS,D,20190527,000000,13.9,14,13.9,14,106,0
SVRS,D,20190528,000000,14,14,14,14,38,0
SVRS,D,20190603,000000,14.108,14.108,14,14,62,0
SVRS,D,20190604,000000,14,14,14,14,58,0
SVRS,D,20190605,000000,14,14,14,14,52,0
SVRS,D,20190606,000000,14,14,14,14,50,0
SVRS,D,20190607,000000,14,14,14,14,43,0
SVRS,D,20190610,000000,14,14,14,14,40,0
SVRS,D,20190611,000000,14,14,14,14,7,0
SVRS,D,20190612,000000,14,14,14,14,3,0
SVRS,D,20190613,000000,14,14,14,14,287,0
SVRS,D,20190614,000000,14,14,14,14,1,0
SVRS,D,20190617,000000,14,14,13.47,13.47,571,0
SVRS,D,20190618,000000,14,14,14,14,1,0
SVRS,D,20190704,000000,14,14,14,14,14,0
SVRS,D,20190705,000000,14,14,13.998,13.998,90,0
SVRS,D,20190708,000000,14,14,14,14,1,0
SVRS,D,20190709,000000,14,14,12.72,12.72,1185,0
SVRS,D,20190710,000000,12.726,12.728,12.628,12.628,100125,0
SVRS,D,20190711,000000,12.628,12.628,12.628,12.628,32,0
SVRS,D,20190716,000000,12.4,12.4,12.1,12.1,729,0
SVRS,D,20190717,000000,11.6,11.6,11.15,11.15,1027,0
SVRS,D,20190718,000000,11.15,11.15,9,9,2003,0
SVRS,D,20190719,000000,9.45,9.45,9.45,9.45,24,0
SVRS,D,20190722,000000,9.6,9.6,9.45,9.45,880,0
SVRS,D,20190723,000000,9.3,9.3,9,9,918,0
SVRS,D,20190724,000000,9.45,9.45,9.45,9.45,30,0
SVRS,D,20190725,000000,9.45,10,9.45,10,320,0
SVRS,D,20190726,000000,10.1,10.1,10.1,10.1,12,0
SVRS,D,20190730,000000,10.05,10.05,10.05,10.05,20,0
SVRS,D,20190731,000000,10,10,9.6,9.6,459,0
SVRS,D,20190801,000000,9.799,9.799,9.5,9.5,962,0
SVRS,D,20190802,000000,9.5,9.5,9.5,9.5,5,0
SVRS,D,20190805,000000,9.5,9.5,9.5,9.5,21,0
SVRS,D,20190806,000000,9.5,9.5,9.4,9.4,119,0
SVRS,D,20190808,000000,9.36,9.36,9.36,9.36,20,0
SVRS,D,20190809,000000,9.36,9.36,9.36,9.36,28,0
SVRS,D,20190812,000000,9.36,9.36,9.36,9.36,46,0
SVRS,D,20190813,000000,9.36,9.36,9.36,9.36,31,0
SVRS,D,20190814,000000,9.36,9.36,8.5,8.92,1004,0
SVRS,D,20190816,000000,8.92,8.92,8.5,8.92,154,0
SVRS,D,20190819,000000,8.92,9,8.92,9,8127,0
SVRS,D,20190820,000000,9,9,8.89,8.89,3347,0
SVRS,D,20190821,000000,8.9,8.9,8.85,8.85,633,0
SVRS,D,20190822,000000,8.85,8.85,8.47,8.47,1548,0
SVRS,D,20190823,000000,8.47,8.47,8.3,8.47,929,0
SVRS,D,20190826,000000,8.45,8.45,8.45,8.45,2,0
SVRS,D,20190827,000000,8.45,8.45,7.919,7.919,1302,0
SVRS,D,20190828,000000,8.45,8.45,8.45,8.45,5,0
SVRS,D,20190829,000000,8.45,8.45,8.45,8.45,15,0
SVRS,D,20190830,000000,8.45,8.45,8.45,8.45,19,0
SVRS,D,20190904,000000,7.95,7.95,7.95,7.95,33,0
SVRS,D,20190905,000000,7.95,7.95,7.95,7.95,892,0
SVRS,D,20190906,000000,8.23,8.6,8.23,8.6,1928,0
SVRS,D,20190909,000000,9.03,9.6,9.026,9.026,3524,0
SVRS,D,20190910,000000,9.028,9.028,9.028,9.028,20,0
SVRS,D,20190912,000000,9.027,9.027,8.6,8.699,2968,0
SVRS,D,20190916,000000,8.7,8.7,8.7,8.7,10,0
SVRS,D,20190917,000000,8.699,8.699,8.3,8.3,60,0
SVRS,D,20190918,000000,8.399,8.399,8.3,8.3,102,0
SVRS,D,20190919,000000,8.3,8.3,8,8,2123,0
SVRS,D,20190920,000000,8.3,8.3,8.3,8.3,2,0
SVRS,D,20190923,000000,8.3,8.3,7.62,7.62,3003,0
SVRS,D,20190924,000000,7.62,7.64,7.1,7.1,1469,0
SVRS,D,20190925,000000,7.186,7.186,6.85,6.85,1195,0
SVRS,D,20190926,000000,6.45,6.82,6.45,6.82,1226,0
SVRS,D,20190927,000000,7,7,7,7,2,0
SVRS,D,20190930,000000,7,7,7,7,2,0
SVRS,D,20191001,000000,7,7,6.99,6.99,1002,0
SVRS,D,20191002,000000,7,7,6.98,6.98,1002,0
SVRS,D,20191003,000000,6.98,6.98,6.66,6.66,1002,0
SVRS,D,20191007,000000,6.66,6.66,6.66,6.66,1225,0
SVRS,D,20191008,000000,6.88,6.88,6.88,6.88,7,0
SVRS,D,20191010,000000,6.9,6.93,6.9,6.93,2613,0
SVRS,D,20191011,000000,6.93,6.93,6.63,6.93,69,0
SVRS,D,20191014,000000,6.93,6.931,6.93,6.931,9907,0
SVRS,D,20191015,000000,6.88,6.88,6.88,6.88,1250,0
SVRS,D,20191016,000000,6.91,6.93,6.91,6.92,3626,0
SVRS,D,20191017,000000,6.92,6.92,6.8,6.88,95,0
SVRS,D,20191018,000000,6.88,6.88,6.88,6.88,51,0
SVRS,D,20191021,000000,6.88,6.88,6.63,6.63,1055,0
SVRS,D,20191022,000000,6.62,6.63,6.62,6.63,16950,0
SVRS,D,20191023,000000,6.62,6.62,6.62,6.62,14,0
SVRS,D,20191024,000000,6.62,6.88,6.51,6.83,32205,0
SVRS,D,20191025,000000,6.83,6.83,6.83,6.83,30,0
SVRS,D,20191028,000000,6.83,6.83,6.83,6.83,1470,0
SVRS,D,20191029,000000,6.83,6.831,6.83,6.831,3993,0
SVRS,D,20191030,000000,6.918,6.918,6.831,6.831,7442,0
SVRS,D,20191031,000000,6.831,6.831,6.831,6.831,2220,0
SVRS,D,20191104,000000,6.831,6.831,6.831,6.831,43,0
SVRS,D,20191105,000000,6.831,6.92,6.831,6.92,5169,0
SVRS,D,20191106,000000,6.92,6.92,6.92,6.92,2872,0
SVRS,D,20191107,000000,6.92,6.92,6.92,6.92,31,0
SVRS,D,20191108,000000,6.92,6.92,6.92,6.92,52,0
SVRS,D,20191112,000000,6.92,6.92,6.92,6.92,1835,0
SVRS,D,20191113,000000,6.92,6.949,6.92,6.949,6484,0
SVRS,D,20191114,000000,6.949,6.949,6.949,6.949,3556,0
SVRS,D,20191115,000000,6.949,6.949,6.949,6.949,994,0
SVRS,D,20191118,000000,6.949,6.949,6.949,6.949,850,0
SVRS,D,20191119,000000,6.949,6.949,6.949,6.949,38,0
SVRS,D,20191120,000000,6.949,6.949,6.949,6.949,35,0
SVRS,D,20191121,000000,6.949,6.949,6.949,6.949,34,0
SVRS,D,20191122,000000,6.949,7.44,6.949,7.44,5996,0
SVRS,D,20191125,000000,7.5,8.08,7.5,8.08,1578,0
SVRS,D,20191126,000000,8.08,8.08,8.08,8.08,950,0
SVRS,D,20191127,000000,8.08,8.08,8.08,8.08,5,0
SVRS,D,20191128,000000,8.08,8.08,8.08,8.08,3,0
SVRS,D,20191129,000000,8.28,8.58,8.28,8.58,2700,0
SVRS,D,20191202,000000,9.03,9.52,9,9.52,615,0
SVRS,D,20191203,000000,10,10,9.5,9.66,1005,0
SVRS,D,20191204,000000,9.659,10.14,9.659,10.14,905,0
SVRS,D,20191205,000000,10.14,10.5,10.14,10.5,115,0
SVRS,D,20191206,000000,10.6,11.11,10.6,11.11,247,0
SVRS,D,20191209,000000,11.11,11.11,11.11,11.11,5,0
SVRS,D,20191210,000000,11,11,11,11,2,0
SVRS,D,20191211,000000,10.384,10.384,10.3,10.3,1289,0
SVRS,D,20191212,000000,11,11,10,10,854,0
SVRS,D,20191213,000000,10,10,10,10,5956,0
SVRS,D,20191216,000000,10,10,10,10,2,0
SVRS,D,20191217,000000,10,10,10,10,3,0
SVRS,D,20191218,000000,9.5,9.5,9.06,9.06,802,0
SVRS,D,20191230,000000,9.06,9.06,9.06,9.06,100,0
SVRS,D,20200103,000000,9.059,9.061,8.64,9.061,2827,0
SVRS,D,20200107,000000,9,9,8.74,8.74,938,0
SVRS,D,20200108,000000,8.699,8.699,8,8,3913,0
SVRS,D,20200109,000000,8.001,8.4,8.001,8.4,1753,0
SVRS,D,20200113,000000,8.7,8.7,7.4,7.4,2967,0
SVRS,D,20200114,000000,7.398,7.4,6.67,6.67,6549,0
SVRS,D,20200115,000000,6.67,6.98,6.67,6.98,110,0
SVRS,D,20200116,000000,7.4,7.4,6.2,6.28,16260,0
SVRS,D,20200117,000000,6.16,6.3,6.099,6.1,6457,0
SVRS,D,20200120,000000,6.09,6.09,6.09,6.09,20,0
SVRS,D,20200121,000000,6,6,5.9,5.9,1518,0
SVRS,D,20200122,000000,5.5,5.65,5,5.5,1040,0
SVRS,D,20200123,000000,5.7,5.7,5.299,5.299,1783,0
SVRS,D,20200124,000000,5.297,5.297,5.297,5.297,391,0
SVRS,D,20200127,000000,5.051,5.051,5.05,5.05,1625,0
SVRS,D,20200128,000000,5.199,5.199,4.93,4.93,653,0
SVRS,D,20200129,000000,4.88,5.11,4.88,4.88,3251,0
SVRS,D,20200130,000000,5.1,5.1,5.1,5.1,22,0
SVRS,D,20200131,000000,5.1,5.109,4.8,4.9,24502,0
SVRS,D,20200203,000000,5.019,5.019,4.8,4.8,2717,0
SVRS,D,20200204,000000,5.018,5.018,4.5,4.5,4588,0
SVRS,D,20200205,000000,4.5,4.55,4.4,4.4,5163,0
SVRS,D,20200206,000000,4.45,4.45,4.1,4.19,34700,0
SVRS,D,20200207,000000,4.19,4.2995,4.19,4.2995,423,0
SVRS,D,20200210,000000,4.3005,4.3005,4.3005,4.3005,10,0
SVRS,D,20200211,000000,4.38,4.39,4.38,4.39,1916,0
SVRS,D,20200212,000000,4.3005,4.39,4.3005,4.39,123,0
SVRS,D,20200213,000000,4.4,4.4,4.4,4.4,27,0
SVRS,D,20200217,000000,4.42,4.43,4.42,4.43,254,0
SVRS,D,20200218,000000,4.43,4.65,4.43,4.65,470,0
SVRS,D,20200219,000000,4.72,5.6,4.72,5.6,4733,0
SVRS,D,20200220,000000,6,6.089,5.8,5.8,1508,0
SVRS,D,20200221,000000,5.77,5.77,5.2,5.2,3125,0
SVRS,D,20200224,000000,5.2,5.2,5.1,5.1,2693,0
SVRS,D,20200226,000000,4.91,4.91,4.91,4.91,50,0
SVRS,D,20200227,000000,4.91,4.91,4,4,25182,0
SVRS,D,20200228,000000,3.9,3.9,3.3,3.62,18700,0
SVRS,D,20200302,000000,3.6595,3.6595,3.3,3.3,27415,0
SVRS,D,20200303,000000,3.3005,3.6,3.1,3.1,59950,0
SVRS,D,20200304,000000,3.0735,3.104,3,3,4556,0
SVRS,D,20200305,000000,3.0005,3.22,3.0005,3.15,4590,0
SVRS,D,20200309,000000,2.9,2.97,2.86,2.97,1131,0
SVRS,D,20200310,000000,2.9695,2.9695,2.84,2.91,14350,0
SVRS,D,20200311,000000,2.93,2.93,2.78,2.78,8450,0
SVRS,D,20200313,000000,2.88,2.9,2.85,2.85,6500,0
SVRS,D,20200317,000000,2.8595,2.8595,2.75,2.75,2850,0
SVRS,D,20200320,000000,2.75,2.75,2.5,2.6305,3088,0
SVRS,D,20200324,000000,2.55,2.65,2.55,2.65,3300,0
SVRS,D,20200325,000000,2.7995,2.7995,2.55,2.56,6400,0
SVRS,D,20200327,000000,2.5795,2.5795,2.48,2.48,3600,0
SVRS,D,20200330,000000,2.5,2.5,2.5,2.5,35,0
SVRS,D,20200401,000000,2.4995,2.4995,2.4995,2.4995,9,0
SVRS,D,20200402,000000,2.3,2.3,2.3,2.3,750,0
SVRS,D,20200403,000000,2.3,2.3,2.3,2.3,16,0
SVRS,D,20200407,000000,2.3005,2.53,2.3005,2.53,100,0
SVRS,D,20200408,000000,2.5295,2.5295,2.5295,2.5295,21,0
SVRS,D,20200409,000000,2.5,2.5,2.25,2.25,22,0
SVRS,D,20200414,000000,2.4,2.4,2.2,2.4,25089,0
SVRS,D,20200415,000000,2.4,2.4,2.4,2.4,29187,0
SVRS,D,20200416,000000,2.4,2.4,2.4,2.4,1198,0
SVRS,D,20200417,000000,2.4,2.4,2.4,2.4,432,0
SVRS,D,20200420,000000,2.4,2.4,2.4,2.4,431,0
SVRS,D,20200421,000000,2.4,2.55,2.4,2.55,310316,0
SVRS,D,20200422,000000,2.6005,3.14,2.6005,3,1916,0
SVRS,D,20200423,000000,3,3.5,3,3.5,341,0
SVRS,D,20200424,000000,3.5,4.2,3.5,4.2,6355,0
SVRS,D,20200427,000000,4.44,4.44,3.65,3.65,1801,0
SVRS,D,20200428,000000,3.7005,3.787,3.62,3.62,3594,0
SVRS,D,20200429,000000,3.72,3.72,3.59,3.59,2210,0
SVRS,D,20200430,000000,3.57,3.59,3.57,3.59,2780,0
SVRS,D,20200504,000000,3.59,3.59,3.3,3.3,7852,0
SVRS,D,20200506,000000,3.3095,3.3095,3.03,3.1,1200,0
SVRS,D,20200507,000000,3.1005,3.11,2.98,2.98,2616,0
SVRS,D,20200508,000000,2.99,3,2.91,2.91,3160,0
SVRS,D,20200512,000000,2.9,2.9,2.7,2.7,3230,0
SVRS,D,20200513,000000,2.7,2.7,2.7,2.7,10,0
SVRS,D,20200514,000000,2.7,2.79,2.7,2.79,2970,0
SVRS,D,20200515,000000,2.7,2.7,2.51,2.51,4405,0
SVRS,D,20200518,000000,2.55,2.57,2.35,2.35,12120,0
SVRS,D,20200520,000000,2.5,2.5,2.5,2.5,200,0
SVRS,D,20200521,000000,2.6,2.69,2.6,2.69,1500,0
SVRS,D,20200527,000000,2.58,2.58,2.4,2.4,235,0
SVRS,D,20200528,000000,2.41,2.7,2.35,2.7,6725,0
SVRS,D,20200529,000000,2.8,2.9,2.8,2.9,2000,0
SVRS,D,20200601,000000,2.9995,3.1,2.9,2.9,9100,0
SVRS,D,20200602,000000,2.95,2.95,2.49,2.6,12523,0
SVRS,D,20200604,000000,2.6995,2.6995,2.4,2.49,33502,0
SVRS,D,20200608,000000,2.35,2.35,2.35,2.35,310000,0
SVRS,D,20200609,000000,2.45,2.6995,2.45,2.6995,10,0
SVRS,D,20200610,000000,2.6995,2.85,2.6,2.85,76995,0
SVRS,D,20200612,000000,2.85,2.95,2.85,2.95,3038,0
SVRS,D,20200615,000000,3,3,3,3,2,0
SVRS,D,20200616,000000,3,3.05,3,3.05,396,0
SVRS,D,20200617,000000,3.05,3.2,3.05,3.2,1110,0
SVRS,D,20200619,000000,3.26,3.26,3.15,3.15,8448,0
SVRS,D,20200622,000000,3.05,3.55,3.05,3.55,4249,0
SVRS,D,20200623,000000,3.55,3.88,3.55,3.88,3108,0
SVRS,D,20200624,000000,3.92,3.92,3.7,3.7,2782,0
SVRS,D,20200625,000000,3.71,3.8,3.71,3.8,22000,0
SVRS,D,20200629,000000,3.9005,4.3,3.9005,4.3,2055,0
SVRS,D,20200630,000000,4.3,4.5595,4.3,4.5595,20952,0
SVRS,D,20200701,000000,4.5505,4.56,4.5,4.56,345,0
SVRS,D,20200702,000000,4.56,4.7,4.56,4.7,119,0
SVRS,D,20200706,000000,4.75,4.83,4.75,4.83,401,0
SVRS,D,20200708,000000,4.84,4.84,4.82,4.82,304,0
SVRS,D,20200710,000000,4.8,4.8,4.65,4.65,1815,0
