<TICKER>,<PER>,<DATE>,<TIME>,<OPEN>,<HIGH>,<LOW>,<CLOSE>,<VOL>,<OPENINT>
TAR,D,20130618,000000,8.7652,9.4634,8.5474,9.4025,488411,0
TAR,D,20130619,000000,9.4199,9.83,8.9837,9.0706,163093,0
TAR,D,20130620,000000,8.9745,9.1583,8.9572,9.0706,52637,0
TAR,D,20130621,000000,9.0706,9.542,9.0706,9.4721,34154,0
TAR,D,20130624,000000,9.4895,9.542,9.332,9.4199,49945,0
TAR,D,20130625,000000,9.332,9.3677,9.245,9.3677,19432,0
TAR,D,20130626,000000,9.245,9.332,9.0796,9.332,13765,0
TAR,D,20130627,000000,9.245,9.4103,9.245,9.332,27662,0
TAR,D,20130628,000000,9.4025,9.585,9.097,9.585,53642,0
TAR,D,20130701,000000,9.585,9.594,9.2624,9.332,4697,0
TAR,D,20130702,000000,9.245,9.4277,9.0706,9.4277,15818,0
TAR,D,20130704,000000,9.3146,9.3233,9.1317,9.1317,2588,0
TAR,D,20130705,000000,9.0878,9.1144,8.9837,9.1144,4690,0
TAR,D,20130708,000000,9.4199,9.4199,8.8182,9.0184,1801,0
TAR,D,20130709,000000,9.097,9.097,8.8182,8.9837,6300,0
TAR,D,20130710,000000,9.1491,9.332,9.1491,9.245,5563,0
TAR,D,20130711,000000,9.3068,10.231,9.245,10.205,33287,0
TAR,D,20130712,000000,10.161,10.283,10.031,10.205,14002,0
TAR,D,20130715,000000,10.814,10.814,10.484,10.614,20955,0
TAR,D,20130716,000000,10.623,10.623,10.467,10.554,5332,0
TAR,D,20130717,000000,10.467,10.554,10.292,10.292,3944,0
TAR,D,20130718,000000,10.073,10.073,9.899,9.978,6830,0
TAR,D,20130719,000000,9.943,10.239,9.943,10.239,2361,0
TAR,D,20130722,000000,10.239,11.25,10.239,11.095,69310,0
TAR,D,20130723,000000,11.155,11.861,11.155,11.47,53865,0
TAR,D,20130724,000000,11.47,11.67,11.47,11.661,8428,0
TAR,D,20130725,000000,11.565,12.097,11.565,12.097,36638,0
TAR,D,20130726,000000,12.167,12.211,11.077,12.211,34210,0
TAR,D,20130729,000000,12.211,12.211,12.036,12.114,15340,0
TAR,D,20130730,000000,12.194,12.201,12.123,12.123,4429,0
TAR,D,20130731,000000,12.211,12.298,11.819,11.949,23284,0
TAR,D,20130801,000000,11.94,11.94,11.687,11.853,31081,0
TAR,D,20130802,000000,11.819,12.167,11.713,12.167,27274,0
TAR,D,20130805,000000,12.149,12.647,12.149,12.551,40061,0
TAR,D,20130806,000000,12.822,12.822,12.482,12.551,37415,0
TAR,D,20130807,000000,12.647,12.769,12.595,12.769,16583,0
TAR,D,20130808,000000,12.908,13.196,12.908,13.196,74934,0
TAR,D,20130809,000000,13.466,13.466,13.258,13.432,32480,0
TAR,D,20130812,000000,13.475,13.501,13.083,13.24,14039,0
TAR,D,20130813,000000,13.24,13.423,13.24,13.414,9936,0
TAR,D,20130814,000000,13.519,13.519,13.048,13.083,34124,0
TAR,D,20130816,000000,12.777,12.777,11.618,12.211,107291,0
TAR,D,20130819,000000,12.211,12.211,11.347,11.993,143005,0
TAR,D,20130820,000000,11.949,12.036,11.74,12.036,35043,0
TAR,D,20130821,000000,12.114,12.298,12.062,12.194,49329,0
TAR,D,20130822,000000,12.176,12.237,12.036,12.211,101595,0
TAR,D,20130823,000000,12.211,12.211,12.045,12.201,23591,0
TAR,D,20130826,000000,12.211,12.211,11.949,12.08,3237,0
TAR,D,20130827,000000,12.08,12.194,11.687,11.949,133179,0
TAR,D,20130828,000000,11.687,11.932,11.243,11.425,31545,0
TAR,D,20130829,000000,11.25,11.25,10.814,10.998,22729,0
TAR,D,20130830,000000,11.19,11.312,10.701,10.85,127583,0
TAR,D,20130902,000000,10.946,11.556,10.814,11.373,16007,0
TAR,D,20130903,000000,11.556,11.731,11.39,11.408,17162,0
TAR,D,20130904,000000,11.556,11.556,10.902,11.208,7486,0
TAR,D,20130905,000000,11.077,11.077,10.118,10.902,46182,0
TAR,D,20130906,000000,10.659,11.164,10.659,11.164,11618,0
TAR,D,20130909,000000,11.47,11.819,11.173,11.819,9675,0
TAR,D,20130910,000000,11.836,12.201,11.836,12.123,18621,0
TAR,D,20130911,000000,12.167,12.167,11.914,12.036,29237,0
TAR,D,20130912,000000,12.01,12.01,11.861,11.861,230,0
TAR,D,20130913,000000,11.758,11.923,11.758,11.914,993,0
TAR,D,20130916,000000,11.758,11.774,11.6,11.6,1528,0
TAR,D,20130917,000000,11.6,11.774,11.338,11.758,3545,0
TAR,D,20130918,000000,11.774,11.774,11.25,11.418,14650,0
TAR,D,20130919,000000,11.46,11.731,11.338,11.338,11515,0
TAR,D,20130920,000000,11.425,11.425,11.25,11.25,2434,0
TAR,D,20130923,000000,11.25,11.25,10.868,11.033,13083,0
TAR,D,20130924,000000,11.199,11.33,11.155,11.243,20851,0
TAR,D,20130925,000000,11.338,11.383,11.33,11.383,4002,0
TAR,D,20130926,000000,11.383,11.6,11.383,11.6,10746,0
TAR,D,20130927,000000,11.678,11.774,11.6,11.758,3801,0
TAR,D,20130930,000000,11.774,11.774,11.687,11.687,6317,0
TAR,D,20131001,000000,11.687,11.713,11.687,11.706,1727,0
TAR,D,20131002,000000,11.696,11.809,11.687,11.774,5942,0
TAR,D,20131003,000000,11.819,11.819,11.687,11.774,6758,0
TAR,D,20131004,000000,11.836,11.836,11.644,11.774,2431,0
TAR,D,20131007,000000,11.774,11.8,11.731,11.731,1628,0
TAR,D,20131008,000000,11.731,11.731,11.513,11.513,3804,0
TAR,D,20131009,000000,11.556,11.556,11.338,11.338,2718,0
TAR,D,20131010,000000,11.338,11.635,11.338,11.6,2105,0
TAR,D,20131011,000000,11.592,11.906,11.592,11.861,2590,0
TAR,D,20131014,000000,11.861,11.879,11.774,11.774,1590,0
TAR,D,20131015,000000,11.853,11.853,11.6,11.6,5205,0
TAR,D,20131016,000000,11.687,11.774,11.39,11.556,4713,0
TAR,D,20131017,000000,11.556,12.071,11.556,12.071,18328,0
TAR,D,20131018,000000,12.088,12.551,11.993,12.402,26727,0
TAR,D,20131021,000000,12.534,12.534,12.385,12.385,9866,0
TAR,D,20131022,000000,12.534,13.466,12.437,12.69,42865,0
TAR,D,20131023,000000,12.977,12.987,12.647,12.908,33085,0
TAR,D,20131024,000000,13.031,13.327,13.031,13.31,11673,0
TAR,D,20131025,000000,13.31,13.319,13.213,13.292,5182,0
TAR,D,20131028,000000,13.31,13.31,13.083,13.258,10331,0
TAR,D,20131029,000000,13.17,13.258,12.917,13.258,9853,0
TAR,D,20131030,000000,13.258,13.379,12.925,13.083,35245,0
TAR,D,20131031,000000,13.17,13.519,13.127,13.493,23954,0
TAR,D,20131104,000000,13.475,13.868,13.475,13.694,22886,0
TAR,D,20131105,000000,13.868,13.911,13.519,13.519,12714,0
TAR,D,20131106,000000,13.563,13.685,13.519,13.519,9772,0
TAR,D,20131107,000000,13.606,13.606,12.839,13.083,10958,0
TAR,D,20131108,000000,12.822,13.083,12.822,13.083,6578,0
TAR,D,20131112,000000,13.083,13.083,12.839,12.996,4509,0
TAR,D,20131113,000000,13.258,13.258,12.864,12.908,8078,0
TAR,D,20131114,000000,12.908,13.161,12.908,13.013,48327,0
TAR,D,20131115,000000,13.118,13.118,13.004,13.013,4901,0
TAR,D,20131118,000000,13.013,13.083,13.013,13.022,7367,0
TAR,D,20131119,000000,13.039,13.118,13.013,13.083,7667,0
TAR,D,20131120,000000,13.083,13.258,13.083,13.213,5041,0
TAR,D,20131121,000000,13.17,13.17,12.472,13.083,46002,0
TAR,D,20131122,000000,13.083,13.213,12.9,13.213,12546,0
TAR,D,20131125,000000,13.213,13.213,12.908,13.127,4163,0
TAR,D,20131126,000000,12.96,13.327,12.699,12.743,10531,0
TAR,D,20131127,000000,12.777,12.839,12.612,12.612,16122,0
TAR,D,20131128,000000,12.647,12.996,12.612,12.655,3475,0
TAR,D,20131129,000000,12.664,13.004,12.603,12.9,4389,0
TAR,D,20131202,000000,12.996,13.004,12.647,12.655,3496,0
TAR,D,20131203,000000,12.734,12.734,12.62,12.62,1262,0
TAR,D,20131204,000000,12.69,12.69,12.428,12.647,84806,0
TAR,D,20131205,000000,12.472,12.516,12.428,12.428,1719,0
TAR,D,20131206,000000,12.385,12.56,12.385,12.56,2681,0
TAR,D,20131209,000000,12.647,12.734,12.647,12.655,1561,0
TAR,D,20131210,000000,12.725,12.734,12.464,12.472,13711,0
TAR,D,20131211,000000,12.472,12.472,12.053,12.289,3241,0
TAR,D,20131212,000000,12.307,12.359,12.219,12.281,3469,0
TAR,D,20131213,000000,12.385,12.411,12.228,12.263,2693,0
TAR,D,20131216,000000,12.263,12.307,11.644,11.993,12315,0
TAR,D,20131217,000000,12.106,12.123,12.001,12.001,531,0
TAR,D,20131218,000000,12.114,12.114,11.731,11.731,7224,0
TAR,D,20131219,000000,11.74,12.114,11.74,12.036,26510,0
TAR,D,20131220,000000,11.879,12.114,11.644,12.114,22260,0
TAR,D,20131223,000000,12.655,12.655,12.324,12.637,593,0
TAR,D,20131227,000000,12.647,12.725,12.647,12.647,1274,0
TAR,D,20131230,000000,12.655,12.996,12.655,12.9,9794,0
TAR,D,20140102,000000,12.996,12.996,12.76,12.76,2720,0
TAR,D,20140103,000000,12.76,12.76,12.76,12.76,287,0
TAR,D,20140107,000000,12.822,12.83,12.595,12.595,3347,0
TAR,D,20140108,000000,12.595,12.595,12.385,12.385,471,0
TAR,D,20140109,000000,12.298,12.542,12.298,12.542,410,0
TAR,D,20140110,000000,12.542,12.542,11.783,12.437,13525,0
TAR,D,20140113,000000,12.411,12.411,12.106,12.376,118498,0
TAR,D,20140114,000000,12.211,12.341,12.123,12.341,358,0
TAR,D,20140115,000000,12.333,12.35,12.307,12.341,2654,0
TAR,D,20140116,000000,12.341,12.394,11.748,12.289,10951,0
TAR,D,20140117,000000,12.376,12.376,12.123,12.123,780,0
TAR,D,20140120,000000,12.298,12.298,12.088,12.088,1634,0
TAR,D,20140121,000000,12.201,12.298,12.123,12.211,17005,0
TAR,D,20140122,000000,12.534,12.542,12.307,12.534,3805,0
TAR,D,20140123,000000,12.385,12.603,12.385,12.524,4313,0
TAR,D,20140124,000000,12.394,12.42,12.211,12.42,2359,0
TAR,D,20140127,000000,12.123,12.411,12.045,12.045,2766,0
TAR,D,20140128,000000,12.123,12.123,12.053,12.123,1090,0
TAR,D,20140129,000000,12.132,12.176,11.958,11.958,33851,0
TAR,D,20140130,000000,11.993,12.201,11.993,12.201,3882,0
TAR,D,20140131,000000,12.053,12.637,12.053,12.281,39562,0
TAR,D,20140203,000000,12.045,12.56,12.045,12.499,1507,0
TAR,D,20140204,000000,12.194,12.516,12.114,12.516,4225,0
TAR,D,20140205,000000,12.489,12.489,12.246,12.482,438,0
TAR,D,20140206,000000,12.062,12.822,12.062,12.472,124041,0
TAR,D,20140207,000000,12.595,12.647,12.394,12.637,875,0
TAR,D,20140210,000000,12.812,12.822,12.246,12.307,4477,0
TAR,D,20140211,000000,12.176,13.161,12.176,13.118,21614,0
TAR,D,20140212,000000,13.118,13.51,12.883,13.292,21267,0
TAR,D,20140213,000000,13.083,13.091,12.908,13.065,1021,0
TAR,D,20140214,000000,12.883,13.292,12.883,13.258,1779,0
TAR,D,20140217,000000,13.17,13.187,12.996,12.996,1981,0
TAR,D,20140218,000000,12.996,13.127,12.89,13.127,13245,0
TAR,D,20140219,000000,13.065,13.083,12.569,12.725,10106,0
TAR,D,20140220,000000,12.69,12.69,12.402,12.516,9277,0
TAR,D,20140221,000000,12.385,12.472,12.176,12.472,9631,0
TAR,D,20140224,000000,12.586,12.586,12.333,12.437,785,0
TAR,D,20140225,000000,12.716,12.716,12.411,12.69,506,0
TAR,D,20140226,000000,12.69,12.69,12.603,12.603,5209,0
TAR,D,20140227,000000,12.612,12.612,12.603,12.612,216,0
TAR,D,20140228,000000,12.603,12.603,12.246,12.385,2504,0
TAR,D,20140303,000000,11.993,12.045,11.347,11.626,26785,0
TAR,D,20140304,000000,11.774,12.201,11.774,12.062,5355,0
TAR,D,20140305,000000,12.298,12.56,12.211,12.211,1572,0
TAR,D,20140306,000000,12.499,12.499,12.298,12.298,591,0
TAR,D,20140307,000000,12.219,12.219,12.036,12.201,3118,0
TAR,D,20140310,000000,12.289,12.289,11.853,12.289,6446,0
TAR,D,20140311,000000,12.281,12.368,12.272,12.368,1286,0
TAR,D,20140312,000000,12.211,12.211,11.8,11.932,722,0
TAR,D,20140313,000000,11.932,11.932,11.565,11.706,111612,0
TAR,D,20140314,000000,11.6,11.6,9.611,10.457,331637,0
TAR,D,20140317,000000,10.126,10.675,10.126,10.379,11305,0
TAR,D,20140318,000000,10.422,10.745,10.379,10.642,14960,0
TAR,D,20140319,000000,10.728,10.911,10.728,10.789,11110,0
TAR,D,20140320,000000,10.937,10.937,10.737,10.737,4644,0
TAR,D,20140321,000000,10.554,10.719,10.169,10.554,5171,0
TAR,D,20140324,000000,10.78,11.042,10.78,10.78,2587,0
TAR,D,20140325,000000,10.814,11.007,10.814,10.902,1504,0
TAR,D,20140326,000000,11.05,11.05,10.92,10.92,299,0
TAR,D,20140327,000000,10.902,11.077,10.684,10.684,5530,0
TAR,D,20140328,000000,10.684,10.684,10.571,10.667,2150,0
TAR,D,20140331,000000,10.554,10.632,10.554,10.632,332,0
TAR,D,20140401,000000,10.632,10.642,10.474,10.642,2704,0
TAR,D,20140402,000000,10.642,10.642,10.457,10.606,38736,0
TAR,D,20140403,000000,10.632,10.642,10.467,10.467,8629,0
TAR,D,20140404,000000,10.467,10.536,10.467,10.467,1974,0
TAR,D,20140407,000000,10.632,10.642,10.056,10.422,15786,0
TAR,D,20140408,000000,10.371,10.371,10.292,10.371,764,0
TAR,D,20140409,000000,10.379,10.474,10.379,10.414,2742,0
TAR,D,20140410,000000,10.467,10.642,10.467,10.554,3714,0
TAR,D,20140411,000000,10.554,10.554,10.554,10.554,504,0
TAR,D,20140414,000000,10.422,10.554,10.422,10.554,878,0
TAR,D,20140415,000000,10.467,10.474,10.422,10.422,2373,0
TAR,D,20140416,000000,10.554,10.597,10.467,10.467,7596,0
TAR,D,20140417,000000,10.509,10.554,10.388,10.388,475,0
TAR,D,20140422,000000,10.422,10.467,10.379,10.388,1591,0
TAR,D,20140423,000000,10.336,10.467,10.266,10.266,2316,0
TAR,D,20140424,000000,10.292,10.292,10.292,10.292,970,0
TAR,D,20140425,000000,10.205,10.467,10.118,10.344,2836,0
TAR,D,20140429,000000,10.222,10.248,10.222,10.248,447,0
TAR,D,20140430,000000,10.118,10.597,10.118,10.597,1009,0
TAR,D,20140502,000000,10.597,10.597,10.292,10.336,752,0
TAR,D,20140505,000000,10.474,10.642,10.467,10.545,18568,0
TAR,D,20140506,000000,10.554,10.554,10.248,10.248,41583,0
TAR,D,20140507,000000,10.292,10.414,10.213,10.222,10436,0
TAR,D,20140508,000000,10.361,10.44,10.248,10.44,2428,0
TAR,D,20140509,000000,10.554,10.642,10.467,10.536,198429,0
TAR,D,20140512,000000,10.536,10.536,10.474,10.474,2911,0
TAR,D,20140513,000000,10.642,10.642,10.422,10.474,2358,0
TAR,D,20140514,000000,10.474,10.474,10.457,10.457,6742,0
TAR,D,20140515,000000,10.457,10.474,10.388,10.449,14660,0
TAR,D,20140516,000000,10.467,10.474,10.379,10.379,4710,0
TAR,D,20140519,000000,10.388,10.449,10.371,10.371,9559,0
TAR,D,20140520,000000,10.449,10.449,10.135,10.135,2530,0
TAR,D,20140521,000000,10.248,10.414,10.205,10.205,11893,0
TAR,D,20140522,000000,10.239,10.309,10.239,10.248,6864,0
TAR,D,20140523,000000,10.266,10.484,10.266,10.3,4283,0
TAR,D,20140526,000000,10.344,10.379,10.248,10.248,7914,0
TAR,D,20140527,000000,10.44,10.44,10.283,10.44,591,0
TAR,D,20140528,000000,10.484,10.484,10.292,10.422,2264,0
TAR,D,20140529,000000,10.422,10.422,10.292,10.379,2472,0
TAR,D,20140530,000000,10.379,10.379,10.292,10.292,401,0
TAR,D,20140602,000000,10.501,10.501,10.379,10.379,596,0
TAR,D,20140603,000000,10.379,10.388,10.292,10.371,3429,0
TAR,D,20140604,000000,10.467,10.467,10.3,10.344,336,0
TAR,D,20140605,000000,10.292,10.344,10.205,10.205,5280,0
TAR,D,20140606,000000,10.205,10.205,9.856,9.96,15108,0
TAR,D,20140609,000000,10.118,10.118,9.917,9.917,4278,0
TAR,D,20140610,000000,10.467,10.467,10.118,10.118,2265,0
TAR,D,20140611,000000,10.292,10.292,10.205,10.205,898,0
TAR,D,20140612,000000,10.205,10.205,9.986,10.186,2328,0
TAR,D,20140613,000000,10.031,10.118,9.951,9.969,3578,0
TAR,D,20140616,000000,9.943,9.943,9.821,9.856,4394,0
TAR,D,20140617,000000,9.856,9.908,9.856,9.899,626,0
TAR,D,20140618,000000,9.856,9.899,9.4277,9.769,3325,0
TAR,D,20140620,000000,9.812,9.812,9.516,9.655,4791,0
TAR,D,20140623,000000,9.594,9.76,9.533,9.533,1375,0
TAR,D,20140624,000000,9.533,9.681,9.3851,9.4895,2016,0
TAR,D,20140625,000000,9.4895,9.4895,9.245,9.332,2916,0
TAR,D,20140626,000000,9.245,9.4103,9.1756,9.1756,37667,0
TAR,D,20140627,000000,9.1665,9.2189,9.1665,9.2015,6727,0
TAR,D,20140630,000000,9.2015,9.3503,9.1583,9.245,5087,0
TAR,D,20140701,000000,9.1583,9.2798,8.9489,8.9837,14946,0
TAR,D,20140702,000000,8.9837,9.0275,8.8008,8.8008,21548,0
TAR,D,20140703,000000,8.8959,8.8959,8.591,8.6346,15904,0
TAR,D,20140704,000000,8.6346,8.6346,8.4602,8.5387,12394,0
TAR,D,20140707,000000,8.6346,8.6783,8.5474,8.5823,16472,0
TAR,D,20140708,000000,8.6346,8.6346,8.5823,8.591,1337,0
TAR,D,20140709,000000,8.5474,8.5474,8.3381,8.3381,10111,0
TAR,D,20140710,000000,8.373,8.373,8.1288,8.2858,6667,0
TAR,D,20140711,000000,8.3643,8.4341,8.1636,8.373,71057,0
TAR,D,20140714,000000,8.4602,8.4776,8.2858,8.2858,11475,0
TAR,D,20140715,000000,8.3294,8.4427,8.3294,8.4166,7933,0
TAR,D,20140716,000000,8.4602,9.0358,8.4602,8.7222,5459,0
TAR,D,20140717,000000,8.9142,8.9142,8.591,8.591,4704,0
TAR,D,20140718,000000,8.5998,8.5998,8.5299,8.5299,4717,0
TAR,D,20140721,000000,8.5649,8.6346,8.5649,8.6346,3663,0
TAR,D,20140722,000000,8.809,8.809,8.6434,8.6434,2072,0
TAR,D,20140723,000000,8.6434,8.8356,8.3119,8.8356,2374,0
TAR,D,20140724,000000,8.8008,9.097,8.8008,8.8264,2761,0
TAR,D,20140725,000000,8.8264,8.8356,8.6346,8.8264,3570,0
TAR,D,20140728,000000,8.8264,8.8264,8.7222,8.809,4401,0
TAR,D,20140729,000000,8.809,8.809,8.6434,8.6521,10928,0
TAR,D,20140730,000000,8.6696,8.6866,8.6085,8.6085,1943,0
TAR,D,20140731,000000,8.6172,8.6172,8.5735,8.5735,591,0
TAR,D,20140801,000000,8.5735,8.5735,8.4341,8.4602,918,0
TAR,D,20140804,000000,8.5212,8.591,8.5212,8.5474,1749,0
TAR,D,20140805,000000,8.6346,8.6346,8.4166,8.4166,1332,0
TAR,D,20140806,000000,8.3992,8.3992,8.373,8.373,3199,0
TAR,D,20140807,000000,8.3381,8.373,8.2247,8.2247,2088,0
TAR,D,20140808,000000,8.5387,8.5387,8.1985,8.1985,1009,0
TAR,D,20140811,000000,8.1549,8.1724,8.0241,8.1462,7741,0
TAR,D,20140812,000000,8.1636,8.3032,8.1462,8.1549,8388,0
TAR,D,20140813,000000,8.1549,8.1549,8.1549,8.1549,389,0
TAR,D,20140814,000000,8.1549,8.3469,8.1549,8.2072,2469,0
TAR,D,20140818,000000,8.2596,8.5474,8.2596,8.5387,2294,0
TAR,D,20140819,000000,8.5474,8.5474,8.2858,8.2858,2423,0
TAR,D,20140820,000000,8.2858,8.2858,8.0503,8.1374,1428,0
TAR,D,20140821,000000,8.5474,8.5474,8.5387,8.5474,731,0
TAR,D,20140822,000000,8.5474,8.5474,8.2072,8.5474,6995,0
TAR,D,20140825,000000,8.5474,8.5474,8.3381,8.5387,2149,0
TAR,D,20140826,000000,8.5387,8.6085,8.4602,8.5387,3589,0
TAR,D,20140827,000000,8.6783,8.6783,8.4689,8.626,4523,0
TAR,D,20140828,000000,8.6783,8.6783,8.059,8.2683,9401,0
TAR,D,20140829,000000,8.0678,8.3555,8.059,8.2335,1969,0
TAR,D,20140901,000000,8.5474,8.5474,8.2858,8.2858,1567,0
TAR,D,20140902,000000,8.4776,8.4776,8.2596,8.2858,16103,0
TAR,D,20140903,000000,8.373,8.4602,8.2945,8.4515,572,0
TAR,D,20140904,000000,8.4341,8.591,8.4166,8.4166,9105,0
TAR,D,20140905,000000,8.626,8.626,8.4776,8.4863,2074,0
TAR,D,20140908,000000,8.6521,8.6521,8.4951,8.6521,4859,0
TAR,D,20140909,000000,8.7131,9.1409,8.7131,9.0275,36240,0
TAR,D,20140910,000000,8.9663,9.1491,8.9663,9.1052,27398,0
TAR,D,20140911,000000,9.1052,9.1144,9.0275,9.0796,16026,0
TAR,D,20140912,000000,8.8959,8.9837,8.8785,8.9837,10817,0
TAR,D,20140915,000000,8.9837,8.9837,8.7652,8.9398,2375,0
TAR,D,20140916,000000,8.9224,8.9224,8.9224,8.9224,115,0
TAR,D,20140917,000000,8.7743,8.7743,8.7222,8.7222,15837,0
TAR,D,20140918,000000,8.7222,8.7222,8.626,8.7222,2614,0
TAR,D,20140919,000000,8.7395,8.7395,8.7395,8.7395,413,0
TAR,D,20140922,000000,8.8959,9.516,8.8785,9.2721,42103,0
TAR,D,20140923,000000,9.2102,9.4103,8.9745,9.2189,5667,0
TAR,D,20140924,000000,9.245,9.507,8.9224,9.3233,11091,0
TAR,D,20140925,000000,9.3581,9.3581,8.8529,9.0622,6698,0
TAR,D,20140926,000000,9.245,9.245,8.8182,9.0358,3767,0
TAR,D,20140929,000000,9.2015,9.2276,9.2015,9.2276,5011,0
TAR,D,20140930,000000,9.2373,9.585,9.2373,9.585,14519,0
TAR,D,20141001,000000,9.4982,9.585,9.4277,9.4277,1076,0
TAR,D,20141002,000000,9.3755,9.3851,9.0184,9.1491,9270,0
TAR,D,20141003,000000,9.2015,9.576,9.1491,9.3068,5958,0
TAR,D,20141006,000000,9.2972,9.507,9.2972,9.3068,3821,0
TAR,D,20141007,000000,9.507,9.56,8.8703,9.0878,10381,0
TAR,D,20141008,000000,9.4199,9.4199,9.1841,9.1841,232,0
TAR,D,20141009,000000,9.4025,9.4025,9.2547,9.2547,2427,0
TAR,D,20141010,000000,9.0358,9.0449,8.8785,9.0358,770,0
TAR,D,20141013,000000,9.0358,9.1491,8.8529,8.8529,2485,0
TAR,D,20141014,000000,9.1144,9.1583,8.7395,8.7395,3625,0
TAR,D,20141015,000000,8.7395,8.7395,8.6172,8.7222,12837,0
TAR,D,20141016,000000,8.7395,8.7395,8.6172,8.6172,992,0
TAR,D,20141017,000000,8.1985,8.7222,7.8758,8.6346,4890,0
TAR,D,20141020,000000,8.8264,8.8264,8.8264,8.8264,120,0
TAR,D,20141021,000000,8.8264,9.0622,8.6172,9.0622,13806,0
TAR,D,20141022,000000,9.1583,9.1583,8.7652,8.9663,13525,0
TAR,D,20141023,000000,8.7743,8.9663,8.7743,8.9663,5693,0
TAR,D,20141024,000000,8.9745,8.9745,8.7826,8.7826,2208,0
TAR,D,20141027,000000,8.809,8.9316,8.6957,8.6957,3551,0
TAR,D,20141028,000000,8.6957,8.6957,8.591,8.591,4627,0
TAR,D,20141029,000000,8.626,8.7222,8.5562,8.7222,6878,0
TAR,D,20141030,000000,8.7222,8.7222,8.5649,8.5649,3636,0
TAR,D,20141031,000000,8.5649,8.7569,8.5649,8.7569,1854,0
TAR,D,20141103,000000,8.7222,8.7222,8.6085,8.7222,26077,0
TAR,D,20141104,000000,8.809,8.809,8.6346,8.6346,749,0
TAR,D,20141105,000000,8.6434,8.6434,8.5387,8.5998,5364,0
TAR,D,20141106,000000,8.6346,8.6346,8.1985,8.2858,26657,0
TAR,D,20141107,000000,8.3032,8.3032,8.1985,8.1985,3299,0
TAR,D,20141110,000000,8.4689,8.809,8.4689,8.6346,17841,0
TAR,D,20141112,000000,8.809,8.809,8.6521,8.7222,18804,0
TAR,D,20141113,000000,8.5126,8.6783,8.5126,8.6783,8313,0
TAR,D,20141114,000000,8.6346,9.507,8.6346,9.507,122931,0
TAR,D,20141117,000000,9.507,9.507,9.3503,9.4895,10429,0
TAR,D,20141118,000000,9.3503,10.179,9.2624,10.169,30210,0
TAR,D,20141119,000000,10.073,10.467,9.986,10.467,38273,0
TAR,D,20141120,000000,10.3,10.3,9.725,10.073,4729,0
TAR,D,20141121,000000,10.118,10.371,9.873,10.336,5331,0
TAR,D,20141124,000000,10.371,10.457,10.336,10.379,2169,0
TAR,D,20141125,000000,10.169,10.361,10.118,10.205,4864,0
TAR,D,20141126,000000,9.62,10.266,9.62,10.109,3665,0
TAR,D,20141127,000000,9.864,10.013,9.769,10.013,801,0
TAR,D,20141128,000000,9.611,10.118,9.0011,10.118,7813,0
TAR,D,20141201,000000,10.161,10.274,9.594,9.603,31109,0
TAR,D,20141202,000000,9.3755,10.1,9.3755,10.073,7034,0
TAR,D,20141203,000000,10.449,10.449,10.205,10.336,5413,0
TAR,D,20141204,000000,10.361,10.361,10.248,10.336,15998,0
TAR,D,20141205,000000,10.336,10.336,9.847,10.248,3248,0
TAR,D,20141208,000000,10.083,10.239,10.083,10.186,1500,0
TAR,D,20141209,000000,10.222,10.222,9.821,10.222,6940,0
TAR,D,20141210,000000,10.379,10.379,9.943,9.96,7526,0
TAR,D,20141211,000000,10.196,10.205,9.899,9.899,33481,0
TAR,D,20141212,000000,10.1,10.336,9.838,10.336,9463,0
TAR,D,20141215,000000,10.3,10.842,10.248,10.719,19811,0
TAR,D,20141216,000000,10.467,10.509,10.118,10.371,18754,0
TAR,D,20141217,000000,10.222,10.588,10.222,10.554,11081,0
TAR,D,20141218,000000,10.467,10.554,10.467,10.554,3230,0
TAR,D,20141219,000000,10.474,10.492,10.396,10.467,6836,0
TAR,D,20141222,000000,10.509,10.814,10.509,10.745,23384,0
TAR,D,20141223,000000,10.868,11.687,10.842,11.338,35124,0
TAR,D,20141229,000000,11.338,11.338,11.077,11.25,7681,0
TAR,D,20141230,000000,11.112,11.6,11.112,11.338,16054,0
TAR,D,20150102,000000,11.338,11.338,11.095,11.338,8065,0
TAR,D,20150105,000000,11.338,11.338,11.12,11.338,1523,0
TAR,D,20150107,000000,11.164,11.338,11.077,11.077,14561,0
TAR,D,20150108,000000,11.12,11.164,10.929,11.077,4880,0
TAR,D,20150109,000000,11.016,11.155,10.946,11.155,1701,0
TAR,D,20150112,000000,11.077,11.312,10.728,10.728,2511,0
TAR,D,20150113,000000,10.675,10.824,10.675,10.814,2865,0
TAR,D,20150114,000000,10.814,10.814,10.554,10.814,2763,0
TAR,D,20150115,000000,11.164,11.164,10.902,11.164,2491,0
TAR,D,20150116,000000,11.155,11.164,10.789,11.164,981,0
TAR,D,20150119,000000,11.155,11.155,10.728,10.972,1513,0
TAR,D,20150120,000000,10.824,10.824,10.772,10.772,380,0
TAR,D,20150121,000000,10.772,10.772,10.772,10.772,736,0
TAR,D,20150122,000000,10.755,11.077,10.571,11.077,664,0
TAR,D,20150123,000000,11.033,11.12,10.859,11.12,2050,0
TAR,D,20150126,000000,11.12,11.12,10.911,11.102,347,0
TAR,D,20150127,000000,11.12,11.12,11.095,11.095,484,0
TAR,D,20150128,000000,10.929,10.929,10.902,10.902,383,0
TAR,D,20150129,000000,10.902,11.102,10.902,11.102,3264,0
TAR,D,20150130,000000,11.077,11.077,10.824,11.077,1552,0
TAR,D,20150202,000000,11.077,11.147,10.902,11.147,4182,0
TAR,D,20150203,000000,11.164,11.217,11.042,11.164,2945,0
TAR,D,20150204,000000,11.164,11.19,10.989,11.077,1955,0
TAR,D,20150205,000000,11.085,11.687,11.085,11.513,22698,0
TAR,D,20150206,000000,11.556,11.949,11.538,11.94,8503,0
TAR,D,20150209,000000,11.94,12.123,11.906,11.958,6460,0
TAR,D,20150210,000000,12.08,12.097,11.949,12.071,2686,0
TAR,D,20150211,000000,11.949,11.949,11.861,11.949,1229,0
TAR,D,20150212,000000,11.861,12.071,11.861,12.036,1777,0
TAR,D,20150213,000000,12.036,12.036,11.984,11.984,156,0
TAR,D,20150216,000000,12.036,12.036,12.01,12.028,362,0
TAR,D,20150217,000000,12.028,12.028,11.844,11.861,534,0
TAR,D,20150218,000000,11.861,11.861,11.844,11.844,1232,0
TAR,D,20150219,000000,11.861,12.368,11.861,12.298,8034,0
TAR,D,20150220,000000,12.298,12.428,11.949,12.123,5273,0
TAR,D,20150223,000000,12.036,12.211,12.01,12.036,978,0
TAR,D,20150224,000000,12.036,12.036,12.001,12.036,887,0
TAR,D,20150225,000000,12.036,12.036,11.774,11.993,1975,0
TAR,D,20150226,000000,11.748,12.01,11.748,12.001,528,0
TAR,D,20150227,000000,11.74,11.993,11.199,11.687,5652,0
TAR,D,20150302,000000,11.774,12.167,11.687,12.167,9834,0
TAR,D,20150303,000000,12.167,12.211,11.949,12.036,4270,0
TAR,D,20150304,000000,12.036,12.08,11.871,12.08,1587,0
TAR,D,20150305,000000,12.385,12.908,12.385,12.777,22607,0
TAR,D,20150306,000000,12.725,12.725,12.569,12.569,791,0
TAR,D,20150309,000000,12.569,12.9,12.569,12.883,12443,0
TAR,D,20150310,000000,12.812,12.812,12.569,12.569,1033,0
TAR,D,20150311,000000,12.569,12.603,12.482,12.603,2065,0
TAR,D,20150312,000000,12.603,12.603,12.534,12.595,2912,0
TAR,D,20150313,000000,12.56,12.569,12.428,12.472,5393,0
TAR,D,20150316,000000,12.56,12.56,12.237,12.516,1286,0
TAR,D,20150317,000000,12.428,12.428,12.08,12.341,3180,0
TAR,D,20150318,000000,12.263,12.394,12.228,12.385,7628,0
TAR,D,20150319,000000,12.341,12.822,12.341,12.822,19327,0
TAR,D,20150320,000000,12.873,13.161,12.673,13.074,24759,0
TAR,D,20150323,000000,13.17,13.17,12.952,13.083,1383,0
TAR,D,20150324,000000,13.074,13.074,12.219,12.935,7630,0
TAR,D,20150325,000000,12.499,12.647,12.499,12.595,553,0
TAR,D,20150326,000000,12.56,12.595,12.516,12.595,2627,0
TAR,D,20150327,000000,12.9,12.9,12.307,12.595,1978,0
TAR,D,20150330,000000,12.595,12.9,12.551,12.9,2712,0
TAR,D,20150331,000000,13.048,13.048,12.647,12.908,2538,0
TAR,D,20150402,000000,12.637,12.647,12.315,12.647,2167,0
TAR,D,20150407,000000,12.812,12.812,12.516,12.734,1144,0
TAR,D,20150408,000000,12.777,12.812,12.516,12.725,453,0
TAR,D,20150409,000000,12.822,12.822,12.822,12.822,34,0
TAR,D,20150410,000000,12.699,12.708,12.472,12.472,815,0
TAR,D,20150413,000000,12.472,12.472,11.565,12.036,24503,0
TAR,D,20150414,000000,12.159,12.159,11.774,11.774,8855,0
TAR,D,20150415,000000,11.774,12.149,11.39,12.149,19289,0
TAR,D,20150416,000000,12.149,12.472,12.123,12.307,87892,0
TAR,D,20150417,000000,12.472,12.472,12.211,12.341,14397,0
TAR,D,20150420,000000,12.211,12.289,12.159,12.289,562,0
TAR,D,20150421,000000,12.289,12.289,12.123,12.123,5407,0
TAR,D,20150422,000000,12.114,12.114,11.949,12.036,68746,0
TAR,D,20150423,000000,11.993,12.036,11.364,12.036,35289,0
TAR,D,20150424,000000,12.036,12.036,11.993,12.036,14401,0
TAR,D,20150428,000000,12.036,12.036,12.036,12.036,2293,0
TAR,D,20150429,000000,12.08,12.281,11.74,12.281,4321,0
TAR,D,20150430,000000,12.211,12.472,12.211,12.472,3761,0
TAR,D,20150504,000000,12.289,12.455,12.289,12.455,2316,0
TAR,D,20150505,000000,12.211,12.254,12.167,12.167,1537,0
TAR,D,20150506,000000,12.211,12.455,12.211,12.211,1968,0
TAR,D,20150507,000000,12.211,12.219,12.167,12.167,2236,0
TAR,D,20150508,000000,12.167,12.333,12.08,12.211,1297,0
TAR,D,20150511,000000,12.289,12.333,11.452,12.201,6024,0
TAR,D,20150512,000000,11.906,12.176,11.906,12.176,454,0
TAR,D,20150513,000000,12.176,12.176,11.958,12.167,173,0
TAR,D,20150514,000000,12.167,12.167,11.861,12.167,171,0
TAR,D,20150515,000000,12.167,12.167,11.879,12.141,2832,0
TAR,D,20150518,000000,12.455,12.455,12.228,12.281,3986,0
TAR,D,20150519,000000,12.298,12.298,12.08,12.289,952,0
TAR,D,20150520,000000,12.036,12.036,11.949,11.949,451,0
TAR,D,20150521,000000,11.949,12.219,11.949,11.958,621,0
TAR,D,20150522,000000,11.966,12.036,11.783,12.036,2953,0
TAR,D,20150525,000000,11.993,12.036,11.706,11.706,4606,0
TAR,D,20150526,000000,12.159,12.159,11.706,11.706,1906,0
TAR,D,20150527,000000,11.696,11.696,11.687,11.696,910,0
TAR,D,20150528,000000,11.687,11.871,10.642,11.173,6345,0
TAR,D,20150529,000000,11.383,11.383,11.338,11.338,4915,0
TAR,D,20150601,000000,11.958,11.958,11.958,11.958,1,0
TAR,D,20150602,000000,11.661,11.661,11.208,11.39,3997,0
TAR,D,20150603,000000,11.39,11.958,11.39,11.896,7572,0
TAR,D,20150605,000000,11.774,11.774,11.774,11.774,384,0
TAR,D,20150608,000000,11.39,11.949,11.39,11.949,1178,0
TAR,D,20150609,000000,11.652,11.923,11.47,11.723,1302,0
TAR,D,20150610,000000,11.443,11.47,11.443,11.47,345,0
TAR,D,20150611,000000,11.774,11.774,11.687,11.774,206,0
TAR,D,20150612,000000,11.94,11.94,11.487,11.844,158,0
TAR,D,20150615,000000,11.932,11.932,11.932,11.932,8,0
TAR,D,20150617,000000,11.39,11.888,10.989,10.989,4387,0
TAR,D,20150618,000000,11.347,11.853,10.989,11.077,3068,0
TAR,D,20150619,000000,11.077,11.077,11.077,11.077,980,0
TAR,D,20150622,000000,11.033,11.548,11.033,11.435,509,0
TAR,D,20150623,000000,11.765,11.765,11.573,11.573,180,0
TAR,D,20150624,000000,11.765,11.765,11.435,11.556,274,0
TAR,D,20150626,000000,11.042,11.33,10.92,11.208,2132,0
TAR,D,20150629,000000,10.649,11.164,10.649,11.164,2302,0
TAR,D,20150630,000000,11.155,11.583,10.642,11.243,2442,0
TAR,D,20150701,000000,10.745,11.208,10.745,11.208,25,0
TAR,D,20150702,000000,11.4,11.4,11.208,11.208,196,0
TAR,D,20150703,000000,10.868,11.06,10.868,11.06,284,0
TAR,D,20150706,000000,11.137,11.137,11.137,11.137,23,0
TAR,D,20150707,000000,10.946,11.095,10.205,10.684,2414,0
TAR,D,20150708,000000,11.095,11.33,10.205,10.379,552,0
TAR,D,20150709,000000,11.182,11.182,10.467,10.719,139,0
TAR,D,20150710,000000,11.077,11.077,10.876,10.876,652,0
TAR,D,20150713,000000,10.814,10.814,10.814,10.814,115,0
TAR,D,20150715,000000,10.814,10.814,10.807,10.814,8885,0
TAR,D,20150716,000000,10.859,10.894,10.649,10.824,15760,0
TAR,D,20150717,000000,10.902,10.911,10.902,10.911,7005,0
TAR,D,20150720,000000,10.78,11.147,10.684,10.728,14149,0
TAR,D,20150721,000000,10.772,10.772,10.728,10.728,2769,0
TAR,D,20150722,000000,10.571,10.571,10.379,10.379,14486,0
TAR,D,20150723,000000,10.467,10.642,10.205,10.467,20523,0
TAR,D,20150724,000000,10.248,10.326,10.248,10.326,1571,0
TAR,D,20150727,000000,10.326,10.474,10.326,10.474,8025,0
TAR,D,20150728,000000,10.336,10.501,10.336,10.501,33359,0
TAR,D,20150729,000000,10.509,10.772,10.467,10.772,39244,0
TAR,D,20150730,000000,10.814,10.814,10.474,10.814,3137,0
TAR,D,20150731,000000,10.789,10.814,10.789,10.814,3347,0
TAR,D,20150803,000000,11.164,11.312,11.164,11.312,573,0
TAR,D,20150805,000000,11.234,11.234,11.033,11.147,2865,0
TAR,D,20150806,000000,11.147,11.147,11.147,11.147,58489,0
TAR,D,20150807,000000,11.164,11.234,11.164,11.234,2408,0
TAR,D,20150810,000000,11.234,11.758,11.234,11.758,2958,0
TAR,D,20150811,000000,11.748,11.758,11.723,11.723,80433,0
TAR,D,20150812,000000,11.826,11.826,11.425,11.592,2614,0
TAR,D,20150813,000000,11.765,12.167,11.765,12.167,5968,0
TAR,D,20150814,000000,12.106,12.106,12.106,12.106,57898,0
TAR,D,20150817,000000,11.861,12.028,11.347,12.028,12131,0
TAR,D,20150818,000000,11.844,11.949,11.844,11.853,3213,0
TAR,D,20150819,000000,11.949,12.167,11.949,11.975,1479,0
TAR,D,20150820,000000,11.975,12.341,11.966,12.246,80830,0
TAR,D,20150821,000000,12.246,12.254,12.246,12.254,161,0
TAR,D,20150824,000000,12.123,12.123,11.609,11.609,8118,0
TAR,D,20150825,000000,11.765,11.836,11.765,11.836,5987,0
TAR,D,20150826,000000,11.836,11.984,11.774,11.774,88661,0
TAR,D,20150827,000000,11.706,11.706,11.706,11.706,2,0
TAR,D,20150828,000000,11.609,12.176,11.609,11.774,315,0
TAR,D,20150831,000000,11.914,11.949,11.774,11.774,2983,0
TAR,D,20150901,000000,11.609,11.949,11.609,11.774,23266,0
TAR,D,20150902,000000,11.687,11.774,11.609,11.774,1819,0
TAR,D,20150907,000000,11.966,12.114,11.966,12.114,116,0
TAR,D,20150908,000000,12.194,12.194,12.194,12.194,1,0
TAR,D,20150909,000000,11.966,11.966,11.906,11.966,1609,0
TAR,D,20150910,000000,11.914,11.984,11.914,11.984,1765,0
TAR,D,20150911,000000,11.966,11.966,11.888,11.888,1722,0
TAR,D,20150914,000000,11.966,11.966,10.937,11.521,3575,0
TAR,D,20150915,000000,11.521,11.521,11.521,11.521,3942,0
TAR,D,20150916,000000,11.521,11.521,11.521,11.521,115,0
TAR,D,20150917,000000,11.452,11.452,11.452,11.452,115,0
TAR,D,20150918,000000,11.513,11.513,11.513,11.513,2,0
TAR,D,20150921,000000,11.269,11.477,11.269,11.477,406,0
TAR,D,20150922,000000,11.513,11.513,11.477,11.477,2004,0
TAR,D,20150923,000000,11.347,11.347,11.347,11.347,2491,0
TAR,D,20150924,000000,11.383,11.383,11.269,11.269,3326,0
TAR,D,20150925,000000,11.26,11.993,11.26,11.993,5438,0
TAR,D,20150928,000000,11.538,11.792,11.538,11.783,1458,0
TAR,D,20150929,000000,11.783,12.211,11.783,12.211,3892,0
TAR,D,20150930,000000,12.08,12.08,12.01,12.019,159,0
TAR,D,20151001,000000,11.984,11.984,11.077,11.949,2649,0
TAR,D,20151002,000000,11.477,11.932,11.477,11.932,122,0
TAR,D,20151005,000000,11.836,11.836,11.418,11.765,193,0
TAR,D,20151006,000000,11.774,12.036,11.706,12.036,2959,0
TAR,D,20151007,000000,12.201,12.201,11.696,11.966,97,0
TAR,D,20151008,000000,11.993,11.993,11.993,11.993,11,0
TAR,D,20151009,000000,11.765,11.993,11.723,11.993,421,0
TAR,D,20151012,000000,11.513,12.123,11.513,12.036,2986,0
TAR,D,20151013,000000,11.618,11.74,11.618,11.74,94,0
TAR,D,20151014,000000,11.6,11.644,11.6,11.6,229,0
TAR,D,20151015,000000,11.8,11.8,11.8,11.8,2,0
TAR,D,20151016,000000,11.758,11.783,11.731,11.783,351,0
TAR,D,20151019,000000,11.609,11.783,11.609,11.783,2092,0
TAR,D,20151020,000000,11.774,11.774,11.609,11.609,138,0
TAR,D,20151021,000000,11.609,11.609,11.609,11.609,274,0
TAR,D,20151022,000000,11.208,11.496,11.208,11.496,2377,0
TAR,D,20151023,000000,11.496,11.496,11.477,11.477,573,0
TAR,D,20151026,000000,11.513,11.513,11.505,11.513,2148,0
TAR,D,20151027,000000,11.521,11.6,11.521,11.521,862,0
TAR,D,20151028,000000,11.583,11.583,11.521,11.521,254,0
TAR,D,20151029,000000,11.583,11.583,11.521,11.521,904,0
TAR,D,20151030,000000,11.521,11.609,11.477,11.6,1494,0
TAR,D,20151102,000000,11.914,11.914,11.914,11.914,34,0
TAR,D,20151103,000000,11.609,11.609,11.6,11.6,117,0
TAR,D,20151104,000000,11.6,11.861,11.6,11.861,232,0
TAR,D,20151105,000000,11.906,11.914,11.853,11.914,390,0
TAR,D,20151106,000000,11.914,12.036,11.906,12.036,1869,0
TAR,D,20151109,000000,12.569,12.908,12.56,12.56,48281,0
TAR,D,20151110,000000,12.603,12.62,12.246,12.246,10681,0
TAR,D,20151112,000000,12.507,12.516,11.914,12.324,15031,0
TAR,D,20151113,000000,12.464,12.464,12.045,12.437,3175,0
TAR,D,20151116,000000,11.914,12.176,11.861,12.176,1690,0
TAR,D,20151117,000000,12.201,12.211,11.923,12.211,3564,0
TAR,D,20151118,000000,12.211,12.333,11.975,12.333,2480,0
TAR,D,20151119,000000,12.298,12.298,12.298,12.298,230,0
TAR,D,20151120,000000,12.045,12.045,12.045,12.045,117,0
TAR,D,20151123,000000,12.062,12.062,12.053,12.053,186,0
TAR,D,20151124,000000,12.298,12.298,12.045,12.045,542,0
TAR,D,20151125,000000,12.167,12.167,12.159,12.167,82,0
TAR,D,20151126,000000,12.167,12.167,12.167,12.167,2,0
TAR,D,20151127,000000,12.167,12.167,12.167,12.167,554,0
TAR,D,20151130,000000,11.871,11.871,11.871,11.871,2,0
TAR,D,20151201,000000,11.975,11.975,11.861,11.861,1164,0
TAR,D,20151202,000000,11.774,11.774,11.173,11.678,668,0
TAR,D,20151203,000000,11.487,11.678,11.12,11.678,170,0
TAR,D,20151204,000000,11.513,11.8,11.383,11.8,2183,0
TAR,D,20151207,000000,11.383,11.861,11.383,11.609,2157,0
TAR,D,20151208,000000,12.167,12.167,11.531,11.531,1146,0
TAR,D,20151209,000000,11.513,11.774,11.277,11.277,9603,0
TAR,D,20151210,000000,10.728,11.234,10.642,11.077,4210,0
TAR,D,20151211,000000,10.989,11.243,10.659,10.902,9957,0
TAR,D,20151214,000000,10.745,10.814,10.073,10.642,8349,0
TAR,D,20151215,000000,10.396,11.269,9.943,10.902,25570,0
TAR,D,20151216,000000,11.277,11.277,10.684,10.684,3093,0
TAR,D,20151217,000000,10.684,11.042,10.3,10.737,7867,0
TAR,D,20151218,000000,10.737,11.077,10.737,10.824,701,0
TAR,D,20151221,000000,11.033,11.033,10.902,10.946,2505,0
TAR,D,20151222,000000,10.946,10.946,10.842,10.842,736,0
TAR,D,20151223,000000,10.842,11.513,10.842,11.513,5175,0
TAR,D,20151228,000000,11.425,11.425,11.042,11.155,3021,0
TAR,D,20151229,000000,11.338,11.338,11.338,11.338,3194,0
TAR,D,20151230,000000,11.164,11.321,10.989,11.225,121175,0
TAR,D,20160104,000000,11.452,11.452,11.077,11.269,1141,0
TAR,D,20160105,000000,10.989,11.338,10.989,11.295,831,0
TAR,D,20160107,000000,11.33,11.33,11.234,11.234,4413,0
TAR,D,20160108,000000,11.26,11.33,10.998,11.155,3689,0
TAR,D,20160111,000000,10.998,10.998,10.998,10.998,69,0
TAR,D,20160112,000000,11.007,11.13,11.007,11.13,2656,0
TAR,D,20160113,000000,11.155,11.155,11.12,11.12,649,0
TAR,D,20160114,000000,11.147,11.147,11.05,11.137,119,0
TAR,D,20160115,000000,11.147,11.147,11.13,11.13,540,0
TAR,D,20160118,000000,11.016,11.33,10.814,10.814,3971,0
TAR,D,20160119,000000,10.814,10.859,10.814,10.832,18005,0
TAR,D,20160120,000000,10.902,10.902,10.684,10.772,929,0
TAR,D,20160121,000000,10.642,10.642,10.266,10.545,359,0
TAR,D,20160122,000000,10.684,11.12,10.684,11.12,129,0
TAR,D,20160125,000000,11.338,11.338,10.693,11.077,126,0
TAR,D,20160126,000000,11.102,11.102,11.102,11.102,289,0
TAR,D,20160127,000000,10.693,10.832,10.519,10.571,3674,0
TAR,D,20160128,000000,10.902,11.12,10.902,10.902,1434,0
TAR,D,20160129,000000,10.859,11.077,10.859,11.077,2045,0
TAR,D,20160201,000000,10.693,11.338,10.693,11.338,707,0
TAR,D,20160202,000000,11.338,11.338,11.25,11.304,255,0
TAR,D,20160203,000000,11.321,11.33,10.745,11.164,7807,0
TAR,D,20160204,000000,11.338,11.338,11.164,11.277,1259,0
TAR,D,20160205,000000,11.25,11.338,11.25,11.338,6446,0
TAR,D,20160208,000000,11.425,11.425,11.12,11.12,32,0
TAR,D,20160209,000000,11.425,11.425,11.425,11.425,115,0
TAR,D,20160210,000000,11.383,11.383,11.085,11.085,235,0
TAR,D,20160211,000000,11.33,11.33,10.902,10.902,902,0
TAR,D,20160212,000000,10.902,10.902,10.902,10.902,125,0
TAR,D,20160215,000000,11.112,11.112,11.102,11.102,847,0
TAR,D,20160216,000000,11.112,11.25,11.112,11.25,138,0
TAR,D,20160217,000000,11.25,11.25,11.243,11.25,347,0
TAR,D,20160218,000000,10.824,11.25,10.824,11.077,1002,0
TAR,D,20160219,000000,11.25,11.993,10.937,11.993,87690,0
TAR,D,20160222,000000,11.993,11.993,11.338,11.765,4401,0
TAR,D,20160223,000000,11.923,11.923,11.774,11.774,502,0
TAR,D,20160224,000000,11.861,11.861,11.731,11.731,1605,0
TAR,D,20160225,000000,11.853,11.975,11.731,11.949,4079,0
TAR,D,20160226,000000,11.975,11.975,11.687,11.94,1274,0
TAR,D,20160229,000000,11.993,12.315,11.932,12.315,2247,0
TAR,D,20160301,000000,12.201,12.201,11.748,11.748,266,0
TAR,D,20160302,000000,12.289,12.289,12.289,12.289,172,0
TAR,D,20160303,000000,12.167,12.184,12.167,12.184,993,0
TAR,D,20160304,000000,12.194,12.194,12.045,12.045,1182,0
TAR,D,20160307,000000,12.167,12.254,11.774,11.844,3695,0
TAR,D,20160308,000000,11.879,11.879,11.452,11.819,2716,0
TAR,D,20160309,000000,11.783,11.844,11.765,11.765,596,0
TAR,D,20160310,000000,11.809,11.888,11.687,11.888,5785,0
TAR,D,20160311,000000,12.019,12.019,11.696,11.774,241,0
TAR,D,20160314,000000,11.993,11.993,11.687,11.774,306,0
TAR,D,20160315,000000,11.652,11.652,11.592,11.626,8653,0
TAR,D,20160316,000000,11.6,11.687,11.513,11.687,3361,0
TAR,D,20160317,000000,11.94,11.94,11.521,11.731,793,0
TAR,D,20160318,000000,11.556,11.984,11.556,11.966,2696,0
TAR,D,20160321,000000,12.028,12.028,11.696,11.774,2281,0
TAR,D,20160322,000000,11.774,11.906,11.774,11.906,8158,0
TAR,D,20160323,000000,11.94,12.08,11.826,11.993,8481,0
TAR,D,20160324,000000,12.08,12.254,11.826,12.254,12563,0
TAR,D,20160329,000000,12.254,12.333,12.176,12.307,7268,0
TAR,D,20160330,000000,12.298,12.341,12.298,12.333,4673,0
TAR,D,20160331,000000,12.446,12.446,12.437,12.437,729,0
TAR,D,20160401,000000,12.428,12.428,12.298,12.428,609,0
TAR,D,20160404,000000,12.411,12.42,12.219,12.376,1134,0
TAR,D,20160405,000000,12.376,12.376,12.211,12.211,558,0
TAR,D,20160406,000000,11.906,12.211,11.906,12.194,521,0
TAR,D,20160407,000000,12.211,12.211,12.201,12.201,116,0
TAR,D,20160408,000000,12.211,12.211,11.879,12.123,149,0
TAR,D,20160411,000000,12.211,12.211,11.949,12.114,863,0
TAR,D,20160412,000000,12.159,12.159,12.036,12.036,72,0
TAR,D,20160413,000000,12.028,12.132,12.028,12.132,1430,0
TAR,D,20160414,000000,11.861,11.932,11.861,11.906,2872,0
TAR,D,20160415,000000,11.949,12.201,11.826,12.194,1082,0
TAR,D,20160418,000000,12.202,12.202,11.949,12.185,2367,0
TAR,D,20160419,000000,12.185,12.437,11.958,12.437,24442,0
TAR,D,20160420,000000,12.254,12.472,12.123,12.385,44050,0
TAR,D,20160421,000000,12.368,12.472,12.211,12.341,4185,0
TAR,D,20160422,000000,12.341,12.424,12.067,12.387,4060,0
TAR,D,20160425,000000,12.698,12.698,12.442,12.442,1854,0
TAR,D,20160426,000000,12.433,12.442,12.415,12.415,884,0
TAR,D,20160427,000000,12.451,12.451,12.451,12.451,986,0
TAR,D,20160428,000000,12.451,12.606,12.451,12.451,1563,0
TAR,D,20160429,000000,12.46,12.46,12.433,12.433,1855,0
TAR,D,20160502,000000,12.497,12.524,12.433,12.433,1258,0
TAR,D,20160504,000000,12.433,12.451,12.433,12.433,1845,0
TAR,D,20160505,000000,12.506,12.506,12.497,12.497,445,0
TAR,D,20160506,000000,12.451,12.451,11.253,11.893,16696,0
TAR,D,20160509,000000,11.893,11.948,11.893,11.948,1236,0
TAR,D,20160510,000000,12.149,12.149,12.149,12.149,1,0
TAR,D,20160511,000000,12.104,12.104,11.939,11.939,357,0
TAR,D,20160512,000000,12.131,12.131,11.866,11.866,13013,0
TAR,D,20160513,000000,11.884,11.884,11.454,11.464,2389,0
TAR,D,20160516,000000,11.473,11.628,11.473,11.628,991,0
TAR,D,20160517,000000,11.473,11.876,11.473,11.61,317,0
TAR,D,20160518,000000,11.473,11.747,11.473,11.519,120,0
TAR,D,20160519,000000,11.519,11.702,11.519,11.702,1784,0
TAR,D,20160520,000000,11.656,11.839,11.656,11.702,497,0
TAR,D,20160523,000000,12.104,12.104,11.537,11.564,98,0
TAR,D,20160524,000000,11.564,11.61,11.564,11.564,221,0
TAR,D,20160525,000000,11.601,11.884,11.592,11.839,950,0
TAR,D,20160527,000000,11.839,11.839,11.839,11.839,57,0
TAR,D,20160530,000000,11.839,11.876,11.72,11.72,826,0
TAR,D,20160531,000000,11.884,11.884,11.884,11.884,1,0
TAR,D,20160601,000000,11.702,11.702,10.97,11.107,2468,0
TAR,D,20160602,000000,11.235,11.235,11.153,11.153,352,0
TAR,D,20160603,000000,11.107,11.171,11.107,11.171,1104,0
TAR,D,20160606,000000,11.235,11.235,11.235,11.235,415,0
TAR,D,20160607,000000,11.245,11.245,10.76,11.235,1465,0
TAR,D,20160608,000000,11.217,11.217,10.833,10.833,4016,0
TAR,D,20160609,000000,11.171,11.171,10.833,10.97,249,0
TAR,D,20160610,000000,10.833,10.97,10.833,10.97,3973,0
TAR,D,20160613,000000,11.217,11.217,10.878,10.97,310,0
TAR,D,20160614,000000,10.97,10.97,10.97,10.97,347,0
TAR,D,20160615,000000,10.97,10.97,10.878,10.97,732,0
TAR,D,20160616,000000,10.97,10.97,10.961,10.961,183,0
TAR,D,20160617,000000,10.906,10.961,10.906,10.961,473,0
TAR,D,20160620,000000,10.961,10.97,10.952,10.97,684,0
TAR,D,20160621,000000,10.961,10.961,10.961,10.961,111,0
TAR,D,20160622,000000,10.97,11.089,10.97,11.089,3831,0
TAR,D,20160623,000000,11.217,11.217,10.97,10.97,2243,0
TAR,D,20160624,000000,10.523,11.208,9.627,11.208,3058,0
TAR,D,20160627,000000,11.199,11.199,10.851,10.851,1075,0
TAR,D,20160628,000000,11.062,11.062,11.062,11.062,547,0
TAR,D,20160629,000000,11.062,11.217,10.97,10.97,3118,0
TAR,D,20160630,000000,11.226,11.226,10.97,10.97,2758,0
TAR,D,20160701,000000,11.226,11.226,10.878,10.97,2236,0
TAR,D,20160704,000000,11.199,11.199,11.144,11.144,72,0
TAR,D,20160705,000000,11.153,11.153,10.888,11.144,2738,0
TAR,D,20160706,000000,11.153,11.153,10.888,10.897,449,0
TAR,D,20160707,000000,10.888,10.897,10.888,10.897,112,0
TAR,D,20160708,000000,10.933,10.933,10.888,10.915,178,0
TAR,D,20160711,000000,11.144,11.144,10.933,10.933,111,0
TAR,D,20160712,000000,11.144,11.144,11.016,11.016,750,0
TAR,D,20160713,000000,11.153,11.153,11.153,11.153,132,0
TAR,D,20160714,000000,11.153,11.153,11.153,11.153,132,0
TAR,D,20160715,000000,11.153,11.153,10.97,11.062,1161,0
TAR,D,20160718,000000,11.153,11.153,10.97,10.97,1188,0
TAR,D,20160719,000000,10.961,10.97,10.339,10.97,12094,0
TAR,D,20160720,000000,10.97,10.97,10.97,10.97,14854,0
TAR,D,20160721,000000,10.97,11.409,10.97,11.327,147159,0
TAR,D,20160722,000000,11.427,11.884,11.427,11.702,46465,0
TAR,D,20160725,000000,11.839,11.995,11.793,11.793,9457,0
TAR,D,20160726,000000,11.884,11.884,11.528,11.884,9132,0
TAR,D,20160727,000000,12.095,12.095,11.884,11.884,242,0
TAR,D,20160728,000000,11.884,12.085,11.884,11.884,4195,0
TAR,D,20160729,000000,11.884,11.884,11.884,11.884,119,0
TAR,D,20160801,000000,11.876,11.876,11.702,11.702,639,0
TAR,D,20160802,000000,11.876,11.876,11.583,11.583,405,0
TAR,D,20160803,000000,11.793,11.793,11.793,11.793,1,0
TAR,D,20160804,000000,11.793,11.793,11.61,11.793,58,0
TAR,D,20160805,000000,11.793,11.793,11.437,11.702,1195,0
TAR,D,20160808,000000,11.702,11.702,11.245,11.702,804,0
TAR,D,20160809,000000,11.656,11.656,11.656,11.656,1,0
TAR,D,20160810,000000,11.702,11.702,11.601,11.702,3869,0
TAR,D,20160811,000000,11.692,11.692,11.674,11.674,2,0
TAR,D,20160812,000000,11.683,11.784,11.683,11.784,104131,0
TAR,D,20160816,000000,11.335,11.747,11.335,11.473,937,0
TAR,D,20160817,000000,11.702,11.793,11.473,11.564,105123,0
TAR,D,20160818,000000,11.793,11.793,11.519,11.61,8253,0
TAR,D,20160819,000000,11.519,11.564,11.473,11.564,35740,0
TAR,D,20160822,000000,11.564,11.564,11.564,11.564,503,0
TAR,D,20160823,000000,11.519,11.519,11.199,11.519,1971,0
TAR,D,20160824,000000,11.519,11.519,11.519,11.519,285,0
TAR,D,20160825,000000,11.519,11.519,11.519,11.519,1,0
TAR,D,20160826,000000,11.519,11.702,11.427,11.702,1181,0
TAR,D,20160829,000000,11.747,11.747,11.656,11.729,1605,0
TAR,D,20160830,000000,11.793,11.793,11.747,11.747,44,0
TAR,D,20160831,000000,11.747,11.747,11.747,11.747,82,0
TAR,D,20160901,000000,11.747,11.793,11.747,11.793,110,0
TAR,D,20160902,000000,11.793,11.793,10.97,11.427,400,0
TAR,D,20160905,000000,11.793,11.793,11.4,11.729,823,0
TAR,D,20160906,000000,11.793,11.793,11.793,11.793,1,0
TAR,D,20160907,000000,11.793,11.793,11.354,11.509,912,0
TAR,D,20160908,000000,11.519,11.519,10.97,11.473,3063,0
TAR,D,20160909,000000,11.062,11.335,11.062,11.327,54750,0
TAR,D,20160912,000000,11.126,11.126,10.696,10.943,10937,0
TAR,D,20160913,000000,10.751,10.97,10.751,10.97,2411,0
TAR,D,20160914,000000,10.878,10.878,10.787,10.843,9767,0
TAR,D,20160915,000000,10.97,10.97,10.796,10.925,7275,0
TAR,D,20160916,000000,11.245,11.793,11.199,11.793,122019,0
TAR,D,20160919,000000,11.784,12.022,11.774,11.985,3924,0
TAR,D,20160920,000000,11.985,12.112,11.884,12.112,8105,0
TAR,D,20160921,000000,12.341,12.341,12.204,12.286,724,0
TAR,D,20160922,000000,12.296,12.433,12.022,12.424,3506,0
TAR,D,20160923,000000,12.415,12.415,11.93,11.93,218,0
TAR,D,20160926,000000,12.25,12.25,11.702,11.93,2545,0
TAR,D,20160927,000000,11.656,12.095,11.656,12.067,111,0
TAR,D,20160928,000000,12.112,12.341,12.067,12.067,2015,0
TAR,D,20160929,000000,11.702,12.341,11.702,12.022,1422,0
TAR,D,20160930,000000,12.022,12.022,12.022,12.022,83,0
TAR,D,20161003,000000,12.204,12.204,12.204,12.204,329,0
TAR,D,20161004,000000,12.204,12.333,11.857,12.286,10192,0
TAR,D,20161005,000000,12.296,12.296,12.204,12.296,1834,0
TAR,D,20161006,000000,12.296,12.296,11.839,12.268,1285,0
TAR,D,20161007,000000,12.286,12.286,11.848,11.848,157,0
TAR,D,20161010,000000,11.848,12.286,11.848,12.241,1259,0
TAR,D,20161011,000000,12.25,12.25,12.231,12.231,1146,0
TAR,D,20161012,000000,12.241,12.241,11.747,11.884,14701,0
TAR,D,20161013,000000,12.067,12.067,12.067,12.067,111,0
TAR,D,20161014,000000,12.067,12.067,12.067,12.067,56,0
TAR,D,20161017,000000,12.067,12.104,11.848,12.104,2329,0
TAR,D,20161018,000000,12.159,12.159,11.884,12.067,133,0
TAR,D,20161019,000000,12.067,12.067,11.72,12.049,2097,0
TAR,D,20161020,000000,12.049,12.049,11.62,12.04,946,0
TAR,D,20161021,000000,12.067,12.067,11.738,12.058,1854,0
TAR,D,20161024,000000,11.966,12.067,11.966,12.067,743,0
TAR,D,20161025,000000,12.067,12.067,11.802,11.884,21971,0
TAR,D,20161026,000000,11.884,12.067,11.802,11.884,50802,0
TAR,D,20161027,000000,12.067,12.067,11.884,11.884,5641,0
TAR,D,20161028,000000,12.022,12.022,11.427,11.976,3426,0
TAR,D,20161031,000000,12.022,12.022,12.012,12.012,3601,0
TAR,D,20161102,000000,11.976,12.012,11.784,11.884,718,0
TAR,D,20161103,000000,11.884,11.884,11.884,11.884,1,0
TAR,D,20161104,000000,11.884,11.884,11.592,11.656,1180,0
TAR,D,20161107,000000,11.793,11.793,11.345,11.519,1172,0
TAR,D,20161108,000000,11.784,11.784,11.335,11.335,260,0
TAR,D,20161109,000000,11.327,11.793,11.308,11.793,395,0
TAR,D,20161110,000000,11.702,11.702,11.702,11.702,1,0
TAR,D,20161114,000000,11.583,11.583,11.162,11.382,9889,0
TAR,D,20161115,000000,11.372,11.372,11.144,11.153,4711,0
TAR,D,20161116,000000,11.144,11.144,10.97,11.144,1329,0
TAR,D,20161117,000000,11.144,11.144,11.107,11.107,1720,0
TAR,D,20161118,000000,11.153,11.153,11.153,11.153,83,0
TAR,D,20161121,000000,11.583,11.583,11.126,11.519,4221,0
TAR,D,20161122,000000,11.546,11.546,11.427,11.427,47,0
TAR,D,20161123,000000,11.519,11.519,11.427,11.427,2,0
TAR,D,20161124,000000,11.099,11.555,11.099,11.327,1166,0
TAR,D,20161125,000000,11.335,11.335,11.116,11.245,2486,0
TAR,D,20161128,000000,11.555,11.555,11.107,11.519,1914,0
TAR,D,20161129,000000,11.519,11.519,11.519,11.519,495,0
TAR,D,20161130,000000,11.555,11.555,11.509,11.509,146,0
TAR,D,20161201,000000,11.509,11.546,11.29,11.419,772,0
TAR,D,20161202,000000,11.546,11.546,11.427,11.473,24,0
TAR,D,20161205,000000,11.519,11.519,11.153,11.253,1664,0
TAR,D,20161206,000000,11.509,11.509,11.427,11.427,286,0
TAR,D,20161207,000000,11.464,11.464,11.4,11.4,2080,0
TAR,D,20161208,000000,11.427,11.427,11.144,11.144,5994,0
TAR,D,20161209,000000,11.171,11.464,11.134,11.427,1353,0
TAR,D,20161212,000000,11.454,11.454,11.08,11.382,543,0
TAR,D,20161213,000000,11.263,11.427,11.253,11.253,4982,0
TAR,D,20161214,000000,11.335,11.427,11.153,11.427,2879,0
TAR,D,20161215,000000,11.427,11.427,11.199,11.199,71324,0
TAR,D,20161216,000000,11.153,11.419,11.153,11.419,3,0
TAR,D,20161219,000000,11.419,11.419,11.153,11.335,249,0
TAR,D,20161220,000000,11.335,11.419,11.107,11.419,1301,0
TAR,D,20161221,000000,11.419,11.419,11.419,11.419,110,0
TAR,D,20161222,000000,11.382,11.382,11.153,11.245,170,0
TAR,D,20161223,000000,11.245,11.245,11.199,11.245,1117,0
TAR,D,20161227,000000,11.382,11.382,11.016,11.016,902,0
TAR,D,20161228,000000,11.372,11.372,10.97,11.245,7093,0
TAR,D,20161229,000000,11.382,11.382,11.245,11.29,932,0
TAR,D,20161230,000000,11.382,11.382,11.308,11.308,1193,0
TAR,D,20170102,000000,11.583,11.583,11.583,11.583,1,0
TAR,D,20170103,000000,11.335,11.419,11.162,11.419,451,0
TAR,D,20170104,000000,11.419,11.419,11.335,11.335,285,0
TAR,D,20170105,000000,11.327,11.327,11.153,11.272,2493,0
TAR,D,20170109,000000,11.272,11.272,11.107,11.272,296,0
TAR,D,20170110,000000,11.263,11.263,11.126,11.153,6775,0
TAR,D,20170111,000000,11.272,12.278,11.034,11.793,31457,0
TAR,D,20170112,000000,11.793,11.966,11.263,11.427,17535,0
TAR,D,20170113,000000,11.427,12.214,11.044,11.382,8662,0
TAR,D,20170116,000000,11.08,11.409,10.997,11.08,6162,0
TAR,D,20170117,000000,11.08,11.208,10.897,11.134,6382,0
TAR,D,20170118,000000,11.134,11.199,11.126,11.153,1225,0
TAR,D,20170119,000000,11.189,11.345,11.171,11.345,1145,0
TAR,D,20170120,000000,11.126,11.354,11.062,11.153,2256,0
TAR,D,20170123,000000,11.162,11.281,11.107,11.281,1065,0
TAR,D,20170124,000000,11.281,11.382,11.208,11.382,8685,0
TAR,D,20170125,000000,11.382,11.564,11.126,11.318,18387,0
TAR,D,20170126,000000,11.318,11.318,11.107,11.171,7193,0
TAR,D,20170127,000000,11.199,11.363,11.08,11.153,4149,0
TAR,D,20170130,000000,11.153,11.199,11.016,11.044,12252,0
TAR,D,20170131,000000,11.044,11.226,11.025,11.208,4259,0
TAR,D,20170201,000000,11.062,11.189,11.007,11.189,12491,0
TAR,D,20170202,000000,11.235,11.235,11.052,11.226,11811,0
TAR,D,20170203,000000,11.217,11.217,11.044,11.052,11003,0
TAR,D,20170206,000000,11.153,11.153,11.007,11.144,8144,0
TAR,D,20170207,000000,11.153,11.153,11.062,11.062,3016,0
TAR,D,20170208,000000,11.153,11.235,11.062,11.235,707,0
TAR,D,20170209,000000,11.308,11.308,11.044,11.062,20167,0
TAR,D,20170210,000000,11.153,11.153,11.034,11.034,1370,0
TAR,D,20170213,000000,11.3,11.3,11.044,11.044,2520,0
TAR,D,20170214,000000,11.044,11.134,11.044,11.08,2341,0
TAR,D,20170215,000000,11.044,11.052,10.193,10.824,12243,0
TAR,D,20170216,000000,10.833,10.952,10.833,10.878,6028,0
TAR,D,20170217,000000,10.861,10.878,10.833,10.878,733,0
TAR,D,20170220,000000,11.107,11.335,11.107,11.245,8390,0
TAR,D,20170221,000000,11.245,11.519,11.245,11.427,10115,0
TAR,D,20170222,000000,11.473,11.519,11.189,11.409,17687,0
TAR,D,20170223,000000,11.199,11.263,11.134,11.235,6536,0
TAR,D,20170224,000000,11.235,11.281,11.062,11.281,2584,0
TAR,D,20170227,000000,10.97,11.272,10.952,11.062,4552,0
TAR,D,20170228,000000,11.253,11.253,11.107,11.144,196,0
TAR,D,20170301,000000,11.208,11.29,11.062,11.29,559,0
TAR,D,20170302,000000,11.245,11.245,11.062,11.153,4450,0
TAR,D,20170303,000000,11.153,11.153,11.062,11.062,6099,0
TAR,D,20170306,000000,11.153,11.153,10.97,11.153,2038,0
TAR,D,20170307,000000,11.245,11.245,11.034,11.235,3582,0
TAR,D,20170308,000000,11.29,11.335,11.226,11.335,2368,0
TAR,D,20170309,000000,11.335,11.335,10.97,11.199,12967,0
TAR,D,20170310,000000,11.281,11.281,10.97,10.97,12103,0
TAR,D,20170313,000000,10.97,11.226,10.742,10.796,14350,0
TAR,D,20170314,000000,10.833,11.217,10.742,11.153,13684,0
TAR,D,20170315,000000,11.08,11.153,10.933,11.071,7335,0
TAR,D,20170316,000000,10.833,10.97,10.76,10.961,13032,0
TAR,D,20170317,000000,11.134,11.134,10.97,10.97,1867,0
TAR,D,20170320,000000,10.878,10.97,10.787,10.787,2579,0
TAR,D,20170321,000000,11.052,11.052,10.742,10.751,3284,0
TAR,D,20170322,000000,10.878,10.97,10.605,10.97,855,0
TAR,D,20170323,000000,10.97,10.97,10.787,10.787,588,0
TAR,D,20170324,000000,10.925,10.925,10.632,10.814,305,0
TAR,D,20170327,000000,10.605,10.613,10.44,10.44,10242,0
TAR,D,20170328,000000,10.732,10.732,10.449,10.513,5542,0
TAR,D,20170329,000000,10.677,10.843,10.605,10.778,1840,0
TAR,D,20170330,000000,10.605,10.605,10.486,10.513,3079,0
TAR,D,20170331,000000,10.523,10.65,10.33,10.523,5421,0
TAR,D,20170403,000000,10.523,10.523,10.156,10.422,7789,0
TAR,D,20170404,000000,10.486,10.65,10.422,10.65,1954,0
TAR,D,20170405,000000,10.705,10.851,10.705,10.851,1037,0
TAR,D,20170406,000000,10.742,10.751,10.742,10.751,4324,0
TAR,D,20170407,000000,10.87,11.099,10.495,11.089,7164,0
TAR,D,20170410,000000,10.878,10.878,10.814,10.814,4135,0
TAR,D,20170411,000000,11.062,11.062,11.016,11.044,437,0
TAR,D,20170412,000000,11.016,11.016,10.696,10.696,669,0
TAR,D,20170413,000000,10.742,10.833,10.714,10.833,1602,0
TAR,D,20170418,000000,10.925,10.925,10.769,10.824,845,0
TAR,D,20170419,000000,10.705,10.778,10.705,10.742,2341,0
TAR,D,20170420,000000,10.65,10.696,10.513,10.513,6291,0
TAR,D,20170421,000000,10.732,10.732,10.513,10.724,1286,0
TAR,D,20170424,000000,10.732,10.732,10.513,10.513,957,0
TAR,D,20170425,000000,10.468,10.513,10.468,10.513,2493,0
TAR,D,20170426,000000,10.595,10.595,10.431,10.504,6844,0
TAR,D,20170427,000000,10.504,10.742,10.504,10.742,778,0
TAR,D,20170428,000000,10.696,10.778,10.476,10.769,5924,0
TAR,D,20170502,000000,10.833,10.833,10.513,10.76,6074,0
TAR,D,20170504,000000,10.769,10.769,10.605,10.769,2967,0
TAR,D,20170505,000000,10.769,10.833,10.769,10.824,965,0
TAR,D,20170508,000000,10.824,11.308,10.76,10.787,21260,0
TAR,D,20170509,000000,10.787,10.87,10.787,10.861,3534,0
TAR,D,20170510,000000,10.878,10.888,10.861,10.861,7921,0
TAR,D,20170511,000000,10.878,10.878,10.87,10.878,3410,0
TAR,D,20170512,000000,10.878,11.044,10.87,10.878,7500,0
TAR,D,20170515,000000,10.787,11.062,10.787,10.878,8355,0
TAR,D,20170516,000000,10.878,10.878,10.787,10.787,7673,0
TAR,D,20170517,000000,10.961,10.961,10.878,10.878,2343,0
TAR,D,20170518,000000,10.961,10.961,10.814,10.878,2738,0
TAR,D,20170519,000000,10.961,10.961,10.878,10.878,5608,0
TAR,D,20170522,000000,10.787,10.888,10.787,10.888,655,0
TAR,D,20170523,000000,10.961,11.116,10.878,10.97,2470,0
TAR,D,20170524,000000,10.97,10.97,10.97,10.97,3139,0
TAR,D,20170525,000000,11.098,11.098,10.879,10.97,11692,0
TAR,D,20170526,000000,11.244,11.244,10.97,11.062,10921,0
TAR,D,20170529,000000,11.071,11.071,10.924,10.988,20574,0
TAR,D,20170530,000000,10.979,10.979,10.737,10.824,9727,0
TAR,D,20170531,000000,10.737,10.863,10.737,10.853,1442,0
TAR,D,20170601,000000,10.747,11.104,10.438,10.612,1832,0
TAR,D,20170602,000000,10.534,10.959,10.447,10.631,2842,0
TAR,D,20170605,000000,10.631,10.737,10.331,10.602,4102,0
TAR,D,20170606,000000,10.602,10.631,10.602,10.631,463,0
TAR,D,20170607,000000,10.583,10.824,10.438,10.824,1042,0
TAR,D,20170608,000000,10.824,10.824,10.612,10.612,643,0
TAR,D,20170609,000000,10.631,10.631,10.631,10.631,103,0
TAR,D,20170612,000000,10.776,10.776,10.534,10.631,556,0
TAR,D,20170613,000000,10.776,10.776,10.757,10.766,48,0
TAR,D,20170614,000000,10.534,10.631,10.273,10.631,8502,0
TAR,D,20170616,000000,10.631,10.689,10.631,10.689,1430,0
TAR,D,20170619,000000,10.631,10.631,10.621,10.631,646,0
TAR,D,20170620,000000,10.544,10.631,10.544,10.631,517,0
TAR,D,20170621,000000,10.631,10.679,10.631,10.679,243,0
TAR,D,20170622,000000,10.592,10.592,10.583,10.583,279,0
TAR,D,20170623,000000,10.631,10.631,10.544,10.631,1150,0
TAR,D,20170626,000000,10.544,10.554,10.534,10.534,2728,0
TAR,D,20170627,000000,10.534,10.534,10.157,10.399,837,0
TAR,D,20170628,000000,10.351,10.36,10.254,10.341,1669,0
TAR,D,20170629,000000,10.399,10.399,10.399,10.399,362,0
TAR,D,20170630,000000,10.515,10.515,10.409,10.409,428,0
TAR,D,20170703,000000,10.409,10.409,10.341,10.389,454,0
TAR,D,20170704,000000,10.254,10.254,10.254,10.254,207,0
TAR,D,20170705,000000,10.254,10.254,10.244,10.244,385,0
TAR,D,20170706,000000,10.244,10.563,9.954,10.554,2085,0
TAR,D,20170707,000000,10.554,10.554,10.554,10.554,4,0
TAR,D,20170710,000000,10.544,10.583,10.534,10.583,845,0
TAR,D,20170711,000000,10.177,10.515,10.177,10.515,466,0
TAR,D,20170712,000000,10.157,10.244,10.148,10.244,918,0
TAR,D,20170713,000000,10.418,10.418,10.341,10.341,415,0
TAR,D,20170714,000000,10.341,10.409,10.341,10.389,576,0
TAR,D,20170717,000000,10.389,10.389,10.254,10.254,291,0
TAR,D,20170718,000000,10.254,10.389,10.254,10.389,355,0
TAR,D,20170719,000000,10.409,10.409,10.244,10.389,5644,0
TAR,D,20170721,000000,10.157,10.38,10.157,10.157,1035,0
TAR,D,20170724,000000,10.157,10.341,10.157,10.341,168,0
TAR,D,20170725,000000,10.148,10.293,9.954,10.293,2954,0
TAR,D,20170726,000000,9.974,10.051,9.974,10.051,372,0
TAR,D,20170727,000000,10.196,10.273,10.196,10.264,699,0
TAR,D,20170728,000000,10.293,10.38,10.293,10.38,565,0
TAR,D,20170731,000000,10.389,10.409,10.341,10.341,883,0
TAR,D,20170801,000000,10.341,10.341,10.157,10.341,780,0
TAR,D,20170802,000000,10.177,10.244,10.177,10.244,985,0
TAR,D,20170803,000000,10.312,10.312,10.312,10.312,1,0
TAR,D,20170804,000000,10.293,10.341,10.293,10.341,1763,0
TAR,D,20170807,000000,10.438,10.438,10.438,10.438,124,0
TAR,D,20170808,000000,10.515,10.515,10.515,10.515,207,0
TAR,D,20170809,000000,10.515,10.515,10.515,10.515,1,0
TAR,D,20170810,000000,10.563,10.563,10.341,10.505,1165,0
TAR,D,20170811,000000,10.341,10.563,10.341,10.534,2829,0
TAR,D,20170814,000000,10.341,10.563,10.341,10.563,804,0
TAR,D,20170816,000000,10.563,10.563,10.428,10.438,5793,0
TAR,D,20170817,000000,10.341,10.341,10.244,10.244,679,0
TAR,D,20170818,000000,10.341,10.341,10.244,10.244,910,0
TAR,D,20170821,000000,10.244,10.331,9.993,9.993,4218,0
TAR,D,20170822,000000,10.438,10.438,10.061,10.061,1251,0
TAR,D,20170823,000000,10.389,10.389,10.389,10.389,347,0
TAR,D,20170824,000000,10.38,10.38,10.157,10.293,486,0
TAR,D,20170825,000000,10.196,10.244,10.099,10.148,1108,0
TAR,D,20170828,000000,10.061,10.293,10.003,10.293,1523,0
TAR,D,20170829,000000,10.003,10.003,9.906,9.954,7123,0
TAR,D,20170830,000000,10.099,10.099,10.099,10.099,103,0
TAR,D,20170831,000000,10.003,10.119,10.003,10.119,192,0
TAR,D,20170901,000000,10.099,10.099,10.003,10.099,548,0
TAR,D,20170904,000000,10.099,10.099,9.568,9.664,4614,0
TAR,D,20170905,000000,9.664,9.664,9.4711,9.4711,6440,0
TAR,D,20170906,000000,9.519,9.568,9.519,9.568,883,0
TAR,D,20170907,000000,9.568,9.568,9.4711,9.568,1304,0
TAR,D,20170908,000000,9.539,9.568,9.539,9.568,472,0
TAR,D,20170911,000000,9.4711,9.568,9.4711,9.568,430,0
TAR,D,20170912,000000,9.568,9.568,9.568,9.568,52,0
TAR,D,20170913,000000,9.568,9.568,9.568,9.568,135,0
TAR,D,20170914,000000,9.4711,9.4711,9.3358,9.4711,2045,0
TAR,D,20170915,000000,9.4615,9.519,9.4228,9.519,934,0
TAR,D,20170918,000000,9.519,9.519,9.4228,9.519,631,0
TAR,D,20170919,000000,9.519,9.519,9.3358,9.3455,841,0
TAR,D,20170920,000000,9.3455,9.4132,9.2779,9.4132,1588,0
TAR,D,20170921,000000,9.51,9.51,9.2295,9.2779,2305,0
TAR,D,20170922,000000,9.2295,9.2295,9.1329,9.2199,5041,0
TAR,D,20170925,000000,9.51,9.51,9.2102,9.4035,3743,0
TAR,D,20170926,000000,9.2875,9.2875,9.2199,9.2779,8385,0
TAR,D,20170927,000000,9.3262,9.3262,9.1812,9.3165,2256,0
TAR,D,20170928,000000,9.2779,9.2779,9.1812,9.2779,4578,0
TAR,D,20170929,000000,9.1715,9.4518,9.1619,9.4518,6158,0
TAR,D,20171002,000000,9.4421,9.4421,9.0749,9.0749,2188,0
TAR,D,20171003,000000,9.1426,9.1426,9.0846,9.0846,825,0
TAR,D,20171004,000000,9.1812,9.1812,9.0846,9.0846,685,0
TAR,D,20171005,000000,9.1812,9.1812,9.1715,9.1715,310,0
TAR,D,20171006,000000,9.2102,9.2102,9.1812,9.1812,212,0
TAR,D,20171009,000000,9.1812,9.1812,9.1812,9.1812,26,0
TAR,D,20171010,000000,9.2682,9.2682,8.9976,8.9976,1759,0
TAR,D,20171011,000000,9.2779,9.2779,9.2779,9.2779,2826,0
TAR,D,20171012,000000,9.4421,9.4518,9.4421,9.4518,1612,0
TAR,D,20171013,000000,9.4421,9.4421,9.4421,9.4421,587,0
TAR,D,20171016,000000,9.51,9.51,9.4905,9.4905,62,0
TAR,D,20171017,000000,9.4711,9.4711,9.4711,9.4711,52,0
TAR,D,20171018,000000,9.4711,9.4711,9.4711,9.4711,1549,0
TAR,D,20171019,000000,9.3165,9.3165,9.3165,9.3165,2069,0
TAR,D,20171020,000000,9.3165,9.3165,9.3165,9.3165,103,0
TAR,D,20171023,000000,9.3745,9.3745,9.3745,9.3745,103,0
TAR,D,20171024,000000,9.2295,9.2295,9.1812,9.1812,39491,0
TAR,D,20171025,000000,9.1812,9.1812,9.1812,9.1812,393,0
TAR,D,20171026,000000,9.1812,9.1812,9.1812,9.1812,10,0
TAR,D,20171027,000000,9.1812,9.1812,8.9976,8.9976,238,0
TAR,D,20171030,000000,9.1812,9.1812,9.1812,9.1812,4147,0
TAR,D,20171031,000000,9.3358,9.3842,9.3358,9.3842,595,0
TAR,D,20171102,000000,9.4228,9.4228,9.4228,9.4228,52,0
TAR,D,20171103,000000,9.3648,9.3648,9.3648,9.3648,23,0
TAR,D,20171106,000000,9.3552,9.3552,9.3552,9.3552,186,0
TAR,D,20171107,000000,9.3648,9.3648,9.3648,9.3648,1155,0
TAR,D,20171108,000000,9.3648,9.3648,9.2779,9.2779,2176,0
TAR,D,20171109,000000,9.1812,9.1812,9.1812,9.1812,962,0
TAR,D,20171110,000000,9.2779,9.2779,9.2779,9.2779,72,0
TAR,D,20171113,000000,10.302,10.534,10.302,10.534,16119,0
TAR,D,20171114,000000,10.728,11.114,10.728,11.114,9150,0
TAR,D,20171115,000000,11.124,11.404,11.124,11.404,19980,0
TAR,D,20171116,000000,11.211,11.23,11.211,11.23,507,0
TAR,D,20171117,000000,10.641,10.641,10.641,10.641,881,0
TAR,D,20171120,000000,10.631,10.631,10.534,10.534,1503,0
TAR,D,20171121,000000,10.534,10.534,10.534,10.534,12055,0
TAR,D,20171122,000000,10.534,10.534,10.534,10.534,9649,0
TAR,D,20171123,000000,10.486,10.486,10.486,10.486,207,0
TAR,D,20171124,000000,10.341,10.341,10.099,10.099,2023,0
TAR,D,20171127,000000,10.148,10.438,10.148,10.438,15623,0
TAR,D,20171128,000000,10.148,10.148,10.051,10.051,7962,0
TAR,D,20171129,000000,9.858,10.138,9.858,10.138,9739,0
TAR,D,20171130,000000,10.148,10.148,10.148,10.148,102,0
TAR,D,20171201,000000,10.148,10.148,10.148,10.148,207,0
TAR,D,20171204,000000,10.37,10.37,10.148,10.148,859,0
TAR,D,20171205,000000,10.051,10.051,10.051,10.051,1418,0
TAR,D,20171206,000000,10.148,10.148,10.099,10.099,209,0
TAR,D,20171207,000000,10.099,10.099,10.08,10.08,404,0
TAR,D,20171208,000000,10.051,10.148,10.051,10.148,2121,0
TAR,D,20171211,000000,10.148,10.148,10.148,10.148,108866,0
TAR,D,20171212,000000,10.476,10.534,10.476,10.534,1190,0
TAR,D,20171213,000000,11.114,11.114,11.114,11.114,27780,0
TAR,D,20171214,000000,11.114,11.191,11.114,11.191,16739,0
TAR,D,20171215,000000,11.124,11.133,11.124,11.133,15423,0
TAR,D,20171218,000000,11.114,11.114,11.114,11.114,6332,0
TAR,D,20171219,000000,11.153,11.182,11.153,11.182,12946,0
TAR,D,20171220,000000,11.211,11.317,11.211,11.317,13681,0
TAR,D,20171221,000000,11.404,11.404,11.404,11.404,7669,0
TAR,D,20171222,000000,11.414,11.501,11.414,11.501,4599,0
TAR,D,20171227,000000,11.597,11.597,11.597,11.597,12609,0
TAR,D,20171228,000000,11.694,11.694,11.694,11.694,5179,0
TAR,D,20171229,000000,11.694,11.791,11.694,11.791,17073,0
TAR,D,20180103,000000,11.839,11.839,11.597,11.597,196,0
TAR,D,20180104,000000,11.597,11.791,11.404,11.597,27925,0
TAR,D,20180105,000000,11.694,11.936,11.694,11.936,15717,0
TAR,D,20180108,000000,12.081,12.081,11.936,12.081,4469,0
TAR,D,20180109,000000,12.081,12.081,11.597,12.081,1814,0
TAR,D,20180110,000000,12.081,12.129,12.081,12.129,2245,0
TAR,D,20180111,000000,11.694,12.226,11.694,12.226,7689,0
TAR,D,20180112,000000,12.177,12.515,12.081,12.274,12596,0
TAR,D,20180115,000000,12.322,12.419,12.322,12.322,387,0
TAR,D,20180116,000000,12.515,12.95,12.515,12.757,19711,0
TAR,D,20180117,000000,12.564,12.805,12.564,12.805,5398,0
TAR,D,20180118,000000,12.805,12.805,12.66,12.805,1480,0
TAR,D,20180119,000000,12.709,12.805,12.709,12.805,2413,0
TAR,D,20180122,000000,12.854,12.854,12.757,12.757,1084,0
TAR,D,20180123,000000,12.66,12.757,12.37,12.757,7100,0
TAR,D,20180124,000000,12.709,12.709,12.419,12.66,7587,0
TAR,D,20180125,000000,12.66,12.66,12.66,12.66,103,0
TAR,D,20180126,000000,12.419,12.66,12.419,12.612,6207,0
TAR,D,20180130,000000,12.515,12.612,12.419,12.564,8527,0
TAR,D,20180131,000000,12.467,12.467,11.984,12.419,12149,0
TAR,D,20180201,000000,12.032,12.274,11.984,12.274,9447,0
TAR,D,20180202,000000,12.081,12.274,12.081,12.274,429,0
TAR,D,20180205,000000,11.936,12.515,11.936,12.515,1552,0
TAR,D,20180206,000000,12.081,12.419,11.791,12.419,12825,0
TAR,D,20180207,000000,12.419,12.515,12.37,12.515,3688,0
TAR,D,20180208,000000,12.564,12.564,12.37,12.37,2384,0
TAR,D,20180209,000000,12.37,12.419,12.37,12.419,954,0
TAR,D,20180212,000000,12.419,12.419,12.129,12.322,553,0
TAR,D,20180213,000000,12.177,12.419,12.177,12.419,340,0
TAR,D,20180214,000000,12.129,12.129,12.081,12.081,12604,0
TAR,D,20180215,000000,12.081,12.129,12.032,12.081,6030,0
TAR,D,20180216,000000,12.081,12.177,12.081,12.177,11522,0
TAR,D,20180219,000000,12.129,12.612,12.129,12.564,24095,0
TAR,D,20180220,000000,12.805,12.902,12.709,12.854,12039,0
TAR,D,20180221,000000,12.854,12.95,12.854,12.902,5038,0
TAR,D,20180222,000000,12.902,13.482,12.902,13.482,432170,0
TAR,D,20180223,000000,13.434,13.482,13.385,13.482,3357,0
TAR,D,20180226,000000,13.385,13.434,13.337,13.434,30484,0
TAR,D,20180227,000000,13.337,13.337,13.095,13.289,5848,0
TAR,D,20180228,000000,13.144,13.434,12.854,13.434,25133,0
TAR,D,20180301,000000,13.434,13.434,12.95,13.434,23043,0
TAR,D,20180302,000000,13.385,13.385,12.95,13.385,10515,0
TAR,D,20180305,000000,13.144,13.434,13.144,13.385,5066,0
TAR,D,20180306,000000,13.385,13.482,13.385,13.385,3637,0
TAR,D,20180307,000000,13.144,13.385,13.144,13.385,3091,0
TAR,D,20180308,000000,13.434,13.434,13.434,13.434,21,0
TAR,D,20180309,000000,13.434,13.482,13.337,13.482,3343,0
TAR,D,20180312,000000,13.482,13.482,13.434,13.482,1496,0
TAR,D,20180313,000000,13.434,13.723,13.24,13.24,7982,0
TAR,D,20180314,000000,13.675,13.675,13.675,13.675,176,0
TAR,D,20180315,000000,13.627,13.627,13.627,13.627,69,0
TAR,D,20180316,000000,13.627,13.627,13.627,13.627,103,0
TAR,D,20180319,000000,13.337,13.53,12.757,13.434,10451,0
TAR,D,20180320,000000,13.385,13.482,13.24,13.482,1888,0
TAR,D,20180321,000000,13.434,13.434,13.434,13.434,1069,0
TAR,D,20180322,000000,13.434,13.434,13.434,13.434,1106,0
TAR,D,20180323,000000,13.434,13.434,13.434,13.434,3130,0
TAR,D,20180326,000000,13.482,13.482,13.482,13.482,2,0
TAR,D,20180328,000000,13.434,13.482,13.337,13.482,5402,0
TAR,D,20180329,000000,13.482,13.482,13.482,13.482,3,0
TAR,D,20180403,000000,13.434,13.434,13.434,13.434,59,0
TAR,D,20180404,000000,13.047,13.047,13.047,13.047,207,0
TAR,D,20180405,000000,13.24,13.337,12.854,13.337,2695,0
TAR,D,20180406,000000,13.337,13.434,12.66,13.434,9230,0
TAR,D,20180409,000000,13.337,13.434,13.337,13.385,3570,0
TAR,D,20180410,000000,13.385,13.482,13.385,13.434,523,0
TAR,D,20180411,000000,13.434,13.482,13.337,13.337,1693,0
TAR,D,20180412,000000,13.482,13.482,13.482,13.482,25,0
TAR,D,20180413,000000,13.192,13.192,13.047,13.047,880,0
TAR,D,20180416,000000,13.047,13.482,13.047,13.289,11058,0
TAR,D,20180417,000000,13.482,13.482,13.482,13.482,1942,0
TAR,D,20180418,000000,13.53,13.53,13.482,13.482,498,0
TAR,D,20180419,000000,13.385,13.53,13.24,13.24,9059,0
TAR,D,20180420,000000,13.579,13.579,13.579,13.579,1,0
TAR,D,20180424,000000,13.337,13.337,13.337,13.337,252,0
TAR,D,20180425,000000,13.337,13.434,13.337,13.385,1384,0
TAR,D,20180426,000000,13.385,13.434,13.385,13.434,2186,0
TAR,D,20180427,000000,13.53,13.675,13.53,13.675,894,0
TAR,D,20180430,000000,13.917,14.497,13.917,14.303,3497,0
TAR,D,20180504,000000,14.013,14.207,14.013,14.207,358,0
TAR,D,20180507,000000,14.303,14.4,14.013,14.4,67,0
TAR,D,20180510,000000,14.352,14.352,14.303,14.303,30,0
TAR,D,20180511,000000,13.723,14.303,12.757,14.303,16122,0
TAR,D,20180514,000000,13.385,13.627,13.385,13.434,3063,0
TAR,D,20180515,000000,13.434,13.627,13.434,13.627,576,0
TAR,D,20180518,000000,13.53,13.53,13.53,13.53,57,0
TAR,D,20180521,000000,13.289,13.434,13.289,13.434,2540,0
TAR,D,20180522,000000,13.337,13.434,13.337,13.434,12,0
TAR,D,20180524,000000,13.337,13.53,12.95,13.53,55358,0
TAR,D,20180528,000000,13.53,14.062,13.434,14.062,4808,0
TAR,D,20180529,000000,14.11,14.11,13.53,14.013,1193,0
TAR,D,20180530,000000,13.917,14.497,13.917,14.497,4242,0
TAR,D,20180601,000000,13.627,13.627,13.627,13.627,28,0
TAR,D,20180604,000000,13.82,14.497,13.82,14.497,362,0
TAR,D,20180605,000000,14.4,14.4,14.4,14.4,34,0
TAR,D,20180607,000000,14.352,14.352,14.207,14.207,185,0
TAR,D,20180611,000000,14.11,14.11,14.11,14.11,111,0
TAR,D,20180615,000000,12.757,14.207,12.757,14.207,6102,0
TAR,D,20180620,000000,13.53,13.965,13.53,13.965,2049,0
TAR,D,20180629,000000,13.289,14.207,13.047,14.207,9250,0
TAR,D,20180702,000000,14.207,14.207,14.207,14.207,103,0
TAR,D,20180705,000000,13.337,14.207,13.337,14.207,1759,0
TAR,D,20180706,000000,13.24,14.158,13.24,14.158,847,0
TAR,D,20180709,000000,13.82,14.158,13.434,14.158,1244,0
TAR,D,20180711,000000,13.82,14.207,13.82,14.207,1552,0
TAR,D,20180712,000000,14.013,14.11,13.772,14.062,11278,0
TAR,D,20180713,000000,13.965,14.062,13.965,14.062,5187,0
TAR,D,20180716,000000,14.013,14.158,14.013,14.158,14014,0
TAR,D,20180717,000000,14.062,14.062,14.013,14.013,528,0
TAR,D,20180718,000000,14.013,14.013,14.013,14.013,20714,0
TAR,D,20180719,000000,13.82,13.82,13.82,13.82,10,0
TAR,D,20180720,000000,13.82,14.207,13.82,14.207,6164,0
TAR,D,20180723,000000,14.207,14.207,13.53,13.53,207,0
TAR,D,20180724,000000,14.207,14.207,14.207,14.207,958,0
TAR,D,20180726,000000,14.207,14.207,14.207,14.207,103,0
TAR,D,20180727,000000,14.207,14.207,13.627,14.158,1205,0
TAR,D,20180731,000000,14.158,14.4,14.158,14.4,10347,0
TAR,D,20180801,000000,14.497,14.497,13.627,14.4,1298,0
TAR,D,20180807,000000,13.868,14.352,13.868,14.352,1045,0
TAR,D,20180809,000000,14.303,14.303,13.868,14.303,807,0
TAR,D,20180810,000000,14.303,14.303,14.303,14.303,21,0
TAR,D,20180821,000000,14.255,14.255,14.255,14.255,91,0
TAR,D,20180824,000000,14.303,14.303,14.303,14.303,4741,0
TAR,D,20180828,000000,14.303,14.303,14.303,14.303,124,0
TAR,D,20180829,000000,14.207,14.207,14.207,14.207,288,0
TAR,D,20180830,000000,14.303,14.303,14.303,14.303,654,0
TAR,D,20180831,000000,14.013,14.4,14.013,14.4,2447,0
TAR,D,20180903,000000,13.965,14.158,13.965,14.11,6659,0
TAR,D,20180904,000000,14.11,14.158,14.11,14.11,4234,0
TAR,D,20180905,000000,14.062,14.4,14.062,14.4,2594,0
TAR,D,20180906,000000,14.062,14.352,14.013,14.352,2807,0
TAR,D,20180907,000000,14.062,14.4,14.013,14.4,4437,0
TAR,D,20180910,000000,14.352,14.352,14.013,14.352,3622,0
TAR,D,20180911,000000,14.4,14.4,14.4,14.4,1035,0
TAR,D,20180912,000000,14.4,14.4,14.4,14.4,1035,0
TAR,D,20180913,000000,14.352,14.352,14.352,14.352,310,0
TAR,D,20180917,000000,14.303,14.303,14.303,14.303,83,0
TAR,D,20180918,000000,13.192,14.497,13.192,14.497,438991,0
TAR,D,20180919,000000,14.207,14.497,14.11,14.497,4553,0
TAR,D,20180920,000000,14.303,14.497,14.303,14.497,885,0
TAR,D,20180921,000000,14.497,14.787,14.497,14.787,798,0
TAR,D,20180924,000000,14.4,14.787,14.4,14.787,882,0
TAR,D,20180925,000000,14.787,14.787,14.11,14.738,544,0
TAR,D,20180926,000000,14.738,14.738,14.013,14.642,619,0
TAR,D,20180927,000000,14.303,14.545,14.303,14.545,310,0
TAR,D,20180928,000000,14.497,14.497,14.497,14.497,1035,0
TAR,D,20181001,000000,14.013,14.497,13.868,14.448,11315,0
TAR,D,20181003,000000,14.11,14.448,13.82,14.448,176,0
TAR,D,20181004,000000,14.448,14.448,14.062,14.062,6867,0
TAR,D,20181005,000000,14.158,14.593,14.158,14.593,1045,0
TAR,D,20181008,000000,14.69,14.69,14.69,14.69,7,0
TAR,D,20181009,000000,14.545,14.69,14.497,14.69,724936,0
TAR,D,20181011,000000,14.11,14.497,14.11,14.11,33,0
TAR,D,20181012,000000,14.4,14.4,14.11,14.11,32,0
TAR,D,20181015,000000,14.11,14.11,14.11,14.11,286,0
TAR,D,20181016,000000,14.303,14.303,13.289,14.11,3993,0
TAR,D,20181017,000000,14.013,14.11,14.013,14.11,55947,0
TAR,D,20181018,000000,14.4,14.497,14.4,14.497,37,0
TAR,D,20181019,000000,14.497,14.497,14.013,14.497,4919,0
TAR,D,20181022,000000,14.158,14.497,14.11,14.497,799,0
TAR,D,20181023,000000,14.497,14.497,14.497,14.497,52,0
TAR,D,20181024,000000,14.497,15.463,14.497,15.415,2962,0
TAR,D,20181025,000000,15.415,15.415,14.545,15.366,1830,0
TAR,D,20181026,000000,15.366,15.415,15.27,15.415,944,0
TAR,D,20181029,000000,15.415,15.415,15.415,15.415,352,0
TAR,D,20181030,000000,15.028,15.366,15.028,15.366,88,0
TAR,D,20181031,000000,15.27,15.415,15.27,15.415,1138,0
TAR,D,20181105,000000,15.415,15.415,15.415,15.415,78,0
TAR,D,20181106,000000,15.028,15.366,14.545,15.366,608,0
TAR,D,20181108,000000,15.318,15.318,14.497,14.593,151,0
TAR,D,20181109,000000,14.69,14.69,14.593,14.593,3712,0
TAR,D,20181113,000000,15.173,15.173,15.173,15.173,10,0
TAR,D,20181115,000000,14.497,15.366,14.013,15.366,1636,0
TAR,D,20181116,000000,15.366,15.366,14.98,15.366,200011,0
TAR,D,20181120,000000,15.318,15.318,15.318,15.318,5,0
TAR,D,20181121,000000,15.318,15.946,15.27,15.946,3417,0
TAR,D,20181122,000000,16.43,16.43,16.43,16.43,1138,0
TAR,D,20181123,000000,16.43,16.43,16.43,16.43,103,0
TAR,D,20181126,000000,17.396,17.396,17.106,17.106,1330,0
TAR,D,20181127,000000,17.106,17.106,17.106,17.106,310,0
TAR,D,20181129,000000,17.058,17.106,17.058,17.106,171,0
TAR,D,20181130,000000,16.14,17.106,16.14,17.106,999,0
TAR,D,20181203,000000,17.058,17.058,16.478,16.913,239,0
TAR,D,20181204,000000,16.913,16.913,16.913,16.913,1242,0
TAR,D,20181205,000000,16.574,17.106,16.236,17.106,238,0
TAR,D,20181206,000000,17.106,17.106,17.106,17.106,103,0
TAR,D,20181207,000000,16.43,17.106,16.43,17.106,528,0
TAR,D,20181210,000000,17.493,17.493,17.493,17.493,310,0
TAR,D,20181212,000000,17.348,17.348,16.43,17.348,251,0
TAR,D,20181213,000000,16.526,17.203,16.526,17.203,1653,0
TAR,D,20181214,000000,17.203,17.299,17.203,17.299,480,0
TAR,D,20181217,000000,17.493,17.589,17.493,17.589,217,0
TAR,D,20181218,000000,17.493,17.493,17.493,17.493,155,0
TAR,D,20181219,000000,16.623,17.396,16.623,17.348,186,0
TAR,D,20181220,000000,17.396,17.589,16.43,17.589,7351,0
TAR,D,20181221,000000,16.864,17.396,16.864,17.396,1376,0
TAR,D,20181227,000000,16.864,17.396,16.864,17.396,374,0
TAR,D,20181228,000000,15.85,17.396,15.85,17.396,3765,0
TAR,D,20190102,000000,17.541,17.541,17.541,17.541,238,0
TAR,D,20190103,000000,17.541,17.541,17.541,17.541,310,0
TAR,D,20190104,000000,17.541,17.541,17.541,17.541,10,0
TAR,D,20190107,000000,16.478,17.541,16.478,17.493,1800,0
TAR,D,20190108,000000,16.864,17.493,16.864,17.493,776,0
TAR,D,20190109,000000,17.396,17.396,17.396,17.396,103,0
TAR,D,20190110,000000,17.541,17.541,17.541,17.541,103,0
TAR,D,20190111,000000,17.541,17.541,17.541,17.541,52,0
TAR,D,20190114,000000,17.058,17.493,17.058,17.493,123,0
TAR,D,20190115,000000,17.444,18.362,17.444,18.362,1848,0
TAR,D,20190116,000000,18.169,18.169,17.783,18.169,455,0
TAR,D,20190117,000000,18.169,18.362,18.169,18.169,1070,0
TAR,D,20190118,000000,18.169,18.362,17.396,18.314,302,0
TAR,D,20190121,000000,17.541,18.266,17.541,18.266,67,0
TAR,D,20190122,000000,17.783,18.362,17.783,18.362,176,0
TAR,D,20190123,000000,18.266,18.266,17.831,17.831,1604,0
TAR,D,20190124,000000,18.314,18.314,18.266,18.266,114,0
TAR,D,20190125,000000,18.266,18.266,15.753,15.753,14884,0
TAR,D,20190128,000000,16.043,16.816,16.043,16.816,731,0
TAR,D,20190129,000000,16.381,16.816,16.333,16.768,397,0
TAR,D,20190130,000000,15.946,16.768,15.56,16.043,4430,0
TAR,D,20190131,000000,15.753,15.995,14.883,14.883,138479,0
TAR,D,20190201,000000,14.98,15.463,14.883,15.077,108744,0
TAR,D,20190204,000000,15.077,15.077,15.077,15.077,2494,0
TAR,D,20190205,000000,14.98,14.98,14.69,14.98,1091,0
TAR,D,20190206,000000,14.98,15.463,14.98,15.463,717,0
TAR,D,20190207,000000,15.415,15.415,14.545,14.545,380,0
TAR,D,20190208,000000,15.27,15.366,14.593,14.835,941,0
TAR,D,20190212,000000,15.366,15.366,14.98,14.98,265,0
TAR,D,20190213,000000,15.077,15.608,15.077,15.608,16,0
TAR,D,20190214,000000,15.511,15.511,15.125,15.511,126,0
TAR,D,20190215,000000,14.69,15.415,14.642,15.415,225,0
TAR,D,20190218,000000,15.318,15.56,15.318,15.56,1919,0
TAR,D,20190219,000000,15.511,15.511,15.511,15.511,6,0
TAR,D,20190220,000000,15.511,15.511,15.511,15.511,47,0
TAR,D,20190222,000000,14.98,15.463,14.98,15.415,1273,0
TAR,D,20190225,000000,14.98,15.56,14.98,15.463,644,0
TAR,D,20190226,000000,15.656,15.656,15.511,15.656,57,0
TAR,D,20190227,000000,15.656,15.656,15.656,15.656,8,0
TAR,D,20190228,000000,15.898,15.898,15.656,15.656,47,0
TAR,D,20190301,000000,15.656,16.526,15.656,16.526,3987,0
TAR,D,20190304,000000,16.623,17.396,16.381,16.43,311,0
TAR,D,20190305,000000,16.43,16.43,16.43,16.43,5,0
TAR,D,20190306,000000,16.043,16.333,16.043,16.333,35,0
TAR,D,20190307,000000,15.656,15.656,15.656,15.656,109,0
TAR,D,20190308,000000,15.656,16.333,15.656,16.333,96,0
TAR,D,20190311,000000,14.98,15.077,14.303,14.883,5598,0
TAR,D,20190312,000000,15.415,15.415,15.077,15.077,448,0
TAR,D,20190314,000000,15.366,15.463,15.366,15.463,957,0
TAR,D,20190315,000000,15.85,15.85,15.85,15.85,51,0
TAR,D,20190318,000000,16.14,16.333,16.14,16.333,1318,0
TAR,D,20190319,000000,16.333,16.333,16.14,16.14,79,0
TAR,D,20190320,000000,16.14,16.333,16.14,16.333,84,0
TAR,D,20190321,000000,16.14,16.333,16.14,16.333,61,0
TAR,D,20190322,000000,15.56,16.236,15.56,15.608,102,0
TAR,D,20190329,000000,15.56,15.608,15.511,15.608,101,0
TAR,D,20190401,000000,15.656,15.656,15.656,15.656,6,0
TAR,D,20190402,000000,15.463,15.753,15.463,15.753,1056,0
TAR,D,20190405,000000,15.56,15.56,15.56,15.56,52,0
TAR,D,20190408,000000,15.56,16.333,15.56,16.333,153,0
TAR,D,20190411,000000,16.333,16.333,15.56,15.56,182,0
TAR,D,20190412,000000,15.463,15.463,14.883,15.463,1964,0
TAR,D,20190416,000000,15.463,15.463,15.463,15.463,524,0
TAR,D,20190417,000000,15.463,15.56,15.463,15.463,517,0
TAR,D,20190418,000000,15.463,15.463,15.077,15.077,594,0
TAR,D,20190423,000000,15.077,15.077,15.077,15.077,125,0
TAR,D,20190502,000000,15.463,15.463,15.463,15.463,10,0
TAR,D,20190506,000000,15.463,15.463,15.463,15.463,31,0
TAR,D,20190508,000000,15.463,15.463,15.463,15.463,21,0
TAR,D,20190509,000000,15.463,15.463,15.463,15.463,124,0
TAR,D,20190510,000000,14.787,15.753,14.787,14.883,362,0
TAR,D,20190514,000000,14.883,14.883,14.883,14.883,109,0
TAR,D,20190520,000000,14.98,14.98,14.883,14.883,83,0
TAR,D,20190523,000000,14.883,14.883,14.883,14.883,10,0
TAR,D,20190524,000000,14.883,14.883,14.883,14.883,52,0
TAR,D,20190527,000000,14.883,14.883,14.883,14.883,339,0
TAR,D,20190530,000000,14.883,14.883,14.69,14.69,463,0
TAR,D,20190603,000000,14.69,14.69,14.303,14.497,903,0
TAR,D,20190605,000000,14.497,14.497,14.497,14.497,499,0
TAR,D,20190606,000000,14.013,14.013,14.013,14.013,6,0
TAR,D,20190607,000000,14.11,14.11,14.013,14.013,175,0
TAR,D,20190610,000000,14.013,14.013,13.53,13.53,216,0
TAR,D,20190612,000000,14.013,14.013,14.013,14.013,52,0
TAR,D,20190613,000000,14.013,14.013,14.013,14.013,488,0
TAR,D,20190614,000000,14.4,14.4,14.4,14.4,93,0
TAR,D,20190618,000000,15.1,15.1,13.9,14.1,239,0
TAR,D,20190624,000000,14.1,14.1,14.1,14.1,95,0
TAR,D,20190625,000000,14.1,14.1,14.1,14.1,3,0
TAR,D,20190626,000000,14.9,14.9,14.9,14.9,95,0
TAR,D,20190627,000000,14.9,15.5,14.5,15.5,50349,0
TAR,D,20190628,000000,15.50,16.50,15.50,16.50,2097,0
TAR,D,20190701,000000,15,15,15,15,280,0
TAR,D,20190702,000000,15,15,15,15,50,0
TAR,D,20190703,000000,16.4,16.4,16.4,16.4,1179,0
TAR,D,20190704,000000,16,16.3,16,16.3,6135,0
TAR,D,20190708,000000,16.5,16.8,16.5,16.8,500,0
TAR,D,20190709,000000,16.9,16.9,16.9,16.9,220,0
TAR,D,20190711,000000,16.9,16.9,16.9,16.9,300,0
TAR,D,20190716,000000,16.5,16.5,16.5,16.5,686,0
TAR,D,20190717,000000,16.5,16.5,16.5,16.5,215,0
TAR,D,20190719,000000,16.5,16.5,16.5,16.5,2077,0
TAR,D,20190723,000000,16.8,16.8,16.8,16.8,359,0
TAR,D,20190724,000000,17,17,17,17,450,0
TAR,D,20190729,000000,16.9,16.9,16.9,16.9,50,0
TAR,D,20190802,000000,16.9,16.9,16.9,16.9,1,0
TAR,D,20190806,000000,16.8,16.8,16.8,16.8,150,0
TAR,D,20190809,000000,16.6,18,16.6,18,4022,0
TAR,D,20190812,000000,18.1,18.1,18.1,18.1,100,0
TAR,D,20190813,000000,18.1,18.1,18.1,18.1,80,0
TAR,D,20190816,000000,16.3,16.3,16.3,16.3,100,0
TAR,D,20190820,000000,16.4,16.4,16.4,16.4,61,0
TAR,D,20190822,000000,16.4,16.4,16.4,16.4,100,0
TAR,D,20190823,000000,16.4,16.4,16.4,16.4,1000,0
TAR,D,20190826,000000,16,16,16,16,63,0
TAR,D,20190830,000000,16,16,16,16,31,0
TAR,D,20190904,000000,15.8,15.8,15.8,15.8,50,0
TAR,D,20190906,000000,15.2,15.2,15.2,15.2,440,0
TAR,D,20190910,000000,15.2,15.2,15.2,15.2,37,0
TAR,D,20190918,000000,15.9,15.9,15.9,15.9,48,0
TAR,D,20190920,000000,15.9,15.9,15.9,15.9,10,0
TAR,D,20190923,000000,15.9,15.9,15.9,15.9,100,0
TAR,D,20190924,000000,15.2,15.2,15.2,15.2,50,0
TAR,D,20190925,000000,15.3,15.3,15.2,15.2,109,0
TAR,D,20190930,000000,16.2,16.9,16.2,16.9,6536,0
TAR,D,20191001,000000,16.9,16.9,16.9,16.9,267,0
TAR,D,20191002,000000,16.9,16.9,16.9,16.9,52,0
TAR,D,20191003,000000,16.3,16.3,16.3,16.3,110,0
TAR,D,20191008,000000,15.4,16.3,15.4,16.3,136,0
TAR,D,20191014,000000,15.4,15.4,15.4,15.4,174,0
TAR,D,20191015,000000,16,16,16,16,125,0
TAR,D,20191017,000000,15.5,15.5,15.5,15.5,300,0
TAR,D,20191018,000000,15.5,15.5,15.5,15.5,6450,0
TAR,D,20191021,000000,15.4,15.4,15.4,15.4,1,0
TAR,D,20191028,000000,15.4,15.4,15.4,15.4,304,0
TAR,D,20191031,000000,16.2,16.2,16.2,16.2,186,0
TAR,D,20191104,000000,16.2,16.2,16.2,16.2,4,0
TAR,D,20191105,000000,16.1,16.1,16.1,16.1,70,0
TAR,D,20191106,000000,15.6,15.6,15.6,15.6,2,0
TAR,D,20191107,000000,15.6,15.6,15.6,15.6,6,0
TAR,D,20191119,000000,16,16,16,16,2250,0
TAR,D,20191122,000000,15.6,15.6,15.6,15.6,40,0
TAR,D,20191125,000000,16,16,16,16,3049,0
TAR,D,20191203,000000,16,16,16,16,15,0
TAR,D,20191204,000000,15.6,15.6,15.6,15.6,1075,0
TAR,D,20191205,000000,15.6,15.6,15.6,15.6,250,0
TAR,D,20191206,000000,15.3,15.3,15.3,15.3,59,0
TAR,D,20191209,000000,15.3,15.3,15.3,15.3,21,0
TAR,D,20191210,000000,15.3,15.3,15.3,15.3,50,0
TAR,D,20191211,000000,14.2,14.2,14.2,14.2,9,0
TAR,D,20191213,000000,14.4,14.4,14.4,14.4,3,0
TAR,D,20191216,000000,15.8,15.8,15.8,15.8,100,0
TAR,D,20191219,000000,15,15,15,15,138,0
TAR,D,20191220,000000,15,15,15,15,297,0
TAR,D,20191230,000000,16,16,16,16,5,0
TAR,D,20200102,000000,14.5,14.5,14.5,14.5,5,0
TAR,D,20200110,000000,14.7,14.7,14.7,14.7,140,0
TAR,D,20200113,000000,15.8,15.8,15,15,196,0
TAR,D,20200114,000000,15.8,15.8,15.8,15.8,12,0
TAR,D,20200117,000000,14.9,14.9,14.9,14.9,42,0
TAR,D,20200121,000000,14.9,14.9,14.9,14.9,100,0
TAR,D,20200123,000000,15,15,14.8,14.8,47,0
TAR,D,20200127,000000,14.8,14.8,14.8,14.8,10,0
TAR,D,20200129,000000,15,15,15,15,96,0
TAR,D,20200203,000000,15.6,15.6,15.6,15.6,38,0
TAR,D,20200205,000000,14.8,14.8,14.8,14.8,161,0
TAR,D,20200207,000000,15.4,15.4,15.4,15.4,779,0
TAR,D,20200213,000000,15.5,15.5,15.5,15.5,63,0
TAR,D,20200214,000000,15,15,15,15,295,0
TAR,D,20200217,000000,15,15,15,15,106,0
TAR,D,20200218,000000,15,15,15,15,25,0
TAR,D,20200220,000000,14.8,14.8,14.8,14.8,90,0
TAR,D,20200221,000000,15,15,15,15,95,0
TAR,D,20200225,000000,14.2,14.2,14.2,14.2,69,0
TAR,D,20200226,000000,14.5,14.5,14.5,14.5,180,0
TAR,D,20200227,000000,14.5,14.5,14.5,14.5,66,0
TAR,D,20200302,000000,13.9,13.9,13.9,13.9,35,0
TAR,D,20200303,000000,13.9,13.9,13.9,13.9,119,0
TAR,D,20200304,000000,13.9,14.6,13.9,14.6,150,0
TAR,D,20200305,000000,15,15,15,15,95,0
TAR,D,20200306,000000,14.9,14.9,14.9,14.9,17,0
TAR,D,20200309,000000,14,14,14,14,140,0
TAR,D,20200310,000000,14.4,14.4,14.4,14.4,104,0
TAR,D,20200311,000000,14,14,14,14,383,0
TAR,D,20200312,000000,14,14,13.9,13.9,452,0
TAR,D,20200313,000000,13,13.9,13,13.9,65,0
TAR,D,20200316,000000,13.5,13.5,13.5,13.5,55,0
TAR,D,20200317,000000,13,13.6,13,13.6,192,0
TAR,D,20200318,000000,13.7,13.7,13.6,13.6,393,0
TAR,D,20200319,000000,13,13.6,13,13.6,165,0
TAR,D,20200320,000000,13.7,13.7,13.7,13.7,10,0
TAR,D,20200323,000000,14,14,13.7,13.7,75,0
TAR,D,20200324,000000,13.7,13.7,13.7,13.7,150,0
TAR,D,20200325,000000,15,15,15,15,100,0
TAR,D,20200326,000000,14.5,14.5,14.5,14.5,400,0
TAR,D,20200330,000000,14.2,14.2,14.1,14.1,35,0
TAR,D,20200331,000000,14,14,14,14,37,0
TAR,D,20200401,000000,14,14,14,14,151,0
TAR,D,20200403,000000,14,14,14,14,3,0
TAR,D,20200407,000000,14.1,14.1,14,14,77,0
TAR,D,20200408,000000,14,14,14,14,236,0
TAR,D,20200409,000000,14,14.9,14,14.9,92,0
TAR,D,20200414,000000,14.8,14.8,14.7,14.7,376,0
TAR,D,20200415,000000,14.5,14.5,14.5,14.5,100,0
TAR,D,20200420,000000,13.2,13.2,13.2,13.2,11,0
TAR,D,20200421,000000,14.9,14.9,14.9,14.9,220,0
TAR,D,20200422,000000,14,14,14,14,3,0
TAR,D,20200424,000000,14.9,14.9,14.9,14.9,348,0
TAR,D,20200427,000000,14.9,14.9,14.9,14.9,240,0
TAR,D,20200428,000000,14.4,14.4,14.4,14.4,147,0
TAR,D,20200429,000000,14.9,14.9,14.9,14.9,200,0
TAR,D,20200430,000000,14.4,14.4,14.4,14.4,97,0
TAR,D,20200504,000000,14.4,14.4,14.4,14.4,300,0
TAR,D,20200505,000000,14.4,14.5,14.4,14.5,200,0
TAR,D,20200506,000000,14.5,14.5,14.5,14.5,390,0
TAR,D,20200507,000000,14.5,14.5,14.5,14.5,209,0
TAR,D,20200511,000000,14.4,14.4,14.4,14.4,173,0
TAR,D,20200512,000000,14.2,14.2,14.2,14.2,508,0
TAR,D,20200514,000000,14,14,14,14,370,0
TAR,D,20200515,000000,14,14,14,14,438,0
TAR,D,20200518,000000,14.2,14.5,14.2,14.5,234,0
TAR,D,20200519,000000,14.5,14.5,14.5,14.5,1350,0
TAR,D,20200521,000000,14.7,14.9,14.7,14.9,1559,0
TAR,D,20200527,000000,14.8,14.8,14.8,14.8,334,0
TAR,D,20200601,000000,14.2,14.2,14.2,14.2,699,0
TAR,D,20200602,000000,14.3,14.3,14.3,14.3,682,0
TAR,D,20200603,000000,14.3,14.3,14.3,14.3,730,0
TAR,D,20200604,000000,14.3,14.3,14.3,14.3,301,0
TAR,D,20200605,000000,14.5,14.5,14.5,14.5,248,0
TAR,D,20200608,000000,14.7,14.7,14.7,14.7,40,0
TAR,D,20200609,000000,14.3,14.3,14.3,14.3,650,0
TAR,D,20200610,000000,14.2,14.3,14.2,14.3,572,0
TAR,D,20200615,000000,14,14,14,14,63,0
TAR,D,20200616,000000,14.5,14.5,14,14,167,0
TAR,D,20200622,000000,14,14,13.9,13.9,405,0
TAR,D,20200623,000000,14.3,14.3,14.3,14.3,82,0
TAR,D,20200624,000000,14.5,14.6,14.5,14.6,130,0
TAR,D,20200625,000000,14.5,14.5,14.5,14.5,565,0
TAR,D,20200626,000000,14.1,14.4,14.1,14.4,119,0
TAR,D,20200629,000000,14.4,14.4,14.4,14.4,60,0
TAR,D,20200707,000000,14.2,14.2,14,14,140,0
TAR,D,20200708,000000,14,14,14,14,215,0
TAR,D,20200709,000000,14.1,14.4,14.1,14.4,207,0
TAR,D,20200710,000000,14,14,14,14,137,0
