<TICKER>,<PER>,<DATE>,<TIME>,<OPEN>,<HIGH>,<LOW>,<CLOSE>,<VOL>,<OPENINT>
TEN,D,20180511,000000,50.303,60.71,49.253,59.747,208348,0
TEN,D,20180514,000000,65.529,72.082,62.927,64.276,249288,0
TEN,D,20180515,000000,64.179,64.179,56.162,59.747,97505,0
TEN,D,20180516,000000,61.193,61.577,57.829,61.356,35290,0
TEN,D,20180517,000000,61.549,61.577,56.855,56.855,24976,0
TEN,D,20180518,000000,56.855,59.747,56.181,56.855,13556,0
TEN,D,20180521,000000,57.829,60.71,57.829,58.59,21103,0
TEN,D,20180522,000000,60.228,60.325,58.783,59.612,7871,0
TEN,D,20180523,000000,59.747,59.747,56.663,58.783,12638,0
TEN,D,20180524,000000,58.783,58.783,57.636,58.773,5778,0
TEN,D,20180525,000000,58.783,58.783,57.338,58.311,6117,0
TEN,D,20180528,000000,58.59,61.674,57.839,61.674,37807,0
TEN,D,20180529,000000,67.456,70.058,63.697,64.931,94005,0
TEN,D,20180530,000000,62.618,64.372,59.073,60.228,33504,0
TEN,D,20180601,000000,60.228,62.638,59.458,61.674,6632,0
TEN,D,20180604,000000,62.638,67.36,62.156,67.167,20639,0
TEN,D,20180605,000000,68.911,75.156,68.429,75.156,76231,0
TEN,D,20180606,000000,76.851,84.512,74.49,76.418,102082,0
TEN,D,20180607,000000,78.441,80.947,74.212,79.984,22842,0
TEN,D,20180608,000000,79.492,80.937,77.574,79.839,16450,0
TEN,D,20180611,000000,81.429,81.718,72.804,76.505,29878,0
TEN,D,20180612,000000,76.466,79.02,76.466,77.468,8278,0
TEN,D,20180613,000000,77.912,78.057,75.657,76.389,5846,0
TEN,D,20180614,000000,75.165,79.984,73.335,79.502,21826,0
TEN,D,20180615,000000,79.694,79.791,77.767,79.02,13245,0
TEN,D,20180618,000000,78.924,78.924,77.092,77.931,6312,0
TEN,D,20180619,000000,77.189,77.189,73.623,75.647,11557,0
TEN,D,20180620,000000,75.165,76.033,71.503,74.192,12652,0
TEN,D,20180621,000000,74.192,75.338,68.901,70.347,16330,0
TEN,D,20180622,000000,69.866,71.311,69.866,70.338,6763,0
TEN,D,20180625,000000,70.588,77.083,68.998,74.847,11217,0
TEN,D,20180626,000000,74.972,76.033,72.294,74.192,7274,0
TEN,D,20180627,000000,73.431,74.298,71.918,72.419,6276,0
TEN,D,20180628,000000,71.937,74.202,71.802,74.183,7330,0
TEN,D,20180629,000000,72.438,74.173,72.429,73.238,13023,0
TEN,D,20180702,000000,73.238,75.262,73.238,75.165,19457,0
TEN,D,20180703,000000,75.165,75.165,73.778,74.587,3556,0
TEN,D,20180704,000000,75.021,76.948,74.202,74.684,9922,0
TEN,D,20180705,000000,74.78,78.538,74.404,77.574,33729,0
TEN,D,20180706,000000,78.057,79.02,77.112,77.131,7467,0
TEN,D,20180709,000000,77.95,78.047,75.696,76.9,4450,0
TEN,D,20180710,000000,77.131,85.477,76.707,82.489,66496,0
TEN,D,20180711,000000,83.838,83.838,81.91,82.393,8326,0
TEN,D,20180712,000000,83.067,83.829,79.02,82.652,6232,0
TEN,D,20180713,000000,82.778,83.645,81.902,82.393,5801,0
TEN,D,20180716,000000,83.26,83.829,82.2,82.402,3796,0
TEN,D,20180717,000000,82.421,82.421,80.032,81.622,7318,0
TEN,D,20180718,000000,81.882,81.902,79.608,80.465,7804,0
TEN,D,20180719,000000,80.465,81.419,78.74,79.984,5581,0
TEN,D,20180720,000000,80.947,83.645,79.984,81.323,13913,0
TEN,D,20180723,000000,82.286,83.386,81.429,83.386,7520,0
TEN,D,20180724,000000,83.838,84.754,79.993,84.079,17195,0
TEN,D,20180725,000000,84.802,93.282,83.838,91.548,30018,0
TEN,D,20180726,000000,92.029,96.356,92.029,95.402,29849,0
TEN,D,20180727,000000,95.884,103.11,92.801,102.05,43483,0
TEN,D,20180730,000000,106.01,112.17,100.41,101.67,76111,0
TEN,D,20180731,000000,101.18,106.97,97.233,98.293,30389,0
TEN,D,20180801,000000,98.773,100.98,97.388,98.853,17970,0
TEN,D,20180802,000000,99.55,100.41,98.873,99.061,10729,0
TEN,D,20180803,000000,99.26,100.22,97.811,97.811,6983,0
TEN,D,20180806,000000,99.26,99.72,93.976,95.884,17488,0
TEN,D,20180807,000000,96.366,99.121,93.764,96.173,16212,0
TEN,D,20180808,000000,97.233,102.9,95.884,102.9,64349,0
TEN,D,20180809,000000,105.23,109.85,102.27,109.85,32985,0
TEN,D,20180810,000000,110.05,110.05,106.01,109.38,12741,0
TEN,D,20180813,000000,108.79,114.17,106.09,112.75,22833,0
TEN,D,20180814,000000,112.75,118.51,111.79,118.05,23011,0
TEN,D,20180816,000000,120.34,122.96,113.33,120.93,20825,0
TEN,D,20180817,000000,121.42,122.77,116.14,118.53,21119,0
TEN,D,20180820,000000,119.5,123.54,115.64,116.12,17982,0
TEN,D,20180821,000000,118.34,118.53,113.73,116.6,11225,0
TEN,D,20180822,000000,117.56,119.5,114.19,114.79,10124,0
TEN,D,20180823,000000,116.6,116.6,111.81,112.65,13601,0
TEN,D,20180824,000000,116.51,116.51,112.98,113.71,9449,0
TEN,D,20180827,000000,114.68,119.97,114.49,115.64,28413,0
TEN,D,20180828,000000,113.23,118.53,101.92,101.92,72515,0
TEN,D,20180829,000000,101.9,110.82,91.711,106.01,74246,0
TEN,D,20180830,000000,108.7,108.7,101.18,103.11,12502,0
TEN,D,20180831,000000,102.15,102.15,94.438,97.619,25680,0
TEN,D,20180903,000000,96.385,97.329,81.91,81.91,65348,0
TEN,D,20180904,000000,80.08,88.088,78.249,86.517,62318,0
TEN,D,20180905,000000,86.344,93.282,86.344,88.175,35701,0
TEN,D,20180906,000000,86.632,87.211,82.875,85.283,24712,0
TEN,D,20180907,000000,83.838,89.428,83.838,85.283,27132,0
TEN,D,20180910,000000,83.858,90.054,80.947,89.62,23927,0
TEN,D,20180911,000000,91.548,91.548,83.838,84.224,15581,0
TEN,D,20180912,000000,86.922,87.693,82.393,82.894,14494,0
TEN,D,20180913,000000,85.727,85.727,83.838,85.505,4205,0
TEN,D,20180914,000000,85.765,86.536,84.802,86.44,5773,0
TEN,D,20180917,000000,86.344,98.773,86.344,98.773,23965,0
TEN,D,20180918,000000,99.26,106.01,98.293,98.293,24189,0
TEN,D,20180919,000000,97.811,101.18,92.607,92.993,21172,0
TEN,D,20180920,000000,93.003,95.383,92.993,94.824,3197,0
TEN,D,20180921,000000,95.402,98.197,94.921,96.366,5172,0
TEN,D,20180924,000000,96.366,97.329,89.62,89.62,17033,0
TEN,D,20180925,000000,90.68,94.428,90.68,94.101,7182,0
TEN,D,20180926,000000,94.246,97.907,92.607,93.455,12105,0
TEN,D,20180927,000000,94.246,96.848,94.246,94.438,7029,0
TEN,D,20180928,000000,95.402,97.29,91.644,93.475,9538,0
TEN,D,20181001,000000,93.475,95.769,90.199,90.892,5150,0
TEN,D,20181002,000000,89.716,91.47,88.175,89.138,8517,0
TEN,D,20181003,000000,89.61,91.114,85.573,90.969,23710,0
TEN,D,20181004,000000,91.548,91.595,86.835,88.656,11493,0
TEN,D,20181005,000000,87.114,95.393,87.114,91.162,18450,0
TEN,D,20181008,000000,91.143,93.475,85.988,87.789,7802,0
TEN,D,20181009,000000,86.826,88.357,85.38,87.307,6243,0
TEN,D,20181010,000000,87.211,87.211,81.91,83.26,12152,0
TEN,D,20181011,000000,79.116,80.831,73.238,76.804,45430,0
TEN,D,20181012,000000,78.057,80.899,74.684,80.745,18167,0
TEN,D,20181015,000000,81.91,82.2,78.345,79.839,18551,0
TEN,D,20181016,000000,79.984,80.755,77.767,79.984,8794,0
TEN,D,20181017,000000,79.984,80.774,77.189,77.574,11881,0
TEN,D,20181018,000000,77.286,79.02,75.358,76.225,14407,0
TEN,D,20181019,000000,75.551,76.611,74.49,75.753,12072,0
TEN,D,20181022,000000,75.165,75.165,68.419,73.719,32894,0
TEN,D,20181023,000000,71.311,71.311,66.493,70.357,32409,0
TEN,D,20181024,000000,68.622,74.105,68.622,71.812,18702,0
TEN,D,20181025,000000,68.044,69.383,65.933,68.179,41644,0
TEN,D,20181026,000000,68.419,71.407,68.419,68.429,21182,0
TEN,D,20181029,000000,68.439,70.25,68.439,69.817,7631,0
TEN,D,20181030,000000,69.383,69.962,68.93,69.866,4955,0
TEN,D,20181031,000000,70.492,74.202,70.492,72.66,11377,0
TEN,D,20181102,000000,74.202,79.02,74.202,78.057,14285,0
TEN,D,20181105,000000,79.04,91.432,79.03,88.656,47769,0
TEN,D,20181106,000000,90.487,94.921,87.221,91.451,25028,0
TEN,D,20181107,000000,92.993,94.053,84.031,85.12,18507,0
TEN,D,20181108,000000,85.236,88.656,83.954,84.946,12434,0
TEN,D,20181109,000000,83.838,83.838,79.502,82.585,16992,0
TEN,D,20181113,000000,79.984,79.984,78.057,79.502,13378,0
TEN,D,20181114,000000,78.538,84.416,78.065,84.175,4931,0
TEN,D,20181115,000000,84.802,85.755,81.91,83.357,4837,0
TEN,D,20181116,000000,83.163,84.32,78.306,79.502,11913,0
TEN,D,20181119,000000,80.465,81.853,74.78,78.644,9114,0
TEN,D,20181120,000000,78.057,79.868,74.972,75.213,10926,0
TEN,D,20181121,000000,74.105,74.202,71.117,72.852,30814,0
TEN,D,20181122,000000,73.816,80.957,72.756,80.957,18649,0
TEN,D,20181123,000000,82.875,84.32,80.273,80.273,11296,0
TEN,D,20181126,000000,80.176,82.682,79.984,81.429,5958,0
TEN,D,20181127,000000,81.429,81.91,79.984,80.947,2741,0
TEN,D,20181128,000000,81.333,83.742,81.333,82.875,10310,0
TEN,D,20181129,000000,83.645,85.765,83.645,85.187,11442,0
TEN,D,20181130,000000,84.802,85.958,84.32,84.802,5466,0
TEN,D,20181203,000000,84.995,86.536,78.075,80.003,20691,0
TEN,D,20181204,000000,81.236,81.236,77.382,79.598,8809,0
TEN,D,20181205,000000,78.519,78.731,76.514,78.057,11235,0
TEN,D,20181206,000000,77.092,77.092,74.587,75.165,18799,0
TEN,D,20181207,000000,76.1,79.309,76.1,77.083,10556,0
TEN,D,20181210,000000,75.165,76.129,74.202,74.202,8900,0
TEN,D,20181211,000000,75.165,75.647,73.478,75.165,5820,0
TEN,D,20181212,000000,75.165,75.83,73.97,75.165,5118,0
TEN,D,20181213,000000,76.129,82.393,75.165,80.08,29700,0
TEN,D,20181214,000000,80.08,81.14,77.43,78.441,4975,0
TEN,D,20181217,000000,78.432,79.02,76.129,77.333,7579,0
TEN,D,20181218,000000,77.092,77.092,75.165,75.937,3480,0
TEN,D,20181219,000000,76.129,78.249,75.377,77.141,6645,0
TEN,D,20181220,000000,75.937,76.611,75.165,75.281,5588,0
TEN,D,20181221,000000,75.502,76.322,70.54,71.503,18008,0
TEN,D,20181227,000000,72.756,74.394,72.274,74.394,8742,0
TEN,D,20181228,000000,74.684,77.092,72.756,77.092,10095,0
TEN,D,20190102,000000,76.129,77.083,75.32,75.753,10170,0
TEN,D,20190103,000000,75.637,75.753,74.298,74.308,3967,0
TEN,D,20190104,000000,74.22,79.752,74.22,79.502,11580,0
TEN,D,20190107,000000,80.08,81.333,78.837,80.369,11868,0
TEN,D,20190108,000000,84.802,88.589,83.838,86.73,43861,0
TEN,D,20190109,000000,86.748,87.693,84.369,87.693,15104,0
TEN,D,20190110,000000,87.5,87.5,85.091,85.765,6489,0
TEN,D,20190111,000000,85.755,88.155,84.898,85.765,11254,0
TEN,D,20190114,000000,86.536,87.298,83.453,85.755,6615,0
TEN,D,20190115,000000,84.811,88.175,84.522,87.789,8044,0
TEN,D,20190116,000000,88.175,90.969,88.175,90.583,18466,0
TEN,D,20190117,000000,91.066,91.249,88.656,89.524,9797,0
TEN,D,20190118,000000,89.909,90.342,88.175,88.367,6502,0
TEN,D,20190121,000000,88.656,88.656,87.741,88.319,2147,0
TEN,D,20190122,000000,87.693,87.693,84.802,86.344,4425,0
TEN,D,20190123,000000,86.73,91.451,86.73,89.919,14564,0
TEN,D,20190124,000000,89.62,89.62,87.981,88.175,3778,0
TEN,D,20190125,000000,88.175,90.468,82.008,85.187,11744,0
TEN,D,20190128,000000,85.187,86.632,84.32,85.129,4126,0
TEN,D,20190129,000000,84.474,86.73,84.474,85.283,1966,0
TEN,D,20190130,000000,85.283,85.804,83.838,84.33,4718,0
TEN,D,20190131,000000,85.283,85.283,82.875,83.453,4257,0
TEN,D,20190201,000000,83.559,84.512,82.875,83.453,3256,0
TEN,D,20190204,000000,83.838,87.885,83.838,86.632,11592,0
TEN,D,20190205,000000,87.693,87.693,85.92,86.344,5124,0
TEN,D,20190206,000000,86.73,87.597,83.934,84.802,11262,0
TEN,D,20190207,000000,85.052,85.283,80.947,81.91,19890,0
TEN,D,20190208,000000,80.465,81.043,79.617,79.791,11623,0
TEN,D,20190211,000000,77.208,80.273,77.102,79.116,15790,0
TEN,D,20190212,000000,79.309,82.393,79.309,81.15,8782,0
TEN,D,20190213,000000,80.659,82.711,80.659,81.333,2211,0
TEN,D,20190214,000000,82.104,82.104,79.984,81.323,2951,0
TEN,D,20190215,000000,80.465,81.429,79.984,80.947,2357,0
TEN,D,20190218,000000,81.15,83.549,81.15,82.875,3788,0
TEN,D,20190219,000000,83.357,83.357,81.632,81.824,3190,0
TEN,D,20190220,000000,81.814,83.357,81.14,83.26,3958,0
TEN,D,20190221,000000,83.645,84.802,82.875,84.58,5039,0
TEN,D,20190222,000000,84.58,85.187,84.128,85.187,5737,0
TEN,D,20190225,000000,85.236,86.344,84.802,85.765,10742,0
TEN,D,20190226,000000,85.765,85.958,84.802,85.718,2900,0
TEN,D,20190227,000000,85.38,85.958,84.802,85.322,8978,0
TEN,D,20190228,000000,83.838,87.597,83.838,87.5,15082,0
TEN,D,20190301,000000,88.637,91.548,88.521,90.102,15523,0
TEN,D,20190304,000000,90.102,90.102,86.826,90.005,12844,0
TEN,D,20190305,000000,90.005,90.575,88.993,90.565,4068,0
TEN,D,20190306,000000,89.716,92.993,89.716,92.029,9703,0
TEN,D,20190307,000000,92.029,92.415,90.69,91.451,3068,0
TEN,D,20190308,000000,90.583,91.451,87.885,87.885,3717,0
TEN,D,20190311,000000,87.885,89.524,86.845,88.656,2361,0
TEN,D,20190312,000000,89.138,94.342,88.715,91.836,9707,0
TEN,D,20190313,000000,92.511,92.944,91.836,92.463,5009,0
TEN,D,20190314,000000,92.936,95.402,92.936,95.402,7539,0
TEN,D,20190315,000000,95.691,98.39,94.872,95.055,21748,0
TEN,D,20190318,000000,95.499,96.366,93.764,95.402,10691,0
TEN,D,20190319,000000,95.402,100.1,94.178,97.329,14937,0
TEN,D,20190320,000000,98.972,101,98.293,100.7,16147,0
TEN,D,20190321,000000,101.18,101.47,98.293,100.22,8571,0
TEN,D,20190322,000000,98.293,101.18,95.402,96.366,23176,0
TEN,D,20190325,000000,95.036,95.402,91.548,94.332,20738,0
TEN,D,20190326,000000,94.246,94.921,92.993,94.535,4160,0
TEN,D,20190327,000000,94.901,98.081,94.901,96.848,9071,0
TEN,D,20190328,000000,97.329,98.773,96.366,97.946,23538,0
TEN,D,20190329,000000,98.293,98.293,97.272,98.293,11251,0
TEN,D,20190401,000000,100.22,104.66,98.678,101.57,31361,0
TEN,D,20190402,000000,102.15,110.63,101.96,107.93,46867,0
TEN,D,20190403,000000,110.05,114.1,109.47,113.33,34056,0
TEN,D,20190404,000000,113.51,113.51,109.09,109.28,23509,0
TEN,D,20190405,000000,115.84,118.15,111.79,113.71,51129,0
TEN,D,20190408,000000,113.71,114.68,110.82,114.68,11373,0
TEN,D,20190409,000000,114.68,115.25,112.75,114.29,9360,0
TEN,D,20190410,000000,114.49,114.49,112.36,112.75,12115,0
TEN,D,20190411,000000,112.75,112.75,110.24,110.82,10973,0
TEN,D,20190412,000000,112.55,113.14,111.4,111.59,3856,0
TEN,D,20190415,000000,112.75,112.75,109.47,111.2,5532,0
TEN,D,20190416,000000,110.82,110.82,107.16,108.5,9045,0
TEN,D,20190417,000000,108.32,108.7,105.42,106.77,9993,0
TEN,D,20190418,000000,106.58,110.44,104.07,110.44,15713,0
TEN,D,20190423,000000,111.2,115.64,111.01,115.64,14336,0
TEN,D,20190424,000000,115.64,117.95,113.51,115.25,18651,0
TEN,D,20190425,000000,115.64,117.56,114.68,117.56,16017,0
TEN,D,20190426,000000,118.53,122.19,118.53,122,21019,0
TEN,D,20190429,000000,122,122.19,117.76,120.26,11764,0
TEN,D,20190430,000000,118.34,120.46,118.34,119.5,7436,0
TEN,D,20190502,000000,120.46,124.31,120.46,123.54,9222,0
TEN,D,20190506,000000,122.77,123.16,118.72,122.58,12690,0
TEN,D,20190507,000000,123.35,123.35,117.95,117.95,9421,0
TEN,D,20190508,000000,117.56,127.2,116.6,126.24,24920,0
TEN,D,20190509,000000,127.59,136.84,127.59,130.09,49249,0
TEN,D,20190510,000000,132.03,133.56,127.2,131.05,13107,0
TEN,D,20190513,000000,131.05,131.05,125.47,127.39,6147,0
TEN,D,20190514,000000,127.59,130.09,124.51,129.13,8858,0
TEN,D,20190515,000000,130.09,137.61,129.13,136.65,19715,0
TEN,D,20190516,000000,138.57,143.58,138.57,141.27,22408,0
TEN,D,20190517,000000,141.27,141.27,136.07,137.8,12043,0
TEN,D,20190520,000000,137.8,137.8,125.28,125.66,31536,0
TEN,D,20190521,000000,125.28,132.79,122.38,126.63,26222,0
TEN,D,20190522,000000,124.31,129.52,112.94,126.24,59978,0
TEN,D,20190523,000000,128.94,128.94,117.18,118.15,19129,0
TEN,D,20190524,000000,117.56,125.28,116.02,123.93,23335,0
TEN,D,20190527,000000,124.12,128.94,124.12,128.35,7728,0
TEN,D,20190528,000000,128.94,128.94,123.16,128.17,9019,0
TEN,D,20190529,000000,126.04,127.78,124.31,127.01,3710,0
TEN,D,20190530,000000,127.01,130.09,124.31,130.09,8281,0
TEN,D,20190531,000000,130.68,131.05,126.82,129.9,4957,0
TEN,D,20190603,000000,129.13,130.09,126.24,128.17,6210,0
TEN,D,20190604,000000,127.97,128.36,123.21,125.79,15316,0
TEN,D,20190605,000000,126.58,126.98,124.6,124.6,3021,0
TEN,D,20190606,000000,124.4,124.79,119.44,123.6,10406,0
TEN,D,20190607,000000,124,130.75,121.22,129.16,10725,0
TEN,D,20190610,000000,129.16,130.94,124.2,125.79,8997,0
TEN,D,20190611,000000,125.98,126.18,124.2,125.98,4052,0
TEN,D,20190612,000000,125.98,125.98,122.41,124,3464,0
TEN,D,20190613,000000,124,124,122.41,123.01,4329,0
TEN,D,20190614,000000,123.01,123.01,120.23,121.02,4015,0
TEN,D,20190617,000000,121.02,122.02,113.88,118.05,20480,0
TEN,D,20190618,000000,118.05,118.05,111.7,113.68,11192,0
TEN,D,20190619,000000,113.09,116.66,113.09,114.68,3104,0
TEN,D,20190621,000000,115.07,122.61,115.07,120.03,12211,0
TEN,D,20190624,000000,122.02,126.58,122.02,125.98,5520,0
TEN,D,20190625,000000,125.19,126.18,120.23,122.81,4464,0
TEN,D,20190626,000000,121.22,124,118.44,122.41,8023,0
TEN,D,20190627,000000,122.41,128.96,122.02,128.76,7709,0
TEN,D,20190628,000000,128.96,133.13,128.36,130.94,12474,0
TEN,D,20190701,000000,134.52,135.71,129.16,129.16,6081,0
TEN,D,20190702,000000,128.36,128.36,124.6,124.6,7178,0
TEN,D,20190703,000000,126.78,128.56,124.79,128.56,5744,0
TEN,D,20190704,000000,128.96,130.94,127.57,127.77,3045,0
TEN,D,20190705,000000,128.96,130.94,126.18,126.58,9758,0
TEN,D,20190708,000000,125.98,126.38,121.02,122.61,5866,0
TEN,D,20190709,000000,122.61,123.8,120.23,122.61,2634,0
TEN,D,20190710,000000,122.61,124.99,122.61,124.99,3255,0
TEN,D,20190711,000000,124.99,124.99,121.82,122.61,4306,0
TEN,D,20190712,000000,121.62,123.01,121.62,122.81,2275,0
TEN,D,20190715,000000,123.01,123.4,120.63,120.63,6641,0
TEN,D,20190716,000000,120.83,122.02,117.06,118.05,9456,0
TEN,D,20190717,000000,118.64,120.63,118.64,119.64,4189,0
TEN,D,20190718,000000,119.64,123.01,119.44,121.62,7374,0
TEN,D,20190719,000000,121.62,124.2,121.62,123.21,3508,0
TEN,D,20190722,000000,123.21,124.4,121.62,122.21,1429,0
TEN,D,20190723,000000,123.01,123.8,121.62,122.41,2043,0
TEN,D,20190724,000000,123.01,124,122.41,122.61,1365,0
TEN,D,20190725,000000,122.81,125.39,122.02,123.8,5635,0
TEN,D,20190726,000000,124.2,125.19,123.4,124,4584,0
TEN,D,20190729,000000,124,124.2,122.61,123.21,4482,0
TEN,D,20190730,000000,123.4,123.4,120.43,121.82,3314,0
TEN,D,20190731,000000,121.82,128.96,121.82,127.77,11787,0
TEN,D,20190801,000000,127.77,130.35,124.6,125.39,8064,0
TEN,D,20190802,000000,125.39,126.38,121.42,122.02,4147,0
TEN,D,20190805,000000,121.82,121.82,117.85,118.05,8311,0
TEN,D,20190806,000000,118.05,120.63,117.85,119.24,3202,0
TEN,D,20190807,000000,121.42,121.42,115.47,115.87,6767,0
TEN,D,20190808,000000,117.06,119.64,115.07,119.04,2818,0
TEN,D,20190809,000000,121.02,121.02,116.46,116.46,2217,0
TEN,D,20190812,000000,116.66,118.84,115.07,115.27,2968,0
TEN,D,20190813,000000,117.06,118.05,113.68,117.06,4252,0
TEN,D,20190814,000000,116.66,117.45,113.09,113.88,2670,0
TEN,D,20190816,000000,114.08,115.47,107.33,112.1,13690,0
TEN,D,20190819,000000,113.09,115.87,112.89,114.48,4006,0
TEN,D,20190820,000000,114.08,116.46,111.5,111.5,4414,0
TEN,D,20190821,000000,111.9,123.01,111.7,122.81,13133,0
TEN,D,20190822,000000,121.42,122.02,118.84,120.63,3231,0
TEN,D,20190823,000000,121.82,124.99,120.83,124,4769,0
TEN,D,20190826,000000,121.62,123.8,120.03,123.6,5621,0
TEN,D,20190827,000000,123.4,124,119.64,121.02,8424,0
TEN,D,20190828,000000,123.8,128.36,121.82,126.98,23575,0
TEN,D,20190829,000000,126.98,138.48,126.78,136.9,50852,0
TEN,D,20190830,000000,138.28,141.86,136.9,136.9,23123,0
TEN,D,20190902,000000,136.9,136.9,130.94,134.91,7062,0
TEN,D,20190903,000000,136.7,140.86,134.91,139.67,6782,0
TEN,D,20190904,000000,138.68,140.86,137.29,138.88,3481,0
TEN,D,20190905,000000,138.88,141.86,137.69,137.69,3061,0
TEN,D,20190906,000000,137.89,139.28,137.09,137.89,2475,0
TEN,D,20190909,000000,137.89,138.28,132.93,136.7,7612,0
TEN,D,20190910,000000,136.3,136.7,135.11,136.7,2648,0
TEN,D,20190911,000000,135.31,137.69,135.31,136.7,1729,0
TEN,D,20190912,000000,137.09,137.29,134.91,136.3,3332,0
TEN,D,20190913,000000,135.9,135.9,132.93,134.32,5765,0
TEN,D,20190916,000000,132.73,135.31,131.34,134.91,6172,0
TEN,D,20190917,000000,133.32,135.11,132.93,134.71,2452,0
TEN,D,20190918,000000,134.71,134.71,132.93,132.93,1768,0
TEN,D,20190919,000000,132.93,137.29,132.53,137.29,5581,0
TEN,D,20190920,000000,137.29,143.84,136.9,143.84,12089,0
TEN,D,20190923,000000,143.84,143.84,138.28,139.28,8167,0
TEN,D,20190924,000000,138.88,139.87,136.3,136.7,1799,0
TEN,D,20190925,000000,138.68,138.88,135.9,135.9,2460,0
TEN,D,20190926,000000,136.9,136.9,134.52,136.7,1283,0
TEN,D,20190927,000000,134.91,139.48,134.71,135.11,913,0
TEN,D,20190930,000000,135.11,135.71,132.73,133.13,3080,0
TEN,D,20191001,000000,133.92,138.88,133.32,138.09,3548,0
TEN,D,20191002,000000,137.89,137.89,127.37,128.17,8468,0
TEN,D,20191003,000000,126.98,131.54,124,128.96,6478,0
TEN,D,20191004,000000,129.36,130.94,127.97,130.94,1054,0
TEN,D,20191007,000000,131.14,131.34,128.96,131.34,1020,0
TEN,D,20191008,000000,132.53,142.25,132.53,139.87,8576,0
TEN,D,20191009,000000,141.06,150.39,141.06,149.79,71423,0
TEN,D,20191010,000000,150.19,153.76,146.22,147.21,14359,0
TEN,D,20191011,000000,148.4,151.78,147.01,148.4,9599,0
TEN,D,20191014,000000,149.79,161.3,145.82,160.7,22941,0
TEN,D,20191015,000000,158.72,162.69,155.35,157.93,12031,0
TEN,D,20191016,000000,158.32,158.72,156.74,157.73,1465,0
TEN,D,20191017,000000,159.51,169.63,155.94,163.08,20474,0
TEN,D,20191018,000000,163.28,166.06,158.72,160.51,4635,0
TEN,D,20191021,000000,161.7,165.66,160.9,163.08,3337,0
TEN,D,20191022,000000,163.08,163.08,148.8,152.77,25606,0
TEN,D,20191023,000000,153.76,153.76,138.88,144.83,60269,0
TEN,D,20191024,000000,144.83,147.41,144.83,145.63,11531,0
TEN,D,20191025,000000,146.82,150.39,146.22,148.6,8767,0
TEN,D,20191028,000000,152.37,152.57,148.8,150.78,3939,0
TEN,D,20191029,000000,150.19,157.13,150.19,155.74,62651,0
TEN,D,20191030,000000,154.75,157.53,154.75,156.54,10634,0
TEN,D,20191031,000000,156.54,158.52,155.35,157.73,7337,0
TEN,D,20191104,000000,158.92,163.48,158.72,163.48,90656,0
TEN,D,20191105,000000,163.68,170.62,163.68,169.63,30360,0
TEN,D,20191106,000000,169.63,174.59,163.68,163.88,34029,0
TEN,D,20191107,000000,163.68,171.02,160.9,168.44,9695,0
TEN,D,20191108,000000,168.84,171.62,164.87,169.63,6816,0
TEN,D,20191112,000000,170.23,170.23,166.06,166.06,2662,0
TEN,D,20191113,000000,167.65,168.24,165.86,166.06,2615,0
TEN,D,20191114,000000,166.66,168.84,158.32,161.7,15087,0
TEN,D,20191115,000000,159.71,167.85,159.71,166.06,9565,0
TEN,D,20191118,000000,167.25,167.25,160.7,164.67,7342,0
TEN,D,20191119,000000,164.28,166.26,161.7,165.27,3571,0
TEN,D,20191120,000000,165.27,168.04,164.08,168.04,24291,0
TEN,D,20191121,000000,168.64,175.78,168.64,175.58,15645,0
TEN,D,20191122,000000,175.39,175.58,172.61,175.19,3578,0
TEN,D,20191125,000000,175.58,177.57,174.59,175.58,5136,0
TEN,D,20191126,000000,176.38,176.38,171.22,172.61,5242,0
TEN,D,20191127,000000,175.58,175.58,169.04,170.62,9960,0
TEN,D,20191128,000000,171.62,171.62,165.86,168.64,19987,0
TEN,D,20191129,000000,168.64,168.64,163.08,165.66,18325,0
TEN,D,20191202,000000,166.26,174.2,166.26,173.6,16180,0
TEN,D,20191203,000000,173.2,179.16,172.81,177.17,14949,0
TEN,D,20191204,000000,178.56,180.54,176.38,178.76,6981,0
TEN,D,20191205,000000,178.56,178.56,176.18,177.57,4307,0
TEN,D,20191206,000000,177.57,178.36,175.58,176.77,3614,0
TEN,D,20191209,000000,176.18,178.16,175.58,176.38,5269,0
TEN,D,20191210,000000,177.17,182.13,175.58,181.93,5470,0
TEN,D,20191211,000000,182.13,189.47,181.93,189.47,15036,0
TEN,D,20191212,000000,190.86,203.86,189.47,203.86,54526,0
TEN,D,20191213,000000,202.37,202.37,194.43,197.8,11635,0
TEN,D,20191216,000000,198.4,198.4,195.23,196.61,3396,0
TEN,D,20191217,000000,196.22,207.33,189.67,207.33,19279,0
TEN,D,20191218,000000,207.33,214.27,204.35,212.78,21666,0
TEN,D,20191219,000000,212.78,217.74,211.79,216.75,15711,0
TEN,D,20191220,000000,216.75,216.75,207.33,207.33,24872,0
TEN,D,20191223,000000,209.81,216.75,202.37,204.35,29008,0
TEN,D,20191227,000000,205.34,210.3,196.42,196.42,43099,0
TEN,D,20191230,000000,196.42,202.37,195.42,196.42,36918,0
TEN,D,20200102,000000,198.4,205.84,197.41,203.86,22368,0
TEN,D,20200103,000000,203.86,207.82,202.37,206.34,12683,0
TEN,D,20200107,000000,207.33,214.77,207.33,212.29,21403,0
TEN,D,20200108,000000,211.3,227.17,211.3,224.19,49692,0
TEN,D,20200109,000000,226.18,242.05,224.19,241.06,38441,0
TEN,D,20200110,000000,240.06,244.03,233.62,234.11,25447,0
TEN,D,20200113,000000,235.6,241.06,234.61,240.56,15820,0
TEN,D,20200114,000000,242.54,248.5,237.09,247.01,17668,0
TEN,D,20200115,000000,248,249.98,230.14,230.14,33288,0
TEN,D,20200116,000000,232.13,243.04,224.19,239.07,34152,0
TEN,D,20200117,000000,232.13,244.03,230.14,237.09,36463,0
TEN,D,20200120,000000,236.59,251.47,233.62,249.98,17445,0
TEN,D,20200121,000000,252.96,252.96,245.02,248,8623,0
TEN,D,20200122,000000,248.99,257.92,248,255.94,18241,0
TEN,D,20200123,000000,255.94,257.92,252.96,253.95,10815,0
TEN,D,20200124,000000,253.95,270.82,249.49,266.35,19869,0
TEN,D,20200127,000000,266.35,266.35,252.96,256.43,28860,0
TEN,D,20200128,000000,255.94,267.84,255.94,256.43,10046,0
TEN,D,20200129,000000,236.1,249.98,231.14,235.1,113033,0
TEN,D,20200130,000000,234.11,236.1,228.66,229.15,61582,0
TEN,D,20200131,000000,229.15,237.09,227.17,229.65,22407,0
TEN,D,20200203,000000,230.14,246.02,229.15,246.02,54107,0
TEN,D,20200204,000000,249.98,262.88,248,261.39,55225,0
TEN,D,20200205,000000,264.86,269.82,259.9,261.89,36111,0
TEN,D,20200206,000000,261.89,263.87,255.94,260.9,10819,0
TEN,D,20200207,000000,256.93,267.84,255.94,262.88,7426,0
TEN,D,20200210,000000,262.88,267.34,261.89,263.87,5076,0
TEN,D,20200211,000000,264.86,275.78,264.37,273.79,31985,0
TEN,D,20200212,000000,273.79,275.78,267.84,267.84,10883,0
TEN,D,20200213,000000,271.31,271.31,263.87,266.35,6989,0
TEN,D,20200214,000000,268.34,268.34,257.92,259.9,12525,0
TEN,D,20200217,000000,259.9,267.84,259.9,265.36,9023,0
TEN,D,20200218,000000,265.36,267.34,253.95,256.93,15765,0
TEN,D,20200219,000000,253.95,271.31,248.99,271.31,19364,0
TEN,D,20200220,000000,272.8,274.78,259.41,267.34,22196,0
TEN,D,20200221,000000,272.8,291.65,269.33,291.65,59533,0
TEN,D,20200224,000000,287.18,287.18,268.34,277.26,51089,0
TEN,D,20200225,000000,276.27,276.77,250.48,260.9,56067,0
TEN,D,20200226,000000,254.94,274.78,251.47,264.86,58812,0
TEN,D,20200227,000000,265.86,271.81,252.96,257.92,35830,0
TEN,D,20200228,000000,244.03,257.92,229.15,250.98,86774,0
TEN,D,20200302,000000,277.76,279.74,254.45,267.34,44755,0
TEN,D,20200303,000000,277.76,302.56,274.78,302.56,90902,0
TEN,D,20200304,000000,296.61,308.51,285.7,301.07,42539,0
TEN,D,20200305,000000,310.5,314.46,290.16,301.07,42748,0
TEN,D,20200306,000000,289.66,297.6,284.21,296.61,30985,0
TEN,D,20200309,000000,267.84,280.74,250.98,277.26,81835,0
TEN,D,20200310,000000,281.23,291.65,262.88,271.81,51648,0
TEN,D,20200311,000000,271.81,271.81,246.51,250.48,76619,0
TEN,D,20200312,000000,228.16,228.16,184.91,184.91,107884,0
TEN,D,20200313,000000,203.36,223.7,190.86,203.86,100793,0
TEN,D,20200316,000000,198.4,237.09,189.47,228.66,65829,0
TEN,D,20200317,000000,238.58,250.98,230.14,238.58,88763,0
TEN,D,20200318,000000,238.58,256.43,232.62,238.08,74929,0
TEN,D,20200319,000000,239.07,249.98,239.07,248,41872,0
TEN,D,20200320,000000,257.92,271.31,249.49,254.94,59656,0
TEN,D,20200323,000000,243.04,264.37,235.1,250.98,39005,0
TEN,D,20200324,000000,274.78,279.74,265.86,277.76,80915,0
TEN,D,20200325,000000,289.66,290.66,266.35,271.81,58447,0
TEN,D,20200326,000000,268.34,274.78,262.88,273.3,24508,0
TEN,D,20200327,000000,274.78,276.77,271.81,272.8,21368,0
TEN,D,20200330,000000,272.8,277.76,266.35,274.78,20272,0
TEN,D,20200331,000000,279.74,286.69,278.75,280.74,32567,0
TEN,D,20200401,000000,275.78,301.57,267.84,294.13,44437,0
TEN,D,20200402,000000,297.6,303.55,292.64,297.6,21085,0
TEN,D,20200403,000000,298.1,301.57,290.16,297.6,28143,0
TEN,D,20200406,000000,302.56,326.86,295.62,315.46,47787,0
TEN,D,20200407,000000,321.41,328.85,294.13,299.58,45489,0
TEN,D,20200408,000000,297.6,309.5,294.62,308.51,18055,0
TEN,D,20200409,000000,318.43,321.9,300.58,306.53,40678,0
TEN,D,20200414,000000,307.52,316.94,307.52,315.95,17422,0
TEN,D,20200415,000000,317.94,320.42,310.5,315.95,28721,0
TEN,D,20200416,000000,317.44,326.37,317.44,324.38,19037,0
TEN,D,20200417,000000,329.34,350.67,327.36,346.7,40114,0
TEN,D,20200420,000000,347.7,369.02,347.7,369.02,34899,0
TEN,D,20200421,000000,368.03,371.5,353.15,354.64,35690,0
TEN,D,20200422,000000,352.16,371.5,342.24,368.03,35993,0
TEN,D,20200423,000000,370.02,378.94,361.09,377.46,29364,0
TEN,D,20200424,000000,372.99,381.92,369.52,378.94,10736,0
TEN,D,20200427,000000,382.42,405.73,382.42,401.76,36460,0
TEN,D,20200428,000000,403.74,409.2,401.76,407.71,20524,0
TEN,D,20200429,000000,413.17,431.52,412.18,427.55,24543,0
TEN,D,20200430,000000,436.48,440.45,407.22,416.14,24113,0
TEN,D,20200504,000000,440.45,452.35,428.54,446.4,39185,0
TEN,D,20200505,000000,450.37,468.22,448.88,449.38,25136,0
TEN,D,20200506,000000,451.36,465.25,422.1,447.39,29242,0
TEN,D,20200507,000000,447.89,457.81,447.89,451.36,14748,0
TEN,D,20200508,000000,454.34,456.32,433.5,444.91,30616,0
TEN,D,20200511,000000,447.39,453.34,442.43,444.42,19466,0
TEN,D,20200512,000000,449.87,454.34,440.45,447.89,21341,0
TEN,D,20200513,000000,456.32,468.22,453.84,461.28,25093,0
TEN,D,20200514,000000,462.27,462.27,428.05,446.4,20028,0
TEN,D,20200515,000000,461.28,463.26,446.4,462.77,11509,0
TEN,D,20200518,000000,467.73,472.19,457.81,464.26,20238,0
TEN,D,20200519,000000,469.22,470.21,461.78,463.26,9366,0
TEN,D,20200520,000000,466.24,494.51,462.27,486.08,22198,0
TEN,D,20200521,000000,492.03,509.89,488.56,507.9,26516,0
TEN,D,20200522,000000,504.93,509.89,497.98,508.9,9278,0
TEN,D,20200525,000000,508.9,538.66,508.9,534.69,23197,0
TEN,D,20200526,000000,536.67,540.64,507.9,516.83,57117,0
TEN,D,20200527,000000,518.82,535.68,472.19,496,59617,0
TEN,D,20200528,000000,500,509,462.5,505,45258,0
TEN,D,20200529,000000,508,515,486,508,111439,0
TEN,D,20200601,000000,500,528,497,524,27867,0
TEN,D,20200602,000000,529,530,500,505,30646,0
TEN,D,20200603,000000,509,513,495.5,497,20355,0
TEN,D,20200604,000000,499,503,470.5,471.5,37818,0
TEN,D,20200605,000000,472.5,484,471,480.5,21499,0
TEN,D,20200608,000000,485,485,447,453.5,58160,0
TEN,D,20200609,000000,452.5,487,443.5,487,42569,0
TEN,D,20200610,000000,496,511,485,502,43020,0
TEN,D,20200612,000000,480,507,476,505,21599,0
TEN,D,20200615,000000,499,503,490,500,11734,0
TEN,D,20200616,000000,509,518,506,516,19259,0
TEN,D,20200617,000000,516,546,512,545,33939,0
TEN,D,20200618,000000,550,553,527,528,15668,0
TEN,D,20200619,000000,528,544,521,535,13227,0
TEN,D,20200622,000000,532,565,532,560,23512,0
TEN,D,20200623,000000,563,579,556,561,19977,0
TEN,D,20200624,000000,561,567,552,555,17104,0
TEN,D,20200625,000000,555,570,540,570,20308,0
TEN,D,20200626,000000,579,579,545,551,18367,0
TEN,D,20200629,000000,542,551,525,530,23487,0
TEN,D,20200630,000000,530,557,515,520,29457,0
TEN,D,20200701,000000,520,548,520,548,17470,0
TEN,D,20200702,000000,550,560,548,548,16933,0
TEN,D,20200703,000000,547,574,547,567,26080,0
TEN,D,20200706,000000,572,614,567,602,52438,0
TEN,D,20200707,000000,604,616,586,596,26648,0
TEN,D,20200708,000000,599,599,590,596,11471,0
TEN,D,20200709,000000,597,599,590,595,14369,0
TEN,D,20200710,000000,590,594,575,579,9843,0
