<TICKER>,<PER>,<DATE>,<TIME>,<OPEN>,<HIGH>,<LOW>,<CLOSE>,<VOL>,<OPENINT>
TRR,D,20121001,000000,0.84,0.84,0.84,0.84,35000,0
TRR,D,20121002,000000,1,1,1,1,2400043,0
TRR,D,20121003,000000,1.2,1.44,1,1.44,545267,0
TRR,D,20121004,000000,1.72,2.1,1.72,2.1,75998,0
TRR,D,20121005,000000,2.52,3.02,2.52,3.02,20454,0
TRR,D,20121008,000000,3.31,4.76,3.31,4.2,56715,0
TRR,D,20121009,000000,4.4,5,3.01,5,114170,0
TRR,D,20121010,000000,5,5.35,4.4,5.35,23172,0
TRR,D,20121011,000000,5.3,6.42,4.65,6.42,25438,0
TRR,D,20121012,000000,6.41,6.42,5.2,6,20255,0
TRR,D,20121015,000000,6,6,5.05,5.71,3333,0
TRR,D,20121016,000000,5.7,5.7,4.8,5.65,5485,0
TRR,D,20121017,000000,6,6,5.4,5.75,224,0
TRR,D,20121018,000000,5.2,5.99,4.57,5.99,6187,0
TRR,D,20121019,000000,5.99,5.99,5.3,5.3,1060,0
TRR,D,20121022,000000,5,5.45,5,5.45,755,0
TRR,D,20121023,000000,5,5.7,5,5.5,6143,0
TRR,D,20121024,000000,5.5,5.5,5,5.34,3133,0
TRR,D,20121025,000000,5.16,5.3,5,5.25,1343,0
TRR,D,20121026,000000,5.01,5.1,5.01,5.1,1702,0
TRR,D,20121029,000000,5.2,5.25,5.2,5.25,5057,0
TRR,D,20121030,000000,5.25,6,5.12,6,21454,0
TRR,D,20121031,000000,6,6.21,6,6.21,1919,0
TRR,D,20121102,000000,6.25,7,6.01,6.01,471,0
TRR,D,20121105,000000,6.01,6.01,5.01,5.04,10650,0
TRR,D,20121106,000000,5.05,5.25,5.05,5.25,2222,0
TRR,D,20121107,000000,5.21,5.21,5.21,5.21,350,0
TRR,D,20121108,000000,5.21,5.4,5.21,5.4,19,0
TRR,D,20121109,000000,5.45,5.45,5.45,5.45,10,0
TRR,D,20121112,000000,5.45,5.45,5.45,5.45,10,0
TRR,D,20121113,000000,5.53,5.53,5.53,5.53,10,0
TRR,D,20121114,000000,5.6,5.6,5.6,5.6,270,0
TRR,D,20121115,000000,5.65,5.65,5.65,5.65,20,0
TRR,D,20121116,000000,5.9,6.63,5.9,6.63,1210,0
TRR,D,20121119,000000,6.63,6.63,6.63,6.63,223,0
TRR,D,20121120,000000,6.63,6.63,6.63,6.63,625,0
TRR,D,20121121,000000,6.63,6.63,6.63,6.63,269,0
TRR,D,20121122,000000,6.77,6.77,6.19,6.19,5128,0
TRR,D,20121123,000000,6.25,6.55,6.25,6.55,297,0
TRR,D,20121126,000000,6.55,6.55,6.55,6.55,5,0
TRR,D,20121127,000000,6.55,6.55,6.55,6.55,5,0
TRR,D,20121128,000000,6.55,6.55,6.55,6.55,7,0
TRR,D,20121129,000000,6.55,6.55,6.5,6.5,167,0
TRR,D,20121130,000000,6.55,6.55,6.55,6.55,7,0
TRR,D,20121203,000000,6.55,6.55,6.55,6.55,5,0
TRR,D,20121204,000000,6.5,6.5,6.5,6.5,2,0
TRR,D,20121205,000000,6.5,7.31,6.5,6.81,346,0
TRR,D,20121206,000000,6.8,6.8,6.8,6.8,20,0
TRR,D,20121207,000000,6.81,6.85,6.8,6.85,369,0
TRR,D,20121210,000000,6.9,6.9,6.9,6.9,10,0
TRR,D,20121211,000000,6.9,6.99,6.9,6.99,420,0
TRR,D,20121212,000000,6.99,7.1,6.63,7.1,4066,0
TRR,D,20121213,000000,7.1,7.13,7.1,7.12,2171,0
TRR,D,20121214,000000,7.12,7.6,7.12,7.6,202,0
TRR,D,20121217,000000,8,8.5,8,8.3,1143,0
TRR,D,20121218,000000,8.21,8.21,8.2,8.2,715,0
TRR,D,20121219,000000,8.2,8.2,8.2,8.2,162,0
TRR,D,20121220,000000,8.2,8.2,8,8,152,0
TRR,D,20121221,000000,8,8,8,8,47,0
TRR,D,20121227,000000,8,8,8,8,1,0
TRR,D,20121228,000000,8,8,8,8,4,0
TRR,D,20130102,000000,8.25,8.25,8.25,8.25,10,0
TRR,D,20130103,000000,8.25,8.6,8.25,8.6,209,0
TRR,D,20130104,000000,8.7,8.7,8.6,8.6,155,0
TRR,D,20130107,000000,8.7,10,8.5,8.5,2502,0
TRR,D,20130108,000000,8.61,8.65,8.6,8.6,410,0
TRR,D,20130109,000000,8.6,8.6,8.6,8.6,6,0
TRR,D,20130110,000000,8.6,9,8.6,9,688,0
TRR,D,20130111,000000,9.1,9.65,9.1,9.65,714,0
TRR,D,20130114,000000,9.7,9.7,9.7,9.7,6,0
TRR,D,20130115,000000,9.8,9.8,9.7,9.7,15,0
TRR,D,20130116,000000,9.71,9.72,9.71,9.72,500,0
TRR,D,20130117,000000,9.72,9.72,9.72,9.72,150,0
TRR,D,20130118,000000,9.9,9.9,9.8,9.8,9,0
TRR,D,20130121,000000,10,10.7,10,10.7,580,0
TRR,D,20130122,000000,11.3,11.3,10.7,10.7,692,0
TRR,D,20130123,000000,10.61,10.61,10.61,10.61,2,0
TRR,D,20130124,000000,10.62,10.7,10.62,10.62,950,0
TRR,D,20130125,000000,11,11,10.63,10.63,940,0
TRR,D,20130128,000000,11.4,11.4,11.35,11.35,172,0
TRR,D,20130129,000000,11.35,11.35,11.35,11.35,265,0
TRR,D,20130130,000000,11,11,11,11,27,0
TRR,D,20130131,000000,11,11,11,11,15,0
TRR,D,20130201,000000,11.5,11.95,11.2,11.95,250,0
TRR,D,20130204,000000,11.2,11.3,11.2,11.3,213,0
TRR,D,20130205,000000,11.3,11.3,11.2,11.2,362,0
TRR,D,20130206,000000,10.6,10.6,10.6,10.6,10,0
TRR,D,20130207,000000,10.42,10.42,10.42,10.42,9,0
TRR,D,20130208,000000,10.25,10.25,10.25,10.25,9,0
TRR,D,20130211,000000,10.2,10.2,9.1,9.1,337,0
TRR,D,20130212,000000,8.01,8.01,7.35,8,698,0
TRR,D,20130213,000000,7,7.63,7,7.63,1507,0
TRR,D,20130214,000000,7.7,8,7.01,7.01,300,0
TRR,D,20130215,000000,7.36,7.36,7.36,7.36,10,0
TRR,D,20130218,000000,7.36,7.36,7.36,7.36,5,0
TRR,D,20130219,000000,7.36,7.36,7.36,7.36,7,0
TRR,D,20130220,000000,7.45,7.45,7.45,7.45,5,0
TRR,D,20130222,000000,7.45,7.45,7.45,7.45,5,0
TRR,D,20130225,000000,7.45,7.45,7.45,7.45,5,0
TRR,D,20130226,000000,7.45,7.45,7.45,7.45,115,0
TRR,D,20130227,000000,7.45,7.45,7.45,7.45,3,0
TRR,D,20130228,000000,7.45,7.45,7.45,7.45,3,0
TRR,D,20130301,000000,7.45,7.9,7.45,7.9,215,0
TRR,D,20130304,000000,7.45,7.45,7.45,7.45,14,0
TRR,D,20130305,000000,7.59,7.59,7.59,7.59,8,0
TRR,D,20130306,000000,7.65,7.65,7.59,7.59,29,0
TRR,D,20130307,000000,7.6,7.6,7.6,7.6,25,0
TRR,D,20130308,000000,7.66,7.66,7.66,7.66,10,0
TRR,D,20130311,000000,7.66,7.66,7.66,7.66,30,0
TRR,D,20130312,000000,7.46,8,7.46,8,427,0
TRR,D,20130313,000000,7.7,7.8,7.7,7.8,350,0
TRR,D,20130314,000000,7.51,7.51,7.51,7.51,11,0
TRR,D,20130318,000000,7.5,7.5,7.5,7.5,10,0
TRR,D,20130319,000000,7.5,7.5,7.5,7.5,10,0
TRR,D,20130320,000000,7.46,7.46,7.45,7.45,262,0
TRR,D,20130321,000000,7.48,7.6,7.48,7.6,337,0
TRR,D,20130322,000000,7.5,7.5,7.5,7.5,5,0
TRR,D,20130325,000000,7.45,7.45,7.45,7.45,9,0
TRR,D,20130326,000000,7.45,7.84,7.45,7.83,425,0
TRR,D,20130327,000000,7.45,7.45,7.45,7.45,12,0
TRR,D,20130328,000000,7.46,7.46,7.46,7.46,14,0
TRR,D,20130402,000000,7.45,7.68,7.45,7.68,303,0
TRR,D,20130403,000000,7.5,7.8,7.5,7.8,374,0
TRR,D,20130404,000000,7.5,7.5,7.5,7.5,10,0
TRR,D,20130405,000000,7.6,7.8,7.6,7.8,404,0
TRR,D,20130408,000000,7.8,7.8,7.8,7.8,162,0
TRR,D,20130409,000000,7.5,7.5,7.5,7.5,10,0
TRR,D,20130410,000000,7.45,7.8,7.45,7.8,378,0
TRR,D,20130411,000000,7.6,7.8,7.6,7.8,385,0
TRR,D,20130412,000000,7.5,7.5,7.5,7.5,202,0
TRR,D,20130415,000000,7.55,7.55,7.55,7.55,14,0
TRR,D,20130417,000000,7.55,7.55,7.55,7.55,405,0
TRR,D,20130418,000000,7.25,7.25,7.25,7.25,20,0
TRR,D,20130419,000000,7.26,7.26,7.26,7.26,21,0
TRR,D,20130422,000000,7.6,7.8,7.6,7.8,205,0
TRR,D,20130423,000000,7.55,7.55,7.55,7.55,200,0
TRR,D,20130424,000000,7.55,7.55,7.55,7.55,10,0
TRR,D,20130425,000000,7.55,7.55,7.55,7.55,97,0
TRR,D,20130426,000000,7.55,7.55,7.55,7.55,20,0
TRR,D,20130429,000000,7.4,7.4,7.4,7.4,10,0
TRR,D,20130430,000000,7.6,7.6,7.6,7.6,10,0
TRR,D,20130502,000000,7.25,7.25,7.25,7.25,10,0
TRR,D,20130506,000000,7.7,7.7,7.55,7.55,420,0
TRR,D,20130507,000000,7.65,7.7,7.6,7.6,420,0
TRR,D,20130508,000000,7.6,7.8,7.6,7.8,376,0
TRR,D,20130509,000000,7.8,7.95,7.8,7.95,358,0
TRR,D,20130510,000000,7.95,7.95,7.56,7.9,568,0
TRR,D,20130513,000000,8,8,7.81,7.81,211,0
TRR,D,20130514,000000,7.81,7.81,7.81,7.81,100,0
TRR,D,20130515,000000,7.8,7.8,7.6,7.6,19484,0
TRR,D,20130517,000000,7.7,7.7,7.7,7.7,10,0
TRR,D,20130520,000000,7.7,7.8,7.7,7.7,710,0
TRR,D,20130521,000000,7.7,7.7,7.7,7.7,613,0
TRR,D,20130522,000000,7.8,7.8,7.7,7.7,441,0
TRR,D,20130523,000000,7.7,7.7,7.7,7.7,564,0
TRR,D,20130524,000000,7.7,7.7,7.7,7.7,105,0
TRR,D,20130527,000000,7.7,7.7,7.7,7.7,1019,0
TRR,D,20130528,000000,7.7,7.7,7.7,7.7,559,0
TRR,D,20130529,000000,7.7,7.7,7.7,7.7,3,0
TRR,D,20130531,000000,7.7,7.7,7.7,7.7,55,0
TRR,D,20130603,000000,7.7,7.7,7.7,7.7,544,0
TRR,D,20130604,000000,7.7,7.7,7.7,7.7,313,0
TRR,D,20130605,000000,7.7,7.7,7.7,7.7,20,0
TRR,D,20130606,000000,7.7,7.7,7.7,7.7,20,0
TRR,D,20130607,000000,7.7,7.7,7.7,7.7,1236,0
TRR,D,20130610,000000,7.7,7.7,7.7,7.7,20,0
TRR,D,20130611,000000,7.7,7.75,7.7,7.75,140,0
TRR,D,20130612,000000,7.75,7.75,7.75,7.75,10,0
TRR,D,20130613,000000,7.75,7.75,7.75,7.75,60,0
TRR,D,20130614,000000,7.75,7.75,7.75,7.75,10,0
TRR,D,20130617,000000,7.75,7.75,7.75,7.75,160,0
TRR,D,20130618,000000,7.7,7.7,7.7,7.7,20,0
TRR,D,20130620,000000,7.6,7.6,7.6,7.6,10,0
TRR,D,20130621,000000,7.7,7.7,7.7,7.7,5,0
TRR,D,20130624,000000,7.78,7.78,7.78,7.78,5,0
TRR,D,20130625,000000,7.8,7.8,7.8,7.8,5,0
TRR,D,20130626,000000,7.7,7.7,7.7,7.7,5,0
TRR,D,20130628,000000,7.5,7.5,7.5,7.5,5,0
TRR,D,20130701,000000,7.6,7.6,7.6,7.6,30,0
TRR,D,20130702,000000,7.8,7.8,7.8,7.8,5,0
TRR,D,20130703,000000,7.8,7.8,7.8,7.8,5,0
TRR,D,20130704,000000,7.9,7.9,7.9,7.9,10,0
TRR,D,20130705,000000,7.9,7.9,7.9,7.9,535,0
TRR,D,20130708,000000,7.9,8,7.7,7.9,267,0
TRR,D,20130710,000000,7.8,7.8,7.8,7.8,30,0
TRR,D,20130712,000000,7.8,8.13,7.8,8.13,377,0
TRR,D,20130715,000000,8.25,8.25,8.1,8.1,25,0
TRR,D,20130716,000000,8.2,8.2,8.1,8.1,30,0
TRR,D,20130717,000000,8.2,8.2,8.2,8.2,20,0
TRR,D,20130718,000000,8.2,8.2,8.1,8.1,15,0
TRR,D,20130719,000000,8.2,8.2,8.1,8.1,25,0
TRR,D,20130722,000000,8.15,8.15,8,8,65,0
TRR,D,20130723,000000,8.1,8.1,7.9,7.9,40,0
TRR,D,20130724,000000,7.9,7.9,7.8,7.8,10,0
TRR,D,20130725,000000,7.9,8.05,7.9,8.05,252,0
TRR,D,20130726,000000,8.08,8.08,8.06,8.08,2968,0
TRR,D,20130730,000000,8.15,8.95,8.15,8.46,662,0
TRR,D,20130731,000000,8.45,8.45,8.45,8.45,10,0
TRR,D,20130801,000000,8.45,8.45,8.45,8.45,10,0
TRR,D,20130802,000000,8.45,8.45,8.45,8.45,5,0
TRR,D,20130805,000000,8.45,8.45,8.45,8.45,5,0
TRR,D,20130806,000000,8.45,8.45,8.45,8.45,955,0
TRR,D,20130807,000000,8.45,8.45,8.45,8.45,15,0
TRR,D,20130808,000000,8.4,8.4,8.4,8.4,20,0
TRR,D,20130809,000000,8.3,8.45,8.3,8.45,20,0
TRR,D,20130812,000000,8.45,8.45,7.6,7.6,252,0
TRR,D,20130813,000000,7.9,7.95,7.9,7.95,253,0
TRR,D,20130814,000000,7.91,8.1,7.91,8.1,317,0
TRR,D,20130816,000000,8.2,8.2,8.2,8.2,10,0
TRR,D,20130819,000000,8.1,8.1,8.1,8.1,10,0
TRR,D,20130820,000000,8.1,8.1,8.1,8.1,20,0
TRR,D,20130821,000000,8.1,8.1,8.1,8.1,5,0
TRR,D,20130822,000000,8.1,8.1,8,8,2050,0
TRR,D,20130823,000000,8,8.07,8,8.07,1589,0
TRR,D,20130826,000000,8.2,8.5,8.2,8.5,210,0
TRR,D,20130827,000000,8.5,8.5,8.5,8.5,10,0
TRR,D,20130828,000000,8.6,8.6,8.25,8.25,506,0
TRR,D,20130829,000000,8.02,8.02,8.02,8.02,10,0
TRR,D,20130830,000000,8.02,8.02,8.02,8.02,5,0
TRR,D,20130902,000000,8.02,8.02,8.02,8.02,196,0
TRR,D,20130903,000000,8.02,8.02,8.02,8.02,5,0
TRR,D,20130904,000000,8.02,8.5,8.02,8.5,3090,0
TRR,D,20130905,000000,8.5,8.5,8.5,8.5,3,0
TRR,D,20130906,000000,8.4,8.4,8.4,8.4,5,0
TRR,D,20130910,000000,8.4,8.74,8,8.4,1186,0
TRR,D,20130911,000000,8.4,8.4,8.4,8.4,5,0
TRR,D,20130912,000000,8.4,8.4,8.4,8.4,5,0
TRR,D,20130913,000000,8.4,9,8.4,8.7,511,0
TRR,D,20130916,000000,8.6,8.6,8.6,8.6,15,0
TRR,D,20130918,000000,8.5,8.5,8.5,8.5,220,0
TRR,D,20130919,000000,8.5,8.54,8.3,8.54,2027,0
TRR,D,20130920,000000,8.54,8.8,8.54,8.8,423,0
TRR,D,20130923,000000,8.6,8.6,8.6,8.6,10,0
TRR,D,20130924,000000,8.6,8.87,8.6,8.8,375,0
TRR,D,20130925,000000,8.6,8.6,8.6,8.6,10,0
TRR,D,20130926,000000,8.5,8.5,8.5,8.5,200,0
TRR,D,20130927,000000,8.5,8.6,8.5,8.6,1163,0
TRR,D,20130930,000000,8.5,8.51,8.5,8.5,703,0
TRR,D,20131001,000000,8.4,8.77,8.4,8.77,33,0
TRR,D,20131002,000000,8.6,8.6,8.6,8.6,24,0
TRR,D,20131003,000000,8.6,8.61,8.6,8.61,1083,0
TRR,D,20131004,000000,8.61,8.61,8.6,8.61,2096,0
TRR,D,20131007,000000,8.61,8.61,8.6,8.6,765,0
TRR,D,20131009,000000,8.6,8.78,8.39,8.4,1259,0
TRR,D,20131010,000000,8.4,8.85,8.4,8.64,258,0
TRR,D,20131011,000000,8.8,9.05,8.8,9.05,212,0
TRR,D,20131014,000000,9.09,9.52,9.09,9.52,211,0
TRR,D,20131015,000000,9.9,10.12,9.9,10.12,175,0
TRR,D,20131016,000000,10.02,10.02,10.02,10.02,155,0
TRR,D,20131017,000000,10.02,10.02,10.02,10.02,2,0
TRR,D,20131018,000000,10.01,10.01,10.01,10.01,253,0
TRR,D,20131021,000000,10.01,10.01,9.56,9.62,1005,0
TRR,D,20131022,000000,9.71,10.21,9.64,10.21,686,0
TRR,D,20131023,000000,10.21,10.21,10.21,10.21,3,0
TRR,D,20131024,000000,10.1,12.12,10.1,10.7,764,0
TRR,D,20131025,000000,10.2,10.2,10,10,150,0
TRR,D,20131028,000000,10,10.09,10,10,355,0
TRR,D,20131029,000000,10,10.2,10,10.2,190,0
TRR,D,20131030,000000,10.5,11.9,10,10.5,3907,0
TRR,D,20131031,000000,10.82,11.8,10.05,10.8,6051,0
TRR,D,20131104,000000,11.1,11.37,10.5,11,997,0
TRR,D,20131105,000000,11.34,11.34,10.58,10.6,989,0
TRR,D,20131106,000000,10.58,11,10.1,11,1721,0
TRR,D,20131107,000000,11,11,10,10.99,805,0
TRR,D,20131108,000000,10.57,10.99,10.1,10.99,4100,0
TRR,D,20131112,000000,10.99,11.34,10.21,11,7353,0
TRR,D,20131113,000000,10.7,10.7,10.2,10.2,1075,0
TRR,D,20131114,000000,10.2,10.64,10,10.3,3721,0
TRR,D,20131115,000000,10.3,10.35,10.3,10.35,60,0
TRR,D,20131118,000000,10.35,10.35,10,10.01,709,0
TRR,D,20131119,000000,10,10.4,9.95,10.4,2306,0
TRR,D,20131120,000000,10.4,10.4,10.4,10.4,30,0
TRR,D,20131121,000000,10.41,10.5,10.41,10.5,3400,0
TRR,D,20131122,000000,10.41,10.75,10,10.75,4304,0
TRR,D,20131125,000000,10.47,10.47,10.47,10.47,10,0
TRR,D,20131126,000000,10.5,11,10,10.42,1085,0
TRR,D,20131127,000000,10.32,10.32,10.32,10.32,160,0
TRR,D,20131129,000000,10.32,10.32,10.32,10.32,10,0
TRR,D,20131202,000000,10.28,10.28,10.28,10.28,11,0
TRR,D,20131203,000000,9.8,9.8,9.3,9.58,909,0
TRR,D,20131204,000000,9.58,9.58,9.35,9.35,60,0
TRR,D,20131205,000000,9.35,9.35,9.35,9.35,5,0
TRR,D,20131206,000000,9.35,9.56,9.35,9.56,1193,0
TRR,D,20131209,000000,9.55,9.55,8.6,8.65,1157,0
TRR,D,20131210,000000,8.65,8.66,8.65,8.66,920,0
TRR,D,20131211,000000,8.66,8.66,8.66,8.66,150,0
TRR,D,20131212,000000,8.66,8.8,8.66,8.66,1158,0
TRR,D,20131213,000000,8.66,8.67,8.66,8.67,453,0
TRR,D,20131216,000000,8.8,8.9,8.8,8.9,887,0
TRR,D,20131217,000000,8.9,9,8.1,8.82,53554,0
TRR,D,20131218,000000,9,9,8.15,8.8,49041,0
TRR,D,20131219,000000,8.8,9,8.1,8.59,55629,0
TRR,D,20131220,000000,8.45,8.59,8.4,8.4,5285,0
TRR,D,20131223,000000,8.06,8.43,8.06,8.43,17,0
TRR,D,20131227,000000,8.43,8.43,8.43,8.43,5,0
TRR,D,20131230,000000,8.43,8.43,8.35,8.35,380,0
TRR,D,20140103,000000,8.4,8.4,8.4,8.4,2,0
TRR,D,20140107,000000,8.2,8.4,8.1,8.39,25911,0
TRR,D,20140108,000000,8.35,8.35,8.35,8.35,200,0
TRR,D,20140109,000000,8.3,8.3,8.3,8.3,200,0
TRR,D,20140114,000000,8.19,8.19,8.19,8.19,5,0
TRR,D,20140115,000000,7.91,8.19,7.85,7.95,162,0
TRR,D,20140116,000000,8,8,7.75,7.95,765,0
TRR,D,20140120,000000,7.8,7.8,7.8,7.8,10,0
TRR,D,20140121,000000,7.8,7.8,7.8,7.8,3,0
TRR,D,20140122,000000,7.8,7.8,7.7,7.7,494,0
TRR,D,20140123,000000,7.7,7.7,7.7,7.7,2,0
TRR,D,20140124,000000,7.7,7.7,7.7,7.7,2,0
TRR,D,20140127,000000,7.7,7.7,7.7,7.7,3,0
TRR,D,20140128,000000,7.71,7.71,7.71,7.71,2,0
TRR,D,20140129,000000,7.71,8.8,7.71,8.8,338,0
TRR,D,20140130,000000,7.95,9.4,7.95,9.4,40,0
TRR,D,20140131,000000,7.95,7.95,7.9,7.9,140,0
TRR,D,20140203,000000,7.9,7.9,7.48,7.48,1443,0
TRR,D,20140204,000000,7.48,7.5,6.9,6.9,1030,0
TRR,D,20140205,000000,6.99,6.99,6.9,6.9,133,0
TRR,D,20140206,000000,6.9,6.9,6.9,6.9,222,0
TRR,D,20140207,000000,6.9,6.9,6.9,6.9,10,0
TRR,D,20140210,000000,6.9,6.9,6.9,6.9,7,0
TRR,D,20140211,000000,6.9,6.9,6.8,6.8,423,0
TRR,D,20140213,000000,6.89,6.89,6.65,6.65,64,0
TRR,D,20140214,000000,6.65,7.1,6.65,6.8,802,0
TRR,D,20140217,000000,6.65,6.65,6.5,6.5,663,0
TRR,D,20140218,000000,6.51,6.51,6.51,6.51,144,0
TRR,D,20140219,000000,6.31,6.31,6.31,6.31,10,0
TRR,D,20140220,000000,6.31,6.31,6.31,6.31,5,0
TRR,D,20140221,000000,6.31,6.31,6.31,6.31,5,0
TRR,D,20140224,000000,6.31,6.31,6.3,6.3,195,0
TRR,D,20140225,000000,6.3,6.3,5.98,5.98,746,0
TRR,D,20140226,000000,5.55,5.55,5.2,5.2,1180,0
TRR,D,20140227,000000,5.51,5.51,5.2,5.2,465,0
TRR,D,20140228,000000,5.5,5.77,5,5,229,0
TRR,D,20140303,000000,5.5,5.5,5,5,20,0
TRR,D,20140304,000000,5.5,5.5,5.5,5.5,10,0
TRR,D,20140305,000000,5.4,5.4,5.01,5.01,80,0
TRR,D,20140306,000000,5,5,5,5,55,0
TRR,D,20140307,000000,4.9,4.9,4.9,4.9,50,0
TRR,D,20140310,000000,4.95,4.95,4.95,4.95,50,0
TRR,D,20140312,000000,4.9,4.9,4.9,4.9,10,0
TRR,D,20140313,000000,4.9,4.9,4.89,4.9,1430,0
TRR,D,20140314,000000,4.9,4.9,4.9,4.9,590,0
TRR,D,20140318,000000,4.85,4.85,4.85,4.85,60,0
TRR,D,20140319,000000,4.85,4.85,4.6,4.6,959,0
TRR,D,20140320,000000,4.8,4.8,4.8,4.8,40,0
TRR,D,20140324,000000,4.8,4.8,4.8,4.8,5,0
TRR,D,20140325,000000,4.8,4.8,4.8,4.8,20,0
TRR,D,20140326,000000,4.8,4.8,4.8,4.8,10,0
TRR,D,20140327,000000,4.8,4.8,4.8,4.8,10,0
TRR,D,20140328,000000,4.8,4.8,4.8,4.8,5,0
TRR,D,20140401,000000,4.7,4.7,4.7,4.7,10,0
TRR,D,20140402,000000,4.7,4.7,4.7,4.7,5,0
TRR,D,20140403,000000,4.7,4.7,4.7,4.7,10,0
TRR,D,20140404,000000,4.7,4.7,4.7,4.7,5,0
TRR,D,20140407,000000,4.51,5,4.51,4.72,600,0
TRR,D,20140410,000000,4.7,4.7,4.7,4.7,25,0
TRR,D,20140417,000000,4.83,5.5,4.82,4.82,634,0
TRR,D,20140422,000000,4.8,4.8,4.8,4.8,364,0
TRR,D,20140424,000000,4.83,4.83,4.83,4.83,2,0
TRR,D,20140428,000000,4.8,4.8,4.8,4.8,38,0
TRR,D,20140429,000000,4.8,4.8,4.8,4.8,3,0
TRR,D,20140430,000000,4.8,4.8,4.8,4.8,3,0
TRR,D,20140505,000000,4.7,4.7,4.5,4.5,400,0
TRR,D,20140506,000000,4.4,4.4,4.3,4.3,290,0
TRR,D,20140507,000000,4.3,4.3,4.07,4.3,859,0
TRR,D,20140508,000000,4.5,5,4.3,4.3,480,0
TRR,D,20140512,000000,4.31,4.31,4.31,4.31,4900,0
TRR,D,20140513,000000,4.3,4.32,4.3,4.3,4891,0
TRR,D,20140514,000000,4.3,4.41,4.3,4.41,570,0
TRR,D,20140515,000000,4.5,4.56,4.36,4.36,3776,0
TRR,D,20140516,000000,4.36,4.36,4.36,4.36,2960,0
TRR,D,20140519,000000,4.35,4.35,4.35,4.35,188,0
TRR,D,20140521,000000,4.35,4.35,4.35,4.35,217,0
TRR,D,20140522,000000,4.38,4.38,4.38,4.38,580,0
TRR,D,20140523,000000,4.6,4.72,4.3,4.3,745,0
TRR,D,20140526,000000,4.4,4.4,4.4,4.4,120,0
TRR,D,20140527,000000,4.4,4.4,4.4,4.4,75,0
TRR,D,20140528,000000,4.4,4.4,4.4,4.4,55,0
TRR,D,20140529,000000,4.4,4.4,4.4,4.4,263,0
TRR,D,20140603,000000,4.25,4.46,4.18,4.35,17530,0
TRR,D,20140604,000000,4.36,4.36,4.36,4.36,30,0
TRR,D,20140605,000000,4.2,4.35,4.18,4.35,8755,0
TRR,D,20140606,000000,4.18,4.35,4.18,4.35,45,0
TRR,D,20140609,000000,4.2,4.3,4.12,4.3,602,0
TRR,D,20140610,000000,4.3,4.35,4.18,4.3,855,0
TRR,D,20140611,000000,4.18,4.3,4.18,4.28,2700,0
TRR,D,20140612,000000,4.25,4.28,4.25,4.28,545,0
TRR,D,20140617,000000,4.28,4.43,4.28,4.35,1160,0
TRR,D,20140618,000000,4.5,5.2,4.5,4.56,1182,0
TRR,D,20140620,000000,5.2,5.2,4.2,4.38,46999,0
TRR,D,20140623,000000,4.72,4.72,4.72,4.72,193,0
TRR,D,20140624,000000,4.7,4.7,4.4,4.4,770,0
TRR,D,20140626,000000,4.3,5,4.3,4.4,1217,0
TRR,D,20140627,000000,4.5,4.62,4.4,4.4,2363,0
TRR,D,20140630,000000,4.4,4.4,4.4,4.4,90,0
TRR,D,20140701,000000,4.41,4.41,4.41,4.41,9650,0
TRR,D,20140702,000000,4.41,4.41,4.4,4.4,4919,0
TRR,D,20140703,000000,4.4,4.4,4.4,4.4,58,0
TRR,D,20140704,000000,4.41,4.41,4.41,4.41,570,0
TRR,D,20140707,000000,4.41,4.41,4.25,4.25,45,0
TRR,D,20140708,000000,4.41,4.41,4.25,4.41,595,0
TRR,D,20140709,000000,4.37,4.37,4.37,4.37,440,0
TRR,D,20140710,000000,4.37,4.37,4.37,4.37,280,0
TRR,D,20140711,000000,4.4,4.4,4.39,4.39,100,0
TRR,D,20140714,000000,4.38,4.38,4.38,4.38,331,0
TRR,D,20140715,000000,4.38,4.38,4.38,4.38,252,0
TRR,D,20140716,000000,4.4,4.4,4.4,4.4,35,0
TRR,D,20140717,000000,4.35,4.35,4.35,4.35,243,0
TRR,D,20140718,000000,4.38,4.38,4.38,4.38,110,0
TRR,D,20140721,000000,4.37,4.37,4.37,4.37,250,0
TRR,D,20140722,000000,4.5,4.5,4.5,4.5,300,0
TRR,D,20140723,000000,4.52,4.52,4.52,4.52,273,0
TRR,D,20140724,000000,4.52,4.52,4.52,4.52,121,0
TRR,D,20140725,000000,4.53,4.53,4.53,4.53,180,0
TRR,D,20140728,000000,4.53,4.55,4.53,4.55,210,0
TRR,D,20140729,000000,4.55,4.55,4.55,4.55,3,0
TRR,D,20140730,000000,4.55,4.55,4.55,4.55,3,0
TRR,D,20140731,000000,4.55,4.57,4.55,4.57,109,0
TRR,D,20140801,000000,4.57,5,4.57,5,1020,0
TRR,D,20140804,000000,5.2,5.5,5.2,5.42,1410,0
TRR,D,20140805,000000,6.03,6.9,5.1,5.37,2440,0
TRR,D,20140806,000000,5.6,6,5.6,5.63,135,0
TRR,D,20140807,000000,5.94,6.5,5.72,6.3,1958,0
TRR,D,20140808,000000,6.27,6.66,6,6.66,1895,0
TRR,D,20140811,000000,6.66,6.66,6.5,6.5,42,0
TRR,D,20140812,000000,6.7,6.7,5.9,5.95,1360,0
TRR,D,20140813,000000,5.95,6.1,5.68,6.1,2325,0
TRR,D,20140814,000000,6.1,6.1,5.89,6.08,2605,0
TRR,D,20140818,000000,5.7,5.9,5.65,5.65,3005,0
TRR,D,20140819,000000,5.65,5.85,5.61,5.85,2275,0
TRR,D,20140820,000000,5.85,5.85,5.82,5.82,403,0
TRR,D,20140821,000000,5.87,5.91,5.87,5.91,435,0
TRR,D,20140822,000000,5.85,5.9,5.85,5.9,25213,0
TRR,D,20140825,000000,6.24,6.24,6.12,6.16,27943,0
TRR,D,20140826,000000,6.16,6.22,6.16,6.2,870,0
TRR,D,20140827,000000,6.2,6.31,6.2,6.3,7934,0
TRR,D,20140828,000000,6.3,6.5,6.3,6.5,22698,0
TRR,D,20140829,000000,6.74,6.74,6.74,6.74,600,0
TRR,D,20140901,000000,6.74,6.95,6.74,6.95,491,0
TRR,D,20140902,000000,7.5,7.5,6.9,7.5,20384,0
TRR,D,20140903,000000,7.99,8,7.49,8,17068,0
TRR,D,20140904,000000,8.4,9,8.4,8.99,7350,0
TRR,D,20140905,000000,8.99,9.8,8.99,9.55,9827,0
TRR,D,20140908,000000,9.5,9.55,9,9,1205,0
TRR,D,20140909,000000,8,8.8,8,8.7,1700,0
TRR,D,20140910,000000,8.7,9,8.5,8.7,1140,0
TRR,D,20140911,000000,8.5,8.5,8.5,8.5,2710,0
TRR,D,20140912,000000,8.01,8.01,7.7,8,1517,0
TRR,D,20140915,000000,8,8,8,8,130,0
TRR,D,20140916,000000,8.2,8.2,7.7,7.8,408,0
TRR,D,20140917,000000,8,8,7.9,8,710,0
TRR,D,20140918,000000,8,8,7.7,8,163,0
TRR,D,20140919,000000,8,8.15,8,8.15,506,0
TRR,D,20140922,000000,8,8,8,8,820,0
TRR,D,20140923,000000,8,8.05,8,8.04,9712,0
TRR,D,20140924,000000,8.3,8.3,8.03,8.03,245,0
TRR,D,20140925,000000,8.04,8.1,8.04,8.1,3275,0
TRR,D,20140926,000000,8.1,8.39,8,8.16,5306,0
TRR,D,20140929,000000,8.17,8.17,8,8.05,866,0
TRR,D,20140930,000000,8.05,8.2,8.05,8.1,450,0
TRR,D,20141001,000000,8.19,8.19,8.19,8.19,418,0
TRR,D,20141002,000000,8.2,8.49,8,8,5630,0
TRR,D,20141003,000000,8.3,8.45,7.9,8.39,1550,0
TRR,D,20141006,000000,8.49,8.49,8.45,8.45,425,0
TRR,D,20141007,000000,8.45,8.49,8,8.39,4751,0
TRR,D,20141008,000000,8.4,9.24,8.4,8.5,1603,0
TRR,D,20141009,000000,8.2,8.55,8,8.55,2084,0
TRR,D,20141010,000000,8.69,9.5,8.31,9.49,2000,0
TRR,D,20141013,000000,9.39,10.32,8.56,9.3,14754,0
TRR,D,20141014,000000,9,9.59,8.2,8.2,2554,0
TRR,D,20141015,000000,9,9,8.44,8.79,1147,0
TRR,D,20141016,000000,8.79,9.19,8.65,8.98,1567,0
TRR,D,20141017,000000,9,9,8.35,8.5,3427,0
TRR,D,20141020,000000,8.31,8.49,8.31,8.47,10861,0
TRR,D,20141021,000000,8.45,8.47,8.25,8.45,4184,0
TRR,D,20141022,000000,8.44,8.69,8.01,8.02,944,0
TRR,D,20141023,000000,8.39,8.69,8.1,8.1,200,0
TRR,D,20141024,000000,8.39,8.45,8,8.3,2687,0
TRR,D,20141027,000000,8.3,8.3,8.05,8.25,585,0
TRR,D,20141028,000000,8.25,8.25,8.25,8.25,300,0
TRR,D,20141029,000000,8.3,8.3,8.2,8.3,2428,0
TRR,D,20141030,000000,8.32,8.32,8.05,8.25,581,0
TRR,D,20141031,000000,8.25,8.7,8.1,8.5,1810,0
TRR,D,20141103,000000,8.59,8.59,8.4,8.59,2651,0
TRR,D,20141104,000000,8.4,8.51,8.12,8.48,860,0
TRR,D,20141105,000000,8.44,8.9,7.6,8.19,95925,0
TRR,D,20141106,000000,8.19,8.59,8.16,8.25,102773,0
TRR,D,20141107,000000,8.25,9,8.25,8.4,119649,0
TRR,D,20141110,000000,8.55,8.55,8.2,8.39,2286,0
TRR,D,20141112,000000,8.35,8.35,8,8.27,3675,0
TRR,D,20141113,000000,8.2,8.54,8.2,8.49,2238,0
TRR,D,20141114,000000,8.25,8.54,8.1,8.49,2613,0
TRR,D,20141117,000000,8.35,8.4,8.03,8.39,2085,0
TRR,D,20141118,000000,8.19,8.35,8.1,8.15,91000,0
TRR,D,20141119,000000,8.15,8.15,8,8,733,0
TRR,D,20141120,000000,8.1,8.1,8.1,8.1,155,0
TRR,D,20141121,000000,8.1,8.39,8,8.32,120293,0
TRR,D,20141124,000000,8.15,8.15,7.4,7.9,6842,0
TRR,D,20141125,000000,7.41,8.14,7.4,7.8,10610,0
TRR,D,20141126,000000,7.8,7.97,7.8,7.93,197,0
TRR,D,20141127,000000,7.95,7.95,7.7,7.8,59840,0
TRR,D,20141128,000000,7.8,7.98,7.2,7.5,203805,0
TRR,D,20141201,000000,7.45,7.45,7.29,7.45,2042,0
TRR,D,20141202,000000,7.8,7.88,7.5,7.88,410,0
TRR,D,20141203,000000,7.8,7.8,7.7,7.7,300,0
TRR,D,20141204,000000,7.78,7.78,7.77,7.78,293,0
TRR,D,20141205,000000,7.77,7.79,7.77,7.79,320,0
TRR,D,20141208,000000,7.78,7.79,7.7,7.79,615,0
TRR,D,20141209,000000,7.8,7.8,7.46,7.76,10785,0
TRR,D,20141210,000000,7.76,7.76,7.76,7.76,23,0
TRR,D,20141211,000000,7.5,7.5,7.1,7.12,2247,0
TRR,D,20141212,000000,7.12,7.2,7.12,7.2,932,0
TRR,D,20141215,000000,7.22,7.22,7.2,7.22,955,0
TRR,D,20141216,000000,7.22,7.25,6.7,7.25,868,0
TRR,D,20141217,000000,7.25,7.35,6.6,6.6,708,0
TRR,D,20141218,000000,7,7,6.41,7,871,0
TRR,D,20141219,000000,6.99,6.99,6.98,6.98,199,0
TRR,D,20141222,000000,6.97,6.97,6.7,6.94,653,0
TRR,D,20141223,000000,6.93,7.1,6.85,7.1,2707,0
TRR,D,20141229,000000,7.04,7.5,7.04,7.5,1607,0
TRR,D,20141230,000000,7.27,7.42,7.2,7.39,3670,0
TRR,D,20150102,000000,7.29,7.29,6.96,7.26,1133,0
TRR,D,20150105,000000,6.9,6.9,6.58,6.74,2130,0
TRR,D,20150107,000000,6.31,6.31,5.5,5.89,3178,0
TRR,D,20150108,000000,5.53,5.99,5,5.99,4907,0
TRR,D,20150109,000000,5.99,5.99,4.99,5.2,10053,0
TRR,D,20150112,000000,5.16,5.16,4.7,5,1297,0
TRR,D,20150113,000000,5,5,4.99,5,522,0
TRR,D,20150114,000000,4.55,4.8,3.9,3.9,7455,0
TRR,D,20150115,000000,4.15,4.27,3.9,4.27,6066,0
TRR,D,20150116,000000,4.27,4.27,4,4.26,2719,0
TRR,D,20150119,000000,4.26,4.26,4.07,4.2,1519,0
TRR,D,20150120,000000,4.18,4.6,4.18,4.6,3727,0
TRR,D,20150121,000000,4.6,4.85,4.31,4.5,2819,0
TRR,D,20150122,000000,4.35,4.55,4.05,4.05,13583,0
TRR,D,20150123,000000,3.5,4.19,3.5,4,9861,0
TRR,D,20150126,000000,3.98,4.19,3.8,4.19,2354,0
TRR,D,20150127,000000,4.19,4.19,4.15,4.19,273,0
TRR,D,20150128,000000,4.19,4.19,4.18,4.18,269,0
TRR,D,20150129,000000,4.17,4.2,3.81,4.2,53798,0
TRR,D,20150130,000000,4.2,4.2,3.8,3.8,15679,0
TRR,D,20150202,000000,3.79,3.79,3.42,3.65,19383,0
TRR,D,20150203,000000,3.65,3.67,3.3,3.5,11836,0
TRR,D,20150204,000000,3.53,3.58,3.43,3.5,660,0
TRR,D,20150205,000000,3.5,3.63,3.5,3.63,1622,0
TRR,D,20150206,000000,3.63,3.68,3.63,3.68,638,0
TRR,D,20150209,000000,3.68,3.68,3.6,3.68,1269,0
TRR,D,20150210,000000,3.69,3.96,3.69,3.93,3465,0
TRR,D,20150211,000000,3.93,3.96,3.5,3.54,131000,0
TRR,D,20150212,000000,3.65,3.78,3.65,3.74,1495,0
TRR,D,20150213,000000,3.74,3.74,3.74,3.74,388,0
TRR,D,20150216,000000,3.72,3.72,3.7,3.71,1083,0
TRR,D,20150217,000000,3.71,3.71,3.7,3.71,582,0
TRR,D,20150218,000000,3.71,3.9,3.71,3.9,1084,0
TRR,D,20150219,000000,3.9,3.9,3.9,3.9,698,0
TRR,D,20150220,000000,3.9,3.9,3.9,3.9,736,0
TRR,D,20150223,000000,4,4,3.9,3.9,659,0
TRR,D,20150224,000000,3.9,3.94,3.6,3.94,3318,0
TRR,D,20150225,000000,3.99,3.99,3.85,3.85,132,0
TRR,D,20150226,000000,3.85,3.94,3.5,3.79,8835,0
TRR,D,20150227,000000,3.78,3.78,3.61,3.7,12849,0
TRR,D,20150302,000000,3.7,3.95,3.7,3.7,1093,0
TRR,D,20150303,000000,3.66,3.8,3.65,3.8,381,0
TRR,D,20150304,000000,3.84,3.9,3.84,3.9,492,0
TRR,D,20150305,000000,3.83,3.83,3.7,3.7,1603,0
TRR,D,20150306,000000,3.65,3.65,3.65,3.65,408,0
TRR,D,20150309,000000,3.61,3.89,3.61,3.89,2077,0
TRR,D,20150310,000000,3.9,3.9,3.6,3.84,576,0
TRR,D,20150311,000000,3.89,3.89,3.51,3.55,8262,0
TRR,D,20150312,000000,3.72,3.72,3.6,3.6,1562,0
TRR,D,20150313,000000,3.68,3.68,3.64,3.64,110,0
TRR,D,20150316,000000,3.64,3.68,3.64,3.68,396,0
TRR,D,20150317,000000,3.74,3.74,3.68,3.68,256,0
TRR,D,20150318,000000,3.68,3.68,3.5,3.65,1501,0
TRR,D,20150319,000000,3.65,3.65,3.45,3.5,4695,0
TRR,D,20150320,000000,3.45,3.45,3.45,3.45,255,0
TRR,D,20150323,000000,3.45,3.45,3.13,3.39,2354,0
TRR,D,20150324,000000,3.38,3.38,3.2,3.2,110,0
TRR,D,20150325,000000,3.2,3.42,3,3.42,2350,0
TRR,D,20150326,000000,3.43,3.43,3.1,3.38,2820,0
TRR,D,20150327,000000,3.38,3.39,3.1,3.38,3067,0
TRR,D,20150330,000000,3.22,3.36,3.1,3.35,2829,0
TRR,D,20150331,000000,3.33,3.33,3.12,3.33,700,0
TRR,D,20150401,000000,3.3,3.6,3.13,3.6,4320,0
TRR,D,20150402,000000,3.53,3.55,3.32,3.4,3898,0
TRR,D,20150407,000000,3.4,3.4,3.4,3.4,510,0
TRR,D,20150408,000000,3.4,3.4,3.26,3.26,3039,0
TRR,D,20150409,000000,3.3,3.3,3.15,3.3,852,0
TRR,D,20150410,000000,3.3,3.3,3.29,3.29,774,0
TRR,D,20150413,000000,3.29,3.29,3,3.25,3831,0
TRR,D,20150414,000000,3.25,3.25,3.1,3.19,1290,0
TRR,D,20150415,000000,3.19,3.19,3.09,3.19,1143,0
TRR,D,20150416,000000,3.17,3.19,3,3.19,6484,0
TRR,D,20150417,000000,3.1,3.19,3.04,3.18,3565,0
TRR,D,20150420,000000,3.1,3.17,3.02,3.12,3396,0
TRR,D,20150421,000000,3.1,3.1,3,3.08,226,0
TRR,D,20150422,000000,3.09,3.1,3,3,2665,0
TRR,D,20150423,000000,3,3.08,3,3.07,1991,0
TRR,D,20150424,000000,3.07,3.13,3.07,3.07,844,0
TRR,D,20150427,000000,3.15,3.2,3,3.2,9216,0
TRR,D,20150428,000000,3.25,3.46,3,3.1,14689,0
TRR,D,20150429,000000,3.15,3.45,3,3,15546,0
TRR,D,20150430,000000,3,3.3,3,3.09,20590,0
TRR,D,20150504,000000,3.1,3.15,3.01,3.14,1804,0
TRR,D,20150505,000000,3.17,3.18,3.13,3.18,1183,0
TRR,D,20150506,000000,3.17,3.24,3.12,3.23,2202,0
TRR,D,20150507,000000,3.2,3.2,3.05,3.19,4650,0
TRR,D,20150508,000000,3.14,3.24,3.05,3.24,3667,0
TRR,D,20150511,000000,3.24,3.24,3,3.12,15582,0
TRR,D,20150512,000000,3.1,3.12,2.92,3,5026,0
TRR,D,20150513,000000,3,3.04,3,3.03,519,0
TRR,D,20150514,000000,3.03,3.03,3.03,3.03,125,0
TRR,D,20150515,000000,3.03,3.03,2.9,3,601,0
TRR,D,20150518,000000,3,3,3,3,353,0
TRR,D,20150519,000000,3,3.04,2.9,3,1594,0
TRR,D,20150520,000000,2.97,3,2.97,3,303,0
TRR,D,20150521,000000,2.97,3.04,2.97,3.04,843,0
TRR,D,20150522,000000,2.99,3.02,2.99,3.02,313,0
TRR,D,20150525,000000,3,3.07,3,3.07,1748,0
TRR,D,20150526,000000,3.05,3.1,3.05,3.1,1311,0
TRR,D,20150527,000000,3.1,3.24,3,3.15,2353,0
TRR,D,20150528,000000,3.19,3.24,3.17,3.17,1143,0
TRR,D,20150529,000000,3.15,3.24,3.15,3.18,365,0
TRR,D,20150601,000000,3.16,3.21,3.14,3.21,36342,0
TRR,D,20150602,000000,3.24,3.36,3.22,3.36,16460,0
TRR,D,20150603,000000,3.36,3.49,3.3,3.49,11393,0
TRR,D,20150605,000000,3.49,4.21,3.41,4.21,9860,0
TRR,D,20150608,000000,4.3,5.2,4.3,5.2,44207,0
TRR,D,20150609,000000,5.49,6.02,4.4,4.9,11444,0
TRR,D,20150610,000000,4.9,5.2,4.42,4.57,8859,0
TRR,D,20150611,000000,4.57,4.78,3.77,3.77,14050,0
TRR,D,20150612,000000,4.13,4.17,3.8,3.8,3654,0
TRR,D,20150615,000000,3.8,3.8,3.35,3.35,2390,0
TRR,D,20150616,000000,3.4,3.52,3.15,3.49,4128,0
TRR,D,20150617,000000,3.55,3.55,3.1,3.48,4197,0
TRR,D,20150618,000000,3.45,3.45,3.2,3.39,542,0
TRR,D,20150619,000000,3.35,3.55,3.35,3.55,924,0
TRR,D,20150622,000000,3.54,3.77,3.46,3.55,1825,0
TRR,D,20150623,000000,3.55,3.68,3.32,3.5,1170,0
TRR,D,20150624,000000,3.49,3.49,3,3.14,5761,0
TRR,D,20150625,000000,3.21,3.25,3.21,3.25,75,0
TRR,D,20150626,000000,3.25,3.3,3.08,3.12,855,0
TRR,D,20150629,000000,3.15,3.19,3.15,3.19,130,0
TRR,D,20150630,000000,3.19,3.34,3.13,3.26,6133,0
TRR,D,20150701,000000,3.26,3.33,3,3.28,2164,0
TRR,D,20150702,000000,3.29,3.29,3.29,3.29,150,0
TRR,D,20150703,000000,3.15,3.2,3,3.2,881,0
TRR,D,20150706,000000,3.26,3.26,3,3.15,1321,0
TRR,D,20150707,000000,3.15,3.2,3.15,3.2,110,0
TRR,D,20150708,000000,3.24,3.24,3.24,3.24,10,0
TRR,D,20150709,000000,3.24,3.24,3.24,3.24,40,0
TRR,D,20150710,000000,3.11,3.11,2.9,3.1,2770,0
TRR,D,20150713,000000,3.12,3.12,2.9,3.1,3350,0
TRR,D,20150714,000000,3,3.1,2.95,3.1,4170,0
TRR,D,20150715,000000,3.05,3.05,2.95,3,1535,0
TRR,D,20150716,000000,3.03,3.07,2.98,3.04,9792,0
TRR,D,20150717,000000,3.06,3.06,3.05,3.05,1147,0
TRR,D,20150720,000000,3.02,3.05,2.88,3.04,34132,0
TRR,D,20150721,000000,3.04,3.2,3.04,3.2,35669,0
TRR,D,20150722,000000,3.2,3.33,2.88,2.89,21791,0
TRR,D,20150723,000000,2.87,3.05,2.6,2.69,23038,0
TRR,D,20150724,000000,2.65,2.8,2.6,2.7,3333,0
TRR,D,20150727,000000,2.7,2.73,2.5,2.7,2165,0
TRR,D,20150728,000000,2.6,2.75,2.52,2.7,10031,0
TRR,D,20150729,000000,2.75,2.75,2.7,2.7,519,0
TRR,D,20150730,000000,2.75,2.75,2.7,2.7,154,0
TRR,D,20150731,000000,2.7,2.7,2.7,2.7,220,0
TRR,D,20150803,000000,2.7,2.82,2.7,2.82,400,0
TRR,D,20150804,000000,2.88,2.88,2.75,2.75,1200,0
TRR,D,20150805,000000,2.87,2.87,2.59,2.84,19212,0
TRR,D,20150806,000000,2.75,2.8,2.7,2.8,1260,0
TRR,D,20150807,000000,2.78,2.83,2.69,2.8,15370,0
TRR,D,20150810,000000,2.82,2.82,2.71,2.8,363,0
TRR,D,20150811,000000,2.8,2.8,2.5,2.5,31751,0
TRR,D,20150812,000000,2.58,2.69,2.58,2.59,694,0
TRR,D,20150813,000000,2.64,2.64,2.64,2.64,160,0
TRR,D,20150814,000000,2.63,2.69,2.63,2.69,300,0
TRR,D,20150819,000000,2.67,2.67,2.52,2.67,1347,0
TRR,D,20150820,000000,2.6,2.6,2.56,2.56,2150,0
TRR,D,20150821,000000,2.66,2.66,2.54,2.6,2566,0
TRR,D,20150824,000000,2.65,2.69,2.6,2.69,610,0
TRR,D,20150825,000000,2.6,2.6,2.4,2.4,2600,0
TRR,D,20150826,000000,2.4,2.58,2.4,2.46,938,0
TRR,D,20150827,000000,2.46,2.57,2.46,2.55,700,0
TRR,D,20150828,000000,2.56,2.56,2.35,2.5,1826,0
TRR,D,20150831,000000,2.54,2.7,2.54,2.7,1170,0
TRR,D,20150901,000000,2.6,2.68,2.6,2.68,1580,0
TRR,D,20150902,000000,2.66,2.66,2.6,2.66,610,0
TRR,D,20150903,000000,2.64,2.64,2.64,2.64,90,0
TRR,D,20150904,000000,2.64,2.64,2.64,2.64,5,0
TRR,D,20150907,000000,2.7,2.7,2.7,2.7,5,0
TRR,D,20150908,000000,2.66,2.66,2.5,2.5,2030,0
TRR,D,20150909,000000,2.59,2.59,2.56,2.56,1290,0
TRR,D,20150910,000000,2.59,2.6,2.59,2.6,30,0
TRR,D,20150911,000000,2.62,2.62,2.6,2.6,17,0
TRR,D,20150914,000000,2.6,2.65,2.6,2.65,130,0
TRR,D,20150915,000000,2.63,2.63,2.63,2.63,40,0
TRR,D,20150916,000000,2.61,2.61,2.61,2.61,135,0
TRR,D,20150917,000000,2.64,2.64,2.41,2.41,259,0
TRR,D,20150918,000000,2.53,2.55,2.53,2.53,78,0
TRR,D,20150921,000000,2.6,2.63,2.6,2.63,76,0
TRR,D,20150922,000000,2.61,2.61,2.53,2.57,39,0
TRR,D,20150923,000000,2.6,2.61,2.4,2.6,691,0
TRR,D,20150924,000000,2.61,2.61,2.61,2.61,317,0
TRR,D,20150925,000000,2.61,2.61,2.61,2.61,5,0
TRR,D,20150928,000000,2.61,2.61,2.61,2.61,5,0
TRR,D,20150929,000000,2.6,2.6,2.45,2.6,6421,0
TRR,D,20150930,000000,2.6,2.6,2.6,2.6,55,0
TRR,D,20151001,000000,2.6,2.6,2.6,2.6,240,0
TRR,D,20151002,000000,2.6,2.6,2.6,2.6,5,0
TRR,D,20151005,000000,2.6,2.6,2.6,2.6,10,0
TRR,D,20151006,000000,2.6,2.6,2.6,2.6,5,0
TRR,D,20151007,000000,2.6,2.85,2.6,2.82,3931,0
TRR,D,20151008,000000,2.82,2.92,2.54,2.83,13839,0
TRR,D,20151009,000000,2.84,2.85,2.7,2.84,4223,0
TRR,D,20151012,000000,2.84,2.92,2.75,2.8,4243,0
TRR,D,20151013,000000,2.88,2.88,2.7,2.8,1132,0
TRR,D,20151014,000000,2.8,2.9,2.68,2.9,18385,0
TRR,D,20151015,000000,2.9,2.9,2.75,2.85,1418,0
TRR,D,20151016,000000,2.9,2.92,2.8,2.8,230,0
TRR,D,20151019,000000,2.8,2.87,2.8,2.8,12230,0
TRR,D,20151020,000000,2.8,2.9,2.79,2.84,930,0
TRR,D,20151021,000000,2.83,3.11,2.8,3,15326,0
TRR,D,20151022,000000,3.1,3.1,3,3.05,3762,0
TRR,D,20151023,000000,3.05,3.12,2.9,3.05,2360,0
TRR,D,20151026,000000,2.97,3.21,2.97,3.09,4211,0
TRR,D,20151027,000000,3.11,3.4,3.09,3.23,5823,0
TRR,D,20151028,000000,3.21,3.28,3.21,3.25,3232,0
TRR,D,20151029,000000,3.26,3.35,3.25,3.28,760,0
TRR,D,20151030,000000,3.29,3.29,3.07,3.2,3913,0
TRR,D,20151102,000000,3.2,3.2,2.95,3.04,4668,0
TRR,D,20151103,000000,3.02,3.03,2.9,2.98,4690,0
TRR,D,20151104,000000,2.98,2.98,2.75,2.88,7057,0
TRR,D,20151105,000000,2.85,2.85,2.85,2.85,210,0
TRR,D,20151106,000000,2.85,2.88,2.75,2.86,1301,0
TRR,D,20151109,000000,2.88,3.16,2.86,3.14,26111,0
TRR,D,20151110,000000,3.16,3.4,3.16,3.3,23663,0
TRR,D,20151112,000000,3.3,3.6,3.3,3.5,10403,0
TRR,D,20151113,000000,3.51,3.67,3.51,3.6,3041,0
TRR,D,20151116,000000,3.6,3.77,3.6,3.7,2632,0
TRR,D,20151117,000000,3.7,3.75,3.55,3.6,5069,0
TRR,D,20151118,000000,3.6,3.77,3.6,3.68,5089,0
TRR,D,20151119,000000,3.7,3.99,3.62,3.9,20243,0
TRR,D,20151120,000000,4,4.25,4,4,11741,0
TRR,D,20151123,000000,4.1,4.14,4.05,4.05,7470,0
TRR,D,20151124,000000,3.97,4.15,3.8,4.09,13435,0
TRR,D,20151125,000000,4,4.1,3.9,4.1,5214,0
TRR,D,20151126,000000,3.99,4.14,3.9,4,9204,0
TRR,D,20151127,000000,4.09,4.09,3.94,4.02,760,0
TRR,D,20151130,000000,4.1,4.1,3.9,4,10250,0
TRR,D,20151201,000000,4.07,4.07,4,4.07,6306,0
TRR,D,20151202,000000,4.11,4.15,4,4.08,4349,0
TRR,D,20151203,000000,4.08,4.26,4.08,4.1,9866,0
TRR,D,20151204,000000,4.11,4.23,4.1,4.17,20202,0
TRR,D,20151207,000000,4.16,4.19,4,4.08,19824,0
TRR,D,20151208,000000,4.08,4.12,4,4.12,1434,0
TRR,D,20151209,000000,4.12,4.12,3.91,3.95,6269,0
TRR,D,20151210,000000,3.78,3.78,3.75,3.78,11924,0
TRR,D,20151211,000000,3.78,3.78,3.78,3.78,305,0
TRR,D,20151214,000000,3.78,3.78,3.52,3.68,12001,0
TRR,D,20151215,000000,3.6,3.72,3.52,3.69,9996,0
TRR,D,20151216,000000,3.72,3.75,3.66,3.7,5815,0
TRR,D,20151217,000000,3.67,3.71,3.67,3.71,9054,0
TRR,D,20151218,000000,3.7,3.7,3.62,3.69,7622,0
TRR,D,20151221,000000,3.69,3.7,3.54,3.63,11755,0
TRR,D,20151222,000000,3.63,3.63,3.62,3.62,6600,0
TRR,D,20151223,000000,3.63,3.63,3.38,3.5,6852,0
TRR,D,20151228,000000,3.5,3.5,3.41,3.45,3930,0
TRR,D,20151229,000000,3.53,3.54,3.45,3.5,3421,0
TRR,D,20151230,000000,3.51,3.54,3.5,3.54,2722,0
TRR,D,20160104,000000,3.5,3.55,3.5,3.55,1370,0
TRR,D,20160105,000000,3.6,3.69,3.6,3.69,3046,0
TRR,D,20160107,000000,3.69,3.78,3.69,3.75,275,0
TRR,D,20160108,000000,3.8,3.8,3.79,3.79,237,0
TRR,D,20160111,000000,3.8,3.8,3.75,3.75,182,0
TRR,D,20160112,000000,3.83,3.9,3.8,3.85,400,0
TRR,D,20160113,000000,3.75,3.85,3.75,3.85,4603,0
TRR,D,20160114,000000,3.83,3.83,3.83,3.83,10,0
TRR,D,20160115,000000,3.81,3.81,3.6,3.81,2902,0
TRR,D,20160118,000000,3.49,3.5,3.44,3.45,4133,0
TRR,D,20160119,000000,3.5,3.5,3.42,3.5,200,0
TRR,D,20160120,000000,3.5,3.5,3.5,3.5,66,0
TRR,D,20160121,000000,3.5,3.5,3.5,3.5,23,0
TRR,D,20160122,000000,3.5,3.5,3.25,3.34,3170,0
TRR,D,20160125,000000,3.3,3.3,3.1,3.2,3012,0
TRR,D,20160126,000000,3.2,3.2,3.2,3.2,15,0
TRR,D,20160127,000000,3.19,3.19,3.19,3.19,64,0
TRR,D,20160128,000000,3.2,3.2,3.2,3.2,23,0
TRR,D,20160201,000000,3.1,3.18,3.09,3.17,601,0
TRR,D,20160202,000000,3.05,3.15,2.92,3.15,1825,0
TRR,D,20160203,000000,3.05,3.05,2.92,2.96,3948,0
TRR,D,20160204,000000,2.92,3,2.83,3,9281,0
TRR,D,20160205,000000,3.05,3.12,2.97,3.09,9885,0
TRR,D,20160208,000000,3,3,2.99,2.99,2663,0
TRR,D,20160209,000000,2.99,3,2.99,3,1714,0
TRR,D,20160210,000000,3,3,3,3,1118,0
TRR,D,20160211,000000,3,3.02,2.99,3,3254,0
TRR,D,20160212,000000,3,3.02,3,3.02,3445,0
TRR,D,20160215,000000,3.02,3.08,3.02,3.08,2979,0
TRR,D,20160216,000000,3.11,3.11,3.07,3.1,221,0
TRR,D,20160217,000000,3.08,3.14,2.99,3.14,33161,0
TRR,D,20160218,000000,3.09,3.15,3.07,3.13,3540,0
TRR,D,20160219,000000,3.14,3.25,3.12,3.25,4263,0
TRR,D,20160222,000000,3.25,3.3,3.25,3.3,400,0
TRR,D,20160223,000000,3.3,3.3,3.3,3.3,5,0
TRR,D,20160224,000000,3.3,3.33,3.19,3.33,3716,0
TRR,D,20160225,000000,3.34,3.34,3.18,3.22,1080,0
TRR,D,20160226,000000,3.3,3.63,3.3,3.6,22815,0
TRR,D,20160229,000000,3.49,3.8,3.49,3.75,2064,0
TRR,D,20160301,000000,3.83,4.15,3.75,3.8,9900,0
TRR,D,20160302,000000,3.8,4,3.8,3.99,3820,0
TRR,D,20160303,000000,3.9,3.9,3.9,3.9,746,0
TRR,D,20160304,000000,3.95,3.95,3.7,3.89,657,0
TRR,D,20160307,000000,3.89,3.89,3.85,3.85,33,0
TRR,D,20160308,000000,3.89,3.89,3.8,3.81,436,0
TRR,D,20160309,000000,3.8,3.8,3.75,3.8,532,0
TRR,D,20160310,000000,3.75,3.75,3.65,3.65,374,0
TRR,D,20160311,000000,3.65,3.65,3.6,3.64,300,0
TRR,D,20160314,000000,3.8,3.8,3.61,3.61,32,0
TRR,D,20160315,000000,3.7,3.7,3.33,3.5,10903,0
TRR,D,20160316,000000,3.3,3.3,3.29,3.3,2030,0
TRR,D,20160317,000000,3.3,3.31,3.3,3.31,651,0
TRR,D,20160318,000000,3.32,3.32,3.32,3.32,27,0
TRR,D,20160321,000000,3.32,3.42,3.32,3.42,1637,0
TRR,D,20160322,000000,3.31,3.47,3.31,3.47,2370,0
TRR,D,20160323,000000,3.3,3.3,3.13,3.15,4452,0
TRR,D,20160324,000000,3.15,3.15,3.15,3.15,200,0
TRR,D,20160329,000000,3.05,3.15,3.05,3.14,853,0
TRR,D,20160330,000000,3.15,3.15,3,3.01,2757,0
TRR,D,20160331,000000,3.01,3.01,2.99,3,12070,0
TRR,D,20160401,000000,3.02,3.04,3.02,3.03,1868,0
TRR,D,20160404,000000,3.03,3.03,2.9,2.9,3377,0
TRR,D,20160405,000000,2.94,2.94,2.94,2.94,170,0
TRR,D,20160406,000000,2.9,2.94,2.9,2.94,98,0
TRR,D,20160407,000000,2.94,3,2.94,3,1057,0
TRR,D,20160408,000000,3,3.05,3,3.05,5760,0
TRR,D,20160411,000000,3.05,3.1,3.05,3.1,155,0
TRR,D,20160412,000000,3.15,3.15,3,3.09,6132,0
TRR,D,20160413,000000,3.09,3.09,3.09,3.09,150,0
TRR,D,20160414,000000,3.09,3.09,2.96,3.08,6129,0
TRR,D,20160415,000000,3,3,2.95,3,4872,0
TRR,D,20160418,000000,2.95,3.01,2.88,2.96,4036,0
TRR,D,20160420,000000,2.9,2.9,2.9,2.9,58,0
TRR,D,20160421,000000,2.9,2.95,2.9,2.95,1005,0
TRR,D,20160422,000000,2.96,3,2.9,3,45388,0
TRR,D,20160425,000000,3,3,2.92,2.95,5105,0
TRR,D,20160426,000000,2.95,2.95,2.95,2.95,30000,0
TRR,D,20160427,000000,2.9,2.96,2.9,2.96,370,0
TRR,D,20160428,000000,2.96,2.96,2.8,2.96,15673,0
TRR,D,20160429,000000,2.94,2.94,2.75,2.94,7833,0
TRR,D,20160502,000000,3,3,2.88,3,67094,0
TRR,D,20160504,000000,3.01,3.1,3.01,3.1,195,0
TRR,D,20160505,000000,3.1,3.1,2.96,3,8611,0
TRR,D,20160506,000000,3.02,3.02,3.02,3.02,5,0
TRR,D,20160510,000000,3.02,3.03,2.9,2.99,1036,0
TRR,D,20160511,000000,3.01,3.01,3.01,3.01,5,0
TRR,D,20160512,000000,3.01,3.01,2.9,2.9,438,0
TRR,D,20160513,000000,3.01,3.01,2.89,3,3674,0
TRR,D,20160519,000000,2.88,2.88,2.85,2.85,200,0
TRR,D,20160520,000000,2.8,2.8,2.69,2.7,245,0
TRR,D,20160523,000000,2.69,2.82,2.69,2.82,12670,0
TRR,D,20160524,000000,2.82,2.82,2.69,2.69,2970,0
TRR,D,20160525,000000,2.7,2.7,2.7,2.7,100,0
TRR,D,20160527,000000,2.69,2.77,2.55,2.77,1807,0
TRR,D,20160531,000000,2.65,2.81,2.65,2.81,2559,0
TRR,D,20160601,000000,2.65,2.82,2.65,2.82,10006,0
TRR,D,20160602,000000,2.7,2.81,2.7,2.81,620,0
TRR,D,20160603,000000,2.81,2.83,2.81,2.83,191,0
TRR,D,20160606,000000,2.82,2.85,2.82,2.84,630,0
TRR,D,20160607,000000,2.85,2.99,2.85,2.99,190,0
TRR,D,20160608,000000,3,3,2.99,2.99,109,0
TRR,D,20160609,000000,2.99,2.99,2.99,2.99,575,0
TRR,D,20160610,000000,2.99,2.99,2.86,2.87,13875,0
TRR,D,20160613,000000,2.85,2.85,2.85,2.85,224,0
TRR,D,20160614,000000,2.88,2.88,2.75,2.83,1664,0
TRR,D,20160615,000000,2.83,2.83,2.83,2.83,250,0
TRR,D,20160616,000000,2.75,2.75,2.75,2.75,83,0
TRR,D,20160617,000000,2.75,2.75,2.75,2.75,82,0
TRR,D,20160620,000000,2.75,2.75,2.5,2.5,4357,0
TRR,D,20160621,000000,2.7,2.7,2.66,2.7,2404,0
TRR,D,20160622,000000,2.6,2.6,2.6,2.6,54,0
TRR,D,20160623,000000,2.68,2.68,2.6,2.68,120,0
TRR,D,20160624,000000,2.6,2.65,2.6,2.65,100,0
TRR,D,20160627,000000,2.65,2.65,2.65,2.65,5,0
TRR,D,20160628,000000,2.65,2.65,2.65,2.65,10,0
TRR,D,20160629,000000,2.65,2.65,2.65,2.65,612,0
TRR,D,20160630,000000,2.65,2.65,2.65,2.65,10,0
TRR,D,20160701,000000,2.65,2.65,2.65,2.65,5,0
TRR,D,20160704,000000,2.68,2.68,2.68,2.68,20,0
TRR,D,20160711,000000,2.68,2.68,2.56,2.56,1203,0
TRR,D,20160712,000000,2.51,2.56,2.51,2.56,12,0
TRR,D,20160713,000000,2.58,2.58,2.51,2.51,230,0
TRR,D,20160714,000000,2.51,2.59,2.5,2.59,5009,0
TRR,D,20160715,000000,2.59,2.59,2.46,2.46,4311,0
TRR,D,20160718,000000,2.46,2.5,2.46,2.46,1401,0
TRR,D,20160719,000000,2.46,2.52,2.46,2.52,34,0
TRR,D,20160720,000000,2.42,2.42,2.42,2.42,1195,0
TRR,D,20160721,000000,2.5,2.5,2.37,2.37,4501,0
TRR,D,20160722,000000,2.37,2.37,2.37,2.37,1091,0
TRR,D,20160726,000000,2.37,2.37,2.37,2.37,10,0
TRR,D,20160727,000000,2.35,2.35,2.34,2.34,71,0
TRR,D,20160728,000000,2.4,2.55,2.4,2.55,19943,0
TRR,D,20160729,000000,2.57,2.57,2.57,2.57,20,0
TRR,D,20160801,000000,2.6,2.62,2.55,2.55,5116,0
TRR,D,20160802,000000,2.57,2.62,2.57,2.62,3688,0
TRR,D,20160803,000000,2.64,2.85,2.64,2.85,5237,0
TRR,D,20160804,000000,2.6,2.6,2.6,2.6,2000,0
TRR,D,20160805,000000,2.73,2.73,2.5,2.6,3739,0
TRR,D,20160808,000000,2.6,2.68,2.6,2.68,2285,0
TRR,D,20160809,000000,2.6,2.6,2.56,2.6,793,0
TRR,D,20160810,000000,2.6,2.6,2.6,2.6,15,0
TRR,D,20160811,000000,2.55,2.55,2.55,2.55,58,0
TRR,D,20160812,000000,2.55,2.65,2.55,2.55,910,0
TRR,D,20160816,000000,2.6,2.6,2.5,2.55,930,0
TRR,D,20160817,000000,2.51,2.73,2.51,2.73,3135,0
TRR,D,20160818,000000,2.73,2.73,2.73,2.73,20,0
TRR,D,20160819,000000,2.67,2.67,2.64,2.67,4309,0
TRR,D,20160822,000000,2.56,2.56,2.56,2.56,300,0
TRR,D,20160823,000000,2.55,2.55,2.51,2.51,6000,0
TRR,D,20160824,000000,2.51,2.51,2.51,2.51,750,0
TRR,D,20160825,000000,2.45,2.45,2.4,2.4,3597,0
TRR,D,20160826,000000,2.4,2.4,2.4,2.4,6,0
TRR,D,20160829,000000,2.4,2.4,2.4,2.4,6,0
TRR,D,20160830,000000,2.39,2.39,2.34,2.37,4560,0
TRR,D,20160831,000000,2.37,2.38,2.37,2.38,626,0
TRR,D,20160901,000000,2.38,2.38,2.38,2.38,1400,0
TRR,D,20160902,000000,2.38,2.38,2.38,2.38,49,0
TRR,D,20160906,000000,2.37,2.37,2.37,2.37,10,0
TRR,D,20160907,000000,2.38,2.4,2.38,2.4,3831,0
TRR,D,20160908,000000,2.4,2.4,2.4,2.4,189,0
TRR,D,20160909,000000,2.4,2.4,2.4,2.4,181,0
TRR,D,20160912,000000,2.4,2.4,2.4,2.4,153,0
TRR,D,20160913,000000,2.4,2.4,2.4,2.4,255,0
TRR,D,20160914,000000,2.4,2.4,2.4,2.4,65,0
TRR,D,20160915,000000,2.4,2.4,2.4,2.4,174,0
TRR,D,20160916,000000,2.4,2.4,2.4,2.4,108,0
TRR,D,20160919,000000,2.4,2.4,2.4,2.4,298,0
TRR,D,20160920,000000,2.4,2.4,2.21,2.21,7719,0
TRR,D,20160921,000000,2.2,2.21,2.14,2.14,5831,0
TRR,D,20160922,000000,2.15,2.21,2.15,2.21,3660,0
TRR,D,20160923,000000,2.2,2.2,2.2,2.2,10,0
TRR,D,20160926,000000,2.2,2.2,2.2,2.2,5,0
TRR,D,20160927,000000,2.15,2.2,2.12,2.2,3450,0
TRR,D,20160928,000000,2.2,2.2,2.2,2.2,500,0
TRR,D,20160929,000000,2.2,2.23,2.2,2.23,3900,0
TRR,D,20160930,000000,2.25,2.25,2.25,2.25,1380,0
TRR,D,20161003,000000,2.2,2.2,2.2,2.2,20,0
TRR,D,20161004,000000,2.25,2.25,2.25,2.25,10,0
TRR,D,20161005,000000,2.25,2.25,2.25,2.25,15,0
TRR,D,20161006,000000,2.25,2.29,2.25,2.29,1599,0
TRR,D,20161007,000000,2.29,2.29,2.29,2.29,2790,0
TRR,D,20161010,000000,2.32,2.32,2.29,2.29,22,0
TRR,D,20161011,000000,2.29,2.29,2.22,2.22,4009,0
TRR,D,20161012,000000,2.22,2.28,2.22,2.28,380,0
TRR,D,20161013,000000,2.28,2.32,2.28,2.32,554,0
TRR,D,20161014,000000,2.32,2.34,2.32,2.34,1004,0
TRR,D,20161017,000000,2.34,2.35,2.34,2.35,589,0
TRR,D,20161018,000000,2.35,2.38,2.35,2.38,211,0
TRR,D,20161019,000000,2.38,2.39,2.38,2.39,1040,0
TRR,D,20161020,000000,2.39,2.39,2.39,2.39,26,0
TRR,D,20161021,000000,2.39,2.39,2.36,2.36,31,0
TRR,D,20161024,000000,2.36,2.36,2.36,2.36,39,0
TRR,D,20161025,000000,2.36,2.36,2.36,2.36,23,0
TRR,D,20161026,000000,2.36,2.36,2.36,2.36,21,0
TRR,D,20161027,000000,2.36,2.36,2.36,2.36,20,0
TRR,D,20161028,000000,2.36,2.36,2.36,2.36,18,0
TRR,D,20161031,000000,2.3,2.3,2.22,2.29,1123,0
TRR,D,20161102,000000,2.29,2.29,2.29,2.29,19,0
TRR,D,20161104,000000,2.29,2.29,2.29,2.29,36,0
TRR,D,20161107,000000,2.29,2.29,2.29,2.29,37,0
TRR,D,20161108,000000,2.29,2.29,2.29,2.29,18,0
TRR,D,20161109,000000,2.29,2.29,2.29,2.29,6,0
TRR,D,20161110,000000,2.29,2.29,2.29,2.29,21,0
TRR,D,20161114,000000,2.33,2.33,2.33,2.33,10,0
TRR,D,20161115,000000,2.32,2.32,2.3,2.32,3030,0
TRR,D,20161116,000000,2.3,2.3,2.3,2.3,221,0
TRR,D,20161117,000000,2.3,2.3,2.3,2.3,21,0
TRR,D,20161118,000000,2.36,2.36,2.36,2.36,24,0
TRR,D,20161121,000000,2.36,2.36,2.27,2.27,3358,0
TRR,D,20161124,000000,2.28,2.35,2.28,2.35,106,0
TRR,D,20161125,000000,2.36,2.36,2.36,2.36,169,0
TRR,D,20161128,000000,2.36,2.36,2.36,2.36,477,0
TRR,D,20161129,000000,2.36,2.36,2.36,2.36,30,0
TRR,D,20161130,000000,2.22,2.31,2.22,2.31,947,0
TRR,D,20161201,000000,2.31,2.33,2.22,2.28,200,0
TRR,D,20161202,000000,2.28,2.28,2.28,2.28,77,0
TRR,D,20161205,000000,2.27,2.35,2.27,2.35,330,0
TRR,D,20161206,000000,2.34,2.35,2.33,2.35,3170,0
TRR,D,20161207,000000,2.34,2.34,2.34,2.34,38,0
TRR,D,20161208,000000,2.34,2.34,2.34,2.34,55,0
TRR,D,20161209,000000,2.34,2.35,2.34,2.35,528,0
TRR,D,20161212,000000,2.35,2.35,2.35,2.35,170,0
TRR,D,20161213,000000,2.35,2.35,2.35,2.35,478,0
TRR,D,20161214,000000,2.36,2.36,2.35,2.35,84,0
TRR,D,20161215,000000,2.36,2.36,2.26,2.34,3355,0
TRR,D,20161219,000000,2.29,2.29,2.29,2.29,14,0
TRR,D,20161220,000000,2.29,2.29,2.23,2.28,1046,0
TRR,D,20161221,000000,2.29,2.29,2.29,2.29,23,0
TRR,D,20161222,000000,2.29,2.29,2.17,2.19,4070,0
TRR,D,20161223,000000,2.2,2.2,2.2,2.2,264,0
TRR,D,20161227,000000,2.19,2.19,2.19,2.19,400,0
TRR,D,20161228,000000,2.2,2.2,2.13,2.19,300,0
TRR,D,20161229,000000,2.18,2.22,2.13,2.22,4275,0
TRR,D,20161230,000000,2.2,2.2,2.2,2.2,5,0
TRR,D,20170102,000000,2.15,2.22,2.13,2.22,5104,0
TRR,D,20170103,000000,2.24,2.24,2.24,2.24,10202,0
TRR,D,20170104,000000,2.24,2.24,2.24,2.24,61,0
TRR,D,20170105,000000,2.24,2.4,2.24,2.4,6868,0
TRR,D,20170109,000000,2.4,2.5,2.4,2.5,2023,0
TRR,D,20170110,000000,2.55,2.55,2.55,2.55,15,0
TRR,D,20170111,000000,2.3,2.5,2.23,2.5,8263,0
TRR,D,20170117,000000,2.49,2.49,2.49,2.49,23,0
TRR,D,20170118,000000,2.48,2.48,2.48,2.48,30,0
TRR,D,20170119,000000,2.45,2.45,2.45,2.45,13,0
TRR,D,20170120,000000,2.44,2.44,2.44,2.44,22,0
TRR,D,20170123,000000,2.4,2.4,2.35,2.35,2200,0
TRR,D,20170124,000000,2.35,2.35,2.35,2.35,224,0
TRR,D,20170125,000000,2.35,2.35,2.35,2.35,10,0
TRR,D,20170126,000000,2.35,2.45,2.35,2.45,210,0
TRR,D,20170127,000000,2.45,2.45,2.45,2.45,6,0
TRR,D,20170130,000000,2.45,2.45,2.35,2.35,3517,0
TRR,D,20170131,000000,2.35,2.35,2.35,2.35,18,0
TRR,D,20170201,000000,2.35,2.35,2.35,2.35,18,0
TRR,D,20170202,000000,2.35,2.35,2.35,2.35,21,0
TRR,D,20170203,000000,2.35,2.35,2.35,2.35,15,0
TRR,D,20170206,000000,2.35,2.55,2.35,2.55,763,0
TRR,D,20170207,000000,2.55,2.55,2.55,2.55,403,0
TRR,D,20170210,000000,2.38,2.38,2.38,2.38,20,0
TRR,D,20170213,000000,2.38,2.38,2.38,2.38,20,0
TRR,D,20170214,000000,2.38,2.38,2.28,2.36,185,0
TRR,D,20170215,000000,2.25,2.3,2.2,2.3,3719,0
TRR,D,20170216,000000,2.25,2.25,2.25,2.25,1000,0
TRR,D,20170217,000000,2.22,2.22,2.22,2.22,536,0
TRR,D,20170220,000000,2.22,2.22,2.22,2.22,10,0
TRR,D,20170221,000000,2.22,2.24,2.22,2.24,20,0
TRR,D,20170222,000000,2.24,2.3,2.24,2.3,99,0
TRR,D,20170223,000000,2.23,2.23,2.23,2.23,45,0
TRR,D,20170224,000000,2.22,2.22,2.22,2.22,43,0
TRR,D,20170227,000000,2.23,2.3,2.23,2.3,7863,0
TRR,D,20170228,000000,2.3,2.3,2.3,2.3,10,0
TRR,D,20170301,000000,2.3,2.3,2.3,2.3,30,0
TRR,D,20170302,000000,2.3,2.3,2.3,2.3,120,0
TRR,D,20170303,000000,2.3,2.3,2.24,2.24,6865,0
TRR,D,20170306,000000,2.23,2.23,2.23,2.23,237,0
TRR,D,20170307,000000,2.23,2.24,2.23,2.24,3387,0
TRR,D,20170308,000000,2.24,2.24,2.24,2.24,109,0
TRR,D,20170309,000000,2.24,2.3,2.24,2.3,260,0
TRR,D,20170310,000000,2.24,2.24,2.24,2.24,470,0
TRR,D,20170313,000000,2.24,2.3,2.23,2.24,2252,0
TRR,D,20170314,000000,2.23,2.24,2.22,2.24,3465,0
TRR,D,20170315,000000,2.24,2.3,2.24,2.3,3376,0
TRR,D,20170316,000000,2.3,2.3,2.3,2.3,13825,0
TRR,D,20170317,000000,2.3,2.3,2.23,2.3,5027,0
TRR,D,20170320,000000,2.3,2.3,2.2,2.29,3119,0
TRR,D,20170321,000000,2.23,2.23,2.18,2.22,668,0
TRR,D,20170322,000000,2.22,2.23,2.22,2.22,1166,0
TRR,D,20170323,000000,2.26,2.26,2.26,2.26,60,0
TRR,D,20170327,000000,2.2,2.2,2.2,2.2,500,0
TRR,D,20170330,000000,2.24,2.24,2.2,2.2,3474,0
TRR,D,20170331,000000,2.25,2.25,2.16,2.2,3510,0
TRR,D,20170403,000000,2.2,2.2,2.01,2.12,7355,0
TRR,D,20170404,000000,2.06,2.12,2.06,2.12,580,0
TRR,D,20170405,000000,2.06,2.12,2.06,2.12,3614,0
TRR,D,20170406,000000,2.12,2.12,2.07,2.1,3336,0
TRR,D,20170407,000000,2.12,2.12,2.11,2.12,868,0
TRR,D,20170410,000000,2.12,2.12,2.07,2.07,848,0
TRR,D,20170411,000000,2.16,2.16,2.16,2.16,53,0
TRR,D,20170412,000000,2.16,2.16,2.01,2.01,5691,0
TRR,D,20170413,000000,2.09,2.09,2.09,2.09,52,0
TRR,D,20170418,000000,2.09,2.09,2,2.03,7466,0
TRR,D,20170420,000000,2.01,2.01,2.01,2.01,57,0
TRR,D,20170425,000000,2.01,2.02,2,2.02,10227,0
TRR,D,20170426,000000,2.07,2.07,2.07,2.07,5,0
TRR,D,20170505,000000,2.05,2.05,2.05,2.05,20,0
TRR,D,20170509,000000,1.97,2.07,1.97,2.07,15608,0
TRR,D,20170511,000000,2.05,2.05,2.05,2.05,2,0
TRR,D,20170512,000000,2.07,2.07,2.05,2.05,49,0
TRR,D,20170516,000000,2,2,2,2,9,0
TRR,D,20170517,000000,2.04,2.04,2.04,2.04,5,0
TRR,D,20170523,000000,2,2,2,2,2,0
TRR,D,20170524,000000,1.95,2.02,1.95,2.02,959,0
TRR,D,20170526,000000,2.01,2.05,2.01,2.02,8541,0
TRR,D,20170529,000000,2.01,2.02,2.01,2.02,7000,0
TRR,D,20170530,000000,2.02,2.02,2.02,2.02,10,0
TRR,D,20170601,000000,2,2,2,2,41,0
TRR,D,20170605,000000,2,2,2,2,46,0
TRR,D,20170606,000000,1.99,2.01,1.99,2,133,0
TRR,D,20170607,000000,2,2,2,2,47,0
TRR,D,20170608,000000,2,2,2,2,63,0
TRR,D,20170609,000000,2,2,2,2,79,0
TRR,D,20170612,000000,2.01,2.01,2.01,2.01,45,0
TRR,D,20170614,000000,2,2,2,2,45,0
TRR,D,20170619,000000,2.01,2.01,2,2,54,0
TRR,D,20170620,000000,2,2,2,2,149,0
TRR,D,20170621,000000,1.95,2,1.88,2,10585,0
TRR,D,20170622,000000,2.13,2.13,2.13,2.13,36,0
TRR,D,20170623,000000,2,2.01,1.92,2.01,358,0
TRR,D,20170626,000000,2.11,2.11,2.11,2.11,80,0
TRR,D,20170627,000000,2.01,2.01,1.92,2,5943,0
TRR,D,20170628,000000,2,2,2,2,36,0
TRR,D,20170703,000000,2.01,2.01,2.01,2.01,30,0
TRR,D,20170706,000000,2,2,2,2,40,0
TRR,D,20170711,000000,2,2,2,2,57,0
TRR,D,20170714,000000,2,2,2,2,225,0
TRR,D,20170717,000000,1.99,2,1.99,2,189,0
TRR,D,20170718,000000,2,2.01,1.98,2.01,8753,0
TRR,D,20170719,000000,2.01,2.01,2.01,2.01,101,0
TRR,D,20170720,000000,2.01,2.01,2.01,2.01,45,0
TRR,D,20170721,000000,2.02,2.02,2,2,549,0
TRR,D,20170724,000000,1.99,1.99,1.99,1.99,41,0
TRR,D,20170725,000000,1.99,2,1.99,2,242,0
TRR,D,20170726,000000,2,2,2,2,10,0
TRR,D,20170727,000000,2,2,2,2,750,0
TRR,D,20170728,000000,1.99,2.04,1.98,2,1430,0
TRR,D,20170731,000000,2.04,2.04,2.02,2.02,318,0
TRR,D,20170801,000000,2,2,1.98,1.98,2008,0
TRR,D,20170802,000000,2,2,1.98,1.98,42,0
TRR,D,20170803,000000,1.98,1.98,1.98,1.98,11,0
TRR,D,20170804,000000,1.98,1.98,1.98,1.98,10,0
TRR,D,20170807,000000,2.04,2.04,2,2,401,0
TRR,D,20170808,000000,2.04,2.13,2.01,2.01,2816,0
TRR,D,20170809,000000,2.03,2.03,2.01,2.01,417,0
TRR,D,20170814,000000,2.01,2.03,2.01,2.03,328,0
TRR,D,20170816,000000,2.03,2.03,2.03,2.03,80,0
TRR,D,20170817,000000,1.99,2.04,1.95,2.01,2560,0
TRR,D,20170818,000000,2.01,2.01,2.01,2.01,20,0
TRR,D,20170821,000000,2.03,2.03,2.03,2.03,150,0
TRR,D,20170822,000000,2.01,2.01,2,2,385,0
TRR,D,20170823,000000,1.95,2.03,1.95,2.01,1860,0
TRR,D,20170824,000000,2.01,2.01,2.01,2.01,500,0
TRR,D,20170825,000000,2,2,2,2,227,0
TRR,D,20170828,000000,2,2,2,2,31,0
TRR,D,20170831,000000,1.95,1.95,1.95,1.95,3872,0
TRR,D,20170901,000000,1.99,1.99,1.94,1.98,3134,0
TRR,D,20170904,000000,1.95,1.99,1.95,1.99,2388,0
TRR,D,20170905,000000,1.95,1.99,1.95,1.99,388,0
TRR,D,20170906,000000,1.95,1.99,1.95,1.99,883,0
TRR,D,20170907,000000,1.95,1.95,1.95,1.95,665,0
TRR,D,20170908,000000,1.99,1.99,1.98,1.98,47,0
TRR,D,20170911,000000,2,2,2,2,46,0
TRR,D,20170912,000000,1.99,1.99,1.99,1.99,48,0
TRR,D,20170913,000000,2,2,2,2,49,0
TRR,D,20170914,000000,1.99,1.99,1.99,1.99,57,0
TRR,D,20170915,000000,1.99,1.99,1.9,1.9,7736,0
TRR,D,20170918,000000,1.95,1.96,1.9,1.95,1397,0
TRR,D,20170919,000000,1.95,1.98,1.95,1.95,1407,0
TRR,D,20170920,000000,1.93,1.98,1.93,1.98,350,0
TRR,D,20170921,000000,1.95,1.98,1.95,1.98,232,0
TRR,D,20170922,000000,1.95,1.95,1.95,1.95,39,0
TRR,D,20170925,000000,1.96,1.96,1.95,1.96,512,0
TRR,D,20170926,000000,1.95,1.95,1.95,1.95,216,0
TRR,D,20170927,000000,1.93,1.98,1.89,1.98,965,0
TRR,D,20170928,000000,1.96,1.96,1.93,1.93,610,0
TRR,D,20170929,000000,1.98,1.98,1.95,1.95,1240,0
TRR,D,20171002,000000,1.94,1.94,1.93,1.93,734,0
TRR,D,20171003,000000,1.91,1.96,1.89,1.91,1696,0
TRR,D,20171004,000000,1.91,1.94,1.89,1.94,958,0
TRR,D,20171005,000000,1.93,1.97,1.9,1.95,1447,0
TRR,D,20171006,000000,1.95,1.95,1.93,1.93,360,0
TRR,D,20171009,000000,1.95,1.95,1.89,1.93,3468,0
TRR,D,20171010,000000,1.91,1.91,1.91,1.91,61,0
TRR,D,20171011,000000,1.91,1.91,1.91,1.91,48,0
TRR,D,20171012,000000,1.91,1.91,1.91,1.91,44,0
TRR,D,20171013,000000,1.94,1.94,1.94,1.94,20,0
TRR,D,20171016,000000,1.92,1.92,1.92,1.92,48,0
TRR,D,20171017,000000,1.92,1.92,1.92,1.92,53,0
TRR,D,20171018,000000,1.92,1.94,1.92,1.94,351,0
TRR,D,20171019,000000,1.91,1.91,1.9,1.9,418,0
TRR,D,20171020,000000,1.92,1.92,1.92,1.92,141,0
TRR,D,20171024,000000,1.91,1.91,1.9,1.9,287,0
TRR,D,20171025,000000,1.94,1.94,1.94,1.94,49,0
TRR,D,20171026,000000,1.95,1.95,1.95,1.95,25,0
TRR,D,20171027,000000,1.91,1.91,1.91,1.91,40,0
TRR,D,20171030,000000,1.91,1.91,1.91,1.91,1775,0
TRR,D,20171031,000000,1.91,1.91,1.91,1.91,2,0
TRR,D,20171103,000000,1.92,1.92,1.92,1.92,33,0
TRR,D,20171106,000000,1.91,1.91,1.91,1.91,207,0
TRR,D,20171107,000000,1.92,1.92,1.91,1.91,620,0
TRR,D,20171108,000000,1.9,1.9,1.9,1.9,75,0
TRR,D,20171109,000000,1.9,1.92,1.9,1.92,11578,0
TRR,D,20171110,000000,1.92,2.03,1.91,2.03,18262,0
TRR,D,20171113,000000,2.02,2.2,2.02,2.2,11313,0
TRR,D,20171114,000000,2.2,2.41,2.19,2.2,10289,0
TRR,D,20171115,000000,2.2,2.3,2.2,2.3,2216,0
TRR,D,20171116,000000,2.3,2.3,2.3,2.3,1030,0
TRR,D,20171117,000000,2.38,2.4,2.38,2.4,1170,0
TRR,D,20171120,000000,2.37,2.37,2.21,2.37,3917,0
TRR,D,20171121,000000,2.37,2.37,2.31,2.37,13686,0
TRR,D,20171122,000000,2.37,2.37,2.37,2.37,66,0
TRR,D,20171123,000000,2.36,2.36,2.3,2.3,3320,0
TRR,D,20171124,000000,2.3,2.3,2.3,2.3,42,0
TRR,D,20171127,000000,2.21,2.3,2.21,2.3,268,0
TRR,D,20171128,000000,2.25,2.25,2.18,2.18,70,0
TRR,D,20171129,000000,2.16,2.16,2.16,2.16,300,0
TRR,D,20171130,000000,2.05,2.11,2.05,2.11,680,0
TRR,D,20171201,000000,2.1,2.1,2.02,2.02,3150,0
TRR,D,20171204,000000,1.99,1.99,1.99,1.99,3600,0
TRR,D,20171205,000000,1.99,1.99,1.99,1.99,410,0
TRR,D,20171207,000000,1.99,1.99,1.92,1.99,172,0
TRR,D,20171208,000000,1.9,1.98,1.9,1.98,490,0
TRR,D,20171211,000000,1.98,1.98,1.98,1.98,25,0
TRR,D,20171212,000000,1.98,1.98,1.98,1.98,47,0
TRR,D,20171214,000000,1.98,1.98,1.98,1.98,88,0
TRR,D,20171215,000000,1.9,1.98,1.9,1.98,19,0
TRR,D,20171218,000000,1.9,1.9,1.9,1.9,11,0
TRR,D,20171219,000000,1.9,1.98,1.9,1.98,30,0
TRR,D,20171220,000000,1.9,1.98,1.9,1.98,16,0
TRR,D,20171221,000000,1.9,1.9,1.9,1.9,15,0
TRR,D,20171222,000000,1.9,1.9,1.83,1.9,13104,0
TRR,D,20171227,000000,1.96,2,1.83,2,164,0
TRR,D,20171229,000000,1.97,1.99,1.97,1.99,12,0
TRR,D,20180103,000000,1.97,1.97,1.97,1.97,800,0
TRR,D,20180104,000000,1.92,1.92,1.92,1.92,57,0
TRR,D,20180108,000000,1.95,1.95,1.95,1.95,225,0
TRR,D,20180109,000000,1.95,1.95,1.95,1.95,50,0
TRR,D,20180110,000000,1.95,1.95,1.95,1.95,46,0
TRR,D,20180111,000000,1.95,1.95,1.95,1.95,44,0
TRR,D,20180112,000000,1.95,1.95,1.95,1.95,137,0
TRR,D,20180115,000000,1.9,1.9,1.88,1.9,810,0
TRR,D,20180116,000000,1.9,1.9,1.9,1.9,781,0
TRR,D,20180117,000000,1.9,1.9,1.9,1.9,458,0
TRR,D,20180118,000000,1.95,1.95,1.94,1.94,36,0
TRR,D,20180119,000000,1.93,1.93,1.93,1.93,49,0
TRR,D,20180122,000000,1.91,1.91,1.91,1.91,25,0
TRR,D,20180123,000000,1.91,1.91,1.91,1.91,25,0
TRR,D,20180124,000000,1.88,1.89,1.88,1.89,2247,0
TRR,D,20180125,000000,1.87,1.87,1.85,1.85,865,0
TRR,D,20180126,000000,1.9,1.9,1.9,1.9,27,0
TRR,D,20180129,000000,1.88,1.88,1.88,1.88,18,0
TRR,D,20180130,000000,1.87,1.87,1.84,1.84,2820,0
TRR,D,20180131,000000,1.81,1.9,1.81,1.9,3656,0
TRR,D,20180201,000000,1.9,1.9,1.9,1.9,79,0
TRR,D,20180202,000000,1.91,1.91,1.91,1.91,1197,0
TRR,D,20180205,000000,1.95,1.95,1.9,1.9,1034,0
TRR,D,20180206,000000,1.94,1.94,1.94,1.94,100,0
TRR,D,20180207,000000,1.95,1.95,1.91,1.91,297,0
TRR,D,20180208,000000,1.92,1.94,1.92,1.94,45,0
TRR,D,20180209,000000,1.92,1.92,1.92,1.92,252,0
TRR,D,20180212,000000,1.92,2,1.92,2,4963,0
TRR,D,20180213,000000,1.93,1.93,1.92,1.92,4510,0
TRR,D,20180214,000000,1.94,1.94,1.94,1.94,20,0
TRR,D,20180215,000000,1.87,1.91,1.8,1.91,5104,0
TRR,D,20180216,000000,1.93,1.93,1.93,1.93,53,0
TRR,D,20180220,000000,1.92,1.92,1.92,1.92,20,0
TRR,D,20180221,000000,1.85,1.92,1.85,1.92,66,0
TRR,D,20180222,000000,1.89,1.89,1.89,1.89,23,0
TRR,D,20180223,000000,1.87,1.87,1.68,1.76,4663,0
TRR,D,20180226,000000,1.75,1.75,1.75,1.75,490,0
TRR,D,20180227,000000,1.75,1.75,1.7,1.72,4994,0
TRR,D,20180228,000000,1.75,1.75,1.75,1.75,30,0
TRR,D,20180301,000000,1.72,1.75,1.72,1.75,203,0
TRR,D,20180302,000000,1.75,1.75,1.67,1.74,262,0
TRR,D,20180305,000000,1.75,1.75,1.75,1.75,25,0
TRR,D,20180306,000000,1.75,1.75,1.74,1.75,146,0
TRR,D,20180307,000000,1.75,1.75,1.72,1.72,54,0
TRR,D,20180308,000000,1.75,1.75,1.75,1.75,25,0
TRR,D,20180309,000000,1.75,1.75,1.74,1.75,146,0
TRR,D,20180312,000000,1.71,1.71,1.71,1.71,200,0
TRR,D,20180313,000000,1.75,1.75,1.75,1.75,25,0
TRR,D,20180314,000000,1.75,1.75,1.75,1.75,28,0
TRR,D,20180315,000000,1.75,1.75,1.75,1.75,10,0
TRR,D,20180316,000000,1.75,1.75,1.6,1.6,1623,0
TRR,D,20180319,000000,1.61,1.61,1.61,1.61,174,0
TRR,D,20180320,000000,1.61,1.61,1.6,1.6,765,0
TRR,D,20180321,000000,1.6,1.6,1.6,1.6,20,0
TRR,D,20180322,000000,1.6,1.6,1.6,1.6,530,0
TRR,D,20180323,000000,1.6,1.6,1.6,1.6,19,0
TRR,D,20180326,000000,1.62,1.62,1.41,1.45,3542,0
TRR,D,20180327,000000,1.44,1.44,1.43,1.43,287,0
TRR,D,20180328,000000,1.43,1.43,1.43,1.43,580,0
TRR,D,20180404,000000,1.44,1.44,1.44,1.44,38,0
TRR,D,20180405,000000,1.44,1.44,1.44,1.44,32,0
TRR,D,20180406,000000,1.44,1.44,1.44,1.44,39,0
TRR,D,20180410,000000,1.36,1.44,1.36,1.44,7037,0
TRR,D,20180411,000000,1.44,1.44,1.44,1.44,60,0
TRR,D,20180412,000000,1.35,1.43,1.32,1.43,7120,0
TRR,D,20180413,000000,1.43,1.43,1.43,1.43,37,0
TRR,D,20180416,000000,1.42,1.42,1.42,1.42,40,0
TRR,D,20180417,000000,1.42,1.42,1.42,1.42,40,0
TRR,D,20180419,000000,1.42,1.42,1.42,1.42,37,0
TRR,D,20180420,000000,1.42,1.42,1.42,1.42,39,0
TRR,D,20180423,000000,1.42,1.42,1.42,1.42,35,0
TRR,D,20180425,000000,1.42,1.43,1.42,1.42,1065,0
TRR,D,20180426,000000,1.42,1.42,1.42,1.42,37,0
TRR,D,20180427,000000,1.25,1.41,1.25,1.37,633,0
TRR,D,20180502,000000,1.41,1.41,1.41,1.41,18,0
TRR,D,20180504,000000,1.41,1.41,1.41,1.41,15,0
TRR,D,20180507,000000,1.25,1.37,1.25,1.37,477,0
TRR,D,20180510,000000,1.37,1.37,1.37,1.37,23,0
TRR,D,20180514,000000,1.37,1.37,1.37,1.37,35,0
TRR,D,20180515,000000,1.35,1.35,1.35,1.35,13,0
TRR,D,20180516,000000,1.35,1.35,1.35,1.35,10,0
TRR,D,20180517,000000,1.32,1.32,1.32,1.32,11,0
TRR,D,20180518,000000,1.32,1.32,1.32,1.32,11,0
TRR,D,20180521,000000,1.32,1.32,1.32,1.32,10,0
TRR,D,20180522,000000,1.32,1.32,1.32,1.32,13,0
TRR,D,20180523,000000,1.24,1.24,1.24,1.24,10,0
TRR,D,20180524,000000,1.32,1.32,1.32,1.32,10,0
TRR,D,20180525,000000,1.32,1.32,1.31,1.32,127,0
TRR,D,20180528,000000,1.32,1.32,1.32,1.32,33,0
TRR,D,20180529,000000,1.32,1.32,1.32,1.32,26,0
TRR,D,20180530,000000,1.32,1.32,1.32,1.32,25,0
TRR,D,20180601,000000,1.32,1.32,1.32,1.32,10,0
TRR,D,20180604,000000,1.32,1.32,1.32,1.32,31,0
TRR,D,20180605,000000,1.32,1.32,1.32,1.32,37,0
TRR,D,20180606,000000,1.31,1.31,1.31,1.31,39,0
TRR,D,20180607,000000,1.32,1.32,1.19,1.19,1333,0
TRR,D,20180608,000000,1.18,1.18,1.18,1.18,38,0
TRR,D,20180611,000000,1.07,1.07,1.02,1.02,115,0
TRR,D,20180612,000000,1,1.02,1,1,309,0
TRR,D,20180613,000000,1.01,1.02,1.01,1.02,1868,0
TRR,D,20180614,000000,1.01,1.04,1.01,1.04,8623,0
TRR,D,20180615,000000,1.1,1.14,1.1,1.14,125,0
TRR,D,20180618,000000,1.14,1.14,1.14,1.14,41,0
TRR,D,20180619,000000,1.14,1.14,1.14,1.14,38,0
TRR,D,20180620,000000,1.14,1.14,1.14,1.14,22,0
TRR,D,20180621,000000,1.03,1.03,1.02,1.02,386,0
TRR,D,20180622,000000,1.02,1.02,1.02,1.02,149,0
TRR,D,20180625,000000,1.1,1.1,1.1,1.1,38,0
TRR,D,20180626,000000,1.1,1.1,1,1,50,0
TRR,D,20180627,000000,1.03,1.03,1.03,1.03,36,0
TRR,D,20180628,000000,1.03,1.03,1.03,1.03,32,0
TRR,D,20180629,000000,1.02,1.02,1.02,1.02,25,0
TRR,D,20180702,000000,1.01,1.01,1.01,1.01,41,0
TRR,D,20180703,000000,1.01,1.01,0.95,1.01,4179,0
TRR,D,20180704,000000,1,1,0.93,1,2046,0
TRR,D,20180705,000000,1,1,0.99,1,1086,0
TRR,D,20180706,000000,0.98,0.98,0.98,0.98,2,0
TRR,D,20180709,000000,0.97,1.01,0.95,1.01,287,0
TRR,D,20180710,000000,1,1,0.99,0.99,1033,0
TRR,D,20180711,000000,0.99,0.99,0.99,0.99,38,0
TRR,D,20180712,000000,0.99,0.99,0.95,0.99,1487,0
TRR,D,20180713,000000,0.99,0.99,0.99,0.99,40,0
TRR,D,20180716,000000,0.98,0.98,0.98,0.98,82,0
TRR,D,20180717,000000,0.98,0.98,0.98,0.98,3041,0
TRR,D,20180718,000000,1,1,0.98,0.98,98,0
TRR,D,20180719,000000,0.98,0.98,0.98,0.98,40,0
TRR,D,20180720,000000,0.99,0.99,0.99,0.99,51,0
TRR,D,20180723,000000,0.98,1.01,0.94,0.97,4756,0
TRR,D,20180724,000000,0.97,0.97,0.93,0.93,3170,0
TRR,D,20180725,000000,0.97,0.97,0.97,0.97,37,0
TRR,D,20180726,000000,0.97,0.97,0.97,0.97,38,0
TRR,D,20180727,000000,0.97,0.97,0.97,0.97,37,0
TRR,D,20180730,000000,0.97,0.97,0.97,0.97,42,0
TRR,D,20180731,000000,0.97,0.97,0.97,0.97,49,0
TRR,D,20180801,000000,0.97,0.97,0.92,0.92,1546,0
TRR,D,20180802,000000,0.92,0.96,0.91,0.92,15347,0
TRR,D,20180803,000000,0.91,0.96,0.91,0.96,354,0
TRR,D,20180806,000000,0.92,0.92,0.92,0.92,26,0
TRR,D,20180807,000000,0.92,0.92,0.91,0.91,33,0
TRR,D,20180808,000000,0.91,0.91,0.9,0.9,1660,0
TRR,D,20180809,000000,0.9,0.9,0.89,0.89,8473,0
TRR,D,20180810,000000,0.88,0.88,0.87,0.87,69,0
TRR,D,20180813,000000,0.87,0.87,0.84,0.87,103,0
TRR,D,20180814,000000,0.86,0.86,0.86,0.86,2,0
TRR,D,20180816,000000,0.86,0.87,0.84,0.84,6000,0
TRR,D,20180817,000000,0.82,0.82,0.82,0.82,135,0
TRR,D,20180820,000000,0.87,0.87,0.87,0.87,35,0
TRR,D,20180821,000000,0.87,0.87,0.82,0.87,1965,0
TRR,D,20180822,000000,0.87,0.87,0.87,0.87,28,0
TRR,D,20180823,000000,0.87,0.87,0.87,0.87,26,0
TRR,D,20180824,000000,0.87,0.87,0.8,0.8,9659,0
TRR,D,20180827,000000,0.87,0.87,0.87,0.87,2,0
TRR,D,20180828,000000,0.79,0.79,0.79,0.79,89,0
TRR,D,20180829,000000,0.87,0.87,0.87,0.87,14,0
TRR,D,20180830,000000,0.78,0.78,0.78,0.78,16,0
TRR,D,20180831,000000,0.73,0.77,0.72,0.77,3969,0
TRR,D,20180903,000000,0.72,0.75,0.71,0.75,3028,0
TRR,D,20180904,000000,0.75,0.75,0.74,0.75,2106,0
TRR,D,20180905,000000,0.75,0.75,0.73,0.73,45,0
TRR,D,20180906,000000,0.71,0.77,0.71,0.77,20067,0
TRR,D,20180907,000000,0.76,0.76,0.73,0.73,245,0
TRR,D,20180910,000000,0.72,0.74,0.72,0.73,3428,0
TRR,D,20180911,000000,0.74,0.74,0.74,0.74,24,0
TRR,D,20180912,000000,0.74,0.74,0.72,0.72,138,0
TRR,D,20180913,000000,0.74,0.74,0.74,0.74,48,0
TRR,D,20180914,000000,0.74,0.74,0.72,0.72,102,0
TRR,D,20180917,000000,0.74,0.74,0.72,0.73,146,0
TRR,D,20180918,000000,0.73,0.73,0.73,0.73,25,0
TRR,D,20180919,000000,0.73,0.73,0.73,0.73,51,0
TRR,D,20180920,000000,0.73,0.73,0.73,0.73,47,0
TRR,D,20180921,000000,0.73,0.73,0.71,0.73,56,0
TRR,D,20180924,000000,0.74,0.74,0.74,0.74,17,0
TRR,D,20180925,000000,0.74,0.74,0.68,0.73,5512,0
TRR,D,20180926,000000,0.74,0.74,0.74,0.74,47,0
TRR,D,20180927,000000,0.71,0.71,0.71,0.71,25,0
TRR,D,20180928,000000,0.71,0.71,0.71,0.71,28,0
TRR,D,20181001,000000,0.71,0.71,0.71,0.71,22,0
TRR,D,20181002,000000,0.7,0.7,0.7,0.7,35,0
TRR,D,20181003,000000,0.7,0.7,0.7,0.7,37,0
TRR,D,20181004,000000,0.7,0.7,0.7,0.7,443,0
TRR,D,20181010,000000,0.74,0.74,0.74,0.74,2,0
TRR,D,20181011,000000,0.75,0.75,0.74,0.74,69,0
TRR,D,20181012,000000,0.74,0.74,0.74,0.74,43,0
TRR,D,20181015,000000,0.74,0.74,0.74,0.74,48,0
TRR,D,20181016,000000,0.74,0.74,0.74,0.74,22,0
TRR,D,20181017,000000,0.74,0.74,0.74,0.74,44,0
TRR,D,20181018,000000,0.74,0.74,0.74,0.74,29,0
TRR,D,20181019,000000,0.74,0.74,0.74,0.74,156,0
TRR,D,20181022,000000,0.74,0.74,0.74,0.74,29,0
TRR,D,20181023,000000,0.74,0.74,0.74,0.74,50,0
TRR,D,20181024,000000,0.74,0.74,0.74,0.74,47,0
TRR,D,20181025,000000,0.74,0.74,0.74,0.74,48,0
TRR,D,20181026,000000,0.74,0.74,0.74,0.74,17,0
TRR,D,20181029,000000,0.74,0.74,0.74,0.74,1531,0
TRR,D,20181030,000000,0.73,0.73,0.73,0.73,41,0
TRR,D,20181031,000000,0.73,0.73,0.73,0.73,40,0
TRR,D,20181102,000000,0.7,0.7,0.69,0.69,30,0
TRR,D,20181105,000000,0.73,0.73,0.7,0.7,26,0
TRR,D,20181106,000000,0.73,0.73,0.73,0.73,28,0
TRR,D,20181107,000000,0.7,0.7,0.7,0.7,13,0
TRR,D,20181108,000000,0.7,0.7,0.7,0.7,18,0
TRR,D,20181109,000000,0.7,0.7,0.7,0.7,23,0
TRR,D,20181113,000000,0.67,0.67,0.6,0.6,2298,0
TRR,D,20181114,000000,0.59,0.59,0.59,0.59,75,0
TRR,D,20181115,000000,0.59,0.59,0.59,0.59,29,0
TRR,D,20181116,000000,0.59,0.59,0.58,0.58,274,0
TRR,D,20181119,000000,0.58,0.59,0.55,0.59,644,0
TRR,D,20181120,000000,0.58,0.58,0.58,0.58,26,0
TRR,D,20181121,000000,0.56,0.56,0.51,0.51,635,0
TRR,D,20181122,000000,0.51,0.51,0.51,0.51,389,0
TRR,D,20181123,000000,0.56,0.59,0.56,0.59,39,0
TRR,D,20181126,000000,0.59,0.59,0.57,0.57,299,0
TRR,D,20181127,000000,0.59,0.59,0.59,0.59,929,0
TRR,D,20181128,000000,0.58,0.58,0.49,0.58,3510,0
TRR,D,20181129,000000,0.58,0.58,0.51,0.51,1836,0
TRR,D,20181130,000000,0.52,0.52,0.51,0.51,1405,0
TRR,D,20181203,000000,0.51,0.51,0.48,0.48,665,0
TRR,D,20181204,000000,0.47,0.47,0.47,0.47,50,0
TRR,D,20181205,000000,0.46,0.5,0.46,0.5,4422,0
TRR,D,20181206,000000,0.5,0.58,0.5,0.58,1225,0
TRR,D,20181207,000000,0.58,0.58,0.58,0.58,43,0
TRR,D,20181210,000000,0.58,0.58,0.58,0.58,37,0
TRR,D,20181211,000000,0.58,0.58,0.58,0.58,22,0
TRR,D,20181212,000000,0.58,0.58,0.58,0.58,49,0
TRR,D,20181213,000000,0.58,0.58,0.57,0.58,925,0
TRR,D,20181214,000000,0.58,0.58,0.58,0.58,41,0
TRR,D,20181217,000000,0.58,0.58,0.51,0.51,1075,0
TRR,D,20181218,000000,0.51,0.51,0.51,0.51,1506,0
TRR,D,20181219,000000,0.5,0.54,0.48,0.54,2703,0
TRR,D,20181221,000000,0.54,0.54,0.53,0.54,61,0
TRR,D,20181227,000000,0.5,0.5,0.5,0.5,4501,0
TRR,D,20181228,000000,0.5,0.5,0.49,0.5,1011,0
TRR,D,20190102,000000,0.51,0.51,0.51,0.51,1557,0
TRR,D,20190103,000000,0.5,0.56,0.5,0.56,3697,0
TRR,D,20190104,000000,0.57,0.59,0.55,0.55,290,0
TRR,D,20190107,000000,0.58,0.63,0.57,0.63,17277,0
TRR,D,20190108,000000,0.64,0.77,0.64,0.77,81272,0
TRR,D,20190109,000000,0.81,0.81,0.74,0.81,5963,0
TRR,D,20190110,000000,0.77,0.77,0.63,0.71,2404,0
TRR,D,20190111,000000,0.74,0.75,0.74,0.75,224,0
TRR,D,20190114,000000,0.72,0.72,0.7,0.7,58,0
TRR,D,20190115,000000,0.71,0.71,0.71,0.71,100,0
TRR,D,20190116,000000,0.76,0.88,0.71,0.88,58371,0
TRR,D,20190117,000000,0.95,1.04,0.95,1.04,52522,0
TRR,D,20190118,000000,1.14,1.25,1.05,1.1,91363,0
TRR,D,20190121,000000,1.1,1.33,1.03,1.33,38920,0
TRR,D,20190122,000000,1.33,1.35,1.2,1.25,31468,0
TRR,D,20190123,000000,1.37,1.49,1.36,1.46,30940,0
TRR,D,20190124,000000,1.49,1.63,1.4,1.53,66404,0
TRR,D,20190125,000000,1.59,1.9,1.5,1.83,80966,0
TRR,D,20190128,000000,1.9,2.09,1.8,2,46284,0
TRR,D,20190129,000000,2,2.04,1.8,2,23933,0
TRR,D,20190130,000000,1.99,2,1.8,1.87,10507,0
TRR,D,20190131,000000,1.84,1.88,1.53,1.55,14967,0
TRR,D,20190201,000000,1.53,1.58,1.41,1.55,17512,0
TRR,D,20190204,000000,1.41,1.87,1.28,1.84,38928,0
TRR,D,20190205,000000,1.84,1.97,1.67,1.84,17303,0
TRR,D,20190206,000000,1.88,1.88,1.53,1.62,35775,0
TRR,D,20190207,000000,1.64,1.64,1.35,1.38,22456,0
TRR,D,20190208,000000,1.45,1.45,1.31,1.31,15694,0
TRR,D,20190211,000000,1.29,1.3,1.19,1.25,16214,0
TRR,D,20190212,000000,1.3,1.45,1.25,1.45,5606,0
TRR,D,20190213,000000,1.49,1.69,1.45,1.58,21508,0
TRR,D,20190214,000000,1.58,1.59,1.58,1.59,142,0
TRR,D,20190215,000000,1.6,1.6,1.6,1.6,84,0
TRR,D,20190218,000000,1.43,1.43,1.29,1.32,7094,0
TRR,D,20190219,000000,1.32,1.4,1.32,1.4,376,0
TRR,D,20190220,000000,1.4,1.4,1.4,1.4,26,0
TRR,D,20190221,000000,1.39,1.39,1.3,1.32,635,0
TRR,D,20190222,000000,1.39,1.39,1.39,1.39,38,0
TRR,D,20190225,000000,1.39,1.39,1.39,1.39,1276,0
TRR,D,20190226,000000,1.39,1.39,1.39,1.39,35,0
TRR,D,20190228,000000,1.3,1.37,1.25,1.37,517,0
TRR,D,20190301,000000,1.33,1.33,1.25,1.25,2942,0
TRR,D,20190304,000000,1.22,1.22,1.21,1.22,327,0
TRR,D,20190306,000000,1.16,1.16,0.99,1.085,28924,0
TRR,D,20190307,000000,1,1.1,1,1.1,755,0
TRR,D,20190308,000000,1.1,1.1,1,1,1250,0
TRR,D,20190311,000000,1,1.05,1,1.05,2026,0
TRR,D,20190312,000000,1.04,1.04,1,1.02,2775,0
TRR,D,20190313,000000,1.01,1.02,1,1,1483,0
TRR,D,20190314,000000,1,1,0.93,0.97,1097,0
TRR,D,20190315,000000,0.98,0.98,0.98,0.98,551,0
TRR,D,20190318,000000,0.98,0.98,0.9,0.91,3397,0
TRR,D,20190319,000000,0.94,1,0.94,1,5072,0
TRR,D,20190320,000000,1.07,1.07,0.98,0.98,220,0
TRR,D,20190321,000000,0.98,0.98,0.98,0.98,400,0
TRR,D,20190322,000000,0.98,0.98,0.98,0.98,25,0
TRR,D,20190325,000000,0.98,0.98,0.98,0.98,25,0
TRR,D,20190326,000000,0.98,0.98,0.97,0.97,43,0
TRR,D,20190327,000000,0.97,0.97,0.97,0.97,45,0
TRR,D,20190328,000000,0.97,0.97,0.97,0.97,25,0
TRR,D,20190329,000000,0.96,1,0.96,1,40,0
TRR,D,20190401,000000,1,1,1,1,27,0
TRR,D,20190402,000000,1,1.01,1,1.01,1018,0
TRR,D,20190403,000000,1.01,1.01,1,1.01,4115,0
TRR,D,20190404,000000,1.07,1.07,1.04,1.04,4285,0
TRR,D,20190405,000000,1,1,1,1,200,0
TRR,D,20190408,000000,1.06,1.06,1.06,1.06,39,0
TRR,D,20190409,000000,1.06,1.06,1.06,1.06,102,0
TRR,D,20190410,000000,1.06,1.06,1.06,1.06,33,0
TRR,D,20190411,000000,1.06,1.06,1.06,1.06,26,0
TRR,D,20190412,000000,1.06,1.06,1.06,1.06,26,0
TRR,D,20190415,000000,1.06,1.06,1.06,1.06,30,0
TRR,D,20190416,000000,1.06,1.06,1.06,1.06,30,0
TRR,D,20190417,000000,1.06,1.06,1.06,1.06,22,0
TRR,D,20190418,000000,1.06,1.06,1.06,1.06,20,0
TRR,D,20190423,000000,0.9,0.95,0.89,0.92,1685,0
TRR,D,20190424,000000,0.91,0.94,0.91,0.94,155,0
TRR,D,20190425,000000,0.9,1,0.9,0.95,427,0
TRR,D,20190426,000000,0.98,1.05,0.98,1.05,114,0
TRR,D,20190429,000000,1.05,1.05,1,1,531,0
TRR,D,20190430,000000,1.05,1.06,1.05,1.06,472,0
TRR,D,20190502,000000,1.06,1.06,1.05,1.05,304,0
TRR,D,20190506,000000,0.99,0.99,0.92,0.92,667,0
TRR,D,20190507,000000,0.92,0.92,0.92,0.92,11,0
TRR,D,20190508,000000,0.92,0.97,0.92,0.97,90,0
TRR,D,20190509,000000,0.91,0.91,0.91,0.91,372,0
TRR,D,20190514,000000,0.95,0.95,0.78,0.78,1150,0
TRR,D,20190515,000000,0.85,0.85,0.85,0.85,50,0
TRR,D,20190517,000000,0.9,0.9,0.9,0.9,10,0
TRR,D,20190521,000000,0.9,0.9,0.9,0.9,182,0
TRR,D,20190522,000000,0.88,0.89,0.878,0.89,1120,0
TRR,D,20190523,000000,0.89,0.95,0.89,0.9,811,0
TRR,D,20190524,000000,0.938,1.13,0.938,1.12,5998,0
TRR,D,20190527,000000,1.1,1.1,1.1,1.1,520,0
TRR,D,20190528,000000,1.1,1.1,1.08,1.08,1020,0
TRR,D,20190529,000000,1.11,1.11,1.11,1.11,20,0
TRR,D,20190530,000000,1.1,1.1,1.05,1.05,115,0
TRR,D,20190531,000000,1.07,1.07,1.07,1.07,1190,0
TRR,D,20190603,000000,1.09,1.09,1,1,48,0
TRR,D,20190604,000000,1,1,0.99,0.99,41,0
TRR,D,20190605,000000,0.99,0.99,0.99,0.99,38,0
TRR,D,20190606,000000,1,1,0.95,0.95,119,0
TRR,D,20190607,000000,0.95,0.95,0.95,0.95,18,0
TRR,D,20190612,000000,0.92,0.92,0.884,0.884,62,0
TRR,D,20190613,000000,0.918,0.918,0.88,0.88,8,0
TRR,D,20190619,000000,0.95,0.97,0.95,0.97,25,0
TRR,D,20190621,000000,0.98,1.07,0.98,1.07,1151,0
TRR,D,20190624,000000,1.07,1.07,1.07,1.07,187,0
TRR,D,20190625,000000,1,1,1,1,303,0
TRR,D,20190626,000000,0.99,0.99,0.99,0.99,3,0
TRR,D,20190627,000000,1.04,1.04,1,1,92,0
TRR,D,20190628,000000,1.04,1.04,1.04,1.04,34,0
TRR,D,20190701,000000,1,1,0.95,0.95,43,0
TRR,D,20190702,000000,1,1,1,1,30,0
TRR,D,20190703,000000,1,1,1,1,21,0
TRR,D,20190704,000000,1,1,1,1,26,0
TRR,D,20190705,000000,0.95,0.95,0.89,0.89,296,0
TRR,D,20190708,000000,0.89,0.89,0.87,0.87,4102,0
TRR,D,20190709,000000,0.89,0.89,0.89,0.89,28,0
TRR,D,20190710,000000,0.89,0.89,0.89,0.89,27,0
TRR,D,20190711,000000,0.89,0.89,0.89,0.89,26,0
TRR,D,20190712,000000,0.89,0.89,0.89,0.89,23,0
TRR,D,20190715,000000,0.89,0.94,0.89,0.94,6805,0
TRR,D,20190716,000000,0.94,0.94,0.94,0.94,64,0
TRR,D,20190718,000000,0.938,0.98,0.936,0.98,5358,0
TRR,D,20190719,000000,0.95,0.95,0.9,0.9,339,0
TRR,D,20190722,000000,0.95,0.98,0.95,0.98,250,0
TRR,D,20190723,000000,1,1,1,1,50,0
TRR,D,20190724,000000,1,1,1,1,59,0
TRR,D,20190725,000000,1,1,1,1,48,0
TRR,D,20190726,000000,0.98,0.98,0.98,0.98,47,0
TRR,D,20190729,000000,0.98,0.98,0.98,0.98,48,0
TRR,D,20190730,000000,0.98,0.98,0.98,0.98,42,0
TRR,D,20190731,000000,0.98,0.98,0.98,0.98,43,0
TRR,D,20190801,000000,1,1,1,1,10,0
TRR,D,20190805,000000,0.978,1,0.978,1,22,0
TRR,D,20190806,000000,1,1,1,1,10,0
TRR,D,20190807,000000,0.93,1,0.93,1,68,0
TRR,D,20190808,000000,1,1,1,1,10,0
TRR,D,20190812,000000,1,1,1,1,31,0
TRR,D,20190813,000000,1,1,1,1,24,0
TRR,D,20190814,000000,0.99,0.99,0.99,0.99,12,0
TRR,D,20190816,000000,0.99,0.99,0.99,0.99,25,0
TRR,D,20190819,000000,0.99,0.99,0.99,0.99,45,0
TRR,D,20190820,000000,0.99,0.99,0.99,0.99,48,0
TRR,D,20190821,000000,0.99,0.99,0.99,0.99,47,0
TRR,D,20190822,000000,0.99,0.99,0.94,0.94,74,0
TRR,D,20190823,000000,0.91,0.95,0.89,0.95,202,0
TRR,D,20190826,000000,0.99,0.99,0.99,0.99,49,0
TRR,D,20190827,000000,0.99,0.99,0.99,0.99,37,0
TRR,D,20190828,000000,0.99,0.99,0.99,0.99,48,0
TRR,D,20190829,000000,0.96,0.96,0.96,0.96,49,0
TRR,D,20190830,000000,0.96,0.96,0.96,0.96,47,0
TRR,D,20190902,000000,0.99,0.99,0.99,0.99,45,0
TRR,D,20190903,000000,0.958,0.958,0.958,0.958,42,0
TRR,D,20190904,000000,0.952,0.952,0.95,0.95,50,0
TRR,D,20190905,000000,0.948,0.948,0.946,0.946,168,0
TRR,D,20190906,000000,0.948,0.948,0.948,0.948,47,0
TRR,D,20190909,000000,0.948,0.948,0.79,0.79,3514,0
TRR,D,20190910,000000,0.79,0.798,0.752,0.798,1610,0
TRR,D,20190911,000000,0.79,0.79,0.79,0.79,16,0
TRR,D,20190912,000000,0.83,0.83,0.83,0.83,22,0
TRR,D,20190913,000000,0.82,0.83,0.82,0.828,1087,0
TRR,D,20190916,000000,0.83,0.83,0.79,0.83,679,0
TRR,D,20190917,000000,0.83,0.83,0.83,0.83,39,0
TRR,D,20190918,000000,0.83,0.83,0.83,0.83,48,0
TRR,D,20190919,000000,0.83,0.83,0.83,0.83,43,0
TRR,D,20190920,000000,0.83,0.83,0.83,0.83,45,0
TRR,D,20190923,000000,0.83,1,0.83,1,29280,0
TRR,D,20190924,000000,1,1.005,0.99,0.99,945,0
TRR,D,20190925,000000,1.02,1.06,1.02,1.035,2281,0
TRR,D,20190926,000000,1.035,1.035,1,1,4229,0
TRR,D,20190927,000000,1,1.035,1,1.03,162,0
TRR,D,20190930,000000,1.03,1.03,1.025,1.03,348,0
TRR,D,20191001,000000,1.015,1.015,0.95,1,2779,0
TRR,D,20191002,000000,1,1,1,1,34,0
TRR,D,20191003,000000,1,1.025,0.998,1.015,10838,0
TRR,D,20191004,000000,1.03,1.03,1.01,1.01,5509,0
TRR,D,20191007,000000,1,1,1,1,39,0
TRR,D,20191008,000000,1,1,1,1,34,0
TRR,D,20191009,000000,1,1,1,1,5790,0
TRR,D,20191010,000000,1.03,1.03,1.03,1.03,44,0
TRR,D,20191011,000000,1.03,1.03,1.03,1.03,35,0
TRR,D,20191014,000000,1.03,1.1,1,1.1,628,0
TRR,D,20191015,000000,1.09,1.09,1.09,1.09,24,0
TRR,D,20191016,000000,1,1.06,1,1.06,3095,0
TRR,D,20191017,000000,1.08,1.08,1.08,1.08,35,0
TRR,D,20191018,000000,1.08,1.08,1.03,1.03,40,0
TRR,D,20191021,000000,1.03,1.095,1.03,1.03,1787,0
TRR,D,20191022,000000,1.03,1.085,1.03,1.085,73,0
TRR,D,20191023,000000,1.09,1.1,1.08,1.1,1788,0
TRR,D,20191024,000000,1.1,1.1,1.1,1.1,37,0
TRR,D,20191025,000000,1.1,1.1,1.1,1.1,37,0
TRR,D,20191028,000000,1.1,1.1,1.1,1.1,46,0
TRR,D,20191029,000000,1.095,1.17,1.095,1.16,251,0
TRR,D,20191030,000000,1.17,1.17,1.15,1.15,189,0
TRR,D,20191031,000000,1.15,1.15,1.035,1.145,1755,0
TRR,D,20191104,000000,1.17,1.17,1.17,1.17,37,0
TRR,D,20191105,000000,1.13,1.13,1.13,1.13,53,0
TRR,D,20191106,000000,1.17,1.17,1.17,1.17,37,0
TRR,D,20191107,000000,1.17,1.17,1.17,1.17,40,0
TRR,D,20191108,000000,1.17,1.17,1.06,1.15,2077,0
TRR,D,20191112,000000,1.15,1.15,1.15,1.15,35,0
TRR,D,20191113,000000,1.145,1.145,1.145,1.145,38,0
TRR,D,20191114,000000,1.14,1.14,1.14,1.14,47,0
TRR,D,20191115,000000,1.14,1.14,1.14,1.14,37,0
TRR,D,20191118,000000,1.135,1.135,1.095,1.12,96,0
TRR,D,20191119,000000,1.135,1.135,1.13,1.13,40,0
TRR,D,20191120,000000,1.135,1.135,1.135,1.135,46,0
TRR,D,20191121,000000,1.07,1.07,0.964,1.035,18962,0
TRR,D,20191122,000000,1.045,1.1,1.045,1.1,154,0
TRR,D,20191125,000000,1.13,1.13,1.105,1.11,837,0
TRR,D,20191126,000000,1.105,1.105,1.105,1.105,37,0
TRR,D,20191127,000000,1.105,1.105,1.095,1.095,223,0
TRR,D,20191128,000000,1.105,1.105,1.105,1.105,37,0
TRR,D,20191129,000000,1.1,1.1,1.07,1.07,91,0
TRR,D,20191202,000000,1.095,1.095,1.01,1.01,241,0
TRR,D,20191204,000000,1.02,1.02,1.02,1.02,705,0
TRR,D,20191206,000000,1.03,1.03,0.98,1.02,1123,0
TRR,D,20191210,000000,1.02,1.02,1.02,1.02,1,0
TRR,D,20191211,000000,1.01,1.02,1.01,1.02,185,0
TRR,D,20191213,000000,1.02,1.11,1,1.02,2108,0
TRR,D,20191216,000000,1.04,1.04,1.04,1.04,37,0
TRR,D,20191217,000000,1.04,1.04,1.04,1.04,51,0
TRR,D,20191218,000000,1.02,1.02,1.02,1.02,43,0
TRR,D,20191219,000000,1.02,1.02,1.02,1.02,38,0
TRR,D,20191220,000000,1.02,1.02,1.02,1.02,45,0
TRR,D,20191223,000000,0.95,0.95,0.9,0.94,2880,0
TRR,D,20191227,000000,0.95,0.98,0.94,0.98,1510,0
TRR,D,20200102,000000,1.05,1.1,1.01,1.07,1684,0
TRR,D,20200103,000000,1.09,1.1,1.05,1.05,675,0
TRR,D,20200107,000000,1.095,1.14,1.05,1.14,2878,0
TRR,D,20200108,000000,1.12,1.12,1.115,1.12,186,0
TRR,D,20200109,000000,1.08,1.12,1.08,1.1,588,0
TRR,D,20200110,000000,1.12,1.12,1.12,1.12,38,0
TRR,D,20200113,000000,1.12,1.2,1.07,1.2,10087,0
TRR,D,20200114,000000,1.2,1.2,1.15,1.15,2926,0
TRR,D,20200115,000000,1.16,1.16,1.13,1.155,1256,0
TRR,D,20200116,000000,1.16,1.16,1.135,1.16,352,0
TRR,D,20200117,000000,1.15,1.15,1.13,1.13,194,0
TRR,D,20200120,000000,1.16,1.16,1.1,1.1,2641,0
TRR,D,20200121,000000,1.16,1.16,1.08,1.13,180,0
TRR,D,20200122,000000,1.16,1.16,1.16,1.16,46,0
TRR,D,20200123,000000,1.15,1.15,1.15,1.15,41,0
TRR,D,20200124,000000,1.15,1.15,1.15,1.15,37,0
TRR,D,20200127,000000,1.15,1.15,1.145,1.145,137,0
TRR,D,20200128,000000,1.035,1.075,0.982,1.05,2253,0
TRR,D,20200130,000000,1.01,1.01,0.98,0.98,2027,0
TRR,D,20200131,000000,0.98,0.98,0.89,0.92,14299,0
TRR,D,20200203,000000,0.93,0.95,0.9,0.948,2076,0
TRR,D,20200204,000000,0.94,0.94,0.94,0.94,27,0
TRR,D,20200205,000000,0.95,0.95,0.9,0.92,1137,0
TRR,D,20200206,000000,0.95,0.95,0.946,0.948,2320,0
TRR,D,20200207,000000,0.95,1,0.948,0.998,1641,0
TRR,D,20200210,000000,1,1,0.94,0.94,261,0
TRR,D,20200211,000000,1,1,0.998,1,729,0
TRR,D,20200212,000000,0.95,0.998,0.93,0.998,328,0
TRR,D,20200213,000000,0.99,1,0.99,1,30,0
TRR,D,20200214,000000,0.89,0.95,0.89,0.95,2146,0
TRR,D,20200217,000000,0.9,0.948,0.9,0.9,5175,0
TRR,D,20200218,000000,0.9,0.95,0.9,0.95,1416,0
TRR,D,20200219,000000,0.95,0.95,0.95,0.95,37,0
TRR,D,20200220,000000,0.95,0.95,0.95,0.95,37,0
TRR,D,20200221,000000,0.95,0.95,0.9,0.94,1119,0
TRR,D,20200224,000000,0.9,0.95,0.9,0.9,2048,0
TRR,D,20200225,000000,0.94,0.99,0.94,0.988,218,0
TRR,D,20200226,000000,0.988,0.988,0.94,0.95,1236,0
TRR,D,20200227,000000,0.98,0.98,0.9,0.9,1438,0
TRR,D,20200228,000000,0.9,0.9,0.75,0.85,6769,0
TRR,D,20200302,000000,0.79,0.85,0.69,0.85,6063,0
TRR,D,20200303,000000,0.87,0.87,0.84,0.87,195,0
TRR,D,20200304,000000,0.87,0.87,0.868,0.87,498,0
TRR,D,20200305,000000,0.9,0.9,0.9,0.9,99,0
TRR,D,20200306,000000,0.9,0.9,0.9,0.9,44,0
TRR,D,20200309,000000,0.916,0.916,0.85,0.89,95,0
TRR,D,20200310,000000,0.82,0.9,0.82,0.9,910,0
TRR,D,20200311,000000,0.9,0.9,0.73,0.748,633,0
TRR,D,20200312,000000,0.72,0.72,0.6,0.698,1739,0
TRR,D,20200313,000000,0.7,0.738,0.698,0.738,2592,0
TRR,D,20200316,000000,0.6,0.65,0.6,0.628,2800,0
TRR,D,20200317,000000,0.628,0.69,0.628,0.69,3160,0
TRR,D,20200318,000000,0.7,0.7,0.64,0.7,945,0
TRR,D,20200319,000000,0.7,0.736,0.7,0.736,110,0
TRR,D,20200320,000000,0.736,0.808,0.736,0.77,501,0
TRR,D,20200323,000000,0.76,0.76,0.76,0.76,69,0
TRR,D,20200324,000000,0.77,0.806,0.77,0.806,34,0
TRR,D,20200326,000000,0.8,0.84,0.8,0.84,3789,0
TRR,D,20200401,000000,0.85,0.85,0.85,0.85,140,0
TRR,D,20200402,000000,0.838,0.838,0.8,0.8,181,0
TRR,D,20200403,000000,0.838,0.84,0.838,0.84,325,0
TRR,D,20200406,000000,0.838,0.838,0.838,0.838,16,0
TRR,D,20200407,000000,0.838,0.838,0.838,0.838,25,0
TRR,D,20200408,000000,0.838,0.838,0.834,0.834,58,0
TRR,D,20200409,000000,0.834,0.834,0.834,0.834,45,0
TRR,D,20200414,000000,0.834,0.834,0.834,0.834,24,0
TRR,D,20200415,000000,0.834,0.834,0.834,0.834,76,0
TRR,D,20200416,000000,0.834,0.834,0.834,0.834,47,0
TRR,D,20200417,000000,0.834,0.89,0.834,0.89,124,0
TRR,D,20200420,000000,0.89,0.97,0.888,0.95,5902,0
TRR,D,20200421,000000,0.96,0.96,0.96,0.96,1029,0
TRR,D,20200422,000000,0.97,0.97,0.97,0.97,46,0
TRR,D,20200423,000000,0.97,1,0.966,1,102,0
TRR,D,20200424,000000,1,1,1,1,59,0
TRR,D,20200427,000000,1,1,1,1,38,0
TRR,D,20200428,000000,1,1,0.95,0.95,93,0
TRR,D,20200429,000000,1,1,0.998,0.998,91,0
TRR,D,20200430,000000,1,1,1,1,43,0
TRR,D,20200504,000000,1,1,0.95,0.95,53,0
TRR,D,20200505,000000,1,1,1,1,35,0
TRR,D,20200506,000000,0.99,0.99,0.948,0.948,181,0
TRR,D,20200507,000000,0.97,0.97,0.88,0.97,5919,0
TRR,D,20200508,000000,0.97,0.97,0.97,0.97,45,0
TRR,D,20200511,000000,0.96,0.96,0.96,0.96,18,0
TRR,D,20200512,000000,0.918,0.918,0.85,0.9,4715,0
TRR,D,20200513,000000,0.84,0.896,0.84,0.896,10119,0
TRR,D,20200514,000000,0.89,0.89,0.89,0.89,100,0
TRR,D,20200515,000000,0.89,0.918,0.82,0.918,2168,0
TRR,D,20200518,000000,0.924,0.924,0.924,0.924,39,0
TRR,D,20200519,000000,0.906,0.906,0.9,0.9,445,0
TRR,D,20200520,000000,0.87,0.898,0.8,0.8,7014,0
TRR,D,20200521,000000,0.82,0.82,0.8,0.804,5447,0
TRR,D,20200522,000000,0.83,0.84,0.83,0.84,285,0
TRR,D,20200525,000000,0.84,0.84,0.84,0.84,47,0
TRR,D,20200526,000000,0.85,0.86,0.84,0.86,545,0
TRR,D,20200527,000000,0.86,0.86,0.86,0.86,46,0
TRR,D,20200528,000000,0.86,0.86,0.858,0.86,549,0
TRR,D,20200529,000000,0.85,0.85,0.85,0.85,40,0
TRR,D,20200601,000000,0.84,0.84,0.81,0.83,19346,0
TRR,D,20200602,000000,0.83,0.83,0.828,0.83,3043,0
TRR,D,20200604,000000,0.828,0.828,0.8,0.81,2167,0
TRR,D,20200605,000000,0.828,0.89,0.77,0.89,31703,0
TRR,D,20200608,000000,0.878,0.878,0.79,0.854,31194,0
TRR,D,20200609,000000,0.85,0.85,0.85,0.85,8171,0
TRR,D,20200612,000000,0.83,0.88,0.82,0.84,1626,0
TRR,D,20200615,000000,0.85,0.86,0.85,0.86,35,0
TRR,D,20200616,000000,0.822,0.85,0.8,0.85,3300,0
TRR,D,20200617,000000,0.85,0.86,0.85,0.86,600,0
TRR,D,20200618,000000,0.85,0.85,0.8,0.84,1556,0
TRR,D,20200619,000000,0.804,0.804,0.802,0.802,1500,0
TRR,D,20200622,000000,0.8,0.8,0.8,0.8,10,0
TRR,D,20200623,000000,0.838,0.838,0.8,0.8,832,0
TRR,D,20200624,000000,0.792,0.838,0.792,0.838,193,0
TRR,D,20200625,000000,0.84,0.84,0.84,0.84,37,0
TRR,D,20200626,000000,0.776,0.81,0.776,0.776,3300,0
TRR,D,20200629,000000,0.77,0.81,0.77,0.78,1495,0
TRR,D,20200630,000000,0.78,0.78,0.77,0.77,170,0
TRR,D,20200701,000000,0.8,0.8,0.8,0.8,2000,0
TRR,D,20200702,000000,0.8,0.8,0.8,0.8,300,0
TRR,D,20200703,000000,0.8,0.8,0.8,0.8,706,0
TRR,D,20200706,000000,0.8,0.8,0.78,0.78,220,0
TRR,D,20200707,000000,0.78,0.8,0.73,0.73,16113,0
TRR,D,20200708,000000,0.74,0.74,0.74,0.74,1694,0
TRR,D,20200709,000000,0.74,0.74,0.74,0.74,20,0
TRR,D,20200710,000000,0.73,0.76,0.73,0.75,1410,0
