<TICKER>,<PER>,<DATE>,<TIME>,<OPEN>,<HIGH>,<LOW>,<CLOSE>,<VOL>,<OPENINT>
TXM,D,20161229,000000,5.73,5.73,5.3,5.52,254571,0
TXM,D,20161230,000000,5.54,5.82,5.5,5.63,199687,0
TXM,D,20170102,000000,5.7,5.7,5.5,5.57,45212,0
TXM,D,20170103,000000,5.68,5.69,5.52,5.52,56345,0
TXM,D,20170104,000000,5.62,5.7,5.55,5.7,25994,0
TXM,D,20170105,000000,5.74,5.74,5.62,5.7,2547,0
TXM,D,20170109,000000,5.7,5.7,5.47,5.5,74969,0
TXM,D,20170110,000000,5.6,5.6,5.45,5.57,46782,0
TXM,D,20170111,000000,5.55,5.73,5.55,5.73,5061,0
TXM,D,20170112,000000,5.73,5.73,5.5,5.7,604,0
TXM,D,20170113,000000,5.7,5.7,5.51,5.68,25131,0
TXM,D,20170116,000000,5.65,5.65,5.58,5.63,233,0
TXM,D,20170117,000000,5.63,5.63,5.58,5.63,658,0
TXM,D,20170118,000000,5.63,5.63,5.48,5.63,2035,0
TXM,D,20170119,000000,5.63,5.63,5.45,5.59,2148,0
TXM,D,20170120,000000,5.57,5.57,5.57,5.57,2,0
TXM,D,20170123,000000,5.56,5.63,5.45,5.45,2140,0
TXM,D,20170124,000000,5.45,5.64,5.45,5.56,2380,0
TXM,D,20170125,000000,5.65,5.65,5.22,5.54,10228,0
TXM,D,20170126,000000,5.62,5.62,5.36,5.5,2045,0
TXM,D,20170127,000000,5.51,5.51,5.35,5.5,21584,0
TXM,D,20170130,000000,5.55,5.7,5.55,5.64,3622,0
TXM,D,20170131,000000,5.64,5.7,5.41,5.7,14677,0
TXM,D,20170201,000000,5.7,5.7,5.66,5.67,2018,0
TXM,D,20170202,000000,5.7,5.7,5.65,5.65,1043,0
TXM,D,20170203,000000,5.67,5.67,5.47,5.65,35909,0
TXM,D,20170206,000000,5.65,5.65,5.55,5.55,105,0
TXM,D,20170207,000000,5.66,5.66,5.56,5.64,522,0
TXM,D,20170208,000000,5.62,5.62,5.46,5.46,9038,0
TXM,D,20170209,000000,5.64,5.64,5.43,5.55,368,0
TXM,D,20170210,000000,5.44,5.63,5.44,5.63,14,0
TXM,D,20170213,000000,5.65,5.65,5.39,5.39,10705,0
TXM,D,20170214,000000,5.49,5.5,5.35,5.5,1239,0
TXM,D,20170215,000000,5.5,5.67,5.5,5.67,12061,0
TXM,D,20170216,000000,5.66,5.66,5.37,5.6,3802,0
TXM,D,20170217,000000,5.6,5.65,5.55,5.55,1022,0
TXM,D,20170220,000000,5.63,5.65,5.51,5.64,4728,0
TXM,D,20170221,000000,5.64,5.69,5.64,5.69,3040,0
TXM,D,20170222,000000,5.7,5.7,5.69,5.69,140,0
TXM,D,20170223,000000,5.69,5.69,5.45,5.69,872,0
TXM,D,20170224,000000,5.69,5.69,5.69,5.69,1,0
TXM,D,20170227,000000,5.7,5.7,5.7,5.7,2,0
TXM,D,20170228,000000,5.69,5.69,5.69,5.69,2,0
TXM,D,20170301,000000,5.7,5.7,5.5,5.5,3764,0
TXM,D,20170302,000000,5.6,5.6,5.4,5.6,897,0
TXM,D,20170303,000000,5.6,5.69,5.4,5.69,355,0
TXM,D,20170306,000000,5.65,5.65,5.36,5.6,1700,0
TXM,D,20170307,000000,5.6,5.6,5.3,5.5,7530,0
TXM,D,20170308,000000,5.5,5.5,5.5,5.5,1,0
TXM,D,20170309,000000,5.49,5.49,5.49,5.49,380,0
TXM,D,20170310,000000,5.57,5.57,5.56,5.56,1615,0
TXM,D,20170313,000000,5.22,5.5,5.22,5.4,947,0
TXM,D,20170314,000000,5.5,5.5,5.36,5.36,923,0
TXM,D,20170315,000000,5.4,5.91,5.4,5.83,9399,0
TXM,D,20170316,000000,5.83,5.83,5.68,5.79,11992,0
TXM,D,20170317,000000,5.79,5.79,5.35,5.75,9032,0
TXM,D,20170320,000000,5.72,5.72,5.63,5.69,5417,0
TXM,D,20170321,000000,5.69,5.69,5.54,5.55,4028,0
TXM,D,20170322,000000,5.55,5.55,5.4,5.55,2242,0
TXM,D,20170323,000000,5.55,5.55,5.51,5.51,680,0
TXM,D,20170324,000000,5.52,5.55,5.42,5.5,85795,0
TXM,D,20170327,000000,5.5,5.5,5.42,5.5,1473,0
TXM,D,20170328,000000,5.5,5.5,5.5,5.5,1430,0
TXM,D,20170329,000000,5.5,5.56,5.4,5.56,12062,0
TXM,D,20170330,000000,5.6,5.6,5.4,5.59,3394,0
TXM,D,20170331,000000,5.59,5.59,5.33,5.35,6408,0
TXM,D,20170403,000000,5.4,5.4,5.4,5.4,251,0
TXM,D,20170404,000000,5.4,5.4,5.31,5.4,5026,0
TXM,D,20170405,000000,5.4,5.4,5.4,5.4,7,0
TXM,D,20170406,000000,5.4,5.55,5.4,5.48,1132,0
TXM,D,20170407,000000,5.48,5.48,4.95,5.25,4723,0
TXM,D,20170410,000000,5.29,5.29,5.15,5.28,1024,0
TXM,D,20170411,000000,5.29,5.29,5.15,5.16,522,0
TXM,D,20170412,000000,5.25,5.25,5.16,5.25,449,0
TXM,D,20170413,000000,5.25,5.25,5.16,5.25,136,0
TXM,D,20170418,000000,5.25,5.25,5.05,5.05,3982,0
TXM,D,20170419,000000,5.11,5.11,5.06,5.11,48,0
TXM,D,20170420,000000,5.11,5.11,5.05,5.11,1832,0
TXM,D,20170421,000000,5.03,5.03,4.84,4.95,12894,0
TXM,D,20170424,000000,5.11,5.11,4.91,5.05,450,0
TXM,D,20170425,000000,5.05,5.05,4.91,5,184,0
TXM,D,20170426,000000,5,5.05,5,5.05,6,0
TXM,D,20170427,000000,5.05,5.11,4.91,5.11,20387,0
TXM,D,20170428,000000,5.1,5.1,4.91,5.1,125,0
TXM,D,20170502,000000,4.87,5,4.87,5,285,0
TXM,D,20170504,000000,5,5.05,5,5.05,3,0
TXM,D,20170505,000000,5.05,5.05,4.9,5.05,2540,0
TXM,D,20170508,000000,5.05,5.05,5.05,5.05,1,0
TXM,D,20170509,000000,5.05,5.05,5,5.05,302,0
TXM,D,20170510,000000,4.88,5.04,4.76,5,2521,0
TXM,D,20170511,000000,4.99,5,4.99,5,742,0
TXM,D,20170512,000000,5,5,5,5,2,0
TXM,D,20170515,000000,5.05,5.05,5.05,5.05,1,0
TXM,D,20170516,000000,5.08,5.09,5.08,5.09,1210,0
TXM,D,20170517,000000,5.08,5.08,4.88,5.05,1825,0
TXM,D,20170518,000000,5.05,5.05,4.83,5.05,1007,0
TXM,D,20170519,000000,5.05,5.05,4.76,4.81,4108,0
TXM,D,20170522,000000,4.88,4.88,4.46,4.46,2,0
TXM,D,20170523,000000,4.46,4.86,4.46,4.79,402,0
TXM,D,20170524,000000,4.79,4.79,4.01,4.35,38131,0
TXM,D,20170525,000000,4.7,4.7,4.6,4.6,105,0
TXM,D,20170526,000000,4.6,4.6,4.6,4.6,1,0
TXM,D,20170529,000000,4.12,4.53,4.12,4.15,1501,0
TXM,D,20170530,000000,4.15,4.15,3.99,4.05,17361,0
TXM,D,20170531,000000,4.13,4.29,4.13,4.29,530,0
TXM,D,20170601,000000,4.28,4.28,4,4.09,20805,0
TXM,D,20170602,000000,4.1,4.1,4.1,4.1,1,0
TXM,D,20170605,000000,4.05,4.05,4.05,4.05,1,0
TXM,D,20170606,000000,3.71,4,3.71,4,525,0
TXM,D,20170607,000000,4,4,4,4,13,0
TXM,D,20170608,000000,4,4,4,4,22,0
TXM,D,20170609,000000,3.81,4,3.81,3.82,605,0
TXM,D,20170612,000000,3.81,3.96,3.8,3.96,12994,0
TXM,D,20170613,000000,4.27,4.27,3.9,4.05,5785,0
TXM,D,20170614,000000,4.05,4.1,4.03,4.03,328,0
TXM,D,20170616,000000,4.1,4.3,3.91,4,18504,0
TXM,D,20170619,000000,4.28,4.28,4,4,15206,0
TXM,D,20170620,000000,3.94,4,3.9,4,587,0
TXM,D,20170621,000000,4.24,4.24,3.9,4,681,0
TXM,D,20170622,000000,4,4,4,4,620,0
TXM,D,20170623,000000,4.19,4.19,3.81,4.18,587,0
TXM,D,20170626,000000,4.17,4.17,4.17,4.17,432,0
TXM,D,20170627,000000,4.16,4.16,4,4,6616,0
TXM,D,20170628,000000,4,4.14,4,4.14,10205,0
TXM,D,20170629,000000,4.12,4.12,4.11,4.11,2406,0
TXM,D,20170703,000000,4.1,4.1,4.1,4.1,31,0
TXM,D,20170704,000000,4,4,4,4,250,0
TXM,D,20170705,000000,4,4,3.85,3.85,1300,0
TXM,D,20170706,000000,4,4,3.85,3.85,43357,0
TXM,D,20170707,000000,3.84,3.84,3.84,3.84,317,0
TXM,D,20170710,000000,3.8,3.8,3.7,3.7,41545,0
TXM,D,20170711,000000,3.5,3.5,3.5,3.5,35086,0
TXM,D,20170712,000000,3.5,3.5,3.4,3.4,4427,0
TXM,D,20170713,000000,3.4,3.4,3.4,3.4,23658,0
TXM,D,20170714,000000,3.4,3.4,3.4,3.4,4342,0
TXM,D,20170717,000000,3.4,3.4,3.4,3.4,97,0
TXM,D,20170718,000000,3.5,3.5,3.5,3.5,550,0
TXM,D,20170719,000000,3.5,3.5,3.5,3.5,300,0
TXM,D,20170720,000000,3.39,3.39,3.39,3.39,4288,0
TXM,D,20170721,000000,3.39,3.39,3.39,3.39,2150,0
TXM,D,20170724,000000,3.5,3.5,3.5,3.5,272,0
TXM,D,20170726,000000,3.2,3.2,3.18,3.18,32093,0
TXM,D,20170727,000000,3.15,3.15,3,3,34223,0
TXM,D,20170728,000000,3,3,3,3,24000,0
TXM,D,20170731,000000,2.99,2.99,2.99,2.99,1532,0
TXM,D,20170801,000000,2.97,2.97,2.86,2.86,2068,0
TXM,D,20170802,000000,2.8,2.8,2.75,2.75,4083,0
TXM,D,20170803,000000,2.75,2.87,2.75,2.87,3627,0
TXM,D,20170804,000000,2.99,2.99,2.99,2.99,6794,0
TXM,D,20170807,000000,3,3,3,3,100500,0
TXM,D,20170808,000000,3,3.1,2.95,3,9474,0
TXM,D,20170809,000000,3.02,3.02,3.02,3.02,1150,0
TXM,D,20170810,000000,3.04,3.04,3.04,3.04,605,0
TXM,D,20170811,000000,3.04,3.07,2.95,3.03,4516,0
TXM,D,20170814,000000,3.04,3.09,2.97,3.07,7335,0
TXM,D,20170816,000000,3.06,3.08,2.95,3,10176,0
TXM,D,20170817,000000,2.95,3.03,2.95,3.03,5777,0
TXM,D,20170818,000000,2.95,3.02,2.95,3.02,3501,0
TXM,D,20170821,000000,2.91,3.01,2.9,3.01,4488,0
TXM,D,20170822,000000,3.03,3.03,3.02,3.02,3301,0
TXM,D,20170823,000000,3.01,3.01,3.01,3.01,586,0
TXM,D,20170824,000000,3.01,3.01,3.01,3.01,100,0
TXM,D,20170825,000000,2.9,3.03,2.9,3.03,2334,0
TXM,D,20170828,000000,3.03,3.04,3.02,3.04,1601,0
TXM,D,20170829,000000,2.99,3.07,2.94,3.03,13332,0
TXM,D,20170830,000000,2.96,3.05,2.96,3.05,3802,0
TXM,D,20170831,000000,2.95,2.97,2.94,2.97,14419,0
TXM,D,20170901,000000,2.93,3.05,2.92,3.02,11112,0
TXM,D,20170904,000000,3.01,3.01,3.01,3.01,1700,0
TXM,D,20170905,000000,2.93,2.94,2.93,2.94,1799,0
TXM,D,20170906,000000,2.9,2.94,2.9,2.94,11700,0
TXM,D,20170907,000000,2.94,2.97,2.9,2.95,6380,0
TXM,D,20170908,000000,2.95,2.96,2.88,2.94,6185,0
TXM,D,20170911,000000,2.94,2.95,2.94,2.95,10031,0
TXM,D,20170912,000000,2.95,2.95,2.9,2.95,3788,0
TXM,D,20170913,000000,2.98,2.98,2.8,2.88,12604,0
TXM,D,20170914,000000,2.9,2.9,2.76,2.9,3227,0
TXM,D,20170915,000000,2.95,2.95,2.85,2.89,6664,0
TXM,D,20170918,000000,3.08,3.16,2.8,2.89,5448,0
TXM,D,20170919,000000,2.99,2.99,2.66,2.88,7801,0
TXM,D,20170920,000000,2.68,2.85,2.68,2.85,66,0
TXM,D,20170921,000000,2.85,2.85,2.68,2.85,570,0
TXM,D,20170922,000000,2.87,2.87,2.7,2.7,21912,0
TXM,D,20170925,000000,2.87,2.87,2.66,2.85,14411,0
TXM,D,20170926,000000,2.87,2.87,2.7,2.86,12502,0
TXM,D,20170927,000000,2.87,2.87,2.66,2.85,196,0
TXM,D,20170928,000000,2.85,2.86,2.66,2.86,13457,0
TXM,D,20170929,000000,2.7,2.83,2.7,2.77,9493,0
TXM,D,20171002,000000,2.78,2.78,2.65,2.76,22064,0
TXM,D,20171003,000000,2.76,2.76,2.7,2.72,7004,0
TXM,D,20171004,000000,2.76,2.8,2.7,2.75,19242,0
TXM,D,20171005,000000,2.75,2.75,2.6,2.72,10356,0
TXM,D,20171006,000000,2.51,2.72,2.51,2.7,593,0
TXM,D,20171009,000000,2.7,2.75,2.7,2.72,7696,0
TXM,D,20171010,000000,2.73,2.73,2.5,2.65,5440,0
TXM,D,20171011,000000,2.55,2.65,2.51,2.65,1039,0
TXM,D,20171012,000000,2.68,2.68,2.55,2.67,6026,0
TXM,D,20171013,000000,2.65,2.65,2.62,2.65,3289,0
TXM,D,20171016,000000,2.65,2.65,2.5,2.63,4053,0
TXM,D,20171017,000000,2.42,2.59,2.4,2.5,47105,0
TXM,D,20171018,000000,2.57,2.57,2.34,2.5,6142,0
TXM,D,20171019,000000,2.57,2.57,2.57,2.57,1,0
TXM,D,20171020,000000,2.5,2.5,2.32,2.36,10715,0
TXM,D,20171023,000000,2.46,2.46,2.31,2.31,7640,0
TXM,D,20171024,000000,2.4,2.4,2.1,2.15,105765,0
TXM,D,20171025,000000,2.29,2.29,2.1,2.19,6868,0
TXM,D,20171026,000000,2.19,2.19,2.19,2.19,19,0
TXM,D,20171027,000000,2.14,2.19,2.1,2.14,5218,0
TXM,D,20171030,000000,2.16,2.16,2.05,2.14,15704,0
TXM,D,20171031,000000,2.15,2.15,1.98,2.09,27432,0
TXM,D,20171102,000000,2.09,2.09,1.99,1.99,11824,0
TXM,D,20171103,000000,2.07,2.07,1.87,2.06,61161,0
TXM,D,20171106,000000,1.99,2.03,1.95,1.97,11246,0
TXM,D,20171107,000000,1.95,1.96,1.59,1.85,65054,0
TXM,D,20171108,000000,1.89,1.97,1.71,1.73,7694,0
TXM,D,20171109,000000,1.78,1.83,1.65,1.75,14944,0
TXM,D,20171110,000000,1.68,1.81,1.68,1.8,5254,0
TXM,D,20171113,000000,1.81,1.89,1.78,1.88,11913,0
TXM,D,20171114,000000,1.88,1.88,1.71,1.8,10968,0
TXM,D,20171115,000000,1.84,1.84,1.68,1.79,34235,0
TXM,D,20171116,000000,1.81,1.88,1.65,1.87,12638,0
TXM,D,20171117,000000,1.87,1.87,1.85,1.85,2159,0
TXM,D,20171120,000000,1.85,1.85,1.8,1.85,53,0
TXM,D,20171121,000000,1.85,1.85,1.75,1.82,195105,0
TXM,D,20171122,000000,1.84,1.88,1.83,1.88,14908,0
TXM,D,20171123,000000,1.88,2.17,1.88,2.17,119069,0
TXM,D,20171124,000000,2.18,2.18,1.99,1.99,20801,0
TXM,D,20171127,000000,1.9,2.07,1.9,2.02,9098,0
TXM,D,20171128,000000,2.05,2.05,1.85,2.05,20546,0
TXM,D,20171129,000000,2.03,2.03,1.99,2.03,247,0
TXM,D,20171130,000000,2.03,2.03,1.9,2.02,3302,0
TXM,D,20171201,000000,2,2.01,2,2.01,1964,0
TXM,D,20171204,000000,2.01,2.02,1.93,2.01,7701,0
TXM,D,20171205,000000,2.02,2.02,2,2,1021,0
TXM,D,20171206,000000,2,2.11,2,2.11,13567,0
TXM,D,20171207,000000,2.14,2.14,2.05,2.13,2705,0
TXM,D,20171208,000000,2.12,2.14,2.1,2.13,9008,0
TXM,D,20171211,000000,2.18,2.18,2.01,2.17,206727,0
TXM,D,20171212,000000,2.17,2.17,2.01,2.14,1944,0
TXM,D,20171213,000000,2.15,2.15,2.01,2.13,13408,0
TXM,D,20171214,000000,2.15,2.15,2.15,2.15,101,0
TXM,D,20171215,000000,2.15,2.19,2.15,2.18,9933,0
TXM,D,20171218,000000,2.18,2.3,2.17,2.3,28368,0
TXM,D,20171219,000000,2.3,2.49,2.25,2.45,8747,0
TXM,D,20171220,000000,2.47,2.47,2.4,2.47,3825,0
TXM,D,20171221,000000,2.45,2.45,2.31,2.4,6041,0
TXM,D,20171222,000000,2.31,2.42,2.25,2.3,13869,0
TXM,D,20171227,000000,2.4,2.4,2.37,2.37,4153,0
TXM,D,20171228,000000,2.4,2.44,2.37,2.37,717,0
TXM,D,20171229,000000,2.37,2.43,2.37,2.4,17494,0
TXM,D,20180103,000000,2.5,2.5,2.4,2.48,6680,0
TXM,D,20180104,000000,2.48,2.5,2.4,2.44,9253,0
TXM,D,20180105,000000,2.4,2.48,2.28,2.34,25083,0
TXM,D,20180108,000000,2.34,2.36,2.3,2.36,3754,0
TXM,D,20180109,000000,2.36,2.4,2.3,2.32,11994,0
TXM,D,20180110,000000,2.38,2.38,2.3,2.36,3327,0
TXM,D,20180111,000000,2.36,2.36,2.18,2.18,19582,0
TXM,D,20180112,000000,2.18,2.3,2.18,2.3,2464,0
TXM,D,20180115,000000,2.3,2.3,2.24,2.3,13249,0
TXM,D,20180116,000000,2.3,2.44,2.3,2.4,31014,0
TXM,D,20180117,000000,2.42,2.42,2.3,2.3,5719,0
TXM,D,20180118,000000,2.3,2.38,2.3,2.3,11602,0
TXM,D,20180119,000000,2.38,2.38,2.24,2.34,9748,0
TXM,D,20180122,000000,2.34,2.38,2.34,2.38,6523,0
TXM,D,20180123,000000,2.28,2.3,2.24,2.24,21990,0
TXM,D,20180124,000000,2.24,2.24,2.18,2.22,11419,0
TXM,D,20180125,000000,2.2,2.34,2.18,2.2,13580,0
TXM,D,20180126,000000,2.2,2.26,2.2,2.26,20120,0
TXM,D,20180129,000000,2.28,2.36,2.28,2.36,2336,0
TXM,D,20180130,000000,2.36,2.36,2.24,2.36,6222,0
TXM,D,20180131,000000,2.34,2.34,2.34,2.34,5,0
TXM,D,20180201,000000,2.34,2.36,2.3,2.36,3230,0
TXM,D,20180202,000000,2.34,2.36,2.26,2.34,2648,0
TXM,D,20180205,000000,2.36,2.38,2.34,2.38,13007,0
TXM,D,20180206,000000,2.34,2.36,2.16,2.3,3837,0
TXM,D,20180207,000000,2.3,2.3,2.3,2.3,5,0
TXM,D,20180208,000000,2.2,2.26,2.16,2.26,4329,0
TXM,D,20180209,000000,2.26,2.26,2.26,2.26,199,0
TXM,D,20180212,000000,2.26,2.26,2.22,2.26,1015,0
TXM,D,20180213,000000,2.26,2.34,2.26,2.34,5001,0
TXM,D,20180214,000000,2.34,2.34,2.34,2.34,75,0
TXM,D,20180215,000000,2.34,2.34,2.24,2.32,12278,0
TXM,D,20180216,000000,2.32,2.32,2.24,2.28,9499,0
TXM,D,20180219,000000,2.3,2.34,2.3,2.34,1316,0
TXM,D,20180220,000000,2.34,2.34,2.34,2.34,11,0
TXM,D,20180221,000000,2.34,2.34,2.34,2.34,1791,0
TXM,D,20180222,000000,2.34,2.34,2.34,2.34,1,0
TXM,D,20180223,000000,2.34,2.34,2.3,2.34,3823,0
TXM,D,20180226,000000,2.34,2.34,2.28,2.34,2622,0
TXM,D,20180227,000000,2.34,2.34,2.34,2.34,1,0
TXM,D,20180228,000000,2.34,2.34,2.34,2.34,5,0
TXM,D,20180301,000000,2.34,2.34,2.3,2.34,1767,0
TXM,D,20180302,000000,2.34,2.34,2.28,2.34,267,0
TXM,D,20180305,000000,2.34,2.34,2.2,2.32,16390,0
TXM,D,20180306,000000,2.34,2.36,2.32,2.34,3887,0
TXM,D,20180307,000000,2.34,2.34,2.34,2.34,9001,0
TXM,D,20180308,000000,2.34,2.34,2.34,2.34,7001,0
TXM,D,20180309,000000,2.34,2.34,2.34,2.34,100,0
TXM,D,20180312,000000,2.2,2.32,2.2,2.32,22600,0
TXM,D,20180313,000000,2.32,2.48,2.32,2.48,220148,0
TXM,D,20180314,000000,2.48,2.5,2.4,2.46,8145,0
TXM,D,20180315,000000,2.46,2.5,2.28,2.28,14610,0
TXM,D,20180316,000000,2.44,2.44,2.44,2.44,1080,0
TXM,D,20180319,000000,2.42,2.44,2.42,2.44,9353,0
TXM,D,20180320,000000,2.44,2.44,2.44,2.44,2,0
TXM,D,20180321,000000,2.44,2.44,2.3,2.3,6402,0
TXM,D,20180322,000000,2.32,2.32,2.32,2.32,121,0
TXM,D,20180323,000000,2.32,2.4,2.32,2.4,901,0
TXM,D,20180326,000000,2.4,2.4,2.4,2.4,5,0
TXM,D,20180327,000000,2.36,2.36,2.36,2.36,2257,0
TXM,D,20180328,000000,2.36,2.36,2.36,2.36,1,0
TXM,D,20180403,000000,2.26,2.36,2.2,2.32,149113,0
TXM,D,20180404,000000,2.32,2.32,2.22,2.26,494,0
TXM,D,20180405,000000,2.26,2.36,2.26,2.36,51384,0
TXM,D,20180409,000000,2.34,2.38,2.34,2.38,10010,0
TXM,D,20180410,000000,2.36,2.4,2.36,2.36,15314,0
TXM,D,20180411,000000,2.4,2.4,2.38,2.38,505,0
TXM,D,20180412,000000,2.4,2.4,2.36,2.36,12,0
TXM,D,20180413,000000,2.38,2.38,2.3,2.3,1635,0
TXM,D,20180416,000000,2.3,2.3,2.24,2.3,451,0
TXM,D,20180417,000000,2.36,2.36,2.3,2.3,30,0
TXM,D,20180418,000000,2.34,2.34,2.24,2.24,251,0
TXM,D,20180419,000000,2.24,2.24,2.1,2.2,184100,0
TXM,D,20180420,000000,2.2,2.2,2.18,2.18,4927,0
TXM,D,20180423,000000,2.2,2.2,2.2,2.2,1,0
TXM,D,20180424,000000,2.2,2.2,1.98,2.06,2305,0
TXM,D,20180425,000000,2.06,2.06,1.95,2,8261,0
TXM,D,20180426,000000,2.1,2.1,2.1,2.1,90,0
TXM,D,20180427,000000,2.1,2.1,2.1,2.1,2,0
TXM,D,20180430,000000,2.18,2.18,2,2,505,0
TXM,D,20180502,000000,2.18,2.18,2.18,2.18,2,0
TXM,D,20180504,000000,2.18,2.18,2.18,2.18,1,0
TXM,D,20180507,000000,2.16,2.18,2.16,2.18,683,0
TXM,D,20180508,000000,2.18,2.18,1.88,2.1,1621,0
TXM,D,20180509,000000,2.16,2.16,2.16,2.16,1,0
TXM,D,20180510,000000,2.18,2.18,2,2,1650,0
TXM,D,20180511,000000,2.16,2.16,2.1,2.1,6111,0
TXM,D,20180514,000000,2.16,2.16,2,2,4160,0
TXM,D,20180515,000000,2.16,2.16,2.02,2.02,2022,0
TXM,D,20180516,000000,2.14,2.14,2,2,2107,0
TXM,D,20180517,000000,2,2,1.81,1.9,7674,0
TXM,D,20180518,000000,1.9,1.9,1.9,1.9,3500,0
TXM,D,20180521,000000,1.9,1.95,1.9,1.95,4348,0
TXM,D,20180522,000000,1.95,1.95,1.95,1.95,3394,0
TXM,D,20180523,000000,2,2,1.8,1.85,13424,0
TXM,D,20180524,000000,1.85,1.85,1.67,1.7,23780,0
TXM,D,20180525,000000,1.69,1.69,1.5,1.55,90844,0
TXM,D,20180528,000000,1.69,1.69,1.5,1.5,10957,0
TXM,D,20180529,000000,1.36,1.69,1.33,1.35,59283,0
TXM,D,20180530,000000,1.35,1.35,1.1,1.35,173271,0
TXM,D,20180601,000000,1.35,1.47,1.22,1.39,27929,0
TXM,D,20180604,000000,1.44,1.44,1.3,1.3,3480,0
TXM,D,20180605,000000,1.42,1.42,1.2,1.3,26857,0
TXM,D,20180606,000000,1.3,1.3,1.3,1.3,6790,0
TXM,D,20180607,000000,1.4,1.4,1.29,1.3,2555,0
TXM,D,20180608,000000,1.32,1.4,1.3,1.3,13018,0
TXM,D,20180611,000000,1.26,1.35,1.2,1.25,23681,0
TXM,D,20180612,000000,1.3,1.3,1.15,1.18,4684,0
TXM,D,20180613,000000,1.2,1.2,1.17,1.2,6553,0
TXM,D,20180614,000000,1.25,1.37,1.18,1.25,65758,0
TXM,D,20180615,000000,1.37,1.45,1.28,1.37,46796,0
TXM,D,20180618,000000,1.45,1.59,1.33,1.48,22499,0
TXM,D,20180619,000000,1.55,1.55,1.45,1.55,13663,0
TXM,D,20180620,000000,1.65,1.75,1.55,1.65,57014,0
TXM,D,20180621,000000,1.67,1.7,1.38,1.5,53275,0
TXM,D,20180622,000000,1.6,1.6,1.35,1.49,7842,0
TXM,D,20180625,000000,1.35,1.41,1.32,1.35,11493,0
TXM,D,20180626,000000,1.32,1.35,1.3,1.3,64222,0
TXM,D,20180627,000000,1.43,1.43,1.26,1.3,39186,0
TXM,D,20180628,000000,1.22,1.3,1.22,1.25,2670,0
TXM,D,20180629,000000,1.22,1.3,1.22,1.29,4768,0
TXM,D,20180702,000000,1.39,1.39,1.21,1.29,8989,0
TXM,D,20180703,000000,1.34,1.34,1.22,1.28,2934,0
TXM,D,20180704,000000,1.29,1.29,1.24,1.24,1145,0
TXM,D,20180705,000000,1.29,1.29,1.19,1.19,46791,0
TXM,D,20180706,000000,1.13,1.16,1.03,1.16,30498,0
TXM,D,20180709,000000,1.12,1.13,1.07,1.07,32769,0
TXM,D,20180710,000000,1.12,1.3,1.07,1.28,23641,0
TXM,D,20180711,000000,1.34,1.6,1.32,1.6,67303,0
TXM,D,20180712,000000,1.73,1.88,1.6,1.64,56096,0
TXM,D,20180713,000000,1.79,1.79,1.65,1.67,38732,0
TXM,D,20180716,000000,1.72,1.72,1.55,1.65,9672,0
TXM,D,20180717,000000,1.55,1.63,1.4,1.53,10327,0
TXM,D,20180718,000000,1.53,1.6,1.46,1.55,10446,0
TXM,D,20180719,000000,1.59,1.59,1.46,1.56,2972,0
TXM,D,20180720,000000,1.58,1.59,1.41,1.59,6734,0
TXM,D,20180723,000000,1.55,1.57,1.55,1.57,1015,0
TXM,D,20180724,000000,1.59,1.59,1.55,1.56,1499,0
TXM,D,20180725,000000,1.56,1.57,1.54,1.55,6507,0
TXM,D,20180726,000000,1.59,1.59,1.58,1.58,6202,0
TXM,D,20180727,000000,1.58,1.58,1.55,1.55,6350,0
TXM,D,20180730,000000,1.6,1.6,1.36,1.38,14655,0
TXM,D,20180731,000000,1.38,1.43,1.38,1.43,8718,0
TXM,D,20180801,000000,1.57,1.57,1.48,1.48,3225,0
TXM,D,20180802,000000,1.49,1.54,1.49,1.54,201,0
TXM,D,20180803,000000,1.53,1.53,1.53,1.53,3124,0
TXM,D,20180806,000000,1.53,1.53,1.53,1.53,2272,0
TXM,D,20180807,000000,1.53,1.53,1.45,1.45,1766,0
TXM,D,20180808,000000,1.44,1.53,1.44,1.52,2949,0
TXM,D,20180809,000000,1.51,1.51,1.45,1.47,6642,0
TXM,D,20180810,000000,1.51,1.51,1.45,1.45,10188,0
TXM,D,20180813,000000,1.47,1.5,1.45,1.49,10165,0
TXM,D,20180814,000000,1.35,1.48,1.3,1.47,6734,0
TXM,D,20180816,000000,1.49,1.49,1.45,1.45,17,0
TXM,D,20180817,000000,1.48,1.49,1.46,1.49,804,0
TXM,D,20180820,000000,1.49,1.52,1.37,1.47,2877,0
TXM,D,20180821,000000,1.49,1.49,1.48,1.48,122,0
TXM,D,20180822,000000,1.49,1.49,1.45,1.45,3100,0
TXM,D,20180823,000000,1.45,1.5,1.45,1.5,5016,0
TXM,D,20180824,000000,1.5,1.5,1.5,1.5,46,0
TXM,D,20180827,000000,1.49,1.49,1.45,1.49,1009,0
TXM,D,20180828,000000,1.38,1.48,1.38,1.48,291,0
TXM,D,20180829,000000,1.44,1.48,1.36,1.38,7964,0
TXM,D,20180830,000000,1.3,1.36,1.27,1.36,5750,0
TXM,D,20180831,000000,1.3,1.35,1.17,1.35,37157,0
TXM,D,20180903,000000,1.22,1.22,1.17,1.2,4887,0
TXM,D,20180904,000000,1.15,1.21,1.08,1.14,21859,0
TXM,D,20180905,000000,1.14,1.14,1.05,1.11,13001,0
TXM,D,20180906,000000,1.11,1.11,1,1.05,831,0
TXM,D,20180907,000000,1.05,1.05,0.95,1.04,6249,0
TXM,D,20180910,000000,1,1.04,0.95,1,9205,0
TXM,D,20180911,000000,0.8,0.8,0.8,0.8,12044,0
TXM,D,20180912,000000,0.79,0.79,0.59,0.59,538629,0
TXM,D,20180913,000000,0.59,0.6,0.51,0.51,67914,0
TXM,D,20180914,000000,0.53,0.63,0.53,0.63,187101,0
TXM,D,20180917,000000,0.68,0.79,0.66,0.79,72788,0
TXM,D,20180918,000000,0.82,0.9,0.73,0.73,124431,0
TXM,D,20180919,000000,0.73,0.77,0.66,0.69,21916,0
TXM,D,20180920,000000,0.69,0.69,0.6,0.6,29743,0
TXM,D,20180921,000000,0.6,0.66,0.54,0.65,184605,0
TXM,D,20180924,000000,0.66,0.71,0.61,0.63,43310,0
TXM,D,20180925,000000,0.63,0.67,0.62,0.64,21775,0
TXM,D,20180926,000000,0.64,0.67,0.64,0.67,16258,0
TXM,D,20180927,000000,0.67,0.72,0.65,0.65,30529,0
TXM,D,20180928,000000,0.66,0.66,0.62,0.63,9097,0
TXM,D,20181001,000000,0.64,0.66,0.63,0.63,10745,0
TXM,D,20181002,000000,0.63,0.67,0.63,0.66,30038,0
TXM,D,20181003,000000,0.65,0.67,0.63,0.67,13102,0
TXM,D,20181004,000000,0.66,0.66,0.66,0.66,3050,0
TXM,D,20181005,000000,0.63,0.66,0.63,0.66,1962,0
TXM,D,20181008,000000,0.66,0.66,0.6,0.61,7562,0
TXM,D,20181009,000000,0.59,0.59,0.59,0.59,4000,0
TXM,D,20181010,000000,0.6,0.64,0.56,0.64,18686,0
TXM,D,20181011,000000,0.63,0.63,0.56,0.62,20582,0
TXM,D,20181012,000000,0.59,0.6,0.58,0.59,20170,0
TXM,D,20181015,000000,0.59,0.59,0.59,0.59,538,0
TXM,D,20181016,000000,0.58,0.58,0.56,0.57,3828,0
TXM,D,20181017,000000,0.57,0.57,0.54,0.54,10173,0
TXM,D,20181018,000000,0.58,0.58,0.54,0.55,16622,0
TXM,D,20181019,000000,0.53,0.53,0.53,0.53,10300,0
TXM,D,20181022,000000,0.54,0.54,0.49,0.49,23038,0
TXM,D,20181023,000000,0.47,0.51,0.47,0.51,26319,0
TXM,D,20181024,000000,0.5,0.5,0.45,0.46,71991,0
TXM,D,20181025,000000,0.45,0.48,0.41,0.48,30283,0
TXM,D,20181026,000000,0.44,0.48,0.44,0.48,11304,0
TXM,D,20181029,000000,0.47,0.49,0.47,0.48,4946,0
TXM,D,20181030,000000,0.44,0.44,0.44,0.44,3208,0
TXM,D,20181031,000000,0.44,0.45,0.42,0.45,653,0
TXM,D,20181102,000000,0.46,0.46,0.44,0.46,4160,0
TXM,D,20181107,000000,0.42,0.46,0.4,0.41,78714,0
TXM,D,20181108,000000,0.44,0.44,0.4,0.4,59176,0
TXM,D,20181109,000000,0.42,0.42,0.39,0.39,20150,0
TXM,D,20181113,000000,0.36,0.37,0.36,0.37,17127,0
TXM,D,20181114,000000,0.38,0.38,0.38,0.38,42200,0
TXM,D,20181115,000000,0.38,0.38,0.36,0.36,13713,0
TXM,D,20181116,000000,0.33,0.33,0.33,0.33,53693,0
TXM,D,20181119,000000,0.3,0.33,0.29,0.32,74351,0
TXM,D,20181120,000000,0.32,0.32,0.29,0.31,27127,0
TXM,D,20181121,000000,0.3,0.3,0.3,0.3,1548,0
TXM,D,20181122,000000,0.32,0.32,0.3,0.32,6567,0
TXM,D,20181123,000000,0.3,0.31,0.29,0.3,26892,0
TXM,D,20181126,000000,0.3,0.3,0.28,0.29,16996,0
TXM,D,20181127,000000,0.3,0.32,0.3,0.32,14325,0
TXM,D,20181128,000000,0.32,0.4,0.32,0.4,91334,0
TXM,D,20181129,000000,0.4,0.42,0.36,0.36,141823,0
TXM,D,20181130,000000,0.37,0.37,0.29,0.31,234554,0
TXM,D,20181203,000000,0.33,0.34,0.3,0.31,23369,0
TXM,D,20181204,000000,0.33,0.33,0.31,0.32,45811,0
TXM,D,20181205,000000,0.33,0.33,0.31,0.31,32790,0
TXM,D,20181206,000000,0.31,0.31,0.28,0.28,162997,0
TXM,D,20181207,000000,0.29,0.3,0.29,0.29,19274,0
TXM,D,20181210,000000,0.29,0.3,0.27,0.29,11575,0
TXM,D,20181211,000000,0.29,0.29,0.27,0.28,15600,0
TXM,D,20181212,000000,0.27,0.29,0.26,0.27,18687,0
TXM,D,20181213,000000,0.27,0.28,0.25,0.26,89431,0
TXM,D,20181214,000000,0.28,0.28,0.28,0.28,987,0
TXM,D,20181217,000000,0.28,0.28,0.25,0.28,17100,0
TXM,D,20181218,000000,0.27,0.28,0.24,0.27,37480,0
TXM,D,20181219,000000,0.27,0.27,0.25,0.27,29300,0
TXM,D,20181220,000000,0.26,0.27,0.26,0.27,39438,0
TXM,D,20181221,000000,0.28,0.28,0.26,0.26,46864,0
TXM,D,20181227,000000,0.25,0.28,0.25,0.28,21713,0
TXM,D,20181228,000000,0.29,0.29,0.26,0.26,21862,0
TXM,D,20190102,000000,0.28,0.28,0.25,0.25,3580,0
TXM,D,20190103,000000,0.26,0.27,0.26,0.27,1850,0
TXM,D,20190104,000000,0.27,0.27,0.27,0.27,10970,0
TXM,D,20190107,000000,0.26,0.26,0.25,0.25,219197,0
TXM,D,20190108,000000,0.26,0.26,0.25,0.25,48592,0
TXM,D,20190109,000000,0.24,0.24,0.24,0.24,43378,0
TXM,D,20190110,000000,0.24,0.24,0.24,0.24,23637,0
TXM,D,20190111,000000,0.24,0.24,0.23,0.23,22295,0
TXM,D,20190114,000000,0.22,0.22,0.21,0.21,82918,0
TXM,D,20190115,000000,0.21,0.21,0.2,0.2,76119,0
TXM,D,20190116,000000,0.2,0.2,0.2,0.2,34632,0
TXM,D,20190117,000000,0.2,0.2,0.2,0.2,61958,0
TXM,D,20190121,000000,0.19,0.19,0.19,0.19,43035,0
TXM,D,20190122,000000,0.19,0.19,0.19,0.19,65245,0
TXM,D,20190123,000000,0.19,0.19,0.19,0.19,13788,0
TXM,D,20190124,000000,0.19,0.19,0.19,0.19,13000,0
TXM,D,20190125,000000,0.19,0.21,0.19,0.21,27066,0
TXM,D,20190128,000000,0.22,0.22,0.22,0.22,19964,0
TXM,D,20190129,000000,0.22,0.22,0.22,0.22,12326,0
TXM,D,20190130,000000,0.22,0.22,0.21,0.21,94142,0
TXM,D,20190131,000000,0.19,0.19,0.19,0.19,30714,0
TXM,D,20190201,000000,0.2,0.2,0.2,0.2,335,0
TXM,D,20190204,000000,0.2,0.2,0.2,0.2,6400,0
TXM,D,20190205,000000,0.2,0.2,0.2,0.2,31376,0
TXM,D,20190206,000000,0.19,0.2,0.19,0.2,10390,0
TXM,D,20190207,000000,0.22,0.22,0.21,0.21,7950,0
TXM,D,20190208,000000,0.21,0.21,0.2,0.2,42172,0
TXM,D,20190211,000000,0.19,0.2,0.19,0.2,72300,0
TXM,D,20190212,000000,0.19,0.19,0.19,0.19,92501,0
TXM,D,20190213,000000,0.19,0.19,0.18,0.18,24450,0
TXM,D,20190214,000000,0.19,0.19,0.18,0.18,102257,0
TXM,D,20190215,000000,0.19,0.19,0.19,0.19,8000,0
TXM,D,20190218,000000,0.18,0.19,0.18,0.19,289400,0
TXM,D,20190219,000000,0.19,0.19,0.19,0.19,21533,0
TXM,D,20190220,000000,0.19,0.19,0.19,0.19,32413,0
TXM,D,20190221,000000,0.19,0.2,0.19,0.2,19720,0
TXM,D,20190222,000000,0.19,0.19,0.19,0.19,1809,0
TXM,D,20190225,000000,0.19,0.19,0.19,0.19,66951,0
TXM,D,20190227,000000,0.19,0.19,0.19,0.19,8000,0
TXM,D,20190228,000000,0.18,0.18,0.18,0.18,67113,0
TXM,D,20190301,000000,0.18,0.18,0.18,0.18,36807,0
TXM,D,20190304,000000,0.18,0.18,0.18,0.18,5500,0
TXM,D,20190306,000000,0.19,0.19,0.19,0.19,5,0
TXM,D,20190307,000000,0.18,0.18,0.18,0.18,3534,0
TXM,D,20190308,000000,0.181,0.181,0.181,0.181,1466,0
TXM,D,20190311,000000,0.189,0.19,0.189,0.19,18766,0
TXM,D,20190312,000000,0.2,0.23,0.2,0.23,44763,0
TXM,D,20190313,000000,0.22,0.22,0.2,0.2,35900,0
TXM,D,20190314,000000,0.2,0.2,0.2,0.2,12597,0
TXM,D,20190315,000000,0.21,0.21,0.21,0.21,200,0
TXM,D,20190318,000000,0.2,0.2,0.2,0.2,12960,0
TXM,D,20190319,000000,0.2,0.2,0.2,0.2,25000,0
TXM,D,20190320,000000,0.21,0.22,0.21,0.22,15830,0
TXM,D,20190321,000000,0.22,0.22,0.22,0.22,10976,0
TXM,D,20190322,000000,0.21,0.21,0.21,0.21,10003,0
TXM,D,20190325,000000,0.2,0.2,0.2,0.2,23902,0
TXM,D,20190326,000000,0.2,0.2,0.2,0.2,16570,0
TXM,D,20190328,000000,0.21,0.21,0.2,0.2,8475,0
TXM,D,20190329,000000,0.191,0.2,0.191,0.2,13020,0
TXM,D,20190401,000000,0.19,0.19,0.19,0.19,17,0
TXM,D,20190402,000000,0.19,0.19,0.19,0.19,4428,0
TXM,D,20190403,000000,0.19,0.19,0.19,0.19,2767,0
TXM,D,20190404,000000,0.19,0.19,0.17,0.17,28330,0
TXM,D,20190405,000000,0.15,0.15,0.14,0.14,76953,0
TXM,D,20190408,000000,0.16,0.16,0.16,0.16,1000,0
TXM,D,20190409,000000,0.16,0.16,0.16,0.16,10000,0
TXM,D,20190410,000000,0.17,0.17,0.17,0.17,5,0
TXM,D,20190411,000000,0.17,0.17,0.17,0.17,1913,0
TXM,D,20190412,000000,0.15,0.152,0.15,0.152,29960,0
TXM,D,20190415,000000,0.152,0.153,0.152,0.153,26612,0
TXM,D,20190417,000000,0.169,0.169,0.169,0.169,500,0
TXM,D,20190418,000000,0.159,0.159,0.159,0.159,6510,0
TXM,D,20190423,000000,0.152,0.152,0.152,0.152,21576,0
TXM,D,20190424,000000,0.168,0.168,0.168,0.168,848,0
TXM,D,20190425,000000,0.169,0.169,0.169,0.169,13700,0
TXM,D,20190426,000000,0.15,0.16,0.15,0.16,18229,0
TXM,D,20190429,000000,0.16,0.16,0.14,0.14,75851,0
TXM,D,20190430,000000,0.12,0.12,0.12,0.12,232346,0
TXM,D,20190527,000000,0.13,0.13,0.13,0.13,13309,0
TXM,D,20190528,000000,0.14,0.14,0.14,0.14,23731,0
TXM,D,20190529,000000,0.14,0.14,0.14,0.14,2121,0
TXM,D,20190530,000000,0.14,0.14,0.14,0.14,2000,0
TXM,D,20190531,000000,0.128,0.128,0.128,0.128,10330,0
TXM,D,20190604,000000,0.11,0.11,0.11,0.11,34279,0
TXM,D,20190605,000000,0.11,0.11,0.11,0.11,3605,0
TXM,D,20190606,000000,0.12,0.12,0.12,0.12,10000,0
TXM,D,20190607,000000,0.1,0.1,0.1,0.1,3335,0
TXM,D,20190610,000000,0.1,0.11,0.1,0.11,51094,0
TXM,D,20190611,000000,0.128,0.128,0.124,0.124,5520,0
TXM,D,20190612,000000,0.128,0.128,0.128,0.128,7777,0
TXM,D,20190613,000000,0.128,0.128,0.128,0.128,7777,0
TXM,D,20190614,000000,0.128,0.128,0.12,0.12,107777,0
TXM,D,20190617,000000,0.128,0.128,0.128,0.128,12777,0
TXM,D,20190618,000000,0.15,0.15,0.15,0.15,320,0
TXM,D,20190619,000000,0.14,0.14,0.14,0.14,2600,0
TXM,D,20190621,000000,0.136,0.136,0.136,0.136,900,0
TXM,D,20190624,000000,0.128,0.128,0.11,0.11,26219,0
TXM,D,20190625,000000,0.11,0.11,0.11,0.11,37396,0
TXM,D,20190626,000000,0.11,0.11,0.11,0.11,13975,0
TXM,D,20190627,000000,0.125,0.125,0.125,0.125,10,0
TXM,D,20190628,000000,0.12,0.12,0.12,0.12,11,0
TXM,D,20190703,000000,0.1195,0.1195,0.11,0.11,1373,0
TXM,D,20190704,000000,0.1105,0.1105,0.1105,0.1105,16,0
TXM,D,20190705,000000,0.1105,0.1105,0.1105,0.1105,2400,0
TXM,D,20190708,000000,0.102,0.102,0.102,0.102,30229,0
TXM,D,20190709,000000,0.11,0.11,0.1,0.1,29050,0
TXM,D,20190710,000000,0.1,0.1,0.1,0.1,22011,0
TXM,D,20190711,000000,0.1,0.1,0.1,0.1,3000,0
TXM,D,20190716,000000,0.101,0.102,0.101,0.102,2200,0
TXM,D,20190717,000000,0.0938,0.0938,0.0938,0.0938,15000,0
TXM,D,20190718,000000,0.094,0.101,0.094,0.101,910,0
TXM,D,20190719,000000,0.1,0.1,0.1,0.1,7837,0
TXM,D,20190722,000000,0.09,0.091,0.09,0.091,92933,0
TXM,D,20190723,000000,0.091,0.091,0.091,0.091,5410,0
TXM,D,20190726,000000,0.09,0.101,0.09,0.101,24208,0
TXM,D,20190729,000000,0.1,0.1,0.1,0.1,3300,0
TXM,D,20190731,000000,0.09,0.09,0.09,0.09,5712,0
TXM,D,20190801,000000,0.09,0.101,0.09,0.101,5200,0
TXM,D,20190802,000000,0.1,0.1,0.1,0.1,30909,0
TXM,D,20190805,000000,0.088,0.088,0.088,0.088,13073,0
TXM,D,20190806,000000,0.0852,0.1,0.0852,0.1,1063,0
TXM,D,20190807,000000,0.0998,0.0998,0.0998,0.0998,34353,0
TXM,D,20190809,000000,0.1,0.1,0.1,0.1,300,0
TXM,D,20190812,000000,0.061,0.061,0.061,0.061,183249,0
TXM,D,20190813,000000,0.0632,0.0632,0.0632,0.0632,25400,0
TXM,D,20190814,000000,0.071,0.071,0.071,0.071,5500,0
TXM,D,20190816,000000,0.076,0.085,0.076,0.085,67492,0
TXM,D,20190819,000000,0.09,0.0932,0.09,0.0932,23170,0
TXM,D,20190820,000000,0.093,0.093,0.093,0.093,5000,0
TXM,D,20190821,000000,0.0932,0.0932,0.0932,0.0932,1400,0
TXM,D,20190822,000000,0.085,0.085,0.085,0.085,5000,0
TXM,D,20190823,000000,0.0932,0.0932,0.093,0.093,12000,0
TXM,D,20190826,000000,0.095,0.099,0.095,0.099,14000,0
TXM,D,20190827,000000,0.099,0.099,0.099,0.099,150,0
TXM,D,20190828,000000,0.099,0.099,0.099,0.099,10090,0
TXM,D,20190829,000000,0.099,0.099,0.099,0.099,16565,0
TXM,D,20190830,000000,0.0852,0.0852,0.0852,0.0852,228,0
TXM,D,20190902,000000,0.08,0.08,0.08,0.08,99950,0
TXM,D,20190903,000000,0.082,0.0988,0.082,0.0988,7591,0
TXM,D,20190905,000000,0.0986,0.0986,0.0986,0.0986,1000,0
TXM,D,20190906,000000,0.0988,0.0988,0.08,0.08,15100,0
TXM,D,20190909,000000,0.0988,0.0988,0.0986,0.0986,2100,0
TXM,D,20190910,000000,0.0984,0.0984,0.0984,0.0984,150,0
TXM,D,20190911,000000,0.0984,0.0984,0.0984,0.0984,6,0
TXM,D,20190912,000000,0.092,0.092,0.092,0.092,7689,0
TXM,D,20190917,000000,0.092,0.095,0.092,0.095,7840,0
TXM,D,20190919,000000,0.0984,0.1055,0.0984,0.1055,62985,0
TXM,D,20190920,000000,0.13,0.149,0.13,0.149,72209,0
TXM,D,20190923,000000,0.16,0.171,0.16,0.171,76970,0
TXM,D,20190924,000000,0.178,0.178,0.168,0.168,61121,0
TXM,D,20190925,000000,0.15,0.1675,0.15,0.1675,59508,0
TXM,D,20190927,000000,0.162,0.162,0.162,0.162,2000,0
TXM,D,20191002,000000,0.16,0.16,0.16,0.16,3090,0
TXM,D,20191009,000000,0.15,0.15,0.149,0.149,10951,0
TXM,D,20191010,000000,0.13,0.13,0.13,0.13,9937,0
TXM,D,20191016,000000,0.149,0.149,0.148,0.148,11215,0
TXM,D,20191017,000000,0.142,0.142,0.13,0.13,351,0
TXM,D,20191021,000000,0.147,0.147,0.147,0.147,100,0
TXM,D,20191022,000000,0.135,0.135,0.135,0.135,12000,0
TXM,D,20191031,000000,0.13,0.13,0.13,0.13,20,0
TXM,D,20191104,000000,0.13,0.13,0.112,0.112,9383,0
TXM,D,20191105,000000,0.112,0.128,0.112,0.128,9912,0
TXM,D,20191107,000000,0.11,0.11,0.11,0.11,10000,0
TXM,D,20191108,000000,0.1265,0.1265,0.1265,0.1265,400,0
TXM,D,20191112,000000,0.1265,0.1265,0.1265,0.1265,10251,0
TXM,D,20191113,000000,0.1265,0.1265,0.1265,0.1265,400,0
TXM,D,20191114,000000,0.101,0.1265,0.101,0.1265,505,0
TXM,D,20191115,000000,0.101,0.101,0.101,0.101,2700,0
TXM,D,20191119,000000,0.116,0.116,0.116,0.116,50,0
TXM,D,20191120,000000,0.116,0.116,0.116,0.116,815,0
TXM,D,20191122,000000,0.101,0.101,0.101,0.101,12800,0
TXM,D,20191125,000000,0.101,0.101,0.101,0.101,863,0
TXM,D,20191126,000000,0.101,0.101,0.101,0.101,7132,0
TXM,D,20191127,000000,0.12,0.12,0.118,0.118,3460,0
TXM,D,20191128,000000,0.123,0.123,0.123,0.123,2961,0
TXM,D,20191129,000000,0.12,0.12,0.12,0.12,21147,0
TXM,D,20191202,000000,0.105,0.105,0.105,0.105,59,0
TXM,D,20191203,000000,0.101,0.101,0.101,0.101,500,0
TXM,D,20191204,000000,0.1,0.101,0.1,0.101,17394,0
TXM,D,20191205,000000,0.09,0.09,0.09,0.09,12004,0
TXM,D,20191206,000000,0.09,0.105,0.09,0.105,2884,0
TXM,D,20191209,000000,0.119,0.123,0.119,0.123,8823,0
TXM,D,20191212,000000,0.123,0.123,0.123,0.123,1000,0
TXM,D,20191213,000000,0.123,0.123,0.12,0.12,5065,0
TXM,D,20191216,000000,0.105,0.105,0.105,0.105,4463,0
TXM,D,20191217,000000,0.102,0.102,0.102,0.102,5695,0
TXM,D,20191218,000000,0.0948,0.11,0.0948,0.11,63093,0
TXM,D,20191219,000000,0.0906,0.0906,0.0906,0.0906,8405,0
TXM,D,20191220,000000,0.1,0.1,0.1,0.1,11323,0
TXM,D,20191223,000000,0.1,0.1,0.1,0.1,3000,0
TXM,D,20191227,000000,0.1,0.1,0.1,0.1,3069,0
TXM,D,20191230,000000,0.1095,0.1095,0.1095,0.1095,1,0
TXM,D,20200103,000000,0.111,0.122,0.111,0.122,4200,0
TXM,D,20200107,000000,0.122,0.122,0.122,0.122,2000,0
TXM,D,20200108,000000,0.122,0.122,0.122,0.122,4000,0
TXM,D,20200109,000000,0.11,0.11,0.11,0.11,300,0
TXM,D,20200110,000000,0.1,0.1,0.1,0.1,1868,0
TXM,D,20200113,000000,0.101,0.101,0.101,0.101,837,0
TXM,D,20200114,000000,0.1,0.1,0.093,0.093,23359,0
TXM,D,20200115,000000,0.1,0.1,0.1,0.1,11600,0
TXM,D,20200116,000000,0.1,0.1,0.1,0.1,12400,0
TXM,D,20200117,000000,0.1,0.1,0.1,0.1,1000,0
TXM,D,20200120,000000,0.1,0.1,0.1,0.1,2000,0
TXM,D,20200121,000000,0.093,0.1,0.093,0.1,10430,0
TXM,D,20200123,000000,0.1,0.1,0.1,0.1,2950,0
TXM,D,20200124,000000,0.115,0.115,0.115,0.115,9290,0
TXM,D,20200127,000000,0.12,0.12,0.12,0.12,1800,0
TXM,D,20200128,000000,0.12,0.12,0.12,0.12,1000,0
TXM,D,20200129,000000,0.12,0.12,0.12,0.12,1000,0
TXM,D,20200130,000000,0.118,0.118,0.118,0.118,1000,0
TXM,D,20200131,000000,0.118,0.118,0.118,0.118,1100,0
TXM,D,20200203,000000,0.118,0.118,0.118,0.118,1000,0
TXM,D,20200204,000000,0.118,0.118,0.118,0.118,1000,0
TXM,D,20200205,000000,0.105,0.105,0.1,0.1,32132,0
TXM,D,20200206,000000,0.1145,0.1145,0.105,0.105,5922,0
TXM,D,20200207,000000,0.115,0.115,0.115,0.115,20637,0
TXM,D,20200210,000000,0.11,0.11,0.11,0.11,7713,0
TXM,D,20200211,000000,0.118,0.118,0.118,0.118,500,0
TXM,D,20200212,000000,0.118,0.118,0.118,0.118,500,0
TXM,D,20200213,000000,0.11,0.11,0.11,0.11,8300,0
TXM,D,20200217,000000,0.11,0.11,0.1015,0.1015,6522,0
TXM,D,20200218,000000,0.11,0.11,0.11,0.11,250,0
TXM,D,20200219,000000,0.11,0.1145,0.11,0.1145,6860,0
TXM,D,20200220,000000,0.118,0.118,0.1175,0.1175,3000,0
TXM,D,20200224,000000,0.1005,0.1005,0.1005,0.1005,2000,0
TXM,D,20200225,000000,0.1,0.1,0.1,0.1,1543,0
TXM,D,20200227,000000,0.101,0.101,0.101,0.101,5670,0
TXM,D,20200228,000000,0.1,0.1,0.1,0.1,7533,0
TXM,D,20200302,000000,0.117,0.117,0.117,0.117,500,0
TXM,D,20200303,000000,0.117,0.117,0.117,0.117,3800,0
TXM,D,20200306,000000,0.1005,0.1005,0.1005,0.1005,10840,0
TXM,D,20200309,000000,0.1005,0.1005,0.1005,0.1005,33160,0
TXM,D,20200310,000000,0.117,0.117,0.117,0.117,300,0
TXM,D,20200312,000000,0.1115,0.1115,0.1115,0.1115,688,0
TXM,D,20200313,000000,0.1115,0.1115,0.1115,0.1115,25,0
TXM,D,20200316,000000,0.0948,0.0948,0.0948,0.0948,5000,0
TXM,D,20200319,000000,0.1,0.1,0.1,0.1,75,0
