<TICKER>,<PER>,<DATE>,<TIME>,<OPEN>,<HIGH>,<LOW>,<CLOSE>,<VOL>,<OPENINT>
VGO,D,20141125,000000,176.59,185.89,175.2,185.89,23119,0
VGO,D,20141126,000000,190.82,198.9,186.82,195.18,7575,0
VGO,D,20141127,000000,198.71,198.71,188.21,191.09,3486,0
VGO,D,20141128,000000,192.11,198.71,187.75,197.05,4082,0
VGO,D,20141201,000000,198.07,198.07,193.32,196.58,353,0
VGO,D,20141202,000000,193.98,197.05,193.88,195.23,604,0
VGO,D,20141203,000000,196.11,196.11,189.61,193.23,1031,0
VGO,D,20141204,000000,191.93,192.85,191.93,192.39,682,0
VGO,D,20141205,000000,192.16,193.27,191.93,193.27,537,0
VGO,D,20141208,000000,193.27,193.27,191.93,192.35,686,0
VGO,D,20141209,000000,191.93,192.39,188.78,192.02,1182,0
VGO,D,20141210,000000,189.61,191.28,189.14,189.74,214,0
VGO,D,20141211,000000,189.7,189.7,177.8,180.31,1751,0
VGO,D,20141212,000000,181.23,184.49,180.4,182.17,378,0
VGO,D,20141215,000000,181.7,184.31,181.23,184.31,162,0
VGO,D,20141216,000000,184.31,184.35,179.76,183.98,359,0
VGO,D,20141217,000000,184.35,184.35,181.23,181.23,67,0
VGO,D,20141218,000000,181.23,183.1,180.31,180.31,471,0
VGO,D,20141219,000000,178.54,178.92,177.62,177.99,245,0
VGO,D,20141222,000000,177.62,181.23,177.53,179.39,276,0
VGO,D,20141223,000000,177.62,178.92,177.62,178.92,113,0
VGO,D,20141229,000000,178.46,179.47,178.46,178.46,145,0
VGO,D,20141230,000000,179.52,184.03,179.52,184.03,2556,0
VGO,D,20150102,000000,184.03,188.58,181.23,183.34,250,0
VGO,D,20150105,000000,184.49,184.49,183.56,184.03,265,0
VGO,D,20150107,000000,184.03,184.03,179.39,184.03,81,0
VGO,D,20150108,000000,184.49,184.49,181.23,184.03,88,0
VGO,D,20150109,000000,184.86,184.86,181.06,181.06,6087,0
VGO,D,20150112,000000,181.23,182.08,181.06,181.23,1392,0
VGO,D,20150113,000000,179.47,179.85,175.3,175.67,8926,0
VGO,D,20150114,000000,175.3,175.3,168.23,171.94,7198,0
VGO,D,20150115,000000,171.94,171.94,164.7,171.82,2432,0
VGO,D,20150116,000000,169.62,171.82,167.3,171.82,2032,0
VGO,D,20150119,000000,170.46,171.82,167.62,171.82,4963,0
VGO,D,20150120,000000,168.23,179.85,168.23,179.85,32477,0
VGO,D,20150121,000000,177.53,179.85,174.73,179.85,166,0
VGO,D,20150122,000000,177.53,179.85,177.53,179.8,302,0
VGO,D,20150123,000000,177.53,179.39,177.53,179.39,170,0
VGO,D,20150126,000000,177.53,179.8,177.53,179.57,227,0
VGO,D,20150127,000000,179.8,179.8,179.8,179.8,54,0
VGO,D,20150128,000000,177.53,177.53,177.11,177.11,223,0
VGO,D,20150129,000000,177.11,179.39,177.11,179.39,406,0
VGO,D,20150130,000000,177.11,179.39,177.11,179.39,240,0
VGO,D,20150202,000000,177.11,179.29,177.11,179.29,36,0
VGO,D,20150203,000000,177.11,178.41,177.11,178.41,98,0
VGO,D,20150204,000000,175.67,177.53,172.97,177.53,5515,0
VGO,D,20150206,000000,172.97,172.97,172.97,172.97,268,0
VGO,D,20150209,000000,172.88,172.88,172.83,172.83,36,0
VGO,D,20150210,000000,172.46,172.88,167.3,172.88,227,0
VGO,D,20150211,000000,168.23,172.88,168.23,172.88,44,0
VGO,D,20150212,000000,172.88,172.88,167.3,172.88,88,0
VGO,D,20150216,000000,172.88,177.43,172.88,176.59,503,0
VGO,D,20150217,000000,176.59,181.11,176.59,176.59,5555,0
VGO,D,20150218,000000,174.73,175.67,174.73,175.67,13,0
VGO,D,20150219,000000,176.13,182.17,171.02,182.17,2388,0
VGO,D,20150220,000000,181.23,182.64,181.23,182.64,15,0
VGO,D,20150223,000000,173.16,173.16,173.16,173.16,7,0
VGO,D,20150224,000000,175.67,176.59,173.9,176.59,148,0
VGO,D,20150225,000000,176.27,181.23,176.27,180.78,8120,0
VGO,D,20150226,000000,179.94,181.16,176.59,181.16,32,0
VGO,D,20150227,000000,176.59,181.16,176.59,176.59,882,0
VGO,D,20150302,000000,176.59,178.46,176.59,178.46,82,0
VGO,D,20150303,000000,176.59,178.46,174.73,176.59,169,0
VGO,D,20150304,000000,178.27,178.41,178.27,178.36,191,0
VGO,D,20150305,000000,178.36,178.36,176.59,178.36,281,0
VGO,D,20150306,000000,176.59,177.53,176.59,177.53,59,0
VGO,D,20150309,000000,176.59,176.59,175.67,176.59,78,0
VGO,D,20150310,000000,175.1,176.59,175.1,176.59,26,0
VGO,D,20150311,000000,176.59,176.59,175.67,176.51,5425,0
VGO,D,20150312,000000,175.67,176.51,175.67,176.51,38,0
VGO,D,20150313,000000,175.1,176.46,175.01,175.01,1170,0
VGO,D,20150316,000000,174.93,189.93,174.93,189.93,2895,0
VGO,D,20150317,000000,189.61,189.93,185.89,189.84,2849,0
VGO,D,20150318,000000,189.88,189.88,187.29,189.42,189,0
VGO,D,20150319,000000,189.42,189.42,187.75,188.68,180,0
VGO,D,20150320,000000,188.68,188.68,185.89,188.21,116,0
VGO,D,20150323,000000,185.89,188.68,182.64,188.68,243,0
VGO,D,20150324,000000,189.33,191.46,186.35,191.37,782,0
VGO,D,20150325,000000,187.84,194.25,187.84,194.25,5300,0
VGO,D,20150326,000000,190.77,191.46,190.54,191.46,120,0
VGO,D,20150327,000000,188.07,194.25,185.98,194.25,262,0
VGO,D,20150330,000000,194.25,194.25,193.32,194.16,41,0
VGO,D,20150331,000000,193.32,194.25,193.32,194.25,293,0
VGO,D,20150401,000000,194.25,195.18,189.14,195.18,330,0
VGO,D,20150402,000000,195.18,199.83,195.18,199.64,583,0
VGO,D,20150407,000000,199.83,199.83,193.61,199.64,869,0
VGO,D,20150408,000000,198.9,218.42,198.9,218.42,11939,0
VGO,D,20150409,000000,218.42,230.5,215.63,227.72,4136,0
VGO,D,20150410,000000,227.53,227.72,223.07,226.78,488,0
VGO,D,20150413,000000,226.73,227.72,223.25,227.72,415,0
VGO,D,20150414,000000,227.72,227.72,223.07,227.57,51,0
VGO,D,20150415,000000,220.75,227.25,213.77,223.07,128,0
VGO,D,20150416,000000,223.53,223.53,210.99,216.38,401,0
VGO,D,20150417,000000,211.46,218.42,211.46,218.42,146,0
VGO,D,20150420,000000,216.52,218.42,212.15,217.96,126,0
VGO,D,20150421,000000,213.77,213.77,211.91,211.91,84,0
VGO,D,20150422,000000,211.91,211.91,211.91,211.91,124,0
VGO,D,20150424,000000,211.91,211.91,207.26,211.91,125,0
VGO,D,20150427,000000,211.91,211.91,211.91,211.91,56,0
VGO,D,20150428,000000,211.91,212.85,211.91,212.85,100,0
VGO,D,20150429,000000,210.05,216.38,209.22,216.38,116,0
VGO,D,20150430,000000,212.85,216.38,209.22,216.38,123,0
VGO,D,20150504,000000,216.38,220.28,216.38,220.28,375,0
VGO,D,20150505,000000,219.35,219.35,219.35,219.35,1,0
VGO,D,20150506,000000,219.35,219.35,218.42,218.42,339,0
VGO,D,20150507,000000,213.77,222.14,213.77,221.95,36,0
VGO,D,20150508,000000,219.81,220.28,214.74,220.28,9684,0
VGO,D,20150511,000000,215.63,220.18,215.63,220.18,50,0
VGO,D,20150512,000000,223.07,223.07,220.18,222.88,122,0
VGO,D,20150513,000000,222.88,222.88,222.83,222.83,86,0
VGO,D,20150514,000000,221.95,223.07,220.28,223.07,270,0
VGO,D,20150515,000000,215.63,222.14,215.63,222.14,65,0
VGO,D,20150518,000000,221.21,221.21,215.63,215.63,96,0
VGO,D,20150519,000000,219.35,222.61,219.35,222.61,24,0
VGO,D,20150520,000000,222.61,222.61,222.61,222.61,178,0
VGO,D,20150521,000000,215.68,221.17,213.86,213.86,93,0
VGO,D,20150522,000000,214.1,218,213.81,213.81,40,0
VGO,D,20150525,000000,218.42,218.42,215.63,215.63,137,0
VGO,D,20150526,000000,213.81,217.49,213.77,217.49,232,0
VGO,D,20150527,000000,224.78,224.78,221.87,221.87,198,0
VGO,D,20150528,000000,222.82,222.82,206.63,220.91,184,0
VGO,D,20150529,000000,219.02,219.02,214.25,219.02,592,0
VGO,D,20150601,000000,214.54,220.91,214.54,220.91,131,0
VGO,D,20150602,000000,219.97,219.97,218.06,218.06,423,0
VGO,D,20150603,000000,215.2,215.2,215.2,215.2,1,0
VGO,D,20150605,000000,218.06,218.06,218.06,218.06,3,0
VGO,D,20150609,000000,218.06,219.97,204.73,217.97,79,0
VGO,D,20150610,000000,217.97,220.73,217.97,220.73,15,0
VGO,D,20150611,000000,213.21,219.97,213.21,219.97,84,0
VGO,D,20150612,000000,213.39,219.49,213.39,219.49,9,0
VGO,D,20150615,000000,209.49,219.02,209.49,219.02,111,0
VGO,D,20150616,000000,212.83,219.2,212.83,219.2,233,0
VGO,D,20150617,000000,214.25,219.78,214.25,219.78,126,0
VGO,D,20150618,000000,214.25,219.02,210.02,219.02,765,0
VGO,D,20150619,000000,213.29,218.54,213.29,218.54,180,0
VGO,D,20150622,000000,211.45,218.01,211.45,218.01,33,0
VGO,D,20150623,000000,218.01,218.01,218.01,218.01,2,0
VGO,D,20150624,000000,216.16,216.16,216.16,216.16,2,0
VGO,D,20150625,000000,212.58,214.49,211.4,211.4,52,0
VGO,D,20150626,000000,211.45,211.87,207.83,207.83,513,0
VGO,D,20150629,000000,204.01,213.26,192.59,213.26,353,0
VGO,D,20150702,000000,209.49,210.44,200.06,210.44,502,0
VGO,D,20150703,000000,209.49,209.49,209.49,209.49,10,0
VGO,D,20150706,000000,204.64,210.73,204.64,210.73,1281,0
VGO,D,20150707,000000,207.68,209.49,207.68,209.49,12,0
VGO,D,20150708,000000,209.49,217.11,207.68,217.11,191,0
VGO,D,20150709,000000,204.87,217.87,204.87,217.87,423,0
VGO,D,20150710,000000,217.11,217.11,217.11,217.11,65,0
VGO,D,20150713,000000,217.11,217.11,217.11,217.11,57,0
VGO,D,20150714,000000,214.25,218.44,214.25,218.44,20,0
VGO,D,20150715,000000,218.44,218.44,218.44,218.44,172,0
VGO,D,20150716,000000,216.16,223.15,216.16,220.96,760,0
VGO,D,20150717,000000,222.82,223.2,222.82,222.82,1353,0
VGO,D,20150720,000000,222.82,222.82,219.02,219.02,333,0
VGO,D,20150721,000000,222.82,222.82,220.91,220.91,305,0
VGO,D,20150722,000000,221.87,221.87,219.97,219.97,84,0
VGO,D,20150723,000000,219.02,219.02,219.02,219.02,17,0
VGO,D,20150724,000000,222.77,223.06,219.02,223.06,63,0
VGO,D,20150727,000000,222.82,222.82,222.82,222.82,4,0
VGO,D,20150729,000000,222.82,222.82,218.06,218.06,85,0
VGO,D,20150730,000000,222.21,222.21,222.21,222.21,262,0
VGO,D,20150731,000000,212.68,221.54,212.63,221.54,46,0
VGO,D,20150804,000000,217.11,221.54,215.2,221.54,132,0
VGO,D,20150805,000000,219.02,233.2,219.02,233.2,2836,0
VGO,D,20150806,000000,233.3,233.3,228.53,233.3,235,0
VGO,D,20150807,000000,234.96,234.96,221.87,233.01,169,0
VGO,D,20150810,000000,233.3,233.3,233.3,233.3,21,0
VGO,D,20150811,000000,233.3,233.3,233.3,233.3,5,0
VGO,D,20150812,000000,233.3,233.3,233.3,233.3,190,0
VGO,D,20150813,000000,234.16,234.16,228.53,234.16,57,0
VGO,D,20150817,000000,226.64,232.35,226.64,232.35,18,0
VGO,D,20150818,000000,232.35,232.35,232.35,232.35,18,0
VGO,D,20150821,000000,229.49,232.35,226.64,232.35,150,0
VGO,D,20150824,000000,221.87,223.73,210.44,223.73,982,0
VGO,D,20150825,000000,218.06,222.54,218.06,221.54,282,0
VGO,D,20150826,000000,217.11,221.77,217.11,221.77,220,0
VGO,D,20150827,000000,217.11,221.87,217.11,217.11,274,0
VGO,D,20150828,000000,217.11,224.73,217.11,224.73,319,0
VGO,D,20150831,000000,226.72,232.35,226.72,232.35,253,0
VGO,D,20150901,000000,231.39,232.35,218.06,232.35,968,0
VGO,D,20150902,000000,231.39,231.39,231.39,231.39,1114,0
VGO,D,20150907,000000,224.83,231.3,223.77,231.3,202,0
VGO,D,20150909,000000,228.53,231.39,228.53,229.49,5348,0
VGO,D,20150910,000000,223.77,230.44,223.77,230.44,107,0
VGO,D,20150911,000000,227.58,227.58,223.77,225.68,691,0
VGO,D,20150914,000000,230.44,230.44,229.49,229.49,12,0
VGO,D,20150915,000000,229.49,229.49,229.49,229.49,43,0
VGO,D,20150916,000000,229.49,229.49,223.02,224.73,64,0
VGO,D,20150917,000000,223.77,223.77,223.77,223.77,2,0
VGO,D,20150918,000000,223.77,227.58,221.96,221.96,5932,0
VGO,D,20150921,000000,227.58,231.39,227.49,231.39,303,0
VGO,D,20150922,000000,231.39,233.3,224.83,231.87,168,0
VGO,D,20150923,000000,228.53,233.3,226.64,233.3,150,0
VGO,D,20150924,000000,233.3,233.3,233.3,233.3,10,0
VGO,D,20150928,000000,225.68,233.3,225.68,233.3,105,0
VGO,D,20150929,000000,226.64,227.11,223.77,223.77,203,0
VGO,D,20150930,000000,232.25,233.3,232.25,233.3,253,0
VGO,D,20151005,000000,233.3,233.3,232.35,233.3,185,0
VGO,D,20151006,000000,233.3,238.06,231.39,234.25,231,0
VGO,D,20151007,000000,234.25,242.82,234.25,242.82,131,0
VGO,D,20151008,000000,239.01,246.63,238.06,246.63,148,0
VGO,D,20151009,000000,246.63,252.34,242.82,252.34,102,0
VGO,D,20151012,000000,252.34,252.34,242.82,252.34,72,0
VGO,D,20151014,000000,247.58,247.58,242.82,247.58,61,0
VGO,D,20151015,000000,242.82,242.82,242.82,242.82,1,0
VGO,D,20151016,000000,247.58,247.58,244.72,244.72,33,0
VGO,D,20151019,000000,242.82,252.34,242.82,252.34,80,0
VGO,D,20151020,000000,243.87,257.1,243.87,253.3,120,0
VGO,D,20151021,000000,252.34,252.34,252.34,252.34,55,0
VGO,D,20151022,000000,252.34,252.34,241.39,251.87,73,0
VGO,D,20151023,000000,243.77,251.39,243.77,250.44,40,0
VGO,D,20151027,000000,250.44,250.44,240.92,249.48,123,0
VGO,D,20151028,000000,249.48,249.48,249.48,249.48,12,0
VGO,D,20151029,000000,240.92,247.58,240.92,247.58,51,0
VGO,D,20151103,000000,240.34,247.58,239.97,247.58,80,0
VGO,D,20151104,000000,247.11,247.58,247.11,247.58,315,0
VGO,D,20151109,000000,240.92,240.92,238.06,238.06,470,0
VGO,D,20151110,000000,238.06,238.06,238.06,238.06,21,0
VGO,D,20151113,000000,240.82,240.82,234.72,239.92,108,0
VGO,D,20151116,000000,240.92,246.58,238.06,246.58,165,0
VGO,D,20151117,000000,247.54,247.54,244.72,244.72,112,0
VGO,D,20151118,000000,238.06,244.39,233.35,233.35,3652,0
VGO,D,20151119,000000,233.35,245.68,233.35,241.78,6593,0
VGO,D,20151120,000000,242.77,244.67,237.68,244.67,1143,0
VGO,D,20151123,000000,242.82,242.82,238.11,241.78,347,0
VGO,D,20151124,000000,245.43,245.43,239.01,241.73,55,0
VGO,D,20151125,000000,239.87,244.63,239.87,244.63,47,0
VGO,D,20151126,000000,238.06,239.01,237.25,237.25,78,0
VGO,D,20151127,000000,237.25,240.92,236.15,240.92,55,0
VGO,D,20151130,000000,240.87,240.87,240.53,240.53,2,0
VGO,D,20151201,000000,240.2,240.2,237.58,237.58,80,0
VGO,D,20151202,000000,235.39,238.06,229.49,237.86,113,0
VGO,D,20151203,000000,237.1,237.1,237.1,237.1,4,0
VGO,D,20151204,000000,237.86,238.06,225.2,238.06,567,0
VGO,D,20151207,000000,237.1,237.1,237.1,237.1,3,0
VGO,D,20151208,000000,234.72,236.15,234.72,236.15,2,0
VGO,D,20151209,000000,235.2,235.2,224.06,233.3,158,0
VGO,D,20151210,000000,232.35,233.3,227.58,233.3,127,0
VGO,D,20151211,000000,233.3,233.3,233.3,233.3,122,0
VGO,D,20151214,000000,228.58,233.2,228.58,232.73,2225,0
VGO,D,20151215,000000,232.73,232.73,232.73,232.73,32,0
VGO,D,20151216,000000,226.64,228.53,226.64,228.53,44,0
VGO,D,20151217,000000,224.91,228.53,211.5,219.02,851,0
VGO,D,20151218,000000,219.02,232.35,219.02,223.63,181,0
VGO,D,20151221,000000,225.2,228.4,218.06,223.77,1057,0
VGO,D,20151222,000000,223.77,223.77,221.87,221.87,9,0
VGO,D,20151223,000000,228.06,228.45,228.06,228.45,57,0
VGO,D,20151228,000000,220.06,227.58,219.97,225.68,454,0
VGO,D,20151229,000000,227.54,227.54,218.06,218.06,1637,0
VGO,D,20151230,000000,227.11,243.59,221.87,243.59,266,0
VGO,D,20160104,000000,228.68,236.58,225.87,236.58,53,0
VGO,D,20160105,000000,235.92,236.58,235.92,236.58,34,0
VGO,D,20160107,000000,233.3,233.3,233.3,233.3,10,0
VGO,D,20160108,000000,224.73,226.59,218.25,218.25,73,0
VGO,D,20160111,000000,229.39,229.39,218.16,219.02,149,0
VGO,D,20160112,000000,227.49,227.49,219.02,219.02,83,0
VGO,D,20160113,000000,223.58,223.58,217.11,223.49,71,0
VGO,D,20160114,000000,217.11,218.06,215.2,218.06,339,0
VGO,D,20160115,000000,219.02,219.02,209.49,211.4,345,0
VGO,D,20160118,000000,209.49,209.49,200.06,200.92,108,0
VGO,D,20160119,000000,217.01,217.01,203.93,205.69,1279,0
VGO,D,20160120,000000,206.16,208.39,201.97,208.39,102,0
VGO,D,20160121,000000,206.59,206.59,204.73,204.73,61,0
VGO,D,20160122,000000,204.73,213.29,203.96,203.96,187,0
VGO,D,20160125,000000,205.11,213.21,205.11,205.69,3444,0
VGO,D,20160126,000000,205.69,209.01,205.69,209.01,5,0
VGO,D,20160127,000000,203.83,209.01,203.3,203.3,308,0
VGO,D,20160128,000000,209.01,209.01,209.01,209.01,1,0
VGO,D,20160129,000000,204.73,205.69,202.83,202.83,2076,0
VGO,D,20160201,000000,203.3,208.54,202.83,205.97,71,0
VGO,D,20160202,000000,205.59,205.59,205.59,205.59,27,0
VGO,D,20160203,000000,202.45,202.83,200.92,202.83,170,0
VGO,D,20160204,000000,206.3,206.3,197.97,205.69,1087,0
VGO,D,20160205,000000,204.73,206.11,204.73,206.11,63,0
VGO,D,20160208,000000,201.87,204.73,201.87,204.73,71,0
VGO,D,20160209,000000,204.73,204.73,199.02,204.73,57,0
VGO,D,20160210,000000,204.73,204.73,204.73,204.73,54,0
VGO,D,20160211,000000,201.87,203.68,195.4,203.68,195,0
VGO,D,20160212,000000,201.87,208.54,198.25,198.3,235,0
VGO,D,20160215,000000,204.73,205.69,198.07,205.69,118,0
VGO,D,20160216,000000,205.69,205.69,205.69,205.69,48,0
VGO,D,20160217,000000,205.69,205.69,205.59,205.59,44,0
VGO,D,20160218,000000,205.69,205.69,205.69,205.69,210,0
VGO,D,20160219,000000,199.49,205.59,199.49,205.59,243,0
VGO,D,20160222,000000,201.87,209.49,201.87,209.49,538,0
VGO,D,20160223,000000,209.49,214.11,209.49,214.11,59,0
VGO,D,20160224,000000,209.49,211.4,206.16,211.4,37,0
VGO,D,20160225,000000,211.4,211.4,209.39,209.39,25,0
VGO,D,20160226,000000,209.49,218.68,209.49,218.68,631,0
VGO,D,20160229,000000,216.06,217.59,216.06,217.59,53,0
VGO,D,20160301,000000,217.63,219.02,209.59,209.69,63,0
VGO,D,20160302,000000,218.54,218.54,218.54,218.54,2,0
VGO,D,20160303,000000,218.54,218.54,218.54,218.54,10,0
VGO,D,20160304,000000,215.2,218.82,204.73,205.39,987,0
VGO,D,20160307,000000,205.82,215.97,205.82,215.97,106,0
VGO,D,20160308,000000,215.87,216.83,209.49,216.83,38,0
VGO,D,20160309,000000,209.49,215.15,209.49,212.44,85,0
VGO,D,20160310,000000,209.49,209.49,209.49,209.49,16,0
VGO,D,20160311,000000,210.44,215.15,210.44,215.15,49,0
VGO,D,20160314,000000,215.07,215.07,215.07,215.07,13,0
VGO,D,20160316,000000,211.25,214.73,211.2,211.3,154,0
VGO,D,20160317,000000,211.3,215.45,211.3,215.45,37,0
VGO,D,20160318,000000,216.01,216.01,212.92,212.92,105,0
VGO,D,20160321,000000,216.01,222.06,216.01,218.06,314,0
VGO,D,20160322,000000,219.02,219.02,219.02,219.02,249,0
VGO,D,20160323,000000,218.06,218.06,217.11,217.11,14,0
VGO,D,20160324,000000,218.06,218.06,218.06,218.06,3,0
VGO,D,20160329,000000,218.06,218.06,218.06,218.06,52,0
VGO,D,20160330,000000,213.39,221.87,213.39,213.49,214,0
VGO,D,20160331,000000,214.25,219.02,214.25,219.02,975,0
VGO,D,20160404,000000,219.97,219.97,219.97,219.97,17,0
VGO,D,20160405,000000,219.02,219.02,217.59,217.59,42,0
VGO,D,20160406,000000,217.59,217.59,217.59,217.59,34,0
VGO,D,20160407,000000,217.06,217.06,214.25,214.25,32,0
VGO,D,20160408,000000,214.44,215.2,214.25,214.25,104,0
VGO,D,20160411,000000,218.01,218.01,218.01,218.01,10,0
VGO,D,20160412,000000,218.06,219.02,218.06,218.54,89,0
VGO,D,20160413,000000,216.16,219.02,216.16,219.02,1916,0
VGO,D,20160414,000000,219.02,219.02,215.3,215.3,33,0
VGO,D,20160415,000000,215.2,219.97,214.25,219.02,13861,0
VGO,D,20160418,000000,219.49,219.97,219.02,219.97,6703,0
VGO,D,20160419,000000,219.97,227.58,219.97,224.73,169,0
VGO,D,20160420,000000,225.68,227.58,225.2,227.58,33,0
VGO,D,20160421,000000,224.83,224.83,224.25,224.25,64,0
VGO,D,20160422,000000,219.97,224.25,219.97,224.25,13,0
VGO,D,20160425,000000,220.91,220.91,219.49,219.49,56,0
VGO,D,20160426,000000,219.54,219.54,219.02,219.02,1112,0
VGO,D,20160428,000000,219.49,219.49,219.02,219.02,5407,0
VGO,D,20160429,000000,220.91,220.91,220.91,220.91,89,0
VGO,D,20160502,000000,220.91,220.91,220.91,220.91,47,0
VGO,D,20160504,000000,220.91,220.91,220.91,220.91,6,0
VGO,D,20160505,000000,220.91,220.91,216.35,216.35,12,0
VGO,D,20160506,000000,216.2,237.1,216.2,237.1,1048,0
VGO,D,20160510,000000,227.63,247.58,221.01,247.58,671,0
VGO,D,20160511,000000,231.73,232.82,231.73,232.82,361,0
VGO,D,20160512,000000,231.96,247.58,231.96,247.58,81,0
VGO,D,20160513,000000,242.82,242.82,242.82,242.82,6,0
VGO,D,20160517,000000,238.06,238.06,234.25,234.39,183,0
VGO,D,20160518,000000,234.73,234.73,233.76,234.73,91,0
VGO,D,20160519,000000,243.54,243.54,233.85,243.54,18,0
VGO,D,20160523,000000,242.56,242.56,242.56,242.56,2,0
VGO,D,20160524,000000,234.73,241.97,233.76,241.97,60,0
VGO,D,20160525,000000,234.73,234.73,231.31,231.31,26,0
VGO,D,20160527,000000,229.75,238.45,223.19,238.45,394,0
VGO,D,20160530,000000,229.84,237.67,229.84,237.67,42,0
VGO,D,20160531,000000,237.67,237.67,221.04,221.04,1022,0
VGO,D,20160601,000000,223.1,236.69,221.04,234.25,649,0
VGO,D,20160602,000000,225.15,232.78,225.15,232.78,61,0
VGO,D,20160603,000000,237.67,237.67,237.67,237.67,20,0
VGO,D,20160606,000000,237.67,237.67,237.67,237.67,5,0
VGO,D,20160608,000000,236.69,236.69,236.69,236.69,10,0
VGO,D,20160609,000000,229.84,236.69,229.84,236.69,21,0
VGO,D,20160610,000000,232.39,236.69,232.39,236.69,179,0
VGO,D,20160614,000000,234.73,238.65,225.93,238.65,45,0
VGO,D,20160615,000000,226.91,238.16,226.91,238.16,105,0
VGO,D,20160616,000000,227.99,234.73,227.99,234.73,102,0
VGO,D,20160617,000000,234.73,234.73,234.73,234.73,31,0
VGO,D,20160620,000000,228.38,234.64,228.38,234.64,8924,0
VGO,D,20160621,000000,230.82,230.82,227.01,227.01,24,0
VGO,D,20160622,000000,233.76,234.73,230.82,230.82,34,0
VGO,D,20160623,000000,228.87,229.84,228.87,229.84,15,0
VGO,D,20160624,000000,213.22,238.65,213.22,238.65,112,0
VGO,D,20160627,000000,225.93,237.67,225.93,237.67,100,0
VGO,D,20160629,000000,234.64,244.51,234.64,244.51,1240,0
VGO,D,20160630,000000,243.24,244.42,232.29,244.42,621,0
VGO,D,20160704,000000,244.32,244.32,244.32,244.32,4,0
VGO,D,20160706,000000,239.62,239.62,234.73,239.62,36,0
VGO,D,20160708,000000,239.62,239.62,239.62,239.62,7,0
VGO,D,20160711,000000,234.73,239.62,234.73,239.62,31,0
VGO,D,20160712,000000,239.62,239.62,239.62,239.62,44,0
VGO,D,20160713,000000,234.73,234.73,227.55,234.73,61,0
VGO,D,20160715,000000,234.73,234.73,234.73,234.73,41,0
VGO,D,20160718,000000,234.73,238.65,234.73,236.69,218,0
VGO,D,20160719,000000,236.69,236.69,236.69,236.69,38,0
VGO,D,20160720,000000,236.69,236.69,236.69,236.69,20,0
VGO,D,20160721,000000,231.8,231.8,231.8,231.8,102,0
VGO,D,20160725,000000,232,232,223.98,223.98,7455,0
VGO,D,20160726,000000,229.84,233.07,224.95,229.84,3073,0
VGO,D,20160727,000000,230.82,238.65,230.82,238.65,78,0
VGO,D,20160728,000000,230.82,230.82,228.96,228.96,15,0
VGO,D,20160729,000000,237.67,237.67,237.67,237.67,41,0
VGO,D,20160801,000000,230.33,235.71,228.96,235.71,55,0
VGO,D,20160802,000000,233.76,234.69,228.87,234.69,27,0
VGO,D,20160803,000000,228.96,233.76,228.96,233.76,20,0
VGO,D,20160805,000000,228.87,228.87,228.38,228.38,10,0
VGO,D,20160808,000000,228.38,228.38,224.95,224.95,31,0
VGO,D,20160809,000000,227.89,231.8,225.05,231.8,106,0
VGO,D,20160810,000000,227.89,227.89,225.1,225.93,434,0
VGO,D,20160816,000000,225.05,225.05,223,223,38,0
VGO,D,20160817,000000,225.93,232.78,224.95,232.78,360,0
VGO,D,20160819,000000,224.02,224.02,219.09,223,108,0
VGO,D,20160823,000000,219.57,227.89,219.57,227.89,58,0
VGO,D,20160825,000000,227.84,227.84,227.84,227.84,2,0
VGO,D,20160826,000000,222.12,228.77,221.04,228.67,106,0
VGO,D,20160829,000000,228.72,228.72,228.72,228.72,3,0
VGO,D,20160830,000000,222.02,224.9,220.16,221.04,94,0
VGO,D,20160831,000000,220.06,226.91,220.06,226.91,55,0
VGO,D,20160902,000000,220.06,227.79,220.06,227.79,122,0
VGO,D,20160906,000000,223,223,223,223,56,0
VGO,D,20160907,000000,224.95,224.95,224.95,224.95,4,0
VGO,D,20160908,000000,223,226.81,222.02,226.81,111,0
VGO,D,20160912,000000,225.88,225.88,220.06,223,568,0
VGO,D,20160913,000000,220.16,225.64,220.06,225.64,255,0
VGO,D,20160914,000000,225.64,225.64,225.64,225.64,51,0
VGO,D,20160915,000000,223,226.86,223,226.86,62,0
VGO,D,20160916,000000,223,223,223,223,61,0
VGO,D,20160919,000000,222.02,223,222.02,223,18,0
VGO,D,20160920,000000,223,225.93,223,225.93,61,0
VGO,D,20160921,000000,223,223,223,223,10,0
VGO,D,20160923,000000,225.93,225.93,225.93,225.93,10,0
VGO,D,20160926,000000,224.95,224.95,224.95,224.95,2,0
VGO,D,20160927,000000,223.98,223.98,223.98,223.98,2,0
VGO,D,20160928,000000,223.98,224.95,223.98,223.98,1844,0
VGO,D,20160929,000000,227.59,238.65,227.59,238.65,140,0
VGO,D,20160930,000000,236.69,239.53,231.8,239.53,189,0
VGO,D,20161004,000000,238.65,239.43,226.22,239.43,16,0
VGO,D,20161011,000000,229.84,229.84,227.11,227.11,8,0
VGO,D,20161012,000000,236.69,236.69,227.2,235.22,21,0
VGO,D,20161014,000000,230.82,234.73,230.82,234.73,303,0
VGO,D,20161017,000000,227.2,237.67,227.2,237.67,11,0
VGO,D,20161018,000000,226.03,233.76,225.93,233.76,12,0
VGO,D,20161021,000000,234.15,234.73,234.15,234.73,372,0
VGO,D,20161025,000000,229.84,229.84,226.13,226.13,10,0
VGO,D,20161026,000000,226.91,226.91,223.1,223.1,64,0
VGO,D,20161031,000000,223.1,225.93,220.16,225.93,122,0
VGO,D,20161104,000000,220.06,224.95,215.47,224.95,121,0
VGO,D,20161107,000000,222.02,222.02,215.52,221.04,88,0
VGO,D,20161108,000000,215.61,220.06,215.61,217.62,2161,0
VGO,D,20161109,000000,215.66,232.68,215.66,232.68,26,0
VGO,D,20161114,000000,215.47,223.98,215.17,223.98,64,0
VGO,D,20161115,000000,220.06,220.06,217.72,220.06,96,0
VGO,D,20161116,000000,223.98,223.98,223.98,223.98,41,0
VGO,D,20161117,000000,223.78,223.78,223.78,223.78,4,0
VGO,D,20161118,000000,223.58,223.98,217.13,223.98,636,0
VGO,D,20161121,000000,220.06,220.06,220.06,220.06,102,0
VGO,D,20161122,000000,223.98,223.98,223.98,223.98,10,0
VGO,D,20161123,000000,223.98,232.58,223.98,232.58,270,0
VGO,D,20161124,000000,224.95,232.58,221.04,230.82,2380,0
VGO,D,20161125,000000,231.8,231.8,222.26,222.26,41,0
VGO,D,20161128,000000,220.6,222.26,220.6,222.26,6445,0
VGO,D,20161129,000000,220.06,224.95,220.06,223,1644,0
VGO,D,20161130,000000,223,223,221.14,221.14,5978,0
VGO,D,20161201,000000,223.98,224.95,223.98,224.95,8,0
VGO,D,20161202,000000,224.95,224.95,223.49,223.49,93,0
VGO,D,20161205,000000,230.82,230.82,228.87,228.87,104,0
VGO,D,20161206,000000,230.77,230.77,220.06,230.77,212,0
VGO,D,20161207,000000,221.04,222.02,220.06,221.04,366,0
VGO,D,20161208,000000,215.27,225.93,215.27,225.93,53,0
VGO,D,20161212,000000,220.06,227.89,220.06,227.89,22,0
VGO,D,20161213,000000,223.98,225.93,223.98,225.93,3560,0
VGO,D,20161215,000000,220.26,227.4,220.26,220.26,14,0
VGO,D,20161216,000000,220.36,226.91,220.06,226.71,78,0
VGO,D,20161222,000000,221.14,226.71,221.14,226.71,34,0
VGO,D,20161223,000000,226.71,230.72,226.71,230.72,141,0
VGO,D,20161227,000000,224.95,228.91,224.95,228.91,77,0
VGO,D,20161228,000000,229.84,229.84,222.12,225.93,270,0
VGO,D,20161229,000000,230.82,234.54,225.93,233.76,294,0
VGO,D,20161230,000000,230.82,240.8,226.91,226.91,2359,0
VGO,D,20170103,000000,228.87,236.69,228.87,236.69,131,0
VGO,D,20170104,000000,236.69,244.03,228.23,238.65,695,0
VGO,D,20170105,000000,238.65,243.29,238.65,243.29,19,0
VGO,D,20170109,000000,243.15,243.29,236.69,236.69,46,0
VGO,D,20170110,000000,236.69,244.03,236.69,240.6,22287,0
VGO,D,20170111,000000,235.71,237.67,232.78,234.25,9278,0
VGO,D,20170112,000000,235.71,242.56,235.27,240.6,1780,0
VGO,D,20170113,000000,239.62,252.83,236.69,252.83,4608,0
VGO,D,20170116,000000,252.83,252.83,246.47,252,171,0
VGO,D,20170117,000000,251.85,251.85,246.47,251.26,94,0
VGO,D,20170118,000000,250.38,250.38,250.38,250.38,20,0
VGO,D,20170119,000000,244.51,248.33,242.07,248.33,99,0
VGO,D,20170120,000000,244.42,249.31,241.58,249.31,2329,0
VGO,D,20170123,000000,244.51,244.51,239.09,239.09,384,0
VGO,D,20170124,000000,239.04,248.43,239.04,244.61,3131,0
VGO,D,20170125,000000,249.4,250.87,244.76,244.76,553,0
VGO,D,20170126,000000,249.4,249.4,249.4,249.4,5,0
VGO,D,20170127,000000,249.4,250.38,249.4,249.4,468,0
VGO,D,20170130,000000,247.45,250.38,243.54,250.38,78,0
VGO,D,20170131,000000,245,250.19,245,248.43,291,0
VGO,D,20170201,000000,245.49,245.49,245.49,245.49,2,0
VGO,D,20170202,000000,248.43,248.43,246.47,246.47,820,0
VGO,D,20170203,000000,246.47,249.4,245.54,248.43,127,0
VGO,D,20170206,000000,245.59,249.4,245.59,249.4,12,0
VGO,D,20170207,000000,249.4,249.4,245.49,249.4,113,0
VGO,D,20170208,000000,249.4,252.34,245.59,252.34,1461,0
VGO,D,20170209,000000,252.34,259.14,252.34,259.14,797,0
VGO,D,20170210,000000,258.21,261.14,257.23,261.14,74,0
VGO,D,20170213,000000,261.14,261.14,261.14,261.14,1,0
VGO,D,20170214,000000,261.14,262.12,259.19,262.12,144,0
VGO,D,20170215,000000,262.12,262.12,257.33,262.12,429,0
VGO,D,20170216,000000,259.67,266.03,259.19,265.05,4833,0
VGO,D,20170217,000000,265.05,266.03,258.21,258.21,299,0
VGO,D,20170220,000000,263.1,282.66,263.1,280.7,5009,0
VGO,D,20170221,000000,280.7,280.7,275.32,275.32,120,0
VGO,D,20170222,000000,275.81,275.81,275.81,275.81,37,0
VGO,D,20170223,000000,278.75,280.6,276.79,276.79,131,0
VGO,D,20170224,000000,278.94,278.94,277.77,277.77,170,0
VGO,D,20170227,000000,277.77,278.84,277.77,277.77,110,0
VGO,D,20170228,000000,277.77,279.72,275.81,279.72,137,0
VGO,D,20170301,000000,273.86,280.7,273.86,280.7,135,0
VGO,D,20170302,000000,278.75,285.1,278.75,279.72,171,0
VGO,D,20170303,000000,279.72,283.54,279.72,283.54,83,0
VGO,D,20170306,000000,283.54,288.53,283.54,286.52,1540,0
VGO,D,20170307,000000,286.57,289.02,283.64,283.64,383,0
VGO,D,20170308,000000,283.64,293.42,280.7,280.7,159,0
VGO,D,20170309,000000,280.7,286.57,280.7,286.57,29,0
VGO,D,20170313,000000,272.39,282.66,272.39,282.66,328,0
VGO,D,20170315,000000,274.3,283.64,274.25,283.64,1270,0
VGO,D,20170316,000000,286.08,296.35,286.08,292.44,91,0
VGO,D,20170317,000000,291.41,292.44,285.1,292.39,124,0
VGO,D,20170320,000000,293.17,293.22,293.17,293.17,209,0
VGO,D,20170321,000000,292.39,292.39,289.51,289.51,62,0
VGO,D,20170322,000000,289.51,289.51,278.75,278.75,413,0
VGO,D,20170323,000000,287.45,287.55,286.57,286.57,3098,0
VGO,D,20170324,000000,286.18,289.51,279.82,280.07,204,0
VGO,D,20170327,000000,280.7,280.7,280.7,280.7,434,0
VGO,D,20170328,000000,280.7,280.7,280.7,280.7,10,0
VGO,D,20170329,000000,285.3,286.57,285.3,286.57,648,0
VGO,D,20170330,000000,286.57,299.29,286.57,299.29,790,0
VGO,D,20170331,000000,293.42,308.19,293.42,308.09,831,0
VGO,D,20170403,000000,317.87,338.95,303.2,337.43,16825,0
VGO,D,20170404,000000,325.69,336.45,324.42,333.52,8738,0
VGO,D,20170405,000000,336.45,336.45,332.54,336.45,126,0
VGO,D,20170406,000000,336.75,354.06,331.56,331.56,2403,0
VGO,D,20170407,000000,333.52,334.5,322.76,325.99,82,0
VGO,D,20170410,000000,340.36,340.36,326.18,333.18,22,0
VGO,D,20170411,000000,325.69,339.88,308.09,308.09,97,0
VGO,D,20170412,000000,305.25,332.05,305.25,332.05,36,0
VGO,D,20170413,000000,331.56,335.47,331.56,335.47,535,0
VGO,D,20170418,000000,328.63,328.63,328.58,328.63,40,0
VGO,D,20170419,000000,332.44,332.44,321.88,325.69,130,0
VGO,D,20170420,000000,313.96,332.54,313.96,322.76,1941,0
VGO,D,20170421,000000,332.54,332.54,322.76,332.39,1539,0
VGO,D,20170424,000000,332.54,365.79,332.54,341.34,1974,0
VGO,D,20170425,000000,342.32,356.99,342.32,356.99,728,0
VGO,D,20170426,000000,356.99,358.65,352.1,356.99,663,0
VGO,D,20170427,000000,357.97,370.78,357.97,370.68,7902,0
VGO,D,20170428,000000,362.86,370.68,361.88,370.68,1346,0
VGO,D,20170502,000000,380.46,381.44,371.66,371.66,54,0
VGO,D,20170504,000000,366.77,381.44,366.77,373.62,908,0
VGO,D,20170505,000000,378.51,379.49,378.51,379.49,8,0
VGO,D,20170508,000000,381.44,386.33,371.66,371.66,2579,0
VGO,D,20170509,000000,376.55,376.55,370.73,371.66,1674,0
VGO,D,20170510,000000,371.66,376.55,371.66,371.66,3799,0
VGO,D,20170511,000000,371.66,386.33,371.66,386.33,85,0
VGO,D,20170512,000000,381.44,381.44,373.62,380.46,15,0
VGO,D,20170515,000000,383.4,386.28,379.49,383.4,2141,0
VGO,D,20170516,000000,384.38,384.38,377.53,381.44,3187,0
VGO,D,20170517,000000,381.44,381.44,381.44,381.44,14,0
VGO,D,20170518,000000,363.84,385.26,361.88,372.15,72,0
VGO,D,20170519,000000,371.66,371.66,371.66,371.66,7,0
VGO,D,20170522,000000,364.82,373.57,350.14,367.75,38,0
VGO,D,20170525,000000,366.723,366.723,355.133,365.794,14,0
VGO,D,20170526,000000,365.794,367.75,365.794,366.772,187,0
VGO,D,20170529,000000,367.652,367.75,364.816,367.75,364,0
VGO,D,20170530,000000,378,378,370,370,37,0
VGO,D,20170531,000000,368,382,368,376,808,0
VGO,D,20170601,000000,375.9,375.9,375.9,375.9,6,0
VGO,D,20170602,000000,368,376,367,375.1,14,0
VGO,D,20170606,000000,375.1,375.1,375.1,375.1,12,0
VGO,D,20170607,000000,372,372,361,368,28,0
VGO,D,20170608,000000,372,372,358,372,76,0
VGO,D,20170609,000000,372,376,372,376,11,0
VGO,D,20170612,000000,375.9,376,370,370,303,0
VGO,D,20170613,000000,375.9,376,375,375,47,0
VGO,D,20170614,000000,375.9,375.9,370,370,68,0
VGO,D,20170616,000000,376,376,375,376,13,0
VGO,D,20170619,000000,376,376,376,376,58,0
VGO,D,20170620,000000,376,376,376,376,30,0
VGO,D,20170621,000000,375.6,375.6,367,367,11,0
VGO,D,20170622,000000,356.1,375,356.1,375,148,0
VGO,D,20170623,000000,374.45,374.45,370,370,26,0
VGO,D,20170626,000000,370,370,370,370,596,0
VGO,D,20170627,000000,370,370,370,370,70,0
VGO,D,20170628,000000,369.95,369.95,369.95,369.95,6,0
VGO,D,20170630,000000,369.95,374.85,368,374.85,30,0
VGO,D,20170703,000000,374.85,374.85,374.85,374.85,6,0
VGO,D,20170704,000000,374,374,374,374,30,0
VGO,D,20170705,000000,370,370,348,352,323,0
VGO,D,20170706,000000,350.3,363,350.3,359,406,0
VGO,D,20170707,000000,364,364,359,359.7,20,0
VGO,D,20170710,000000,359.7,359.95,359.7,359.95,38,0
VGO,D,20170711,000000,359,359,351,352,3186,0
VGO,D,20170712,000000,352,359.95,352,359.95,523,0
VGO,D,20170713,000000,359.95,359.95,358,359.95,29,0
VGO,D,20170714,000000,359,359.95,358,358,5,0
VGO,D,20170717,000000,358,358,356,356,30,0
VGO,D,20170719,000000,359,359.9,340.1,357.5,550,0
VGO,D,20170720,000000,353,355.5,341,355.5,376,0
VGO,D,20170721,000000,359,359,358.45,358.45,251,0
VGO,D,20170724,000000,353,353,346,349.95,28,0
VGO,D,20170725,000000,350,350,330,348,485,0
VGO,D,20170728,000000,347.3,347.3,340,346,30,0
VGO,D,20170731,000000,343,348,335.5,348,137,0
VGO,D,20170802,000000,348,359,348,348,221,0
VGO,D,20170803,000000,335,349,335,340,507,0
VGO,D,20170804,000000,340,340,336.1,336.1,13,0
VGO,D,20170807,000000,340,340,335,335,372,0
VGO,D,20170808,000000,337,346,337,340,8,0
VGO,D,20170809,000000,340,340.1,340,340,630,0
VGO,D,20170810,000000,340,346,333.1,346,468,0
VGO,D,20170811,000000,345.9,346,345.9,346,100,0
VGO,D,20170814,000000,340,346,339,345.95,112,0
VGO,D,20170816,000000,342,342,339.25,342,62,0
VGO,D,20170817,000000,339.1,341,339,341,104,0
VGO,D,20170818,000000,339,339,333,333,884,0
VGO,D,20170821,000000,339.1,346,339,346,1117,0
VGO,D,20170822,000000,341.1,343,339,343,70,0
VGO,D,20170823,000000,335.5,339,335.5,338.6,64,0
VGO,D,20170824,000000,335.1,335.2,335,335,103,0
VGO,D,20170825,000000,335.2,343,335.2,343,40,0
VGO,D,20170828,000000,343,343,343,343,10,0
VGO,D,20170829,000000,342.9,342.9,342.9,342.9,1,0
VGO,D,20170830,000000,339.95,342.9,338,340,359,0
VGO,D,20170831,000000,340,341.9,338,338,13,0
VGO,D,20170901,000000,338,338,337.5,338,105,0
VGO,D,20170904,000000,335.4,335.4,333.3,335,56,0
VGO,D,20170905,000000,335,342,333.3,339.8,103,0
VGO,D,20170906,000000,333.5,339.8,317,333,372,0
VGO,D,20170907,000000,333,337.5,330,331.05,353,0
VGO,D,20170908,000000,333,334,333,334,3685,0
VGO,D,20170911,000000,331.1,333,330,333,466,0
VGO,D,20170912,000000,336,336,331,335,39,0
VGO,D,20170913,000000,330.05,335,330,335,467,0
VGO,D,20170914,000000,331,336,331,336,14,0
VGO,D,20170915,000000,331,335.9,331,335.9,15,0
VGO,D,20170920,000000,325.2,329,325.2,329,30,0
VGO,D,20170921,000000,330,333.9,326,333.9,221,0
VGO,D,20170922,000000,325.2,334.95,325.2,334.95,31,0
VGO,D,20170925,000000,330,330,330,330,3,0
VGO,D,20170926,000000,325.3,329.9,325.3,329.9,75,0
VGO,D,20170927,000000,326,330,323,323,1175,0
VGO,D,20170928,000000,323,323,300,303,822,0
VGO,D,20170929,000000,304,325,304,318,1306,0
VGO,D,20171002,000000,324.85,324.85,324.85,324.85,12,0
VGO,D,20171003,000000,327,327,325,327,30,0
VGO,D,20171004,000000,317,327,317,327,37,0
VGO,D,20171005,000000,318,327,307.2,327,2027,0
VGO,D,20171006,000000,327,327,327,327,39,0
VGO,D,20171009,000000,330,330,320,325,446,0
VGO,D,20171010,000000,325,330,325,330,4,0
VGO,D,20171011,000000,330,330,330,330,6,0
VGO,D,20171012,000000,326,329,309.05,310.2,1331,0
VGO,D,20171013,000000,329,330,325,330,38,0
VGO,D,20171016,000000,329.85,329.85,329.85,329.85,2,0
VGO,D,20171017,000000,320,325,320,325,6,0
VGO,D,20171018,000000,325,329,320,328,20,0
VGO,D,20171019,000000,320,327.9,320,327.9,2,0
VGO,D,20171020,000000,326.9,327,320,320,44,0
VGO,D,20171023,000000,325,328,325,328,20,0
VGO,D,20171024,000000,327,328,320,320,34,0
VGO,D,20171025,000000,314.1,320,314,320,27,0
VGO,D,20171026,000000,310.25,319,305,319,59,0
VGO,D,20171030,000000,310,319,305,305.05,133,0
VGO,D,20171031,000000,305.05,314.8,305.05,314.8,19,0
VGO,D,20171102,000000,315,315,315,315,4,0
VGO,D,20171103,000000,307.5,315,305.3,313.95,18,0
VGO,D,20171107,000000,310,310,305.05,305.05,30,0
VGO,D,20171108,000000,305,315,301,308,3994,0
VGO,D,20171109,000000,314.95,314.95,314.95,314.95,7,0
VGO,D,20171113,000000,308,308,286.1,305,39,0
VGO,D,20171114,000000,298,307.95,298,306.95,40,0
VGO,D,20171115,000000,306.7,306.7,306.7,306.7,5,0
VGO,D,20171116,000000,288,302.9,288,301,293,0
VGO,D,20171117,000000,301.5,301.5,301.5,301.5,22,0
VGO,D,20171120,000000,295,298,288,298,131,0
VGO,D,20171121,000000,297,302,297,301,352,0
VGO,D,20171122,000000,301,302,301,301,66,0
VGO,D,20171123,000000,301.95,330,301.95,330,418,0
VGO,D,20171124,000000,315.05,329,315.05,328,235,0
VGO,D,20171127,000000,328,328,328,328,255,0
VGO,D,20171201,000000,324.1,324.1,302.05,324.05,226,0
VGO,D,20171204,000000,324.05,324.05,305,305,15,0
VGO,D,20171205,000000,323.95,326.9,315,326.9,1051,0
VGO,D,20171206,000000,326.9,326.9,326.1,326.1,24,0
VGO,D,20171207,000000,326,326,310.05,312,48,0
VGO,D,20171208,000000,312,312,312,312,3,0
VGO,D,20171211,000000,308.5,315,308.5,315,60,0
VGO,D,20171212,000000,317,317,317,317,2,0
VGO,D,20171213,000000,318,318,312,312,52,0
VGO,D,20171214,000000,313,313,313,313,20,0
VGO,D,20171215,000000,312.5,312.5,312,312,21,0
VGO,D,20171218,000000,316,316,312,312,83,0
VGO,D,20171219,000000,312.1,312.1,312,312,10,0
VGO,D,20171220,000000,315,315,315,315,73,0
VGO,D,20171221,000000,319,319,311,311,962,0
VGO,D,20171222,000000,315,317.9,314.05,315.2,215,0
VGO,D,20171227,000000,318,318,315,318,67,0
VGO,D,20171228,000000,318,318,318,318,491,0
VGO,D,20171229,000000,317,317,317,317,35,0
VGO,D,20180103,000000,340,340,311,312,108,0
VGO,D,20180104,000000,312,330,312,330,17,0
VGO,D,20180105,000000,330,330,322,322,13,0
VGO,D,20180108,000000,322,334,322,334,7,0
VGO,D,20180109,000000,325,330,325,330,22,0
VGO,D,20180110,000000,315,334,302,310,1323,0
VGO,D,20180111,000000,302,311,302,310,89,0
VGO,D,20180112,000000,304,310,304,310,2422,0
VGO,D,20180115,000000,309,312,309,312,37,0
VGO,D,20180116,000000,312,312,310,310,45,0
VGO,D,20180117,000000,310,312,310,310,25,0
VGO,D,20180118,000000,311,311,306,310,378,0
VGO,D,20180119,000000,310,310,305,310,74,0
VGO,D,20180122,000000,310,310,310,310,12,0
VGO,D,20180123,000000,310,310,310,310,50,0
VGO,D,20180124,000000,304,311,304,311,391,0
VGO,D,20180126,000000,311,311,310,310,115,0
VGO,D,20180129,000000,311,314,311,314,96,0
VGO,D,20180130,000000,319,320,319,320,300,0
VGO,D,20180201,000000,324,324,311,311,9,0
VGO,D,20180202,000000,311,324,311,324,15,0
VGO,D,20180206,000000,311,311,300,310,224,0
VGO,D,20180207,000000,310,311,310,311,8,0
VGO,D,20180208,000000,311,317,310,317,46,0
VGO,D,20180209,000000,317,318,317,318,100,0
VGO,D,20180212,000000,311,317,310,317,17,0
VGO,D,20180213,000000,310,317,310,317,2246,0
VGO,D,20180214,000000,310,310,310,310,371,0
VGO,D,20180215,000000,310,310,310,310,1,0
VGO,D,20180216,000000,317,317,317,317,10,0
VGO,D,20180219,000000,311,311,310,310,2298,0
VGO,D,20180220,000000,317,317,310,310,755,0
VGO,D,20180221,000000,317,317,310,310,101,0
VGO,D,20180222,000000,312,312,310,310,102,0
VGO,D,20180223,000000,310,310,310,310,119,0
VGO,D,20180226,000000,308,308,308,308,10,0
VGO,D,20180228,000000,308,308,308,308,61,0
VGO,D,20180301,000000,308,308,306,306,80,0
VGO,D,20180306,000000,300,300,298,298,56,0
VGO,D,20180307,000000,297,300,290,300,114,0
VGO,D,20180308,000000,300,300,300,300,4,0
VGO,D,20180309,000000,302,302,300,300,117,0
VGO,D,20180312,000000,298,300,298,300,38,0
VGO,D,20180313,000000,302,302,302,302,5,0
VGO,D,20180314,000000,298,298,298,298,3,0
VGO,D,20180315,000000,298,298,298,298,17,0
VGO,D,20180316,000000,294,295,293,295,75,0
VGO,D,20180319,000000,293,293,293,293,1,0
VGO,D,20180320,000000,293,308,290,308,410,0
VGO,D,20180321,000000,304,304,304,304,10,0
VGO,D,20180322,000000,296,300,295,295,141,0
VGO,D,20180323,000000,294,294,294,294,80,0
VGO,D,20180326,000000,296,296,296,296,5,0
VGO,D,20180327,000000,290,298,290,298,32,0
VGO,D,20180403,000000,304,304,292,292,16,0
VGO,D,20180404,000000,299,300,299,300,213,0
VGO,D,20180405,000000,291,300,290,300,37,0
VGO,D,20180406,000000,300,308,300,303,19521,0
VGO,D,20180409,000000,302,308,302,308,11560,0
VGO,D,20180410,000000,303,312,303,312,9335,0
VGO,D,20180411,000000,312,312,312,312,22,0
VGO,D,20180412,000000,312,315,312,315,10,0
VGO,D,20180413,000000,313,313,305,306,6,0
VGO,D,20180416,000000,308,308,306,306,11,0
VGO,D,20180417,000000,310,310,310,310,21,0
VGO,D,20180418,000000,314,314,314,314,16,0
VGO,D,20180420,000000,314,314,308,308,68,0
VGO,D,20180423,000000,310,310,308,308,23,0
VGO,D,20180424,000000,308,308,307,308,731,0
VGO,D,20180426,000000,300,301,300,301,11,0
VGO,D,20180427,000000,305,305,300,305,3626,0
VGO,D,20180430,000000,310,310,310,310,5,0
VGO,D,20180508,000000,310,310,310,310,185,0
VGO,D,20180509,000000,306,322,306,320,48,0
VGO,D,20180514,000000,324,334,324,332,70,0
VGO,D,20180515,000000,325,325,324,324,28,0
VGO,D,20180516,000000,315,317,311,317,27,0
VGO,D,20180517,000000,317,334,313,334,4,0
VGO,D,20180521,000000,333,333,315,315,10,0
VGO,D,20180523,000000,329,329,329,329,1,0
VGO,D,20180524,000000,314,314,314,314,13,0
VGO,D,20180525,000000,320,320,320,320,3,0
VGO,D,20180528,000000,320,320,320,320,10,0
VGO,D,20180529,000000,320,320,315,320,4966,0
VGO,D,20180530,000000,301,320,301,320,428,0
VGO,D,20180601,000000,315,315,315,315,17,0
VGO,D,20180604,000000,316,316,316,316,2,0
VGO,D,20180605,000000,305,305,305,305,4,0
VGO,D,20180606,000000,305,305,305,305,1000,0
VGO,D,20180608,000000,305,305,305,305,33,0
VGO,D,20180611,000000,305,305,305,305,8,0
VGO,D,20180612,000000,306,306,306,306,200,0
VGO,D,20180613,000000,310,310,310,310,9,0
VGO,D,20180614,000000,310,310,310,310,2500,0
VGO,D,20180618,000000,306,306,305,305,29,0
VGO,D,20180619,000000,305,305,305,305,12,0
VGO,D,20180620,000000,305,305,305,305,20,0
VGO,D,20180621,000000,305,305,305,305,14,0
VGO,D,20180625,000000,305,305,305,305,38,0
VGO,D,20180626,000000,306,310,306,306,113,0
VGO,D,20180627,000000,310,310,310,310,33,0
VGO,D,20180628,000000,310,310,305,305,911,0
VGO,D,20180629,000000,319,319,319,319,1,0
VGO,D,20180709,000000,318,318,318,318,3,0
VGO,D,20180716,000000,318,335,318,335,130,0
VGO,D,20180717,000000,325,335,325,325,7,0
VGO,D,20180718,000000,325,325,320,320,40,0
VGO,D,20180719,000000,325,325,325,325,3,0
VGO,D,20180720,000000,325,325,325,325,1,0
VGO,D,20180723,000000,325,325,325,325,8,0
VGO,D,20180725,000000,320,320,320,320,76,0
VGO,D,20180726,000000,320,320,320,320,49,0
VGO,D,20180727,000000,320,320,319,319,9,0
VGO,D,20180801,000000,320,325,320,325,10,0
VGO,D,20180802,000000,325,325,325,325,50,0
VGO,D,20180803,000000,330,334,330,334,20,0
VGO,D,20180806,000000,334,334,333,334,93,0
VGO,D,20180807,000000,334,334,306,306,13,0
VGO,D,20180808,000000,311,323,310,323,1804,0
VGO,D,20180816,000000,305,324,305,324,33,0
VGO,D,20180821,000000,334,334,332,332,59,0
VGO,D,20180822,000000,315,315,305,306,28,0
VGO,D,20180824,000000,327,327,327,327,4,0
VGO,D,20180827,000000,325,325,325,325,13,0
VGO,D,20180828,000000,329,329,311,329,33,0
VGO,D,20180829,000000,329,329,308,329,7,0
VGO,D,20180830,000000,329,329,329,329,99,0
VGO,D,20180831,000000,325,332,325,332,38,0
VGO,D,20180903,000000,330,332,330,332,2035,0
VGO,D,20180904,000000,332,332,332,332,15,0
VGO,D,20180906,000000,316,316,295,314,322,0
VGO,D,20180910,000000,301,310,291,307,30,0
VGO,D,20180911,000000,307,309,307,309,6,0
VGO,D,20180912,000000,291,307,291,307,31,0
VGO,D,20180913,000000,300,300,300,300,101,0
VGO,D,20180918,000000,299,299,299,299,4,0
VGO,D,20180919,000000,300,309,300,309,46,0
VGO,D,20180920,000000,299,305,299,305,6,0
VGO,D,20180924,000000,300,300,300,300,1,0
VGO,D,20180925,000000,300,308,300,308,2,0
VGO,D,20180926,000000,300,301,299,299,24,0
VGO,D,20180928,000000,299,299,299,299,3,0
VGO,D,20181003,000000,300,300,288,300,24,0
VGO,D,20181004,000000,289,290,285,285,150,0
VGO,D,20181005,000000,298,299,290,290,69,0
VGO,D,20181008,000000,287,287,283,284,56,0
VGO,D,20181009,000000,290,290,274,275,103,0
VGO,D,20181010,000000,275,275,265,265,121,0
VGO,D,20181011,000000,267,267,248,248,283,0
VGO,D,20181012,000000,251,275,251,275,2182,0
VGO,D,20181015,000000,275,300,275,300,358,0
VGO,D,20181016,000000,299,299,299,299,3,0
VGO,D,20181017,000000,299,299,299,299,2,0
VGO,D,20181018,000000,298,298,298,298,2,0
VGO,D,20181019,000000,292,299,292,299,7,0
VGO,D,20181022,000000,299,299,281,285,154,0
VGO,D,20181023,000000,284,292,284,292,57,0
VGO,D,20181024,000000,297,297,297,297,2,0
VGO,D,20181025,000000,284,299,284,299,47,0
VGO,D,20181029,000000,298,298,298,298,6,0
VGO,D,20181030,000000,297,297,297,297,2,0
VGO,D,20181031,000000,287,298,285,298,515,0
VGO,D,20181102,000000,296,299,285,299,1256,0
VGO,D,20181105,000000,305,305,285,303,520,0
VGO,D,20181106,000000,301,301,301,301,8,0
VGO,D,20181107,000000,301,301,300,300,24,0
VGO,D,20181108,000000,300,300,300,300,1,0
VGO,D,20181109,000000,283,283,283,283,13,0
VGO,D,20181113,000000,300,300,300,300,6,0
VGO,D,20181115,000000,299,299,299,299,6,0
VGO,D,20181116,000000,293,296,275,287,4144,0
VGO,D,20181119,000000,288,293,286,293,850,0
VGO,D,20181120,000000,290,290,270,270,4038,0
VGO,D,20181121,000000,266,285,266,282,288,0
VGO,D,20181122,000000,282,283,282,283,40,0
VGO,D,20181123,000000,270,270,269,269,126,0
VGO,D,20181126,000000,283,283,264,274,79,0
VGO,D,20181127,000000,271,282,266,275,119,0
VGO,D,20181128,000000,268,278,267,278,27,0
VGO,D,20181129,000000,275,276,268,276,207,0
VGO,D,20181130,000000,270,270,270,270,40,0
VGO,D,20181203,000000,270,270,268,268,150,0
VGO,D,20181204,000000,268,270,268,270,6,0
VGO,D,20181205,000000,264,268,264,268,41,0
VGO,D,20181206,000000,268,268,268,268,2,0
VGO,D,20181207,000000,269,269,269,269,8,0
VGO,D,20181210,000000,265,270,264,270,76,0
VGO,D,20181211,000000,269,269,269,269,28,0
VGO,D,20181212,000000,268,268,260,265,229,0
VGO,D,20181213,000000,256,264,256,263,63,0
VGO,D,20181214,000000,263,264,255,264,258,0
VGO,D,20181217,000000,260,260,260,260,4689,0
VGO,D,20181218,000000,260,264,255,264,5181,0
VGO,D,20181219,000000,262,262,262,262,31,0
VGO,D,20181220,000000,261,261,261,261,1,0
VGO,D,20181221,000000,252,261,250,261,36,0
VGO,D,20181227,000000,264,277,264,277,18,0
VGO,D,20181228,000000,277,277,260,275,436,0
VGO,D,20190102,000000,276,281,276,281,114,0
VGO,D,20190103,000000,275,281,275,281,113,0
VGO,D,20190104,000000,280,280,275,275,75,0
VGO,D,20190107,000000,274,284,274,279,72,0
VGO,D,20190108,000000,284,284,270,279,16,0
VGO,D,20190109,000000,279,284,279,284,36,0
VGO,D,20190110,000000,280,280,280,280,6,0
VGO,D,20190111,000000,282,284,282,284,4,0
VGO,D,20190114,000000,285,285,280,280,57,0
VGO,D,20190115,000000,282,284,282,284,737,0
VGO,D,20190116,000000,285,285,283,285,22,0
VGO,D,20190117,000000,285,285,284,284,39,0
VGO,D,20190118,000000,284,284,284,284,14,0
VGO,D,20190121,000000,283,283,280,283,139,0
VGO,D,20190122,000000,278,283,278,283,27,0
VGO,D,20190123,000000,280,280,270,280,262,0
VGO,D,20190124,000000,280,280,278,278,51,0
VGO,D,20190125,000000,279,279,278,278,29,0
VGO,D,20190128,000000,277,282,277,282,11,0
VGO,D,20190129,000000,282,282,280,280,1486,0
VGO,D,20190130,000000,281,282,280,282,29,0
VGO,D,20190131,000000,282,288,282,286,100,0
VGO,D,20190201,000000,288,288,288,288,60,0
VGO,D,20190204,000000,288,293,288,293,13,0
VGO,D,20190205,000000,293,298,293,298,927,0
VGO,D,20190206,000000,293,298,291,294,40,0
VGO,D,20190207,000000,293,293,293,293,1,0
VGO,D,20190208,000000,291,291,284,291,81,0
VGO,D,20190212,000000,291,291,285,291,461,0
VGO,D,20190213,000000,290,290,290,290,10,0
VGO,D,20190214,000000,285,285,282,285,3220,0
VGO,D,20190215,000000,285,285,285,285,32,0
VGO,D,20190218,000000,285,299,285,299,1060,0
VGO,D,20190219,000000,285,285,285,285,958,0
VGO,D,20190220,000000,285,285,285,285,44,0
VGO,D,20190221,000000,286,287,285,287,59,0
VGO,D,20190222,000000,287,289,287,287,181,0
VGO,D,20190225,000000,284,289,284,289,41,0
VGO,D,20190226,000000,289,289,289,289,4,0
VGO,D,20190227,000000,285,285,285,285,210,0
VGO,D,20190228,000000,288,288,285,285,504,0
VGO,D,20190301,000000,286,286,285,285,1441,0
VGO,D,20190305,000000,285,285,285,285,1000,0
VGO,D,20190306,000000,287,287,287,287,390,0
VGO,D,20190307,000000,285,287,285,287,1565,0
VGO,D,20190308,000000,285,285,285,285,1984,0
VGO,D,20190311,000000,285,285,285,285,2,0
VGO,D,20190312,000000,294,294,294,294,8,0
VGO,D,20190313,000000,290,290,290,290,4,0
VGO,D,20190314,000000,290,290,290,290,5,0
VGO,D,20190315,000000,297,297,291,291,242,0
VGO,D,20190318,000000,297,305,295,302,287,0
VGO,D,20190319,000000,313,313,300,300,13,0
VGO,D,20190320,000000,300,318,300,302,23,0
VGO,D,20190321,000000,317,317,305,310,20,0
VGO,D,20190322,000000,314,314,314,314,3,0
VGO,D,20190325,000000,313,314,306,314,2569,0
VGO,D,20190326,000000,307,314,305,314,94,0
VGO,D,20190327,000000,312,312,297,301,17,0
VGO,D,20190328,000000,301,315,297,314,2280,0
VGO,D,20190329,000000,316,318,302,313,1627,0
VGO,D,20190401,000000,330,330,318,328,100,0
VGO,D,20190402,000000,332,332,324,330,49,0
VGO,D,20190403,000000,332,338,330,338,145,0
VGO,D,20190404,000000,340,346,340,346,229,0
VGO,D,20190405,000000,350,358,330,344,1102,0
VGO,D,20190408,000000,340,340,340,340,8,0
VGO,D,20190409,000000,340,340,328,328,3,0
VGO,D,20190410,000000,328,328,328,328,6,0
VGO,D,20190411,000000,342,342,342,342,1,0
VGO,D,20190412,000000,326,342,318,342,509,0
VGO,D,20190415,000000,342,342,330,330,42,0
VGO,D,20190416,000000,340,340,336,340,40,0
VGO,D,20190417,000000,338,342,338,340,15,0
VGO,D,20190423,000000,334,334,334,334,12,0
VGO,D,20190424,000000,336,342,330,342,15,0
VGO,D,20190425,000000,342,342,336,336,18,0
VGO,D,20190426,000000,326,336,326,330,106,0
VGO,D,20190429,000000,330,330,330,330,56,0
VGO,D,20190430,000000,330,338,330,338,202,0
VGO,D,20190506,000000,330,330,330,330,1003,0
VGO,D,20190507,000000,338,338,330,330,100,0
VGO,D,20190508,000000,330,330,330,330,83,0
VGO,D,20190509,000000,330,330,328,328,27,0
VGO,D,20190510,000000,330,330,326,326,6,0
VGO,D,20190514,000000,326,334,326,330,121,0
VGO,D,20190515,000000,330,338,320,324,271,0
VGO,D,20190517,000000,336,336,336,336,1,0
VGO,D,20190520,000000,322,326,322,326,11,0
VGO,D,20190521,000000,324,324,324,324,151,0
VGO,D,20190522,000000,324,334,324,324,125,0
VGO,D,20190523,000000,324,324,324,324,50,0
VGO,D,20190524,000000,324,334,324,324,18,0
VGO,D,20190527,000000,324,334,324,334,149,0
VGO,D,20190531,000000,326,330,326,326,119,0
VGO,D,20190603,000000,324,334,324,334,1054,0
VGO,D,20190604,000000,330,336,330,336,1105,0
VGO,D,20190605,000000,330,330,330,330,95,0
VGO,D,20190607,000000,330,336,330,336,2,0
VGO,D,20190612,000000,330,336,330,336,20,0
VGO,D,20190613,000000,330,332,330,332,4,0
VGO,D,20190614,000000,336,338,336,338,46,0
VGO,D,20190617,000000,340,348,340,348,169,0
VGO,D,20190618,000000,348,348,338,338,369,0
VGO,D,20190619,000000,348,348,346,346,10,0
VGO,D,20190621,000000,348,348,348,348,18,0
VGO,D,20190624,000000,350,350,350,350,28,0
VGO,D,20190625,000000,348,348,340,340,32,0
VGO,D,20190626,000000,348,350,348,350,8,0
VGO,D,20190627,000000,340,340,340,340,58,0
VGO,D,20190628,000000,340.00,346.00,338.00,346.00,54,0
VGO,D,20190701,000000,342,342,330,330,155,0
VGO,D,20190702,000000,330,330,330,330,126,0
VGO,D,20190703,000000,344,344,344,344,1,0
VGO,D,20190704,000000,342,350,332,340,72,0
VGO,D,20190705,000000,350,350,350,350,10,0
VGO,D,20190708,000000,342,342,342,342,7,0
VGO,D,20190709,000000,346,350,342,350,27,0
VGO,D,20190710,000000,350,350,328,340,178,0
VGO,D,20190711,000000,334,334,330,330,1321,0
VGO,D,20190712,000000,332,332,330,330,30,0
VGO,D,20190715,000000,336,336,334,336,38,0
VGO,D,20190716,000000,336,336,330,330,182,0
VGO,D,20190717,000000,330,332,326,326,69,0
VGO,D,20190718,000000,330,330,330,330,48,0
VGO,D,20190719,000000,330,338,330,330,2017,0
VGO,D,20190722,000000,334,334,334,334,5,0
VGO,D,20190723,000000,338,340,338,338,73,0
VGO,D,20190724,000000,338,338,338,338,25,0
VGO,D,20190725,000000,340,340,326,328,373,0
VGO,D,20190726,000000,330,338,326,338,1782,0
VGO,D,20190729,000000,336,336,326,326,44,0
VGO,D,20190730,000000,326,334,324,334,406,0
VGO,D,20190731,000000,334,334,334,334,177,0
VGO,D,20190801,000000,330,330,330,330,20,0
VGO,D,20190802,000000,336,336,336,336,8,0
VGO,D,20190805,000000,336,340,336,340,150,0
VGO,D,20190806,000000,342,344,340,342,5518,0
VGO,D,20190807,000000,344,344,342,342,6,0
VGO,D,20190809,000000,342,342,336,336,15,0
VGO,D,20190812,000000,336,336,336,336,3,0
VGO,D,20190814,000000,338,338,336,336,6,0
VGO,D,20190816,000000,332,332,332,332,3,0
VGO,D,20190819,000000,332,332,332,332,2,0
VGO,D,20190820,000000,336,338,308,314,219,0
VGO,D,20190821,000000,316,316,306,306,164,0
VGO,D,20190822,000000,306,308,306,308,2,0
VGO,D,20190823,000000,308,310,302,310,129,0
VGO,D,20190826,000000,300,318,300,310,63,0
VGO,D,20190827,000000,300,310,286,286,413,0
VGO,D,20190828,000000,286,292,286,290,152,0
VGO,D,20190829,000000,290,306,284,306,41,0
VGO,D,20190830,000000,308,308,290,300,728,0
VGO,D,20190902,000000,304,304,284,284,564,0
VGO,D,20190903,000000,290,294,280,294,217,0
VGO,D,20190904,000000,294,302,294,302,144,0
VGO,D,20190905,000000,302,308,302,308,9,0
VGO,D,20190906,000000,310,318,302,318,46,0
VGO,D,20190909,000000,318,318,318,318,2,0
VGO,D,20190911,000000,310,310,310,310,3,0
VGO,D,20190913,000000,300,306,296,306,5,0
VGO,D,20190916,000000,304,304,304,304,4,0
VGO,D,20190917,000000,304,304,298,298,38,0
VGO,D,20190918,000000,308,318,300,300,49,0
VGO,D,20190919,000000,304,306,294,294,339,0
VGO,D,20190920,000000,314,314,314,314,8,0
VGO,D,20190923,000000,298,298,296,296,47,0
VGO,D,20190924,000000,296,300,294,294,67,0
VGO,D,20190926,000000,306,306,306,306,1,0
VGO,D,20190927,000000,308,308,300,300,33,0
VGO,D,20190930,000000,308,308,296,296,15,0
VGO,D,20191001,000000,296,296,280,280,586,0
VGO,D,20191002,000000,284,290,262,280,189,0
VGO,D,20191003,000000,288,292,274,292,157,0
VGO,D,20191004,000000,284,294,280,294,78,0
VGO,D,20191007,000000,282,282,280,280,228,0
VGO,D,20191008,000000,296,296,296,296,1,0
VGO,D,20191009,000000,290,290,290,290,3,0
VGO,D,20191010,000000,290,300,288,300,87,0
VGO,D,20191011,000000,300,306,290,290,1190,0
VGO,D,20191014,000000,304,304,304,304,1,0
VGO,D,20191015,000000,304,316,300,304,306,0
VGO,D,20191016,000000,308,308,300,300,183,0
VGO,D,20191017,000000,310,310,304,310,188,0
VGO,D,20191018,000000,312,312,298,306,153,0
VGO,D,20191021,000000,310,310,300,300,302,0
VGO,D,20191022,000000,296,302,296,300,58,0
VGO,D,20191023,000000,304,304,300,300,22,0
VGO,D,20191024,000000,300,304,300,304,228,0
VGO,D,20191028,000000,304,304,298,304,364,0
VGO,D,20191029,000000,300,306,300,300,90,0
VGO,D,20191030,000000,300,308,300,304,328,0
VGO,D,20191031,000000,310,310,302,302,413,0
VGO,D,20191104,000000,304,312,302,304,407,0
VGO,D,20191105,000000,308,308,304,306,56,0
VGO,D,20191106,000000,306,312,302,310,276,0
VGO,D,20191107,000000,310,330,304,310,1053,0
VGO,D,20191108,000000,318,326,310,312,240,0
VGO,D,20191112,000000,330,334,310,334,523,0
VGO,D,20191113,000000,334,348,334,348,780,0
VGO,D,20191114,000000,350,354,340,342,929,0
VGO,D,20191115,000000,354,356,344,356,1213,0
VGO,D,20191118,000000,346,360,340,358,319,0
VGO,D,20191119,000000,360,362,350,350,160,0
VGO,D,20191120,000000,360,360,356,356,24,0
VGO,D,20191121,000000,356,360,350,360,103,0
VGO,D,20191122,000000,360,370,360,366,2828,0
VGO,D,20191125,000000,368,370,366,370,88,0
VGO,D,20191126,000000,368,374,368,370,777,0
VGO,D,20191127,000000,370,374,366,372,422,0
VGO,D,20191128,000000,374,374,370,370,75,0
VGO,D,20191129,000000,372,374,370,374,23,0
VGO,D,20191202,000000,372,372,370,372,2399,0
VGO,D,20191203,000000,374,374,364,374,984,0
VGO,D,20191204,000000,374,378,368,378,28,0
VGO,D,20191205,000000,374,374,374,374,1972,0
VGO,D,20191206,000000,374,376,370,376,36,0
VGO,D,20191209,000000,372,378,372,378,9,0
VGO,D,20191210,000000,376,376,372,376,105,0
VGO,D,20191211,000000,370,376,362,376,27,0
VGO,D,20191212,000000,374,376,370,376,66,0
VGO,D,20191213,000000,374,374,374,374,2,0
VGO,D,20191216,000000,370,376,370,376,286,0
VGO,D,20191217,000000,370,376,370,376,134,0
VGO,D,20191218,000000,376,376,370,372,81,0
VGO,D,20191219,000000,364,376,364,376,470,0
VGO,D,20191220,000000,370,376,370,376,271,0
VGO,D,20191223,000000,370,378,370,370,411,0
VGO,D,20191227,000000,370,378,370,372,78,0
VGO,D,20191230,000000,374,374,374,374,325,0
VGO,D,20200102,000000,378,396,378,396,197,0
VGO,D,20200103,000000,400,404,394,404,3469,0
VGO,D,20200107,000000,404,416,404,416,793,0
VGO,D,20200108,000000,420,424,414,420,560,0
VGO,D,20200109,000000,430,438,420,420,958,0
VGO,D,20200110,000000,436,436,424,428,348,0
VGO,D,20200113,000000,430,434,420,432,311,0
VGO,D,20200114,000000,430,442,430,442,497,0
VGO,D,20200115,000000,442,444,424,438,921,0
VGO,D,20200116,000000,440,444,432,438,187,0
VGO,D,20200117,000000,444,446,440,444,199,0
VGO,D,20200120,000000,446,448,432,442,155,0
VGO,D,20200121,000000,440,442,430,430,756,0
VGO,D,20200122,000000,430,430,414,430,1434,0
VGO,D,20200123,000000,434,434,422,434,110,0
VGO,D,20200124,000000,434,438,420,438,509,0
VGO,D,20200127,000000,436,438,422,428,632,0
VGO,D,20200128,000000,428,432,420,432,605,0
VGO,D,20200129,000000,432,434,424,434,143,0
VGO,D,20200130,000000,424,434,416,420,913,0
VGO,D,20200131,000000,422,434,420,420,408,0
VGO,D,20200203,000000,428,434,428,434,90,0
VGO,D,20200204,000000,422,434,420,434,335,0
VGO,D,20200205,000000,436,444,436,444,161,0
VGO,D,20200206,000000,442,444,440,444,75,0
VGO,D,20200207,000000,442,442,430,442,1272,0
VGO,D,20200210,000000,442,448,442,448,159,0
VGO,D,20200211,000000,448,460,448,460,387,0
VGO,D,20200212,000000,462,496,460,460,1094,0
VGO,D,20200213,000000,460,476,460,462,227,0
VGO,D,20200214,000000,446,464,442,458,119,0
VGO,D,20200217,000000,478,484,470,472,187,0
VGO,D,20200218,000000,470,472,466,468,452,0
VGO,D,20200219,000000,468,468,456,466,146,0
VGO,D,20200220,000000,464,464,452,460,296,0
VGO,D,20200221,000000,468,482,460,460,497,0
VGO,D,20200224,000000,460,480,440,450,504,0
VGO,D,20200225,000000,434,448,428,440,853,0
VGO,D,20200226,000000,432,440,430,438,226,0
VGO,D,20200227,000000,464,464,430,446,186,0
VGO,D,20200228,000000,418,436,380,436,2468,0
VGO,D,20200302,000000,436,456,414,442,1604,0
VGO,D,20200303,000000,444,460,440,440,573,0
VGO,D,20200304,000000,434,450,432,448,116,0
VGO,D,20200305,000000,448,458,424,458,476,0
VGO,D,20200306,000000,456,456,436,436,1229,0
VGO,D,20200309,000000,402,430,368,430,2694,0
VGO,D,20200310,000000,412,444,404,444,982,0
VGO,D,20200311,000000,446,446,410,438,3330,0
VGO,D,20200312,000000,404,408,368,374,1359,0
VGO,D,20200313,000000,374,406,364,382,953,0
VGO,D,20200316,000000,390,390,364,378,1996,0
VGO,D,20200317,000000,374,390,346,384,5636,0
VGO,D,20200318,000000,380,380,356,356,2342,0
VGO,D,20200319,000000,358,378,358,364,791,0
VGO,D,20200320,000000,364,374,352,358,962,0
VGO,D,20200323,000000,358,358,326,336,656,0
VGO,D,20200324,000000,354,354,340,350,149,0
VGO,D,20200325,000000,354,368,340,358,337,0
VGO,D,20200326,000000,350,358,346,350,1513,0
VGO,D,20200327,000000,364,364,338,360,457,0
VGO,D,20200330,000000,362,362,340,360,606,0
VGO,D,20200331,000000,352,366,348,348,1086,0
VGO,D,20200401,000000,350,358,350,352,25,0
VGO,D,20200402,000000,354,364,342,350,159,0
VGO,D,20200403,000000,350,354,334,336,420,0
VGO,D,20200406,000000,334,360,330,358,656,0
VGO,D,20200407,000000,360,370,350,362,3270,0
VGO,D,20200408,000000,364,368,340,352,835,0
VGO,D,20200409,000000,370,380,356,366,1209,0
VGO,D,20200414,000000,372,408,372,390,1813,0
VGO,D,20200415,000000,400,400,382,384,2177,0
VGO,D,20200416,000000,380,412,376,404,858,0
VGO,D,20200417,000000,410,422,408,422,449,0
VGO,D,20200420,000000,426,426,396,400,1066,0
VGO,D,20200421,000000,408,408,380,386,647,0
VGO,D,20200422,000000,390,406,390,400,486,0
VGO,D,20200423,000000,404,408,400,400,327,0
VGO,D,20200424,000000,406,408,400,406,278,0
VGO,D,20200427,000000,420,438,410,410,921,0
VGO,D,20200428,000000,424,430,402,410,1024,0
VGO,D,20200429,000000,408,424,408,410,603,0
VGO,D,20200430,000000,410,422,410,410,748,0
VGO,D,20200504,000000,410,420,408,420,134,0
VGO,D,20200505,000000,430,430,410,412,680,0
VGO,D,20200506,000000,422,422,412,418,58,0
VGO,D,20200507,000000,420,430,414,428,217,0
VGO,D,20200508,000000,428,430,412,424,896,0
VGO,D,20200511,000000,430,450,430,440,673,0
VGO,D,20200512,000000,452,458,432,446,1106,0
VGO,D,20200513,000000,446,446,430,432,1073,0
VGO,D,20200514,000000,436,436,400,416,1379,0
VGO,D,20200515,000000,418,430,418,424,266,0
VGO,D,20200518,000000,424,430,422,430,228,0
VGO,D,20200519,000000,430,430,424,430,82,0
VGO,D,20200520,000000,426,430,420,424,124,0
VGO,D,20200521,000000,430,430,424,426,120,0
VGO,D,20200522,000000,426,426,412,422,176,0
VGO,D,20200525,000000,418,430,418,422,96,0
VGO,D,20200526,000000,430,430,418,426,142,0
VGO,D,20200527,000000,426,426,422,424,32,0
VGO,D,20200528,000000,420,424,420,424,110,0
VGO,D,20200529,000000,424,424,416,424,598,0
VGO,D,20200601,000000,430,430,420,428,267,0
VGO,D,20200602,000000,422,430,422,422,195,0
VGO,D,20200603,000000,428,428,422,426,134,0
VGO,D,20200604,000000,430,430,426,426,155,0
VGO,D,20200605,000000,430,444,426,440,555,0
VGO,D,20200608,000000,440,440,430,438,112,0
VGO,D,20200609,000000,432,440,430,438,817,0
VGO,D,20200610,000000,438,440,434,436,122,0
VGO,D,20200612,000000,414,428,414,424,224,0
VGO,D,20200615,000000,428,438,424,438,140,0
VGO,D,20200616,000000,440,444,436,436,326,0
VGO,D,20200617,000000,436,440,430,438,161,0
VGO,D,20200618,000000,430,438,424,438,102,0
VGO,D,20200619,000000,438,442,432,440,242,0
VGO,D,20200622,000000,440,450,438,440,972,0
VGO,D,20200623,000000,440,494,440,494,5268,0
VGO,D,20200624,000000,520,570,498,545,6330,0
VGO,D,20200625,000000,560,560,525,535,3497,0
VGO,D,20200626,000000,550,550,520,540,412,0
VGO,D,20200629,000000,535,540,520,535,401,0
VGO,D,20200630,000000,530,540,525,525,413,0
VGO,D,20200701,000000,525,550,515,550,329,0
VGO,D,20200702,000000,550,560,550,555,671,0
VGO,D,20200703,000000,560,560,550,555,789,0
VGO,D,20200706,000000,555,560,545,555,166,0
VGO,D,20200707,000000,560,610,550,605,3480,0
VGO,D,20200708,000000,610,630,590,600,2150,0
VGO,D,20200709,000000,615,620,580,600,1275,0
VGO,D,20200710,000000,550,600,550,595,1711,0
