<TICKER>,<PER>,<DATE>,<TIME>,<OPEN>,<HIGH>,<LOW>,<CLOSE>,<VOL>,<OPENINT>
VTL,D,20140108,000000,10.397,11.802,10.397,11.474,158958,0
VTL,D,20140109,000000,11.474,11.943,11.381,11.839,115921,0
VTL,D,20140110,000000,11.849,11.99,11.709,11.802,29836,0
VTL,D,20140113,000000,11.662,12.646,11.662,12.448,52851,0
VTL,D,20140114,000000,12.177,12.599,12.177,12.495,55281,0
VTL,D,20140115,000000,12.43,12.917,12.43,12.552,25960,0
VTL,D,20140116,000000,12.552,12.683,12.42,12.636,36356,0
VTL,D,20140117,000000,12.646,12.992,12.646,12.879,14099,0
VTL,D,20140120,000000,13.058,13.058,12.57,12.954,9335,0
VTL,D,20140121,000000,12.954,13.582,12.832,13.582,112388,0
VTL,D,20140122,000000,13.667,13.938,13.488,13.854,37438,0
VTL,D,20140123,000000,13.844,14.331,13.722,13.854,76903,0
VTL,D,20140124,000000,13.9,14.05,13.582,13.91,30533,0
VTL,D,20140127,000000,13.863,13.947,13.263,13.947,22161,0
VTL,D,20140128,000000,13.956,14.04,13.779,14.04,14397,0
VTL,D,20140129,000000,14.05,14.284,13.919,14.05,24191,0
VTL,D,20140130,000000,14.05,14.05,13.507,13.9,16563,0
VTL,D,20140131,000000,14.003,14.003,13.31,13.394,43103,0
VTL,D,20140203,000000,13.385,13.919,13.301,13.807,15010,0
VTL,D,20140204,000000,13.807,13.807,13.563,13.788,14471,0
VTL,D,20140205,000000,13.769,14.275,13.769,14.266,43571,0
VTL,D,20140206,000000,14.36,14.837,14.36,14.612,54638,0
VTL,D,20140207,000000,14.781,15.081,14.753,15.081,122252,0
VTL,D,20140210,000000,15.362,15.923,15.362,15.736,164167,0
VTL,D,20140211,000000,16.064,17.254,16.064,16.673,112849,0
VTL,D,20140212,000000,16.767,16.767,16.017,16.345,95938,0
VTL,D,20140213,000000,16.345,16.345,16.017,16.251,13354,0
VTL,D,20140214,000000,16.167,16.392,16.12,16.345,24783,0
VTL,D,20140217,000000,16.664,16.767,16.204,16.757,75302,0
VTL,D,20140218,000000,17.048,17.141,16.673,16.691,67870,0
VTL,D,20140219,000000,16.691,16.691,16.345,16.532,21850,0
VTL,D,20140220,000000,16.392,16.485,16.298,16.485,12508,0
VTL,D,20140221,000000,16.701,16.71,16.41,16.71,24869,0
VTL,D,20140224,000000,16.673,16.673,16.579,16.673,8525,0
VTL,D,20140225,000000,16.589,16.673,16.401,16.664,8138,0
VTL,D,20140226,000000,16.664,16.664,16.13,16.383,13611,0
VTL,D,20140227,000000,16.251,16.345,16.12,16.336,7289,0
VTL,D,20140228,000000,16.392,16.392,16.176,16.27,14746,0
VTL,D,20140303,000000,15.596,15.764,14.154,14.678,89677,0
VTL,D,20140304,000000,14.696,15.829,14.696,15.409,22602,0
VTL,D,20140305,000000,15.961,15.961,15.268,15.352,26412,0
VTL,D,20140306,000000,15.362,15.456,14.8,15.456,18076,0
VTL,D,20140307,000000,15.362,15.362,15.034,15.362,6010,0
VTL,D,20140310,000000,14.987,15.071,14.8,15.024,8857,0
VTL,D,20140311,000000,15.081,15.081,14.659,14.659,11860,0
VTL,D,20140312,000000,14.388,14.977,13.582,14.144,49376,0
VTL,D,20140313,000000,14.05,14.144,13.329,13.816,28674,0
VTL,D,20140314,000000,13.207,13.704,12.795,13.488,46640,0
VTL,D,20140317,000000,13.263,14.987,13.263,14.8,38954,0
VTL,D,20140318,000000,14.875,15.034,14.425,15.034,9120,0
VTL,D,20140319,000000,14.987,15.268,14.509,14.519,20494,0
VTL,D,20140320,000000,14.79,14.79,14.331,14.341,14967,0
VTL,D,20140321,000000,14.594,14.781,14.331,14.519,5808,0
VTL,D,20140324,000000,15.456,15.923,14.659,15.23,103106,0
VTL,D,20140325,000000,15.315,15.886,14.949,15.829,121585,0
VTL,D,20140326,000000,15.829,16.251,15.829,16.074,127519,0
VTL,D,20140327,000000,16.102,16.111,15.868,16.111,17836,0
VTL,D,20140328,000000,16.064,16.064,15.511,15.923,10935,0
VTL,D,20140331,000000,16.017,16.017,15.783,15.829,947,0
VTL,D,20140401,000000,16.008,16.008,15.811,15.829,3709,0
VTL,D,20140402,000000,15.829,16.008,15.596,15.98,13978,0
VTL,D,20140403,000000,15.97,16.045,15.446,16.017,22713,0
VTL,D,20140404,000000,15.829,16.017,15.829,16.008,2383,0
VTL,D,20140407,000000,15.821,16.008,15.54,15.876,15187,0
VTL,D,20140408,000000,15.642,15.876,15.474,15.876,4277,0
VTL,D,20140409,000000,15.829,16.008,15.511,16.008,19452,0
VTL,D,20140410,000000,15.876,15.923,15.876,15.923,1890,0
VTL,D,20140411,000000,15.642,15.829,15.549,15.829,6428,0
VTL,D,20140414,000000,15.829,15.829,14.8,15.54,16345,0
VTL,D,20140415,000000,15.099,15.389,14.996,15.296,4075,0
VTL,D,20140416,000000,14.996,15.118,14.8,15.024,12482,0
VTL,D,20140417,000000,14.987,15.446,14.987,15.249,6181,0
VTL,D,20140422,000000,14.706,15.352,14.706,15.352,4945,0
VTL,D,20140423,000000,15.362,15.642,15.277,15.446,5529,0
VTL,D,20140424,000000,15.381,15.633,14.696,14.969,4409,0
VTL,D,20140425,000000,14.753,14.987,14.753,14.902,956,0
VTL,D,20140428,000000,14.715,14.753,14.706,14.753,5859,0
VTL,D,20140429,000000,14.631,14.959,14.631,14.959,591,0
VTL,D,20140430,000000,14.959,15.099,14.762,14.8,546,0
VTL,D,20140502,000000,15.053,15.053,14.771,14.771,953,0
VTL,D,20140505,000000,14.771,15.081,14.706,15.081,7575,0
VTL,D,20140506,000000,15.071,15.071,14.706,14.987,1145,0
VTL,D,20140507,000000,14.893,14.893,14.06,14.06,11794,0
VTL,D,20140508,000000,14.247,14.519,14.247,14.519,6139,0
VTL,D,20140509,000000,14.519,14.519,14.05,14.238,6592,0
VTL,D,20140512,000000,14.238,14.519,14.191,14.519,1173,0
VTL,D,20140513,000000,14.519,14.519,14.303,14.425,13775,0
VTL,D,20140514,000000,14.097,14.519,14.097,14.519,2588,0
VTL,D,20140515,000000,14.519,14.987,14.378,14.8,15871,0
VTL,D,20140516,000000,14.977,14.977,14.378,14.547,3558,0
VTL,D,20140519,000000,14.781,14.8,14.069,14.069,50951,0
VTL,D,20140520,000000,14.069,14.706,14.069,14.5,8349,0
VTL,D,20140521,000000,14.49,14.8,14.49,14.8,5910,0
VTL,D,20140522,000000,14.481,14.987,14.378,14.893,8745,0
VTL,D,20140523,000000,14.893,14.893,14.566,14.753,524,0
VTL,D,20140526,000000,14.425,14.743,14.425,14.649,772,0
VTL,D,20140527,000000,14.706,14.893,14.425,14.762,2909,0
VTL,D,20140528,000000,14.94,14.94,14.574,14.696,724,0
VTL,D,20140529,000000,14.696,14.706,14.566,14.659,1510,0
VTL,D,20140530,000000,14.659,14.94,14.659,14.828,1612,0
VTL,D,20140602,000000,14.837,14.837,14.444,14.8,2187,0
VTL,D,20140603,000000,14.584,14.8,14.584,14.79,2623,0
VTL,D,20140604,000000,14.8,14.8,14.322,14.472,14544,0
VTL,D,20140605,000000,14.509,14.519,14.472,14.519,3304,0
VTL,D,20140606,000000,14.574,14.574,14.434,14.519,1357,0
VTL,D,20140609,000000,14.612,14.893,14.612,14.612,1068,0
VTL,D,20140610,000000,14.743,14.743,14.425,14.519,6121,0
VTL,D,20140611,000000,14.397,14.519,14.209,14.519,5065,0
VTL,D,20140612,000000,14.425,14.5,14.162,14.5,1896,0
VTL,D,20140613,000000,14.519,14.519,14.368,14.462,347,0
VTL,D,20140616,000000,14.378,14.472,14.172,14.472,2017,0
VTL,D,20140617,000000,14.472,14.519,14.2,14.519,4821,0
VTL,D,20140618,000000,14.519,14.519,14.378,14.519,3372,0
VTL,D,20140620,000000,14.425,14.509,14.425,14.509,4932,0
VTL,D,20140623,000000,14.256,14.425,14.2,14.266,655,0
VTL,D,20140624,000000,14.247,14.284,14.154,14.284,1868,0
VTL,D,20140625,000000,14.219,14.238,14.032,14.032,4943,0
VTL,D,20140626,000000,14.05,14.238,13.732,14.238,4323,0
VTL,D,20140627,000000,14.238,14.238,14.003,14.228,1559,0
VTL,D,20140630,000000,14.05,14.134,13.873,14.125,1420,0
VTL,D,20140701,000000,13.722,13.891,13.713,13.722,6628,0
VTL,D,20140702,000000,13.769,13.769,13.207,13.516,6793,0
VTL,D,20140703,000000,13.188,13.751,13.123,13.366,5391,0
VTL,D,20140704,000000,13.207,13.347,13.123,13.18,3581,0
VTL,D,20140707,000000,13.133,13.301,13.123,13.301,1120,0
VTL,D,20140708,000000,13.301,13.488,13.301,13.301,3916,0
VTL,D,20140709,000000,13.31,13.31,13.019,13.113,1870,0
VTL,D,20140710,000000,13.019,13.019,12.636,13.019,7102,0
VTL,D,20140711,000000,13.113,13.469,12.852,12.852,2905,0
VTL,D,20140714,000000,13.141,13.16,12.879,12.879,1602,0
VTL,D,20140715,000000,12.879,13.104,12.879,13.019,837,0
VTL,D,20140716,000000,12.898,13.123,12.898,12.973,6390,0
VTL,D,20140717,000000,12.879,13.292,12.701,13.011,10680,0
VTL,D,20140718,000000,12.832,12.973,12.701,12.964,935,0
VTL,D,20140721,000000,12.964,12.964,12.654,12.683,2538,0
VTL,D,20140722,000000,12.683,13.011,12.646,13.011,6208,0
VTL,D,20140723,000000,13.582,13.582,12.926,13.011,8325,0
VTL,D,20140724,000000,12.936,12.936,12.646,12.692,14544,0
VTL,D,20140725,000000,12.646,12.646,12.402,12.458,3748,0
VTL,D,20140728,000000,12.298,12.43,12.018,12.345,6152,0
VTL,D,20140729,000000,12.411,12.552,12.177,12.365,9227,0
VTL,D,20140730,000000,12.42,12.42,11.999,12.177,7384,0
VTL,D,20140731,000000,12.243,12.365,12.13,12.365,6579,0
VTL,D,20140801,000000,12.365,12.73,12.177,12.73,6121,0
VTL,D,20140804,000000,12.926,12.964,12.832,12.832,717,0
VTL,D,20140805,000000,12.767,12.767,12.224,12.289,6144,0
VTL,D,20140806,000000,12.289,12.477,12.065,12.365,3711,0
VTL,D,20140807,000000,12.373,12.373,12.055,12.214,5873,0
VTL,D,20140808,000000,12.092,12.092,11.896,12.083,12166,0
VTL,D,20140811,000000,12.326,12.326,12.326,12.326,122,0
VTL,D,20140812,000000,12.167,12.411,12.167,12.411,158999,0
VTL,D,20140813,000000,12.458,12.739,12.411,12.739,1281,0
VTL,D,20140814,000000,12.73,13.113,12.73,13.095,4860,0
VTL,D,20140818,000000,12.852,12.852,12.654,12.72,3772,0
VTL,D,20140819,000000,12.795,13.113,12.795,13.113,6597,0
VTL,D,20140820,000000,13.292,13.394,13.188,13.188,1803,0
VTL,D,20140821,000000,13.479,13.488,13.479,13.488,1544,0
VTL,D,20140822,000000,13.573,13.582,13.488,13.582,1290,0
VTL,D,20140825,000000,13.582,13.91,13.582,13.881,9404,0
VTL,D,20140826,000000,13.985,14.05,13.985,14.05,4244,0
VTL,D,20140827,000000,13.956,14.05,13.873,14.04,2392,0
VTL,D,20140828,000000,14.603,14.603,13.16,14.05,12980,0
VTL,D,20140829,000000,14.05,14.097,13.751,14.05,3257,0
VTL,D,20140901,000000,13.694,13.769,13.273,13.432,6871,0
VTL,D,20140902,000000,13.432,13.432,13.113,13.198,8361,0
VTL,D,20140903,000000,13.254,13.394,13.019,13.301,125033,0
VTL,D,20140904,000000,13.394,13.91,13.394,13.91,3202,0
VTL,D,20140905,000000,13.91,13.956,13.591,13.947,5110,0
VTL,D,20140908,000000,13.779,13.956,13.779,13.938,1723,0
VTL,D,20140909,000000,13.938,13.994,13.769,13.994,2557,0
VTL,D,20140910,000000,13.675,13.994,13.675,13.994,1569,0
VTL,D,20140911,000000,13.975,13.975,13.694,13.947,3001,0
VTL,D,20140912,000000,13.741,13.854,13.535,13.844,3748,0
VTL,D,20140915,000000,13.863,13.956,13.844,13.947,4143,0
VTL,D,20140916,000000,13.947,13.947,13.694,13.741,3571,0
VTL,D,20140917,000000,13.713,13.938,13.675,13.938,3858,0
VTL,D,20140918,000000,13.788,13.788,13.769,13.769,817,0
VTL,D,20140919,000000,13.76,13.769,13.675,13.769,7218,0
VTL,D,20140922,000000,13.863,13.863,13.657,13.807,2194,0
VTL,D,20140923,000000,13.769,13.816,13.732,13.816,747,0
VTL,D,20140924,000000,13.834,13.844,13.834,13.844,1394,0
VTL,D,20140925,000000,13.6,13.807,13.535,13.582,4822,0
VTL,D,20140926,000000,13.582,13.6,13.413,13.498,919,0
VTL,D,20140929,000000,13.807,13.807,13.207,13.376,3398,0
VTL,D,20140930,000000,13.404,13.582,13.394,13.582,1251,0
VTL,D,20141001,000000,13.31,13.394,13.282,13.292,3128,0
VTL,D,20141002,000000,13.292,13.301,13.113,13.133,5904,0
VTL,D,20141003,000000,13.113,13.273,13.113,13.133,3179,0
VTL,D,20141006,000000,13.019,13.329,13.019,13.113,2358,0
VTL,D,20141007,000000,13.113,13.113,13.113,13.113,47,0
VTL,D,20141008,000000,13.16,13.16,12.785,12.926,1884,0
VTL,D,20141009,000000,12.814,13.198,12.814,13.095,1259,0
VTL,D,20141010,000000,12.842,12.898,12.552,12.889,1210,0
VTL,D,20141013,000000,12.87,12.926,12.87,12.926,640,0
VTL,D,20141014,000000,12.926,12.926,12.739,12.907,535,0
VTL,D,20141016,000000,12.917,12.926,12.636,12.917,3103,0
VTL,D,20141017,000000,12.917,12.917,12.823,12.832,1724,0
VTL,D,20141020,000000,12.832,12.86,12.57,12.832,5395,0
VTL,D,20141021,000000,12.823,12.823,12.692,12.805,835,0
VTL,D,20141022,000000,12.842,12.87,12.692,12.692,5329,0
VTL,D,20141023,000000,12.692,12.795,12.636,12.646,786,0
VTL,D,20141024,000000,12.683,12.683,12.552,12.646,4117,0
VTL,D,20141027,000000,12.561,12.795,12.514,12.795,1096,0
VTL,D,20141028,000000,12.795,13.123,12.646,12.73,2888,0
VTL,D,20141029,000000,12.664,13.029,12.599,13.029,1681,0
VTL,D,20141030,000000,12.673,12.739,12.673,12.701,815,0
VTL,D,20141031,000000,12.739,12.739,12.608,12.739,2001,0
VTL,D,20141103,000000,12.814,12.814,12.599,12.646,2773,0
VTL,D,20141104,000000,12.646,12.926,12.542,12.739,6540,0
VTL,D,20141105,000000,12.739,12.739,12.617,12.617,1115,0
VTL,D,20141106,000000,12.42,12.57,12.196,12.57,2567,0
VTL,D,20141107,000000,12.57,12.73,12.561,12.73,2407,0
VTL,D,20141110,000000,12.251,12.636,12.251,12.458,629,0
VTL,D,20141112,000000,12.439,12.608,12.271,12.448,3672,0
VTL,D,20141113,000000,12.411,12.411,12.365,12.411,311,0
VTL,D,20141114,000000,12.233,12.365,12.224,12.28,3143,0
VTL,D,20141117,000000,11.99,12.149,11.643,11.943,6018,0
VTL,D,20141118,000000,11.99,11.99,11.297,11.428,16852,0
VTL,D,20141119,000000,11.428,11.428,11.165,11.24,8412,0
VTL,D,20141120,000000,11.418,11.521,11.193,11.24,9875,0
VTL,D,20141121,000000,11.24,11.334,10.959,11.24,14943,0
VTL,D,20141124,000000,11.1,11.24,11.1,11.193,3904,0
VTL,D,20141125,000000,11.23,11.23,10.959,11.193,2363,0
VTL,D,20141126,000000,11.053,11.24,11.006,11.24,2393,0
VTL,D,20141127,000000,11.25,11.334,11.053,11.109,13963,0
VTL,D,20141128,000000,11.109,11.109,10.818,10.95,26414,0
VTL,D,20141201,000000,10.875,10.884,10.678,10.79,15897,0
VTL,D,20141202,000000,10.79,10.79,10.397,10.725,13413,0
VTL,D,20141203,000000,11.24,11.24,10.678,10.772,80347,0
VTL,D,20141204,000000,10.959,10.959,10.331,10.482,25342,0
VTL,D,20141205,000000,10.482,10.482,9.742,9.836,70120,0
VTL,D,20141208,000000,9.882,10.191,9.573,9.836,15792,0
VTL,D,20141209,000000,9.882,9.882,9.2823,9.508,38543,0
VTL,D,20141210,000000,9.3571,9.4607,9.2267,9.3571,10977,0
VTL,D,20141211,000000,9.555,9.732,9.0671,9.3015,13160,0
VTL,D,20141212,000000,9.1797,9.3571,8.9546,9.3389,17078,0
VTL,D,20141215,000000,9.3667,9.779,9.3571,9.3571,6875,0
VTL,D,20141216,000000,9.695,9.695,8.8985,9.2727,16989,0
VTL,D,20141217,000000,9.2727,9.582,9.1797,9.2727,1919,0
VTL,D,20141218,000000,9.779,9.779,9.0858,9.3101,11944,0
VTL,D,20141219,000000,9.3015,9.3015,8.8985,9.1797,16832,0
VTL,D,20141222,000000,9.1797,9.1797,8.7205,8.8798,13316,0
VTL,D,20141223,000000,8.8704,8.8704,8.0368,8.2053,70261,0
VTL,D,20141229,000000,7.9712,8.5332,7.5402,8.299,21764,0
VTL,D,20141230,000000,8.3365,8.3365,7.8212,8.1022,17328,0
VTL,D,20150102,000000,8.3459,8.5425,8.1491,8.2053,3377,0
VTL,D,20150105,000000,8.2522,8.2522,7.9993,8.2334,14326,0
VTL,D,20150107,000000,8.1491,8.3271,8.0555,8.3271,5258,0
VTL,D,20150108,000000,8.3645,8.7954,8.3645,8.7392,7064,0
VTL,D,20150109,000000,8.7861,9.2641,8.7861,8.9921,11000,0
VTL,D,20150112,000000,9.2449,9.2449,9.2171,9.2171,676,0
VTL,D,20150113,000000,9.1702,9.3293,9.039,9.3293,3079,0
VTL,D,20150114,000000,9.648,9.648,8.9921,9.2267,4946,0
VTL,D,20150115,000000,9.2727,9.2919,8.9079,9.1606,6013,0
VTL,D,20150116,000000,9.1606,9.1606,8.7111,8.8985,9177,0
VTL,D,20150119,000000,8.9453,8.9453,8.6175,8.9453,3756,0
VTL,D,20150120,000000,8.8048,8.8048,8.018,8.6643,18637,0
VTL,D,20150121,000000,8.7954,8.7954,8.2428,8.5707,5687,0
VTL,D,20150122,000000,8.6643,8.6924,8.196,8.6549,5494,0
VTL,D,20150123,000000,8.6549,8.9827,8.4863,8.9827,5821,0
VTL,D,20150126,000000,8.7111,9.1328,8.7111,8.9921,3212,0
VTL,D,20150127,000000,9.1046,9.1046,8.8142,8.9921,21511,0
VTL,D,20150128,000000,8.9921,8.9921,8.8517,8.964,2321,0
VTL,D,20150129,000000,8.9827,8.9827,8.8048,8.9265,1484,0
VTL,D,20150130,000000,8.9827,8.9827,8.6362,8.8329,8023,0
VTL,D,20150202,000000,8.9827,9.732,8.9827,9.508,28718,0
VTL,D,20150203,000000,9.535,9.535,9.4607,9.508,3359,0
VTL,D,20150204,000000,9.545,9.573,9.4607,9.555,7245,0
VTL,D,20150205,000000,9.555,9.555,9.4702,9.508,1239,0
VTL,D,20150206,000000,9.508,9.508,9.1797,9.4885,24708,0
VTL,D,20150209,000000,9.3859,9.4885,9.3197,9.3763,3147,0
VTL,D,20150210,000000,9.3015,9.3859,9.1797,9.2076,3747,0
VTL,D,20150211,000000,9.2727,9.3763,9.2727,9.3667,2133,0
VTL,D,20150212,000000,9.3485,9.3485,9.1884,9.3485,1001,0
VTL,D,20150213,000000,9.4607,9.4607,9.3667,9.4328,842,0
VTL,D,20150216,000000,9.4328,9.4328,9.2727,9.4137,958,0
VTL,D,20150217,000000,9.3197,9.3667,9.3015,9.3667,1483,0
VTL,D,20150218,000000,9.3667,9.3667,9.2727,9.3485,609,0
VTL,D,20150219,000000,9.3571,9.4233,9.2727,9.4041,3031,0
VTL,D,20150220,000000,9.3945,9.3945,9.2727,9.2919,1728,0
VTL,D,20150223,000000,9.498,9.638,9.4328,9.601,1172,0
VTL,D,20150224,000000,9.601,9.836,9.508,9.836,11294,0
VTL,D,20150225,000000,10.069,10.248,10.069,10.209,23118,0
VTL,D,20150226,000000,10.256,10.678,9.975,10.584,13591,0
VTL,D,20150227,000000,10.323,10.725,10.323,10.584,8658,0
VTL,D,20150302,000000,10.678,10.678,10.378,10.444,4386,0
VTL,D,20150303,000000,10.491,10.491,9.742,10.209,9759,0
VTL,D,20150304,000000,10.116,10.285,9.929,10.285,3490,0
VTL,D,20150305,000000,10.285,10.285,9.929,10.201,13720,0
VTL,D,20150306,000000,10.209,10.209,9.873,10.022,11564,0
VTL,D,20150309,000000,9.929,10.097,9.816,10.022,17135,0
VTL,D,20150310,000000,10.209,10.276,10.003,10.022,9036,0
VTL,D,20150311,000000,10.107,10.107,9.975,10.097,3566,0
VTL,D,20150312,000000,10.116,10.116,9.854,10.069,10837,0
VTL,D,20150313,000000,10.116,10.116,9.882,10.013,5739,0
VTL,D,20150316,000000,10.116,10.116,9.854,10.013,9728,0
VTL,D,20150317,000000,9.873,10.013,9.76,9.836,3621,0
VTL,D,20150318,000000,9.929,9.929,9.555,9.695,5747,0
VTL,D,20150319,000000,9.695,9.695,9.4328,9.667,4713,0
VTL,D,20150320,000000,9.685,9.695,9.4789,9.555,6136,0
VTL,D,20150323,000000,9.582,9.966,9.582,9.836,12748,0
VTL,D,20150324,000000,9.836,10.116,9.742,10.097,20035,0
VTL,D,20150325,000000,10.116,10.154,9.929,10.097,7687,0
VTL,D,20150326,000000,10.125,10.125,9.844,10.042,2242,0
VTL,D,20150327,000000,10.032,10.032,9.929,9.929,1612,0
VTL,D,20150330,000000,10.097,10.116,9.854,10.116,24811,0
VTL,D,20150331,000000,10.116,10.641,10.116,10.35,42509,0
VTL,D,20150401,000000,10.444,10.659,10.444,10.472,21607,0
VTL,D,20150402,000000,10.566,10.566,10.472,10.491,16057,0
VTL,D,20150407,000000,10.678,10.772,10.425,10.463,12601,0
VTL,D,20150408,000000,10.584,10.584,10.303,10.491,8413,0
VTL,D,20150409,000000,10.125,10.5,10.069,10.5,11954,0
VTL,D,20150410,000000,10.529,10.529,10.256,10.36,2337,0
VTL,D,20150413,000000,10.472,10.491,10.444,10.491,15015,0
VTL,D,20150414,000000,10.444,11.09,10.331,10.772,38621,0
VTL,D,20150415,000000,10.959,11.24,10.772,11.23,40458,0
VTL,D,20150416,000000,11.268,11.615,11.268,11.493,24293,0
VTL,D,20150417,000000,11.521,11.615,11.493,11.558,39138,0
VTL,D,20150420,000000,11.596,11.596,11.474,11.521,13048,0
VTL,D,20150421,000000,11.521,11.55,11.493,11.493,15151,0
VTL,D,20150422,000000,11.418,11.886,11.399,11.811,64446,0
VTL,D,20150423,000000,11.784,11.961,11.605,11.727,10566,0
VTL,D,20150424,000000,11.558,11.886,11.558,11.886,6075,0
VTL,D,20150427,000000,11.886,12.318,11.878,12.271,18540,0
VTL,D,20150428,000000,12.365,12.636,12.365,12.458,92245,0
VTL,D,20150429,000000,12.458,12.542,12.271,12.402,20368,0
VTL,D,20150430,000000,12.402,12.542,12.271,12.524,3144,0
VTL,D,20150504,000000,12.542,12.57,12.411,12.505,6503,0
VTL,D,20150505,000000,12.608,12.646,12.477,12.524,10388,0
VTL,D,20150506,000000,12.505,12.505,12.458,12.458,2069,0
VTL,D,20150507,000000,12.458,12.458,12.271,12.458,13117,0
VTL,D,20150508,000000,12.505,12.505,12.271,12.458,13146,0
VTL,D,20150511,000000,12.561,12.599,12.458,12.552,1915,0
VTL,D,20150512,000000,12.467,12.917,12.365,12.917,29036,0
VTL,D,20150513,000000,12.646,12.973,12.646,12.973,10252,0
VTL,D,20150514,000000,12.973,12.973,12.646,12.926,6182,0
VTL,D,20150515,000000,12.926,12.926,12.646,12.664,4718,0
VTL,D,20150518,000000,12.646,12.973,12.646,12.917,4743,0
VTL,D,20150519,000000,12.954,12.954,12.318,12.542,9986,0
VTL,D,20150520,000000,12.411,12.411,11.315,11.755,49757,0
VTL,D,20150521,000000,11.671,11.915,11.671,11.849,4735,0
VTL,D,20150522,000000,11.961,11.961,11.933,11.933,1289,0
VTL,D,20150525,000000,12.037,12.271,11.802,12.177,4484,0
VTL,D,20150526,000000,12.251,12.251,11.961,12.243,1278,0
VTL,D,20150527,000000,11.943,12.177,11.943,12.13,2384,0
VTL,D,20150528,000000,12.074,12.251,11.99,12.224,10344,0
VTL,D,20150529,000000,12.177,12.271,12.083,12.271,5976,0
VTL,D,20150601,000000,12.289,12.289,12.083,12.271,984,0
VTL,D,20150603,000000,12.177,12.505,12.092,12.505,10378,0
VTL,D,20150605,000000,12.505,12.505,12.365,12.505,3131,0
VTL,D,20150608,000000,12.458,12.458,12.083,12.411,17143,0
VTL,D,20150609,000000,12.365,12.458,12.158,12.318,5714,0
VTL,D,20150610,000000,12.318,12.365,12.083,12.196,180757,0
VTL,D,20150611,000000,12.177,12.177,11.831,12.121,9297,0
VTL,D,20150612,000000,12.261,12.261,12.243,12.243,1750,0
VTL,D,20150615,000000,12.243,12.243,12.243,12.243,106,0
VTL,D,20150616,000000,12.365,12.365,12.271,12.355,13890,0
VTL,D,20150617,000000,12.411,12.411,11.961,12.177,1419,0
VTL,D,20150618,000000,12.177,12.177,11.849,12.177,3444,0
VTL,D,20150619,000000,12.271,12.271,12.177,12.177,2282,0
VTL,D,20150622,000000,12.158,12.318,12.158,12.289,1603,0
VTL,D,20150623,000000,12.308,12.308,11.896,12.177,865,0
VTL,D,20150624,000000,11.915,12.167,11.915,12.167,1861,0
VTL,D,20150625,000000,12.167,12.177,11.802,12.177,1955,0
VTL,D,20150626,000000,12.177,12.177,11.896,11.98,1709,0
VTL,D,20150629,000000,11.802,11.802,11.381,11.709,5068,0
VTL,D,20150630,000000,11.324,11.709,11.324,11.615,2554,0
VTL,D,20150701,000000,11.521,11.605,11.428,11.605,1874,0
VTL,D,20150702,000000,11.474,11.605,11.334,11.596,2464,0
VTL,D,20150703,000000,11.344,11.587,10.772,11.578,3308,0
VTL,D,20150706,000000,11.568,11.568,11.137,11.511,4388,0
VTL,D,20150707,000000,11.521,11.521,11.334,11.511,1691,0
VTL,D,20150708,000000,11.511,11.511,11.24,11.409,3588,0
VTL,D,20150709,000000,11.521,11.521,10.969,11.24,1459,0
VTL,D,20150710,000000,11.511,11.511,11.493,11.503,1177,0
VTL,D,20150713,000000,11.428,11.428,11.428,11.428,53,0
VTL,D,20150714,000000,11.277,11.896,11.24,11.615,6535,0
VTL,D,20150715,000000,11.896,12.074,11.709,11.99,7783,0
VTL,D,20150716,000000,12.224,12.336,11.896,12.167,10826,0
VTL,D,20150717,000000,11.915,12.289,11.878,12.214,7467,0
VTL,D,20150720,000000,12.224,12.224,11.999,12.205,1394,0
VTL,D,20150721,000000,12.214,12.214,11.99,12.167,23432,0
VTL,D,20150722,000000,12.037,12.149,11.99,12.149,1290,0
VTL,D,20150723,000000,12.149,12.318,11.99,12.261,2715,0
VTL,D,20150724,000000,12.28,12.383,12.177,12.318,3063,0
VTL,D,20150727,000000,12.355,12.355,12.233,12.308,845,0
VTL,D,20150728,000000,12.308,12.42,12.224,12.224,8456,0
VTL,D,20150729,000000,12.463,12.463,12.463,12.463,2597,0
VTL,D,20150730,000000,12.281,12.454,12.272,12.454,2792,0
VTL,D,20150731,000000,12.435,12.463,12.272,12.463,1517,0
VTL,D,20150803,000000,12.463,12.463,12.224,12.224,2226,0
VTL,D,20150804,000000,12.444,12.454,11.543,12.367,8059,0
VTL,D,20150805,000000,11.61,12.367,11.61,12.367,969,0
VTL,D,20150806,000000,12.367,12.367,11.994,12.348,769,0
VTL,D,20150807,000000,12.348,12.348,12.089,12.272,253,0
VTL,D,20150810,000000,12.348,12.348,12.348,12.348,2,0
VTL,D,20150811,000000,12.051,12.272,12.032,12.262,1084,0
VTL,D,20150812,000000,12.262,12.262,12.262,12.262,83,0
VTL,D,20150813,000000,12.339,12.339,12.339,12.339,10,0
VTL,D,20150814,000000,12.3,12.339,12.272,12.329,408,0
VTL,D,20150817,000000,12.272,12.272,12.003,12.272,2739,0
VTL,D,20150818,000000,12.003,12.003,11.879,11.965,2239,0
VTL,D,20150819,000000,11.965,11.984,11.926,11.984,376,0
VTL,D,20150820,000000,12.051,12.061,12.051,12.061,246,0
VTL,D,20150821,000000,12.051,12.051,11.744,11.984,532,0
VTL,D,20150824,000000,11.744,11.744,10.067,11.064,15736,0
VTL,D,20150825,000000,10.977,11.476,10.786,10.843,5909,0
VTL,D,20150826,000000,11.073,11.073,11.025,11.025,200,0
VTL,D,20150827,000000,11.025,11.217,10.067,10.162,15922,0
VTL,D,20150828,000000,10.556,10.881,9.587,9.587,18411,0
VTL,D,20150831,000000,10.546,11.351,10.383,11.121,35847,0
VTL,D,20150901,000000,11.351,11.351,10.977,11.217,7725,0
VTL,D,20150902,000000,11.217,11.217,11.121,11.207,3492,0
VTL,D,20150903,000000,11.351,11.879,11.303,11.879,8926,0
VTL,D,20150904,000000,11.879,11.955,11.505,11.696,2563,0
VTL,D,20150907,000000,11.936,11.936,11.409,11.716,2004,0
VTL,D,20150908,000000,11.773,11.773,11.505,11.763,1037,0
VTL,D,20150909,000000,11.505,11.668,11.505,11.658,1735,0
VTL,D,20150910,000000,11.601,11.601,11.524,11.553,906,0
VTL,D,20150911,000000,11.505,11.505,11.361,11.495,356,0
VTL,D,20150914,000000,11.495,11.495,11.284,11.294,2554,0
VTL,D,20150915,000000,11.294,11.294,11.207,11.207,853,0
VTL,D,20150916,000000,11.284,11.284,10.881,11.284,1361,0
VTL,D,20150917,000000,11.284,11.38,11.265,11.265,1953,0
VTL,D,20150918,000000,11.284,11.553,11.121,11.553,2116,0
VTL,D,20150921,000000,11.591,11.591,10.786,11.313,3309,0
VTL,D,20150922,000000,11.399,11.438,11.313,11.399,1866,0
VTL,D,20150923,000000,11.39,11.39,11.217,11.37,1672,0
VTL,D,20150924,000000,11.438,11.438,10.891,11.188,4246,0
VTL,D,20150925,000000,11.207,11.207,10.661,10.661,3883,0
VTL,D,20150928,000000,10.69,10.69,9.789,9.875,45471,0
VTL,D,20150929,000000,9.942,10.067,9.865,9.942,8262,0
VTL,D,20150930,000000,10.335,10.536,10.258,10.536,2484,0
VTL,D,20151001,000000,10.642,10.642,10.498,10.498,1191,0
VTL,D,20151002,000000,10.373,10.546,10.162,10.546,5683,0
VTL,D,20151005,000000,10.575,10.575,10.575,10.575,209,0
VTL,D,20151006,000000,10.546,10.623,10.45,10.623,1428,0
VTL,D,20151007,000000,10.469,10.623,10.469,10.623,993,0
VTL,D,20151008,000000,10.623,10.91,10.623,10.91,4506,0
VTL,D,20151009,000000,10.987,10.987,10.556,10.795,3407,0
VTL,D,20151012,000000,11.006,11.006,10.536,10.92,877,0
VTL,D,20151013,000000,10.997,10.997,10.584,10.757,3635,0
VTL,D,20151014,000000,10.642,10.642,10.546,10.623,2045,0
VTL,D,20151015,000000,10.728,10.728,10.623,10.68,696,0
VTL,D,20151016,000000,10.584,10.987,10.584,10.958,94,0
VTL,D,20151019,000000,10.958,10.958,10.958,10.958,52,0
VTL,D,20151020,000000,10.738,11.064,10.699,11.064,2373,0
VTL,D,20151021,000000,10.747,10.939,10.69,10.834,2465,0
VTL,D,20151022,000000,10.834,10.834,10.556,10.556,2010,0
VTL,D,20151023,000000,10.546,10.92,10.546,10.738,2205,0
VTL,D,20151026,000000,10.776,10.91,10.728,10.91,3131,0
VTL,D,20151027,000000,10.891,10.891,10.891,10.891,104,0
VTL,D,20151028,000000,10.901,10.901,10.699,10.795,774,0
VTL,D,20151029,000000,10.901,10.901,10.891,10.891,3,0
VTL,D,20151030,000000,10.834,10.834,10.613,10.814,226,0
VTL,D,20151102,000000,10.776,10.786,10.661,10.786,1343,0
VTL,D,20151103,000000,10.786,10.786,10.162,10.623,2952,0
VTL,D,20151104,000000,10.354,10.594,10.162,10.258,5127,0
VTL,D,20151105,000000,10.536,10.536,10.306,10.488,392,0
VTL,D,20151106,000000,10.316,10.517,9.952,10.354,4285,0
VTL,D,20151109,000000,10.105,10.114,9.587,9.741,10557,0
VTL,D,20151110,000000,10.114,10.114,9.827,10.067,524,0
VTL,D,20151112,000000,10.067,10.067,9.98,9.98,746,0
VTL,D,20151113,000000,10.114,10.354,9.597,9.779,4970,0
VTL,D,20151116,000000,9.587,9.779,8.9544,9.779,11794,0
VTL,D,20151117,000000,9.779,9.961,9.587,9.779,4559,0
VTL,D,20151118,000000,9.942,9.942,9.683,9.827,3461,0
VTL,D,20151119,000000,9.779,9.779,9.4434,9.597,5909,0
VTL,D,20151120,000000,9.683,9.683,9.4913,9.673,23075,0
VTL,D,20151123,000000,9.597,9.673,9.1654,9.587,6368,0
VTL,D,20151124,000000,9.2996,9.654,9.2996,9.4913,17800,0
VTL,D,20151125,000000,9.587,9.587,9.29,9.4913,1960,0
VTL,D,20151126,000000,9.683,9.779,9.587,9.779,3885,0
VTL,D,20151127,000000,9.779,10.009,9.779,9.999,902,0
VTL,D,20151130,000000,9.971,9.999,9.827,9.999,2043,0
VTL,D,20151201,000000,9.875,9.99,9.693,9.98,1190,0
VTL,D,20151202,000000,9.635,9.961,9.558,9.932,4921,0
VTL,D,20151203,000000,9.923,9.932,9.865,9.875,1128,0
VTL,D,20151204,000000,9.606,9.875,9.4146,9.875,5154,0
VTL,D,20151207,000000,9.664,9.779,9.587,9.779,2183,0
VTL,D,20151208,000000,9.587,9.587,9.4434,9.568,2299,0
VTL,D,20151209,000000,9.779,9.779,9.3955,9.76,631,0
VTL,D,20151210,000000,9.587,9.683,9.3092,9.578,3626,0
VTL,D,20151211,000000,9.578,9.578,8.8011,9.578,5065,0
VTL,D,20151214,000000,9.3475,9.4434,8.7915,9.4434,8565,0
VTL,D,20151215,000000,9.587,9.587,8.9736,9.53,2239,0
VTL,D,20151216,000000,9.4817,9.539,9.0695,9.53,1013,0
VTL,D,20151217,000000,9.53,9.635,9.53,9.587,5695,0
VTL,D,20151218,000000,9.626,9.635,9.4913,9.587,18497,0
VTL,D,20151221,000000,9.587,9.587,9.3955,9.578,4637,0
VTL,D,20151222,000000,9.587,9.587,9.4913,9.568,1232,0
VTL,D,20151223,000000,9.3955,9.635,9.2996,9.4913,5715,0
VTL,D,20151228,000000,9.3955,9.4913,8.9161,9.3955,11096,0
VTL,D,20151229,000000,8.9257,9.3955,8.9257,9.2708,2344,0
VTL,D,20151230,000000,9.2708,9.2708,9.2612,9.2612,1670,0
VTL,D,20160104,000000,8.8394,9.4913,8.8394,9.3379,2214,0
VTL,D,20160105,000000,9.3379,9.3379,9.3283,9.3379,442,0
VTL,D,20160107,000000,8.9161,9.3379,8.9161,9.2037,610,0
VTL,D,20160108,000000,9.3188,9.3188,8.9544,9.2996,1615,0
VTL,D,20160111,000000,9.3188,9.3188,8.9161,8.9832,4581,0
VTL,D,20160112,000000,8.9832,9.0983,8.9832,8.9832,2369,0
VTL,D,20160113,000000,9.3092,9.3092,9.012,9.0599,4604,0
VTL,D,20160114,000000,9.012,9.012,8.6285,8.7915,3313,0
VTL,D,20160115,000000,8.7915,8.8106,8.7915,8.8011,1176,0
VTL,D,20160118,000000,8.9928,8.9928,8.4847,8.8969,1424,0
VTL,D,20160119,000000,8.4847,8.7244,8.4847,8.523,4687,0
VTL,D,20160120,000000,8.3888,8.4367,7.7848,8.4272,4896,0
VTL,D,20160121,000000,8.0053,8.2833,7.8615,8.0437,18511,0
VTL,D,20160122,000000,8.0533,8.0533,7.8615,8.0245,3579,0
VTL,D,20160125,000000,8.0341,8.0533,7.8136,8.0437,4896,0
VTL,D,20160126,000000,7.8615,8.0149,7.8519,7.9766,2664,0
VTL,D,20160127,000000,7.9957,7.9957,7.8136,7.9574,829,0
VTL,D,20160128,000000,7.6698,7.967,7.6027,7.7656,2809,0
VTL,D,20160129,000000,7.7656,8.0341,7.6698,7.7656,4498,0
VTL,D,20160201,000000,8.0053,8.0053,7.3821,7.6698,10572,0
VTL,D,20160202,000000,7.8423,7.8423,7.6698,7.6698,4436,0
VTL,D,20160203,000000,7.6698,7.6698,7.5547,7.6698,5316,0
VTL,D,20160204,000000,7.6698,7.8519,7.6698,7.6698,13030,0
VTL,D,20160205,000000,7.6698,7.6698,7.6506,7.6698,11399,0
VTL,D,20160208,000000,7.8519,7.8519,7.4013,7.6506,6801,0
VTL,D,20160209,000000,7.756,7.756,7.6698,7.756,486,0
VTL,D,20160210,000000,7.7081,7.7081,7.6698,7.6698,381,0
VTL,D,20160211,000000,7.6698,7.6698,7.5643,7.5739,6524,0
VTL,D,20160212,000000,7.6602,7.6602,7.478,7.5835,11590,0
VTL,D,20160215,000000,7.5931,7.6602,7.5547,7.6602,29318,0
VTL,D,20160216,000000,7.6602,7.7273,7.5739,7.7273,10236,0
VTL,D,20160217,000000,7.7273,7.7273,7.6602,7.7273,7070,0
VTL,D,20160218,000000,7.7273,7.7273,7.5931,7.6314,9170,0
VTL,D,20160219,000000,7.7273,7.9478,7.6602,7.9478,3775,0
VTL,D,20160222,000000,7.9478,8.3121,7.7656,8.2258,14600,0
VTL,D,20160223,000000,8.3217,8.5134,8.245,8.2833,17150,0
VTL,D,20160224,000000,8.3313,8.4272,8.3313,8.3505,4873,0
VTL,D,20160225,000000,8.4272,8.5326,8.3505,8.5326,14464,0
VTL,D,20160226,000000,8.5422,8.8682,8.5422,8.8106,10391,0
VTL,D,20160229,000000,8.8682,8.8682,8.6285,8.6285,12578,0
VTL,D,20160301,000000,8.6285,8.7723,8.5901,8.5901,4442,0
VTL,D,20160302,000000,8.7148,8.7531,8.5326,8.7435,5930,0
VTL,D,20160303,000000,8.8394,8.8394,8.5038,8.5518,10590,0
VTL,D,20160304,000000,8.6668,8.6668,8.5038,8.6093,5065,0
VTL,D,20160307,000000,8.6668,8.6668,8.523,8.6093,2411,0
VTL,D,20160308,000000,8.6572,8.6572,8.5997,8.5997,1450,0
VTL,D,20160309,000000,8.6285,8.6285,8.5326,8.6189,509,0
VTL,D,20160310,000000,8.6189,8.6189,8.4943,8.6093,2451,0
VTL,D,20160311,000000,8.6189,8.6189,8.5038,8.5901,4296,0
VTL,D,20160314,000000,8.6189,8.8106,8.5901,8.7244,5315,0
VTL,D,20160315,000000,8.8106,8.8106,8.6285,8.7339,18092,0
VTL,D,20160316,000000,8.7435,8.8202,8.7435,8.8106,2929,0
VTL,D,20160317,000000,8.8873,8.8873,8.7244,8.8586,3182,0
VTL,D,20160318,000000,8.8873,9.4434,8.8586,9.3571,10314,0
VTL,D,20160321,000000,9.3667,9.4913,9.2996,9.2996,9663,0
VTL,D,20160322,000000,9.3379,9.3475,9.2037,9.3092,3292,0
VTL,D,20160323,000000,9.3092,9.3092,8.8778,8.964,15337,0
VTL,D,20160324,000000,8.964,9.1366,8.686,9.1366,10630,0
VTL,D,20160329,000000,9.1366,9.1366,8.7723,9.0599,3303,0
VTL,D,20160330,000000,9.0599,9.2804,9.0503,9.2804,5674,0
VTL,D,20160331,000000,9.2708,9.2996,8.9257,9.2996,1898,0
VTL,D,20160401,000000,9.2996,9.664,9.2996,9.587,6970,0
VTL,D,20160404,000000,9.683,9.75,9.587,9.731,3764,0
VTL,D,20160405,000000,9.731,9.779,9.683,9.769,11569,0
VTL,D,20160406,000000,9.76,9.942,9.731,9.942,3400,0
VTL,D,20160407,000000,10.45,10.45,9.894,10.21,8562,0
VTL,D,20160408,000000,10.239,10.239,9.865,9.875,1061,0
VTL,D,20160411,000000,9.769,10.009,9.693,10.009,1055,0
VTL,D,20160412,000000,9.884,10.143,9.884,10.143,3203,0
VTL,D,20160413,000000,10.143,10.182,10.009,10.019,5354,0
VTL,D,20160414,000000,10.124,10.124,9.779,10.047,115,0
VTL,D,20160415,000000,10.086,10.086,9.875,9.875,833,0
VTL,D,20160418,000000,9.961,9.961,9.961,9.961,73,0
VTL,D,20160419,000000,9.961,10.019,9.673,10.019,5267,0
VTL,D,20160420,000000,10.019,10.114,9.971,10.114,4207,0
VTL,D,20160421,000000,10.114,10.114,9.836,9.836,4742,0
VTL,D,20160422,000000,9.971,9.971,9.952,9.952,334,0
VTL,D,20160425,000000,9.942,9.942,9.4913,9.616,3897,0
VTL,D,20160426,000000,9.741,9.741,9.4722,9.587,3593,0
VTL,D,20160427,000000,9.587,9.587,9.4913,9.4913,500,0
VTL,D,20160428,000000,9.578,9.683,9.53,9.53,3080,0
VTL,D,20160429,000000,9.673,9.673,9.587,9.664,1584,0
VTL,D,20160502,000000,9.654,9.664,9.654,9.664,42,0
VTL,D,20160504,000000,9.578,9.664,9.2229,9.645,2464,0
VTL,D,20160505,000000,9.645,9.645,9.645,9.645,2,0
VTL,D,20160506,000000,9.4913,9.635,9.3283,9.587,1240,0
VTL,D,20160509,000000,9.635,9.635,9.3283,9.587,580,0
VTL,D,20160510,000000,9.587,9.635,9.3475,9.587,2027,0
VTL,D,20160511,000000,9.606,9.606,9.3475,9.587,117,0
VTL,D,20160512,000000,9.606,9.606,9.4434,9.587,255,0
VTL,D,20160513,000000,9.606,9.606,9.587,9.606,1024,0
VTL,D,20160516,000000,9.606,9.606,9.539,9.597,2211,0
VTL,D,20160517,000000,9.597,9.875,9.2612,9.597,17047,0
VTL,D,20160518,000000,9.673,9.673,9.3092,9.587,1591,0
VTL,D,20160519,000000,9.587,9.587,9.3188,9.578,637,0
VTL,D,20160520,000000,9.578,9.578,9.3859,9.4913,1977,0
VTL,D,20160523,000000,9.405,9.4913,9.405,9.4913,680,0
VTL,D,20160524,000000,9.4722,9.654,9.3955,9.635,2605,0
VTL,D,20160525,000000,9.635,9.635,9.3379,9.606,3761,0
VTL,D,20160527,000000,9.635,9.635,9.4913,9.4913,195,0
VTL,D,20160530,000000,9.4913,9.4913,9.4913,9.4913,214,0
VTL,D,20160531,000000,9.4913,9.4913,9.3379,9.4913,733,0
VTL,D,20160601,000000,9.4913,9.4913,8.7339,9.2996,9288,0
VTL,D,20160602,000000,9.2996,9.2996,9.2996,9.2996,2,0
VTL,D,20160603,000000,9.0695,9.2996,9.0695,9.29,488,0
VTL,D,20160606,000000,9.29,9.29,9.1174,9.29,1184,0
VTL,D,20160607,000000,9.29,9.2996,9.1078,9.1078,3100,0
VTL,D,20160608,000000,9.3475,9.3475,9.0311,9.3475,460,0
VTL,D,20160609,000000,9.3475,9.3475,9.1462,9.3475,524,0
VTL,D,20160610,000000,9.1078,9.2325,9.1078,9.1845,752,0
VTL,D,20160613,000000,9.1174,9.175,8.9161,9.1654,1273,0
VTL,D,20160614,000000,9.0983,9.0983,8.2546,8.2546,2287,0
VTL,D,20160615,000000,8.3409,8.7627,8.3409,8.5326,4229,0
VTL,D,20160616,000000,8.7627,8.7627,8.4559,8.6477,553,0
VTL,D,20160617,000000,8.6477,8.7148,8.6093,8.6477,402,0
VTL,D,20160620,000000,8.6477,8.6477,8.2833,8.4751,4773,0
VTL,D,20160621,000000,8.6189,8.6189,8.4751,8.571,146,0
VTL,D,20160622,000000,8.6189,8.686,8.5038,8.6764,2647,0
VTL,D,20160623,000000,8.7435,8.8011,8.6285,8.8011,2509,0
VTL,D,20160624,000000,7.9286,8.6189,7.8615,8.3888,6473,0
VTL,D,20160627,000000,8.6093,8.6093,8.245,8.5326,2830,0
VTL,D,20160628,000000,8.6093,8.6093,8.5326,8.5326,162,0
VTL,D,20160629,000000,8.5518,8.6093,8.3409,8.6093,1179,0
VTL,D,20160630,000000,8.6093,8.6093,8.4367,8.6093,2706,0
VTL,D,20160701,000000,8.3409,8.6093,8.3409,8.6093,1858,0
VTL,D,20160704,000000,8.3505,8.5326,8.3505,8.5326,447,0
VTL,D,20160705,000000,8.6093,8.6093,8.6093,8.6093,1449,0
VTL,D,20160706,000000,8.6093,9.0311,8.6093,8.9065,5625,0
VTL,D,20160707,000000,8.9449,9.2804,8.9449,9.2804,3263,0
VTL,D,20160708,000000,9.2804,9.2804,8.8778,9.2708,738,0
VTL,D,20160711,000000,9.2708,9.3763,9.2708,9.3763,985,0
VTL,D,20160712,000000,9.3763,9.501,9.1078,9.3188,9815,0
VTL,D,20160713,000000,9.3859,9.3859,9.2996,9.3379,6511,0
VTL,D,20160714,000000,9.2996,9.2996,9.2517,9.29,324,0
VTL,D,20160715,000000,9.29,9.29,9.2804,9.2804,105,0
VTL,D,20160718,000000,9.28041,9.48174,9.28041,9.40505,3284,0
VTL,D,20160719,000000,9.40505,9.40505,9.29959,9.39546,1130,0
VTL,D,20160720,000000,9.45298,9.46257,9.29959,9.41463,10009,0
VTL,D,20160721,000000,9.46257,9.48174,9.34752,9.38587,559,0
VTL,D,20160722,000000,9.48174,9.48174,9.31876,9.38587,2451,0
VTL,D,20160725,000000,9.38587,9.48174,9.25165,9.40505,2831,0
VTL,D,20160726,000000,9.48174,9.48174,9.29959,9.3667,1727,0
VTL,D,20160727,000000,9.3667,9.4434,9.25165,9.29,10031,0
VTL,D,20160728,000000,9.63,9.63,9.3,9.39,1837,0
VTL,D,20160729,000000,9.25,9.39,9,9.31,1319,0
VTL,D,20160801,000000,9.49,9.49,9.3,9.3,826,0
VTL,D,20160802,000000,9.3,9.3,9.21,9.25,360,0
VTL,D,20160803,000000,9.45,9.45,9.16,9.41,507,0
VTL,D,20160804,000000,9.32,9.32,9.3,9.3,160,0
VTL,D,20160805,000000,9.3,9.3,9.16,9.28,679,0
VTL,D,20160808,000000,9.27,9.27,9.14,9.2,5669,0
VTL,D,20160809,000000,9.19,9.53,9.19,9.5,26979,0
VTL,D,20160810,000000,9.56,9.65,9.4,9.4,3373,0
VTL,D,20160811,000000,9.57,9.57,9.4,9.51,2403,0
VTL,D,20160812,000000,9.51,9.51,9.31,9.49,786,0
VTL,D,20160816,000000,9.48,9.51,9.4,9.49,1407,0
VTL,D,20160817,000000,9.41,9.46,9.25,9.35,3212,0
VTL,D,20160818,000000,9.36,9.47,9.2,9.35,1847,0
VTL,D,20160819,000000,9.2,9.35,9.01,9.02,1739,0
VTL,D,20160822,000000,9.04,9.27,9.03,9.25,3523,0
VTL,D,20160823,000000,9.25,9.25,9,9.25,3002,0
VTL,D,20160824,000000,9.24,9.24,9,9.24,2240,0
VTL,D,20160825,000000,9.24,9.24,9.01,9.24,1375,0
VTL,D,20160826,000000,9.24,9.4,9.1,9.4,4639,0
VTL,D,20160829,000000,9.39,9.39,9.11,9.38,2344,0
VTL,D,20160830,000000,9.39,9.39,9,9.39,1348,0
VTL,D,20160831,000000,9.38,9.8,9.38,9.77,27837,0
VTL,D,20160901,000000,9.79,10,9.77,9.89,15893,0
VTL,D,20160902,000000,9.92,9.92,9.6,9.84,1723,0
VTL,D,20160905,000000,9.9,9.93,9.59,9.8,6088,0
VTL,D,20160906,000000,9.8,9.8,9.59,9.76,5183,0
VTL,D,20160907,000000,9.71,9.88,9.69,9.84,5858,0
VTL,D,20160908,000000,9.87,9.87,9.7,9.84,933,0
VTL,D,20160909,000000,9.84,9.84,9.65,9.69,1460,0
VTL,D,20160912,000000,9.65,9.69,9.1,9.48,4652,0
VTL,D,20160913,000000,9.48,9.68,9.42,9.68,612,0
VTL,D,20160914,000000,9.5,9.6,9.5,9.55,1020,0
VTL,D,20160915,000000,9.55,9.67,9.55,9.67,78,0
VTL,D,20160916,000000,9.41,9.66,9.39,9.66,433,0
VTL,D,20160919,000000,9.65,9.65,9.27,9.65,2207,0
VTL,D,20160920,000000,9.58,9.6,9.32,9.6,1431,0
VTL,D,20160921,000000,9.6,9.65,9.6,9.65,49,0
VTL,D,20160922,000000,9.63,9.84,9.55,9.8,3898,0
VTL,D,20160923,000000,9.8,9.81,9.66,9.79,622,0
VTL,D,20160926,000000,9.8,9.8,9.27,9.4,1643,0
VTL,D,20160927,000000,9.62,9.62,9.27,9.4,2637,0
VTL,D,20160928,000000,9.4,9.8,9.4,9.66,5662,0
VTL,D,20160929,000000,9.65,9.66,9.33,9.65,2253,0
VTL,D,20160930,000000,9.64,9.64,9.5,9.64,301,0
VTL,D,20161003,000000,9.64,9.66,9.54,9.66,3662,0
VTL,D,20161004,000000,9.66,9.79,9.66,9.77,2928,0
VTL,D,20161005,000000,9.75,9.75,9.57,9.65,727,0
VTL,D,20161006,000000,9.65,9.75,9.6,9.75,7457,0
VTL,D,20161007,000000,9.75,9.75,9.58,9.73,202,0
VTL,D,20161010,000000,9.72,9.73,9.69,9.73,1922,0
VTL,D,20161011,000000,9.73,9.73,9.69,9.71,155,0
VTL,D,20161012,000000,9.69,9.69,9.5,9.58,2109,0
VTL,D,20161013,000000,9.52,9.58,9.5,9.58,4423,0
VTL,D,20161014,000000,9.5,9.7,9.49,9.7,3012,0
VTL,D,20161017,000000,9.44,9.7,9.44,9.6,239,0
VTL,D,20161018,000000,9.7,9.7,9.6,9.6,105,0
VTL,D,20161019,000000,9.6,9.6,9.4,9.59,2608,0
VTL,D,20161020,000000,9.59,9.59,9.3,9.59,1855,0
VTL,D,20161021,000000,9.57,9.57,9.57,9.57,1,0
VTL,D,20161024,000000,9.55,9.57,9.35,9.55,2560,0
VTL,D,20161025,000000,9.57,9.57,9.47,9.47,1505,0
VTL,D,20161026,000000,9.4,9.55,9.4,9.55,2439,0
VTL,D,20161027,000000,9.5,9.72,9.4,9.71,2608,0
VTL,D,20161028,000000,9.73,10.21,9.73,10.21,12997,0
VTL,D,20161031,000000,10.2,10.25,10,10.2,2313,0
VTL,D,20161102,000000,9.96,10.18,9.8,10.1,3473,0
VTL,D,20161103,000000,10.09,10.09,9.9,9.95,1233,0
VTL,D,20161104,000000,9.99,10.35,9.6,10.33,15420,0
VTL,D,20161107,000000,10.25,10.45,10.05,10.32,11856,0
VTL,D,20161108,000000,10.3,10.31,10.05,10.24,11071,0
VTL,D,20161109,000000,10,10.24,10,10.16,9266,0
VTL,D,20161110,000000,10.16,10.38,10.16,10.31,6170,0
VTL,D,20161114,000000,10.01,10.29,9.7,10,18763,0
VTL,D,20161115,000000,10,10.17,10,10.13,1677,0
VTL,D,20161116,000000,9.9,10.05,9.85,9.9,4091,0
VTL,D,20161117,000000,9.77,9.99,9.76,9.95,7388,0
VTL,D,20161118,000000,9.85,10,9.7,9.83,2762,0
VTL,D,20161121,000000,9.8,9.97,9.7,9.96,3385,0
VTL,D,20161122,000000,9.72,9.95,9.65,9.7,2854,0
VTL,D,20161123,000000,9.7,9.9,9.7,9.89,3313,0
VTL,D,20161124,000000,9.89,10,9.89,9.9,5280,0
VTL,D,20161125,000000,9.5,9.8,9.4,9.4,15066,0
VTL,D,20161128,000000,9.35,9.63,8.65,8.9,18716,0
VTL,D,20161129,000000,8.92,9.1,8.92,9.05,4268,0
VTL,D,20161130,000000,9.37,9.37,9.05,9.25,4054,0
VTL,D,20161201,000000,9.3,9.3,9.14,9.25,2559,0
VTL,D,20161202,000000,9.25,9.25,8.9,9.13,3134,0
VTL,D,20161205,000000,8.9,9.12,8.25,8.6,38491,0
VTL,D,20161206,000000,8.6,8.6,8.45,8.45,12121,0
VTL,D,20161207,000000,8.5,8.88,8.4,8.8,18911,0
VTL,D,20161208,000000,8.8,8.8,8.6,8.79,4412,0
VTL,D,20161209,000000,8.63,8.84,8.6,8.78,4395,0
VTL,D,20161212,000000,8.6,8.69,8.57,8.69,9043,0
VTL,D,20161213,000000,8.65,8.69,8.57,8.57,3648,0
VTL,D,20161214,000000,8.6,8.6,8.51,8.59,7825,0
VTL,D,20161215,000000,8.59,8.7,8.59,8.7,3148,0
VTL,D,20161216,000000,8.6,8.78,8.53,8.78,9093,0
VTL,D,20161219,000000,8.54,8.77,8.53,8.65,13546,0
VTL,D,20161220,000000,8.76,8.76,8.5,8.5,1876,0
VTL,D,20161221,000000,8.5,8.64,8.45,8.59,9953,0
VTL,D,20161222,000000,8.59,8.59,8.4,8.56,4213,0
VTL,D,20161223,000000,8.56,8.56,8.42,8.45,2187,0
VTL,D,20161227,000000,8.45,8.56,8.45,8.5,4663,0
VTL,D,20161228,000000,8.48,8.5,8.31,8.41,9446,0
VTL,D,20161229,000000,8.42,8.53,8.32,8.4,3302,0
VTL,D,20161230,000000,8.5,8.5,8.34,8.39,5053,0
VTL,D,20170102,000000,8.69,8.69,8.4,8.6,1348,0
VTL,D,20170103,000000,8.59,8.8,8.56,8.56,9074,0
VTL,D,20170104,000000,8.75,8.75,8.6,8.72,1819,0
VTL,D,20170105,000000,8.72,8.72,8.65,8.68,4567,0
VTL,D,20170109,000000,8.68,8.71,8.68,8.69,1459,0
VTL,D,20170110,000000,8.6,8.8,8.57,8.79,5219,0
VTL,D,20170111,000000,8.79,8.87,8.7,8.85,9442,0
VTL,D,20170112,000000,8.98,9.11,8.93,9.11,15666,0
VTL,D,20170113,000000,9.2,9.3,9.02,9.19,7117,0
VTL,D,20170116,000000,9.27,9.27,9.19,9.25,1206,0
VTL,D,20170117,000000,9.25,9.26,9.2,9.26,3512,0
VTL,D,20170118,000000,9.1,9.3,9.1,9.27,3013,0
VTL,D,20170119,000000,9.27,9.3,9.11,9.11,7785,0
VTL,D,20170120,000000,9.15,9.17,8.92,9,2868,0
VTL,D,20170123,000000,9.01,9.12,8.79,9,6364,0
VTL,D,20170124,000000,9.11,9.11,8.81,8.98,1150,0
VTL,D,20170125,000000,8.91,8.98,8.71,8.97,4756,0
VTL,D,20170126,000000,8.98,9,8.98,9,3949,0
VTL,D,20170127,000000,8.84,9,8.82,8.9,3370,0
VTL,D,20170130,000000,8.98,8.98,8.81,8.95,960,0
VTL,D,20170131,000000,8.82,8.98,8.5,8.89,9020,0
VTL,D,20170201,000000,8.97,8.97,8.85,8.96,7113,0
VTL,D,20170202,000000,8.95,8.95,8.92,8.92,2811,0
VTL,D,20170203,000000,8.92,8.92,8.8,8.85,3914,0
VTL,D,20170206,000000,8.92,8.99,8.87,8.9,9141,0
VTL,D,20170207,000000,8.89,8.92,8.81,8.85,1507,0
VTL,D,20170208,000000,8.88,8.88,8.76,8.8,487,0
VTL,D,20170209,000000,8.8,9,8.8,8.97,12051,0
VTL,D,20170210,000000,8.97,9,8.65,8.72,19222,0
VTL,D,20170213,000000,8.86,8.86,8.57,8.6,13798,0
VTL,D,20170214,000000,8.6,8.6,8.46,8.5,8630,0
VTL,D,20170215,000000,8.5,8.5,8.35,8.35,23978,0
VTL,D,20170216,000000,8.34,8.49,8.25,8.36,11462,0
VTL,D,20170217,000000,8.4,8.42,8.18,8.32,8262,0
VTL,D,20170220,000000,8.33,8.33,8.22,8.25,10104,0
VTL,D,20170221,000000,8.25,8.5,8.25,8.47,18046,0
VTL,D,20170222,000000,8.49,8.8,8.41,8.79,11611,0
VTL,D,20170223,000000,8.8,8.83,8.5,8.66,3511,0
VTL,D,20170224,000000,8.55,8.68,8.55,8.67,572,0
VTL,D,20170227,000000,8.69,8.74,8.51,8.74,3300,0
VTL,D,20170228,000000,8.73,8.73,8.5,8.62,853,0
VTL,D,20170301,000000,8.6,8.68,8.5,8.68,7188,0
VTL,D,20170302,000000,8.68,8.68,8.59,8.6,3880,0
VTL,D,20170303,000000,8.6,8.6,8.56,8.6,10234,0
VTL,D,20170306,000000,8.6,8.6,8.52,8.57,2285,0
VTL,D,20170307,000000,8.6,8.63,8.52,8.63,4784,0
VTL,D,20170308,000000,8.63,8.63,8.52,8.59,1080,0
VTL,D,20170309,000000,8.55,8.59,8.5,8.59,4773,0
VTL,D,20170310,000000,8.5,8.55,8.48,8.49,2735,0
VTL,D,20170313,000000,8.51,8.51,8.35,8.42,7985,0
VTL,D,20170314,000000,8.33,8.49,8.31,8.37,2866,0
VTL,D,20170315,000000,8.45,8.45,8.38,8.38,5360,0
VTL,D,20170316,000000,8.38,8.4,8.35,8.4,4115,0
VTL,D,20170317,000000,8.4,8.49,8.4,8.49,551,0
VTL,D,20170320,000000,8.41,8.49,8.41,8.48,1079,0
VTL,D,20170321,000000,8.48,8.6,8.32,8.32,8086,0
VTL,D,20170322,000000,8.5,8.59,8.39,8.55,1940,0
VTL,D,20170323,000000,8.57,8.6,8.57,8.58,9453,0
VTL,D,20170324,000000,8.63,8.63,8.4,8.6,2585,0
VTL,D,20170327,000000,8.5,8.58,8.46,8.46,1602,0
VTL,D,20170328,000000,8.43,8.5,8.43,8.46,782,0
VTL,D,20170329,000000,8.4,8.48,8.36,8.48,755,0
VTL,D,20170330,000000,8.47,8.47,8.46,8.47,901,0
VTL,D,20170331,000000,8.47,8.47,8.46,8.46,1068,0
VTL,D,20170403,000000,8.38,8.38,7.58,7.58,46649,0
VTL,D,20170404,000000,7.6,7.6,7.4,7.5,17789,0
VTL,D,20170405,000000,7.51,7.55,7.38,7.4,24100,0
VTL,D,20170406,000000,7.58,7.58,7.38,7.48,4668,0
VTL,D,20170407,000000,7.55,7.55,7.48,7.54,2416,0
VTL,D,20170410,000000,7.56,7.56,7.46,7.5,2514,0
VTL,D,20170411,000000,7.54,7.54,7.4,7.4,6375,0
VTL,D,20170412,000000,7.44,7.44,7.3,7.35,3393,0
VTL,D,20170413,000000,7.35,7.45,7.35,7.45,4007,0
VTL,D,20170418,000000,7.4,7.56,7.4,7.54,3679,0
VTL,D,20170419,000000,7.55,7.55,7.44,7.54,8022,0
VTL,D,20170420,000000,7.54,7.54,7.35,7.53,869,0
VTL,D,20170421,000000,7.54,7.54,7.35,7.52,3232,0
VTL,D,20170424,000000,7.38,7.5,7.3,7.39,7255,0
VTL,D,20170425,000000,7.38,7.44,7.35,7.43,2330,0
VTL,D,20170426,000000,7.4,7.44,7.31,7.35,4037,0
VTL,D,20170427,000000,7.4,7.4,7.33,7.37,425,0
VTL,D,20170428,000000,7.38,7.4,7.3,7.4,4382,0
VTL,D,20170502,000000,7.4,7.4,7.2,7.2,3414,0
VTL,D,20170504,000000,7.29,7.29,6.81,7.15,14649,0
VTL,D,20170505,000000,7.2,7.2,7.13,7.13,2437,0
VTL,D,20170508,000000,7.24,7.25,6.85,7.06,8905,0
VTL,D,20170509,000000,6.99,7.05,6.82,7.04,3873,0
VTL,D,20170510,000000,6.96,7,6.89,7,897,0
VTL,D,20170511,000000,6.9,7,6.86,6.99,3601,0
VTL,D,20170512,000000,6.99,7,6.8,6.8,17781,0
VTL,D,20170515,000000,6.75,6.8,6.66,6.75,3269,0
VTL,D,20170516,000000,6.75,6.79,6.68,6.68,4740,0
VTL,D,20170517,000000,6.71,6.79,6.66,6.79,31452,0
VTL,D,20170518,000000,6.79,6.79,6.25,6.74,8260,0
VTL,D,20170519,000000,6.74,6.74,6.3,6.46,7962,0
VTL,D,20170522,000000,6.44,6.44,6.24,6.43,3519,0
VTL,D,20170523,000000,6.36,6.48,6.36,6.48,2734,0
VTL,D,20170524,000000,6.4,6.4,6.32,6.32,1481,0
VTL,D,20170525,000000,6.3,6.4,6.24,6.33,5272,0
VTL,D,20170526,000000,6.29,6.29,6.25,6.28,1969,0
VTL,D,20170529,000000,6.25,6.39,6.24,6.24,7722,0
VTL,D,20170530,000000,6.38,6.4,6.38,6.4,639,0
VTL,D,20170531,000000,6.4,6.79,6.4,6.55,3709,0
VTL,D,20170601,000000,6.77,6.77,6.7,6.75,4049,0
VTL,D,20170602,000000,6.77,6.89,6.72,6.84,1734,0
VTL,D,20170605,000000,6.87,6.87,6.52,6.67,8124,0
VTL,D,20170606,000000,6.53,6.77,6.5,6.73,6449,0
VTL,D,20170607,000000,6.6,6.73,6.5,6.73,210,0
VTL,D,20170608,000000,6.65,6.65,6.65,6.65,11,0
VTL,D,20170609,000000,6.62,6.73,6.62,6.62,440,0
VTL,D,20170612,000000,6.73,6.73,6.3,6.7,514,0
VTL,D,20170613,000000,6.69,6.69,6.66,6.67,655,0
VTL,D,20170614,000000,6.65,6.66,6.35,6.65,1405,0
VTL,D,20170616,000000,6.64,6.64,6.5,6.64,648,0
VTL,D,20170619,000000,6.64,6.64,6.63,6.64,720,0
VTL,D,20170620,000000,6.5,6.63,6.5,6.63,1516,0
VTL,D,20170621,000000,6.63,6.63,6.63,6.63,79,0
VTL,D,20170622,000000,6.54,6.63,6.54,6.63,158,0
VTL,D,20170623,000000,6.55,6.63,6.5,6.55,463,0
VTL,D,20170626,000000,6.62,6.62,6.47,6.61,1487,0
VTL,D,20170627,000000,6.45,6.61,6.39,6.39,1815,0
VTL,D,20170628,000000,6.6,6.6,6.23,6.29,8233,0
VTL,D,20170629,000000,6.28,6.54,6.18,6.54,4012,0
VTL,D,20170630,000000,6.54,6.54,6.49,6.49,1144,0
VTL,D,20170703,000000,6.47,6.53,6.47,6.49,1785,0
VTL,D,20170704,000000,6.49,6.49,6.27,6.42,6437,0
VTL,D,20170705,000000,6.45,6.45,6.25,6.38,3657,0
VTL,D,20170706,000000,6.35,6.37,6.29,6.37,3056,0
VTL,D,20170707,000000,6.37,6.38,6.27,6.37,6773,0
VTL,D,20170710,000000,6.38,6.38,6.28,6.35,422,0
VTL,D,20170711,000000,6.38,6.38,6.26,6.36,330,0
VTL,D,20170712,000000,6.35,6.35,6.2,6.29,1904,0
VTL,D,20170713,000000,6.3,6.34,6.25,6.31,2131,0
VTL,D,20170714,000000,6.34,6.34,6.22,6.28,1846,0
VTL,D,20170717,000000,6.24,6.28,6.24,6.28,427,0
VTL,D,20170718,000000,6.25,6.39,6.25,6.35,4346,0
VTL,D,20170719,000000,6.45,6.45,6.4,6.45,608,0
VTL,D,20170720,000000,6.31,6.39,6.25,6.36,1900,0
VTL,D,20170721,000000,6.35,6.36,6.24,6.3,1881,0
VTL,D,20170724,000000,6.31,6.32,6.25,6.28,1444,0
VTL,D,20170725,000000,6.32,6.32,6.21,6.22,15297,0
VTL,D,20170726,000000,6.3,6.3,6.18,6.25,3312,0
VTL,D,20170727,000000,6.28,6.28,6.14,6.14,9651,0
VTL,D,20170728,000000,6.28,6.28,6.09,6.13,4717,0
VTL,D,20170731,000000,6.2,6.2,6.1,6.12,856,0
VTL,D,20170801,000000,6.12,6.17,6.05,6.17,2722,0
VTL,D,20170802,000000,6.12,6.15,6.03,6.07,3697,0
VTL,D,20170803,000000,6.05,6.08,6.05,6.08,1883,0
VTL,D,20170804,000000,6.07,6.08,6.05,6.07,2196,0
VTL,D,20170807,000000,6.08,6.12,6.05,6.12,3137,0
VTL,D,20170808,000000,6.11,6.12,6.1,6.1,4100,0
VTL,D,20170809,000000,6.11,6.12,6,6.12,1566,0
VTL,D,20170810,000000,6.12,6.12,6,6.08,872,0
VTL,D,20170811,000000,6.1,6.1,5.87,5.98,1180,0
VTL,D,20170814,000000,6.08,6.11,6,6.11,1209,0
VTL,D,20170816,000000,6.01,6.1,5.97,6.1,1785,0
VTL,D,20170817,000000,6.05,6.05,5.98,6.05,367,0
VTL,D,20170818,000000,6.05,6.05,5.94,6.04,2678,0
VTL,D,20170821,000000,6.07,6.07,6.07,6.07,3,0
VTL,D,20170822,000000,6,6.04,6,6.04,278,0
VTL,D,20170823,000000,6.08,6.08,5.92,5.97,1355,0
VTL,D,20170824,000000,6.02,6.02,6,6,3530,0
VTL,D,20170825,000000,5.95,6,5.91,5.95,1722,0
VTL,D,20170828,000000,5.98,5.98,5.85,5.9,2230,0
VTL,D,20170829,000000,5.96,5.99,5.8,5.97,1274,0
VTL,D,20170830,000000,5.97,5.97,5.96,5.96,180,0
VTL,D,20170831,000000,5.82,6,5.81,5.9,12776,0
VTL,D,20170901,000000,6,6,5.81,5.85,1296,0
VTL,D,20170904,000000,5.85,6,5.55,5.75,8857,0
VTL,D,20170905,000000,5.83,5.83,5.65,5.75,4606,0
VTL,D,20170906,000000,5.72,5.75,5.69,5.69,695,0
VTL,D,20170907,000000,5.71,5.71,5.39,5.49,8917,0
VTL,D,20170908,000000,5.4,5.43,5.05,5.1,28412,0
VTL,D,20170912,000000,2.8,2.87,2.7,2.8,71873,0
VTL,D,20170913,000000,2.77,2.77,2,2,309751,0
VTL,D,20170914,000000,1.85,2,1.67,1.68,625588,0
VTL,D,20170915,000000,1.68,1.72,1.37,1.55,1668809,0
VTL,D,20170918,000000,1.6,1.75,1.53,1.53,849165,0
VTL,D,20170919,000000,1.55,1.65,1.47,1.55,721090,0
VTL,D,20170920,000000,1.58,1.95,1.53,1.77,1197663,0
VTL,D,20170921,000000,1.78,1.83,1.65,1.65,345460,0
VTL,D,20170922,000000,1.65,1.68,1.59,1.66,168483,0
VTL,D,20170925,000000,1.66,1.67,1.53,1.63,117239,0
VTL,D,20170926,000000,1.6,1.64,1.53,1.55,110474,0
VTL,D,20170927,000000,1.51,1.74,1.51,1.66,291937,0
VTL,D,20170928,000000,1.65,1.78,1.5,1.5,393474,0
VTL,D,20170929,000000,1.49,1.53,1.35,1.4,163265,0
VTL,D,20171002,000000,1.33,1.48,1.3,1.4,110107,0
VTL,D,20171003,000000,1.33,1.48,1.32,1.41,84418,0
VTL,D,20171004,000000,1.32,1.42,1.26,1.3,108839,0
VTL,D,20171005,000000,1.2,1.2,0.92,0.97,637318,0
VTL,D,20171006,000000,1,1.07,0.97,1.02,141490,0
VTL,D,20171009,000000,1.02,1.03,0.94,1,86881,0
VTL,D,20171010,000000,1.01,1.02,0.92,0.94,91700,0
VTL,D,20171011,000000,0.93,0.96,0.88,0.94,100643,0
VTL,D,20171012,000000,0.94,0.97,0.9,0.95,51893,0
VTL,D,20171013,000000,0.95,1.18,0.95,1.1,373152,0
VTL,D,20171016,000000,1.1,1.19,0.99,1.02,241299,0
VTL,D,20171017,000000,1.05,1.14,0.96,1,284346,0
VTL,D,20171018,000000,1,1,0.81,0.94,428956,0
VTL,D,20171019,000000,0.93,0.95,0.88,0.95,44819,0
VTL,D,20171020,000000,0.94,0.94,0.85,0.88,106160,0
VTL,D,20171023,000000,0.9,0.9,0.81,0.87,123446,0
VTL,D,20171024,000000,0.84,0.85,0.81,0.85,75568,0
VTL,D,20171025,000000,0.81,0.88,0.75,0.83,201647,0
VTL,D,20171026,000000,0.81,0.88,0.76,0.87,109735,0
VTL,D,20171027,000000,0.87,1.01,0.83,0.9,233814,0
VTL,D,20171030,000000,0.91,0.92,0.87,0.92,75748,0
VTL,D,20171031,000000,0.93,0.99,0.92,0.97,43310,0
VTL,D,20171102,000000,0.97,1.03,0.92,0.99,87794,0
VTL,D,20171103,000000,0.99,0.99,0.86,0.89,81095,0
VTL,D,20171106,000000,0.89,0.89,0.86,0.89,13094,0
VTL,D,20171107,000000,0.88,0.95,0.85,0.9,108237,0
VTL,D,20171108,000000,0.9,0.92,0.87,0.9,2302,0
VTL,D,20171109,000000,0.9,0.9,0.82,0.88,31168,0
VTL,D,20171110,000000,0.88,0.88,0.82,0.85,7425,0
VTL,D,20171113,000000,0.87,1.01,0.79,0.99,299951,0
VTL,D,20171114,000000,1,1.03,0.91,0.94,57245,0
VTL,D,20171115,000000,0.94,0.94,0.85,0.92,55586,0
VTL,D,20171116,000000,0.93,0.93,0.87,0.91,5129,0
VTL,D,20171117,000000,0.91,0.91,0.87,0.91,2759,0
VTL,D,20171120,000000,0.9,1.04,0.81,0.85,320208,0
VTL,D,20171121,000000,0.85,0.86,0.78,0.79,100587,0
VTL,D,20171122,000000,0.78,0.81,0.76,0.8,17938,0
VTL,D,20171123,000000,0.8,0.83,0.76,0.83,45929,0
VTL,D,20171124,000000,0.8,0.81,0.75,0.78,31406,0
VTL,D,20171127,000000,0.76,0.8,0.76,0.78,61534,0
VTL,D,20171128,000000,0.79,0.79,0.73,0.77,42364,0
VTL,D,20171129,000000,0.72,0.77,0.71,0.73,32976,0
VTL,D,20171130,000000,0.68,0.72,0.67,0.7,29412,0
VTL,D,20171201,000000,0.69,0.69,0.65,0.69,88769,0
VTL,D,20171204,000000,0.68,0.68,0.64,0.68,26475,0
VTL,D,20171205,000000,0.68,0.7,0.62,0.68,30634,0
VTL,D,20171206,000000,0.62,0.68,0.62,0.68,8081,0
VTL,D,20171207,000000,0.69,0.81,0.68,0.81,79638,0
VTL,D,20171208,000000,0.82,0.82,0.76,0.79,18093,0
VTL,D,20171211,000000,0.82,0.86,0.74,0.86,106017,0
VTL,D,20171212,000000,0.86,0.86,0.79,0.83,28632,0
VTL,D,20171213,000000,0.85,0.86,0.82,0.86,27948,0
VTL,D,20171214,000000,0.85,0.87,0.85,0.87,23892,0
VTL,D,20171215,000000,0.87,0.89,0.86,0.89,39317,0
VTL,D,20171218,000000,0.9,0.95,0.85,0.9,112854,0
VTL,D,20171219,000000,0.87,0.89,0.79,0.79,40200,0
VTL,D,20171220,000000,0.79,0.82,0.75,0.77,127306,0
VTL,D,20171221,000000,0.81,0.81,0.76,0.76,34981,0
VTL,D,20171222,000000,0.74,0.78,0.74,0.77,25105,0
VTL,D,20171227,000000,0.76,0.83,0.71,0.71,190421,0
VTL,D,20171228,000000,0.71,0.74,0.71,0.73,13740,0
VTL,D,20171229,000000,0.72,0.84,0.72,0.84,89681,0
VTL,D,20180103,000000,0.88,0.88,0.83,0.85,45623,0
VTL,D,20180104,000000,0.87,0.89,0.83,0.83,15374,0
VTL,D,20180105,000000,0.83,0.85,0.79,0.84,22055,0
VTL,D,20180108,000000,0.85,0.88,0.8,0.85,24864,0
VTL,D,20180109,000000,0.81,0.85,0.79,0.83,15291,0
VTL,D,20180110,000000,0.82,0.82,0.79,0.82,2386,0
VTL,D,20180111,000000,0.83,0.83,0.79,0.82,8158,0
VTL,D,20180112,000000,0.79,0.84,0.79,0.84,7702,0
VTL,D,20180115,000000,0.84,0.85,0.76,0.84,35379,0
VTL,D,20180116,000000,0.83,0.83,0.83,0.83,2000,0
VTL,D,20180117,000000,0.81,0.83,0.8,0.83,2955,0
VTL,D,20180118,000000,0.81,0.82,0.79,0.81,2799,0
VTL,D,20180119,000000,0.8,0.83,0.79,0.81,1957,0
VTL,D,20180122,000000,0.79,0.84,0.79,0.82,36337,0
VTL,D,20180123,000000,0.82,0.84,0.82,0.83,6280,0
VTL,D,20180124,000000,0.81,0.83,0.79,0.83,24943,0
VTL,D,20180125,000000,0.8,0.83,0.79,0.83,355,0
VTL,D,20180126,000000,0.83,0.88,0.83,0.86,85791,0
VTL,D,20180129,000000,0.83,0.83,0.79,0.8,35422,0
VTL,D,20180130,000000,0.79,0.8,0.74,0.79,34789,0
VTL,D,20180131,000000,0.78,0.79,0.74,0.77,18674,0
VTL,D,20180201,000000,0.75,0.77,0.75,0.77,110,0
VTL,D,20180202,000000,0.76,0.78,0.75,0.78,2223,0
VTL,D,20180205,000000,0.77,0.77,0.75,0.76,6112,0
VTL,D,20180206,000000,0.75,0.76,0.69,0.71,34409,0
VTL,D,20180207,000000,0.76,0.95,0.76,0.95,436558,0
VTL,D,20180208,000000,1.29,1.37,1.06,1.06,1017930,0
VTL,D,20180209,000000,1.06,1.23,1.02,1.17,650001,0
VTL,D,20180212,000000,1.21,1.27,1.18,1.21,277466,0
VTL,D,20180213,000000,1.21,1.21,1.11,1.14,156782,0
VTL,D,20180214,000000,1.14,1.19,1.12,1.18,46149,0
VTL,D,20180215,000000,1.18,1.18,1.12,1.13,31346,0
VTL,D,20180216,000000,1.15,1.15,1.05,1.08,82872,0
VTL,D,20180219,000000,1.06,1.08,1.02,1.08,30920,0
VTL,D,20180220,000000,1.05,1.08,1.03,1.06,34931,0
VTL,D,20180221,000000,1.06,1.11,1.04,1.1,36166,0
VTL,D,20180222,000000,1.1,1.1,1.05,1.09,16862,0
VTL,D,20180223,000000,1.09,1.09,0.99,1.03,80473,0
VTL,D,20180226,000000,1.01,1.04,0.96,0.99,82202,0
VTL,D,20180227,000000,1.02,1.31,0.98,1.31,473237,0
VTL,D,20180228,000000,1.3,1.3,1.11,1.12,616712,0
VTL,D,20180301,000000,1.11,1.14,1.06,1.07,223555,0
VTL,D,20180302,000000,1.08,1.08,1.01,1.05,114616,0
VTL,D,20180305,000000,1,1.05,1,1.05,102339,0
VTL,D,20180306,000000,1.05,1.06,1.01,1.04,21156,0
VTL,D,20180307,000000,1.04,1.14,1.01,1.1,172267,0
VTL,D,20180308,000000,1.1,1.1,1.04,1.08,81582,0
VTL,D,20180309,000000,1.06,1.07,1.03,1.07,39010,0
VTL,D,20180312,000000,1.06,1.13,1.03,1.08,75372,0
VTL,D,20180313,000000,1.06,1.27,1.05,1.15,593356,0
VTL,D,20180314,000000,1.14,1.16,1.04,1.05,315635,0
VTL,D,20180315,000000,1.08,1.11,1.01,1.07,254677,0
VTL,D,20180316,000000,1.05,1.07,1.02,1.06,86983,0
VTL,D,20180319,000000,1.03,1.04,1.01,1.03,47268,0
VTL,D,20180320,000000,1.02,1.03,0.99,1.02,67575,0
VTL,D,20180321,000000,1.02,1.05,0.99,1.04,48355,0
VTL,D,20180322,000000,1.01,1.04,1,1.01,39189,0
VTL,D,20180323,000000,1,1.02,1,1.02,6855,0
VTL,D,20180326,000000,1.01,1.03,0.99,1.01,22610,0
VTL,D,20180327,000000,1.03,1.03,1,1.02,4668,0
VTL,D,20180328,000000,1.02,1.02,0.91,0.91,78807,0
VTL,D,20180329,000000,0.95,0.98,0.95,0.98,32134,0
VTL,D,20180403,000000,0.98,1.02,0.93,1.01,31730,0
VTL,D,20180404,000000,1.01,1.01,0.95,1,7130,0
VTL,D,20180405,000000,1.02,1.02,0.92,0.96,24562,0
VTL,D,20180406,000000,0.94,0.97,0.92,0.97,9198,0
VTL,D,20180409,000000,0.97,0.97,0.92,0.95,4229,0
VTL,D,20180410,000000,0.95,0.96,0.9,0.94,15496,0
VTL,D,20180411,000000,0.94,0.95,0.91,0.93,29426,0
VTL,D,20180412,000000,0.91,0.94,0.88,0.92,43778,0
VTL,D,20180413,000000,0.9,0.97,0.88,0.97,39507,0
VTL,D,20180416,000000,0.91,1,0.91,0.96,54503,0
VTL,D,20180417,000000,0.98,0.98,0.93,0.93,51765,0
VTL,D,20180418,000000,0.94,1.13,0.92,1.05,276572,0
VTL,D,20180419,000000,1.05,1.14,1.01,1.09,178340,0
VTL,D,20180420,000000,1.12,1.12,1.05,1.09,17414,0
VTL,D,20180423,000000,1.09,1.09,0.97,0.97,34693,0
VTL,D,20180424,000000,1.02,1.03,0.97,1,10988,0
VTL,D,20180425,000000,0.98,0.98,0.91,0.96,24099,0
VTL,D,20180426,000000,0.97,0.98,0.9,0.98,8894,0
VTL,D,20180427,000000,0.98,0.98,0.9,0.95,7278,0
VTL,D,20180430,000000,0.87,0.95,0.87,0.93,31273,0
VTL,D,20180502,000000,0.93,0.93,0.9,0.93,4562,0
VTL,D,20180504,000000,0.93,0.95,0.88,0.94,3657,0
VTL,D,20180507,000000,0.89,0.9,0.86,0.89,6001,0
VTL,D,20180508,000000,0.9,0.9,0.84,0.88,20145,0
VTL,D,20180509,000000,0.88,0.88,0.8,0.84,22772,0
VTL,D,20180510,000000,0.83,0.83,0.75,0.82,47329,0
VTL,D,20180511,000000,0.83,0.87,0.75,0.84,40977,0
VTL,D,20180514,000000,0.84,0.84,0.69,0.77,151926,0
VTL,D,20180515,000000,0.77,0.77,0.72,0.77,7936,0
VTL,D,20180516,000000,0.77,0.77,0.72,0.76,12043,0
VTL,D,20180517,000000,0.76,0.76,0.71,0.76,16406,0
VTL,D,20180518,000000,0.75,0.76,0.71,0.75,11985,0
VTL,D,20180521,000000,0.76,0.76,0.71,0.74,12777,0
VTL,D,20180522,000000,0.74,0.74,0.7,0.74,12464,0
VTL,D,20180523,000000,0.73,0.73,0.68,0.68,16001,0
VTL,D,20180524,000000,0.68,0.73,0.67,0.71,14124,0
VTL,D,20180525,000000,0.71,0.72,0.62,0.65,57234,0
VTL,D,20180528,000000,0.67,0.71,0.62,0.68,54673,0
VTL,D,20180529,000000,0.65,0.72,0.65,0.72,27665,0
VTL,D,20180530,000000,0.73,0.75,0.69,0.75,47221,0
VTL,D,20180601,000000,0.75,0.77,0.75,0.76,85,0
VTL,D,20180604,000000,0.75,0.75,0.7,0.75,3317,0
VTL,D,20180605,000000,0.7,0.7,0.7,0.7,3524,0
VTL,D,20180606,000000,0.65,0.74,0.65,0.74,9605,0
VTL,D,20180607,000000,0.67,0.73,0.67,0.72,10549,0
VTL,D,20180608,000000,0.71,0.74,0.68,0.74,3290,0
VTL,D,20180612,000000,0.69,0.73,0.68,0.72,4637,0
VTL,D,20180613,000000,0.69,0.72,0.68,0.72,6060,0
VTL,D,20180614,000000,0.68,0.72,0.68,0.72,2988,0
VTL,D,20180615,000000,0.73,0.73,0.66,0.72,2494,0
VTL,D,20180619,000000,0.65,0.7,0.64,0.68,30398,0
VTL,D,20180621,000000,0.68,0.71,0.68,0.71,5060,0
VTL,D,20180622,000000,0.7,0.7,0.7,0.7,2000,0
VTL,D,20180625,000000,0.7,0.81,0.7,0.73,59013,0
VTL,D,20180626,000000,0.73,0.73,0.7,0.73,6320,0
VTL,D,20180627,000000,0.73,0.73,0.68,0.72,13360,0
VTL,D,20180628,000000,0.7,0.72,0.7,0.72,650,0
VTL,D,20180629,000000,0.7,0.72,0.66,0.72,6800,0
VTL,D,20180702,000000,0.67,0.7,0.67,0.7,1010,0
VTL,D,20180703,000000,0.69,0.7,0.67,0.7,4734,0
VTL,D,20180704,000000,0.7,0.7,0.67,0.7,4520,0
VTL,D,20180705,000000,0.71,0.71,0.67,0.7,9105,0
VTL,D,20180706,000000,0.71,0.71,0.7,0.7,2010,0
VTL,D,20180709,000000,0.7,0.74,0.7,0.74,4186,0
VTL,D,20180710,000000,0.68,0.71,0.68,0.71,101,0
VTL,D,20180711,000000,0.72,0.74,0.68,0.72,10609,0
VTL,D,20180712,000000,0.69,0.73,0.67,0.72,13357,0
VTL,D,20180713,000000,0.71,0.71,0.67,0.69,7363,0
VTL,D,20180716,000000,0.68,0.7,0.67,0.7,2800,0
VTL,D,20180717,000000,0.7,0.7,0.7,0.7,430,0
VTL,D,20180718,000000,0.68,0.68,0.68,0.68,1830,0
VTL,D,20180719,000000,0.67,0.7,0.66,0.7,19457,0
VTL,D,20180720,000000,0.68,0.7,0.67,0.7,1530,0
VTL,D,20180723,000000,0.69,0.7,0.68,0.7,751,0
VTL,D,20180724,000000,0.69,0.7,0.69,0.7,5410,0
VTL,D,20180725,000000,0.7,0.71,0.68,0.69,3025,0
VTL,D,20180726,000000,0.7,0.73,0.67,0.73,24575,0
VTL,D,20180727,000000,0.73,0.77,0.72,0.73,35533,0
VTL,D,20180730,000000,0.75,0.78,0.75,0.78,2440,0
VTL,D,20180731,000000,0.75,0.78,0.74,0.78,4702,0
VTL,D,20180801,000000,0.75,0.76,0.68,0.74,32910,0
VTL,D,20180802,000000,0.75,0.75,0.71,0.74,7510,0
VTL,D,20180803,000000,0.75,0.75,0.74,0.75,1655,0
VTL,D,20180806,000000,0.7,0.8,0.7,0.8,15435,0
VTL,D,20180807,000000,0.78,0.78,0.71,0.73,15262,0
VTL,D,20180808,000000,0.77,0.8,0.75,0.75,34569,0
VTL,D,20180809,000000,0.8,0.8,0.72,0.78,8827,0
VTL,D,20180810,000000,0.75,0.77,0.73,0.77,9397,0
VTL,D,20180813,000000,0.76,0.76,0.72,0.75,3010,0
VTL,D,20180814,000000,0.75,0.75,0.71,0.74,5025,0
VTL,D,20180816,000000,0.71,0.75,0.71,0.75,112,0
VTL,D,20180821,000000,0.75,0.75,0.75,0.75,35,0
VTL,D,20180822,000000,0.72,0.75,0.71,0.72,7909,0
VTL,D,20180823,000000,0.73,0.74,0.7,0.74,8251,0
VTL,D,20180824,000000,0.69,0.73,0.65,0.72,29162,0
VTL,D,20180827,000000,0.72,0.73,0.72,0.73,2740,0
VTL,D,20180828,000000,0.72,0.73,0.69,0.73,1849,0
VTL,D,20180829,000000,0.72,0.73,0.7,0.7,11742,0
VTL,D,20180830,000000,0.72,0.72,0.72,0.72,10,0
VTL,D,20180831,000000,0.68,0.7,0.68,0.68,5965,0
VTL,D,20180903,000000,0.7,0.7,0.64,0.68,36556,0
VTL,D,20180904,000000,0.68,0.68,0.68,0.68,5200,0
VTL,D,20180905,000000,0.69,0.71,0.63,0.67,45051,0
VTL,D,20180906,000000,0.68,0.68,0.64,0.68,13773,0
VTL,D,20180907,000000,0.69,0.69,0.63,0.67,5371,0
VTL,D,20180910,000000,0.63,0.67,0.6,0.67,50354,0
VTL,D,20180911,000000,0.62,0.66,0.6,0.66,18673,0
VTL,D,20180912,000000,0.65,0.65,0.61,0.65,1401,0
VTL,D,20180913,000000,0.64,0.68,0.62,0.62,42051,0
VTL,D,20180914,000000,0.64,0.64,0.61,0.64,3620,0
VTL,D,20180917,000000,0.66,0.66,0.61,0.65,3720,0
VTL,D,20180918,000000,0.64,0.64,0.64,0.64,124,0
VTL,D,20180919,000000,0.64,0.66,0.64,0.64,1357,0
VTL,D,20180920,000000,0.66,0.66,0.63,0.66,390,0
VTL,D,20180921,000000,0.66,0.66,0.64,0.66,4639,0
VTL,D,20180924,000000,0.67,0.97,0.66,0.93,302967,0
VTL,D,20180925,000000,0.9,0.91,0.8,0.8,107823,0
VTL,D,20180926,000000,0.78,0.85,0.75,0.81,117003,0
VTL,D,20180927,000000,0.81,0.83,0.77,0.8,18622,0
VTL,D,20180928,000000,0.8,0.81,0.76,0.8,15304,0
VTL,D,20181001,000000,0.86,0.93,0.81,0.81,87300,0
VTL,D,20181002,000000,0.87,0.87,0.79,0.85,10790,0
VTL,D,20181003,000000,0.87,0.87,0.82,0.87,4081,0
VTL,D,20181004,000000,0.87,0.89,0.79,0.86,32097,0
VTL,D,20181005,000000,0.85,0.85,0.71,0.79,124948,0
VTL,D,20181008,000000,0.79,0.8,0.75,0.78,19355,0
VTL,D,20181009,000000,0.8,0.82,0.75,0.79,19080,0
VTL,D,20181010,000000,0.79,0.82,0.77,0.81,14083,0
VTL,D,20181011,000000,0.84,0.84,0.76,0.79,6919,0
VTL,D,20181012,000000,0.79,0.81,0.75,0.79,18809,0
VTL,D,20181015,000000,0.79,0.81,0.79,0.81,15426,0
VTL,D,20181016,000000,0.82,0.82,0.79,0.8,4001,0
VTL,D,20181017,000000,0.8,0.8,0.77,0.8,4307,0
VTL,D,20181018,000000,0.82,0.82,0.76,0.79,9358,0
VTL,D,20181019,000000,0.76,0.79,0.76,0.79,2554,0
VTL,D,20181022,000000,0.81,0.82,0.76,0.82,4117,0
VTL,D,20181023,000000,0.82,0.82,0.82,0.82,2,0
VTL,D,20181024,000000,0.81,0.81,0.75,0.75,16624,0
VTL,D,20181025,000000,0.73,0.78,0.73,0.76,10169,0
VTL,D,20181026,000000,0.73,0.75,0.71,0.75,2939,0
VTL,D,20181029,000000,0.71,0.75,0.71,0.75,6364,0
VTL,D,20181030,000000,0.74,0.74,0.74,0.74,2901,0
VTL,D,20181031,000000,0.75,0.75,0.74,0.74,360,0
VTL,D,20181102,000000,0.74,0.75,0.71,0.75,3076,0
VTL,D,20181105,000000,0.76,0.77,0.71,0.77,1611,0
VTL,D,20181106,000000,0.76,0.76,0.69,0.76,23160,0
VTL,D,20181107,000000,0.75,0.77,0.69,0.7,16966,0
VTL,D,20181108,000000,0.74,0.74,0.69,0.71,3226,0
VTL,D,20181109,000000,0.74,0.74,0.7,0.74,3062,0
VTL,D,20181113,000000,0.76,0.76,0.69,0.72,2004,0
VTL,D,20181114,000000,0.73,0.73,0.68,0.7,9913,0
VTL,D,20181115,000000,0.7,0.7,0.64,0.69,36687,0
VTL,D,20181116,000000,0.68,0.73,0.66,0.67,9634,0
VTL,D,20181119,000000,0.68,0.69,0.65,0.69,1998,0
VTL,D,20181120,000000,0.69,0.69,0.64,0.69,11587,0
VTL,D,20181121,000000,0.69,0.69,0.63,0.67,46929,0
VTL,D,20181122,000000,0.66,0.81,0.61,0.76,238281,0
VTL,D,20181123,000000,0.76,0.83,0.74,0.77,65756,0
VTL,D,20181126,000000,0.83,0.83,0.77,0.79,12483,0
VTL,D,20181127,000000,0.73,0.77,0.71,0.76,30353,0
VTL,D,20181128,000000,0.8,0.8,0.75,0.75,101,0
VTL,D,20181129,000000,0.77,0.77,0.72,0.74,12766,0
VTL,D,20181130,000000,0.77,0.96,0.77,0.96,226727,0
VTL,D,20181203,000000,0.94,0.98,0.83,0.83,267506,0
VTL,D,20181204,000000,0.88,0.88,0.82,0.84,116901,0
VTL,D,20181205,000000,0.86,0.88,0.82,0.85,65219,0
VTL,D,20181206,000000,0.85,0.86,0.8,0.84,69307,0
VTL,D,20181207,000000,0.84,0.86,0.81,0.84,42826,0
VTL,D,20181210,000000,0.85,0.85,0.8,0.84,5112,0
VTL,D,20181211,000000,0.81,0.85,0.81,0.85,16605,0
VTL,D,20181212,000000,0.85,0.92,0.83,0.89,113606,0
VTL,D,20181213,000000,0.9,1.1,0.9,1.1,587433,0
VTL,D,20181214,000000,1.1,1.2,1.03,1.13,256137,0
VTL,D,20181217,000000,1.12,1.19,1.06,1.1,119289,0
VTL,D,20181218,000000,1.17,1.17,1.1,1.13,125072,0
VTL,D,20181219,000000,1.16,1.16,1.05,1.12,68248,0
VTL,D,20181220,000000,1.08,1.13,1.07,1.1,6291,0
VTL,D,20181221,000000,1.12,1.12,1.08,1.1,5678,0
VTL,D,20181227,000000,1.1,1.12,1.05,1.12,41104,0
VTL,D,20181228,000000,1.11,1.34,1.08,1.26,576533,0
VTL,D,20190102,000000,1.25,1.29,1.16,1.22,217067,0
VTL,D,20190103,000000,1.23,1.25,1.15,1.18,95233,0
VTL,D,20190104,000000,1.17,1.22,1.1,1.14,144029,0
VTL,D,20190107,000000,1.14,1.16,1.14,1.16,1995,0
VTL,D,20190108,000000,1.15,1.26,1.15,1.17,121273,0
VTL,D,20190109,000000,1.2,1.2,1.12,1.18,63053,0
VTL,D,20190110,000000,1.16,1.19,1.13,1.17,36626,0
VTL,D,20190111,000000,1.18,1.21,1.13,1.19,64843,0
VTL,D,20190114,000000,1.15,1.19,1.13,1.14,30453,0
VTL,D,20190115,000000,1.16,1.24,1.14,1.24,150850,0
VTL,D,20190116,000000,1.23,1.3,1.2,1.26,98370,0
VTL,D,20190117,000000,1.27,1.27,1.2,1.23,9471,0
VTL,D,20190118,000000,1.21,1.24,1.16,1.19,39661,0
VTL,D,20190121,000000,1.2,1.25,1.16,1.25,67144,0
VTL,D,20190122,000000,1.24,1.44,1.24,1.37,337388,0
VTL,D,20190123,000000,1.39,1.39,1.29,1.36,188160,0
VTL,D,20190124,000000,1.32,1.37,1.3,1.35,57889,0
VTL,D,20190125,000000,1.37,1.37,1.31,1.35,26116,0
VTL,D,20190128,000000,1.34,1.37,1.3,1.3,57363,0
VTL,D,20190129,000000,1.32,1.36,1.28,1.34,63748,0
VTL,D,20190130,000000,1.3,1.34,1.29,1.29,31400,0
VTL,D,20190131,000000,1.29,1.32,1.25,1.3,52453,0
VTL,D,20190201,000000,1.31,1.31,1.27,1.27,3915,0
VTL,D,20190204,000000,1.3,1.3,1.23,1.27,25209,0
VTL,D,20190205,000000,1.27,1.27,1.25,1.27,11066,0
VTL,D,20190206,000000,1.29,1.35,1.29,1.32,60623,0
VTL,D,20190207,000000,1.34,1.34,1.25,1.29,9215,0
VTL,D,20190208,000000,1.28,1.29,1.22,1.28,42422,0
VTL,D,20190211,000000,1.29,1.29,1.23,1.26,8119,0
VTL,D,20190212,000000,1.25,1.25,1.13,1.19,63249,0
VTL,D,20190213,000000,1.17,1.17,1.1,1.15,16569,0
VTL,D,20190214,000000,1.11,1.25,1.08,1.12,241896,0
VTL,D,20190215,000000,1.1,1.15,1.07,1.15,56058,0
VTL,D,20190218,000000,1.15,1.16,1.11,1.11,22915,0
VTL,D,20190219,000000,1.14,1.18,1.11,1.15,47512,0
VTL,D,20190220,000000,1.17,1.17,1.12,1.14,38771,0
VTL,D,20190221,000000,1.2,1.59,1.17,1.59,1006425,0
VTL,D,20190222,000000,1.52,1.6,1.35,1.37,475822,0
VTL,D,20190225,000000,1.42,1.44,1.31,1.36,280899,0
VTL,D,20190226,000000,1.37,1.44,1.28,1.39,152826,0
VTL,D,20190227,000000,1.38,1.38,1.28,1.3,122343,0
VTL,D,20190228,000000,1.35,1.37,1.3,1.33,37246,0
VTL,D,20190301,000000,1.34,1.58,1.3,1.54,387219,0
VTL,D,20190304,000000,1.54,1.55,1.43,1.535,125607,0
VTL,D,20190305,000000,1.59,1.59,1.46,1.52,47928,0
VTL,D,20190306,000000,1.525,1.55,1.48,1.535,25528,0
VTL,D,20190307,000000,1.55,1.55,1.42,1.455,105487,0
VTL,D,20190308,000000,1.45,1.59,1.41,1.59,170595,0
VTL,D,20190311,000000,1.59,1.94,1.59,1.87,511643,0
VTL,D,20190312,000000,1.9,2.28,1.87,2.2,813126,0
VTL,D,20190313,000000,2.19,2.25,2.02,2.12,379762,0
VTL,D,20190314,000000,2.13,2.25,2.07,2.14,244221,0
VTL,D,20190315,000000,2.16,2.16,2.04,2.12,104374,0
VTL,D,20190318,000000,2.19,2.68,2.14,2.68,620179,0
VTL,D,20190319,000000,2.78,2.92,2.51,2.74,710779,0
VTL,D,20190320,000000,2.72,2.84,2.6,2.65,161364,0
VTL,D,20190321,000000,2.61,2.72,2.12,2.26,943292,0
VTL,D,20190322,000000,2.25,2.3,2.15,2.21,176183,0
VTL,D,20190325,000000,2.21,2.33,2.18,2.23,253750,0
VTL,D,20190326,000000,2.26,2.26,2.16,2.18,52503,0
VTL,D,20190327,000000,2.2,2.2,2.02,2.02,167120,0
VTL,D,20190328,000000,2.02,2.17,1.86,2.15,705316,0
VTL,D,20190329,000000,2.17,2.17,2.02,2.08,67994,0
VTL,D,20190401,000000,2.02,2.06,1.95,2,76356,0
VTL,D,20190402,000000,2,2,1.91,1.96,68146,0
VTL,D,20190403,000000,1.98,1.98,1.9,1.95,25447,0
VTL,D,20190404,000000,1.96,1.98,1.91,1.97,26187,0
VTL,D,20190405,000000,1.98,1.98,1.91,1.97,30333,0
VTL,D,20190408,000000,1.97,2.3,1.94,2.24,323765,0
VTL,D,20190409,000000,2.27,2.63,2.03,2.11,682043,0
VTL,D,20190410,000000,2.1,2.18,1.96,2.09,298461,0
VTL,D,20190411,000000,2.11,2.13,2,2.08,82368,0
VTL,D,20190412,000000,2.08,2.47,2,2.26,845058,0
VTL,D,20190415,000000,2.38,2.73,2.29,2.62,937071,0
VTL,D,20190416,000000,2.69,2.82,2.43,2.43,431518,0
VTL,D,20190417,000000,2.47,2.61,2.43,2.49,193548,0
VTL,D,20190418,000000,2.49,2.5,2.37,2.44,110128,0
VTL,D,20190423,000000,2.49,2.52,2.16,2.3,451122,0
VTL,D,20190424,000000,2.2,2.32,2.17,2.23,121534,0
VTL,D,20190425,000000,2.21,2.28,2.18,2.2,85340,0
VTL,D,20190426,000000,2.24,2.25,2.13,2.22,62310,0
VTL,D,20190429,000000,2.29,2.65,2.14,2.48,610613,0
VTL,D,20190430,000000,2.49,2.58,2.17,2.29,337629,0
VTL,D,20190502,000000,2.2,2.3,2.15,2.24,83877,0
VTL,D,20190506,000000,2.25,2.25,2.13,2.21,90562,0
VTL,D,20190507,000000,2.13,2.46,2.13,2.21,241684,0
VTL,D,20190508,000000,2.25,2.37,2.15,2.21,139554,0
VTL,D,20190509,000000,2.24,2.24,2.17,2.2,20451,0
VTL,D,20190510,000000,2.2,2.26,2.17,2.24,23337,0
VTL,D,20190513,000000,2.23,2.3,2.17,2.21,49995,0
VTL,D,20190514,000000,2.17,2.21,2.13,2.19,42435,0
VTL,D,20190515,000000,2.2,2.2,2.13,2.19,39895,0
VTL,D,20190516,000000,2.17,2.31,2.14,2.27,109924,0
VTL,D,20190517,000000,2.29,2.29,2.19,2.24,12674,0
VTL,D,20190520,000000,2.18,2.26,2.18,2.24,37401,0
VTL,D,20190521,000000,2.24,2.26,2.2,2.25,38169,0
VTL,D,20190522,000000,2.25,2.25,2.2,2.23,21667,0
VTL,D,20190523,000000,2.18,2.38,2.18,2.24,114938,0
VTL,D,20190524,000000,2.18,2.25,2.15,2.2,59916,0
VTL,D,20190527,000000,2.18,2.23,2.17,2.2,15420,0
VTL,D,20190528,000000,2.19,2.21,2.15,2.18,17710,0
VTL,D,20190529,000000,2.19,2.19,2.15,2.17,17590,0
VTL,D,20190530,000000,2.19,2.2,2.15,2.2,4726,0
VTL,D,20190531,000000,2.22,2.22,2.15,2.15,27776,0
VTL,D,20190603,000000,2.19,2.19,2.14,2.17,17899,0
VTL,D,20190604,000000,2.17,2.18,2.14,2.17,9314,0
VTL,D,20190605,000000,2.17,2.17,2.05,2.15,25952,0
VTL,D,20190606,000000,2.14,2.18,1.97,1.97,77860,0
VTL,D,20190607,000000,1.99,2,1.9,1.99,50152,0
VTL,D,20190610,000000,2,2,1.8,1.88,54583,0
VTL,D,20190611,000000,1.815,1.88,1.73,1.77,62964,0
VTL,D,20190612,000000,1.78,1.92,1.78,1.825,45973,0
VTL,D,20190613,000000,1.895,1.895,1.775,1.845,38691,0
VTL,D,20190614,000000,1.88,1.88,1.77,1.81,10353,0
VTL,D,20190617,000000,1.81,1.81,1.73,1.79,8791,0
VTL,D,20190618,000000,1.785,1.785,1.73,1.78,13366,0
VTL,D,20190619,000000,1.745,1.75,1.68,1.71,71007,0
VTL,D,20190621,000000,1.685,1.72,1.68,1.715,17019,0
VTL,D,20190624,000000,1.715,1.75,1.68,1.685,15129,0
VTL,D,20190625,000000,1.7,2.05,1.69,2.04,322724,0
VTL,D,20190626,000000,2.03,2.03,1.87,1.88,104989,0
VTL,D,20190627,000000,1.875,1.975,1.865,1.935,34448,0
VTL,D,20190628,000000,1.96,1.96,1.88,1.93,8759,0
VTL,D,20190701,000000,1.945,1.945,1.875,1.92,12431,0
VTL,D,20190702,000000,1.93,2.06,1.9,1.955,70130,0
VTL,D,20190703,000000,2.01,2.2,2,2.1,124507,0
VTL,D,20190704,000000,2.15,2.15,2.01,2.04,69087,0
VTL,D,20190705,000000,2.09,2.18,2.01,2.03,101551,0
VTL,D,20190708,000000,2.33,2.46,2.22,2.31,317059,0
VTL,D,20190709,000000,2.35,2.48,2.3,2.33,202156,0
VTL,D,20190710,000000,2.3,2.42,2.09,2.13,202531,0
VTL,D,20190711,000000,2.32,2.36,2.17,2.24,159389,0
VTL,D,20190712,000000,2.21,2.25,2.16,2.22,46273,0
VTL,D,20190715,000000,2.22,2.25,2.15,2.21,42326,0
VTL,D,20190716,000000,2.23,2.23,2.13,2.15,25879,0
VTL,D,20190717,000000,2.17,2.23,2.12,2.23,31249,0
VTL,D,20190718,000000,2.24,2.31,2.13,2.18,69873,0
VTL,D,20190719,000000,2.2,2.21,2.14,2.19,11525,0
VTL,D,20190722,000000,2.19,2.2,2.16,2.19,4765,0
VTL,D,20190723,000000,2.2,2.3,2.16,2.3,62239,0
VTL,D,20190724,000000,2.29,2.45,2.28,2.4,121389,0
VTL,D,20190725,000000,2.44,2.72,2.41,2.47,457080,0
VTL,D,20190726,000000,2.47,2.54,2.32,2.42,63513,0
VTL,D,20190729,000000,2.45,2.51,2.34,2.47,73141,0
VTL,D,20190730,000000,2.51,2.54,2.39,2.43,36032,0
VTL,D,20190731,000000,2.39,2.46,2.3,2.36,78679,0
VTL,D,20190801,000000,2.37,2.37,2.28,2.33,14875,0
VTL,D,20190802,000000,2.33,2.37,2.26,2.3,4085,0
VTL,D,20190805,000000,2.26,2.42,2.26,2.36,27275,0
VTL,D,20190806,000000,2.36,2.42,2.26,2.3,25532,0
VTL,D,20190807,000000,2.33,2.33,2.19,2.23,34355,0
VTL,D,20190808,000000,2.19,2.22,2.17,2.19,12106,0
VTL,D,20190809,000000,2.2,2.23,2.15,2.16,19630,0
VTL,D,20190812,000000,2.2,2.22,2.15,2.22,4818,0
VTL,D,20190813,000000,2.21,2.21,2.13,2.19,14010,0
VTL,D,20190814,000000,2.2,2.2,2.15,2.19,2395,0
VTL,D,20190816,000000,2.19,2.19,2.05,2.12,23811,0
VTL,D,20190819,000000,2.11,2.11,2.02,2.06,13779,0
VTL,D,20190820,000000,2.06,2.06,2,2.04,11787,0
VTL,D,20190821,000000,2.04,2.08,2.02,2.05,7740,0
VTL,D,20190822,000000,2.05,2.05,1.94,1.995,49643,0
VTL,D,20190823,000000,2.01,2.01,1.935,1.935,11271,0
VTL,D,20190826,000000,2,2,1.85,1.97,49166,0
VTL,D,20190827,000000,1.915,1.97,1.915,1.97,4260,0
VTL,D,20190828,000000,1.97,1.97,1.905,1.97,1873,0
VTL,D,20190829,000000,2.02,2.03,2,2.03,8091,0
VTL,D,20190830,000000,2.03,2.03,2,2.03,2274,0
VTL,D,20190902,000000,2.03,2.03,1.9,1.995,6753,0
VTL,D,20190903,000000,1.96,2.01,1.9,1.965,9948,0
VTL,D,20190904,000000,1.87,2.25,1.87,2.1,114761,0
VTL,D,20190905,000000,2.15,2.15,2,2,41845,0
VTL,D,20190906,000000,2.04,2.21,2.04,2.17,101652,0
VTL,D,20190909,000000,2.16,2.22,2.1,2.1,29238,0
VTL,D,20190910,000000,2.19,2.19,2.09,2.15,8416,0
VTL,D,20190911,000000,2.18,2.18,2,2.07,29329,0
VTL,D,20190912,000000,2.01,2.12,2.01,2.04,7008,0
VTL,D,20190913,000000,2.06,2.06,1.98,2.02,16026,0
VTL,D,20190916,000000,2.04,2.04,1.95,2,3446,0
VTL,D,20190917,000000,2.02,2.03,1.9,1.985,48395,0
VTL,D,20190918,000000,1.92,1.985,1.92,1.965,13564,0
VTL,D,20190919,000000,1.985,1.985,1.89,1.97,24038,0
VTL,D,20190920,000000,1.98,1.995,1.9,1.985,16147,0
VTL,D,20190923,000000,1.95,1.985,1.91,1.975,12390,0
VTL,D,20190924,000000,1.97,1.975,1.925,1.975,15748,0
VTL,D,20190925,000000,1.985,1.985,1.93,1.98,18219,0
VTL,D,20190926,000000,1.98,2.03,1.935,1.985,7395,0
VTL,D,20190927,000000,2.02,2.02,1.97,2.02,4796,0
VTL,D,20190930,000000,2.03,2.07,1.98,2.07,15269,0
VTL,D,20191001,000000,2.1,2.2,2.02,2.09,79663,0
VTL,D,20191002,000000,2.09,2.14,1.96,2,29403,0
VTL,D,20191003,000000,2.03,2.03,1.91,1.99,6260,0
VTL,D,20191004,000000,1.985,2.07,1.9,1.97,19982,0
VTL,D,20191007,000000,1.985,1.985,1.95,1.95,4401,0
VTL,D,20191008,000000,1.985,2.05,1.915,1.93,47913,0
VTL,D,20191009,000000,2.04,2.04,1.945,2.01,2838,0
VTL,D,20191010,000000,2.04,2.11,1.945,2.06,45780,0
VTL,D,20191011,000000,2,2.04,1.96,2.03,16520,0
VTL,D,20191014,000000,2,2.03,1.965,2,2084,0
VTL,D,20191015,000000,2.03,2.03,1.95,2,3979,0
VTL,D,20191016,000000,2.03,2.03,1.94,2.02,8022,0
VTL,D,20191017,000000,1.97,2.04,1.93,1.98,25801,0
VTL,D,20191018,000000,1.98,2,1.95,1.99,6544,0
VTL,D,20191021,000000,2.01,2.01,1.91,1.94,18574,0
VTL,D,20191022,000000,1.94,1.99,1.9,1.965,20517,0
VTL,D,20191023,000000,1.96,1.98,1.91,1.98,2506,0
VTL,D,20191024,000000,1.99,1.99,1.9,1.97,2543,0
VTL,D,20191025,000000,1.9,1.97,1.9,1.955,4432,0
VTL,D,20191028,000000,1.965,1.965,1.85,1.895,14494,0
VTL,D,20191029,000000,1.92,1.93,1.825,1.92,9800,0
VTL,D,20191030,000000,1.91,1.925,1.85,1.925,4907,0
VTL,D,20191031,000000,1.925,1.925,1.825,1.895,7337,0
VTL,D,20191104,000000,1.83,1.89,1.71,1.785,49183,0
VTL,D,20191105,000000,1.805,1.805,1.68,1.755,24283,0
VTL,D,20191106,000000,1.75,1.795,1.7,1.795,18859,0
VTL,D,20191107,000000,1.79,1.79,1.74,1.785,11173,0
VTL,D,20191108,000000,1.785,1.85,1.76,1.8,7070,0
VTL,D,20191112,000000,1.845,1.85,1.78,1.85,2633,0
VTL,D,20191113,000000,1.85,1.85,1.77,1.82,5623,0
VTL,D,20191114,000000,1.82,1.82,1.715,1.77,23498,0
VTL,D,20191115,000000,1.76,1.775,1.705,1.775,5528,0
VTL,D,20191118,000000,1.705,1.79,1.705,1.76,14084,0
VTL,D,20191119,000000,1.755,1.755,1.7,1.705,12629,0
VTL,D,20191120,000000,1.72,1.755,1.68,1.705,10654,0
VTL,D,20191121,000000,1.74,1.78,1.65,1.775,22919,0
VTL,D,20191122,000000,1.79,1.79,1.705,1.77,10097,0
VTL,D,20191125,000000,1.77,1.77,1.71,1.77,9827,0
VTL,D,20191126,000000,1.765,1.78,1.715,1.78,3503,0
VTL,D,20191127,000000,1.77,1.795,1.72,1.77,5895,0
VTL,D,20191128,000000,1.79,2.1,1.79,2,264487,0
VTL,D,20191129,000000,2.12,2.28,2.1,2.11,194847,0
VTL,D,20191202,000000,2.26,2.65,2.15,2.44,637932,0
VTL,D,20191203,000000,2.44,2.57,2.25,2.26,90588,0
VTL,D,20191204,000000,2.26,2.48,2.19,2.43,209610,0
VTL,D,20191205,000000,2.48,2.48,2.31,2.36,28159,0
VTL,D,20191206,000000,2.33,2.41,2.2,2.23,66582,0
VTL,D,20191209,000000,2.31,2.31,2.15,2.17,30655,0
VTL,D,20191210,000000,2.23,2.23,2.11,2.13,31834,0
VTL,D,20191211,000000,2.19,2.19,2.1,2.13,15790,0
VTL,D,20191212,000000,2.17,2.18,2.1,2.17,22150,0
VTL,D,20191213,000000,2.18,2.24,2.08,2.19,33205,0
VTL,D,20191216,000000,2.2,2.28,2.15,2.18,52292,0
VTL,D,20191217,000000,2.26,2.26,2.15,2.19,14173,0
VTL,D,20191218,000000,2.19,2.19,2.11,2.11,13013,0
VTL,D,20191219,000000,2.11,2.23,2.11,2.2,36720,0
VTL,D,20191220,000000,2.15,2.2,2.12,2.14,14646,0
VTL,D,20191223,000000,2.13,2.17,2.11,2.17,24025,0
VTL,D,20191227,000000,2.17,2.17,2.08,2.13,45099,0
VTL,D,20191230,000000,2.11,2.12,2.02,2.05,35907,0
VTL,D,20200102,000000,2.08,2.08,1.99,2.07,35247,0
VTL,D,20200103,000000,2.1,2.1,2.01,2.09,14928,0
VTL,D,20200107,000000,2.12,2.16,2.09,2.14,26836,0
VTL,D,20200108,000000,2.14,2.14,2.06,2.11,12667,0
VTL,D,20200109,000000,2.11,2.11,2.07,2.08,4525,0
VTL,D,20200110,000000,2.08,2.16,2.03,2.07,40546,0
VTL,D,20200113,000000,2.11,2.22,2.04,2.17,64422,0
VTL,D,20200114,000000,2.21,2.21,2.07,2.07,38588,0
VTL,D,20200115,000000,2.1,2.13,1.95,2.01,111352,0
VTL,D,20200116,000000,2.05,2.05,1.94,2,29590,0
VTL,D,20200117,000000,2,2,1.94,2,14073,0
VTL,D,20200120,000000,1.91,2.13,1.91,2,86387,0
VTL,D,20200121,000000,2,2.05,1.95,2.01,8714,0
VTL,D,20200122,000000,2.01,2.03,1.96,2,9282,0
VTL,D,20200123,000000,2,2,1.92,1.96,6897,0
VTL,D,20200124,000000,1.985,1.985,1.95,1.975,2240,0
VTL,D,20200127,000000,1.975,2.04,1.94,1.985,9226,0
VTL,D,20200128,000000,1.99,1.99,1.945,1.97,3086,0
VTL,D,20200129,000000,1.92,1.985,1.91,1.965,12697,0
VTL,D,20200130,000000,1.98,1.98,1.9,1.935,17292,0
VTL,D,20200131,000000,1.94,1.94,1.865,1.935,8842,0
VTL,D,20200203,000000,1.935,1.935,1.85,1.9,18051,0
VTL,D,20200204,000000,1.93,1.93,1.81,1.86,20955,0
VTL,D,20200205,000000,1.86,1.93,1.86,1.89,9827,0
VTL,D,20200206,000000,1.89,1.915,1.825,1.9,18945,0
VTL,D,20200207,000000,1.9,1.91,1.855,1.88,4856,0
VTL,D,20200210,000000,1.88,1.93,1.88,1.92,8064,0
VTL,D,20200211,000000,1.81,1.92,1.81,1.87,13701,0
VTL,D,20200212,000000,1.87,1.93,1.87,1.885,4573,0
VTL,D,20200213,000000,1.9,2.07,1.9,1.975,68316,0
VTL,D,20200214,000000,1.98,1.98,1.85,1.88,20598,0
VTL,D,20200217,000000,1.9,1.915,1.85,1.86,7086,0
VTL,D,20200218,000000,1.9,1.9,1.84,1.85,9666,0
VTL,D,20200219,000000,1.86,1.95,1.84,1.89,18396,0
VTL,D,20200220,000000,1.85,2.05,1.85,1.88,102287,0
VTL,D,20200221,000000,1.88,1.905,1.81,1.89,45766,0
VTL,D,20200224,000000,1.905,1.905,1.8,1.84,44212,0
VTL,D,20200225,000000,1.815,1.855,1.8,1.835,18537,0
VTL,D,20200226,000000,1.8,1.86,1.72,1.765,27945,0
VTL,D,20200227,000000,1.77,1.77,1.595,1.62,93351,0
VTL,D,20200228,000000,1.59,1.59,1.44,1.51,64437,0
VTL,D,20200302,000000,1.51,1.6,1.51,1.56,32893,0
VTL,D,20200303,000000,1.55,1.695,1.54,1.62,63590,0
VTL,D,20200304,000000,1.68,1.68,1.525,1.64,4082,0
VTL,D,20200305,000000,1.635,1.68,1.6,1.64,13280,0
VTL,D,20200306,000000,1.655,1.66,1.55,1.645,4326,0
VTL,D,20200309,000000,1.51,1.59,1.31,1.395,68997,0
VTL,D,20200310,000000,1.35,1.435,1.31,1.34,69313,0
VTL,D,20200311,000000,1.3,1.315,1.235,1.25,25655,0
VTL,D,20200312,000000,1.215,1.215,0.976,1.03,37490,0
VTL,D,20200313,000000,0.86,1.08,0.85,1.05,69722,0
VTL,D,20200316,000000,0.994,1.075,0.95,1.01,17314,0
VTL,D,20200317,000000,0.956,1.08,0.956,1.07,81952,0
VTL,D,20200318,000000,1.06,1.09,1.01,1.07,43251,0
VTL,D,20200319,000000,1.05,1.08,1.025,1.05,31072,0
VTL,D,20200320,000000,1.065,1.25,1.065,1.14,96239,0
VTL,D,20200323,000000,1.1,1.1,1,1.025,39784,0
VTL,D,20200324,000000,1.045,1.045,0.95,0.99,34639,0
VTL,D,20200325,000000,1.02,1.11,0.958,0.962,189798,0
VTL,D,20200326,000000,0.996,0.996,0.95,0.986,11236,0
VTL,D,20200327,000000,0.98,0.986,0.954,0.98,10163,0
VTL,D,20200330,000000,0.978,0.978,0.934,0.96,16289,0
VTL,D,20200331,000000,0.974,0.984,0.936,0.97,21831,0
VTL,D,20200401,000000,0.93,0.95,0.896,0.944,35057,0
VTL,D,20200402,000000,0.947,0.952,0.938,0.938,6970,0
VTL,D,20200403,000000,0.942,0.942,0.87,0.916,44716,0
VTL,D,20200406,000000,0.9,0.97,0.9,0.96,45193,0
VTL,D,20200407,000000,0.98,1.05,0.969,1.05,72529,0
VTL,D,20200408,000000,1.034,1.034,0.962,1.01,36527,0
VTL,D,20200409,000000,1.008,1.06,1,1.048,38329,0
VTL,D,20200414,000000,1.05,1.14,1.01,1.12,171180,0
VTL,D,20200415,000000,1.14,1.148,1.052,1.07,37446,0
VTL,D,20200416,000000,1.106,1.12,1.05,1.06,31622,0
VTL,D,20200417,000000,1.056,1.118,1.052,1.116,44805,0
VTL,D,20200420,000000,1.138,1.218,1.114,1.194,65244,0
VTL,D,20200421,000000,1.238,1.24,1.122,1.176,51466,0
VTL,D,20200422,000000,1.176,1.22,1.176,1.188,13222,0
VTL,D,20200423,000000,1.21,1.21,1.17,1.196,11670,0
VTL,D,20200424,000000,1.216,1.288,1.2,1.28,45840,0
VTL,D,20200427,000000,1.302,1.56,1.302,1.472,144428,0
VTL,D,20200428,000000,1.57,1.59,1.502,1.57,46884,0
VTL,D,20200429,000000,1.572,1.6,1.454,1.546,36540,0
VTL,D,20200430,000000,1.546,1.546,1.432,1.49,31983,0
VTL,D,20200504,000000,1.442,1.55,1.426,1.478,59409,0
VTL,D,20200505,000000,1.478,1.478,1.402,1.41,27181,0
VTL,D,20200506,000000,1.408,1.446,1.302,1.32,33149,0
VTL,D,20200507,000000,1.32,1.32,1.25,1.288,50973,0
VTL,D,20200508,000000,1.3,1.388,1.3,1.34,19440,0
VTL,D,20200511,000000,1.388,1.41,1.222,1.31,36202,0
VTL,D,20200512,000000,1.274,1.34,1.274,1.33,15785,0
VTL,D,20200513,000000,1.252,1.376,1.252,1.368,28894,0
VTL,D,20200514,000000,1.374,1.398,1.266,1.266,34594,0
VTL,D,20200515,000000,1.32,1.34,1.27,1.3,7690,0
VTL,D,20200518,000000,1.36,1.36,1.29,1.32,11114,0
VTL,D,20200519,000000,1.358,1.358,1.31,1.348,3159,0
VTL,D,20200520,000000,1.352,1.398,1.312,1.37,31501,0
VTL,D,20200521,000000,1.388,1.44,1.32,1.428,17642,0
VTL,D,20200522,000000,1.45,1.536,1.4,1.48,26256,0
VTL,D,20200525,000000,1.53,1.538,1.4,1.466,28160,0
VTL,D,20200526,000000,1.412,1.528,1.4,1.488,10561,0
VTL,D,20200527,000000,1.516,1.516,1.44,1.48,6739,0
VTL,D,20200528,000000,1.458,1.5,1.412,1.496,32578,0
VTL,D,20200529,000000,1.49,1.498,1.432,1.494,15825,0
VTL,D,20200601,000000,1.434,1.434,1.3,1.396,76280,0
VTL,D,20200602,000000,1.42,1.43,1.352,1.38,25219,0
VTL,D,20200603,000000,1.4,1.448,1.39,1.418,21289,0
VTL,D,20200604,000000,1.4,1.4,1.37,1.37,9887,0
VTL,D,20200605,000000,1.4,1.49,1.38,1.4,85606,0
VTL,D,20200608,000000,1.4,1.44,1.38,1.39,9184,0
VTL,D,20200609,000000,1.4,1.4,1.35,1.362,24887,0
VTL,D,20200610,000000,1.38,1.38,1.35,1.35,15759,0
VTL,D,20200612,000000,1.32,1.34,1.31,1.34,19328,0
VTL,D,20200615,000000,1.35,1.41,1.3,1.36,26113,0
VTL,D,20200616,000000,1.39,1.41,1.36,1.4,22230,0
VTL,D,20200617,000000,1.39,1.39,1.316,1.37,15176,0
VTL,D,20200618,000000,1.37,1.4,1.326,1.388,8702,0
VTL,D,20200619,000000,1.4,1.4,1.342,1.396,4685,0
VTL,D,20200622,000000,1.41,1.42,1.362,1.41,13086,0
VTL,D,20200623,000000,1.41,1.48,1.366,1.448,55022,0
VTL,D,20200624,000000,1.448,1.448,1.37,1.42,13333,0
VTL,D,20200625,000000,1.444,1.444,1.374,1.378,16943,0
VTL,D,20200626,000000,1.38,1.438,1.38,1.42,11702,0
VTL,D,20200629,000000,1.42,1.42,1.35,1.36,21250,0
VTL,D,20200630,000000,1.37,1.4,1.348,1.35,9249,0
VTL,D,20200701,000000,1.348,1.4,1.348,1.39,10655,0
VTL,D,20200702,000000,1.42,1.42,1.372,1.42,4519,0
VTL,D,20200703,000000,1.38,1.408,1.38,1.4,216,0
VTL,D,20200706,000000,1.408,1.408,1.324,1.39,19690,0
VTL,D,20200707,000000,1.338,1.39,1.338,1.35,11412,0
VTL,D,20200708,000000,1.33,1.38,1.33,1.38,6055,0
VTL,D,20200709,000000,1.428,1.428,1.344,1.362,4962,0
VTL,D,20200710,000000,1.408,1.408,1.362,1.39,7801,0
