<TICKER>,<PER>,<DATE>,<TIME>,<OPEN>,<HIGH>,<LOW>,<CLOSE>,<VOL>,<OPENINT>
WPL,D,20150507,000000,33.249,33.957,32.636,33.014,472765,0
WPL,D,20150508,000000,33.561,33.58,33.061,33.136,25261,0
WPL,D,20150511,000000,33.485,33.485,33.014,33.014,90846,0
WPL,D,20150512,000000,33.108,33.108,32.919,32.919,103635,0
WPL,D,20150513,000000,32.835,32.966,32.353,32.353,3329,0
WPL,D,20150514,000000,32.448,32.872,32.118,32.872,2770,0
WPL,D,20150515,000000,32.542,33.201,32.542,33.201,3198,0
WPL,D,20150518,000000,33.344,33.485,32.844,32.844,14446,0
WPL,D,20150519,000000,32.731,32.872,32.731,32.825,61414,0
WPL,D,20150520,000000,32.778,33.391,32.778,32.825,2585,0
WPL,D,20150521,000000,33.485,33.485,33.022,33.022,535,0
WPL,D,20150522,000000,32.749,33.467,32.749,32.844,51953,0
WPL,D,20150525,000000,33.372,33.372,33.372,33.372,154,0
WPL,D,20150526,000000,32.872,32.872,32.872,32.872,66,0
WPL,D,20150527,000000,32.552,33.014,32.552,32.778,82140,0
WPL,D,20150528,000000,32.731,32.862,32.562,32.778,43361,0
WPL,D,20150529,000000,32.458,32.919,32.458,32.825,13947,0
WPL,D,20150601,000000,32.731,32.872,32.589,32.778,6375,0
WPL,D,20150602,000000,32.731,32.778,32.542,32.778,27225,0
WPL,D,20150603,000000,32.542,32.825,32.542,32.711,16114,0
WPL,D,20150605,000000,32.684,32.684,32.636,32.636,34642,0
WPL,D,20150608,000000,32.617,32.825,32.617,32.825,5852,0
WPL,D,20150609,000000,32.636,32.636,32.636,32.636,35449,0
WPL,D,20150610,000000,32.636,32.731,32.562,32.599,13622,0
WPL,D,20150611,000000,32.731,32.731,32.562,32.589,52790,0
WPL,D,20150612,000000,32.684,32.684,32.589,32.589,8141,0
WPL,D,20150615,000000,32.825,32.825,32.636,32.636,3509,0
WPL,D,20150616,000000,32.636,32.778,32.522,32.778,22716,0
WPL,D,20150617,000000,32.825,32.825,32.684,32.731,15398,0
WPL,D,20150618,000000,32.778,32.872,32.778,32.806,4009,0
WPL,D,20150619,000000,32.778,32.919,32.522,32.522,12937,0
WPL,D,20150622,000000,32.552,32.731,32.552,32.636,4190,0
WPL,D,20150623,000000,32.825,32.825,32.636,32.636,6797,0
WPL,D,20150624,000000,32.646,32.919,32.646,32.797,14670,0
WPL,D,20150625,000000,32.731,32.825,32.731,32.731,1180,0
WPL,D,20150626,000000,32.636,32.636,32.579,32.617,659,0
WPL,D,20150629,000000,32.07,32.07,29.571,31.787,10662,0
WPL,D,20150630,000000,31.609,31.787,31.609,31.759,1114,0
WPL,D,20150701,000000,31.759,32.901,31.759,32.881,14993,0
WPL,D,20150702,000000,32.901,32.938,32.259,32.872,11864,0
WPL,D,20150703,000000,32.872,32.938,32.249,32.542,16164,0
WPL,D,20150706,000000,32.306,32.919,32.118,32.919,46125,0
WPL,D,20150707,000000,32.542,32.731,32.542,32.542,2154,0
WPL,D,20150708,000000,32.825,32.825,32.542,32.542,16765,0
WPL,D,20150709,000000,32.636,32.636,32.259,32.542,4851,0
WPL,D,20150710,000000,32.542,32.815,32.495,32.542,74617,0
WPL,D,20150713,000000,32.731,32.731,32.07,32.335,17805,0
WPL,D,20150714,000000,32.391,32.419,32.07,32.306,12103,0
WPL,D,20150715,000000,32.306,32.636,32.089,32.636,4011,0
WPL,D,20150716,000000,32.731,33.872,32.636,33.674,36419,0
WPL,D,20150717,000000,33.494,34.551,33.494,34.542,262211,0
WPL,D,20150720,000000,34.542,34.542,34.004,34.428,18256,0
WPL,D,20150721,000000,34.428,34.787,34.146,34.787,9727,0
WPL,D,20150722,000000,34.806,34.806,34.626,34.806,10764,0
WPL,D,20150723,000000,34.712,34.806,34.532,34.617,5444,0
WPL,D,20150724,000000,34.806,34.9,34.712,34.9,40862,0
WPL,D,20150727,000000,35.042,35.183,34.712,34.72,7441,0
WPL,D,20150728,000000,34.73,35.069,34.73,34.9,2532,0
WPL,D,20150729,000000,34.9,35.042,34.881,34.881,12213,0
WPL,D,20150730,000000,34.881,34.9,34.881,34.9,867,0
WPL,D,20150731,000000,34.9,35.466,34.9,35.466,16155,0
WPL,D,20150803,000000,35.466,35.842,35.466,35.842,6526,0
WPL,D,20150804,000000,35.842,35.842,34.9,34.9,2098,0
WPL,D,20150805,000000,34.9,35.56,34.9,35.419,93849,0
WPL,D,20150806,000000,35.419,35.608,34.995,35.325,5902,0
WPL,D,20150807,000000,35.325,35.325,34.9,35.042,4595,0
WPL,D,20150810,000000,35.042,35.042,34.9,34.9,3402,0
WPL,D,20150811,000000,34.9,34.995,34.712,34.9,20007,0
WPL,D,20150812,000000,34.9,34.9,34.72,34.768,3043,0
WPL,D,20150813,000000,34.768,34.995,34.768,34.9,3549,0
WPL,D,20150814,000000,34.806,34.9,34.712,34.768,5997,0
WPL,D,20150817,000000,34.712,34.9,34.712,34.853,2222,0
WPL,D,20150818,000000,34.853,34.995,34.853,34.995,2202,0
WPL,D,20150819,000000,35.089,35.183,34.853,34.947,7276,0
WPL,D,20150820,000000,34.947,34.947,34.881,34.947,13728,0
WPL,D,20150821,000000,34.881,35.23,34.816,34.947,5160,0
WPL,D,20150824,000000,34.9,34.9,33.485,33.957,13610,0
WPL,D,20150825,000000,33.957,34.589,33.957,34.428,25339,0
WPL,D,20150826,000000,34.428,34.475,34.24,34.428,1500,0
WPL,D,20150827,000000,34.702,34.702,34.57,34.617,2621,0
WPL,D,20150828,000000,34.9,35.466,34.89,35.466,8916,0
WPL,D,20150831,000000,35.362,35.56,35.325,35.466,2071,0
WPL,D,20150901,000000,35.466,35.654,34.928,35.654,3876,0
WPL,D,20150902,000000,35.466,35.748,35.004,35.466,38516,0
WPL,D,20150903,000000,35.654,36.88,35.372,36.88,148529,0
WPL,D,20150904,000000,36.88,37.249,36.787,37.061,6539,0
WPL,D,20150907,000000,36.834,37.069,36.409,36.598,36995,0
WPL,D,20150908,000000,36.315,36.504,35.466,35.654,31394,0
WPL,D,20150909,000000,35.654,36.362,35.654,35.842,13149,0
WPL,D,20150910,000000,35.862,36.315,35.862,36.315,7079,0
WPL,D,20150911,000000,36.598,36.598,35.701,35.701,9211,0
WPL,D,20150914,000000,35.466,35.654,34.532,35.654,14459,0
WPL,D,20150915,000000,35.654,35.654,35.183,35.249,666,0
WPL,D,20150916,000000,35.353,35.748,35.287,35.748,12264,0
WPL,D,20150917,000000,35.372,35.372,34.494,34.617,3236,0
WPL,D,20150918,000000,35.183,35.183,34.825,35.116,13072,0
WPL,D,20150921,000000,35.372,35.654,35.278,35.654,2190,0
WPL,D,20150922,000000,35.748,35.985,35.475,35.891,47917,0
WPL,D,20150923,000000,35.891,36.079,35.891,36.032,7456,0
WPL,D,20150924,000000,36.032,36.551,36.032,36.551,29614,0
WPL,D,20150925,000000,35.994,37.447,35.994,36.994,160468,0
WPL,D,20150928,000000,36.994,37.116,36.315,36.787,90570,0
WPL,D,20150929,000000,35.947,36.88,35.466,36.787,51157,0
WPL,D,20150930,000000,37.022,37.258,36.787,37.258,6542,0
WPL,D,20151001,000000,37.353,37.353,37.069,37.258,7698,0
WPL,D,20151002,000000,36.787,37.258,36.126,37.258,6801,0
WPL,D,20151005,000000,37.258,37.258,36.805,37.258,12685,0
WPL,D,20151006,000000,37.494,37.494,37.154,37.484,6654,0
WPL,D,20151007,000000,37.484,37.532,36.927,37.484,11198,0
WPL,D,20151008,000000,37.484,37.484,37.296,37.484,41899,0
WPL,D,20151009,000000,37.447,37.852,36.927,37.616,32590,0
WPL,D,20151012,000000,37.636,37.636,37.541,37.541,1601,0
WPL,D,20151013,000000,37.494,37.494,37.031,37.24,2423,0
WPL,D,20151014,000000,37.541,37.541,37.079,37.116,694,0
WPL,D,20151015,000000,37.069,37.249,37.069,37.249,8783,0
WPL,D,20151016,000000,37.249,37.447,37.126,37.447,10547,0
WPL,D,20151019,000000,37.183,37.447,37.183,37.324,2112,0
WPL,D,20151020,000000,37.4,37.447,37.183,37.4,1705,0
WPL,D,20151021,000000,37.079,37.4,37.079,37.4,14533,0
WPL,D,20151022,000000,37.353,37.437,37.353,37.4,1379,0
WPL,D,20151023,000000,37.258,37.541,37.258,37.532,51156,0
WPL,D,20151026,000000,37.541,38.201,37.541,38.107,4336,0
WPL,D,20151027,000000,38.107,38.673,38.107,38.342,49611,0
WPL,D,20151028,000000,38.295,38.598,38.201,38.522,11879,0
WPL,D,20151029,000000,38.522,38.541,37.872,38.541,15782,0
WPL,D,20151030,000000,38.485,38.485,38.211,38.485,3116,0
WPL,D,20151102,000000,38.013,38.485,38.013,38.485,3825,0
WPL,D,20151103,000000,38.485,38.795,38.485,38.795,4897,0
WPL,D,20151104,000000,38.701,39.051,38.701,38.701,2117,0
WPL,D,20151105,000000,38.701,38.862,38.485,38.842,2561,0
WPL,D,20151106,000000,38.842,39.125,38.485,38.673,19302,0
WPL,D,20151109,000000,39.051,39.051,38.201,38.579,50783,0
WPL,D,20151110,000000,38.485,38.485,38.116,38.295,602,0
WPL,D,20151112,000000,38.579,38.673,38.485,38.485,1124,0
WPL,D,20151113,000000,38.267,38.485,38.267,38.389,321,0
WPL,D,20151116,000000,37.72,38.389,36.787,37.636,17112,0
WPL,D,20151117,000000,37.73,37.73,37.636,37.636,5016,0
WPL,D,20151118,000000,37.636,37.683,37.362,37.636,2033,0
WPL,D,20151119,000000,37.636,37.73,37.56,37.636,8485,0
WPL,D,20151120,000000,37.589,37.824,37.56,37.673,1752,0
WPL,D,20151123,000000,37.636,37.636,37.541,37.636,6986,0
WPL,D,20151124,000000,37.636,37.72,36.862,37.636,3517,0
WPL,D,20151125,000000,37.636,37.636,37.22,37.636,5702,0
WPL,D,20151126,000000,37.636,37.956,37.636,37.646,13590,0
WPL,D,20151127,000000,37.646,37.646,37.616,37.636,26944,0
WPL,D,20151130,000000,37.636,37.663,37.371,37.636,1713,0
WPL,D,20151201,000000,37.4,37.636,37.353,37.484,4253,0
WPL,D,20151202,000000,36.89,37.616,36.89,37.532,5451,0
WPL,D,20151203,000000,37.532,37.636,37.24,37.589,4520,0
WPL,D,20151204,000000,37.616,37.616,36.504,37.069,9231,0
WPL,D,20151207,000000,36.721,37.73,36.721,37.353,14146,0
WPL,D,20151208,000000,36.796,37.636,36.796,37.031,20313,0
WPL,D,20151209,000000,36.974,37.154,36.419,36.88,8350,0
WPL,D,20151210,000000,36.032,36.598,36.032,36.183,1187,0
WPL,D,20151211,000000,36.126,36.126,33.117,33.984,3102,0
WPL,D,20151214,000000,34.428,34.428,32.684,33.014,10678,0
WPL,D,20151215,000000,32.901,34.108,32.901,34.108,2346,0
WPL,D,20151216,000000,34.108,35.419,34.108,34.9,7514,0
WPL,D,20151217,000000,35.522,35.842,35.004,35.842,5453,0
WPL,D,20151218,000000,34.995,36.305,34.995,36.201,107634,0
WPL,D,20151221,000000,36.201,36.598,36.079,36.409,61445,0
WPL,D,20151222,000000,36.598,36.787,36.409,36.692,3575,0
WPL,D,20151223,000000,36.608,37.683,36.608,37.258,55482,0
WPL,D,20151228,000000,37.589,37.73,37.022,37.73,58751,0
WPL,D,20151229,000000,37.73,37.73,36.89,36.89,6117,0
WPL,D,20151230,000000,37.164,37.663,37.164,37.636,1964,0
WPL,D,20160104,000000,37.258,37.258,36.551,36.787,1470,0
WPL,D,20160105,000000,36.984,36.984,36.984,36.984,742,0
WPL,D,20160107,000000,36.787,36.787,36.315,36.787,1174,0
WPL,D,20160108,000000,36.787,36.787,36.136,36.777,979,0
WPL,D,20160111,000000,36.787,36.787,35.862,36.136,61,0
WPL,D,20160112,000000,35.862,36.315,35.862,36.315,27184,0
WPL,D,20160113,000000,36.315,36.409,35.881,36.409,206,0
WPL,D,20160114,000000,35.862,35.862,35.513,35.842,7114,0
WPL,D,20160115,000000,35.842,36.174,34.9,35.985,4956,0
WPL,D,20160118,000000,35.842,35.842,34.73,35.419,19808,0
WPL,D,20160119,000000,35.278,35.278,34.457,35.089,1220,0
WPL,D,20160120,000000,35.069,35.372,34.098,35.372,2549,0
WPL,D,20160121,000000,35.372,35.372,33.957,33.957,2996,0
WPL,D,20160122,000000,33.967,34.428,33.58,33.58,1716,0
WPL,D,20160125,000000,35.258,35.258,33.957,34.9,166,0
WPL,D,20160126,000000,33.768,34.428,33.768,34.42,33054,0
WPL,D,20160127,000000,33.768,34.38,33.211,34.306,80662,0
WPL,D,20160128,000000,34.428,36.315,34.428,36.126,11947,0
WPL,D,20160129,000000,35.202,36.551,35.202,36.551,467,0
WPL,D,20160201,000000,35.654,36.409,35.654,36.268,265,0
WPL,D,20160202,000000,35.852,36.315,35.852,36.108,278,0
WPL,D,20160203,000000,36.315,36.315,35.947,36.315,1044,0
WPL,D,20160204,000000,36.409,36.692,36.409,36.504,1765,0
WPL,D,20160205,000000,36.645,36.692,36.598,36.645,1390,0
WPL,D,20160208,000000,36.787,36.787,35.532,36.787,3017,0
WPL,D,20160209,000000,36.787,36.787,35.56,36.136,616,0
WPL,D,20160210,000000,36.315,36.409,36.315,36.325,1723,0
WPL,D,20160211,000000,36.504,36.504,35.872,36.315,447,0
WPL,D,20160212,000000,36.409,36.504,36.4,36.4,1921,0
WPL,D,20160215,000000,36.4,36.437,35.852,36.315,2892,0
WPL,D,20160216,000000,36.409,36.409,36.221,36.221,1457,0
WPL,D,20160217,000000,35.842,36.221,35.842,36.221,515,0
WPL,D,20160218,000000,35.842,36.409,35.381,36.032,513,0
WPL,D,20160219,000000,36.126,36.598,36.126,36.588,3524,0
WPL,D,20160222,000000,36.692,37.164,36.126,36.692,5541,0
WPL,D,20160223,000000,36.787,36.787,36.447,36.787,1012,0
WPL,D,20160224,000000,37.069,37.069,36.504,36.787,983,0
WPL,D,20160225,000000,36.787,36.787,36.334,36.777,734,0
WPL,D,20160226,000000,36.325,37.258,36.325,37.164,29433,0
WPL,D,20160229,000000,37.164,37.353,36.927,37.353,2938,0
WPL,D,20160301,000000,37.447,37.626,37.069,37.447,1747,0
WPL,D,20160302,000000,37.494,37.494,37.108,37.494,1959,0
WPL,D,20160303,000000,37.494,37.494,37.258,37.267,502,0
WPL,D,20160304,000000,36.994,37.494,36.994,37.306,3883,0
WPL,D,20160307,000000,37.475,37.475,36.362,36.919,3352,0
WPL,D,20160308,000000,36.787,36.974,36.787,36.974,1202,0
WPL,D,20160309,000000,36.88,37.579,36.88,37.579,3593,0
WPL,D,20160310,000000,37.598,38.342,37.457,37.457,3997,0
WPL,D,20160311,000000,37.466,37.73,37.108,37.108,954,0
WPL,D,20160314,000000,37.541,37.541,36.88,37.494,243,0
WPL,D,20160315,000000,37.447,37.447,37.022,37.022,695,0
WPL,D,20160316,000000,37.022,37.494,37.022,37.437,3396,0
WPL,D,20160317,000000,37.447,37.653,37.079,37.653,23729,0
WPL,D,20160318,000000,37.73,38.663,37.663,38.154,11643,0
WPL,D,20160321,000000,38.107,38.107,37.749,37.834,8196,0
WPL,D,20160322,000000,37.767,38.295,37.767,38.295,11527,0
WPL,D,20160323,000000,38.437,39.616,38.437,38.673,8992,0
WPL,D,20160324,000000,39.239,39.239,38.673,39.145,696,0
WPL,D,20160329,000000,39.154,39.427,38.682,38.862,3995,0
WPL,D,20160330,000000,38.862,39.125,38.862,38.956,13129,0
WPL,D,20160331,000000,39.051,39.098,38.862,39.098,6442,0
WPL,D,20160401,000000,38.909,39.427,38.72,38.862,5383,0
WPL,D,20160404,000000,38.984,38.984,38.909,38.909,444,0
WPL,D,20160405,000000,39.031,39.031,38.673,38.909,11966,0
WPL,D,20160406,000000,38.909,38.909,38.852,38.88,17044,0
WPL,D,20160407,000000,38.909,40.748,38.909,39.616,112726,0
WPL,D,20160408,000000,39.9,40.55,38.909,40.531,48925,0
WPL,D,20160411,000000,40.56,41.823,40.54,41.503,12444,0
WPL,D,20160412,000000,41.692,44.333,41.692,43.379,185519,0
WPL,D,20160413,000000,44.239,44.286,42.455,42.455,23199,0
WPL,D,20160414,000000,42.465,43.389,42.465,42.908,1951,0
WPL,D,20160415,000000,43.068,43.078,40.842,41.503,8229,0
WPL,D,20160418,000000,41.483,41.483,40.795,40.871,3807,0
WPL,D,20160419,000000,41.031,42.342,41.031,42.304,3769,0
WPL,D,20160420,000000,42.304,42.635,42.05,42.446,3216,0
WPL,D,20160421,000000,42.05,42.05,41.087,41.483,1776,0
WPL,D,20160422,000000,41.474,41.474,41.05,41.399,19769,0
WPL,D,20160425,000000,41.22,41.974,41.22,41.974,6440,0
WPL,D,20160426,000000,41.597,41.984,41.305,41.314,2180,0
WPL,D,20160427,000000,41.22,41.22,39.861,40.466,5139,0
WPL,D,20160428,000000,40.418,42.068,40.418,41.833,6051,0
WPL,D,20160429,000000,41.607,42.446,41.607,42.446,1425,0
WPL,D,20160502,000000,42.918,42.918,41.126,42.871,1285,0
WPL,D,20160504,000000,42.871,43.379,42.635,43.379,4833,0
WPL,D,20160505,000000,43.379,43.379,42.494,42.494,1320,0
WPL,D,20160506,000000,42.267,42.267,41.409,41.409,1885,0
WPL,D,20160509,000000,41.409,41.503,41.031,41.314,4974,0
WPL,D,20160510,000000,41.22,41.362,41.031,41.031,68546,0
WPL,D,20160511,000000,41.031,42.145,41.031,42.145,14599,0
WPL,D,20160512,000000,42.162,42.729,42.162,42.729,39743,0
WPL,D,20160513,000000,42.918,45.276,42.446,45.276,20622,0
WPL,D,20160516,000000,45.276,46.833,45.276,46.597,31707,0
WPL,D,20160517,000000,46.691,47.059,45.888,45.888,3845,0
WPL,D,20160518,000000,45.898,46.879,45.794,46.644,22768,0
WPL,D,20160519,000000,46.624,46.624,45.418,45.418,3284,0
WPL,D,20160520,000000,45.418,45.7,44.473,45.266,3584,0
WPL,D,20160523,000000,44.342,44.342,43.879,43.879,783,0
WPL,D,20160524,000000,44.333,44.333,42.72,43.833,3044,0
WPL,D,20160525,000000,43.833,43.833,43.389,43.53,4315,0
WPL,D,20160527,000000,43.389,43.833,43.389,43.408,561,0
WPL,D,20160530,000000,43.436,44.323,43.389,44.229,1338,0
WPL,D,20160531,000000,44.229,44.333,42.71,44.144,1001,0
WPL,D,20160601,000000,43.012,43.851,42.824,43.389,1766,0
WPL,D,20160602,000000,43.134,44.013,42.71,43.767,851,0
WPL,D,20160603,000000,43.767,44.333,43.767,44.05,490,0
WPL,D,20160606,000000,43.399,44.304,43.399,43.493,1298,0
WPL,D,20160607,000000,43.389,44.144,43.389,43.399,3941,0
WPL,D,20160608,000000,43.389,44.144,42.824,43.861,26733,0
WPL,D,20160609,000000,44.804,44.804,43.767,44.239,31279,0
WPL,D,20160610,000000,44.333,44.795,43.861,44.795,910,0
WPL,D,20160613,000000,44.795,44.795,44.068,44.786,512,0
WPL,D,20160614,000000,44.153,44.699,43.389,44.692,4862,0
WPL,D,20160615,000000,43.861,43.861,43.861,43.861,116,0
WPL,D,20160616,000000,43.107,43.483,42.729,43.389,7521,0
WPL,D,20160617,000000,43.389,43.672,43.021,43.389,2985,0
WPL,D,20160620,000000,43.399,43.956,43.399,43.53,2284,0
WPL,D,20160621,000000,43.408,43.757,43.399,43.399,543,0
WPL,D,20160622,000000,43.399,44.04,43.399,43.946,477,0
WPL,D,20160623,000000,43.851,43.861,43.389,43.851,13972,0
WPL,D,20160624,000000,41.107,42.72,37.541,42.635,38883,0
WPL,D,20160627,000000,42.898,43.389,42.465,43.153,57629,0
WPL,D,20160628,000000,43.153,43.72,43.153,43.23,6175,0
WPL,D,20160629,000000,43.767,43.767,43.389,43.389,15235,0
WPL,D,20160630,000000,43.399,44.615,43.389,44.615,6979,0
WPL,D,20160701,000000,44.635,44.635,43.503,44.333,1871,0
WPL,D,20160704,000000,43.493,44.333,43.493,44.333,308,0
WPL,D,20160705,000000,44.333,44.333,43.672,43.672,389,0
WPL,D,20160706,000000,43.672,43.672,43.389,43.389,761,0
WPL,D,20160707,000000,44.795,44.795,43.483,43.483,362,0
WPL,D,20160708,000000,44.786,44.786,43.503,43.53,520,0
WPL,D,20160711,000000,43.625,43.625,43.389,43.436,366,0
WPL,D,20160712,000000,43.616,43.616,42.841,42.841,2094,0
WPL,D,20160713,000000,43.012,43.153,42.824,43.153,3922,0
WPL,D,20160714,000000,43.247,43.257,43.247,43.257,246,0
WPL,D,20160715,000000,43.861,43.861,42.824,43.427,295,0
WPL,D,20160718,000000,42.834,43.389,42.834,42.946,521,0
WPL,D,20160719,000000,42.927,43.956,42.927,43.2,297,0
WPL,D,20160720,000000,43.031,43.767,43.031,43.399,941,0
WPL,D,20160721,000000,42.918,43.691,42.918,43.2,510,0
WPL,D,20160722,000000,43.861,43.879,43.861,43.879,569,0
WPL,D,20160725,000000,43.87,44.36,43.569,43.569,438,0
WPL,D,20160726,000000,43.436,44.804,43.436,44.804,11113,0
WPL,D,20160727,000000,44.804,46.597,44.804,46.219,7487,0
WPL,D,20160728,000000,46.567,47.067,46.219,47.067,14352,0
WPL,D,20160729,000000,47.067,47.067,46.728,47.02,45488,0
WPL,D,20160801,000000,47.02,47.02,45.653,45.993,2288,0
WPL,D,20160802,000000,46.879,46.879,46.228,46.681,867,0
WPL,D,20160803,000000,46.879,46.879,44.993,44.993,6783,0
WPL,D,20160804,000000,46.86,46.86,45.088,46.55,194,0
WPL,D,20160805,000000,45.465,46.163,45.286,45.512,1115,0
WPL,D,20160808,000000,46.219,46.314,46.219,46.219,961,0
WPL,D,20160809,000000,46.219,46.973,45.465,46.597,6205,0
WPL,D,20160810,000000,46.597,47.067,46.597,46.926,576,0
WPL,D,20160811,000000,46.597,46.926,46.597,46.597,796,0
WPL,D,20160812,000000,46.597,47.115,45.757,46.087,3018,0
WPL,D,20160816,000000,46.087,46.587,46.068,46.587,1188,0
WPL,D,20160817,000000,46.077,46.077,46.068,46.077,469,0
WPL,D,20160818,000000,46.087,46.171,45.597,46.171,339,0
WPL,D,20160819,000000,46.171,46.171,43.823,44.692,8962,0
WPL,D,20160822,000000,44.672,44.672,43.965,44.333,253,0
WPL,D,20160823,000000,44.333,46.115,44.239,46.115,5982,0
WPL,D,20160824,000000,44.908,45.7,44.908,45.172,294,0
WPL,D,20160825,000000,45.152,45.747,45.088,45.747,2131,0
WPL,D,20160826,000000,45.747,46.219,45.276,46.219,242,0
WPL,D,20160829,000000,45.568,45.568,45.276,45.286,707,0
WPL,D,20160830,000000,45.465,46.21,45.465,45.936,2738,0
WPL,D,20160831,000000,46.21,48.106,46.21,48.106,43125,0
WPL,D,20160901,000000,48.106,49.511,47.634,47.634,46441,0
WPL,D,20160902,000000,49.03,49.03,47.209,48.106,793,0
WPL,D,20160905,000000,48.059,49.03,48.059,49.03,3089,0
WPL,D,20160906,000000,49.03,51.407,48.125,51.398,6043,0
WPL,D,20160907,000000,51.407,54.425,51.407,52.68,52125,0
WPL,D,20160908,000000,53.661,53.746,52.444,53.67,4412,0
WPL,D,20160909,000000,53.67,53.67,52.444,52.822,8399,0
WPL,D,20160912,000000,52.86,53.67,51.878,51.878,8423,0
WPL,D,20160913,000000,51.878,52.803,51.549,51.878,3138,0
WPL,D,20160914,000000,52.067,52.255,51.407,51.501,3911,0
WPL,D,20160915,000000,51.539,51.878,50.652,50.841,2835,0
WPL,D,20160916,000000,50.925,51.076,50.276,50.37,3216,0
WPL,D,20160919,000000,50.37,51.661,50.37,51.124,2186,0
WPL,D,20160920,000000,51.596,52.161,51.133,51.171,2070,0
WPL,D,20160921,000000,51.407,51.407,50.039,50.237,7871,0
WPL,D,20160922,000000,50.746,51.878,50.18,51.878,3707,0
WPL,D,20160923,000000,51.878,51.925,51.218,51.869,56945,0
WPL,D,20160926,000000,51.501,51.869,50.935,51.124,4629,0
WPL,D,20160927,000000,51.029,51.388,50.756,50.982,11058,0
WPL,D,20160928,000000,51.822,51.822,50.378,50.935,339,0
WPL,D,20160929,000000,51.691,51.765,51.124,51.416,904,0
WPL,D,20160930,000000,51.218,53.105,51.218,52.718,744,0
WPL,D,20161003,000000,52.718,53.274,52.718,53.011,8544,0
WPL,D,20161004,000000,52.917,55.019,52.917,53.859,10631,0
WPL,D,20161005,000000,54.001,54.708,54.001,54.292,14278,0
WPL,D,20161006,000000,55.161,55.613,54.292,54.519,4189,0
WPL,D,20161007,000000,55.085,55.085,51.775,51.775,8215,0
WPL,D,20161010,000000,51.878,52.774,51.785,51.785,3115,0
WPL,D,20161011,000000,51.785,51.785,50.18,50.276,5392,0
WPL,D,20161012,000000,50.276,50.276,48.209,49.464,11793,0
WPL,D,20161013,000000,50.086,50.746,50.086,50.473,7876,0
WPL,D,20161014,000000,51.407,52.822,51.407,52.35,3331,0
WPL,D,20161017,000000,52.02,52.727,52.02,52.538,1484,0
WPL,D,20161018,000000,52.727,53.765,52.633,52.822,4575,0
WPL,D,20161019,000000,52.822,53.576,52.633,53.199,5205,0
WPL,D,20161020,000000,53.576,53.576,52.161,52.444,5295,0
WPL,D,20161021,000000,52.397,52.444,51.973,52.35,3216,0
WPL,D,20161024,000000,52.444,52.774,50.511,52.548,5060,0
WPL,D,20161025,000000,52.501,52.917,52.501,52.87,23227,0
WPL,D,20161026,000000,53.114,53.293,52.633,52.917,1821,0
WPL,D,20161027,000000,52.87,53.011,52.35,52.538,15750,0
WPL,D,20161028,000000,52.822,52.822,52.444,52.822,212,0
WPL,D,20161031,000000,52.822,53.105,52.077,52.161,817,0
WPL,D,20161102,000000,51.964,52.029,51.076,51.86,22574,0
WPL,D,20161103,000000,51.765,51.765,49.671,49.992,13516,0
WPL,D,20161104,000000,49.992,50.935,49.577,50.841,3861,0
WPL,D,20161107,000000,50.935,50.935,50.85,50.935,10192,0
WPL,D,20161108,000000,51.755,51.86,50.935,51.86,204,0
WPL,D,20161109,000000,49.992,50.935,49.992,50.935,3720,0
WPL,D,20161110,000000,51.869,51.869,50.567,51.691,2053,0
WPL,D,20161114,000000,51.738,51.878,51.067,51.596,21489,0
WPL,D,20161115,000000,51.596,51.596,51.312,51.312,27029,0
WPL,D,20161116,000000,51.312,51.312,50.935,50.935,22831,0
WPL,D,20161117,000000,51.124,51.124,50.935,50.935,68174,0
WPL,D,20161118,000000,50.935,50.935,49.614,50.935,7362,0
WPL,D,20161121,000000,50.935,51.407,49.709,50.935,3993,0
WPL,D,20161122,000000,50.464,51.878,50.464,51.029,29377,0
WPL,D,20161123,000000,52.322,52.322,51.407,51.596,273,0
WPL,D,20161124,000000,51.785,52.813,51.596,51.925,6233,0
WPL,D,20161125,000000,52.161,52.161,51.501,51.596,3855,0
WPL,D,20161128,000000,51.878,51.878,50.001,51.407,3215,0
WPL,D,20161129,000000,50.323,51.454,49.992,50.058,2193,0
WPL,D,20161130,000000,50.652,50.841,50.228,50.464,1938,0
WPL,D,20161201,000000,49.964,49.964,47.634,47.634,261803,0
WPL,D,20161202,000000,48.199,48.425,47.69,48.125,98390,0
WPL,D,20161205,000000,48.418,48.53,48.115,48.351,69331,0
WPL,D,20161206,000000,48.369,49.228,48.341,49.124,36013,0
WPL,D,20161207,000000,49.803,49.85,49.171,49.52,20894,0
WPL,D,20161208,000000,49.793,49.793,49.426,49.614,3865,0
WPL,D,20161209,000000,49.793,49.793,49.067,49.247,22843,0
WPL,D,20161212,000000,49.473,49.793,49.144,49.52,7983,0
WPL,D,20161213,000000,49.793,49.793,49.067,49.144,3459,0
WPL,D,20161214,000000,49.144,49.785,49.049,49.144,12136,0
WPL,D,20161215,000000,49.775,49.775,49.247,49.614,3163,0
WPL,D,20161216,000000,49.614,49.614,48.765,49.52,24207,0
WPL,D,20161219,000000,49.52,49.52,48.577,49.238,22346,0
WPL,D,20161220,000000,49.332,49.332,45.276,49.238,26851,0
WPL,D,20161221,000000,49.238,49.52,49.238,49.473,2932,0
WPL,D,20161222,000000,49.473,51.86,49.473,51.691,22762,0
WPL,D,20161223,000000,51.596,51.698,49.238,51.596,14611,0
WPL,D,20161227,000000,50.746,51.312,50.464,51.312,4274,0
WPL,D,20161228,000000,50.473,50.935,50.011,50.869,9939,0
WPL,D,20161229,000000,51.124,51.124,50.559,50.935,1219,0
WPL,D,20161230,000000,50.652,50.652,50.284,50.559,6183,0
WPL,D,20170102,000000,50.888,50.955,50.728,50.841,1543,0
WPL,D,20170103,000000,50.935,50.935,50.793,50.925,16205,0
WPL,D,20170104,000000,50.935,50.935,50.276,50.37,5881,0
WPL,D,20170105,000000,50.935,50.945,50.652,50.935,3398,0
WPL,D,20170109,000000,50.935,52.255,50.935,51.869,4891,0
WPL,D,20170110,000000,51.832,52.332,51.359,51.878,39645,0
WPL,D,20170111,000000,51.973,52.255,51.407,52.058,68243,0
WPL,D,20170112,000000,52.067,52.067,51.359,51.359,1894,0
WPL,D,20170113,000000,51.671,51.869,50.596,50.935,29766,0
WPL,D,20170116,000000,51.407,51.878,51.407,51.878,3423,0
WPL,D,20170117,000000,52.293,53.765,51.973,52.822,54451,0
WPL,D,20170118,000000,52.822,52.822,51.605,51.614,16858,0
WPL,D,20170119,000000,51.228,52.774,49.897,52.774,28606,0
WPL,D,20170120,000000,52.774,56.029,52.444,56.029,54801,0
WPL,D,20170123,000000,55.981,58.009,54.095,56.123,113827,0
WPL,D,20170124,000000,56.547,56.547,54.34,55.84,43702,0
WPL,D,20170125,000000,55.934,56.359,55.464,55.642,51392,0
WPL,D,20170126,000000,55.18,55.18,53.387,53.387,26429,0
WPL,D,20170127,000000,53.482,55.18,53.482,54.708,15213,0
WPL,D,20170130,000000,54.708,54.963,54.34,54.614,44318,0
WPL,D,20170131,000000,54.623,54.708,54.349,54.378,5008,0
WPL,D,20170201,000000,54.378,54.378,53.822,54.039,4185,0
WPL,D,20170202,000000,53.888,54.001,53.67,53.953,2178,0
WPL,D,20170203,000000,53.765,54.614,53.765,54.237,9997,0
WPL,D,20170206,000000,54.68,54.68,53.869,53.963,5582,0
WPL,D,20170207,000000,54.245,54.245,53.859,53.953,2731,0
WPL,D,20170208,000000,53.953,53.953,53.793,53.793,31221,0
WPL,D,20170209,000000,53.793,54.143,53.765,54.048,17544,0
WPL,D,20170210,000000,54.143,54.425,53.765,54.048,41804,0
WPL,D,20170213,000000,54.19,54.19,52.633,52.813,60986,0
WPL,D,20170214,000000,52.822,56.123,52.737,54.19,14359,0
WPL,D,20170215,000000,54.19,54.19,53.765,54.095,14115,0
WPL,D,20170216,000000,54.095,54.237,53.765,53.765,3840,0
WPL,D,20170217,000000,53.765,54.048,52.633,52.86,9711,0
WPL,D,20170220,000000,52.86,53.482,52.831,53.199,26746,0
WPL,D,20170221,000000,53.293,54.143,53.293,54.001,100193,0
WPL,D,20170222,000000,54.143,54.416,53.832,53.84,5718,0
WPL,D,20170223,000000,54.312,54.312,53.765,53.765,2364,0
WPL,D,20170224,000000,53.765,53.945,53.765,53.765,7035,0
WPL,D,20170227,000000,53.812,53.812,53.312,53.312,211,0
WPL,D,20170228,000000,53.765,53.765,52.737,53.293,5481,0
WPL,D,20170301,000000,53.246,53.566,52.548,52.822,11728,0
WPL,D,20170302,000000,52.822,54.444,52.491,54.048,25971,0
WPL,D,20170303,000000,53.812,55.511,53.812,54.802,18740,0
WPL,D,20170306,000000,54.793,54.991,54.19,54.765,22082,0
WPL,D,20170307,000000,54.472,54.708,53.529,54.237,1574,0
WPL,D,20170308,000000,54.237,54.237,53.293,54.039,4753,0
WPL,D,20170309,000000,53.303,53.765,53.293,53.765,1447,0
WPL,D,20170310,000000,53.293,54.519,53.293,54.519,11403,0
WPL,D,20170313,000000,53.812,54.237,53.67,53.67,6224,0
WPL,D,20170314,000000,54.048,54.048,51.076,52.255,59856,0
WPL,D,20170315,000000,52.35,52.35,51.407,51.878,39083,0
WPL,D,20170316,000000,51.878,52.444,51.698,51.878,29655,0
WPL,D,20170317,000000,52.491,52.633,51.691,52.35,5547,0
WPL,D,20170320,000000,52.35,52.35,51.785,52.208,2086,0
WPL,D,20170321,000000,52.813,53.387,52.105,52.529,6045,0
WPL,D,20170322,000000,52.303,52.303,51.076,52.208,2408,0
WPL,D,20170323,000000,52.208,52.303,51.878,52.293,13530,0
WPL,D,20170324,000000,52.067,53.105,52.067,52.586,1512,0
WPL,D,20170327,000000,51.407,52.822,51.407,52.538,5073,0
WPL,D,20170328,000000,52.077,52.586,52.067,52.586,3414,0
WPL,D,20170329,000000,52.586,52.813,52.255,52.633,2651,0
WPL,D,20170330,000000,52.822,52.822,52.255,52.813,5548,0
WPL,D,20170331,000000,52.793,52.793,52.181,52.727,63658,0
WPL,D,20170403,000000,52.727,52.727,51.878,52.708,4530,0
WPL,D,20170404,000000,52.699,52.699,52.001,52.425,854,0
WPL,D,20170405,000000,52.124,52.237,51.643,51.785,14221,0
WPL,D,20170406,000000,51.691,51.878,51.285,51.605,50107,0
WPL,D,20170407,000000,51.143,51.878,51.143,51.85,608,0
WPL,D,20170410,000000,51.85,51.85,51.407,51.738,57017,0
WPL,D,20170411,000000,51.416,51.416,49.54,49.973,17629,0
WPL,D,20170412,000000,49.803,50.832,48.152,50.492,52839,0
WPL,D,20170413,000000,50.34,50.737,49.897,50.737,43896,0
WPL,D,20170418,000000,50.728,50.737,50.143,50.284,28577,0
WPL,D,20170419,000000,50.266,50.596,50.096,50.454,882,0
WPL,D,20170420,000000,50.454,50.737,50.454,50.652,136935,0
WPL,D,20170421,000000,50.18,50.793,50.18,50.793,2557,0
WPL,D,20170424,000000,50.652,50.785,50.464,50.699,126633,0
WPL,D,20170425,000000,50.728,50.737,50.332,50.728,49054,0
WPL,D,20170426,000000,50.699,52.303,50.199,50.34,16207,0
WPL,D,20170427,000000,50.209,50.935,50.199,50.785,413,0
WPL,D,20170428,000000,50.709,50.709,50.228,50.293,58057,0
WPL,D,20170502,000000,50.199,50.199,49.53,49.671,1034,0
WPL,D,20170504,000000,49.614,49.624,49.049,49.332,6934,0
WPL,D,20170505,000000,48.671,49.049,48.388,48.841,11719,0
WPL,D,20170508,000000,48.813,48.813,48.435,48.549,22355,0
WPL,D,20170509,000000,48.388,48.482,47.181,47.219,21073,0
WPL,D,20170510,000000,47.162,48.926,47.162,47.935,14718,0
WPL,D,20170511,000000,48.832,48.832,46.55,47.162,28250,0
WPL,D,20170512,000000,47.162,47.162,46.7,46.785,45140,0
WPL,D,20170515,000000,46.691,46.973,46.577,46.973,42816,0
WPL,D,20170516,000000,46.502,47.02,45.379,46.691,65669,0
WPL,D,20170517,000000,47.011,48.256,47.011,48.256,2994,0
WPL,D,20170518,000000,48.266,48.851,47.729,48.765,10531,0
WPL,D,20170519,000000,48.86,49.897,48.765,49.832,58822,0
WPL,D,20170522,000000,49.823,49.944,49.144,49.803,2503,0
WPL,D,20170523,000000,49.52,52.727,49.52,51.869,33754,0
WPL,D,20170524,000000,51.775,52.35,51.407,52.255,15776,0
WPL,D,20170525,000000,52.293,52.699,50.982,52.35,5425,0
WPL,D,20170526,000000,52.35,52.35,51.691,52.35,3947,0
WPL,D,20170529,000000,52.35,52.699,51.888,51.888,51640,0
WPL,D,20170530,000000,52.35,52.35,50.133,52.237,3469,0
WPL,D,20170531,000000,51.878,52.303,51.312,52.255,7184,0
WPL,D,20170601,000000,51.878,51.878,51.596,51.878,578,0
WPL,D,20170602,000000,51.322,51.869,50.982,51.643,7838,0
WPL,D,20170605,000000,51.634,51.785,50.963,51.785,4929,0
WPL,D,20170606,000000,51.416,51.416,50.511,50.925,1103,0
WPL,D,20170607,000000,50.935,51.878,50.473,50.907,5727,0
WPL,D,20170608,000000,51.407,51.407,50.209,50.746,351,0
WPL,D,20170609,000000,50.699,51.492,50.237,51.464,16512,0
WPL,D,20170612,000000,51.351,51.351,49.577,50.982,37053,0
WPL,D,20170613,000000,49.803,50.935,49.803,50.699,3557,0
WPL,D,20170614,000000,49.992,51.218,49.992,51.218,2993,0
WPL,D,20170616,000000,51.218,51.322,49.907,51.322,811,0
WPL,D,20170619,000000,49.992,51.332,49.992,51.332,429,0
WPL,D,20170620,000000,50.011,51.312,50.011,51.312,497,0
WPL,D,20170621,000000,50.925,50.935,49.926,49.992,19137,0
WPL,D,20170622,000000,49.992,50.785,49.992,49.992,3183,0
WPL,D,20170623,000000,49.86,50.785,49.85,50.785,5683,0
WPL,D,20170626,000000,50.633,50.935,49.897,50.935,3906,0
WPL,D,20170627,000000,50.086,50.888,50.049,50.841,6985,0
WPL,D,20170628,000000,49.917,50.935,49.917,50.935,17710,0
WPL,D,20170629,000000,50.464,50.464,49.879,49.992,112164,0
WPL,D,20170630,000000,49.992,49.992,49.832,49.992,45838,0
WPL,D,20170703,000000,50.086,50.086,49.897,49.907,46234,0
WPL,D,20170704,000000,49.454,49.907,49.454,49.728,52931,0
WPL,D,20170705,000000,49.728,49.992,49.54,49.897,7688,0
WPL,D,20170706,000000,49.983,49.992,49.548,49.992,3622,0
WPL,D,20170707,000000,51.042,51.052,50.04,50.04,31173,0
WPL,D,20170710,000000,49.125,51.052,49.125,51.042,3123,0
WPL,D,20170711,000000,51.052,51.052,50.108,51.004,220,0
WPL,D,20170712,000000,50.849,50.859,49.424,50.859,21199,0
WPL,D,20170713,000000,50.667,50.667,49.713,49.761,781,0
WPL,D,20170714,000000,49.935,51.052,49.935,51.052,10117,0
WPL,D,20170717,000000,51.052,51.052,50.117,51.052,3893,0
WPL,D,20170718,000000,50.098,51.042,50.098,51.042,9885,0
WPL,D,20170719,000000,50.946,51.052,50.098,51.052,3374,0
WPL,D,20170720,000000,50.956,51.995,49.703,51.061,33411,0
WPL,D,20170721,000000,51.1,51.967,49.751,51.581,11106,0
WPL,D,20170724,000000,51.485,51.485,50.098,51.022,1396,0
WPL,D,20170725,000000,50.184,51.032,49.809,50.936,27072,0
WPL,D,20170726,000000,51.032,51.042,49.963,51.042,1393,0
WPL,D,20170727,000000,50.695,51.87,50.204,51.87,2499,0
WPL,D,20170728,000000,51.803,51.803,50.232,50.946,4402,0
WPL,D,20170731,000000,50.994,50.994,49.847,50.974,3637,0
WPL,D,20170801,000000,49.915,50.57,49.915,50.57,1729,0
WPL,D,20170802,000000,50.204,50.561,49.905,50.561,979,0
WPL,D,20170803,000000,49.973,49.992,49.231,49.837,10940,0
WPL,D,20170804,000000,49.125,49.414,49.125,49.414,7230,0
WPL,D,20170807,000000,49.125,49.78,49.125,49.78,380,0
WPL,D,20170808,000000,49.837,51.042,49.837,51.042,218,0
WPL,D,20170809,000000,50.088,50.088,48.981,49.404,28321,0
WPL,D,20170810,000000,49.327,50.936,47.729,50.936,4858,0
WPL,D,20170811,000000,50.926,50.926,49.424,50.079,3428,0
WPL,D,20170814,000000,50.936,50.936,49.125,50.609,345,0
WPL,D,20170816,000000,50.907,51.042,49.886,51.042,539,0
WPL,D,20170817,000000,49.655,51.052,49.655,51.052,385,0
WPL,D,20170818,000000,49.655,50.561,49.655,50.561,501,0
WPL,D,20170821,000000,49.636,49.655,49.462,49.597,753,0
WPL,D,20170822,000000,49.424,49.424,48.403,49.029,584,0
WPL,D,20170823,000000,48.461,48.547,47.536,48.162,8010,0
WPL,D,20170824,000000,49.606,49.606,46.949,47.17,3967,0
WPL,D,20170825,000000,46.881,47.671,46.871,47.661,71723,0
WPL,D,20170828,000000,47.661,47.873,46.871,47.873,2304,0
WPL,D,20170829,000000,47.131,48.142,47.006,47.189,1329,0
WPL,D,20170830,000000,46.871,47.198,46.813,47.073,814,0
WPL,D,20170831,000000,46.717,46.717,44.454,46.129,9310,0
WPL,D,20170901,000000,44.896,44.906,44.55,44.781,5597,0
WPL,D,20170904,000000,44.743,44.743,43.827,44.28,59838,0
WPL,D,20170905,000000,44.28,44.55,44.116,44.502,3485,0
WPL,D,20170906,000000,44.308,44.771,44.212,44.386,210190,0
WPL,D,20170907,000000,44.386,44.598,43.403,44.598,116940,0
WPL,D,20170908,000000,44.598,44.791,44.434,44.791,2437,0
WPL,D,20170911,000000,44.761,44.983,43.943,44.695,189468,0
WPL,D,20170912,000000,44.791,44.791,43.664,43.923,3394,0
WPL,D,20170913,000000,43.923,43.923,42.97,43.538,3328,0
WPL,D,20170914,000000,43.355,43.355,42.046,42.383,52683,0
WPL,D,20170915,000000,42.383,43.057,41.428,43.057,47390,0
WPL,D,20170918,000000,43.528,44.116,43.057,43.731,1254,0
WPL,D,20170919,000000,43.731,45.802,42.691,44.29,165796,0
WPL,D,20170920,000000,42.97,44.887,42.97,44.26,68251,0
WPL,D,20170921,000000,43.682,44.26,42.383,42.383,4303,0
WPL,D,20170922,000000,42.305,44.358,42.305,43.355,8958,0
WPL,D,20170925,000000,43.345,43.442,42.623,43.442,19195,0
WPL,D,20170926,000000,43.538,44.097,42.778,43.51,2763,0
WPL,D,20170927,000000,43.403,44.145,42.864,42.864,59592,0
WPL,D,20170928,000000,42.999,43.905,42.729,42.739,46920,0
WPL,D,20170929,000000,42.95,43.345,42.884,43.345,942,0
WPL,D,20171002,000000,43.923,43.923,42.874,43.345,202,0
WPL,D,20171003,000000,42.892,43.818,41.911,41.911,4267,0
WPL,D,20171004,000000,41.901,43.336,41.438,41.901,55495,0
WPL,D,20171005,000000,41.708,41.997,41.708,41.901,2652,0
WPL,D,20171006,000000,41.814,42.768,41.814,41.911,1743,0
WPL,D,20171009,000000,43.345,43.345,42.007,43.336,103,0
WPL,D,20171010,000000,43.095,43.095,42.016,43.047,286,0
WPL,D,20171011,000000,42.257,43.345,41.428,41.891,211054,0
WPL,D,20171012,000000,41.612,41.612,41.468,41.468,1379,0
WPL,D,20171013,000000,41.41,41.41,40.793,40.909,57668,0
WPL,D,20171016,000000,40.841,40.841,40.263,40.648,52611,0
WPL,D,20171017,000000,40.369,40.552,39.984,40.456,39561,0
WPL,D,20171018,000000,39.984,42.383,39.984,41.901,58468,0
WPL,D,20171019,000000,41.901,42.383,41.428,42.383,31240,0
WPL,D,20171020,000000,42.96,43.818,42.392,42.401,6862,0
WPL,D,20171023,000000,42.479,43.037,42.479,42.497,1259,0
WPL,D,20171024,000000,42.479,42.479,41.371,41.42,2284,0
WPL,D,20171025,000000,41.371,41.371,40.562,40.937,28454,0
WPL,D,20171026,000000,40.706,41.583,40.504,41.583,1694,0
WPL,D,20171027,000000,41.805,41.805,40.552,41.033,1908,0
WPL,D,20171030,000000,41.42,41.525,40.706,40.937,2807,0
WPL,D,20171031,000000,40.928,40.928,39.685,40.841,6350,0
WPL,D,20171102,000000,40.263,41.42,40.263,41.42,47825,0
WPL,D,20171103,000000,41.42,41.42,40.937,41.178,22741,0
WPL,D,20171106,000000,41.352,41.997,41.226,41.997,14048,0
WPL,D,20171107,000000,41.901,41.901,41.42,41.901,7962,0
WPL,D,20171108,000000,41.477,42.238,41.371,41.371,24245,0
WPL,D,20171109,000000,41.42,41.42,40.119,40.456,3091,0
WPL,D,20171110,000000,40.523,40.937,40.466,40.937,2362,0
WPL,D,20171113,000000,40.456,40.937,40.456,40.61,6471,0
WPL,D,20171114,000000,40.937,43.249,40.937,42.633,56288,0
WPL,D,20171115,000000,43.297,43.297,42.623,42.623,10585,0
WPL,D,20171116,000000,42.604,42.604,41.13,42.479,599,0
WPL,D,20171117,000000,42.633,42.633,42.479,42.479,114,0
WPL,D,20171120,000000,42.392,42.392,41.42,41.42,2253,0
WPL,D,20171121,000000,41.42,41.42,41.42,41.42,443,0
WPL,D,20171122,000000,41.42,41.42,41.42,41.42,675,0
WPL,D,20171123,000000,41.332,41.901,41.332,41.795,22862,0
WPL,D,20171124,000000,41.602,41.602,41.42,41.42,342,0
WPL,D,20171127,000000,41.207,41.708,40.581,41.708,17113,0
WPL,D,20171128,000000,41.708,42.633,41.42,42.633,1281,0
WPL,D,20171129,000000,42.613,42.613,41.544,42.479,6204,0
WPL,D,20171130,000000,41.564,42.623,41.564,42.623,2850,0
WPL,D,20171201,000000,42.623,42.671,41.428,41.805,3340,0
WPL,D,20171204,000000,41.428,42.363,41.42,42.19,289,0
WPL,D,20171205,000000,41.525,41.901,41.525,41.891,554,0
WPL,D,20171206,000000,42.19,42.383,41.564,42.363,22358,0
WPL,D,20171207,000000,42.383,42.864,42.094,42.864,6714,0
WPL,D,20171208,000000,42.383,44.203,42.383,44.164,21134,0
WPL,D,20171211,000000,44.308,44.308,43.355,44.3,2031,0
WPL,D,20171212,000000,43.538,44.164,43.345,44.164,4120,0
WPL,D,20171213,000000,44.155,44.155,43.596,43.818,512,0
WPL,D,20171214,000000,43.345,43.606,42.489,43.586,362,0
WPL,D,20171215,000000,43.336,43.827,43.336,43.818,4463,0
WPL,D,20171218,000000,43.818,43.818,42.441,43.008,33973,0
WPL,D,20171219,000000,43.153,43.231,42.585,43.008,6444,0
WPL,D,20171220,000000,43.115,43.731,43.115,43.721,6471,0
WPL,D,20171221,000000,42.768,43.345,42.768,43.345,9990,0
WPL,D,20171222,000000,43.682,43.827,42.97,43.827,28024,0
WPL,D,20171227,000000,44.116,45.657,43.403,45.657,9179,0
WPL,D,20171228,000000,45.609,48.595,44.627,48.595,18672,0
WPL,D,20171229,000000,48.547,48.547,46.717,46.717,33503,0
WPL,D,20180103,000000,46.717,48.355,44.502,45.465,6300,0
WPL,D,20180104,000000,45.561,46.428,45.272,46.428,5410,0
WPL,D,20180105,000000,46.332,46.717,45.85,46.717,506,0
WPL,D,20180108,000000,46.524,46.62,46.428,46.62,78804,0
WPL,D,20180109,000000,46.332,46.62,46.332,46.428,8869,0
WPL,D,20180110,000000,46.524,47.681,46.524,47.681,41887,0
WPL,D,20180111,000000,48.066,49.51,46.717,49.125,65688,0
WPL,D,20180112,000000,49.703,49.703,48.355,48.355,36898,0
WPL,D,20180115,000000,48.162,48.547,47.681,48.547,1764,0
WPL,D,20180116,000000,48.547,48.547,47.681,48.355,19078,0
WPL,D,20180117,000000,48.162,48.162,47.198,47.584,2539,0
WPL,D,20180118,000000,47.488,48.162,47.294,48.162,5954,0
WPL,D,20180119,000000,48.547,48.547,48.162,48.162,45052,0
WPL,D,20180122,000000,47.873,50.088,47.873,49.895,74813,0
WPL,D,20180123,000000,50.088,50.859,49.51,50.088,151773,0
WPL,D,20180124,000000,49.895,49.895,48.932,48.932,990,0
WPL,D,20180125,000000,47.777,48.162,47.294,47.294,2868,0
WPL,D,20180126,000000,47.969,49.51,47.969,49.318,3936,0
WPL,D,20180129,000000,49.125,50.281,49.125,50.088,54069,0
WPL,D,20180130,000000,49.703,50.088,48.547,50.088,471,0
WPL,D,20180131,000000,49.895,50.088,49.125,50.088,1543,0
WPL,D,20180201,000000,49.895,50.281,49.895,49.895,162,0
WPL,D,20180202,000000,50.088,50.281,50.088,50.281,12086,0
WPL,D,20180205,000000,48.162,50.088,46.428,50.088,4809,0
WPL,D,20180206,000000,47.294,50.281,47.294,49.318,283700,0
WPL,D,20180207,000000,49.318,49.895,49.125,49.895,9316,0
WPL,D,20180208,000000,48.932,50.088,48.74,50.088,849,0
WPL,D,20180209,000000,48.162,48.547,47.777,48.162,14254,0
WPL,D,20180212,000000,48.162,49.125,48.162,49.125,777,0
WPL,D,20180213,000000,49.51,49.51,48.355,49.318,4079,0
WPL,D,20180214,000000,49.703,51.822,48.74,51.244,121464,0
WPL,D,20180215,000000,51.052,52.4,50.859,52.4,8377,0
WPL,D,20180216,000000,51.052,52.4,50.859,51.052,44779,0
WPL,D,20180219,000000,51.052,52.015,51.052,52.015,16468,0
WPL,D,20180220,000000,51.822,52.015,51.052,51.437,1619,0
WPL,D,20180221,000000,50.474,51.244,50.474,51.244,450,0
WPL,D,20180222,000000,51.052,52.015,51.052,52.015,779,0
WPL,D,20180223,000000,51.244,51.244,51.052,51.244,1652,0
WPL,D,20180226,000000,51.244,51.244,51.052,51.052,1579,0
WPL,D,20180227,000000,51.052,51.052,50.088,51.052,3585,0
WPL,D,20180228,000000,50.088,50.474,49.51,50.474,10059,0
WPL,D,20180301,000000,50.474,51.244,50.474,51.244,1426,0
WPL,D,20180302,000000,51.244,51.244,50.474,50.474,90537,0
WPL,D,20180305,000000,50.088,50.088,50.088,50.088,10,0
WPL,D,20180306,000000,50.088,51.052,50.088,51.052,10997,0
WPL,D,20180307,000000,51.052,51.052,50.088,50.474,16247,0
WPL,D,20180308,000000,50.281,51.052,50.281,50.859,4975,0
WPL,D,20180309,000000,50.281,50.281,49.703,50.088,433,0
WPL,D,20180312,000000,50.667,51.052,49.318,50.859,4423,0
WPL,D,20180313,000000,50.859,51.437,50.088,51.437,35486,0
WPL,D,20180314,000000,51.437,51.437,50.088,50.088,865,0
WPL,D,20180315,000000,51.822,52.015,50.667,51.822,48353,0
WPL,D,20180316,000000,52.015,52.593,51.63,52.593,20783,0
WPL,D,20180319,000000,52.978,52.978,50.281,52.593,3683,0
WPL,D,20180320,000000,50.474,52.015,50.474,52.015,1709,0
WPL,D,20180321,000000,52.015,52.207,51.052,51.822,136466,0
WPL,D,20180322,000000,52.015,52.015,51.052,51.052,5227,0
WPL,D,20180323,000000,51.052,51.052,50.667,50.667,155,0
WPL,D,20180326,000000,50.088,52.015,50.088,52.015,193,0
WPL,D,20180327,000000,52.015,52.015,51.052,52.015,122089,0
WPL,D,20180328,000000,52.015,52.015,50.088,50.859,73723,0
WPL,D,20180329,000000,50.667,52.015,49.703,51.244,12588,0
WPL,D,20180403,000000,51.052,51.63,49.895,51.63,62,0
WPL,D,20180404,000000,50.088,50.667,50.088,50.474,3412,0
WPL,D,20180405,000000,50.088,50.281,50.088,50.281,7840,0
WPL,D,20180406,000000,51.052,51.052,48.932,49.895,3770,0
WPL,D,20180409,000000,48.74,50.859,48.74,50.859,7547,0
WPL,D,20180410,000000,50.667,52.015,50.667,52.015,53387,0
WPL,D,20180411,000000,52.015,52.015,50.281,52.015,256,0
WPL,D,20180412,000000,50.281,52.785,50.281,52.785,11464,0
WPL,D,20180413,000000,51.244,52.015,51.244,52.015,599,0
WPL,D,20180416,000000,51.822,51.822,50.281,51.63,7364,0
WPL,D,20180417,000000,51.63,51.822,51.437,51.822,13535,0
WPL,D,20180418,000000,51.63,51.63,50.667,51.244,11425,0
WPL,D,20180419,000000,49.895,52.015,49.895,50.667,16775,0
WPL,D,20180420,000000,51.052,52.015,51.052,52.015,4263,0
WPL,D,20180423,000000,51.437,52.015,51.052,52.015,52509,0
WPL,D,20180424,000000,51.437,53.749,51.437,53.749,47412,0
WPL,D,20180425,000000,53.942,53.942,53.363,53.942,11744,0
WPL,D,20180426,000000,53.942,54.327,53.749,53.942,81916,0
WPL,D,20180427,000000,53.942,54.134,53.749,53.749,68890,0
WPL,D,20180430,000000,53.942,54.134,51.052,51.052,4902,0
WPL,D,20180502,000000,52.4,52.978,51.437,52.207,5250,0
WPL,D,20180504,000000,52.593,52.785,51.822,52.785,1706,0
WPL,D,20180507,000000,52.593,53.556,52.207,52.978,11863,0
WPL,D,20180508,000000,52.978,53.942,52.4,53.942,35524,0
WPL,D,20180509,000000,53.942,53.942,53.556,53.942,78364,0
WPL,D,20180510,000000,53.942,53.942,52.4,53.942,36109,0
WPL,D,20180511,000000,53.942,53.942,53.17,53.942,71133,0
WPL,D,20180514,000000,53.942,53.942,52.978,53.942,426,0
WPL,D,20180515,000000,53.942,53.942,53.363,53.942,4636,0
WPL,D,20180516,000000,54.134,54.519,53.942,54.519,10836,0
WPL,D,20180517,000000,54.519,54.519,53.17,54.327,12034,0
WPL,D,20180518,000000,53.556,53.942,53.556,53.749,24119,0
WPL,D,20180521,000000,54.327,54.519,53.17,54.519,140,0
WPL,D,20180522,000000,54.712,54.905,52.593,53.942,25803,0
WPL,D,20180523,000000,53.942,53.942,52.4,52.978,13962,0
WPL,D,20180524,000000,53.17,53.749,51.244,52.015,21581,0
WPL,D,20180525,000000,52.015,52.015,50.281,52.015,10911,0
WPL,D,20180528,000000,52.015,53.363,51.244,53.363,58351,0
WPL,D,20180529,000000,53.17,53.17,51.437,51.822,1482,0
WPL,D,20180530,000000,51.822,52.4,51.052,52.015,2437,0
WPL,D,20180601,000000,50.474,52.978,50.474,52.593,14077,0
WPL,D,20180604,000000,52.015,52.207,51.437,52.015,6277,0
WPL,D,20180605,000000,52.015,52.015,51.052,51.63,13698,0
WPL,D,20180606,000000,50.667,50.667,50.667,50.667,339,0
WPL,D,20180607,000000,50.667,52.785,49.703,52.785,12913,0
WPL,D,20180608,000000,51.437,51.437,51.437,51.437,90,0
WPL,D,20180611,000000,51.244,52.785,51.244,52.015,965,0
WPL,D,20180612,000000,52.015,52.4,51.63,51.63,1677,0
WPL,D,20180613,000000,51.244,52.015,51.052,51.052,1623,0
WPL,D,20180614,000000,51.052,51.63,50.088,50.281,3173,0
WPL,D,20180615,000000,50.088,50.859,50.088,50.859,38346,0
WPL,D,20180618,000000,50.667,50.667,50.088,50.088,2481,0
WPL,D,20180619,000000,49.51,50.088,48.162,50.088,7895,0
WPL,D,20180620,000000,49.895,49.895,48.355,48.355,22900,0
WPL,D,20180621,000000,48.162,50.474,48.162,49.125,8837,0
WPL,D,20180622,000000,49.125,49.125,48.162,48.162,816,0
WPL,D,20180625,000000,47.873,49.125,45.465,49.125,7623,0
WPL,D,20180626,000000,49.125,49.125,48.932,49.125,987,0
WPL,D,20180627,000000,48.162,48.355,47.681,47.681,37459,0
WPL,D,20180628,000000,48.066,48.162,47.198,47.198,84498,0
WPL,D,20180629,000000,47.198,48.932,47.198,48.932,954,0
WPL,D,20180702,000000,48.547,48.932,48.162,48.74,2655,0
WPL,D,20180703,000000,48.355,48.355,48.162,48.162,6548,0
WPL,D,20180704,000000,48.932,48.932,48.74,48.74,318,0
WPL,D,20180705,000000,48.162,48.932,48.162,48.932,370,0
WPL,D,20180706,000000,48.355,48.932,48.162,48.932,2245,0
WPL,D,20180709,000000,49.129,54.042,49.129,49.915,4010,0
WPL,D,20180710,000000,49.915,49.915,49.129,49.129,26748,0
WPL,D,20180711,000000,48.146,49.522,47.459,49.031,7298,0
WPL,D,20180712,000000,49.129,49.718,49.129,49.718,28339,0
WPL,D,20180713,000000,49.522,49.522,48.736,49.522,5209,0
WPL,D,20180716,000000,48.441,49.522,47.655,49.522,5756,0
WPL,D,20180717,000000,49.129,49.129,48.245,49.129,4421,0
WPL,D,20180718,000000,48.245,49.129,48.245,49.129,2965,0
WPL,D,20180719,000000,48.539,48.539,48.441,48.441,33,0
WPL,D,20180720,000000,48.245,48.638,48.048,48.048,1596,0
WPL,D,20180723,000000,47.95,49.915,47.164,47.164,67526,0
WPL,D,20180724,000000,48.441,48.441,47.164,47.164,16631,0
WPL,D,20180725,000000,47.164,47.164,47.164,47.164,61,0
WPL,D,20180726,000000,47.36,47.36,46.869,46.869,6257,0
WPL,D,20180727,000000,46.869,47.753,46.869,47.459,32151,0
WPL,D,20180730,000000,47.753,47.753,47.164,47.164,1292,0
WPL,D,20180731,000000,47.262,48.048,46.476,48.048,6258,0
WPL,D,20180801,000000,47.95,48.146,46.869,48.146,5192,0
WPL,D,20180802,000000,48.146,48.343,47.164,48.146,13684,0
WPL,D,20180803,000000,48.932,48.932,47.262,47.262,650,0
WPL,D,20180806,000000,47.459,47.459,47.164,47.164,18935,0
WPL,D,20180807,000000,47.753,48.048,46.771,46.771,326,0
WPL,D,20180808,000000,47.753,47.95,46.869,47.262,48566,0
WPL,D,20180810,000000,47.95,47.95,46.672,47.164,4324,0
WPL,D,20180813,000000,46.672,47.164,46.672,47.164,250,0
WPL,D,20180814,000000,47.164,47.164,47.164,47.164,676,0
WPL,D,20180816,000000,46.672,47.557,46.672,47.557,20405,0
WPL,D,20180817,000000,47.557,47.557,47.557,47.557,31,0
WPL,D,20180820,000000,47.95,47.95,46.967,46.967,89,0
WPL,D,20180821,000000,47.95,48.441,47.459,48.441,3119,0
WPL,D,20180822,000000,47.95,49.915,47.95,49.915,46639,0
WPL,D,20180823,000000,48.834,49.915,48.834,49.915,3026,0
WPL,D,20180824,000000,49.915,52.077,49.718,52.077,1925,0
WPL,D,20180827,000000,52.077,52.077,51.094,52.077,6933,0
WPL,D,20180828,000000,52.077,54.631,52.077,54.631,122539,0
WPL,D,20180829,000000,52.273,56.007,52.273,56.007,21556,0
WPL,D,20180830,000000,56.007,56.007,53.256,55.024,21161,0
WPL,D,20180831,000000,52.863,56.007,52.863,56.007,109699,0
WPL,D,20180903,000000,56.007,56.007,53.649,54.042,5828,0
WPL,D,20180904,000000,53.452,54.042,50.111,50.111,4565,0
WPL,D,20180905,000000,50.111,51.094,48.146,49.129,3102,0
WPL,D,20180906,000000,49.031,49.031,45.395,48.834,57439,0
WPL,D,20180907,000000,48.245,49.129,48.245,49.031,10133,0
WPL,D,20180910,000000,49.031,51.094,47.557,51.094,1466,0
WPL,D,20180911,000000,49.129,51.684,49.129,51.684,1334,0
WPL,D,20180912,000000,52.863,52.863,51.487,52.077,14874,0
WPL,D,20180913,000000,51.88,51.88,51.88,51.88,287,0
WPL,D,20180914,000000,50.701,53.059,50.701,51.487,24978,0
WPL,D,20180917,000000,51.487,51.487,51.094,51.487,10299,0
WPL,D,20180918,000000,51.094,51.094,49.915,50.111,83,0
WPL,D,20180919,000000,50.111,53.059,48.736,49.718,644,0
WPL,D,20180920,000000,48.539,49.915,48.539,49.129,2266,0
WPL,D,20180921,000000,49.031,49.522,48.638,49.129,463,0
WPL,D,20180924,000000,47.753,51.291,47.753,49.718,5689,0
WPL,D,20180925,000000,50.111,50.111,49.718,49.718,25053,0
WPL,D,20180926,000000,49.718,49.915,49.129,49.915,38761,0
WPL,D,20180927,000000,49.522,50.111,49.522,50.111,4870,0
WPL,D,20180928,000000,50.111,50.701,49.522,50.701,7011,0
WPL,D,20181001,000000,50.505,51.487,50.505,50.701,13255,0
WPL,D,20181002,000000,50.701,51.094,50.701,51.094,2023,0
WPL,D,20181003,000000,50.701,50.701,49.718,50.111,9278,0
WPL,D,20181004,000000,50.701,51.094,50.701,51.094,730,0
WPL,D,20181005,000000,50.505,50.701,50.505,50.701,66,0
WPL,D,20181008,000000,50.701,50.701,49.522,50.111,847,0
WPL,D,20181009,000000,50.701,50.701,49.325,49.325,234,0
WPL,D,20181010,000000,49.915,49.915,49.522,49.522,10779,0
WPL,D,20181011,000000,49.522,50.111,49.325,49.325,7687,0
WPL,D,20181012,000000,50.111,50.111,49.325,50.111,6963,0
WPL,D,20181015,000000,50.111,50.898,48.834,50.898,4787,0
WPL,D,20181016,000000,50.898,53.059,49.915,51.094,8441,0
WPL,D,20181017,000000,53.059,53.059,50.111,51.094,18038,0
WPL,D,20181018,000000,51.094,52.666,50.308,51.094,15304,0
WPL,D,20181019,000000,50.701,53.059,50.505,53.059,765,0
WPL,D,20181022,000000,52.666,53.059,52.077,52.077,352,0
WPL,D,20181023,000000,51.684,51.684,50.111,50.111,1060,0
WPL,D,20181024,000000,50.111,53.059,49.325,49.325,1232,0
WPL,D,20181025,000000,49.325,50.111,48.441,50.111,1145,0
WPL,D,20181026,000000,49.325,50.505,49.325,50.505,5672,0
WPL,D,20181029,000000,49.915,50.505,48.736,49.129,35666,0
WPL,D,20181030,000000,49.031,51.291,49.031,49.915,7331,0
WPL,D,20181031,000000,49.325,51.88,48.834,51.094,27290,0
WPL,D,20181102,000000,51.094,52.077,51.094,52.077,8935,0
WPL,D,20181105,000000,52.47,52.47,51.291,52.47,191,0
WPL,D,20181106,000000,51.487,52.47,50.898,52.47,503,0
WPL,D,20181107,000000,52.077,54.042,51.684,52.666,30040,0
WPL,D,20181108,000000,53.059,54.042,51.487,52.666,4528,0
WPL,D,20181109,000000,52.273,53.059,52.077,53.059,3149,0
WPL,D,20181113,000000,53.059,53.059,51.094,52.077,1190,0
WPL,D,20181114,000000,52.077,52.666,51.684,52.077,912,0
WPL,D,20181115,000000,52.077,52.273,51.684,52.077,1804,0
WPL,D,20181116,000000,52.077,52.077,50.701,51.094,5038,0
WPL,D,20181119,000000,51.094,51.094,49.325,49.915,3152,0
WPL,D,20181120,000000,49.522,49.522,47.36,49.129,25482,0
WPL,D,20181121,000000,49.129,49.129,49.031,49.129,10199,0
WPL,D,20181122,000000,49.325,49.522,48.441,49.129,7144,0
WPL,D,20181123,000000,49.129,49.129,48.638,49.129,3505,0
WPL,D,20181126,000000,48.834,49.718,48.834,49.129,376,0
WPL,D,20181127,000000,49.129,49.129,49.129,49.129,26,0
WPL,D,20181128,000000,49.129,49.129,48.834,49.129,4022,0
WPL,D,20181129,000000,49.129,49.522,48.932,49.129,10014,0
WPL,D,20181130,000000,50.308,51.094,48.834,48.834,2259,0
WPL,D,20181203,000000,49.031,50.505,49.031,50.308,41831,0
WPL,D,20181204,000000,51.094,52.077,50.898,51.291,1273,0
WPL,D,20181205,000000,50.898,52.077,50.898,52.077,1190,0
WPL,D,20181206,000000,51.094,51.094,50.505,51.094,46542,0
WPL,D,20181207,000000,51.094,51.094,49.718,49.718,7577,0
WPL,D,20181210,000000,50.505,51.88,49.325,49.915,8040,0
WPL,D,20181211,000000,50.111,52.077,49.129,51.291,79545,0
WPL,D,20181212,000000,52.077,52.077,50.308,50.701,5306,0
WPL,D,20181213,000000,51.094,53.059,51.094,52.077,68200,0
WPL,D,20181214,000000,52.47,52.47,51.291,51.88,12055,0
WPL,D,20181217,000000,52.47,52.47,50.701,51.094,32140,0
WPL,D,20181218,000000,51.094,51.094,50.111,50.505,11474,0
WPL,D,20181219,000000,50.701,51.094,50.111,51.094,160526,0
WPL,D,20181220,000000,51.094,51.094,49.718,50.505,807,0
WPL,D,20181221,000000,50.898,50.898,50.111,50.308,364,0
WPL,D,20181227,000000,51.094,52.666,50.111,52.077,13751,0
WPL,D,20181228,000000,52.666,52.666,51.094,51.88,9121,0
WPL,D,20190102,000000,52.666,52.666,50.111,51.88,11661,0
WPL,D,20190103,000000,52.077,53.059,51.487,52.47,55164,0
WPL,D,20190104,000000,52.077,52.666,52.077,52.077,56960,0
WPL,D,20190107,000000,52.077,52.863,51.88,52.273,20261,0
WPL,D,20190108,000000,52.273,52.47,52.077,52.47,7413,0
WPL,D,20190109,000000,52.273,52.47,52.077,52.47,7284,0
WPL,D,20190110,000000,52.47,52.666,52.077,52.666,28741,0
WPL,D,20190111,000000,52.666,52.666,51.88,52.273,449,0
WPL,D,20190114,000000,53.059,53.059,52.273,52.273,9608,0
WPL,D,20190115,000000,52.666,52.666,52.077,52.666,1270,0
WPL,D,20190116,000000,52.666,54.042,52.077,54.042,38656,0
WPL,D,20190117,000000,53.845,53.845,52.863,52.863,1477,0
WPL,D,20190118,000000,53.256,54.238,53.256,53.845,3450,0
WPL,D,20190121,000000,53.649,53.845,53.452,53.845,24264,0
WPL,D,20190122,000000,53.649,54.042,53.649,53.845,34015,0
WPL,D,20190123,000000,53.845,55.81,53.845,54.435,60575,0
WPL,D,20190124,000000,54.238,56.99,54.238,56.99,39797,0
WPL,D,20190125,000000,56.99,57.186,56.597,56.99,29008,0
WPL,D,20190128,000000,57.383,57.383,56.4,56.99,4583,0
WPL,D,20190129,000000,56.793,57.186,56.4,56.99,25971,0
WPL,D,20190130,000000,56.203,56.793,55.221,55.614,4526,0
WPL,D,20190131,000000,55.614,57.383,55.614,57.383,85536,0
WPL,D,20190201,000000,57.383,57.972,57.186,57.972,2721,0
WPL,D,20190204,000000,57.972,57.972,57.383,57.972,13513,0
WPL,D,20190205,000000,56.99,58.365,56.007,58.365,3581,0
WPL,D,20190206,000000,56.99,59.151,56.99,58.955,9494,0
WPL,D,20190207,000000,59.151,59.151,56.793,56.793,4566,0
WPL,D,20190208,000000,57.579,58.955,56.793,57.972,5214,0
WPL,D,20190211,000000,58.562,58.758,57.383,57.383,6707,0
WPL,D,20190212,000000,57.972,57.972,56.793,56.99,1625,0
WPL,D,20190213,000000,56.793,57.383,55.417,55.81,2457,0
WPL,D,20190214,000000,56.99,56.99,54.435,55.417,4022,0
WPL,D,20190215,000000,55.024,56.99,54.435,56.203,45950,0
WPL,D,20190218,000000,57.972,57.972,56.007,56.597,1650,0
WPL,D,20190219,000000,56.597,56.597,56.203,56.203,65,0
WPL,D,20190220,000000,56.007,56.597,54.238,56.597,3946,0
WPL,D,20190221,000000,55.221,57.186,55.221,57.186,4415,0
WPL,D,20190222,000000,57.972,57.972,56.007,57.972,440,0
WPL,D,20190225,000000,57.776,57.972,56.007,56.4,4776,0
WPL,D,20190226,000000,56.793,56.793,55.221,55.221,1508,0
WPL,D,20190227,000000,55.417,56.597,54.828,55.024,7144,0
WPL,D,20190228,000000,55.614,55.614,54.828,55.024,16740,0
WPL,D,20190301,000000,55.024,55.024,54.435,54.631,4130,0
WPL,D,20190304,000000,54.042,54.435,53.452,54.435,2030,0
WPL,D,20190305,000000,54.631,55.221,54.435,54.435,535,0
WPL,D,20190306,000000,54.828,55.81,54.828,54.828,8289,0
WPL,D,20190307,000000,55.024,55.024,54.828,54.828,1437,0
WPL,D,20190308,000000,54.828,54.828,54.435,54.631,1458,0
WPL,D,20190311,000000,55.81,55.81,54.238,54.631,14234,0
WPL,D,20190312,000000,55.614,55.614,54.631,55.024,393,0
WPL,D,20190313,000000,55.417,56.99,54.828,56.99,12315,0
WPL,D,20190314,000000,56.203,56.203,55.221,55.81,32067,0
WPL,D,20190315,000000,56.597,56.597,55.221,56.007,6260,0
WPL,D,20190318,000000,56.007,56.203,55.024,55.417,9417,0
WPL,D,20190319,000000,55.417,56.203,55.417,56.007,843,0
WPL,D,20190320,000000,55.81,56.99,55.81,56.99,6428,0
WPL,D,20190321,000000,56.793,59.741,56.793,58.365,21555,0
WPL,D,20190322,000000,58.365,58.955,57.972,57.972,2403,0
WPL,D,20190325,000000,57.972,57.972,57.186,57.972,112,0
WPL,D,20190326,000000,56.99,57.383,56.203,56.99,8938,0
WPL,D,20190327,000000,56.597,57.972,56.597,57.776,732,0
WPL,D,20190328,000000,58.169,58.169,56.4,56.4,3249,0
WPL,D,20190329,000000,57.579,57.776,56.4,57.776,307,0
WPL,D,20190401,000000,58.758,58.758,56.597,56.99,1157,0
WPL,D,20190402,000000,58.758,58.758,56.793,58.562,245648,0
WPL,D,20190403,000000,58.562,58.562,57.972,58.562,4596,0
WPL,D,20190404,000000,58.365,58.758,57.776,58.758,8793,0
WPL,D,20190405,000000,58.758,58.955,57.972,58.955,1056,0
WPL,D,20190408,000000,58.758,58.955,58.169,58.169,2741,0
WPL,D,20190409,000000,58.365,58.758,57.383,58.365,2802,0
WPL,D,20190410,000000,58.562,58.758,57.972,58.365,23178,0
WPL,D,20190411,000000,58.169,59.741,58.169,59.348,85933,0
WPL,D,20190412,000000,58.955,59.741,58.758,58.955,25961,0
WPL,D,20190415,000000,59.348,59.937,57.776,58.562,908,0
WPL,D,20190416,000000,59.741,59.741,58.955,58.955,951,0
WPL,D,20190417,000000,58.955,58.955,57.972,58.758,364,0
WPL,D,20190418,000000,57.972,57.972,56.793,57.776,16410,0
WPL,D,20190423,000000,56.99,58.758,56.99,58.758,1353,0
WPL,D,20190424,000000,58.758,58.758,57.186,57.186,3934,0
WPL,D,20190425,000000,57.972,58.562,57.972,58.562,18554,0
WPL,D,20190426,000000,57.383,58.562,57.383,58.169,9697,0
WPL,D,20190429,000000,57.972,58.955,57.579,58.169,12101,0
WPL,D,20190430,000000,57.972,58.955,57.186,58.955,1068,0
WPL,D,20190502,000000,57.972,58.955,57.972,58.169,607,0
WPL,D,20190506,000000,58.758,58.758,55.614,56.793,8090,0
WPL,D,20190507,000000,56.793,57.972,56.793,57.186,6472,0
WPL,D,20190508,000000,56.99,57.186,56.597,56.597,392,0
WPL,D,20190509,000000,56.597,56.793,56.597,56.793,21029,0
WPL,D,20190510,000000,56.4,57.383,56.4,57.383,62242,0
WPL,D,20190513,000000,56.99,57.186,56.793,56.793,10933,0
WPL,D,20190514,000000,56.203,59.937,56.203,56.99,3529,0
WPL,D,20190515,000000,57.186,59.348,56.99,57.579,1764,0
WPL,D,20190516,000000,57.579,57.972,57.579,57.776,2004,0
WPL,D,20190517,000000,57.776,57.776,56.203,56.793,8650,0
WPL,D,20190520,000000,56.4,56.4,54.435,55.024,20583,0
WPL,D,20190521,000000,55.024,55.81,54.435,54.435,3140,0
WPL,D,20190522,000000,54.631,55.417,54.435,55.221,3250,0
WPL,D,20190523,000000,55.024,55.81,55.024,55.221,7209,0
WPL,D,20190524,000000,55.221,55.81,55.024,55.024,24485,0
WPL,D,20190527,000000,55.221,56.99,55.221,56.597,24548,0
WPL,D,20190528,000000,55.81,57.186,55.81,56.793,3047,0
WPL,D,20190529,000000,56.203,56.203,55.417,55.417,424,0
WPL,D,20190530,000000,56.007,56.203,55.81,55.81,347,0
WPL,D,20190531,000000,55.81,56.793,55.221,56.793,745,0
WPL,D,20190603,000000,56.793,57.579,56.597,56.99,31667,0
WPL,D,20190604,000000,57.579,57.579,56.793,56.793,20572,0
WPL,D,20190605,000000,56.007,56.99,56.007,56.4,877,0
WPL,D,20190606,000000,57.2,59.8,57.2,59.6,2721,0
WPL,D,20190607,000000,58,59.8,58,59,31727,0
WPL,D,20190610,000000,59.6,60,58.4,60,1518,0
WPL,D,20190611,000000,59.8,60.4,59.8,60,1175,0
WPL,D,20190612,000000,59.6,59.6,59,59,3959,0
WPL,D,20190613,000000,59.4,63,59,62,20680,0
WPL,D,20190614,000000,62,63,62,62.4,96102,0
WPL,D,20190617,000000,62.6,62.8,62.2,62.2,65994,0
WPL,D,20190618,000000,62.2,62.8,60.4,62.6,38182,0
WPL,D,20190619,000000,62.6,63.2,62,62,29246,0
WPL,D,20190621,000000,62,63,61.8,63,3681,0
WPL,D,20190624,000000,63,63.2,62.2,62.8,5220,0
WPL,D,20190625,000000,63.2,63.2,61.4,62.6,2453,0
WPL,D,20190626,000000,62.6,63.8,62,62.6,3197,0
WPL,D,20190627,000000,62.6,63.6,62.6,63.4,1219,0
WPL,D,20190628,000000,62.80,63.00,62.20,62.80,8189,0
WPL,D,20190701,000000,63.8,63.8,59.8,60,46073,0
WPL,D,20190702,000000,62.4,63.6,60.6,61.2,53177,0
WPL,D,20190703,000000,61.2,63.2,61,61.8,51737,0
WPL,D,20190704,000000,62,63,61,62,3175,0
WPL,D,20190705,000000,62,63,62,63,1442,0
WPL,D,20190708,000000,63.4,63.6,62.2,63.4,4067,0
WPL,D,20190709,000000,63,63,62.2,62.6,2298,0
WPL,D,20190710,000000,62.6,63.8,62,63.6,4676,0
WPL,D,20190711,000000,62.8,62.8,61.2,61.2,348,0
WPL,D,20190712,000000,61.2,63,60.4,60.6,888,0
WPL,D,20190715,000000,60.4,61,60,60.2,12491,0
WPL,D,20190716,000000,60.6,60.8,60,60,3410,0
WPL,D,20190717,000000,60.2,60.8,58.6,59.8,2904,0
WPL,D,20190718,000000,59.4,61,59.4,60,650,0
WPL,D,20190719,000000,61,61.2,60,60,612,0
WPL,D,20190722,000000,59.8,61.4,59.8,61.2,1339,0
WPL,D,20190723,000000,61.2,61.2,61,61.2,711,0
WPL,D,20190724,000000,61.2,62,61.2,62,5974,0
WPL,D,20190725,000000,61,62,61,62,2264,0
WPL,D,20190726,000000,61.8,63,61.8,62,3083,0
WPL,D,20190729,000000,62.8,62.8,62,62.6,3937,0
WPL,D,20190730,000000,62.6,62.8,62,62.8,581,0
WPL,D,20190731,000000,62.4,63.6,62,62.4,44010,0
WPL,D,20190801,000000,63.4,63.4,62,62,10437,0
WPL,D,20190802,000000,62,62.8,62,62,6478,0
WPL,D,20190805,000000,62.6,62.6,61.6,62.2,114187,0
WPL,D,20190806,000000,62,63,61.4,62,5244,0
WPL,D,20190807,000000,62,62.4,61.2,62.4,599,0
WPL,D,20190808,000000,62.4,63.2,60.6,62,5354,0
WPL,D,20190809,000000,62.4,63,59.6,60,5536,0
WPL,D,20190812,000000,60,63.6,59.2,61.8,53739,0
WPL,D,20190813,000000,61.8,62.8,60.8,62.8,8570,0
WPL,D,20190814,000000,62,62.2,61,61,1808,0
WPL,D,20190816,000000,61,63.4,61,62,1053,0
WPL,D,20190819,000000,63,63,61.2,62,1739,0
WPL,D,20190820,000000,61.8,63,61.6,63,34521,0
WPL,D,20190821,000000,62.8,63,62,62,1358,0
WPL,D,20190822,000000,62.2,62.2,60.2,60.2,5242,0
WPL,D,20190823,000000,62.6,62.6,60,60,2832,0
WPL,D,20190826,000000,59,61.8,59,60.6,1029,0
WPL,D,20190827,000000,61,61,59.2,59.2,2258,0
WPL,D,20190828,000000,60.4,61,59.2,59.2,2939,0
WPL,D,20190829,000000,59.6,60.6,59.4,60.6,918,0
WPL,D,20190830,000000,60.8,61.8,60.6,61,4525,0
WPL,D,20190902,000000,61,61.4,61,61.4,989,0
WPL,D,20190903,000000,60.8,61.8,60.8,61.2,556,0
WPL,D,20190904,000000,61.4,63.4,61.4,62.6,2711,0
WPL,D,20190905,000000,62.6,63,62.4,63,4977,0
WPL,D,20190906,000000,63,63,61.6,61.6,7099,0
WPL,D,20190909,000000,61.6,63.2,61.6,62,7129,0
WPL,D,20190910,000000,62.8,63,61.4,62,8846,0
WPL,D,20190911,000000,60.6,62.6,60.6,61.8,17014,0
WPL,D,20190912,000000,62.2,63,62.2,63,2802,0
WPL,D,20190913,000000,62,63,60.8,63,3028,0
WPL,D,20190916,000000,63,63.8,62.6,63.8,19710,0
WPL,D,20190917,000000,63.8,63.8,63.2,63.6,3388,0
WPL,D,20190918,000000,64,66.4,63,65,13827,0
WPL,D,20190919,000000,65.6,66,64.6,66,66620,0
WPL,D,20190920,000000,66,66,65,66,5325,0
WPL,D,20190923,000000,66,66,65,65.8,8989,0
WPL,D,20190924,000000,65.8,65.8,65,65.8,13170,0
WPL,D,20190925,000000,65,65.8,64.4,65.8,33906,0
WPL,D,20190926,000000,65.6,66,65.2,65.8,23391,0
WPL,D,20190927,000000,66,66.4,65.6,66,11465,0
WPL,D,20190930,000000,66.4,67,66.4,67,26079,0
WPL,D,20191001,000000,69,69,65.4,66.8,17587,0
WPL,D,20191002,000000,66.8,66.8,64.6,65,23318,0
WPL,D,20191003,000000,65,66.6,64.4,66.2,2333,0
WPL,D,20191004,000000,66.2,67.2,65.4,67.2,7140,0
WPL,D,20191007,000000,68.2,68.6,65.2,67,1166,0
WPL,D,20191008,000000,67.4,67.4,65,66.2,57015,0
WPL,D,20191009,000000,66.4,66.4,65,65,303,0
WPL,D,20191010,000000,66,66,66,66,326,0
WPL,D,20191011,000000,66,66.6,65.8,66,1388,0
WPL,D,20191014,000000,65.2,66.8,65,66,2316,0
WPL,D,20191015,000000,68.8,68.8,65.2,67,899,0
WPL,D,20191016,000000,68.4,68.4,66.6,67,701,0
WPL,D,20191017,000000,65.2,67.8,65.2,66.2,1968,0
WPL,D,20191018,000000,66.6,66.8,65,65,15571,0
WPL,D,20191021,000000,65.6,67.4,63.4,65,52171,0
WPL,D,20191022,000000,65.8,65.8,63.2,64.8,4547,0
WPL,D,20191023,000000,65.8,66.4,64,64,16376,0
WPL,D,20191024,000000,64,64,62.8,63.8,20515,0
WPL,D,20191025,000000,63.6,63.8,62,63,1968,0
WPL,D,20191028,000000,61.8,64,61.8,64,3864,0
WPL,D,20191029,000000,66,66,63.8,64.8,510,0
WPL,D,20191030,000000,64.4,66.2,63.6,63.6,18939,0
WPL,D,20191031,000000,64.6,65,62,64.2,1350,0
WPL,D,20191104,000000,63.4,67.6,63.4,65,3131,0
WPL,D,20191105,000000,64.6,66.4,64.6,65.2,951,0
WPL,D,20191106,000000,64.2,65.6,64,64,961,0
WPL,D,20191107,000000,64,65.2,64,64.8,5834,0
WPL,D,20191108,000000,64.8,64.8,64.2,64.2,40,0
WPL,D,20191112,000000,64,65.4,64,65.4,1238,0
WPL,D,20191113,000000,66,66,64,65.6,4529,0
WPL,D,20191114,000000,65.6,65.6,63.6,65.2,2326,0
WPL,D,20191115,000000,64.4,66,64.4,66,2045,0
WPL,D,20191118,000000,67.2,68,64.4,68,6582,0
WPL,D,20191119,000000,66.2,69,66.2,68.6,6254,0
WPL,D,20191120,000000,68.6,68.6,66.2,67.4,2020,0
WPL,D,20191121,000000,66.6,66.6,65.2,66.6,838,0
WPL,D,20191122,000000,66.6,67.8,66,66.4,6252,0
WPL,D,20191125,000000,66.6,68.6,66.6,67.8,7979,0
WPL,D,20191126,000000,67.4,68.4,67.2,68.4,51305,0
WPL,D,20191127,000000,67.8,69,67.8,69,940,0
WPL,D,20191128,000000,69,69,68,69,200,0
WPL,D,20191129,000000,68.2,68.8,68,68.4,5584,0
WPL,D,20191202,000000,68.8,68.8,68,68.8,922,0
WPL,D,20191203,000000,69,69,66,67.8,4701,0
WPL,D,20191204,000000,67.8,68.4,67.8,68.2,5919,0
WPL,D,20191205,000000,67.8,68.8,67.2,68.4,3351,0
WPL,D,20191206,000000,68.2,68.4,67.4,68.2,3338,0
WPL,D,20191209,000000,67.4,68,66.6,68,284,0
WPL,D,20191210,000000,68.2,69,66,67.4,1814,0
WPL,D,20191211,000000,68.8,68.8,66.6,67,2711,0
WPL,D,20191212,000000,67,69,66.4,66.4,2394,0
WPL,D,20191213,000000,66.4,67,64.4,67,28649,0
WPL,D,20191216,000000,67,70,67,68.8,11899,0
WPL,D,20191217,000000,69,69,68.2,68.2,1054,0
WPL,D,20191218,000000,69,70,68.2,69.2,35449,0
WPL,D,20191219,000000,69.2,69.6,67,67,9579,0
WPL,D,20191220,000000,68,70.6,67.4,69.6,32977,0
WPL,D,20191223,000000,69.4,69.4,69,69,6483,0
WPL,D,20191227,000000,70,70,69,69.8,3858,0
WPL,D,20191230,000000,69,70,69,69.8,5834,0
WPL,D,20200102,000000,70,71.8,69.2,70.4,2093,0
WPL,D,20200103,000000,71,71.4,69.4,71,26463,0
WPL,D,20200107,000000,71,78,71,77,17921,0
WPL,D,20200108,000000,81,81,77.6,77.6,16515,0
WPL,D,20200109,000000,81,81,74.2,74.2,9982,0
WPL,D,20200110,000000,74,74.8,71.6,74,8940,0
WPL,D,20200113,000000,74,76.4,74,75,21897,0
WPL,D,20200114,000000,75,78.4,75,77.6,6300,0
WPL,D,20200115,000000,77.8,80,77.4,78.2,19607,0
WPL,D,20200116,000000,77.8,79,76.6,78,3662,0
WPL,D,20200117,000000,78,78.6,77,77.4,2039,0
WPL,D,20200120,000000,78.4,78.4,75.6,77.4,2565,0
WPL,D,20200121,000000,76.8,78.2,76.8,77,36446,0
WPL,D,20200122,000000,77.4,78.4,77.2,78,9571,0
WPL,D,20200123,000000,79.8,80.6,78.6,80,15838,0
WPL,D,20200124,000000,80.4,82.6,79.2,82.4,4678,0
WPL,D,20200127,000000,83,83,80.6,81,20318,0
WPL,D,20200128,000000,81,81.8,79.2,80.4,1376,0
WPL,D,20200129,000000,81.2,81.2,78.4,79.4,1213,0
WPL,D,20200130,000000,79.4,82,79,79.8,44854,0
WPL,D,20200131,000000,79.4,81.8,79.4,81,12485,0
WPL,D,20200203,000000,80.6,81.6,79.8,81.6,1589,0
WPL,D,20200204,000000,82.4,82.4,81.6,82.2,41528,0
WPL,D,20200205,000000,82.2,88.6,82,86.4,22984,0
WPL,D,20200206,000000,89,89,83.6,85.2,13150,0
WPL,D,20200207,000000,85.2,87,82.2,84.8,1319,0
WPL,D,20200210,000000,86.4,86.6,82.2,84.2,2472,0
WPL,D,20200211,000000,83.4,86.4,83,84,1987,0
WPL,D,20200212,000000,84.2,84.2,83.4,84,10848,0
WPL,D,20200213,000000,83.8,84,83.6,84,7165,0
WPL,D,20200214,000000,84,85,83.4,85,5535,0
WPL,D,20200217,000000,84.6,88,84.6,84.6,1540,0
WPL,D,20200218,000000,85,86.8,84.2,85,1799,0
WPL,D,20200219,000000,85,86,85,86,13133,0
WPL,D,20200220,000000,86,88.2,86,87.4,5461,0
WPL,D,20200221,000000,87,88.6,85.2,86.8,4761,0
WPL,D,20200224,000000,85.2,85.8,82.4,83.8,2595,0
WPL,D,20200225,000000,80.2,80.2,75,78.8,20690,0
WPL,D,20200226,000000,78,80.6,78,79.4,3642,0
WPL,D,20200227,000000,76.2,79.8,76,76,17652,0
WPL,D,20200228,000000,75,78,71,75.2,30098,0
WPL,D,20200302,000000,75,79,71,71,37082,0
WPL,D,20200303,000000,74,77,73.6,75.2,15937,0
WPL,D,20200304,000000,78.6,79.4,76.6,78,4955,0
WPL,D,20200305,000000,80,83,77.8,79,6153,0
WPL,D,20200306,000000,76,78.4,72.2,73.4,80482,0
WPL,D,20200309,000000,66.8,72.8,66.6,68.2,36728,0
WPL,D,20200310,000000,68,72,68,69.4,10322,0
WPL,D,20200311,000000,73,73,62.4,66.6,9968,0
WPL,D,20200312,000000,61,62.6,58.8,60,117310,0
WPL,D,20200313,000000,62.4,62.4,50.6,50.6,113889,0
WPL,D,20200316,000000,51.4,53,43,47.4,38087,0
WPL,D,20200317,000000,51,53.4,48.6,52,11840,0
WPL,D,20200318,000000,51.6,56,50.4,53.2,15535,0
WPL,D,20200319,000000,51.2,53.8,51.2,53.8,12073,0
WPL,D,20200320,000000,55.4,57.4,55.4,57,19686,0
WPL,D,20200323,000000,58.4,58.4,53.2,54,13074,0
WPL,D,20200324,000000,55.8,59.4,54.6,56,11239,0
WPL,D,20200325,000000,57.8,58.2,53.6,55.2,6222,0
WPL,D,20200326,000000,55,55,54,54,16201,0
WPL,D,20200327,000000,54.4,55,53,53.2,5812,0
WPL,D,20200330,000000,53.6,53.6,52,53,5152,0
WPL,D,20200331,000000,54,54,53,54,9465,0
WPL,D,20200401,000000,53.4,55.2,53,54.8,4160,0
WPL,D,20200402,000000,54.8,56,54,55,6960,0
WPL,D,20200403,000000,55,55,53.4,54.8,3787,0
WPL,D,20200406,000000,55,55.8,55,55.8,8166,0
WPL,D,20200407,000000,56,58,56,57.6,43166,0
WPL,D,20200408,000000,58.2,59.6,58,58.6,26620,0
WPL,D,20200409,000000,58,64,58,64,31038,0
WPL,D,20200414,000000,65.8,70,65.8,67,46926,0
WPL,D,20200415,000000,67,67,63,65.4,13821,0
WPL,D,20200416,000000,65,67,64,64.8,27759,0
WPL,D,20200417,000000,64.8,67.8,64.6,67.8,5165,0
WPL,D,20200420,000000,68,72,67,70.2,42343,0
WPL,D,20200421,000000,69.6,73.6,67,71,87042,0
WPL,D,20200422,000000,72,72,67,71.2,118665,0
WPL,D,20200423,000000,70.4,70.4,66.6,67.6,21745,0
WPL,D,20200424,000000,67.6,69.6,66.6,67.6,22290,0
WPL,D,20200427,000000,68,69,63,63,14239,0
WPL,D,20200428,000000,63,66.2,63,65.8,184395,0
WPL,D,20200429,000000,66.8,67.4,64.8,67.4,3146,0
WPL,D,20200430,000000,67.8,69,66.6,67,13006,0
WPL,D,20200504,000000,68,68.2,67,67.8,20464,0
WPL,D,20200505,000000,68.4,70,64.6,66,14338,0
WPL,D,20200506,000000,67.8,67.8,64.6,66,14471,0
WPL,D,20200507,000000,67.6,67.6,65.4,66.8,992,0
WPL,D,20200508,000000,67,67,66,66.4,758,0
WPL,D,20200511,000000,66,67.8,66,67,1094,0
WPL,D,20200512,000000,66,69.8,66,68.4,18641,0
WPL,D,20200513,000000,68.4,68.8,67,68,168173,0
WPL,D,20200514,000000,68,68.2,64.2,64.6,3496,0
WPL,D,20200515,000000,65,69.2,65,66.4,2022,0
WPL,D,20200518,000000,65.2,68.4,64.4,65.6,12307,0
WPL,D,20200519,000000,66.6,66.8,64.8,66.4,18113,0
WPL,D,20200520,000000,65.2,67.8,65.2,67,4804,0
WPL,D,20200521,000000,67,67.4,66.6,67.4,636,0
WPL,D,20200522,000000,67.2,67.6,64.8,67.2,2169,0
WPL,D,20200525,000000,68,68,67.4,67.6,46562,0
WPL,D,20200526,000000,67.8,69,67.4,69,49289,0
WPL,D,20200527,000000,68.8,73.6,68,73,10448,0
WPL,D,20200528,000000,73,74.8,72.8,74.8,21816,0
WPL,D,20200529,000000,75,75,70.6,73.4,10617,0
WPL,D,20200601,000000,75,78,71,75.6,4448,0
WPL,D,20200602,000000,75.6,77.6,74.2,74.6,4696,0
WPL,D,20200603,000000,74.6,75,74,74,8424,0
WPL,D,20200604,000000,74.2,76,73.6,74.8,2847,0
WPL,D,20200605,000000,75.6,75.6,73.4,74,2180,0
WPL,D,20200608,000000,74.2,77.4,73.6,74,19496,0
WPL,D,20200609,000000,74.2,74.2,70.4,73.2,3339,0
WPL,D,20200610,000000,73.6,73.6,71,72.8,3547,0
WPL,D,20200612,000000,70,72.6,70,70,88014,0
WPL,D,20200615,000000,70.6,71,69.4,71,2102,0
WPL,D,20200616,000000,71.6,71.6,68.8,69,5545,0
WPL,D,20200617,000000,69.4,71.4,67.4,67.8,4517,0
WPL,D,20200618,000000,68.2,71.4,68,69.8,6010,0
WPL,D,20200619,000000,70.2,70.2,66.6,69,9984,0
WPL,D,20200622,000000,68.2,71.4,68.2,69.4,2925,0
WPL,D,20200623,000000,69.6,73.6,69.6,70.6,44072,0
WPL,D,20200624,000000,70.8,71,70,70,8984,0
WPL,D,20200625,000000,71,71,70,71,1226,0
WPL,D,20200626,000000,70.4,70.6,68.6,69,1914,0
WPL,D,20200629,000000,69.8,70.4,67,69,2898,0
WPL,D,20200630,000000,69.6,70.6,67.8,68.2,4473,0
WPL,D,20200701,000000,68.6,69.8,66.2,68.4,3133,0
WPL,D,20200702,000000,68.4,70,68.4,70,2116,0
WPL,D,20200703,000000,70,70,69.4,70,794,0
WPL,D,20200706,000000,70,70,69.2,70,6394,0
WPL,D,20200707,000000,69.8,70.2,69,69.4,40835,0
WPL,D,20200708,000000,70.2,72.6,69.4,70.2,6053,0
WPL,D,20200709,000000,70.8,72.8,70.2,72.2,41433,0
WPL,D,20200710,000000,71.8,72.8,70.6,71,1802,0
