<TICKER>,<PER>,<DATE>,<TIME>,<OPEN>,<HIGH>,<LOW>,<CLOSE>,<VOL>,<OPENINT>
WTN,D,20151109,000000,15.35,15.596,14.775,14.906,29063,0
WTN,D,20151110,000000,14.923,15.514,14.364,14.447,12018,0
WTN,D,20151112,000000,15.185,15.185,14.447,14.652,649,0
WTN,D,20151113,000000,14.775,14.775,14.61,14.693,523,0
WTN,D,20151116,000000,14.693,14.693,14.528,14.528,289,0
WTN,D,20151117,000000,14.693,14.693,14.528,14.528,9301,0
WTN,D,20151118,000000,14.693,14.693,14.406,14.447,284,0
WTN,D,20151119,000000,14.406,14.528,14.406,14.528,14102,0
WTN,D,20151120,000000,14.693,14.693,14.528,14.528,6092,0
WTN,D,20151123,000000,14.528,14.528,13.954,13.954,32232,0
WTN,D,20151124,000000,14.356,14.364,14.348,14.364,42299,0
WTN,D,20151125,000000,14.2,14.2,14.2,14.2,1,0
WTN,D,20151126,000000,14.364,14.364,14.364,14.364,833,0
WTN,D,20151127,000000,14.364,14.364,14.364,14.364,487,0
WTN,D,20151130,000000,14.2,14.652,14.2,14.652,1285,0
WTN,D,20151201,000000,13.995,14.364,13.256,14.16,3775,0
WTN,D,20151202,000000,14.16,14.16,13.954,13.954,252,0
WTN,D,20151203,000000,13.191,13.298,13.191,13.298,7331,0
WTN,D,20151204,000000,13.191,13.954,12.353,13.954,7760,0
WTN,D,20151207,000000,13.995,13.995,13.174,13.174,171,0
WTN,D,20151208,000000,13.339,14.077,13.339,13.954,9805,0
WTN,D,20151209,000000,13.215,13.954,13.215,13.954,2572,0
WTN,D,20151210,000000,13.945,13.954,13.945,13.954,565,0
WTN,D,20151211,000000,13.954,13.954,13.954,13.954,25394,0
WTN,D,20151214,000000,13.954,13.954,13.133,13.133,46540,0
WTN,D,20151215,000000,12.641,13.355,12.641,13.042,63993,0
WTN,D,20151216,000000,13.01,13.379,12.722,13.042,1512,0
WTN,D,20151217,000000,12.722,13.051,12.641,12.722,32703,0
WTN,D,20151218,000000,12.403,12.722,12.32,12.6,2447,0
WTN,D,20151221,000000,12.386,12.386,12.313,12.313,1606,0
WTN,D,20151222,000000,12.435,12.558,12.313,12.313,48955,0
WTN,D,20151223,000000,11.902,12.394,11.902,12.272,7037,0
WTN,D,20151228,000000,12.272,13.051,12.272,13.051,181,0
WTN,D,20151229,000000,12.731,12.731,12.329,12.722,6959,0
WTN,D,20151230,000000,12.722,13.954,12.722,13.954,5220,0
WTN,D,20160104,000000,13.954,13.954,13.543,13.543,136,0
WTN,D,20160105,000000,12.731,13.954,12.731,13.133,785,0
WTN,D,20160107,000000,13.174,13.256,13.133,13.133,534,0
WTN,D,20160108,000000,13.166,13.166,12.313,12.731,709,0
WTN,D,20160111,000000,12.329,13.059,12.329,13.059,6,0
WTN,D,20160113,000000,12.345,12.345,12.313,12.32,2909,0
WTN,D,20160114,000000,12.378,12.394,12.313,12.32,2017,0
WTN,D,20160115,000000,12.156,12.822,11.902,11.902,1829,0
WTN,D,20160118,000000,11.943,11.943,11.943,11.943,32,0
WTN,D,20160119,000000,12.313,12.558,11.985,11.985,253,0
WTN,D,20160120,000000,11.738,11.869,11.492,11.869,1417,0
WTN,D,20160121,000000,11.532,11.902,11.499,11.902,1800,0
WTN,D,20160122,000000,11.902,11.902,11.853,11.853,16928,0
WTN,D,20160125,000000,11.853,11.902,11.853,11.902,183,0
WTN,D,20160126,000000,11.738,11.902,11.738,11.738,1522,0
WTN,D,20160127,000000,11.738,11.82,11.623,11.623,7439,0
WTN,D,20160128,000000,11.902,11.902,11.803,11.82,224,0
WTN,D,20160129,000000,11.82,11.82,11.573,11.573,447,0
WTN,D,20160201,000000,12.058,12.313,12.058,12.313,1220,0
WTN,D,20160202,000000,12.558,12.558,12.313,12.313,75,0
WTN,D,20160203,000000,12.722,12.722,12.714,12.722,250,0
WTN,D,20160204,000000,12.714,12.714,12.714,12.714,31,0
WTN,D,20160208,000000,12.722,12.722,11.902,11.902,657,0
WTN,D,20160209,000000,11.902,11.91,11.902,11.902,25235,0
WTN,D,20160210,000000,11.902,12.058,11.902,12.058,487,0
WTN,D,20160215,000000,11.697,12.296,11.697,12.066,607,0
WTN,D,20160218,000000,11.508,11.82,11.081,11.081,18755,0
WTN,D,20160219,000000,11.163,11.467,11.081,11.384,2197,0
WTN,D,20160222,000000,11.344,11.344,11.123,11.123,2936,0
WTN,D,20160223,000000,11.327,11.327,11.147,11.147,72,0
WTN,D,20160224,000000,11.4,11.492,11.327,11.492,889,0
WTN,D,20160225,000000,11.902,12.296,11.763,12.222,921,0
WTN,D,20160226,000000,12.222,12.222,11.86,11.902,2750,0
WTN,D,20160229,000000,11.902,11.902,11.492,11.902,5971,0
WTN,D,20160301,000000,11.902,11.902,11.894,11.902,555,0
WTN,D,20160302,000000,11.902,11.902,11.697,11.902,456,0
WTN,D,20160303,000000,11.902,12.313,11.902,12.313,1120,0
WTN,D,20160304,000000,12.468,13.042,12.461,12.558,2636,0
WTN,D,20160307,000000,12.887,13.083,12.558,12.895,6358,0
WTN,D,20160308,000000,13.379,13.379,13.133,13.329,2926,0
WTN,D,20160309,000000,13.363,13.363,13.339,13.339,723,0
WTN,D,20160310,000000,13.445,13.872,13.445,13.847,13964,0
WTN,D,20160311,000000,13.872,14.035,13.863,14.035,3902,0
WTN,D,20160314,000000,14.035,14.035,13.872,14.003,1839,0
WTN,D,20160315,000000,13.642,14.119,13.616,14.119,40335,0
WTN,D,20160316,000000,14.109,14.257,14.109,14.257,1424,0
WTN,D,20160317,000000,14.2,14.282,14.119,14.119,70468,0
WTN,D,20160318,000000,14.035,14.035,13.543,14.035,27511,0
WTN,D,20160321,000000,14.035,14.447,13.831,14.447,75173,0
WTN,D,20160322,000000,14.447,14.447,13.79,13.79,86060,0
WTN,D,20160323,000000,13.79,14.191,13.79,14.191,930,0
WTN,D,20160324,000000,14.184,14.184,13.961,13.961,804,0
WTN,D,20160329,000000,14.035,14.035,13.133,13.707,3926,0
WTN,D,20160330,000000,13.707,13.707,13.658,13.658,1207,0
WTN,D,20160331,000000,13.707,13.954,13.626,13.954,1549,0
WTN,D,20160401,000000,14.109,14.109,13.945,13.945,934,0
WTN,D,20160404,000000,13.945,13.954,13.945,13.945,264,0
WTN,D,20160405,000000,13.954,13.954,13.559,13.945,27,0
WTN,D,20160406,000000,13.938,13.938,13.921,13.921,2,0
WTN,D,20160407,000000,13.921,13.938,13.478,13.938,2474,0
WTN,D,20160408,000000,13.938,14.364,13.929,14.364,4045,0
WTN,D,20160411,000000,14.364,14.447,14.019,14.397,9135,0
WTN,D,20160412,000000,14.43,14.437,14.126,14.397,3183,0
WTN,D,20160413,000000,14.406,14.447,14.274,14.447,3408,0
WTN,D,20160414,000000,14.274,14.447,13.945,14.422,4218,0
WTN,D,20160415,000000,14.447,14.447,14.447,14.447,3292,0
WTN,D,20160418,000000,14.447,14.488,13.954,13.954,32309,0
WTN,D,20160419,000000,14.437,14.447,13.954,14.447,3903,0
WTN,D,20160420,000000,14.447,14.479,14.406,14.447,4164,0
WTN,D,20160421,000000,14.447,14.447,13.97,14.447,3346,0
WTN,D,20160422,000000,14.406,14.447,14.085,14.447,54768,0
WTN,D,20160425,000000,14.447,14.528,14.282,14.528,41315,0
WTN,D,20160426,000000,14.364,14.447,14.282,14.447,71020,0
WTN,D,20160427,000000,14.447,14.447,14.406,14.406,149,0
WTN,D,20160428,000000,14.406,14.406,14.406,14.406,296,0
WTN,D,20160429,000000,14.282,14.569,13.961,14.569,1242,0
WTN,D,20160502,000000,14.569,14.569,14.364,14.528,929,0
WTN,D,20160504,000000,14.58,15.133,14.58,15.126,2524,0
WTN,D,20160505,000000,15.091,15.091,14.878,15.04,745,0
WTN,D,20160506,000000,15.006,15.006,14.665,14.921,10878,0
WTN,D,20160509,000000,15.006,15.006,13.642,14.836,8103,0
WTN,D,20160510,000000,14.911,14.911,14.58,14.836,1712,0
WTN,D,20160511,000000,14.836,14.843,14.153,14.656,2185,0
WTN,D,20160512,000000,14.733,14.733,14.486,14.486,1176,0
WTN,D,20160513,000000,14.477,14.75,14.477,14.477,157,0
WTN,D,20160516,000000,14.46,14.494,14.46,14.486,62,0
WTN,D,20160517,000000,14.477,14.665,14.196,14.4,175,0
WTN,D,20160518,000000,14.196,14.486,14.051,14.051,789,0
WTN,D,20160519,000000,14.06,14.136,14.06,14.06,181,0
WTN,D,20160520,000000,14.068,14.409,13.932,14.409,1389,0
WTN,D,20160523,000000,13.982,14.665,13.982,14.494,6078,0
WTN,D,20160524,000000,14.409,14.58,14.409,14.537,1741,0
WTN,D,20160525,000000,14.571,14.622,14.571,14.622,937,0
WTN,D,20160527,000000,14.665,14.836,14.622,14.836,3412,0
WTN,D,20160530,000000,14.836,14.836,13.863,14.494,227,0
WTN,D,20160531,000000,14.665,14.665,13.386,13.642,9347,0
WTN,D,20160601,000000,13.813,14.051,13.727,13.736,640,0
WTN,D,20160602,000000,14.06,14.06,13.642,13.642,363,0
WTN,D,20160603,000000,13.941,13.941,13.642,13.727,1096,0
WTN,D,20160606,000000,13.727,13.898,12.797,13.207,5254,0
WTN,D,20160607,000000,13.275,13.454,13.215,13.454,842,0
WTN,D,20160608,000000,13.454,13.454,13.454,13.454,2,0
WTN,D,20160609,000000,13.454,13.463,13.386,13.428,9,0
WTN,D,20160610,000000,13.428,13.428,13.428,13.428,2,0
WTN,D,20160613,000000,13.42,13.42,13.42,13.42,26,0
WTN,D,20160614,000000,13.42,13.42,12.278,13.207,3689,0
WTN,D,20160615,000000,13.215,13.215,12.79,13.19,124271,0
WTN,D,20160616,000000,13.19,13.19,12.662,13.19,1174,0
WTN,D,20160617,000000,13.42,13.42,13.19,13.42,3869,0
WTN,D,20160620,000000,13.42,13.727,13.42,13.727,7570,0
WTN,D,20160621,000000,14.068,14.068,14.06,14.06,46,0
WTN,D,20160622,000000,14.068,14.494,14.06,14.494,2014,0
WTN,D,20160623,000000,14.494,14.537,14.136,14.494,5378,0
WTN,D,20160624,000000,13.471,14.409,13.471,14.315,1510,0
WTN,D,20160627,000000,14.409,14.409,13.48,13.642,2680,0
WTN,D,20160628,000000,13.633,13.633,13.633,13.633,121,0
WTN,D,20160629,000000,14.375,14.375,13.633,13.813,713,0
WTN,D,20160630,000000,14.375,14.375,13.88,13.88,34,0
WTN,D,20160701,000000,13.88,13.88,13.88,13.88,2,0
WTN,D,20160704,000000,13.88,13.88,13.727,13.727,401,0
WTN,D,20160705,000000,13.88,13.889,13.88,13.889,96,0
WTN,D,20160706,000000,14.324,14.324,13.923,14.281,33,0
WTN,D,20160707,000000,14.238,14.324,14.008,14.324,1329,0
WTN,D,20160708,000000,14.324,14.383,14.324,14.383,149,0
WTN,D,20160711,000000,14.383,14.494,14.238,14.494,1574,0
WTN,D,20160712,000000,14.494,14.494,14.486,14.486,706,0
WTN,D,20160713,000000,14.452,14.674,14.452,14.665,4500,0
WTN,D,20160714,000000,14.665,14.665,14.656,14.656,2,0
WTN,D,20160715,000000,14.665,14.665,14.238,14.648,206,0
WTN,D,20160718,000000,14.622,14.622,14.494,14.494,220,0
WTN,D,20160719,000000,14.614,14.665,14.494,14.665,684,0
WTN,D,20160720,000000,14.665,14.665,14.238,14.665,712,0
WTN,D,20160721,000000,14.656,14.656,14.469,14.648,88,0
WTN,D,20160722,000000,14.648,14.648,14.648,14.648,1,0
WTN,D,20160725,000000,14.648,14.648,14.648,14.648,2,0
WTN,D,20160726,000000,14.648,14.648,14.648,14.648,2,0
WTN,D,20160727,000000,14.648,14.648,14.648,14.648,173,0
WTN,D,20160728,000000,14.648,14.648,14.162,14.638,144,0
WTN,D,20160729,000000,14.638,14.638,14.631,14.631,409,0
WTN,D,20160801,000000,14.638,14.638,14.494,14.494,20,0
WTN,D,20160802,000000,14.452,14.452,13.965,14.452,265,0
WTN,D,20160803,000000,14.409,14.494,14.409,14.494,40,0
WTN,D,20160804,000000,14.494,14.494,14.494,14.494,2,0
WTN,D,20160805,000000,14.494,14.494,14.486,14.486,2,0
WTN,D,20160808,000000,14.486,14.486,13.77,14.393,326,0
WTN,D,20160809,000000,14.393,14.393,13.633,13.633,1274,0
WTN,D,20160810,000000,13.727,14.068,13.249,14.068,2128,0
WTN,D,20160811,000000,14.477,14.477,14.281,14.281,138,0
WTN,D,20160812,000000,14.477,14.477,13.642,14.315,151,0
WTN,D,20160816,000000,14.477,14.477,14.393,14.469,313,0
WTN,D,20160817,000000,14.469,14.58,14.469,14.58,3337,0
WTN,D,20160818,000000,14.494,14.681,14.486,14.681,3689,0
WTN,D,20160819,000000,14.665,14.75,14.665,14.75,3238,0
WTN,D,20160822,000000,14.793,15.176,14.75,15.176,4343,0
WTN,D,20160823,000000,15.314,15.347,14.929,15.338,14279,0
WTN,D,20160824,000000,15.347,15.602,15.33,15.347,9068,0
WTN,D,20160825,000000,15.347,15.688,15.347,15.688,2474,0
WTN,D,20160826,000000,15.109,15.602,14.494,15.602,3520,0
WTN,D,20160829,000000,15.569,15.569,15.347,15.517,4800,0
WTN,D,20160830,000000,15.501,15.501,15.338,15.347,3102,0
WTN,D,20160831,000000,15.432,15.432,14.75,15.347,2507,0
WTN,D,20160901,000000,15.347,15.347,14.537,15.254,1577,0
WTN,D,20160902,000000,15.126,15.126,15.126,15.126,1,0
WTN,D,20160905,000000,14.826,14.826,14.366,14.75,881,0
WTN,D,20160906,000000,14.741,14.741,14.409,14.409,558,0
WTN,D,20160907,000000,14.452,14.452,14.187,14.315,1572,0
WTN,D,20160908,000000,14.366,14.366,14.153,14.153,1202,0
WTN,D,20160909,000000,14.025,14.025,13.813,13.975,628,0
WTN,D,20160912,000000,13.941,13.941,13.693,13.727,1017,0
WTN,D,20160913,000000,13.685,13.76,13.642,13.744,420,0
WTN,D,20160914,000000,13.76,13.982,13.76,13.982,991,0
WTN,D,20160915,000000,13.975,13.982,13.898,13.982,430,0
WTN,D,20160916,000000,13.982,14.494,13.898,14.494,931,0
WTN,D,20160919,000000,14.494,14.494,13.982,14.393,141,0
WTN,D,20160920,000000,14.324,14.324,14.238,14.281,71,0
WTN,D,20160921,000000,14.238,14.238,14.11,14.162,27046,0
WTN,D,20160922,000000,14.324,14.324,13.855,13.982,949,0
WTN,D,20160923,000000,14.366,14.366,14.281,14.281,11,0
WTN,D,20160926,000000,14.264,14.264,13.905,13.905,550,0
WTN,D,20160927,000000,13.855,13.855,13.838,13.855,157,0
WTN,D,20160928,000000,13.898,14.068,13.898,14.068,631,0
WTN,D,20160929,000000,14.025,14.025,13.898,13.982,126,0
WTN,D,20160930,000000,13.898,14.486,13.855,14.452,3228,0
WTN,D,20161003,000000,14.819,15.176,14.11,15.176,2211,0
WTN,D,20161004,000000,15.091,15.099,15.091,15.099,2419,0
WTN,D,20161005,000000,15.099,15.099,15.091,15.099,1233,0
WTN,D,20161006,000000,15.099,15.168,14.537,14.554,1175,0
WTN,D,20161007,000000,14.58,15.006,14.537,15.006,598,0
WTN,D,20161010,000000,15.133,15.133,14.537,15.091,1863,0
WTN,D,20161011,000000,15.049,15.049,14.708,14.921,1236,0
WTN,D,20161012,000000,15.091,15.091,14.759,14.988,30,0
WTN,D,20161013,000000,14.988,14.988,14.861,14.938,1134,0
WTN,D,20161014,000000,14.988,15.049,14.946,15.049,746,0
WTN,D,20161017,000000,15.049,15.254,14.921,15.254,2498,0
WTN,D,20161018,000000,15.254,15.338,15.176,15.338,830,0
WTN,D,20161019,000000,15.347,15.389,15.347,15.381,1084,0
WTN,D,20161020,000000,15.381,15.432,15.176,15.423,1105,0
WTN,D,20161021,000000,15.432,16.412,15.432,16.412,8688,0
WTN,D,20161024,000000,16.37,16.626,16.208,16.626,12542,0
WTN,D,20161025,000000,16.754,16.754,16.54,16.66,120,0
WTN,D,20161026,000000,16.6,16.6,16.122,16.567,414,0
WTN,D,20161027,000000,16.567,16.967,16.54,16.967,3739,0
WTN,D,20161028,000000,17.052,17.052,17.052,17.052,304,0
WTN,D,20161031,000000,17.121,17.121,17.052,17.052,194,0
WTN,D,20161102,000000,16.592,17.052,16.592,17.052,9689,0
WTN,D,20161103,000000,16.626,16.924,16.626,16.924,215,0
WTN,D,20161104,000000,17.052,17.052,16.882,17.052,566,0
WTN,D,20161107,000000,15.842,16.54,15.842,16.54,28503,0
WTN,D,20161108,000000,16.37,16.711,16.199,16.447,7406,0
WTN,D,20161109,000000,16.199,16.199,16.199,16.199,182,0
WTN,D,20161110,000000,16.199,16.199,16.192,16.192,20,0
WTN,D,20161114,000000,16.192,16.192,15.347,16.106,9156,0
WTN,D,20161115,000000,15.773,15.773,15.347,15.347,77,0
WTN,D,20161116,000000,15.602,15.602,15.006,15.006,105,0
WTN,D,20161117,000000,15.773,15.773,15.347,15.347,30,0
WTN,D,20161118,000000,15.773,15.773,14.665,14.921,1881,0
WTN,D,20161121,000000,14.708,14.826,14.494,14.826,214,0
WTN,D,20161122,000000,14.826,14.826,14.819,14.819,2,0
WTN,D,20161123,000000,14.819,14.911,14.238,14.911,4892,0
WTN,D,20161124,000000,14.911,14.911,14.213,14.58,1023,0
WTN,D,20161125,000000,14.793,14.793,14.324,14.324,113,0
WTN,D,20161128,000000,14.213,15.338,14.213,15.338,337,0
WTN,D,20161129,000000,14.921,14.921,14.58,14.58,656,0
WTN,D,20161130,000000,15.338,15.338,14.409,14.911,1053,0
WTN,D,20161201,000000,15.338,15.338,14.58,14.622,1174,0
WTN,D,20161202,000000,14.622,14.622,14.324,14.58,262,0
WTN,D,20161205,000000,14.819,14.819,13.982,14.819,96,0
WTN,D,20161206,000000,14.819,14.819,14.409,14.486,1335,0
WTN,D,20161207,000000,14.614,14.614,14.494,14.494,4722,0
WTN,D,20161208,000000,14.819,14.819,14.153,14.494,390,0
WTN,D,20161209,000000,14.58,14.58,14.58,14.58,11,0
WTN,D,20161212,000000,14.665,14.665,14.665,14.665,11,0
WTN,D,20161213,000000,14.665,14.665,14.665,14.665,2,0
WTN,D,20161214,000000,14.665,14.665,14.665,14.665,2,0
WTN,D,20161215,000000,14.665,14.665,14.494,14.494,2,0
WTN,D,20161216,000000,14.665,14.665,14.503,14.503,4,0
WTN,D,20161219,000000,14.665,14.665,14.162,14.238,411,0
WTN,D,20161220,000000,14.238,14.238,13.855,14.153,959,0
WTN,D,20161221,000000,14.153,14.238,14.153,14.238,16,0
WTN,D,20161222,000000,14.238,14.238,14.238,14.238,2,0
WTN,D,20161223,000000,14.238,14.238,14.23,14.23,2,0
WTN,D,20161227,000000,14.238,14.238,13.642,13.642,636,0
WTN,D,20161228,000000,14.238,14.238,14.196,14.196,7,0
WTN,D,20161229,000000,14.238,14.238,14.196,14.196,2,0
WTN,D,20161230,000000,14.23,14.921,14.23,14.366,23258,0
WTN,D,20170102,000000,14.238,15.091,13.982,15.091,709,0
WTN,D,20170103,000000,14.921,14.921,14.793,14.793,14,0
WTN,D,20170104,000000,14.793,14.861,14.494,14.861,130,0
WTN,D,20170105,000000,14.81,14.861,14.75,14.861,112,0
WTN,D,20170109,000000,14.861,14.861,14.622,14.843,499,0
WTN,D,20170110,000000,14.921,14.921,14.248,14.409,849,0
WTN,D,20170111,000000,14.911,14.911,14.068,14.537,1617,0
WTN,D,20170112,000000,14.537,14.537,14.085,14.528,15778,0
WTN,D,20170113,000000,14.528,14.528,14.093,14.324,4618,0
WTN,D,20170116,000000,14.238,14.537,14.238,14.537,636,0
WTN,D,20170117,000000,14.537,14.537,14.324,14.324,15771,0
WTN,D,20170118,000000,14.281,14.281,14.238,14.238,30,0
WTN,D,20170119,000000,14.537,14.537,14.537,14.537,120,0
WTN,D,20170120,000000,14.537,14.537,14.324,14.494,610,0
WTN,D,20170123,000000,14.409,14.409,14.119,14.393,201,0
WTN,D,20170124,000000,14.494,14.494,14.324,14.494,129,0
WTN,D,20170125,000000,14.494,14.537,14.469,14.537,549,0
WTN,D,20170126,000000,14.332,15.773,14.332,15.773,4789,0
WTN,D,20170127,000000,15.432,15.432,15.381,15.381,221,0
WTN,D,20170130,000000,15.347,15.347,15.006,15.006,548,0
WTN,D,20170131,000000,15.006,15.731,14.537,15.389,2012,0
WTN,D,20170201,000000,15.594,15.594,15.347,15.347,5118,0
WTN,D,20170202,000000,15.586,15.586,15.423,15.423,73,0
WTN,D,20170203,000000,15.423,15.423,15.219,15.389,21,0
WTN,D,20170206,000000,15.56,15.56,15.049,15.066,884,0
WTN,D,20170207,000000,15.347,15.594,15.338,15.338,26236,0
WTN,D,20170208,000000,15.338,15.338,15.109,15.109,38,0
WTN,D,20170209,000000,15.244,15.244,14.819,15.244,586,0
WTN,D,20170210,000000,15.254,15.254,14.904,14.904,7,0
WTN,D,20170213,000000,15.261,15.261,14.546,14.75,1504,0
WTN,D,20170214,000000,15.176,15.176,15.176,15.176,2,0
WTN,D,20170215,000000,15.176,15.254,15.176,15.219,237,0
WTN,D,20170216,000000,15.236,15.236,15.168,15.168,9,0
WTN,D,20170217,000000,15.133,15.133,14.588,15.126,754,0
WTN,D,20170220,000000,15.116,15.116,15.074,15.074,136,0
WTN,D,20170221,000000,15.074,15.074,14.546,14.665,472,0
WTN,D,20170222,000000,14.665,15.126,14.665,15.126,789,0
WTN,D,20170223,000000,15.126,15.126,15.126,15.126,2,0
WTN,D,20170224,000000,15.116,15.126,14.895,15.126,6037,0
WTN,D,20170227,000000,14.58,14.588,14.58,14.58,77,0
WTN,D,20170228,000000,15.006,15.006,14.324,14.494,1345,0
WTN,D,20170301,000000,14.921,14.921,14.494,14.537,142,0
WTN,D,20170302,000000,14.921,14.921,14.119,14.272,1559,0
WTN,D,20170303,000000,14.494,14.494,14.068,14.494,1689,0
WTN,D,20170306,000000,14.494,14.733,14.494,14.494,2463,0
WTN,D,20170307,000000,14.554,14.75,14.494,14.75,3608,0
WTN,D,20170308,000000,14.878,14.878,13.982,14.025,1575,0
WTN,D,20170309,000000,14.025,14.409,13.982,14.409,971,0
WTN,D,20170310,000000,14.366,14.366,14.281,14.281,2,0
WTN,D,20170313,000000,14.366,14.494,14.366,14.494,117,0
WTN,D,20170314,000000,14.494,14.75,14.119,14.75,4835,0
WTN,D,20170315,000000,14.826,14.826,14.656,14.665,3169,0
WTN,D,20170316,000000,14.819,14.819,14.179,14.75,937,0
WTN,D,20170317,000000,14.819,14.819,14.75,14.75,278,0
WTN,D,20170320,000000,14.75,14.75,14.622,14.622,178,0
WTN,D,20170321,000000,14.75,14.75,14.699,14.699,2,0
WTN,D,20170322,000000,14.665,14.665,14.324,14.537,987,0
WTN,D,20170323,000000,14.537,14.537,14.324,14.324,40,0
WTN,D,20170324,000000,14.494,14.494,14.119,14.494,106,0
WTN,D,20170327,000000,14.699,14.699,14.153,14.691,68,0
WTN,D,20170328,000000,14.699,14.699,14.477,14.477,6,0
WTN,D,20170329,000000,14.699,14.699,14.477,14.477,88,0
WTN,D,20170330,000000,14.699,14.699,14.409,14.665,1199,0
WTN,D,20170331,000000,14.75,15.126,14.494,14.921,6374,0
WTN,D,20170403,000000,15.126,15.126,15.006,15.006,76,0
WTN,D,20170404,000000,15.049,15.049,15.049,15.049,2,0
WTN,D,20170405,000000,15.126,15.347,14.75,14.75,3131,0
WTN,D,20170406,000000,15.347,15.347,15.006,15.006,686,0
WTN,D,20170407,000000,14.954,14.954,14.494,14.588,2070,0
WTN,D,20170410,000000,15.083,15.083,14.75,15.083,214,0
WTN,D,20170411,000000,15.049,15.049,14.878,14.981,365,0
WTN,D,20170412,000000,15.006,15.338,14.998,15.338,1615,0
WTN,D,20170413,000000,15.347,15.347,15.176,15.176,2,0
WTN,D,20170418,000000,15.168,15.168,14.75,15.168,255,0
WTN,D,20170419,000000,15.168,15.168,14.767,15.083,237,0
WTN,D,20170420,000000,14.597,15.133,14.494,15.133,2080,0
WTN,D,20170421,000000,14.836,14.836,14.81,14.81,62,0
WTN,D,20170424,000000,15.151,15.151,14.75,14.75,744,0
WTN,D,20170425,000000,15.151,15.151,14.921,14.921,2,0
WTN,D,20170426,000000,15.151,15.151,14.75,15.151,805,0
WTN,D,20170427,000000,15.151,15.773,15.151,15.688,4938,0
WTN,D,20170428,000000,15.688,15.688,15.389,15.517,187,0
WTN,D,20170502,000000,15.688,15.688,15.671,15.671,14,0
WTN,D,20170504,000000,15.688,15.688,15.602,15.602,2,0
WTN,D,20170505,000000,15.594,15.594,15.577,15.577,2,0
WTN,D,20170508,000000,15.594,16.106,15.594,16.106,3703,0
WTN,D,20170509,000000,16.097,16.805,16.097,16.745,2684,0
WTN,D,20170510,000000,16.882,16.882,16.157,16.626,653,0
WTN,D,20170511,000000,16.668,16.668,16.046,16.532,62,0
WTN,D,20170512,000000,16.524,16.524,16.199,16.199,2,0
WTN,D,20170515,000000,16.532,16.609,16.455,16.609,2591,0
WTN,D,20170516,000000,16.54,16.54,15.057,15.773,2421,0
WTN,D,20170517,000000,15.765,15.773,15.765,15.773,50,0
WTN,D,20170518,000000,15.773,15.773,15.347,15.594,2402,0
WTN,D,20170519,000000,15.517,15.602,15.517,15.517,286,0
WTN,D,20170522,000000,15.517,16.199,15.176,15.176,3756,0
WTN,D,20170523,000000,16.008,16.008,15.337,16.008,43822,0
WTN,D,20170524,000000,16.008,16.008,16.008,16.008,2,0
WTN,D,20170525,000000,15.91,15.91,15.901,15.901,2,0
WTN,D,20170526,000000,15.901,15.901,15.293,15.731,589,0
WTN,D,20170529,000000,15.731,15.731,15.731,15.731,114,0
WTN,D,20170530,000000,15.731,15.731,15.713,15.713,2,0
WTN,D,20170531,000000,15.713,15.713,15.695,15.695,24,0
WTN,D,20170601,000000,15.695,15.695,15.025,15.042,288,0
WTN,D,20170602,000000,15.203,15.203,15.203,15.203,189,0
WTN,D,20170605,000000,15.203,15.382,14.756,14.845,1631,0
WTN,D,20170606,000000,14.845,15.552,14.845,15.552,1346,0
WTN,D,20170607,000000,15.552,15.597,15.293,15.597,47300,0
WTN,D,20170608,000000,15.731,15.856,15.48,15.65,9883,0
WTN,D,20170609,000000,15.489,15.963,15.489,15.963,502,0
WTN,D,20170612,000000,15.963,15.963,14.89,14.89,1002,0
WTN,D,20170613,000000,16.008,16.008,14.89,15.462,2316,0
WTN,D,20170614,000000,15.462,15.462,15.454,15.454,2,0
WTN,D,20170616,000000,15.454,15.454,15.185,15.185,2,0
WTN,D,20170619,000000,15.185,15.561,15.185,15.561,2,0
WTN,D,20170620,000000,15.561,15.561,14.756,15.382,2358,0
WTN,D,20170621,000000,15.373,15.373,15.284,15.284,35,0
WTN,D,20170622,000000,15.284,15.284,15.185,15.185,1120,0
WTN,D,20170623,000000,15.185,15.203,15.185,15.203,1121,0
WTN,D,20170626,000000,15.418,15.418,15.418,15.418,2,0
WTN,D,20170627,000000,15.337,15.337,15.203,15.203,2,0
WTN,D,20170628,000000,15.418,15.418,15.418,15.418,2,0
WTN,D,20170629,000000,15.418,15.418,15.203,15.203,2,0
WTN,D,20170630,000000,15.203,15.203,14.756,14.756,1136,0
WTN,D,20170703,000000,15.194,15.194,15.194,15.194,2,0
WTN,D,20170704,000000,15.194,15.194,15.194,15.194,2,0
WTN,D,20170705,000000,15.176,15.203,15.176,15.203,2454,0
WTN,D,20170706,000000,15.203,15.203,15.113,15.194,198,0
WTN,D,20170707,000000,15.203,15.203,15.194,15.194,2,0
WTN,D,20170710,000000,15.203,15.203,14.756,14.756,899,0
WTN,D,20170711,000000,15.203,15.203,14.756,14.782,342,0
WTN,D,20170712,000000,14.782,15.203,14.756,15.203,342,0
WTN,D,20170713,000000,15.203,15.472,14.756,14.837,27560,0
WTN,D,20170714,000000,14.845,14.845,14.845,14.845,14,0
WTN,D,20170717,000000,14.756,14.756,14.666,14.666,169,0
WTN,D,20170718,000000,14.666,14.666,14.327,14.577,286,0
WTN,D,20170719,000000,14.666,14.666,14.622,14.622,13,0
WTN,D,20170720,000000,14.309,14.309,13.889,13.924,414,0
WTN,D,20170721,000000,13.924,14.81,13.924,14.81,783,0
WTN,D,20170724,000000,15.185,15.185,15.158,15.158,18,0
WTN,D,20170725,000000,15.194,15.194,14.81,15.158,31,0
WTN,D,20170726,000000,15.194,15.194,15.158,15.158,2,0
WTN,D,20170727,000000,15.194,15.194,14.935,14.935,6,0
WTN,D,20170728,000000,14.935,14.935,14.112,14.801,221,0
WTN,D,20170731,000000,14.801,14.801,14.738,14.738,7,0
WTN,D,20170801,000000,14.721,14.721,14.658,14.658,2,0
WTN,D,20170802,000000,14.613,14.613,14.613,14.613,1,0
WTN,D,20170803,000000,14.568,14.702,14.568,14.702,2,0
WTN,D,20170804,000000,14.756,15.293,14.756,15.293,3437,0
WTN,D,20170807,000000,15.516,15.516,15.203,15.516,902,0
WTN,D,20170808,000000,15.516,15.561,15.516,15.561,34,0
WTN,D,20170809,000000,15.74,15.74,15.516,15.516,164,0
WTN,D,20170810,000000,15.382,15.382,15.382,15.382,2,0
WTN,D,20170811,000000,15.382,15.382,15.382,15.382,2,0
WTN,D,20170814,000000,15.382,15.382,15.382,15.382,17,0
WTN,D,20170816,000000,15.382,15.382,15.382,15.382,2,0
WTN,D,20170817,000000,15.382,15.382,15.382,15.382,2,0
WTN,D,20170818,000000,15.382,15.382,15.382,15.382,2,0
WTN,D,20170821,000000,15.382,15.382,15.382,15.382,2,0
WTN,D,20170822,000000,15.382,15.382,15.382,15.382,2,0
WTN,D,20170823,000000,15.382,15.382,15.203,15.382,25812,0
WTN,D,20170824,000000,15.65,15.65,15.507,15.507,561,0
WTN,D,20170825,000000,14.944,14.962,14.89,14.935,2752,0
WTN,D,20170828,000000,14.488,14.533,14.309,14.318,4941,0
WTN,D,20170829,000000,14.309,14.309,14.309,14.309,559,0
WTN,D,20170830,000000,14.22,14.22,14.059,14.059,1155,0
WTN,D,20170831,000000,14.041,14.041,14.041,14.041,582,0
WTN,D,20170901,000000,13.996,13.996,13.996,13.996,13,0
WTN,D,20170904,000000,14.443,14.452,14.353,14.363,483,0
WTN,D,20170905,000000,14.363,14.363,14.363,14.363,2,0
WTN,D,20170906,000000,15.078,15.078,15.07,15.07,301,0
WTN,D,20170907,000000,15.078,15.078,14.935,15.078,94233,0
WTN,D,20170908,000000,14.756,15.561,14.756,15.561,2216,0
WTN,D,20170911,000000,15.382,15.382,14.872,14.872,3316,0
WTN,D,20170912,000000,15.382,15.472,15.203,15.293,3339,0
WTN,D,20170913,000000,15.472,15.472,15.472,15.472,1,0
WTN,D,20170914,000000,15.462,15.462,14.89,14.89,508,0
WTN,D,20170915,000000,14.89,14.89,14.801,14.801,2,0
WTN,D,20170918,000000,14.801,14.801,14.801,14.801,124,0
WTN,D,20170919,000000,15.329,15.329,14.496,15.319,6,0
WTN,D,20170920,000000,15.319,15.319,15.203,15.203,226,0
WTN,D,20170921,000000,15.454,15.454,15.194,15.194,2,0
WTN,D,20170922,000000,15.203,15.203,14.882,15.194,114,0
WTN,D,20170925,000000,15.113,15.113,14.935,14.935,2,0
WTN,D,20170926,000000,14.935,14.935,14.935,14.935,2,0
WTN,D,20170927,000000,14.935,14.935,14.935,14.935,4161,0
WTN,D,20170928,000000,15.176,15.176,14.416,14.89,487,0
WTN,D,20170929,000000,14.89,14.98,14.89,14.98,34181,0
WTN,D,20171002,000000,15.194,15.194,15.194,15.194,2,0
WTN,D,20171003,000000,15.194,15.194,14.398,14.935,1196,0
WTN,D,20171004,000000,15.015,15.462,14.398,15.462,17654,0
WTN,D,20171005,000000,15.382,15.382,14.756,15.203,1634,0
WTN,D,20171006,000000,15.194,15.194,15.194,15.194,2,0
WTN,D,20171009,000000,15.194,15.194,14.711,14.845,1051,0
WTN,D,20171010,000000,14.89,14.89,14.872,14.872,247,0
WTN,D,20171011,000000,15.113,15.427,14.872,15.427,14444,0
WTN,D,20171012,000000,15.427,15.472,15.427,15.472,910,0
WTN,D,20171013,000000,15.472,15.552,15.472,15.552,985,0
WTN,D,20171016,000000,15.552,15.552,15.213,15.239,607,0
WTN,D,20171017,000000,15.203,15.203,15.203,15.203,772,0
WTN,D,20171018,000000,15.113,15.113,15.113,15.113,2,0
WTN,D,20171019,000000,15.472,15.472,15.203,15.203,5,0
WTN,D,20171020,000000,15.427,15.427,14.515,14.515,1285,0
WTN,D,20171023,000000,14.541,15.105,14.398,15.105,339,0
WTN,D,20171024,000000,14.962,14.962,14.398,14.917,3876,0
WTN,D,20171025,000000,14.89,14.89,14.89,14.89,2,0
WTN,D,20171026,000000,14.89,14.89,14.89,14.89,1,0
WTN,D,20171027,000000,14.872,14.872,14.363,14.872,64,0
WTN,D,20171030,000000,14.872,14.872,14.872,14.872,2,0
WTN,D,20171031,000000,14.872,14.872,14.872,14.872,2,0
WTN,D,20171102,000000,14.872,14.872,14.872,14.872,11,0
WTN,D,20171103,000000,14.872,14.872,14.827,14.827,2,0
WTN,D,20171106,000000,14.854,15.07,14.854,15.025,4588,0
WTN,D,20171107,000000,15.025,15.025,14.38,14.98,10074,0
WTN,D,20171108,000000,14.962,15.382,14.416,15.382,49482,0
WTN,D,20171109,000000,15.293,16.545,15.293,16.509,3963,0
WTN,D,20171110,000000,16.536,16.536,15.919,16.187,6997,0
WTN,D,20171113,000000,15.919,15.919,15.919,15.919,216,0
WTN,D,20171114,000000,15.748,15.919,15.65,15.919,618,0
WTN,D,20171115,000000,15.919,16.366,15.919,15.919,3660,0
WTN,D,20171116,000000,15.748,16.545,15.748,16.545,8007,0
WTN,D,20171117,000000,16.545,16.992,16.545,16.992,5433,0
WTN,D,20171120,000000,16.992,16.992,16.634,16.634,618,0
WTN,D,20171121,000000,16.545,16.545,16.545,16.545,35,0
WTN,D,20171122,000000,16.545,16.545,16.545,16.545,2,0
WTN,D,20171123,000000,16.545,16.545,16.187,16.545,1044,0
WTN,D,20171124,000000,16.545,16.545,16.545,16.545,2,0
WTN,D,20171127,000000,16.902,17.171,16.277,16.813,5026,0
WTN,D,20171128,000000,17.26,17.26,16.097,16.097,141,0
WTN,D,20171129,000000,16.992,16.992,16.634,16.634,468,0
WTN,D,20171130,000000,16.992,17.662,16.983,17.662,3814,0
WTN,D,20171201,000000,17.618,17.886,17.439,17.886,1278,0
WTN,D,20171204,000000,17.707,18.781,17.529,17.878,5678,0
WTN,D,20171205,000000,17.886,17.886,17.01,17.171,23114,0
WTN,D,20171206,000000,17.654,17.698,17.171,17.698,3408,0
WTN,D,20171207,000000,17.833,17.833,17.206,17.707,928,0
WTN,D,20171208,000000,17.886,17.886,17.26,17.886,941,0
WTN,D,20171211,000000,17.886,17.886,17.439,17.439,122,0
WTN,D,20171212,000000,17.171,17.171,17.028,17.171,674,0
WTN,D,20171213,000000,17.171,17.171,17.171,17.171,33,0
WTN,D,20171214,000000,17.439,17.439,17.439,17.439,103,0
WTN,D,20171215,000000,17.412,17.439,17.412,17.439,217,0
WTN,D,20171218,000000,17.886,17.886,17.886,17.886,1,0
WTN,D,20171219,000000,17.412,17.412,17.412,17.412,178,0
WTN,D,20171220,000000,16.589,17.439,16.589,17.439,42,0
WTN,D,20171221,000000,17.439,17.439,17.439,17.439,2,0
WTN,D,20171222,000000,17.439,17.439,17.305,17.305,2,0
WTN,D,20171227,000000,17.26,17.26,16.992,17.26,93,0
WTN,D,20171228,000000,17.878,17.878,16.992,16.992,196,0
WTN,D,20171229,000000,16.598,16.598,16.589,16.589,263,0
WTN,D,20180103,000000,16.724,16.813,16.724,16.769,14696,0
WTN,D,20180104,000000,16.813,16.813,16.813,16.813,447,0
WTN,D,20180105,000000,16.769,16.992,16.769,16.902,3579,0
WTN,D,20180108,000000,16.992,16.992,16.992,16.992,473,0
WTN,D,20180109,000000,17.662,17.662,17.081,17.573,2083,0
WTN,D,20180110,000000,17.573,17.573,17.573,17.573,2,0
WTN,D,20180111,000000,17.573,19.317,17.573,19.138,12348,0
WTN,D,20180112,000000,19.406,19.675,19.228,19.496,673,0
WTN,D,20180115,000000,19.585,19.585,19.228,19.228,350,0
WTN,D,20180116,000000,19.406,19.406,19.228,19.228,10508,0
WTN,D,20180117,000000,19.406,19.406,18.512,19.228,10061,0
WTN,D,20180118,000000,19.406,19.406,19.406,19.406,2,0
WTN,D,20180119,000000,19.406,20.837,19.317,20.122,2305,0
WTN,D,20180122,000000,20.569,20.569,20.122,20.122,412,0
WTN,D,20180123,000000,20.569,20.569,19.228,19.585,9033,0
WTN,D,20180124,000000,20.48,20.48,19.585,19.675,234,0
WTN,D,20180125,000000,20.48,20.48,19.675,20.301,908,0
WTN,D,20180126,000000,19.675,20.211,19.675,19.853,14697,0
WTN,D,20180129,000000,19.675,19.675,19.675,19.675,388,0
WTN,D,20180130,000000,19.675,19.675,19.228,19.228,539,0
WTN,D,20180131,000000,19.675,19.675,19.049,19.049,6341,0
WTN,D,20180201,000000,19.228,19.228,18.781,18.781,274,0
WTN,D,20180202,000000,18.154,19.049,18.154,19.049,220,0
WTN,D,20180205,000000,18.781,19.049,18.601,19.049,510,0
WTN,D,20180206,000000,19.585,19.585,17.886,19.585,919,0
WTN,D,20180207,000000,19.585,19.585,19.585,19.585,51,0
WTN,D,20180208,000000,19.585,19.585,19.585,19.585,2,0
WTN,D,20180209,000000,19.585,19.585,18.87,19.585,106,0
WTN,D,20180212,000000,19.406,19.406,19.406,19.406,13,0
WTN,D,20180213,000000,19.406,19.585,19.138,19.585,1302,0
WTN,D,20180214,000000,19.585,19.675,19.585,19.675,7376,0
WTN,D,20180215,000000,19.675,19.675,19.496,19.496,3,0
WTN,D,20180216,000000,19.675,19.675,19.675,19.675,3,0
WTN,D,20180219,000000,20.48,20.48,19.675,19.675,1745,0
WTN,D,20180220,000000,20.48,20.48,19.138,19.585,449,0
WTN,D,20180221,000000,20.39,20.39,19.496,19.675,5034,0
WTN,D,20180222,000000,20.122,20.122,19.675,19.675,4699,0
WTN,D,20180223,000000,20.122,20.122,19.675,19.675,281,0
WTN,D,20180226,000000,20.122,20.122,18.781,19.675,1083,0
WTN,D,20180227,000000,20.122,20.122,19.675,19.675,554,0
WTN,D,20180228,000000,19.585,19.585,19.406,19.406,388,0
WTN,D,20180301,000000,20.122,20.122,19.228,19.675,2643,0
WTN,D,20180302,000000,20.122,20.122,18.154,18.601,710,0
WTN,D,20180305,000000,18.512,18.781,17.081,18.065,1431,0
WTN,D,20180306,000000,18.065,18.065,18.065,18.065,2,0
WTN,D,20180307,000000,18.781,18.781,18.423,18.423,56,0
WTN,D,20180308,000000,18.781,18.781,18.423,18.423,255,0
WTN,D,20180309,000000,18.781,18.781,18.781,18.781,2,0
WTN,D,20180312,000000,18.781,18.781,17.886,18.333,482,0
WTN,D,20180313,000000,18.333,18.333,18.333,18.333,49,0
WTN,D,20180314,000000,18.333,18.333,18.244,18.333,114,0
WTN,D,20180315,000000,18.333,18.333,18.333,18.333,99,0
WTN,D,20180316,000000,18.244,18.333,18.244,18.333,115,0
WTN,D,20180319,000000,18.333,18.333,17.394,18.333,968,0
WTN,D,20180320,000000,18.333,18.333,16.679,17.439,827,0
WTN,D,20180321,000000,18.244,18.244,18.244,18.244,1,0
WTN,D,20180322,000000,18.244,18.244,18.244,18.244,2,0
WTN,D,20180323,000000,18.244,18.244,18.244,18.244,4,0
WTN,D,20180326,000000,18.244,18.244,18.244,18.244,2,0
WTN,D,20180327,000000,17.886,17.886,17.886,17.886,114,0
WTN,D,20180328,000000,17.886,17.886,17.886,17.886,132,0
WTN,D,20180329,000000,18.244,18.244,18.244,18.244,11,0
WTN,D,20180403,000000,17.886,17.886,17.886,17.886,171,0
WTN,D,20180404,000000,18.244,18.244,17.305,17.305,256,0
WTN,D,20180405,000000,17.26,17.976,17.081,17.976,1621,0
WTN,D,20180406,000000,17.976,17.976,17.886,17.886,57,0
WTN,D,20180409,000000,17.976,18.781,17.886,18.781,3530,0
WTN,D,20180410,000000,18.781,18.781,18.244,18.691,314,0
WTN,D,20180411,000000,18.781,18.781,17.886,18.423,105,0
WTN,D,20180412,000000,18.781,18.781,18.512,18.781,2380,0
WTN,D,20180413,000000,19.138,19.138,18.781,18.781,2239,0
WTN,D,20180416,000000,19.138,19.138,18.781,18.781,3,0
WTN,D,20180417,000000,19.138,19.138,18.333,18.333,428,0
WTN,D,20180418,000000,18.244,18.333,18.244,18.333,5,0
WTN,D,20180419,000000,18.781,18.781,18.333,18.423,57,0
WTN,D,20180420,000000,18.333,18.423,18.333,18.423,58,0
WTN,D,20180423,000000,18.781,18.781,18.333,18.781,35,0
WTN,D,20180424,000000,18.333,18.333,18.333,18.333,5,0
WTN,D,20180425,000000,18.691,18.691,17.484,17.886,293,0
WTN,D,20180426,000000,17.886,17.886,17.707,17.886,114,0
WTN,D,20180427,000000,17.886,17.886,17.886,17.886,2,0
WTN,D,20180430,000000,17.886,17.886,17.886,17.886,2,0
WTN,D,20180502,000000,17.886,17.886,17.886,17.886,1,0
WTN,D,20180504,000000,17.886,17.886,16.992,17.662,327,0
WTN,D,20180507,000000,17.662,18.512,17.662,17.886,7595,0
WTN,D,20180508,000000,18.691,18.691,16.992,16.992,553,0
WTN,D,20180509,000000,17.171,17.797,17.171,17.797,971,0
WTN,D,20180510,000000,18.244,18.244,18.244,18.244,6,0
WTN,D,20180511,000000,18.601,18.601,17.529,18.601,729,0
WTN,D,20180514,000000,18.781,18.781,18.423,18.781,3491,0
WTN,D,20180515,000000,19.049,19.049,17.841,18.244,820,0
WTN,D,20180516,000000,18.333,18.333,17.886,18.333,30,0
WTN,D,20180517,000000,18.333,18.333,17.081,17.26,772,0
WTN,D,20180518,000000,17.349,17.976,17.349,17.349,8239,0
WTN,D,20180521,000000,17.841,17.841,17.349,17.439,1373,0
WTN,D,20180522,000000,17.486,17.486,17.486,17.486,40,0
WTN,D,20180523,000000,17.766,17.766,17.766,17.766,2,0
WTN,D,20180524,000000,18.234,18.234,17.766,18.234,37,0
WTN,D,20180525,000000,18.234,18.234,18.234,18.234,2,0
WTN,D,20180528,000000,18.234,18.234,18.234,18.234,1,0
WTN,D,20180529,000000,18.234,18.234,17.158,18.234,1143,0
WTN,D,20180530,000000,18.234,18.234,18.234,18.234,6,0
WTN,D,20180601,000000,17.953,18.14,17.112,18.14,13,0
WTN,D,20180604,000000,18.234,18.234,17.112,18.14,997,0
WTN,D,20180605,000000,18.14,18.234,17.766,18.234,1031,0
WTN,D,20180606,000000,18.514,18.514,17.205,18.234,1173,0
WTN,D,20180607,000000,17.579,17.953,17.579,17.953,95,0
WTN,D,20180608,000000,17.953,17.953,17.299,17.953,46,0
WTN,D,20180611,000000,17.953,17.953,17.953,17.953,2,0
WTN,D,20180612,000000,17.953,17.953,17.766,17.953,264,0
WTN,D,20180613,000000,17.766,17.766,17.766,17.766,80,0
WTN,D,20180614,000000,17.766,17.766,16.925,17.766,109,0
WTN,D,20180615,000000,17.766,17.766,17.719,17.719,2,0
WTN,D,20180618,000000,17.766,17.953,16.925,17.953,982,0
WTN,D,20180619,000000,17.953,17.953,16.551,17.953,94,0
WTN,D,20180620,000000,17.953,17.953,17.953,17.953,1,0
WTN,D,20180621,000000,17.299,17.299,16.644,17.299,791,0
WTN,D,20180622,000000,17.299,17.299,17.299,17.299,1,0
WTN,D,20180625,000000,17.953,17.953,17.953,17.953,1,0
WTN,D,20180626,000000,17.953,17.953,17.953,17.953,1,0
WTN,D,20180627,000000,17.299,17.299,16.644,16.644,3653,0
WTN,D,20180628,000000,17.299,17.299,16.504,16.504,896,0
WTN,D,20180629,000000,17.953,17.953,16.551,17.299,2300,0
WTN,D,20180702,000000,17.953,17.953,17.953,17.953,1,0
WTN,D,20180703,000000,17.299,17.299,17.299,17.299,12,0
WTN,D,20180704,000000,17.579,17.579,17.579,17.579,2,0
WTN,D,20180705,000000,17.018,17.018,16.364,16.457,3168,0
WTN,D,20180706,000000,16.457,16.831,16.457,16.831,17,0
WTN,D,20180709,000000,16.925,16.971,16.925,16.971,2,0
WTN,D,20180710,000000,17.065,17.065,16.971,16.971,2,0
WTN,D,20180711,000000,16.971,16.971,16.457,16.971,65,0
WTN,D,20180712,000000,16.971,16.971,16.831,16.831,2,0
WTN,D,20180713,000000,16.971,16.971,16.971,16.971,1,0
WTN,D,20180716,000000,16.971,16.971,16.971,16.971,2,0
WTN,D,20180717,000000,16.971,16.971,16.971,16.971,1,0
WTN,D,20180718,000000,16.878,16.878,16.878,16.878,1,0
WTN,D,20180719,000000,16.878,16.878,16.177,16.364,2303,0
WTN,D,20180720,000000,16.691,16.691,16.691,16.691,1,0
WTN,D,20180723,000000,16.691,16.784,15.943,16.784,1468,0
WTN,D,20180724,000000,16.831,16.831,16.831,16.831,1,0
WTN,D,20180725,000000,16.831,16.831,16.364,16.597,282,0
WTN,D,20180726,000000,16.831,16.831,15.896,16.317,3035,0
WTN,D,20180727,000000,16.831,16.831,15.896,15.896,4836,0
WTN,D,20180730,000000,15.896,16.457,15.896,15.99,3210,0
WTN,D,20180731,000000,15.943,15.943,15.896,15.896,2289,0
WTN,D,20180801,000000,15.756,16.457,15.756,16.457,33,0
WTN,D,20180802,000000,16.364,16.364,16.364,16.364,3,0
WTN,D,20180803,000000,16.364,16.364,15.896,16.364,140305,0
WTN,D,20180806,000000,16.971,16.971,16.083,16.551,643,0
WTN,D,20180807,000000,16.971,16.971,16.738,16.738,216,0
WTN,D,20180808,000000,16.831,16.831,16.784,16.784,18,0
WTN,D,20180809,000000,16.831,16.831,16.784,16.784,537,0
WTN,D,20180810,000000,16.831,16.971,16.551,16.971,35204,0
WTN,D,20180813,000000,16.971,16.971,16.831,16.831,17,0
WTN,D,20180814,000000,16.831,16.831,16.364,16.364,2612,0
WTN,D,20180816,000000,16.831,16.831,16.831,16.831,2,0
WTN,D,20180817,000000,16.831,16.831,16.831,16.831,183,0
WTN,D,20180820,000000,16.831,16.831,16.831,16.831,2,0
WTN,D,20180821,000000,16.831,16.831,16.831,16.831,119,0
WTN,D,20180822,000000,16.831,16.831,16.831,16.831,2,0
WTN,D,20180823,000000,16.738,16.738,16.27,16.738,265,0
WTN,D,20180824,000000,16.738,16.738,16.177,16.738,2733,0
WTN,D,20180827,000000,16.831,16.831,15.99,16.831,2676,0
WTN,D,20180828,000000,16.831,16.831,15.943,16.597,922,0
WTN,D,20180829,000000,16.831,16.831,16.738,16.738,58,0
WTN,D,20180830,000000,16.831,16.831,15.756,16.504,23802,0
WTN,D,20180831,000000,16.831,16.831,15.896,16.691,25585,0
WTN,D,20180903,000000,16.738,16.738,16.738,16.738,1,0
WTN,D,20180904,000000,16.738,16.738,16.551,16.551,121,0
WTN,D,20180905,000000,16.364,16.364,14.587,14.587,45432,0
WTN,D,20180906,000000,14.587,14.914,14.494,14.914,4554,0
WTN,D,20180907,000000,14.774,14.774,14.774,14.774,5648,0
WTN,D,20180910,000000,14.774,14.774,14.026,14.306,4838,0
WTN,D,20180911,000000,14.727,14.727,13.932,13.932,5365,0
WTN,D,20180912,000000,14.213,14.213,13.932,13.932,460,0
WTN,D,20180913,000000,13.932,13.932,13.465,13.465,11325,0
WTN,D,20180914,000000,13.465,13.839,13.465,13.839,7897,0
WTN,D,20180917,000000,13.792,13.792,13.558,13.792,617,0
WTN,D,20180918,000000,13.745,13.745,13.091,13.091,89575,0
WTN,D,20180919,000000,13.091,13.465,13.091,13.091,158,0
WTN,D,20180920,000000,13.044,14.026,13.044,14.026,12052,0
WTN,D,20180921,000000,14.4,14.4,13.558,13.558,2347,0
WTN,D,20180924,000000,13.605,13.839,13.605,13.839,765,0
WTN,D,20180925,000000,13.839,13.839,13.839,13.839,1716,0
WTN,D,20180926,000000,14.494,14.494,13.932,13.932,467,0
WTN,D,20180927,000000,14.026,14.026,14.026,14.026,2,0
WTN,D,20180928,000000,14.774,14.774,14.026,14.119,7167,0
WTN,D,20181001,000000,14.119,14.166,14.119,14.166,215,0
WTN,D,20181002,000000,14.026,14.026,14.026,14.026,110,0
WTN,D,20181003,000000,14.306,14.306,14.166,14.306,16,0
WTN,D,20181004,000000,14.494,15.896,14.494,14.54,49277,0
WTN,D,20181005,000000,15.055,15.055,14.681,15.055,266,0
WTN,D,20181008,000000,15.055,15.055,14.961,15.055,115,0
WTN,D,20181009,000000,15.055,15.055,14.353,14.961,1918,0
WTN,D,20181010,000000,15.055,15.055,14.447,14.634,1374,0
WTN,D,20181011,000000,15.055,15.055,14.353,14.494,11693,0
WTN,D,20181012,000000,15.055,15.055,14.54,14.54,1079,0
WTN,D,20181015,000000,14.54,14.54,14.54,14.54,32,0
WTN,D,20181016,000000,14.494,14.494,14.494,14.494,2238,0
WTN,D,20181017,000000,14.494,14.494,14.494,14.494,6,0
WTN,D,20181018,000000,14.587,14.587,14.494,14.494,109,0
WTN,D,20181019,000000,14.494,14.494,13.932,14.119,4613,0
WTN,D,20181022,000000,14.494,14.494,13.839,14.119,306,0
WTN,D,20181023,000000,14.494,14.494,14.119,14.119,356,0
WTN,D,20181024,000000,14.166,14.166,13.839,13.839,456,0
WTN,D,20181025,000000,14.353,14.353,13.745,13.792,663,0
WTN,D,20181026,000000,14.026,14.166,13.745,14.166,333,0
WTN,D,20181029,000000,15.055,15.055,14.026,14.026,441,0
WTN,D,20181030,000000,14.166,14.166,14.026,14.026,398,0
WTN,D,20181031,000000,14.026,14.026,12.81,13.512,1813,0
WTN,D,20181102,000000,13.418,13.745,13.418,13.512,1635,0
WTN,D,20181105,000000,13.418,13.512,13.418,13.512,425,0
WTN,D,20181106,000000,13.839,13.839,13.091,13.091,890,0
WTN,D,20181107,000000,13.091,13.091,12.623,12.904,25364,0
WTN,D,20181108,000000,12.764,12.764,12.296,12.53,12325,0
WTN,D,20181109,000000,12.53,12.53,11.548,11.688,37766,0
WTN,D,20181113,000000,11.688,11.782,11.221,11.221,13057,0
WTN,D,20181114,000000,11.221,11.221,10.66,10.66,34428,0
WTN,D,20181115,000000,10.66,10.66,10.099,10.099,21573,0
WTN,D,20181116,000000,10.005,11.221,9.818,11.034,50644,0
WTN,D,20181119,000000,11.361,11.361,10.005,10.753,10968,0
WTN,D,20181120,000000,10.8,10.94,10.566,10.94,2089,0
WTN,D,20181121,000000,11.127,11.314,11.034,11.221,7975,0
WTN,D,20181122,000000,11.314,11.314,10.286,10.987,22502,0
WTN,D,20181123,000000,11.221,11.314,11.221,11.221,12791,0
WTN,D,20181126,000000,11.314,11.314,11.221,11.221,4348,0
WTN,D,20181127,000000,11.221,11.501,11.127,11.501,9997,0
WTN,D,20181128,000000,11.688,12.717,11.688,12.717,1901,0
WTN,D,20181129,000000,13.371,13.371,12.717,12.717,3225,0
WTN,D,20181130,000000,12.717,13.465,12.717,13.091,2506,0
WTN,D,20181203,000000,13.371,13.886,13.091,13.839,2867,0
WTN,D,20181204,000000,14.26,14.26,14.026,14.119,265,0
WTN,D,20181205,000000,14.119,14.119,13.558,13.886,419,0
WTN,D,20181206,000000,13.932,13.932,13.932,13.932,2,0
WTN,D,20181207,000000,14.26,14.26,13.558,14.026,17127,0
WTN,D,20181210,000000,14.961,14.961,14.119,14.166,2947,0
WTN,D,20181211,000000,14.961,15.055,14.073,15.055,21591,0
WTN,D,20181212,000000,15.429,15.429,15.242,15.242,2,0
WTN,D,20181213,000000,15.429,15.429,14.54,14.587,696,0
WTN,D,20181214,000000,15.335,15.335,14.587,14.961,217,0
WTN,D,20181217,000000,14.961,14.961,14.119,14.774,140,0
WTN,D,20181218,000000,14.774,14.774,13.839,14.119,106549,0
WTN,D,20181219,000000,14.774,14.774,13.558,13.792,282,0
WTN,D,20181220,000000,13.792,14.213,13.792,14.026,689,0
WTN,D,20181221,000000,14.306,14.306,13.979,13.979,441,0
WTN,D,20181227,000000,14.914,14.914,14.026,14.494,466,0
WTN,D,20181228,000000,14.821,14.821,14.494,14.821,1818,0
WTN,D,20190102,000000,14.868,14.868,14.119,14.26,4611,0
WTN,D,20190103,000000,14.774,14.774,14.119,14.4,381,0
WTN,D,20190104,000000,14.774,14.774,13.839,14.494,5639,0
WTN,D,20190107,000000,14.494,14.494,13.839,14.447,41176,0
WTN,D,20190108,000000,14.494,14.494,13.839,14.306,17238,0
WTN,D,20190109,000000,14.494,14.494,14.026,14.026,252,0
WTN,D,20190110,000000,14.494,14.494,14.447,14.447,2,0
WTN,D,20190111,000000,14.447,14.447,14.447,14.447,12,0
WTN,D,20190114,000000,14.447,14.868,14.026,14.868,21760,0
WTN,D,20190115,000000,14.868,15.055,14.494,14.961,15270,0
WTN,D,20190116,000000,15.709,15.709,15.242,15.429,6978,0
WTN,D,20190117,000000,15.709,15.709,15.709,15.709,1,0
WTN,D,20190118,000000,15.709,15.709,15.709,15.709,1,0
WTN,D,20190121,000000,15.709,15.709,14.961,15.288,2761,0
WTN,D,20190122,000000,15.429,15.429,14.914,14.961,10836,0
WTN,D,20190123,000000,14.961,14.961,14.961,14.961,1,0
WTN,D,20190124,000000,14.961,14.961,14.868,14.868,91,0
WTN,D,20190125,000000,14.634,14.868,14.634,14.868,139,0
WTN,D,20190128,000000,14.961,14.961,14.868,14.961,1988,0
WTN,D,20190129,000000,15.429,15.429,14.961,15.242,8593,0
WTN,D,20190130,000000,15.429,15.429,14.961,14.961,123,0
WTN,D,20190131,000000,14.961,14.961,14.961,14.961,7,0
WTN,D,20190201,000000,14.774,14.774,14.774,14.774,175,0
WTN,D,20190204,000000,14.961,14.961,14.914,14.961,184,0
WTN,D,20190205,000000,14.681,14.868,14.681,14.774,1342,0
WTN,D,20190206,000000,15.429,15.429,14.681,14.961,997,0
WTN,D,20190207,000000,15.429,15.429,15.429,15.429,1,0
WTN,D,20190208,000000,15.429,15.429,14.868,14.914,56,0
WTN,D,20190211,000000,15.429,15.429,14.54,14.961,426,0
WTN,D,20190212,000000,14.587,14.587,14.587,14.587,5,0
WTN,D,20190213,000000,15.148,15.148,14.587,14.961,190,0
WTN,D,20190214,000000,14.914,14.914,14.54,14.914,108,0
WTN,D,20190215,000000,14.914,14.914,14.914,14.914,191,0
WTN,D,20190218,000000,14.914,14.914,14.774,14.774,243,0
WTN,D,20190219,000000,15.148,15.148,14.774,14.774,114,0
WTN,D,20190220,000000,15.148,15.148,14.54,14.54,650,0
WTN,D,20190221,000000,14.494,14.494,14.494,14.494,204,0
WTN,D,20190222,000000,14.961,14.961,14.4,14.4,110555,0
WTN,D,20190225,000000,14.961,14.961,14.681,14.681,455,0
WTN,D,20190226,000000,14.961,14.961,14.26,14.26,127,0
WTN,D,20190227,000000,14.353,14.821,14.353,14.4,1265,0
WTN,D,20190228,000000,14.914,14.914,14.727,14.727,203,0
WTN,D,20190301,000000,14.914,14.914,14.821,14.821,219,0
WTN,D,20190304,000000,14.961,14.961,14.821,14.821,183,0
WTN,D,20190305,000000,14.961,15.429,14.821,15.055,11596,0
WTN,D,20190306,000000,15.616,15.616,15.242,15.242,1034,0
WTN,D,20190307,000000,15.429,15.429,15.242,15.242,617,0
WTN,D,20190308,000000,15.429,15.429,15.148,15.148,418,0
WTN,D,20190311,000000,15.429,15.429,15.195,15.195,99,0
WTN,D,20190312,000000,15.429,15.429,15.055,15.055,159,0
WTN,D,20190313,000000,15.055,15.055,15.055,15.055,70,0
WTN,D,20190314,000000,15.429,15.429,15.055,15.335,372,0
WTN,D,20190315,000000,15.429,15.429,15.055,15.335,869,0
WTN,D,20190318,000000,15.382,15.429,15.382,15.429,398,0
WTN,D,20190319,000000,15.429,15.429,15.148,15.148,779,0
WTN,D,20190320,000000,15.429,15.429,14.961,14.961,1475,0
WTN,D,20190321,000000,15.335,15.335,15.055,15.055,27,0
WTN,D,20190322,000000,15.335,15.335,15.335,15.335,58,0
WTN,D,20190325,000000,15.148,15.288,14.727,15.288,226,0
WTN,D,20190326,000000,15.288,15.288,15.288,15.288,245,0
WTN,D,20190327,000000,15.429,15.522,14.961,14.961,3546,0
WTN,D,20190328,000000,15.148,15.148,14.961,15.148,54328,0
WTN,D,20190329,000000,15.616,15.662,15.616,15.616,1436,0
WTN,D,20190401,000000,15.429,15.429,14.961,14.961,827,0
WTN,D,20190402,000000,15.242,15.242,14.961,14.961,380,0
WTN,D,20190403,000000,15.335,15.335,14.961,14.961,368,0
WTN,D,20190404,000000,15.008,15.382,15.008,15.382,920,0
WTN,D,20190405,000000,15.429,15.429,15.429,15.429,2,0
WTN,D,20190408,000000,15.429,16.177,15.429,15.896,162890,0
WTN,D,20190409,000000,16.177,16.177,15.803,15.849,490,0
WTN,D,20190410,000000,16.364,16.364,16.177,16.364,1352,0
WTN,D,20190411,000000,16.364,16.971,16.27,16.925,2196,0
WTN,D,20190412,000000,16.971,16.971,16.364,16.551,2951,0
WTN,D,20190415,000000,17.299,17.299,16.691,16.691,484,0
WTN,D,20190416,000000,16.644,16.644,16.364,16.364,380,0
WTN,D,20190417,000000,16.364,16.364,15.849,15.849,2817,0
WTN,D,20190418,000000,15.99,16.27,15.662,15.662,1539,0
WTN,D,20190423,000000,15.662,16.177,15.662,15.756,2129,0
WTN,D,20190424,000000,16.036,16.036,15.756,15.756,1477,0
WTN,D,20190425,000000,15.99,15.99,15.709,15.709,872,0
WTN,D,20190426,000000,15.943,15.943,15.896,15.896,214,0
WTN,D,20190429,000000,15.943,15.943,15.709,15.896,658,0
WTN,D,20190430,000000,15.896,15.896,15.662,15.662,215,0
WTN,D,20190502,000000,15.662,15.709,15.662,15.709,118,0
WTN,D,20190506,000000,15.803,15.803,15.803,15.803,129,0
WTN,D,20190507,000000,15.803,15.803,15.522,15.522,368,0
WTN,D,20190508,000000,15.616,15.616,15.522,15.616,9111,0
WTN,D,20190509,000000,15.803,15.803,15.616,15.616,1574,0
WTN,D,20190510,000000,15.616,15.662,15.569,15.616,1959,0
WTN,D,20190513,000000,15.616,15.616,15.569,15.569,2021,0
WTN,D,20190514,000000,15.616,15.616,15.616,15.616,4249,0
WTN,D,20190515,000000,15.803,15.803,15.616,15.616,2100,0
WTN,D,20190516,000000,15.803,15.803,15.429,15.429,4234,0
WTN,D,20190517,000000,15.242,15.242,14.54,14.587,2967,0
WTN,D,20190520,000000,14.587,15.055,14.587,14.727,3882,0
WTN,D,20190521,000000,15.055,15.055,15.055,15.055,1,0
WTN,D,20190522,000000,14.587,14.961,14.587,14.681,1448,0
WTN,D,20190523,000000,14.774,14.774,14.213,14.447,2875,0
WTN,D,20190524,000000,14.821,14.821,14.494,14.494,322,0
WTN,D,20190527,000000,14.821,14.821,13.932,14.026,2385,0
WTN,D,20190528,000000,14.447,14.447,14.4,14.4,41,0
WTN,D,20190529,000000,14.4,14.4,14.026,14.4,518,0
WTN,D,20190530,000000,14.4,14.4,13.979,14.353,232,0
WTN,D,20190531,000000,14.353,14.353,14.213,14.213,73394,0
WTN,D,20190603,000000,14.353,14.353,14.306,14.306,1082,0
WTN,D,20190604,000000,14.353,14.681,14.306,14.681,9304,0
WTN,D,20190605,000000,14.914,14.914,14.213,14.774,41117,0
WTN,D,20190606,000000,14.774,15.288,14.26,15.242,35141,0
WTN,D,20190607,000000,15.242,15.242,14.494,14.681,1277,0
WTN,D,20190610,000000,14.868,14.868,14.26,14.868,10004,0
WTN,D,20190611,000000,14.868,15.429,14.868,14.961,17186,0
WTN,D,20190612,000000,14.961,14.961,14.4,14.4,5384,0
WTN,D,20190613,000000,14.8,14.8,14.25,14.3,32888,0
WTN,D,20190614,000000,14.6,14.75,14.6,14.75,3405,0
WTN,D,20190617,000000,14.8,14.8,14.6,14.6,301,0
WTN,D,20190618,000000,14.8,15.1,14.8,15.1,3259,0
WTN,D,20190619,000000,15.15,15.15,15,15.1,437,0
WTN,D,20190621,000000,15.1,15.1,15.05,15.05,3006,0
WTN,D,20190624,000000,14.95,14.95,14.75,14.9,839,0
WTN,D,20190625,000000,14.8,14.8,14.75,14.75,27760,0
WTN,D,20190626,000000,14.8,14.8,14.75,14.75,10002,0
WTN,D,20190627,000000,14.8,15.1,14.8,15.1,431,0
WTN,D,20190628,000000,15.10,15.10,15.10,15.10,2,0
WTN,D,20190701,000000,15,15,15,15,30,0
WTN,D,20190702,000000,15.15,15.15,15.15,15.15,103,0
WTN,D,20190703,000000,15.15,15.15,15.15,15.15,5,0
WTN,D,20190704,000000,15.15,15.2,15.15,15.2,919,0
WTN,D,20190705,000000,15.45,15.75,15.1,15.75,171,0
WTN,D,20190708,000000,15.75,15.75,15.75,15.75,1,0
WTN,D,20190709,000000,15.75,15.75,14.8,14.8,3981,0
WTN,D,20190710,000000,15.45,15.45,15,15,151005,0
WTN,D,20190711,000000,15.2,15.45,15.2,15.45,528,0
WTN,D,20190712,000000,15.45,15.45,15.45,15.45,67,0
WTN,D,20190715,000000,15.45,15.45,15.2,15.25,2227,0
WTN,D,20190716,000000,15.45,15.45,15.1,15.1,392,0
WTN,D,20190717,000000,15.35,15.35,15.3,15.3,129,0
WTN,D,20190718,000000,15.45,15.45,15.4,15.4,105,0
WTN,D,20190719,000000,15.45,15.45,15.25,15.25,125275,0
WTN,D,20190722,000000,15.5,15.5,15.5,15.5,5,0
WTN,D,20190723,000000,15.25,15.25,15.25,15.25,29,0
WTN,D,20190724,000000,15.5,15.5,15.25,15.25,1044,0
WTN,D,20190725,000000,15.5,15.5,15.45,15.45,25,0
WTN,D,20190726,000000,15.5,15.5,15.25,15.25,773,0
WTN,D,20190729,000000,15.45,15.45,15.45,15.45,188,0
WTN,D,20190730,000000,15.4,15.4,15.25,15.25,31,0
WTN,D,20190731,000000,15.45,15.45,15.25,15.25,2307,0
WTN,D,20190801,000000,15.3,15.3,15.25,15.25,613,0
WTN,D,20190802,000000,15.3,15.3,15.25,15.25,80402,0
WTN,D,20190805,000000,15.3,15.3,15.25,15.25,99200,0
WTN,D,20190806,000000,15.3,15.3,15.3,15.3,160,0
WTN,D,20190807,000000,15.5,15.5,15.25,15.25,2571,0
WTN,D,20190808,000000,15.5,15.5,15.35,15.35,136,0
WTN,D,20190809,000000,15.5,15.5,15.25,15.25,5005,0
WTN,D,20190812,000000,15.5,15.5,15.4,15.4,202,0
WTN,D,20190813,000000,15.3,15.4,15.25,15.25,183793,0
WTN,D,20190814,000000,15.35,15.35,15.25,15.25,243,0
WTN,D,20190816,000000,15.25,15.25,15.25,15.25,1314,0
WTN,D,20190819,000000,15.45,15.45,15.25,15.25,1557,0
WTN,D,20190820,000000,15.45,15.45,15.45,15.45,2,0
WTN,D,20190821,000000,15.45,15.45,15.45,15.45,22,0
WTN,D,20190822,000000,15.45,15.45,15.1,15.1,328,0
WTN,D,20190823,000000,15.15,15.45,15.15,15.45,43,0
WTN,D,20190826,000000,15.45,15.45,15.45,15.45,15,0
WTN,D,20190827,000000,15.45,15.45,15.15,15.15,110,0
WTN,D,20190828,000000,15.45,15.45,15.2,15.2,163,0
WTN,D,20190829,000000,15.5,15.5,15.05,15.05,129,0
WTN,D,20190830,000000,15.5,15.5,15,15,504,0
WTN,D,20190902,000000,15,15.5,14.85,15.45,378,0
WTN,D,20190903,000000,15.5,15.5,15.45,15.5,793,0
WTN,D,20190904,000000,15.75,15.75,15,15.5,34009,0
WTN,D,20190905,000000,15.55,15.55,15.55,15.55,179,0
WTN,D,20190906,000000,15.55,15.55,15.55,15.55,316,0
WTN,D,20190909,000000,15.75,15.75,15.25,15.55,202,0
WTN,D,20190910,000000,15.85,15.85,15.85,15.85,30,0
WTN,D,20190911,000000,15.85,15.85,15.85,15.85,70,0
WTN,D,20190912,000000,16,16,16,16,27,0
WTN,D,20190913,000000,15.95,15.95,15.45,15.45,237,0
WTN,D,20190916,000000,16,16,15.05,15.05,95,0
WTN,D,20190917,000000,15.05,15.1,15.05,15.1,102029,0
WTN,D,20190918,000000,15.05,15.7,15.05,15.7,238,0
WTN,D,20190919,000000,16,16,15.1,15.1,157,0
WTN,D,20190920,000000,14.8,14.8,14.3,14.5,3347,0
WTN,D,20190923,000000,15,15,13.95,14,16352,0
WTN,D,20190924,000000,14.1,14.1,13.95,13.95,126,0
WTN,D,20190925,000000,14.05,14.3,14.05,14.3,384,0
WTN,D,20190926,000000,14.3,14.3,14.3,14.3,4,0
WTN,D,20190927,000000,14.3,14.7,14.3,14.5,776,0
WTN,D,20190930,000000,14.7,14.7,14.3,14.5,347,0
WTN,D,20191001,000000,14.9,14.9,14.9,14.9,5,0
WTN,D,20191002,000000,14.9,14.9,14.3,14.3,3,0
WTN,D,20191003,000000,14.3,14.3,14.3,14.3,3,0
WTN,D,20191004,000000,14.4,14.4,14.3,14.3,264,0
WTN,D,20191007,000000,14.55,14.55,14.05,14.05,120,0
WTN,D,20191008,000000,14.05,14.05,14.05,14.05,49,0
WTN,D,20191009,000000,14,14,13,13.4,1746,0
WTN,D,20191010,000000,13.4,13.4,13.4,13.4,24,0
WTN,D,20191011,000000,13.5,13.5,13.5,13.5,25,0
WTN,D,20191014,000000,13.5,13.5,13.5,13.5,42,0
WTN,D,20191015,000000,13.5,13.5,13.5,13.5,32,0
WTN,D,20191016,000000,14,14,13.7,13.9,2641,0
WTN,D,20191017,000000,13.9,14,13.9,14,1727,0
WTN,D,20191018,000000,14.1,14.1,14,14,1102,0
WTN,D,20191021,000000,14,14,13.4,13.8,1258,0
WTN,D,20191022,000000,14,14,13.8,13.8,10,0
WTN,D,20191023,000000,13.8,13.8,13.4,13.4,212,0
WTN,D,20191024,000000,13.8,13.8,13.5,13.5,171,0
WTN,D,20191025,000000,13.5,14.05,13.5,14,812,0
WTN,D,20191028,000000,14.1,14.1,14,14,4,0
WTN,D,20191029,000000,14.2,14.2,14.2,14.2,2,0
WTN,D,20191030,000000,14.2,14.2,14.2,14.2,55,0
WTN,D,20191031,000000,14.15,14.15,13.95,14.15,163,0
WTN,D,20191104,000000,14.15,14.15,14,14,64,0
WTN,D,20191105,000000,13.6,13.95,13.5,13.95,385,0
WTN,D,20191106,000000,13.8,13.8,13.8,13.8,154,0
WTN,D,20191107,000000,14.1,14.1,13.95,14,333,0
WTN,D,20191108,000000,14.05,14.05,13.6,13.6,278,0
WTN,D,20191112,000000,13.85,13.85,13.5,13.8,996,0
WTN,D,20191113,000000,13.85,13.85,13.85,13.85,145,0
WTN,D,20191114,000000,13.9,13.9,13.3,13.4,96457,0
WTN,D,20191115,000000,13.05,13.1,12.9,13,13487,0
WTN,D,20191118,000000,13,13.2,12.95,13.2,1491,0
WTN,D,20191119,000000,13.45,13.45,12.9,12.95,1195,0
WTN,D,20191120,000000,12.9,12.9,12.75,12.85,2313,0
WTN,D,20191121,000000,12.9,12.9,12.7,12.7,853,0
WTN,D,20191122,000000,12.9,12.9,12.5,12.5,822,0
WTN,D,20191125,000000,12.5,12.95,12.5,12.95,440,0
WTN,D,20191126,000000,13.25,13.25,13,13.15,241,0
WTN,D,20191127,000000,13.15,13.15,13.15,13.15,351,0
WTN,D,20191128,000000,13.05,13.05,12.9,13,1247,0
WTN,D,20191129,000000,13,13,12.75,12.8,1286,0
WTN,D,20191202,000000,12.8,12.85,12.5,12.5,3172,0
WTN,D,20191203,000000,12.5,13,12.2,12.2,2258,0
WTN,D,20191204,000000,12.45,12.45,12.1,12.2,972,0
WTN,D,20191205,000000,12.35,12.35,12,12.3,1916,0
WTN,D,20191206,000000,12.45,12.45,11.95,12,1359,0
WTN,D,20191209,000000,11.85,11.9,11.5,11.6,2130,0
WTN,D,20191210,000000,11.6,11.8,11.6,11.6,8777,0
WTN,D,20191211,000000,11.55,11.95,11.45,11.7,4753,0
WTN,D,20191212,000000,11.75,12,11.75,12,1218,0
WTN,D,20191213,000000,12.1,12.15,12,12.1,5832,0
WTN,D,20191216,000000,12.8,12.85,12,12,3321,0
WTN,D,20191217,000000,12,12.35,12,12,2583,0
WTN,D,20191218,000000,12,12.5,11.95,12,2516,0
WTN,D,20191219,000000,12,12.1,12,12.1,1180,0
WTN,D,20191220,000000,12.2,12.2,11.9,11.9,576,0
WTN,D,20191223,000000,12.4,12.4,12,12,342,0
WTN,D,20191227,000000,12.4,12.4,12.2,12.2,607,0
WTN,D,20191230,000000,12.3,12.35,12.1,12.3,4108,0
WTN,D,20200102,000000,12.3,12.8,12.2,12.4,5676,0
WTN,D,20200103,000000,12.4,12.95,12.3,12.75,16495,0
WTN,D,20200107,000000,12.8,13.3,12.8,13.15,7111,0
WTN,D,20200108,000000,13.3,13.5,13,13.3,5457,0
WTN,D,20200109,000000,13.4,13.4,13.2,13.2,3108,0
WTN,D,20200110,000000,13.3,13.3,13.1,13.1,1395,0
WTN,D,20200113,000000,13.5,13.5,13,13.05,2680,0
WTN,D,20200114,000000,13.25,13.25,12.8,12.9,6862,0
WTN,D,20200115,000000,12.8,12.95,12.8,12.9,673,0
WTN,D,20200116,000000,12.8,13.2,12.8,12.8,1409,0
WTN,D,20200117,000000,13.1,13.1,12.7,12.7,2900,0
WTN,D,20200120,000000,12.75,13,12.75,13,9966,0
WTN,D,20200121,000000,13,13,12.9,12.95,803,0
WTN,D,20200122,000000,13,13,12.9,13,587,0
WTN,D,20200123,000000,13,13,12.55,12.6,1476,0
WTN,D,20200124,000000,12.7,12.9,12.6,12.9,523,0
WTN,D,20200127,000000,12.9,12.9,12.65,12.65,1181,0
WTN,D,20200128,000000,12.85,12.85,12.65,12.7,327,0
WTN,D,20200129,000000,12.7,12.7,12.6,12.7,218,0
WTN,D,20200130,000000,12.7,12.95,12.45,12.55,4785,0
WTN,D,20200131,000000,12.55,12.55,12.35,12.35,586,0
WTN,D,20200203,000000,12.35,13.05,12.35,13.05,4288,0
WTN,D,20200204,000000,13.1,13.1,12.45,12.45,2227,0
WTN,D,20200205,000000,12.5,12.7,12.45,12.55,2261,0
WTN,D,20200206,000000,12.75,12.9,12.75,12.75,4272,0
WTN,D,20200207,000000,12.9,12.9,12.55,12.6,72,0
WTN,D,20200210,000000,12.9,12.9,12.6,12.6,154,0
WTN,D,20200211,000000,12.9,12.95,12.6,12.6,1423,0
WTN,D,20200212,000000,12.6,12.7,12.6,12.6,428,0
WTN,D,20200213,000000,12.7,12.7,12.65,12.7,858,0
WTN,D,20200214,000000,12.85,12.85,12.6,12.6,696,0
WTN,D,20200217,000000,12.6,12.6,12.35,12.35,7712,0
WTN,D,20200218,000000,12.7,12.7,12.5,12.6,929,0
WTN,D,20200219,000000,12.6,12.6,12.5,12.6,131,0
WTN,D,20200220,000000,12.6,12.6,12.4,12.4,656,0
WTN,D,20200221,000000,12.35,12.4,12.15,12.15,3264,0
WTN,D,20200224,000000,12.35,12.35,11.55,11.55,2602,0
WTN,D,20200225,000000,11.4,11.5,10.5,10.9,7227,0
WTN,D,20200226,000000,10.5,11,10.2,11,13117,0
WTN,D,20200227,000000,10.6,11.1,10.6,10.8,1481,0
WTN,D,20200228,000000,10.5,10.8,10,10.4,6466,0
WTN,D,20200302,000000,10.4,10.4,9.92,10,5899,0
WTN,D,20200303,000000,10.4,10.5,10.3,10.5,6317,0
WTN,D,20200304,000000,10.55,11,10.5,10.85,4392,0
WTN,D,20200305,000000,10.85,10.95,10.85,10.95,175,0
WTN,D,20200306,000000,11,11,10,10.15,6902,0
WTN,D,20200309,000000,10,10,9,9,14803,0
WTN,D,20200310,000000,9.36,9.36,8.94,8.94,7813,0
WTN,D,20200311,000000,9.2,9.2,8.22,8.22,7167,0
WTN,D,20200312,000000,7.22,7.8,6.6,6.6,7083,0
WTN,D,20200313,000000,6.9,7,6.6,6.6,20829,0
WTN,D,20200316,000000,6.68,6.68,5.82,5.82,14740,0
WTN,D,20200317,000000,6.32,6.32,5.7,5.7,13669,0
WTN,D,20200318,000000,5.88,5.88,5.62,5.72,16582,0
WTN,D,20200319,000000,6,6,5.6,5.62,16083,0
WTN,D,20200320,000000,5.86,6.42,5.5,6,32657,0
WTN,D,20200323,000000,6.16,6.38,5.82,6.08,9404,0
WTN,D,20200324,000000,6.24,7.2,6.08,6.98,21437,0
WTN,D,20200325,000000,7.38,7.7,6.8,6.96,13538,0
WTN,D,20200326,000000,6.96,7.5,6.94,7.5,14248,0
WTN,D,20200327,000000,7.72,8.4,7.46,7.52,30559,0
WTN,D,20200330,000000,7.64,7.64,7.2,7.2,5105,0
WTN,D,20200331,000000,7.26,7.26,6.96,7,11568,0
WTN,D,20200401,000000,6.78,6.8,6.5,6.6,9874,0
WTN,D,20200402,000000,6.6,6.6,6.2,6.4,8647,0
WTN,D,20200403,000000,6.34,6.44,6.02,6.1,17857,0
WTN,D,20200406,000000,6.28,6.28,6.1,6.1,24335,0
WTN,D,20200407,000000,6.3,6.9,6.1,6.6,127218,0
WTN,D,20200408,000000,6.8,6.88,6.3,6.3,20956,0
WTN,D,20200409,000000,6.2,6.4,6.12,6.4,50656,0
WTN,D,20200414,000000,6.8,7.5,6.8,7.38,144205,0
WTN,D,20200415,000000,7.48,8,7,7.38,157935,0
WTN,D,20200416,000000,7.5,7.6,7,7.06,35514,0
WTN,D,20200417,000000,7.18,7.64,7.1,7.56,36301,0
WTN,D,20200420,000000,7.7,7.76,7.5,7.66,24408,0
WTN,D,20200421,000000,7.68,7.7,7,7.22,25695,0
WTN,D,20200422,000000,7.38,7.58,7.2,7.58,9852,0
WTN,D,20200423,000000,7.6,7.7,7.44,7.68,14636,0
WTN,D,20200424,000000,7.7,7.7,7.3,7.6,38754,0
WTN,D,20200427,000000,7.68,7.7,7.3,7.48,15558,0
WTN,D,20200428,000000,7.5,7.52,7.22,7.34,20110,0
WTN,D,20200429,000000,7.36,8.8,7.34,7.9,129555,0
WTN,D,20200430,000000,8.5,8.98,8,8.2,97900,0
WTN,D,20200504,000000,8.62,8.62,7.86,8.18,28874,0
WTN,D,20200505,000000,8.12,8.2,7.8,8,13712,0
WTN,D,20200506,000000,8,8.08,7.2,7.3,19103,0
WTN,D,20200507,000000,7.3,7.72,7.3,7.54,5722,0
WTN,D,20200508,000000,7.78,7.78,7.38,7.5,9784,0
WTN,D,20200511,000000,7.5,7.58,7.38,7.4,4211,0
WTN,D,20200512,000000,7.5,7.58,7.32,7.5,8978,0
WTN,D,20200513,000000,7.6,7.6,7.36,7.5,8260,0
WTN,D,20200514,000000,7.5,7.5,7.38,7.4,4932,0
WTN,D,20200515,000000,7.48,7.7,7.38,7.38,2414,0
WTN,D,20200518,000000,7.6,7.68,7.4,7.4,63181,0
WTN,D,20200519,000000,7.6,7.64,7.5,7.64,7387,0
WTN,D,20200520,000000,7.68,7.84,7.56,7.84,15168,0
WTN,D,20200521,000000,7.9,8,7.54,7.78,7318,0
WTN,D,20200522,000000,7.88,8.1,7.54,7.94,26924,0
WTN,D,20200525,000000,7.96,8.16,7.96,8.04,11025,0
WTN,D,20200526,000000,8,8.1,8,8.1,11767,0
WTN,D,20200527,000000,8.16,8.28,8.06,8.12,17293,0
WTN,D,20200528,000000,8.24,8.4,8.14,8.28,7836,0
WTN,D,20200529,000000,8.44,8.44,8.26,8.34,5891,0
WTN,D,20200601,000000,8.5,8.74,8.46,8.58,12312,0
WTN,D,20200602,000000,8.58,8.7,8.32,8.7,11047,0
WTN,D,20200603,000000,8.76,9.5,8.76,9.46,21840,0
WTN,D,20200604,000000,9.5,9.5,9.1,9.3,13886,0
WTN,D,20200605,000000,9.02,9.32,8.54,9.16,42593,0
WTN,D,20200608,000000,9.2,9.2,8.94,9.06,9282,0
WTN,D,20200609,000000,9,9.14,8.6,9.1,14443,0
WTN,D,20200610,000000,9.2,9.4,9.2,9.24,31108,0
WTN,D,20200612,000000,8.7,9,8.2,8.8,25901,0
WTN,D,20200615,000000,8.8,9.08,8.5,8.98,13682,0
WTN,D,20200616,000000,8.9,8.98,8.84,8.98,5834,0
WTN,D,20200617,000000,8.9,8.9,8.66,8.84,6262,0
WTN,D,20200618,000000,8.82,8.86,8.76,8.78,4653,0
WTN,D,20200619,000000,8.96,8.96,8.62,8.8,4370,0
WTN,D,20200622,000000,8.9,8.9,8.8,8.84,4075,0
WTN,D,20200623,000000,8.8,8.88,8.72,8.82,4195,0
WTN,D,20200624,000000,8.84,8.98,8.7,8.7,12281,0
WTN,D,20200625,000000,8.7,8.82,8.34,8.82,7492,0
WTN,D,20200626,000000,8.8,8.8,8.4,8.4,3795,0
WTN,D,20200629,000000,8.4,8.4,7.7,8.1,17751,0
WTN,D,20200630,000000,8.28,8.5,8.28,8.4,5249,0
WTN,D,20200701,000000,8.3,8.5,8.16,8.16,3540,0
WTN,D,20200702,000000,8.2,8.48,8.2,8.46,1394,0
WTN,D,20200703,000000,8.48,8.48,8.38,8.4,2771,0
WTN,D,20200706,000000,8.4,8.6,8.4,8.5,3432,0
WTN,D,20200707,000000,8.5,8.5,7.74,8.46,13586,0
WTN,D,20200708,000000,8.46,8.46,8.22,8.38,4342,0
WTN,D,20200709,000000,8.38,8.38,8.1,8.18,4983,0
WTN,D,20200710,000000,8.18,8.2,8.08,8.08,3842,0
