<TICKER>,<PER>,<DATE>,<TIME>,<OPEN>,<HIGH>,<LOW>,<CLOSE>,<VOL>,<OPENINT>
XTB,D,20160506,000000,9.617,10.041,9.591,10.033,1727775,0
XTB,D,20160509,000000,10.033,10.049,9.849,9.991,371830,0
XTB,D,20160510,000000,9.966,9.991,9.841,9.941,37930,0
XTB,D,20160511,000000,9.89,10.033,9.741,10.033,207721,0
XTB,D,20160512,000000,10.033,10.232,9.991,10.116,382613,0
XTB,D,20160513,000000,10.166,10.324,10.082,10.324,170745,0
XTB,D,20160516,000000,10.324,10.99,10.24,10.823,159089,0
XTB,D,20160517,000000,10.94,10.94,10.783,10.823,487097,0
XTB,D,20160518,000000,10.915,11.406,10.915,11.306,148247,0
XTB,D,20160519,000000,11.074,11.573,10.99,11.573,64499,0
XTB,D,20160520,000000,11.573,11.906,11.365,11.906,66311,0
XTB,D,20160523,000000,11.864,11.864,11.323,11.657,44371,0
XTB,D,20160524,000000,11.531,12.056,10.699,11.822,116433,0
XTB,D,20160525,000000,11.822,12.489,11.531,12.489,38533,0
XTB,D,20160527,000000,12.489,12.489,12.072,12.405,5731,0
XTB,D,20160530,000000,12.239,12.822,12.081,12.397,79644,0
XTB,D,20160531,000000,12.471,12.471,12.005,12.231,51296,0
XTB,D,20160601,000000,12.231,12.239,11.573,11.99,21819,0
XTB,D,20160602,000000,11.948,11.948,11.589,11.589,6909,0
XTB,D,20160603,000000,11.489,11.657,11.099,11.657,10230,0
XTB,D,20160606,000000,11.948,11.948,11.365,11.657,2945,0
XTB,D,20160607,000000,11.506,11.657,11.347,11.657,62798,0
XTB,D,20160608,000000,11.657,11.657,11.365,11.365,1825,0
XTB,D,20160609,000000,11.256,11.423,11.256,11.406,5880,0
XTB,D,20160610,000000,11.323,11.489,11.224,11.489,17521,0
XTB,D,20160613,000000,11.489,11.489,11.239,11.406,13377,0
XTB,D,20160614,000000,11.239,11.406,11.123,11.406,20300,0
XTB,D,20160615,000000,11.214,11.315,11.214,11.315,68214,0
XTB,D,20160616,000000,11.156,11.239,11.123,11.232,26651,0
XTB,D,20160617,000000,11.123,11.406,11.123,11.406,26076,0
XTB,D,20160620,000000,11.249,11.447,11.239,11.447,20541,0
XTB,D,20160621,000000,11.489,11.573,11.249,11.531,25087,0
XTB,D,20160622,000000,11.531,11.814,11.531,11.657,30560,0
XTB,D,20160623,000000,11.657,11.822,11.498,11.822,9912,0
XTB,D,20160624,000000,11.239,12.072,11.099,11.98,132493,0
XTB,D,20160627,000000,11.98,12.489,11.657,12.489,83383,0
XTB,D,20160628,000000,12.164,12.879,12.164,12.397,39909,0
XTB,D,20160629,000000,12.397,12.397,12.281,12.339,38635,0
XTB,D,20160630,000000,12.471,12.573,12.081,12.573,110619,0
XTB,D,20160701,000000,12.414,12.447,12.372,12.439,1183,0
XTB,D,20160704,000000,12.397,12.489,12.081,12.489,9703,0
XTB,D,20160705,000000,12.306,12.321,12.221,12.231,37927,0
XTB,D,20160706,000000,12.189,12.189,11.864,12.072,130123,0
XTB,D,20160707,000000,11.955,12.138,11.955,12.131,1567,0
XTB,D,20160708,000000,11.997,12.239,11.997,12.239,854,0
XTB,D,20160711,000000,12.471,12.471,12.081,12.355,3011,0
XTB,D,20160712,000000,12.239,12.355,12.072,12.355,26153,0
XTB,D,20160713,000000,12.239,12.465,11.663,12.231,43175,0
XTB,D,20160714,000000,12.281,12.281,12.113,12.256,23066,0
XTB,D,20160715,000000,12.355,12.355,11.922,12.231,13009,0
XTB,D,20160718,000000,12.221,12.221,11.997,12.221,74870,0
XTB,D,20160719,000000,12.214,12.221,11.723,11.814,357036,0
XTB,D,20160720,000000,11.897,11.897,11.739,11.739,10537,0
XTB,D,20160721,000000,11.739,12.056,11.698,12.056,44412,0
XTB,D,20160722,000000,12.072,12.072,11.781,11.955,2690,0
XTB,D,20160725,000000,11.955,11.955,11.747,11.873,2304,0
XTB,D,20160726,000000,11.889,12.113,11.673,12.113,18813,0
XTB,D,20160727,000000,12.098,12.098,11.531,11.657,176838,0
XTB,D,20160728,000000,11.648,11.814,11.372,11.814,151933,0
XTB,D,20160729,000000,11.739,11.739,11.548,11.648,21465,0
XTB,D,20160801,000000,11.98,11.98,11.382,11.631,7123,0
XTB,D,20160802,000000,11.631,11.631,11.365,11.565,6885,0
XTB,D,20160803,000000,11.531,11.531,11.29,11.44,90842,0
XTB,D,20160804,000000,11.615,11.615,11.339,11.473,81228,0
XTB,D,20160805,000000,11.48,11.48,11.165,11.281,6220,0
XTB,D,20160808,000000,11.731,11.731,10.998,11.14,9799,0
XTB,D,20160809,000000,11.031,11.631,11.031,11.239,68015,0
XTB,D,20160810,000000,11.29,11.29,11.065,11.239,7633,0
XTB,D,20160811,000000,11.239,11.398,11.056,11.182,12740,0
XTB,D,20160812,000000,11.398,11.398,11.056,11.165,5691,0
XTB,D,20160816,000000,11.065,11.239,10.998,11.106,14402,0
XTB,D,20160817,000000,10.033,10.033,9.0834,9.4248,567100,0
XTB,D,20160818,000000,9.574,9.574,9.117,9.2327,69740,0
XTB,D,20160819,000000,9.2327,9.4082,9.0666,9.3255,8257,0
XTB,D,20160822,000000,9.4501,9.542,9.1581,9.508,27413,0
XTB,D,20160823,000000,9.508,9.508,9.1665,9.3255,25820,0
XTB,D,20160824,000000,9.1832,9.491,9.1832,9.491,4728,0
XTB,D,20160825,000000,9.574,9.765,9.3498,9.699,9263,0
XTB,D,20160826,000000,9.574,9.657,9.4589,9.65,31655,0
XTB,D,20160829,000000,9.641,9.641,9.3411,9.4501,11476,0
XTB,D,20160830,000000,9.4404,9.4832,9.3255,9.4832,7414,0
XTB,D,20160831,000000,9.4248,9.4404,9.2496,9.3255,21535,0
XTB,D,20160901,000000,9.2168,9.3995,9.1748,9.3158,36885,0
XTB,D,20160902,000000,9.2327,9.3158,8.908,8.9752,32233,0
XTB,D,20160905,000000,8.9752,8.9752,7.9094,7.9094,57081,0
XTB,D,20160906,000000,7.8677,7.8677,7.2932,7.6679,152428,0
XTB,D,20160907,000000,7.5763,8.1509,7.4931,8.1509,29307,0
XTB,D,20160908,000000,8.1425,8.1509,7.9094,8.0427,7834,0
XTB,D,20160909,000000,7.9094,8.3259,7.9094,8.3259,11213,0
XTB,D,20160912,000000,8.3259,8.409,8.234,8.409,36054,0
XTB,D,20160913,000000,8.4169,8.4169,8.1258,8.409,19994,0
XTB,D,20160914,000000,8.4922,8.6586,8.3337,8.6586,9602,0
XTB,D,20160915,000000,8.5754,8.6586,8.5339,8.5339,5135,0
XTB,D,20160916,000000,8.2757,8.4836,8.2506,8.4836,1046,0
XTB,D,20160919,000000,8.6586,8.6586,8.0843,8.4922,50029,0
XTB,D,20160920,000000,8.4922,8.4922,8.1675,8.3259,6086,0
XTB,D,20160921,000000,8.6084,8.6084,7.9593,8.3172,4081,0
XTB,D,20160922,000000,8.3094,8.6508,8.3094,8.3259,1590,0
XTB,D,20160923,000000,8.1258,8.6508,8.1258,8.3259,12127,0
XTB,D,20160926,000000,8.2091,8.6421,8.2091,8.4836,26232,0
XTB,D,20160927,000000,8.2257,8.5754,8.2257,8.5339,6929,0
XTB,D,20160928,000000,8.5668,8.6586,8.2506,8.6508,12888,0
XTB,D,20160929,000000,8.3752,8.6084,8.3752,8.5754,15569,0
XTB,D,20160930,000000,8.617,8.7418,8.3259,8.617,61725,0
XTB,D,20161003,000000,8.6586,8.6586,8.4169,8.4169,2960,0
XTB,D,20161004,000000,8.4169,8.4169,7.7429,8.0509,40788,0
XTB,D,20161005,000000,7.9094,8.2175,7.9094,8.1509,1066,0
XTB,D,20161006,000000,8.1425,8.1425,8.0176,8.0343,376,0
XTB,D,20161007,000000,7.9927,8.2091,7.7512,7.7512,4691,0
XTB,D,20161010,000000,7.6596,7.9094,7.6596,7.9094,406,0
XTB,D,20161011,000000,7.6514,7.8677,7.4515,7.4515,37356,0
XTB,D,20161012,000000,7.4432,7.8927,7.3017,7.4432,10167,0
XTB,D,20161013,000000,7.3682,7.6263,7.3682,7.6263,302,0
XTB,D,20161014,000000,7.3765,7.9011,7.3765,7.5598,1468,0
XTB,D,20161017,000000,7.4931,7.5513,7.3682,7.4931,50481,0
XTB,D,20161018,000000,7.4931,7.8262,5.4699,5.8279,559944,0
XTB,D,20161019,000000,5.7946,6.3358,5.5366,5.7363,340734,0
XTB,D,20161020,000000,5.6781,6.1527,5.6781,5.9862,76316,0
XTB,D,20161021,000000,6.0694,6.0694,5.8446,6.0278,432250,0
XTB,D,20161024,000000,5.8946,6.644,5.8946,6.2442,1849909,0
XTB,D,20161025,000000,6.6355,6.6355,6.1028,6.5772,590334,0
XTB,D,20161026,000000,6.644,7.0768,6.6022,6.6605,159818,0
XTB,D,20161027,000000,6.8271,6.8271,6.5189,6.6605,59640,0
XTB,D,20161028,000000,6.7023,6.7023,6.4941,6.6605,1934,0
XTB,D,20161031,000000,6.6605,6.7023,6.5357,6.5857,8666,0
XTB,D,20161102,000000,6.8188,6.8188,6.5357,6.6522,5795,0
XTB,D,20161103,000000,6.4941,6.6605,6.3275,6.6605,59236,0
XTB,D,20161104,000000,6.7437,7.0602,6.5939,7.0602,60966,0
XTB,D,20161107,000000,7.0768,7.0768,6.7105,6.9103,1626,0
XTB,D,20161108,000000,6.6772,6.9686,6.6605,6.9686,1216,0
XTB,D,20161109,000000,6.6772,6.9686,6.6605,6.9686,236925,0
XTB,D,20161110,000000,6.9603,6.9603,6.6689,6.6689,6841,0
XTB,D,20161114,000000,6.6272,6.7437,6.4524,6.5689,1930,0
XTB,D,20161115,000000,6.4941,6.9853,6.4774,6.8687,1454,0
XTB,D,20161116,000000,6.902,6.902,6.4191,6.5689,2049,0
XTB,D,20161117,000000,6.4941,6.5939,6.2442,6.2442,6795,0
XTB,D,20161118,000000,6.2442,6.7855,6.2442,6.619,1581,0
XTB,D,20161121,000000,6.7105,6.7105,6.7105,6.7105,70,0
XTB,D,20161122,000000,6.6522,6.7105,6.3525,6.6605,1479,0
XTB,D,20161123,000000,6.6605,6.6605,6.4108,6.6605,7944,0
XTB,D,20161124,000000,6.6522,6.7437,6.4607,6.7437,5979,0
XTB,D,20161125,000000,6.6272,6.8271,6.6272,6.8271,2272,0
XTB,D,20161128,000000,6.8271,6.8353,6.7023,6.8271,301,0
XTB,D,20161129,000000,6.8271,7.1351,6.6689,7.1351,13073,0
XTB,D,20161130,000000,7.1351,7.1351,6.8687,7.0602,16150,0
XTB,D,20161201,000000,6.9603,7.4931,6.6939,6.6939,20691,0
XTB,D,20161202,000000,6.8353,7.0768,6.8353,6.9853,1103,0
XTB,D,20161205,000000,6.802,6.927,6.7688,6.927,590,0
XTB,D,20161206,000000,6.7605,6.9936,6.5024,6.5357,35809,0
XTB,D,20161207,000000,6.5274,6.5274,6.136,6.1693,472417,0
XTB,D,20161208,000000,6.2193,6.2193,6.136,6.2193,4514,0
XTB,D,20161209,000000,6.2027,6.2027,5.9029,5.9862,31272,0
XTB,D,20161212,000000,5.9196,6.0278,5.8029,5.8029,325432,0
XTB,D,20161213,000000,5.878,6.0777,5.8197,6.0362,4506,0
XTB,D,20161214,000000,5.8363,6.1028,5.8029,5.8029,10087,0
XTB,D,20161215,000000,5.8279,5.9112,5.8279,5.8363,4805,0
XTB,D,20161216,000000,5.8279,5.8446,5.8279,5.8279,6822,0
XTB,D,20161219,000000,5.8279,5.8363,5.6198,5.6615,68176,0
XTB,D,20161220,000000,5.7446,5.9779,5.7031,5.9779,8127,0
XTB,D,20161221,000000,5.9112,6.0694,5.9112,6.0694,5298,0
XTB,D,20161222,000000,5.9945,5.9945,5.9112,5.9112,1909,0
XTB,D,20161223,000000,5.9112,5.9112,5.8279,5.8279,3643,0
XTB,D,20161227,000000,5.8279,5.8279,5.7446,5.7864,9991,0
XTB,D,20161228,000000,5.7864,5.7864,5.6198,5.6198,8085,0
XTB,D,20161229,000000,5.6281,5.7864,5.6198,5.7363,3709,0
XTB,D,20161230,000000,5.7946,5.8029,5.6615,5.8029,5248,0
XTB,D,20170102,000000,5.6615,5.9945,5.6615,5.9945,340,0
XTB,D,20170103,000000,5.9945,5.9945,5.8363,5.9695,219,0
XTB,D,20170104,000000,5.8446,5.9779,5.8114,5.8862,18391,0
XTB,D,20170105,000000,5.8946,5.9862,5.8946,5.9862,4908,0
XTB,D,20170109,000000,5.9862,6.2027,5.9862,6.136,5018,0
XTB,D,20170110,000000,6.136,6.136,5.9112,6.0111,3109,0
XTB,D,20170111,000000,6.0777,6.2193,6.0362,6.2193,19434,0
XTB,D,20170112,000000,6.1776,6.8271,6.1776,6.8271,13750,0
XTB,D,20170113,000000,6.8271,6.8271,6.4274,6.5524,6512,0
XTB,D,20170116,000000,6.5772,6.5772,6.0944,6.4274,5820,0
XTB,D,20170117,000000,6.4274,6.6355,6.1693,6.6355,978,0
XTB,D,20170118,000000,6.6355,6.6605,6.3692,6.6605,5838,0
XTB,D,20170119,000000,6.7023,6.7023,6.4941,6.4941,1275,0
XTB,D,20170120,000000,6.4941,6.4941,6.3275,6.3275,6346,0
XTB,D,20170123,000000,6.5689,6.5772,6.2609,6.2776,1896,0
XTB,D,20170124,000000,6.2692,7.1518,6.2692,6.9936,394142,0
XTB,D,20170125,000000,7.1601,7.2766,6.7023,7.2267,1249878,0
XTB,D,20170126,000000,7.9094,8.2843,7.7512,7.7512,525031,0
XTB,D,20170127,000000,7.7429,7.7429,7.3267,7.6263,16467,0
XTB,D,20170130,000000,7.6763,8.0343,7.5931,7.9593,17472,0
XTB,D,20170131,000000,7.9927,8.0343,7.4931,8.0093,21900,0
XTB,D,20170201,000000,7.7512,7.9427,7.7096,7.9427,5938,0
XTB,D,20170202,000000,7.8677,8.1593,7.8677,8.0259,10491,0
XTB,D,20170203,000000,8.0592,8.1509,7.9178,7.9178,1303,0
XTB,D,20170206,000000,7.926,8.1092,7.7512,7.7512,1344,0
XTB,D,20170207,000000,7.8179,8.0093,7.6514,7.6514,5214,0
XTB,D,20170208,000000,7.7346,7.8262,7.7096,7.7179,6274,0
XTB,D,20170209,000000,7.6514,7.7512,7.6345,7.6431,50446,0
XTB,D,20170210,000000,7.6431,7.6596,7.6431,7.6514,7184,0
XTB,D,20170213,000000,7.6596,8.0427,7.6596,8.0343,10973,0
XTB,D,20170214,000000,7.7429,7.9094,7.3267,7.4931,126635,0
XTB,D,20170215,000000,7.6263,7.6263,7.0935,7.3267,64548,0
XTB,D,20170216,000000,7.3267,7.4931,7.3267,7.4848,7954,0
XTB,D,20170217,000000,7.4515,7.4515,7.4099,7.4515,984,0
XTB,D,20170220,000000,7.4515,7.4515,7.4515,7.4515,5,0
XTB,D,20170222,000000,7.1351,7.4766,7.1018,7.4766,5216,0
XTB,D,20170223,000000,7.2434,7.9094,7.1101,7.9094,17071,0
XTB,D,20170224,000000,7.8428,7.8428,7.7845,7.7845,6016,0
XTB,D,20170227,000000,7.2684,7.9094,7.2684,7.9094,7293,0
XTB,D,20170228,000000,7.8095,8.0176,7.8095,8.0176,13358,0
XTB,D,20170301,000000,7.9927,8.0343,7.5513,7.976,410,0
XTB,D,20170302,000000,7.9011,7.9011,7.7429,7.7429,132,0
XTB,D,20170303,000000,7.618,7.6514,7.5763,7.5763,3500,0
XTB,D,20170306,000000,7.5015,7.5763,7.4099,7.5598,4916,0
XTB,D,20170307,000000,7.8095,7.8095,7.4183,7.4183,20126,0
XTB,D,20170309,000000,7.4265,7.4931,7.4099,7.4931,2445,0
XTB,D,20170310,000000,7.3682,7.3682,7.3682,7.3682,120,0
XTB,D,20170313,000000,7.7346,7.7346,7.2932,7.3682,275,0
XTB,D,20170314,000000,7.3932,7.4931,7.3267,7.4099,32864,0
XTB,D,20170315,000000,7.4931,7.4931,7.4931,7.4931,60055,0
XTB,D,20170316,000000,7.4099,7.4265,7.4099,7.4099,37912,0
XTB,D,20170317,000000,7.4848,7.5763,7.4183,7.5763,3687,0
XTB,D,20170320,000000,7.6928,7.9178,7.6928,7.6928,51161,0
XTB,D,20170321,000000,7.5348,7.6928,7.5348,7.5348,7818,0
XTB,D,20170322,000000,7.7429,7.7429,7.7429,7.7429,60,0
XTB,D,20170323,000000,7.7263,7.8262,7.4931,7.6596,5512,0
XTB,D,20170324,000000,7.6596,7.6596,7.4931,7.6596,2447,0
XTB,D,20170327,000000,7.4931,7.6514,7.4931,7.6514,1441,0
XTB,D,20170328,000000,7.6596,7.6596,7.6596,7.6596,11,0
XTB,D,20170329,000000,7.6596,7.6596,7.6596,7.6596,673,0
XTB,D,20170330,000000,7.6596,7.6596,7.6596,7.6596,455,0
XTB,D,20170331,000000,7.6596,7.8095,7.5348,7.6431,12151,0
XTB,D,20170403,000000,7.6596,7.6596,7.6596,7.6596,361,0
XTB,D,20170404,000000,7.618,7.618,7.4682,7.518,969,0
XTB,D,20170405,000000,7.4348,7.4848,6.7855,7.4848,92694,0
XTB,D,20170406,000000,7.31,7.6431,7.2849,7.2849,14066,0
XTB,D,20170407,000000,7.2849,7.2932,7.2849,7.2932,768,0
XTB,D,20170410,000000,7.1018,7.2017,7.1018,7.1184,30256,0
XTB,D,20170411,000000,7.4848,7.4848,7.1601,7.1601,2527,0
XTB,D,20170412,000000,7.2017,7.2017,7.0352,7.1184,3460,0
XTB,D,20170413,000000,7.1184,7.1184,6.9936,6.9936,3296,0
XTB,D,20170418,000000,7.1184,7.1184,7.0269,7.0269,1701,0
XTB,D,20170419,000000,7.0102,7.0102,6.902,6.9103,8152,0
XTB,D,20170420,000000,6.8771,6.8771,6.7188,6.7355,5130,0
XTB,D,20170421,000000,6.7188,6.902,6.619,6.6355,11781,0
XTB,D,20170424,000000,6.7437,6.977,6.7437,6.977,4589,0
XTB,D,20170425,000000,6.977,6.977,6.9103,6.9103,2734,0
XTB,D,20170426,000000,6.9103,6.9103,6.8437,6.8437,11759,0
XTB,D,20170427,000000,6.8437,6.8437,6.5357,6.5772,19995,0
XTB,D,20170428,000000,6.5106,6.644,6.4607,6.4607,62704,0
XTB,D,20170502,000000,6.7272,6.8271,6.6605,6.8271,2511,0
XTB,D,20170504,000000,6.7751,6.8444,6.0993,6.5844,13807,0
XTB,D,20170505,000000,6.5844,6.5844,6.4979,6.4979,256,0
XTB,D,20170508,000000,6.4459,6.4545,6.3245,6.4112,7735,0
XTB,D,20170509,000000,6.3852,6.3852,6.2293,6.3245,63500,0
XTB,D,20170511,000000,6.3332,6.3332,6.1599,6.1859,4221,0
XTB,D,20170512,000000,6.1166,6.4112,6.1166,6.4025,3107,0
XTB,D,20170515,000000,6.1859,6.3245,6.0646,6.1687,114410,0
XTB,D,20170516,000000,6.0733,6.1253,6.0646,6.0646,7661,0
XTB,D,20170517,000000,6.0646,6.0646,5.7441,5.8914,81388,0
XTB,D,20170518,000000,5.8048,5.8914,5.7701,5.8914,38178,0
XTB,D,20170519,000000,5.8048,6.056,5.7441,5.8048,40201,0
XTB,D,20170522,000000,5.7615,6.0646,5.7528,5.8048,9492,0
XTB,D,20170523,000000,5.7528,6.0646,5.7267,5.8741,89767,0
XTB,D,20170524,000000,6.0646,6.0646,5.7441,5.9001,1140,0
XTB,D,20170525,000000,5.9001,6.0473,5.7528,5.8827,34544,0
XTB,D,20170526,000000,5.926,5.9347,5.926,5.9347,63,0
XTB,D,20170529,000000,6.056,6.238,6.0213,6.0213,143536,0
XTB,D,20170530,000000,5.9779,6.0646,5.9001,6.056,38977,0
XTB,D,20170531,000000,5.7528,6.0646,5.7528,6.0646,23090,0
XTB,D,20170601,000000,5.7961,5.7961,5.7961,5.7961,117,0
XTB,D,20170602,000000,5.7961,5.8221,5.7701,5.8048,938,0
XTB,D,20170605,000000,5.8048,5.8048,5.8048,5.8048,75,0
XTB,D,20170606,000000,5.9779,5.9779,5.9779,5.9779,346,0
XTB,D,20170607,000000,5.9779,5.9779,5.8048,5.8048,3638,0
XTB,D,20170608,000000,5.8048,5.8741,5.8048,5.8741,1737,0
XTB,D,20170609,000000,5.7528,5.9779,5.7528,5.9779,271,0
XTB,D,20170612,000000,5.8134,5.8914,5.8048,5.8048,2635,0
XTB,D,20170613,000000,5.7528,5.8914,5.7267,5.7267,4200,0
XTB,D,20170614,000000,5.9174,5.9174,5.6922,5.848,11460,0
XTB,D,20170616,000000,5.926,5.926,5.9086,5.9086,1400,0
XTB,D,20170619,000000,5.718,5.718,5.6574,5.6574,23195,0
XTB,D,20170620,000000,5.6574,5.9174,5.6574,5.8914,3648,0
XTB,D,20170621,000000,5.8914,5.8914,5.6835,5.6835,1909,0
XTB,D,20170622,000000,5.8827,5.8914,5.6835,5.6835,924,0
XTB,D,20170626,000000,5.6748,5.6748,5.6315,5.6315,12296,0
XTB,D,20170627,000000,5.5968,5.926,5.5794,5.926,12912,0
XTB,D,20170628,000000,5.9347,6.0646,5.6922,5.6922,36143,0
XTB,D,20170629,000000,5.8741,5.8741,5.6574,5.718,6452,0
XTB,D,20170630,000000,5.6315,6.0646,5.6315,6.0646,28179,0
XTB,D,20170703,000000,6.056,6.0646,5.9779,5.9779,17942,0
XTB,D,20170704,000000,5.9779,6.0646,5.9779,6.0387,12860,0
XTB,D,20170705,000000,6.0646,6.0646,5.9779,6.056,31482,0
XTB,D,20170706,000000,5.9779,6.3938,5.9779,6.238,76270,0
XTB,D,20170707,000000,6.3159,6.3159,6.1513,6.2812,8141,0
XTB,D,20170710,000000,6.3679,6.3679,5.9086,6.1426,15079,0
XTB,D,20170711,000000,6.3245,6.3245,5.9347,6.1339,26351,0
XTB,D,20170712,000000,6.2725,6.2725,5.8914,6.1513,2055,0
XTB,D,20170713,000000,5.9347,5.952,5.3542,5.5016,106450,0
XTB,D,20170714,000000,5.4755,5.4755,5.3282,5.3715,65304,0
XTB,D,20170717,000000,5.2416,5.2849,5.1203,5.1983,12385,0
XTB,D,20170718,000000,5.1983,5.2936,5.1896,5.2936,5759,0
XTB,D,20170719,000000,5.3975,5.3975,5.1116,5.1116,9696,0
XTB,D,20170720,000000,5.2849,5.3109,5.129,5.129,14532,0
XTB,D,20170721,000000,5.129,5.129,4.6179,5.0164,42812,0
XTB,D,20170724,000000,5.0164,5.0164,4.3319,4.7217,38435,0
XTB,D,20170725,000000,4.7217,4.7565,4.4878,4.4878,24211,0
XTB,D,20170726,000000,4.6611,4.7651,4.4359,4.7217,16322,0
XTB,D,20170727,000000,5.155,5.155,4.6784,4.7651,207363,0
XTB,D,20170728,000000,4.7651,4.8085,4.6091,4.7651,137909,0
XTB,D,20170731,000000,4.9384,5.1983,4.6784,4.6784,137888,0
XTB,D,20170801,000000,4.843,4.843,4.6784,4.7217,16418,0
XTB,D,20170802,000000,4.7304,4.7651,4.6784,4.6872,5550,0
XTB,D,20170803,000000,4.6784,4.6784,4.6784,4.6784,25403,0
XTB,D,20170804,000000,4.6784,4.6784,4.5745,4.6351,61222,0
XTB,D,20170807,000000,4.5658,4.7478,4.5572,4.6611,5882,0
XTB,D,20170808,000000,4.6784,4.7565,4.6784,4.7478,9935,0
XTB,D,20170809,000000,4.7391,4.7391,4.6351,4.7391,3229,0
XTB,D,20170810,000000,4.6005,4.7304,4.5918,4.7131,2631,0
XTB,D,20170811,000000,4.7131,4.8517,4.5918,4.6784,44190,0
XTB,D,20170814,000000,4.6784,4.8517,4.5572,4.7217,56899,0
XTB,D,20170816,000000,4.7478,4.7565,4.6091,4.7565,6679,0
XTB,D,20170817,000000,4.7565,4.921,4.7044,4.8603,10782,0
XTB,D,20170818,000000,4.8603,4.8603,4.8603,4.8603,1109,0
XTB,D,20170821,000000,4.7044,4.8778,4.7044,4.843,5540,0
XTB,D,20170822,000000,4.7651,4.8778,4.7217,4.8085,86573,0
XTB,D,20170823,000000,4.7651,4.8085,4.7304,4.7997,48788,0
XTB,D,20170824,000000,4.843,5.0077,4.791,4.843,84631,0
XTB,D,20170825,000000,4.999,5.0423,4.843,5.0336,137343,0
XTB,D,20170828,000000,5.025,5.025,4.8864,4.9384,114372,0
XTB,D,20170829,000000,4.9384,4.9557,4.7824,4.8864,164582,0
XTB,D,20170830,000000,4.9384,4.9816,4.843,4.9123,52305,0
XTB,D,20170831,000000,4.843,4.9037,4.8085,4.8691,41095,0
XTB,D,20170901,000000,4.973,4.973,4.8258,4.8951,1321,0
XTB,D,20170904,000000,4.8951,4.8951,4.8171,4.8517,1659,0
XTB,D,20170905,000000,4.9297,4.9297,4.8171,4.8517,942,0
XTB,D,20170906,000000,4.8171,4.921,4.8171,4.921,2011,0
XTB,D,20170907,000000,4.8171,4.8864,4.8085,4.8864,5619,0
XTB,D,20170908,000000,4.8171,4.8171,4.7044,4.7565,14734,0
XTB,D,20170911,000000,4.7651,4.8344,4.7565,4.7565,1132,0
XTB,D,20170912,000000,4.5918,4.7651,4.5918,4.7651,2090,0
XTB,D,20170913,000000,4.7565,4.7565,4.7565,4.7565,584,0
XTB,D,20170914,000000,4.7565,4.7565,4.7217,4.7217,795,0
XTB,D,20170915,000000,4.7478,4.7651,4.6438,4.6438,18988,0
XTB,D,20170918,000000,4.6524,4.7478,4.6351,4.7131,22050,0
XTB,D,20170919,000000,4.6784,4.7391,4.6179,4.7217,253,0
XTB,D,20170920,000000,4.7217,4.7651,4.7217,4.7651,4797,0
XTB,D,20170921,000000,4.6872,4.6872,4.6872,4.6872,266,0
XTB,D,20170922,000000,4.6872,4.6872,4.6872,4.6872,5193,0
XTB,D,20170925,000000,4.7997,4.7997,4.6524,4.6524,4951,0
XTB,D,20170926,000000,4.6784,4.7651,4.6784,4.7651,77,0
XTB,D,20170927,000000,4.6264,4.6698,4.6264,4.6698,194,0
XTB,D,20170928,000000,4.6957,4.7565,4.6264,4.7565,15508,0
XTB,D,20170929,000000,4.6784,4.6784,4.5918,4.6784,14051,0
XTB,D,20171002,000000,4.6784,4.6784,4.6698,4.6698,1731,0
XTB,D,20171003,000000,4.7565,4.7565,4.6698,4.6698,2745,0
XTB,D,20171004,000000,4.5918,4.6698,4.5918,4.6698,1290,0
XTB,D,20171005,000000,4.6611,4.6611,4.5138,4.6524,4480,0
XTB,D,20171006,000000,4.6524,4.6611,4.6524,4.6611,643,0
XTB,D,20171009,000000,4.5918,4.5918,4.5918,4.5918,8676,0
XTB,D,20171010,000000,4.5918,4.5918,4.5398,4.5398,2919,0
XTB,D,20171011,000000,4.5398,4.5398,4.5398,4.5398,654,0
XTB,D,20171012,000000,4.5398,4.6698,4.5138,4.6698,11988,0
XTB,D,20171013,000000,4.6698,4.6698,4.3926,4.4271,106522,0
XTB,D,20171016,000000,4.4445,4.7565,4.202,4.5052,3846946,0
XTB,D,20171017,000000,4.7391,4.8517,4.4185,4.4619,122001,0
XTB,D,20171018,000000,4.4619,4.5831,4.3146,4.3319,160833,0
XTB,D,20171019,000000,4.3492,4.4012,4.1327,4.1586,148943,0
XTB,D,20171020,000000,4.2453,4.2453,3.9853,4.0373,40243,0
XTB,D,20171023,000000,4.1413,4.1847,4.0893,4.1847,1980,0
XTB,D,20171024,000000,4.1586,4.2885,4.124,4.1586,295690,0
XTB,D,20171025,000000,4.5745,4.7131,4.4445,4.5052,298454,0
XTB,D,20171026,000000,4.4965,4.5831,4.4359,4.4965,55417,0
XTB,D,20171027,000000,4.5485,4.5485,4.4705,4.5225,27266,0
XTB,D,20171030,000000,4.5398,4.5658,4.4359,4.4359,397253,0
XTB,D,20171031,000000,4.4878,4.4878,4.3319,4.3752,1211325,0
XTB,D,20171102,000000,4.4012,4.5052,4.3926,4.4445,22038,0
XTB,D,20171103,000000,4.5052,4.6264,4.4619,4.6264,29578,0
XTB,D,20171106,000000,4.6351,4.8691,4.6351,4.7217,123947,0
XTB,D,20171107,000000,4.7651,4.843,4.6698,4.6698,7242,0
XTB,D,20171108,000000,4.6698,4.7565,4.5485,4.5485,22967,0
XTB,D,20171109,000000,4.5658,4.6784,4.4792,4.6264,83244,0
XTB,D,20171110,000000,4.5225,4.7824,4.4359,4.5831,83467,0
XTB,D,20171113,000000,4.15,4.15,2.7377,2.7377,2208957,0
XTB,D,20171114,000000,2.9457,3.0843,2.8157,2.8763,440917,0
XTB,D,20171115,000000,2.9024,3.1883,2.8763,2.9457,363079,0
XTB,D,20171116,000000,3.0323,3.2057,2.9977,3.0496,182436,0
XTB,D,20171117,000000,3.0756,3.1016,2.8851,2.989,166854,0
XTB,D,20171120,000000,2.9457,3.1189,2.9457,3.0496,74177,0
XTB,D,20171121,000000,3.0496,3.0756,2.9457,3.015,382435,0
XTB,D,20171122,000000,3.0756,3.3442,2.963,3.3356,486323,0
XTB,D,20171123,000000,3.3789,3.4569,3.2229,3.4569,35841,0
XTB,D,20171124,000000,3.3789,3.5001,3.3789,3.4308,32827,0
XTB,D,20171127,000000,3.3442,3.6214,3.327,3.6042,234436,0
XTB,D,20171128,000000,3.5695,3.9247,3.5695,3.8554,173382,0
XTB,D,20171129,000000,3.916,3.9853,3.8554,3.864,212350,0
XTB,D,20171130,000000,3.864,3.9421,3.8121,3.9421,22922,0
XTB,D,20171201,000000,3.8987,4.02,3.5782,3.6561,68522,0
XTB,D,20171204,000000,3.5607,3.8815,3.4914,3.5175,124672,0
XTB,D,20171205,000000,3.5435,3.6214,3.5435,3.6127,8776,0
XTB,D,20171206,000000,3.6127,3.6908,3.5435,3.6561,21959,0
XTB,D,20171207,000000,3.7168,3.8987,3.6735,3.7774,39442,0
XTB,D,20171208,000000,3.7774,3.9507,3.7774,3.8294,90219,0
XTB,D,20171211,000000,3.8121,3.89,3.8121,3.8554,9012,0
XTB,D,20171212,000000,3.8121,3.8121,3.7254,3.7428,9801,0
XTB,D,20171213,000000,3.7341,3.968,3.7341,3.9421,68356,0
XTB,D,20171214,000000,3.9333,4.0286,3.838,3.9593,76467,0
XTB,D,20171215,000000,3.9073,4.0893,3.9073,4.0546,55906,0
XTB,D,20171218,000000,3.9853,3.9853,3.7601,3.8554,52679,0
XTB,D,20171219,000000,3.8987,3.8987,3.7514,3.7601,64114,0
XTB,D,20171220,000000,3.7514,3.8294,3.682,3.7254,71496,0
XTB,D,20171221,000000,3.8121,3.8121,3.682,3.8034,27043,0
XTB,D,20171222,000000,3.8034,3.8034,3.7254,3.7254,76592,0
XTB,D,20171227,000000,3.7687,3.7687,3.7254,3.7254,39342,0
XTB,D,20171228,000000,3.7254,3.8467,3.7254,3.838,19838,0
XTB,D,20171229,000000,3.7687,3.8727,3.7687,3.8727,26210,0
XTB,D,20180103,000000,3.8554,3.8554,3.7947,3.8554,1305,0
XTB,D,20180104,000000,3.8727,3.9853,3.8727,3.9421,31663,0
XTB,D,20180105,000000,3.8987,3.8987,3.8121,3.8554,8265,0
XTB,D,20180108,000000,3.8554,3.8554,3.8121,3.8121,26849,0
XTB,D,20180109,000000,3.8815,3.9073,3.8815,3.9073,11956,0
XTB,D,20180110,000000,3.9073,3.9333,3.8467,3.9333,8748,0
XTB,D,20180111,000000,3.9073,3.9853,3.9073,3.9853,13828,0
XTB,D,20180112,000000,4.02,4.02,3.968,3.994,56751,0
XTB,D,20180115,000000,3.9853,4.0114,3.9421,3.9421,8772,0
XTB,D,20180116,000000,3.9421,4.02,3.8987,4.02,21594,0
XTB,D,20180117,000000,4.02,4.0286,3.9853,4.02,68983,0
XTB,D,20180118,000000,4.02,4.2453,3.9421,4.202,57335,0
XTB,D,20180119,000000,4.2365,4.3233,4.1153,4.2799,12593,0
XTB,D,20180122,000000,4.3233,4.4359,4.2885,4.3319,22799,0
XTB,D,20180123,000000,4.3319,4.3319,4.2453,4.2453,12049,0
XTB,D,20180124,000000,4.2453,4.2799,4.1327,4.2799,7935,0
XTB,D,20180125,000000,4.3058,4.3233,4.2799,4.3058,12902,0
XTB,D,20180126,000000,4.2972,4.3319,4.2972,4.3058,14343,0
XTB,D,20180129,000000,4.3058,4.3233,4.3058,4.3233,16464,0
XTB,D,20180130,000000,4.3058,4.3233,4.2193,4.3233,16307,0
XTB,D,20180131,000000,4.2279,4.254,4.2193,4.254,4349,0
XTB,D,20180201,000000,4.2279,4.254,4.1586,4.254,2897,0
XTB,D,20180202,000000,4.2365,4.254,4.1933,4.254,8802,0
XTB,D,20180205,000000,4.2365,4.5918,4.1586,4.4705,46063,0
XTB,D,20180206,000000,4.1847,4.4185,4.1759,4.3665,66192,0
XTB,D,20180207,000000,4.4878,4.5052,4.2713,4.5052,8105,0
XTB,D,20180208,000000,4.5398,4.7997,4.5052,4.6784,74001,0
XTB,D,20180209,000000,4.7651,4.7651,4.5572,4.6611,2406,0
XTB,D,20180212,000000,4.5572,4.7131,4.5572,4.6091,10507,0
XTB,D,20180213,000000,4.6091,4.7651,4.5398,4.7651,34593,0
XTB,D,20180214,000000,4.7651,5.1116,4.7651,5.0597,277764,0
XTB,D,20180215,000000,5.1116,5.1983,5.0077,5.025,42175,0
XTB,D,20180216,000000,5.0943,5.1116,4.9557,5.1116,9102,0
XTB,D,20180219,000000,5.1116,5.1636,4.8691,5.0943,2205,0
XTB,D,20180220,000000,4.973,5.077,4.9384,5.077,4993,0
XTB,D,20180221,000000,4.9904,5.025,4.7824,4.9904,58122,0
XTB,D,20180222,000000,5.0943,5.0943,4.9384,5.0077,3445,0
XTB,D,20180223,000000,5.025,5.025,4.9557,4.9557,1789,0
XTB,D,20180226,000000,4.9384,5.0077,4.9384,4.9904,5357,0
XTB,D,20180227,000000,4.9557,5.181,4.9557,5.181,16733,0
XTB,D,20180228,000000,5.1636,5.181,4.9557,5.181,100535,0
XTB,D,20180301,000000,5.0597,5.181,5.0077,5.1463,5959,0
XTB,D,20180302,000000,5.1463,5.2849,5.1463,5.181,17463,0
XTB,D,20180305,000000,5.1983,5.1983,5.025,5.1116,17514,0
XTB,D,20180306,000000,5.1116,5.2676,5.1116,5.2329,13205,0
XTB,D,20180307,000000,5.2503,5.6142,5.2329,5.4582,146686,0
XTB,D,20180308,000000,5.4929,5.5794,5.3889,5.4062,23267,0
XTB,D,20180309,000000,5.5622,5.5622,5.4582,5.5275,10141,0
XTB,D,20180312,000000,5.4755,5.5448,5.3715,5.4236,11257,0
XTB,D,20180313,000000,5.4582,5.5275,5.4582,5.5275,4848,0
XTB,D,20180314,000000,5.5448,5.5448,5.2849,5.4062,21166,0
XTB,D,20180315,000000,5.3369,5.5101,5.3369,5.3542,5891,0
XTB,D,20180316,000000,5.3196,5.3715,4.8691,5.0423,131517,0
XTB,D,20180319,000000,4.9557,5.025,4.8517,4.9037,43494,0
XTB,D,20180320,000000,4.8517,5.1463,4.8517,5.129,80151,0
XTB,D,20180321,000000,5.2503,5.3022,5.1636,5.1983,12845,0
XTB,D,20180322,000000,5.1983,5.1983,5.0597,5.077,55725,0
XTB,D,20180323,000000,5.0597,5.0597,4.973,4.973,4375,0
XTB,D,20180326,000000,5.0597,5.1983,4.973,5.1983,9834,0
XTB,D,20180327,000000,5.2156,5.3196,4.6957,4.6957,222306,0
XTB,D,20180328,000000,4.5225,4.7651,4.4359,4.7651,215046,0
XTB,D,20180329,000000,4.6784,4.7651,4.6264,4.7651,74691,0
XTB,D,20180403,000000,4.7478,4.7651,4.7478,4.7651,6992,0
XTB,D,20180404,000000,4.7478,4.7651,4.7478,4.7651,4941,0
XTB,D,20180405,000000,4.9037,4.9037,4.9037,4.9037,230,0
XTB,D,20180406,000000,4.7304,4.973,4.7304,4.973,5760,0
XTB,D,20180409,000000,5.0077,5.0077,4.7651,4.9904,2655,0
XTB,D,20180410,000000,4.9557,5.025,4.7824,5.025,15370,0
XTB,D,20180411,000000,4.921,5.025,4.8691,5.025,7751,0
XTB,D,20180412,000000,5.0077,5.0077,5.0077,5.0077,1670,0
XTB,D,20180416,000000,5.0077,5.0077,5.0077,5.0077,1532,0
XTB,D,20180417,000000,4.8691,5.0423,4.8691,5.0423,12224,0
XTB,D,20180418,000000,4.921,4.921,4.8691,4.8691,4265,0
XTB,D,20180419,000000,4.8691,4.8691,4.8691,4.8691,53534,0
XTB,D,20180420,000000,4.9904,5.0077,4.8691,4.9384,4455,0
XTB,D,20180423,000000,4.8691,4.973,4.8691,4.973,8881,0
XTB,D,20180424,000000,4.9557,5.0597,4.9557,5.0597,11164,0
XTB,D,20180425,000000,5.5448,5.7701,5.4582,5.718,152034,0
XTB,D,20180426,000000,5.6487,5.8914,5.6487,5.7873,35342,0
XTB,D,20180427,000000,5.718,5.7873,5.6142,5.7873,13009,0
XTB,D,20180430,000000,5.7873,5.8048,5.5448,5.6315,20469,0
XTB,D,20180502,000000,5.6315,5.7873,5.5968,5.718,12271,0
XTB,D,20180504,000000,5.8567,5.8567,5.5622,5.5968,9415,0
XTB,D,20180507,000000,5.7701,5.7701,5.6315,5.7008,122587,0
XTB,D,20180508,000000,5.7701,5.7701,5.6315,5.718,2004,0
XTB,D,20180509,000000,5.718,5.718,5.4582,5.6835,6115,0
XTB,D,20180510,000000,5.6315,5.718,5.5275,5.7008,13070,0
XTB,D,20180511,000000,5.6835,5.6835,5.6835,5.6835,230,0
XTB,D,20180514,000000,5.7008,5.7008,4.6438,5.1636,161155,0
XTB,D,20180515,000000,5.1983,5.2849,4.8691,4.9384,20493,0
XTB,D,20180516,000000,4.9037,4.9557,4.7824,4.7824,5929,0
XTB,D,20180517,000000,4.7824,4.973,4.7824,4.973,24331,0
XTB,D,20180518,000000,4.973,5.0423,4.7824,4.8171,38738,0
XTB,D,20180521,000000,4.6264,5.025,4.6091,4.9384,13901,0
XTB,D,20180522,000000,4.9384,5.025,4.8517,5.025,14533,0
XTB,D,20180523,000000,5.181,5.2849,4.8171,5.0597,28441,0
XTB,D,20180528,000000,4.9384,5.0943,4.8171,5.0943,30856,0
XTB,D,20180529,000000,4.8171,5.025,4.8171,5.025,13077,0
XTB,D,20180530,000000,4.8691,5.0943,4.8171,5.0943,89270,0
XTB,D,20180601,000000,5.0943,5.0943,4.8517,4.973,830,0
XTB,D,20180604,000000,4.973,4.973,4.8517,4.8517,3996,0
XTB,D,20180605,000000,4.8517,5.025,4.8517,5.025,2405,0
XTB,D,20180606,000000,5.0077,5.0077,4.8171,4.9557,1944,0
XTB,D,20180607,000000,4.9557,5.0077,4.9557,5.0077,1155,0
XTB,D,20180608,000000,5.0077,5.0077,5.0077,5.0077,74,0
XTB,D,20180611,000000,4.8517,5.0077,4.8517,5.0077,208,0
XTB,D,20180612,000000,4.8691,4.9904,4.8171,4.9557,4576,0
XTB,D,20180613,000000,4.9384,4.973,4.9384,4.9384,2009,0
XTB,D,20180614,000000,4.8344,4.8344,4.4532,4.7997,32391,0
XTB,D,20180615,000000,4.5572,4.7651,4.5052,4.7651,14043,0
XTB,D,20180618,000000,4.7651,4.7651,4.6784,4.7651,796,0
XTB,D,20180619,000000,4.5918,4.7478,4.5918,4.6611,14776,0
XTB,D,20180620,000000,4.5918,4.6784,4.5918,4.6784,74,0
XTB,D,20180621,000000,4.5225,4.6611,4.5225,4.6611,1007,0
XTB,D,20180622,000000,4.5225,4.6611,4.4705,4.6264,2850,0
XTB,D,20180625,000000,4.5225,4.6611,4.4705,4.6611,8062,0
XTB,D,20180626,000000,4.6784,4.6784,4.4878,4.6091,3162,0
XTB,D,20180627,000000,4.4878,4.6611,4.4705,4.6611,2407,0
XTB,D,20180628,000000,4.6611,4.6611,4.4705,4.5918,2131,0
XTB,D,20180629,000000,4.5918,5.025,4.5918,4.7478,18691,0
XTB,D,20180702,000000,4.5918,4.5918,4.5398,4.5745,4721,0
XTB,D,20180703,000000,4.4878,4.5398,4.4878,4.5225,2036,0
XTB,D,20180704,000000,4.5398,4.5398,4.4705,4.5052,70816,0
XTB,D,20180705,000000,4.6957,4.6957,4.6957,4.6957,116,0
XTB,D,20180706,000000,4.6611,4.7651,4.6611,4.7304,1370,0
XTB,D,20180709,000000,4.7304,4.7304,4.7304,4.7304,210,0
XTB,D,20180710,000000,4.6611,4.7131,4.5398,4.6784,2948,0
XTB,D,20180711,000000,4.5398,4.6784,4.4878,4.6438,5351,0
XTB,D,20180712,000000,4.6438,4.6438,4.6438,4.6438,230,0
XTB,D,20180716,000000,4.7478,5.1116,4.7478,4.8517,117030,0
XTB,D,20180717,000000,4.9384,4.9557,4.8864,4.9384,8339,0
XTB,D,20180718,000000,4.973,4.973,4.8171,4.9037,56327,0
XTB,D,20180719,000000,4.8171,4.9037,4.4705,4.7997,4947,0
XTB,D,20180720,000000,4.5918,4.7997,4.5918,4.7997,178,0
XTB,D,20180723,000000,4.7997,4.8344,4.6091,4.8344,1551,0
XTB,D,20180724,000000,4.8344,4.9037,4.6091,4.8517,9563,0
XTB,D,20180725,000000,4.8517,4.9037,4.8517,4.9037,888,0
XTB,D,20180726,000000,4.921,5.2849,4.921,5.2676,12127,0
XTB,D,20180727,000000,5.5448,5.5448,5.1636,5.2676,9930,0
XTB,D,20180730,000000,5.1636,5.3715,5.1636,5.3196,4562,0
XTB,D,20180731,000000,5.2849,5.2849,5.129,5.2676,5861,0
XTB,D,20180801,000000,5.2676,5.2676,5.2329,5.2676,2570,0
XTB,D,20180802,000000,5.2156,5.2156,5.077,5.1116,4834,0
XTB,D,20180803,000000,5.1463,5.1463,5.1116,5.1463,4435,0
XTB,D,20180806,000000,5.5275,5.5448,5.3715,5.4582,117960,0
XTB,D,20180807,000000,5.4582,5.4582,5.3889,5.4062,7756,0
XTB,D,20180808,000000,5.4408,5.4408,5.3369,5.3889,16660,0
XTB,D,20180809,000000,5.4062,5.4582,5.3715,5.4408,5691,0
XTB,D,20180810,000000,5.4408,5.4408,5.3542,5.3542,21832,0
XTB,D,20180813,000000,5.3542,5.3542,5.1983,5.3542,4131,0
XTB,D,20180814,000000,5.4408,5.4408,5.2849,5.4408,3998,0
XTB,D,20180816,000000,5.4236,5.4236,5.1983,5.3889,5363,0
XTB,D,20180817,000000,5.4062,5.4062,5.4062,5.4062,14,0
XTB,D,20180820,000000,5.3715,5.3715,5.2329,5.3715,1695,0
XTB,D,20180821,000000,5.2329,5.4062,5.129,5.4062,5023,0
XTB,D,20180822,000000,5.4062,5.4062,5.2676,5.3889,1697,0
XTB,D,20180823,000000,5.4582,5.6315,5.3022,5.4755,34326,0
XTB,D,20180824,000000,5.5448,5.5448,5.3715,5.5101,3734,0
XTB,D,20180827,000000,5.5101,5.5101,5.3715,5.4582,8941,0
XTB,D,20180828,000000,5.5101,5.5275,5.3022,5.4755,8357,0
XTB,D,20180829,000000,5.4929,5.4929,5.3369,5.4582,6714,0
XTB,D,20180830,000000,5.3715,5.5101,5.3715,5.4408,3486,0
XTB,D,20180831,000000,5.3196,5.4236,5.1463,5.1463,53842,0
XTB,D,20180903,000000,5.1116,5.1116,4.6784,5.0423,41526,0
XTB,D,20180904,000000,5.025,5.025,4.7651,4.8517,5754,0
XTB,D,20180905,000000,4.8517,4.8864,4.6957,4.8517,2395,0
XTB,D,20180906,000000,4.8344,4.8517,4.6784,4.8517,12333,0
XTB,D,20180907,000000,4.5745,4.6784,4.5398,4.5745,23275,0
XTB,D,20180910,000000,4.5745,4.921,4.5745,4.921,10898,0
XTB,D,20180911,000000,4.921,4.921,4.6784,4.9037,1690,0
XTB,D,20180912,000000,4.8344,4.921,4.6784,4.8171,1972,0
XTB,D,20180913,000000,4.8171,4.8171,4.7304,4.7997,1569,0
XTB,D,20180914,000000,4.8171,4.8171,4.6784,4.8171,1182,0
XTB,D,20180917,000000,4.7651,4.7651,4.7478,4.7651,1889,0
XTB,D,20180918,000000,4.7478,4.8517,4.3319,4.5225,34676,0
XTB,D,20180919,000000,4.5225,4.921,4.0893,4.3319,80816,0
XTB,D,20180920,000000,4.3319,4.3319,4.2453,4.3319,706,0
XTB,D,20180921,000000,4.3319,4.3319,4.2453,4.2453,3140,0
XTB,D,20180924,000000,4.2453,4.2453,3.838,4.1586,42553,0
XTB,D,20180925,000000,3.8987,4.124,3.864,3.8987,11590,0
XTB,D,20180926,000000,3.8987,4.124,3.8815,3.9247,8333,0
XTB,D,20180927,000000,3.8987,3.9853,3.864,3.8815,25890,0
XTB,D,20180928,000000,3.8815,4.072,3.6214,3.6214,12854,0
XTB,D,20181001,000000,3.5695,3.7168,3.5695,3.6042,26787,0
XTB,D,20181002,000000,3.6561,3.6735,3.5695,3.6042,20878,0
XTB,D,20181003,000000,3.5955,3.6301,3.5955,3.6301,1793,0
XTB,D,20181004,000000,3.6388,3.6994,3.5782,3.5782,75531,0
XTB,D,20181005,000000,3.5868,3.6735,3.5695,3.5695,20090,0
XTB,D,20181008,000000,3.7081,3.8034,3.5868,3.6908,81316,0
XTB,D,20181009,000000,3.6908,4.0286,3.6735,4.02,54754,0
XTB,D,20181010,000000,4.0893,4.3665,4.0286,4.1586,57616,0
XTB,D,20181011,000000,4.046,4.1413,3.9421,3.994,52302,0
XTB,D,20181012,000000,4.2365,4.2365,3.9767,4.072,116515,0
XTB,D,20181015,000000,4.072,4.1759,3.9853,4.124,84167,0
XTB,D,20181016,000000,4.2453,4.2453,4.072,4.2453,266830,0
XTB,D,20181017,000000,4.2453,4.3319,4.202,4.3146,112410,0
XTB,D,20181018,000000,4.3146,4.4012,4.2799,4.3319,178002,0
XTB,D,20181019,000000,4.4012,4.4185,4.254,4.3233,7952,0
XTB,D,20181022,000000,4.3233,4.3233,4.1847,4.2193,9010,0
XTB,D,20181023,000000,4.2365,4.2365,4.0373,4.1672,10400,0
XTB,D,20181024,000000,4.072,4.1586,4.046,4.1586,2773,0
XTB,D,20181025,000000,4.0634,4.1586,4.0546,4.1586,704,0
XTB,D,20181026,000000,4.1413,4.1586,4.0807,4.1586,5505,0
XTB,D,20181029,000000,4.1586,4.3319,4.1586,4.3319,7143,0
XTB,D,20181030,000000,4.3233,4.3319,4.2453,4.2453,7339,0
XTB,D,20181031,000000,4.2626,4.3146,4.0286,4.0286,17023,0
XTB,D,20181102,000000,4.2279,4.2279,4.0373,4.1153,7372,0
XTB,D,20181105,000000,4.15,4.1586,4.1153,4.15,3907,0
XTB,D,20181106,000000,4.1586,4.1586,4.072,4.072,10750,0
XTB,D,20181107,000000,4.072,4.072,3.9421,3.9421,11792,0
XTB,D,20181108,000000,3.9853,3.9853,3.6735,3.8034,12096,0
XTB,D,20181109,000000,3.8121,4.15,3.8121,3.968,61824,0
XTB,D,20181113,000000,4.02,4.0893,3.9073,4.072,12708,0
XTB,D,20181114,000000,4.1066,4.2453,4.1066,4.2453,21350,0
XTB,D,20181115,000000,4.2365,4.2365,4.0286,4.2365,967,0
XTB,D,20181116,000000,4.2193,4.2365,4.1586,4.2279,19992,0
XTB,D,20181119,000000,4.2279,4.2279,4.1586,4.2279,8302,0
XTB,D,20181120,000000,4.1672,4.3058,4.1586,4.2279,11816,0
XTB,D,20181121,000000,4.0807,4.2193,4.072,4.2106,5862,0
XTB,D,20181122,000000,4.2106,4.2106,4.2106,4.2106,247,0
XTB,D,20181123,000000,4.202,4.2279,4.202,4.2279,4351,0
XTB,D,20181126,000000,4.2279,4.2279,4.124,4.202,2241,0
XTB,D,20181127,000000,4.1066,4.2453,4.072,4.1847,7766,0
XTB,D,20181128,000000,4.1847,4.1933,4.1847,4.1933,1040,0
XTB,D,20181129,000000,4.15,4.254,4.1066,4.2453,2683,0
XTB,D,20181130,000000,4.254,4.254,4.072,4.072,4162,0
XTB,D,20181203,000000,4.072,4.2193,4.02,4.202,7846,0
XTB,D,20181204,000000,4.0979,4.1847,4.0979,4.1847,453,0
XTB,D,20181205,000000,4.1847,4.2972,4.1847,4.2453,1244,0
XTB,D,20181206,000000,4.202,4.4532,4.1933,4.3058,5925,0
XTB,D,20181207,000000,4.3146,4.3146,4.1672,4.254,4525,0
XTB,D,20181210,000000,4.2912,4.2912,4.114,4.198,10042,0
XTB,D,20181211,000000,4.198,4.198,4.198,4.198,1236,0
XTB,D,20181212,000000,4.2912,4.2912,4.2725,4.2912,10436,0
XTB,D,20181213,000000,4.3752,4.4032,4.198,4.4032,4185,0
XTB,D,20181214,000000,4.3938,4.4032,4.3938,4.4032,5841,0
XTB,D,20181217,000000,4.3193,4.3659,4.2912,4.3659,9648,0
XTB,D,20181218,000000,4.2912,4.3193,4.2446,4.2912,13866,0
XTB,D,20181219,000000,4.2912,4.3193,4.2446,4.2446,5339,0
XTB,D,20181220,000000,4.2446,4.2446,4.1327,4.1513,9885,0
XTB,D,20181221,000000,4.1513,4.1513,4.0207,4.1046,12730,0
XTB,D,20181227,000000,4.0487,4.142,4.0114,4.058,6603,0
XTB,D,20181228,000000,4.1233,4.1233,4.058,4.1046,4644,0
XTB,D,20190102,000000,4.1513,4.1513,4.1513,4.1513,2297,0
XTB,D,20190103,000000,4.198,4.198,4.198,4.198,684,0
XTB,D,20190104,000000,4.1327,4.1327,4.114,4.114,503,0
XTB,D,20190107,000000,4.1233,4.2446,4.1233,4.17,2541,0
XTB,D,20190108,000000,4.1513,4.2819,4.1513,4.2819,2305,0
XTB,D,20190109,000000,4.2166,4.2912,4.2166,4.2912,5659,0
XTB,D,20190110,000000,4.2353,4.2912,4.2353,4.2912,783,0
XTB,D,20190111,000000,4.2912,4.2912,4.2912,4.2912,36436,0
XTB,D,20190114,000000,4.3379,4.3379,4.1513,4.2632,4306,0
XTB,D,20190115,000000,4.1793,4.2725,4.17,4.1793,4726,0
XTB,D,20190116,000000,4.2166,4.2259,4.1793,4.1793,3810,0
XTB,D,20190117,000000,4.2725,4.3659,4.2725,4.3659,25385,0
XTB,D,20190118,000000,4.3472,4.3472,4.2725,4.2725,1158,0
XTB,D,20190121,000000,4.2725,4.2912,4.2725,4.2912,322,0
XTB,D,20190122,000000,4.2725,4.2819,4.1513,4.2353,7079,0
XTB,D,20190123,000000,4.2353,4.2353,4.17,4.2259,1779,0
XTB,D,20190124,000000,4.1606,4.2353,4.1327,4.2353,2048,0
XTB,D,20190125,000000,4.2259,4.2259,4.198,4.198,2412,0
XTB,D,20190128,000000,4.198,4.198,4.17,4.17,3988,0
XTB,D,20190129,000000,4.17,4.198,4.17,4.1793,4170,0
XTB,D,20190130,000000,4.1793,4.1793,3.8155,3.9554,39880,0
XTB,D,20190131,000000,4.0114,4.0953,3.8248,4.0953,8741,0
XTB,D,20190201,000000,4.0953,4.1233,4.0953,4.1233,1367,0
XTB,D,20190204,000000,4.1513,4.2912,4.1513,4.2446,1459,0
XTB,D,20190205,000000,4.1793,4.1793,3.9181,4.0674,8164,0
XTB,D,20190206,000000,4.0767,4.1886,4.0767,4.1513,4315,0
XTB,D,20190207,000000,4.1046,4.1327,4.0674,4.1327,8647,0
XTB,D,20190208,000000,4.17,4.1793,4.17,4.17,1946,0
XTB,D,20190211,000000,4.03,4.1513,4.0114,4.058,29803,0
XTB,D,20190212,000000,4.03,4.03,3.9461,4.03,3591,0
XTB,D,20190213,000000,3.974,4.114,3.974,4.0953,19303,0
XTB,D,20190214,000000,4.086,4.0953,4.0487,4.0953,5535,0
XTB,D,20190215,000000,4.0953,4.0953,4.0953,4.0953,4350,0
XTB,D,20190218,000000,4.086,4.2725,4.0767,4.2725,2927,0
XTB,D,20190219,000000,4.198,4.2166,4.0674,4.1046,7812,0
XTB,D,20190220,000000,4.1886,4.198,4.0674,4.0674,9379,0
XTB,D,20190221,000000,4.0674,4.0674,4.0114,4.0114,5074,0
XTB,D,20190222,000000,4.1327,4.1327,3.9927,4.1046,1412,0
XTB,D,20190225,000000,3.9927,4.0021,3.9181,4.0021,10200,0
XTB,D,20190226,000000,4.0114,4.058,3.9461,3.9461,5116,0
XTB,D,20190227,000000,3.9554,4.1046,3.9554,4.058,4749,0
XTB,D,20190228,000000,3.974,4.0114,3.9647,4.0114,1178,0
XTB,D,20190301,000000,3.9647,4.0207,3.9647,3.9927,13295,0
XTB,D,20190304,000000,3.9927,4.058,3.974,4.0487,4179,0
XTB,D,20190305,000000,3.9834,4.0114,3.9834,4.0114,4196,0
XTB,D,20190306,000000,3.9834,4.0021,3.9554,4.0021,3324,0
XTB,D,20190307,000000,3.9461,3.974,3.9461,3.9554,16139,0
XTB,D,20190308,000000,3.9367,3.9367,3.9181,3.9181,3553,0
XTB,D,20190311,000000,3.9647,3.9647,3.9367,3.9461,6260,0
XTB,D,20190312,000000,3.9461,3.9647,3.9461,3.9461,601,0
XTB,D,20190313,000000,3.9461,3.9461,3.9461,3.9461,322,0
XTB,D,20190314,000000,3.9461,3.9647,3.9461,3.9647,1005,0
XTB,D,20190315,000000,3.9647,4.1046,3.9274,4.058,71957,0
XTB,D,20190318,000000,4.0674,4.0674,3.7502,3.7782,72492,0
XTB,D,20190319,000000,3.8248,3.8248,3.8248,3.8248,12276,0
XTB,D,20190320,000000,3.8248,3.8248,3.545,3.7688,37717,0
XTB,D,20190321,000000,3.8248,3.8248,3.8061,3.8248,4117,0
XTB,D,20190322,000000,3.6848,3.8155,3.6848,3.7315,9602,0
XTB,D,20190325,000000,3.8342,3.8342,3.8248,3.8248,2225,0
XTB,D,20190326,000000,3.7874,3.8248,3.7595,3.8248,2324,0
XTB,D,20190327,000000,3.7688,3.7782,3.6848,3.7502,8622,0
XTB,D,20190328,000000,3.8061,3.8061,3.7315,3.7315,2110,0
XTB,D,20190329,000000,3.7782,3.7782,3.7315,3.7688,537,0
XTB,D,20190401,000000,3.7315,3.7595,3.6663,3.6848,2003,0
XTB,D,20190402,000000,3.6942,3.7315,3.6942,3.7129,1330,0
XTB,D,20190403,000000,3.7129,3.7968,3.7129,3.7688,5184,0
XTB,D,20190404,000000,3.7688,3.7688,3.7595,3.7595,1206,0
XTB,D,20190405,000000,3.7595,3.7595,3.7315,3.7595,6154,0
XTB,D,20190408,000000,3.7408,3.7595,3.7315,3.7315,2056,0
XTB,D,20190409,000000,3.7315,3.7315,3.6382,3.6382,11084,0
XTB,D,20190410,000000,3.6382,3.6382,3.6195,3.6195,29607,0
XTB,D,20190411,000000,3.6195,3.6195,3.5823,3.5916,10216,0
XTB,D,20190412,000000,3.5916,3.6195,3.5729,3.6195,24457,0
XTB,D,20190415,000000,3.5636,3.7222,3.5636,3.7222,3651,0
XTB,D,20190416,000000,3.6476,3.7688,3.6476,3.7315,5734,0
XTB,D,20190417,000000,3.7688,3.7688,3.7315,3.7595,5252,0
XTB,D,20190418,000000,3.7688,3.7968,3.7595,3.7595,5836,0
XTB,D,20190423,000000,3.7782,3.8248,3.7782,3.8155,6459,0
XTB,D,20190424,000000,3.8836,3.8836,3.8057,3.8836,2357,0
XTB,D,20190425,000000,3.8933,3.8933,3.8836,3.8836,1224,0
XTB,D,20190426,000000,3.8252,3.8252,3.6987,3.7473,14135,0
XTB,D,20190429,000000,3.7473,3.7473,3.7473,3.7473,418,0
XTB,D,20190430,000000,3.7181,3.7863,3.7181,3.7473,1698,0
XTB,D,20190506,000000,3.6987,3.796,3.6987,3.796,13937,0
XTB,D,20190507,000000,3.6695,3.6695,3.6695,3.6695,493,0
XTB,D,20190508,000000,3.6597,3.6792,3.6597,3.6792,436,0
XTB,D,20190509,000000,3.6403,3.6987,3.6403,3.6987,14384,0
XTB,D,20190510,000000,3.6305,3.796,3.6305,3.7084,4623,0
XTB,D,20190513,000000,3.7863,3.7863,3.6987,3.6987,678,0
XTB,D,20190515,000000,3.6987,3.6987,3.6987,3.6987,3082,0
XTB,D,20190516,000000,3.65,3.796,3.6403,3.6987,5966,0
XTB,D,20190517,000000,3.6987,3.7668,3.65,3.7668,718,0
XTB,D,20190520,000000,3.65,3.6987,3.65,3.6987,372,0
XTB,D,20190521,000000,3.6987,3.6987,3.6987,3.6987,1057,0
XTB,D,20190522,000000,3.6403,3.6889,3.5235,3.5916,4330,0
XTB,D,20190523,000000,3.8057,3.8057,3.6013,3.6013,365,0
XTB,D,20190524,000000,3.6013,3.6013,3.6013,3.6013,103,0
XTB,D,20190527,000000,3.5916,3.7181,3.5916,3.7181,3211,0
XTB,D,20190528,000000,3.6013,3.6889,3.5527,3.6889,1412,0
XTB,D,20190529,000000,3.6013,3.65,3.5624,3.6013,15224,0
XTB,D,20190530,000000,3.6305,3.7473,3.6013,3.7473,10770,0
XTB,D,20190531,000000,3.6987,3.8933,3.65,3.8933,33676,0
XTB,D,20190603,000000,3.8447,3.8447,3.8447,3.8447,2055,0
XTB,D,20190604,000000,3.8739,3.8739,3.8739,3.8739,205,0
XTB,D,20190606,000000,3.8447,3.8447,3.7084,3.7279,395,0
XTB,D,20190607,000000,3.8447,3.8447,3.7084,3.7473,1285,0
XTB,D,20190610,000000,3.7473,3.8155,3.7473,3.8155,2387,0
XTB,D,20190611,000000,3.8252,3.8252,3.8252,3.8252,294,0
XTB,D,20190613,000000,3.796,3.796,3.796,3.796,103,0
XTB,D,20190614,000000,3.7473,3.7473,3.6111,3.7181,3414,0
XTB,D,20190617,000000,3.7181,3.7473,3.6695,3.6695,26579,0
XTB,D,20190618,000000,3.6208,3.6208,3.2704,3.3385,11241,0
XTB,D,20190619,000000,3.5916,3.5916,3.4067,3.5332,5627,0
XTB,D,20190621,000000,3.3872,3.6111,3.3872,3.5721,741,0
XTB,D,20190624,000000,3.3775,3.5527,3.3775,3.504,3167,0
XTB,D,20190625,000000,3.4067,3.5137,3.4067,3.5137,4222,0
XTB,D,20190626,000000,3.504,3.504,3.3093,3.3969,70785,0
XTB,D,20190627,000000,3.5527,3.5527,3.4553,3.504,74555,0
XTB,D,20190628,000000,3.504,3.6208,3.4553,3.6208,10788,0
XTB,D,20190701,000000,3.5235,3.6987,3.504,3.6987,1482,0
XTB,D,20190702,000000,3.6987,3.6987,3.6987,3.6987,514,0
XTB,D,20190703,000000,3.6013,3.6013,3.6013,3.6013,514,0
XTB,D,20190704,000000,3.6013,3.6597,3.4067,3.6597,4253,0
XTB,D,20190705,000000,3.4748,3.4748,3.4748,3.4748,249,0
XTB,D,20190708,000000,3.4359,3.504,3.4359,3.504,1182,0
XTB,D,20190709,000000,3.504,3.504,3.504,3.504,196,0
XTB,D,20190710,000000,3.504,3.6208,3.504,3.6208,411,0
XTB,D,20190711,000000,3.4553,3.504,3.4553,3.4651,1033,0
XTB,D,20190712,000000,3.65,3.65,3.65,3.65,205,0
XTB,D,20190715,000000,3.4845,3.65,3.4067,3.65,15673,0
XTB,D,20190716,000000,3.6403,3.6403,3.6403,3.6403,50,0
XTB,D,20190718,000000,3.5235,3.6013,3.5235,3.6013,692,0
XTB,D,20190719,000000,3.5235,3.5819,3.5235,3.5527,2353,0
XTB,D,20190722,000000,3.5137,3.5137,3.4553,3.4748,421,0
XTB,D,20190723,000000,3.4748,3.4748,3.4748,3.4748,1336,0
XTB,D,20190724,000000,3.4553,3.4748,3.3483,3.3483,6119,0
XTB,D,20190725,000000,3.4067,3.5429,3.4067,3.5429,20868,0
XTB,D,20190726,000000,3.4261,3.4261,3.4261,3.4261,205,0
XTB,D,20190729,000000,3.5429,3.5429,3.358,3.358,2548,0
XTB,D,20190730,000000,3.5235,3.5235,3.5235,3.5235,1146,0
XTB,D,20190731,000000,3.5332,3.5819,3.5332,3.5819,1169,0
XTB,D,20190801,000000,3.6792,3.6792,3.504,3.504,8487,0
XTB,D,20190802,000000,3.5137,3.6208,3.504,3.6208,5152,0
XTB,D,20190805,000000,3.6403,3.6403,3.5137,3.5137,850,0
XTB,D,20190806,000000,3.5235,3.5235,3.5235,3.5235,21,0
XTB,D,20190807,000000,3.5137,3.5137,3.504,3.504,22655,0
XTB,D,20190808,000000,3.3872,3.4943,3.3872,3.4553,5542,0
XTB,D,20190809,000000,3.4553,3.4553,3.4553,3.4553,24,0
XTB,D,20190812,000000,3.5624,3.5624,3.5624,3.5624,98,0
XTB,D,20190813,000000,3.5624,3.5624,3.4943,3.4943,524,0
XTB,D,20190816,000000,3.5429,3.5429,3.5429,3.5429,242,0
XTB,D,20190820,000000,3.3872,3.5916,3.3872,3.5916,4343,0
XTB,D,20190821,000000,3.4164,3.5819,3.3191,3.5819,8105,0
XTB,D,20190822,000000,3.5624,3.5624,3.5624,3.5624,10,0
XTB,D,20190823,000000,3.3677,3.5527,3.358,3.3969,6303,0
XTB,D,20190826,000000,3.4553,3.4553,3.2412,3.3093,13563,0
XTB,D,20190827,000000,3.3093,3.3677,3.3093,3.3677,144,0
XTB,D,20190828,000000,3.3093,3.3872,3.3093,3.3093,349,0
XTB,D,20190829,000000,3.2607,3.3677,3.2607,3.3677,1048,0
XTB,D,20190830,000000,3.3483,3.3483,3.3483,3.3483,1233,0
XTB,D,20190902,000000,3.3677,3.3677,3.3677,3.3677,205,0
XTB,D,20190903,000000,3.2217,3.2217,3.212,3.212,1336,0
XTB,D,20190904,000000,3.1925,3.2996,3.066,3.2996,9428,0
XTB,D,20190905,000000,3.3093,3.3093,3.1147,3.2801,29103,0
XTB,D,20190906,000000,3.2801,3.2801,3.2801,3.2801,67,0
XTB,D,20190909,000000,3.2996,3.3093,3.2996,3.3093,421,0
XTB,D,20190910,000000,3.0173,3.1147,2.9784,3.1049,37791,0
XTB,D,20190911,000000,3.1147,3.1147,3.1147,3.1147,790,0
XTB,D,20190912,000000,3.0173,3.1147,3.0173,3.1147,914,0
XTB,D,20190913,000000,3.1147,3.1147,3.0076,3.0757,516,0
XTB,D,20190916,000000,3.0076,3.0952,2.9979,3.0952,1378,0
XTB,D,20190917,000000,3.1049,3.1049,3.1049,3.1049,1,0
XTB,D,20190918,000000,3.0952,3.1049,2.92,2.92,37784,0
XTB,D,20190919,000000,2.9297,3.0563,2.8324,3.0563,8633,0
XTB,D,20190920,000000,2.9395,3.0952,2.9395,3.0952,4281,0
XTB,D,20190923,000000,3.0952,3.0952,2.9395,3.0855,6686,0
XTB,D,20190924,000000,2.9492,3.0757,2.9492,3.0757,416,0
XTB,D,20190925,000000,3.0563,3.0563,3.0563,3.0563,1,0
XTB,D,20190927,000000,2.9589,3.0368,2.9589,3.0368,2701,0
XTB,D,20190930,000000,3.0368,3.0563,3.0368,3.0563,108,0
XTB,D,20191001,000000,3.0173,3.0173,2.9589,3.0076,6934,0
XTB,D,20191002,000000,3.0563,3.0855,2.9589,3.0855,5484,0
XTB,D,20191003,000000,3.0173,3.0563,2.9687,3.0563,1166,0
XTB,D,20191004,000000,3.1828,3.1828,3.0271,3.0271,2171,0
XTB,D,20191007,000000,3.0271,3.0757,2.9687,3.066,4675,0
XTB,D,20191008,000000,3.066,3.066,2.9492,2.9979,11325,0
XTB,D,20191009,000000,3.1536,3.1536,3.1147,3.1147,7,0
XTB,D,20191010,000000,3.1341,3.1341,2.9589,3.0173,170,0
XTB,D,20191011,000000,3.1341,3.1341,2.9784,3.1049,10495,0
XTB,D,20191014,000000,3.1049,3.1049,2.9881,2.9979,113,0
XTB,D,20191015,000000,3.0952,3.0952,3.0173,3.0173,553,0
XTB,D,20191016,000000,3.0271,3.0952,3.0271,3.066,463,0
XTB,D,20191017,000000,3.0952,3.0952,3.066,3.066,269,0
XTB,D,20191018,000000,3.0952,3.0952,3.066,3.066,2281,0
XTB,D,20191021,000000,3.066,3.1828,2.9687,3.1147,22606,0
XTB,D,20191022,000000,3.1633,3.1633,3.0855,3.1439,4380,0
XTB,D,20191023,000000,3.0952,3.1633,3.0855,3.1244,1212,0
XTB,D,20191024,000000,3.1439,3.1536,3.0757,3.0952,4274,0
XTB,D,20191025,000000,3.0952,3.1731,3.066,3.1536,14024,0
XTB,D,20191028,000000,3.4261,3.5332,3.3191,3.3775,20445,0
XTB,D,20191029,000000,3.4748,3.6792,3.3969,3.4067,6900,0
XTB,D,20191030,000000,3.4067,3.4067,3.3677,3.3677,1494,0
XTB,D,20191031,000000,3.4067,3.4067,3.4067,3.4067,53,0
XTB,D,20191104,000000,3.4067,3.4067,3.3969,3.3969,776,0
XTB,D,20191105,000000,3.4943,3.4943,3.3288,3.3872,917,0
XTB,D,20191106,000000,3.4943,3.4943,3.4359,3.4359,3603,0
XTB,D,20191107,000000,3.4067,3.4067,3.3483,3.4067,722,0
XTB,D,20191108,000000,3.4067,3.4067,3.3288,3.4067,221,0
XTB,D,20191112,000000,3.4067,3.4067,3.3872,3.4067,2423,0
XTB,D,20191113,000000,3.4067,3.4067,3.4067,3.4067,2,0
XTB,D,20191114,000000,3.4067,3.4067,3.4067,3.4067,2,0
XTB,D,20191115,000000,3.358,3.4067,3.3288,3.4067,856,0
XTB,D,20191118,000000,3.4067,3.4067,3.3969,3.4067,5090,0
XTB,D,20191119,000000,3.4067,3.4067,3.3969,3.3969,160,0
XTB,D,20191120,000000,3.4553,3.4553,3.4067,3.4067,1073,0
XTB,D,20191121,000000,3.3969,3.3969,3.3969,3.3969,2,0
XTB,D,20191122,000000,3.3969,3.3969,3.3191,3.3483,2149,0
XTB,D,20191125,000000,3.3093,3.358,3.3093,3.358,148,0
XTB,D,20191126,000000,3.3872,3.3872,3.3093,3.3093,366,0
XTB,D,20191127,000000,3.3872,3.3872,3.3872,3.3872,2,0
XTB,D,20191128,000000,3.3872,3.3872,3.358,3.358,130,0
XTB,D,20191129,000000,3.3872,3.6013,3.2509,3.4553,50661,0
XTB,D,20191202,000000,3.4553,3.6013,3.4553,3.5235,15255,0
XTB,D,20191203,000000,3.796,3.796,3.4943,3.6597,314,0
XTB,D,20191204,000000,3.6987,3.6987,3.4164,3.4943,4777,0
XTB,D,20191205,000000,3.4164,3.4943,3.4164,3.4943,414,0
XTB,D,20191206,000000,3.5916,3.5916,3.4164,3.4164,446,0
XTB,D,20191209,000000,3.4359,3.7376,3.4261,3.7376,3033,0
XTB,D,20191210,000000,3.4553,3.5332,3.4553,3.5332,946,0
XTB,D,20191211,000000,3.6889,3.6889,3.504,3.5527,996,0
XTB,D,20191212,000000,3.6889,3.6889,3.4651,3.5916,1203,0
XTB,D,20191213,000000,3.6889,3.6889,3.4359,3.65,3498,0
XTB,D,20191216,000000,3.65,3.6889,3.65,3.6889,6,0
XTB,D,20191217,000000,3.6889,3.6889,3.504,3.6889,1848,0
XTB,D,20191218,000000,3.6889,3.6889,3.6889,3.6889,2,0
XTB,D,20191219,000000,3.6889,3.6889,3.5235,3.6597,5471,0
XTB,D,20191220,000000,3.6013,3.6013,3.5235,3.5916,310,0
XTB,D,20191223,000000,3.5235,3.5916,3.504,3.5819,2616,0
XTB,D,20191227,000000,3.5819,3.7571,3.5819,3.7571,5177,0
XTB,D,20191230,000000,3.7668,4.0101,3.6987,3.8447,35717,0
XTB,D,20200102,000000,3.8447,3.9907,3.8447,3.8447,16957,0
XTB,D,20200103,000000,3.8933,3.9128,3.7181,3.7181,3709,0
XTB,D,20200107,000000,3.7181,3.942,3.7181,3.942,425,0
XTB,D,20200108,000000,3.9712,3.9712,3.6987,3.7279,6900,0
XTB,D,20200109,000000,3.8252,3.9031,3.8252,3.8447,1197,0
XTB,D,20200110,000000,3.8447,3.8447,3.7084,3.7084,5910,0
XTB,D,20200113,000000,3.7084,3.8057,3.6987,3.6987,801,0
XTB,D,20200114,000000,3.8349,3.8349,3.6695,3.6987,50742,0
XTB,D,20200115,000000,3.8349,3.8349,3.6013,3.6695,3277,0
XTB,D,20200116,000000,3.8155,3.8155,3.6208,3.6208,1542,0
XTB,D,20200117,000000,3.6111,3.6987,3.6013,3.6013,30267,0
XTB,D,20200120,000000,3.7571,3.7571,3.5332,3.5429,8663,0
XTB,D,20200121,000000,3.5429,3.5916,3.504,3.5429,4905,0
XTB,D,20200122,000000,3.7765,3.8155,3.6013,3.6013,1035,0
XTB,D,20200123,000000,3.6597,3.7473,3.5429,3.6987,76868,0
XTB,D,20200124,000000,3.6987,3.796,3.6208,3.7863,60612,0
XTB,D,20200127,000000,3.7863,3.7863,3.5527,3.7863,46808,0
XTB,D,20200128,000000,3.796,3.796,3.5721,3.7863,58688,0
XTB,D,20200129,000000,3.7863,3.7863,3.5721,3.7181,166798,0
XTB,D,20200130,000000,3.7084,3.7084,3.5819,3.5916,34794,0
XTB,D,20200131,000000,3.5916,3.65,3.5624,3.5624,63189,0
XTB,D,20200203,000000,3.6403,3.6403,3.5624,3.6208,5082,0
XTB,D,20200204,000000,4.1367,4.2535,4.0393,4.1269,1083616,0
XTB,D,20200205,000000,4.1269,4.1269,3.9809,4.088,369224,0
XTB,D,20200206,000000,4.088,4.1269,4.0296,4.088,65599,0
XTB,D,20200207,000000,4.1269,4.1269,3.9323,3.942,100923,0
XTB,D,20200210,000000,3.9517,4.0393,3.9517,3.9517,95114,0
XTB,D,20200211,000000,4.0004,4.0393,3.9323,3.942,76700,0
XTB,D,20200212,000000,3.9615,3.9615,3.8544,3.8544,62147,0
XTB,D,20200213,000000,3.8544,3.942,3.8349,3.8641,52076,0
XTB,D,20200214,000000,3.8641,3.8933,3.7571,3.796,66621,0
XTB,D,20200217,000000,3.8836,3.8836,3.7473,3.796,100027,0
XTB,D,20200218,000000,3.796,3.8933,3.7571,3.8155,41440,0
XTB,D,20200219,000000,3.8155,3.8447,3.7765,3.7765,100820,0
XTB,D,20200220,000000,3.8544,4.088,3.8057,3.9809,368820,0
XTB,D,20200221,000000,4.0296,4.0296,3.942,3.9907,62328,0
XTB,D,20200224,000000,4.0199,4.0296,3.796,3.8933,194568,0
XTB,D,20200225,000000,3.8836,3.8836,3.6987,3.8057,86439,0
XTB,D,20200226,000000,3.8544,3.9712,3.7376,3.9712,37917,0
XTB,D,20200227,000000,4.0199,4.0199,3.8544,3.8933,28328,0
XTB,D,20200228,000000,3.796,4.0101,3.7084,3.942,70993,0
XTB,D,20200302,000000,4.0004,4.1367,4.0004,4.0393,44731,0
XTB,D,20200303,000000,4.088,4.088,3.9517,3.9517,102540,0
XTB,D,20200304,000000,3.9517,3.9907,3.8447,3.8836,44880,0
XTB,D,20200305,000000,3.8836,3.9907,3.8836,3.9225,24372,0
XTB,D,20200306,000000,3.9712,3.9712,3.8447,3.9031,18618,0
XTB,D,20200309,000000,3.796,3.8252,3.4261,3.7473,85702,0
XTB,D,20200310,000000,3.796,3.8349,3.6305,3.7765,17788,0
XTB,D,20200311,000000,3.7765,3.8252,3.504,3.6889,38950,0
XTB,D,20200312,000000,3.6695,3.6695,3.3093,3.3775,109383,0
XTB,D,20200313,000000,3.4067,3.6792,3.4067,3.6013,46937,0
XTB,D,20200316,000000,3.65,3.65,3.4553,3.6013,27750,0
XTB,D,20200317,000000,3.65,3.8836,3.5429,3.5429,102149,0
XTB,D,20200318,000000,3.6013,3.7668,3.6013,3.65,82154,0
XTB,D,20200319,000000,3.7571,3.8739,3.7181,3.8739,34798,0
XTB,D,20200320,000000,3.9907,3.9907,3.7473,3.8544,69628,0
XTB,D,20200323,000000,3.8349,3.8349,3.6987,3.8349,18520,0
XTB,D,20200324,000000,3.8641,4.234,3.8641,4.088,833423,0
XTB,D,20200325,000000,4.234,4.3411,4.0491,4.1951,91436,0
XTB,D,20200326,000000,4.2729,4.6915,4.1853,4.6623,1145694,0
XTB,D,20200327,000000,4.6623,4.7596,4.38,4.4189,119364,0
XTB,D,20200330,000000,4.6525,4.6525,4.4384,4.4773,54546,0
XTB,D,20200331,000000,4.6233,4.6233,4.3605,4.4773,82961,0
XTB,D,20200401,000000,4.5357,4.5357,4.3897,4.4773,26478,0
XTB,D,20200402,000000,4.4871,4.4871,4.3897,4.4676,47704,0
XTB,D,20200403,000000,4.4676,4.5163,4.3897,4.4676,81959,0
XTB,D,20200406,000000,4.4676,4.5065,4.4189,4.4287,141819,0
XTB,D,20200407,000000,4.4287,4.6817,4.3119,4.3605,232972,0
XTB,D,20200408,000000,4.3703,4.3703,4.234,4.3313,69913,0
XTB,D,20200409,000000,4.38,4.4676,4.3119,4.3411,263947,0
XTB,D,20200414,000000,4.3508,4.4287,4.2924,4.3508,474736,0
XTB,D,20200415,000000,4.3703,4.9056,4.2729,4.8667,483129,0
XTB,D,20200416,000000,5.0419,5.5869,4.964,5.3533,610160,0
XTB,D,20200417,000000,5.4507,5.548,5.2949,5.4896,327024,0
XTB,D,20200420,000000,5.7232,5.8595,5.5285,5.8595,263464,0
XTB,D,20200421,000000,6.0347,6.0347,5.0808,5.8984,500746,0
XTB,D,20200422,000000,5.8205,6.2293,5.8205,6.0931,293475,0
XTB,D,20200423,000000,6.132,6.2293,6.0931,6.132,109222,0
XTB,D,20200424,000000,6.132,6.1709,5.9179,6.0931,356861,0
XTB,D,20200427,000000,8.5069,9.617,8.176,8.2733,3681207,0
XTB,D,20200428,000000,8.8963,10.755,8.2928,8.76,3729479,0
XTB,D,20200429,000000,9.2,9.4,8.28,8.5,1729446,0
XTB,D,20200430,000000,8.48,8.5,7.64,7.7,1521694,0
XTB,D,20200504,000000,8.02,9.12,7.82,8.4,2149378,0
XTB,D,20200505,000000,7.98,8.48,7.4,7.48,4358866,0
XTB,D,20200506,000000,7.2,7.88,6.78,7.2,3547963,0
XTB,D,20200507,000000,7.6,8.36,7.12,8.34,2895613,0
XTB,D,20200508,000000,8.7,8.98,8.44,8.7,2126452,0
XTB,D,20200511,000000,8.88,8.94,8.48,8.7,904281,0
XTB,D,20200512,000000,8.72,9.3,8.6,9.1,883032,0
XTB,D,20200513,000000,9.1,9.38,8.82,9.06,779569,0
XTB,D,20200514,000000,8.86,8.9,7.98,8.46,2005295,0
XTB,D,20200515,000000,8.62,8.82,8.16,8.56,435969,0
XTB,D,20200518,000000,8.6,9.34,8.56,9.06,1244966,0
XTB,D,20200519,000000,9.08,9.36,8.82,8.9,709452,0
XTB,D,20200520,000000,8.7,9.08,8.58,8.86,422839,0
XTB,D,20200521,000000,8.9,9.04,8.66,8.76,581029,0
XTB,D,20200522,000000,8.8,8.8,8.42,8.6,395290,0
XTB,D,20200525,000000,8.7,8.7,8.42,8.6,319365,0
XTB,D,20200526,000000,8.6,8.86,8.54,8.66,325817,0
XTB,D,20200527,000000,8.58,8.6,8.22,8.38,582366,0
XTB,D,20200528,000000,8.48,8.48,8.02,8.2,494814,0
XTB,D,20200529,000000,8.28,8.8,8.2,8.66,444474,0
XTB,D,20200601,000000,8.78,10.4,8.78,10.35,2322623,0
XTB,D,20200602,000000,10.15,10.95,9.9,10.4,1603160,0
XTB,D,20200603,000000,10.5,10.8,10.3,10.55,753717,0
XTB,D,20200604,000000,10.6,10.6,10,10.5,557926,0
XTB,D,20200605,000000,10.65,11.7,10.6,11,1639817,0
XTB,D,20200608,000000,11,11.35,10.45,10.8,763940,0
XTB,D,20200609,000000,10.6,11.05,10.05,11.05,867919,0
XTB,D,20200610,000000,11.25,11.8,10.9,11.7,573539,0
XTB,D,20200612,000000,11.15,12.4,11.05,12.1,1210445,0
XTB,D,20200615,000000,12.3,12.9,11.65,12.1,1111152,0
XTB,D,20200616,000000,12.4,12.5,12.1,12.3,262036,0
XTB,D,20200617,000000,12.3,12.4,11.9,12,428450,0
XTB,D,20200618,000000,11.9,12.85,11.75,12.4,680343,0
XTB,D,20200619,000000,12.5,12.5,12.15,12.5,223469,0
XTB,D,20200622,000000,12.45,12.45,12.1,12.4,349153,0
XTB,D,20200623,000000,12.45,13.4,12.25,12.8,907571,0
XTB,D,20200624,000000,13,13.15,12.4,12.65,540925,0
XTB,D,20200625,000000,12.6,12.95,12.55,12.6,321076,0
XTB,D,20200626,000000,12.65,12.85,12.45,12.65,325515,0
XTB,D,20200629,000000,12.65,13.15,12.65,13,408687,0
XTB,D,20200630,000000,13,13.45,12.7,13.1,878100,0
XTB,D,20200701,000000,13,13.2,12.55,12.9,420872,0
XTB,D,20200702,000000,12.9,12.9,12.65,12.9,269561,0
XTB,D,20200703,000000,12.75,13.7,12.75,13.45,723293,0
XTB,D,20200706,000000,13.2,13.9,13.2,13.85,1086571,0
XTB,D,20200707,000000,13.9,14.9,13.5,14.45,1619338,0
XTB,D,20200708,000000,14.55,15.3,14.55,14.6,1293530,0
XTB,D,20200709,000000,14.75,14.95,14.3,14.6,589130,0
XTB,D,20200710,000000,14.7,15.15,14.4,14.9,357751,0
