<TICKER>,<PER>,<DATE>,<TIME>,<OPEN>,<HIGH>,<LOW>,<CLOSE>,<VOL>,<OPENINT>
XTP,D,20170914,000000,73,73,53.03,60,76480,0
XTP,D,20170915,000000,59.5,69,58,68.93,15174,0
XTP,D,20170918,000000,68.96,71.3,67,67.02,6579,0
XTP,D,20170919,000000,68,68.7,62.71,63.05,4866,0
XTP,D,20170920,000000,63.96,64.72,63.1,63.11,1161,0
XTP,D,20170921,000000,64,64,58.29,60.98,4610,0
XTP,D,20170922,000000,61.7,62.9,59.5,62.77,695,0
XTP,D,20170925,000000,62.75,62.75,62.5,62.64,62,0
XTP,D,20170926,000000,62.64,62.64,60,61,115,0
XTP,D,20170927,000000,60.5,66,59,65.85,5475,0
XTP,D,20170928,000000,66.4,66.6,63.15,66.45,1104,0
XTP,D,20170929,000000,66.11,66.45,63.6,63.6,2376,0
XTP,D,20171002,000000,65.95,65.95,63.5,63.51,873,0
XTP,D,20171003,000000,65.8,65.98,62.99,65,3394,0
XTP,D,20171004,000000,65.07,65.65,64.3,64.5,1153,0
XTP,D,20171005,000000,65.65,65.85,64,65,758,0
XTP,D,20171006,000000,65.85,65.85,64.2,65.85,74,0
XTP,D,20171009,000000,65.85,66,64.7,65.3,960,0
XTP,D,20171010,000000,65.85,65.85,64,64,532,0
XTP,D,20171011,000000,64,65.84,63,65,1274,0
XTP,D,20171012,000000,65.5,65.55,65,65,158,0
XTP,D,20171013,000000,65,65.5,62.5,65.4,2016,0
XTP,D,20171016,000000,63.01,66.45,63.01,66.38,2346,0
XTP,D,20171017,000000,66.3,69.05,66,68.14,2273,0
XTP,D,20171018,000000,68.1,68.5,65.31,65.31,827,0
XTP,D,20171019,000000,65.5,68,65.5,68,40,0
XTP,D,20171020,000000,66.35,66.35,66.34,66.34,165,0
XTP,D,20171023,000000,66,66,65,65,282,0
XTP,D,20171024,000000,63.36,64.9,63.16,64.89,284,0
XTP,D,20171025,000000,64,65.25,58.1,63.9,810,0
XTP,D,20171026,000000,64,64,63.6,63.9,153,0
XTP,D,20171027,000000,63.5,63.5,61.05,61.25,189,0
XTP,D,20171030,000000,61.25,61.25,59,61.25,1248,0
XTP,D,20171031,000000,62,62,62,62,1,0
XTP,D,20171102,000000,59,63,58.85,63,1469,0
XTP,D,20171103,000000,59.9,62.9,59.16,62.9,428,0
XTP,D,20171106,000000,62.89,62.89,62.89,62.89,1,0
XTP,D,20171107,000000,59.15,61.88,59.15,61.88,277,0
XTP,D,20171108,000000,58.9,62.59,58.9,61.48,993,0
XTP,D,20171109,000000,59.59,59.99,59.59,59.6,228,0
XTP,D,20171110,000000,59.1,59.49,56.4,57.37,1562,0
XTP,D,20171113,000000,56,60.88,56,60.5,1505,0
XTP,D,20171114,000000,60,60,60,60,222,0
XTP,D,20171115,000000,59,59.99,59,59.99,92,0
XTP,D,20171116,000000,57.5,57.5,57.5,57.5,200,0
XTP,D,20171117,000000,57,57.5,47,56.8,441,0
XTP,D,20171120,000000,56.8,56.8,56,56,276,0
XTP,D,20171121,000000,53.5,55,52.8,53,1060,0
XTP,D,20171122,000000,54.2,54.8,52.85,53,317,0
XTP,D,20171123,000000,54.4,62.55,54.4,59.99,1101,0
XTP,D,20171124,000000,59.9,62,56.52,62,477,0
XTP,D,20171127,000000,56.6,60,56.6,60,105,0
XTP,D,20171128,000000,58,61,58,61,228,0
XTP,D,20171129,000000,62.5,62.5,62,62,82,0
XTP,D,20171130,000000,62,62,57.57,62,23,0
XTP,D,20171201,000000,61,61,61,61,5,0
XTP,D,20171204,000000,61,61.23,57.57,57.57,35,0
XTP,D,20171205,000000,61.23,61.23,61.23,61.23,2,0
XTP,D,20171206,000000,58.03,60.85,58.03,60.85,30,0
XTP,D,20171207,000000,58.5,60.85,58.5,60.85,192,0
XTP,D,20171208,000000,60.85,61.23,60.85,61.23,65,0
XTP,D,20171211,000000,61.23,61.23,61.23,61.23,1,0
XTP,D,20171212,000000,58.03,61.23,58,61.23,245,0
XTP,D,20171213,000000,61.23,61.23,58.3,58.3,124,0
XTP,D,20171214,000000,61.19,62,59,61.3,520,0
XTP,D,20171215,000000,61.9,63,60,60,486,0
XTP,D,20171218,000000,60,60,59.4,60,124,0
XTP,D,20171219,000000,60,61.5,59.4,61.5,139,0
XTP,D,20171220,000000,61.5,64,61.5,64,13,0
XTP,D,20171222,000000,63,63,61,62.8,10218,0
XTP,D,20171227,000000,60,62.5,60,60.15,49,0
XTP,D,20171228,000000,60.5,64.2,60.5,64,99,0
XTP,D,20171229,000000,63.1,63.1,62,63.1,246,0
XTP,D,20180103,000000,60.6,64,60.6,63,81,0
XTP,D,20180104,000000,61.5,63.8,61.5,63.8,173,0
XTP,D,20180105,000000,63,66,63,66,1115,0
XTP,D,20180108,000000,66,68,63.7,68,220,0
XTP,D,20180109,000000,67.9,67.9,65.4,66,516,0
XTP,D,20180110,000000,65.8,65.8,64.01,64.01,542,0
XTP,D,20180111,000000,65.5,68,65,65,2850,0
XTP,D,20180112,000000,66,67,66,67,519,0
XTP,D,20180115,000000,69.4,69.8,66,69,1937,0
XTP,D,20180116,000000,68.99,68.99,67.55,68,347,0
XTP,D,20180117,000000,68.4,68.4,66.65,66.65,254,0
XTP,D,20180118,000000,66.7,67.4,66.2,67.4,396,0
XTP,D,20180119,000000,68.7,68.7,65,68.1,457,0
XTP,D,20180122,000000,67.95,67.95,67.95,67.95,30,0
XTP,D,20180123,000000,65,72,65,68.8,1666,0
XTP,D,20180124,000000,68.4,68.4,68,68,133,0
XTP,D,20180125,000000,67,67,67,67,60,0
XTP,D,20180126,000000,68,69.8,68,68,259,0
XTP,D,20180129,000000,68,68.8,68,68.8,265,0
XTP,D,20180130,000000,67.6,67.6,66,66,150,0
XTP,D,20180131,000000,66.2,66.8,65,65.2,149,0
XTP,D,20180201,000000,67.8,68,65.6,65.6,79,0
XTP,D,20180202,000000,66.2,66.2,66.2,66.2,75,0
XTP,D,20180205,000000,66,66,65,65,155,0
XTP,D,20180206,000000,65,66,60,62.8,775,0
XTP,D,20180207,000000,60.4,66,60.4,62,201,0
XTP,D,20180208,000000,60.4,63,60.4,63,213,0
XTP,D,20180209,000000,63.6,63.6,61,63.6,39,0
XTP,D,20180212,000000,64,68.6,64,67,682,0
XTP,D,20180213,000000,68,72.6,67,71,4983,0
XTP,D,20180214,000000,73,73.6,71,73.4,2787,0
XTP,D,20180215,000000,73.8,85,73.6,78,5941,0
XTP,D,20180216,000000,79,82.4,78,79,7318,0
XTP,D,20180219,000000,83,83,80,80.8,1730,0
XTP,D,20180220,000000,79.8,81.8,79.8,81,508,0
XTP,D,20180221,000000,81.2,82.4,80,80,391,0
XTP,D,20180222,000000,80,80,78.2,78.2,1035,0
XTP,D,20180223,000000,80,81.6,78.6,80,275,0
XTP,D,20180226,000000,81,81.6,80.8,80.8,419,0
XTP,D,20180227,000000,81,81,78.4,79,595,0
XTP,D,20180228,000000,78.6,78.6,77.2,77.2,4016,0
XTP,D,20180301,000000,77.2,78,77.2,77.8,311,0
XTP,D,20180302,000000,77.8,77.8,76,77.8,178,0
XTP,D,20180305,000000,77.4,77.4,77.4,77.4,34,0
XTP,D,20180306,000000,76,79.6,74.6,75,661,0
XTP,D,20180307,000000,75,79,75,77.8,462,0
XTP,D,20180308,000000,77,77.4,76,76,106,0
XTP,D,20180309,000000,77,77,75,77,374,0
XTP,D,20180312,000000,75.2,76.6,74,74,1108,0
XTP,D,20180313,000000,73.4,74,73,73,439,0
XTP,D,20180314,000000,72.2,79.6,72.2,76.8,97,0
XTP,D,20180315,000000,77,77,70.4,72.6,387,0
XTP,D,20180316,000000,74.8,80.2,74.8,76.2,1239,0
XTP,D,20180319,000000,79.6,79.6,75,77,519,0
XTP,D,20180320,000000,78,79,76.4,76.4,794,0
XTP,D,20180321,000000,76.2,76.2,75.6,76,331,0
XTP,D,20180322,000000,77.2,77.2,75.2,75.2,135,0
XTP,D,20180323,000000,75,76.6,73,76.6,350,0
XTP,D,20180326,000000,76.6,77.8,73.6,76.4,846,0
XTP,D,20180327,000000,76.4,76.4,75,76.2,45,0
XTP,D,20180328,000000,75.2,77,74.6,77,124,0
XTP,D,20180329,000000,74.6,76,72.8,76,314,0
XTP,D,20180403,000000,75,75,74.6,75,731,0
XTP,D,20180404,000000,74,76,73.6,76,365,0
XTP,D,20180405,000000,76,76.8,75,76,478,0
XTP,D,20180406,000000,78,78.8,77,77.8,1325,0
XTP,D,20180409,000000,78,82,78,80,1079,0
XTP,D,20180410,000000,80,80.4,80,80.4,2051,0
XTP,D,20180411,000000,80.4,81,80,80,405,0
XTP,D,20180412,000000,81,81,78,79.8,1685,0
XTP,D,20180413,000000,79.8,80,79.8,80,75,0
XTP,D,20180416,000000,79.8,79.8,78.4,79.4,105,0
XTP,D,20180417,000000,79.6,79.6,78,79.4,1183,0
XTP,D,20180418,000000,79,81.6,78,79.6,351,0
XTP,D,20180419,000000,78.2,78.2,78.2,78.2,130,0
XTP,D,20180420,000000,79,79,78.2,78.2,70,0
XTP,D,20180423,000000,78.4,78.4,75,75,947,0
XTP,D,20180424,000000,76,76,71,76,972,0
XTP,D,20180425,000000,75.6,79.4,72,72,938,0
XTP,D,20180426,000000,72.2,74,61,68.2,1281,0
XTP,D,20180427,000000,69,71,66,70.4,702,0
XTP,D,20180430,000000,69,70.4,65,67.8,1102,0
XTP,D,20180502,000000,67.8,74,63.6,74,433,0
XTP,D,20180504,000000,71,72.8,71,72.8,51,0
XTP,D,20180507,000000,73,73.6,69,72.6,587,0
XTP,D,20180508,000000,67.2,72.4,67,68,206,0
XTP,D,20180509,000000,71,71,68,69.6,155,0
XTP,D,20180510,000000,70,73,68,68,607,0
XTP,D,20180511,000000,70,71,66,67.2,703,0
XTP,D,20180514,000000,67,68,62.6,65.8,1085,0
XTP,D,20180515,000000,67.8,67.8,62,65.8,900,0
XTP,D,20180516,000000,66.6,68.8,65.8,65.8,474,0
XTP,D,20180517,000000,66.2,66.2,63.4,63.4,83,0
XTP,D,20180518,000000,65,67,63,67,366,0
XTP,D,20180521,000000,66,66,63.4,64.6,215,0
XTP,D,20180522,000000,63.4,63.6,63.4,63.4,165,0
XTP,D,20180523,000000,63.6,65.2,63.4,65.2,61,0
XTP,D,20180524,000000,65.2,66,64.2,64.8,430,0
XTP,D,20180525,000000,66,66,61.6,64.6,415,0
XTP,D,20180528,000000,63,64.6,62.6,64.6,1920,0
XTP,D,20180529,000000,63,63.8,61.4,62,728,0
XTP,D,20180530,000000,62,63,62,63,578,0
XTP,D,20180601,000000,63,72,62,68.8,2412,0
XTP,D,20180604,000000,70,72,69.8,70.2,620,0
XTP,D,20180605,000000,70,70.2,70,70.2,335,0
XTP,D,20180606,000000,70,70.2,70,70.2,340,0
XTP,D,20180607,000000,70,72,68,69,1138,0
XTP,D,20180608,000000,70,72,70,72,1526,0
XTP,D,20180611,000000,74,74,70,73.8,1162,0
XTP,D,20180612,000000,74,85.2,74,83,3412,0
XTP,D,20180613,000000,82.2,82.2,78.8,81.6,949,0
XTP,D,20180614,000000,85,87,83,86.8,4780,0
XTP,D,20180615,000000,86.8,91,86.8,90.8,6359,0
XTP,D,20180618,000000,90.6,90.6,88,90.4,125,0
XTP,D,20180619,000000,92,96.8,92,95,7149,0
XTP,D,20180620,000000,96,97,93.2,94,490,0
XTP,D,20180621,000000,94,95.8,92,92,2045,0
XTP,D,20180622,000000,92,95.8,87.2,93.8,739,0
XTP,D,20180625,000000,95.4,96.8,93,93.2,618,0
XTP,D,20180626,000000,96,96,78,90,2010,0
XTP,D,20180627,000000,92,96.8,90,94,615,0
XTP,D,20180628,000000,93,94.8,90,93.8,280,0
XTP,D,20180629,000000,92.2,93.8,91.4,93.8,1453,0
XTP,D,20180702,000000,92.4,93,89.2,92.8,589,0
XTP,D,20180703,000000,92.8,95,89.2,93,531,0
XTP,D,20180704,000000,93,94.8,91,94,331,0
XTP,D,20180705,000000,92,93.6,90.2,93.6,675,0
XTP,D,20180706,000000,92,94.6,91,94.6,424,0
XTP,D,20180709,000000,94.8,95,92.6,92.6,101,0
XTP,D,20180710,000000,94.2,94.2,93.2,93.2,88,0
XTP,D,20180711,000000,94,94,93,93.2,666,0
XTP,D,20180712,000000,93,93.6,93,93.6,116,0
XTP,D,20180713,000000,93,93.2,93,93,233,0
XTP,D,20180716,000000,93,98.8,93,93,1345,0
XTP,D,20180717,000000,95,95,93,93,100,0
XTP,D,20180718,000000,94,94,93,93,310,0
XTP,D,20180719,000000,94,94.8,94,94,204,0
XTP,D,20180720,000000,94,94,92,93.6,353,0
XTP,D,20180723,000000,94,94,90,90,388,0
XTP,D,20180724,000000,91,92.6,91,92,119,0
XTP,D,20180725,000000,92,94.2,92,94,2149,0
XTP,D,20180726,000000,94,94.4,93,94.4,326,0
XTP,D,20180727,000000,94,94,92.8,94,273,0
XTP,D,20180730,000000,94.6,95,94,94.6,924,0
XTP,D,20180731,000000,95,95,94.6,94.8,313,0
XTP,D,20180801,000000,95,108,95,103.5,1019,0
XTP,D,20180802,000000,105,126,103.5,125,5483,0
XTP,D,20180803,000000,128,160,128,149,8763,0
XTP,D,20180806,000000,149,180,149,165,7762,0
XTP,D,20180807,000000,163,164,147,147,1922,0
XTP,D,20180808,000000,152,152,120,120,8039,0
XTP,D,20180809,000000,125,137,116,135,2898,0
XTP,D,20180810,000000,135.5,148,131.5,140,2712,0
XTP,D,20180813,000000,138,146,136,140,664,0
XTP,D,20180814,000000,140,168,140,168,1830,0
XTP,D,20180816,000000,170,183.5,169,169,2075,0
XTP,D,20180817,000000,173.5,173.5,156.5,166,876,0
XTP,D,20180820,000000,166,166,159,159,239,0
XTP,D,20180821,000000,158,166,150.5,161.5,528,0
XTP,D,20180822,000000,159,159,147,158,577,0
XTP,D,20180823,000000,157,157,146,150,305,0
XTP,D,20180824,000000,146.5,166,146.5,165,180,0
XTP,D,20180827,000000,160,175,160,168,1063,0
XTP,D,20180828,000000,162,172,160,167,679,0
XTP,D,20180829,000000,162,163.5,150,158,837,0
XTP,D,20180830,000000,162.5,165,153,154,469,0
XTP,D,20180831,000000,156.5,160,152,159,1030,0
XTP,D,20180903,000000,151,159,140,157,1304,0
XTP,D,20180904,000000,150,151,134,135.5,1551,0
XTP,D,20180905,000000,133.5,139,125,128,1685,0
XTP,D,20180906,000000,121,134.5,120,134,1487,0
XTP,D,20180907,000000,126,131.5,123,128,593,0
XTP,D,20180910,000000,127.5,131.5,123,131.5,376,0
XTP,D,20180911,000000,133,133,123,129,470,0
XTP,D,20180912,000000,129,131,129,129,56,0
XTP,D,20180913,000000,135,145,134.5,145,1021,0
XTP,D,20180914,000000,141,145,135,144.5,867,0
XTP,D,20180917,000000,145,146,135.5,146,868,0
XTP,D,20180918,000000,146,148,140,146,840,0
XTP,D,20180919,000000,148,148,142.5,146,685,0
XTP,D,20180920,000000,146,156,145,153,315,0
XTP,D,20180921,000000,156,156,143,143,598,0
XTP,D,20180924,000000,142.5,150,141,146.5,820,0
XTP,D,20180925,000000,141,146,140,146,673,0
XTP,D,20180926,000000,141,145,141,145,51,0
XTP,D,20180927,000000,140.5,145,140,145,245,0
XTP,D,20180928,000000,145,160,145,155,8161,0
XTP,D,20181001,000000,155,155,149.5,155,286,0
XTP,D,20181002,000000,150,153,145,153,20,0
XTP,D,20181003,000000,148,159.5,148,159.5,257,0
XTP,D,20181004,000000,157,158.5,153.5,158.5,88,0
XTP,D,20181005,000000,157,159,151,154,152,0
XTP,D,20181008,000000,146,156,146,154,62,0
XTP,D,20181009,000000,154.5,154.5,150,152,50,0
XTP,D,20181010,000000,153,154,141,148,187,0
XTP,D,20181011,000000,140.5,148,140,144,98,0
XTP,D,20181012,000000,141,146,141,146,164,0
XTP,D,20181015,000000,148,151.5,142,148,217,0
XTP,D,20181016,000000,143,147.5,143,147.5,83,0
XTP,D,20181017,000000,144,146,140.5,146,259,0
XTP,D,20181018,000000,142,145,131.5,136,454,0
XTP,D,20181019,000000,139,143.5,134.5,143.5,355,0
XTP,D,20181022,000000,133.5,140,130,130,826,0
XTP,D,20181023,000000,130,140,130,138,186,0
XTP,D,20181024,000000,138,147,138,143,500,0
XTP,D,20181025,000000,133,141,128,141,485,0
XTP,D,20181026,000000,134,136.5,130.5,130.5,939,0
XTP,D,20181029,000000,130.5,132.5,124,126,1463,0
XTP,D,20181030,000000,132,133,125.5,125.5,213,0
XTP,D,20181031,000000,126,132,126,130,505,0
XTP,D,20181102,000000,132.5,138.5,132.5,134,202,0
XTP,D,20181105,000000,135,140,135,137,417,0
XTP,D,20181106,000000,140,140,140,140,51,0
XTP,D,20181107,000000,136,137,132,135,295,0
XTP,D,20181108,000000,132,133,129,130,193,0
XTP,D,20181109,000000,128,130,124,128,215,0
XTP,D,20181113,000000,123.5,128,110,128,369,0
XTP,D,20181114,000000,121,127.5,114,123,1004,0
XTP,D,20181115,000000,123,129.5,123,128,420,0
XTP,D,20181116,000000,127.5,135,125,131,258,0
XTP,D,20181119,000000,130,130,130,130,23,0
XTP,D,20181120,000000,124,129,121,129,116,0
XTP,D,20181121,000000,126,126,118.5,120,253,0
XTP,D,20181122,000000,120,125,120,124,440,0
XTP,D,20181123,000000,124,139,124,136.5,1075,0
XTP,D,20181126,000000,136.5,156,136.5,148.5,1114,0
XTP,D,20181127,000000,153,153,134,136,830,0
XTP,D,20181128,000000,136,147,136,145.5,174,0
XTP,D,20181129,000000,143,144.5,135,140,406,0
XTP,D,20181130,000000,141,144.5,135,143.5,186,0
XTP,D,20181203,000000,145,149,138,138,217,0
XTP,D,20181204,000000,140,145,139,139,187,0
XTP,D,20181205,000000,144,150,139,149.5,630,0
XTP,D,20181206,000000,150,154,145,150,165,0
XTP,D,20181207,000000,149.5,157.5,149.5,151.5,275,0
XTP,D,20181210,000000,149,168,148,167.5,862,0
XTP,D,20181211,000000,167.5,176.5,161,170,411,0
XTP,D,20181212,000000,169,172,164,170,211,0
XTP,D,20181213,000000,168,169,162,169,196,0
XTP,D,20181214,000000,166.5,169,165,169,142,0
XTP,D,20181217,000000,169,182,169,177,423,0
XTP,D,20181218,000000,174,178,170,173,561,0
XTP,D,20181219,000000,172,172.5,169,172,246,0
XTP,D,20181220,000000,173,173,167,171,149,0
XTP,D,20181221,000000,176,176,163,167,289,0
XTP,D,20181227,000000,167,167,158,162.5,195,0
XTP,D,20181228,000000,166.5,173.5,165,165,387,0
XTP,D,20190102,000000,165,165,155,163,30,0
XTP,D,20190103,000000,154,160,153,154,226,0
XTP,D,20190104,000000,155,159,152,159,189,0
XTP,D,20190107,000000,155,158,153,155,71,0
XTP,D,20190108,000000,154,159,153,159,64,0
XTP,D,20190109,000000,155,158,152,158,362,0
XTP,D,20190110,000000,159,172,157,167,316,0
XTP,D,20190111,000000,165,167,160,164,117,0
XTP,D,20190114,000000,161,169,159,164,281,0
XTP,D,20190115,000000,161,162,159,159.5,294,0
XTP,D,20190116,000000,159,167,159,167,420,0
XTP,D,20190117,000000,164,179,164,175,524,0
XTP,D,20190118,000000,173,194,171,184.5,1909,0
XTP,D,20190121,000000,183,184,179.5,184,302,0
XTP,D,20190122,000000,183,183,175,181.5,353,0
XTP,D,20190123,000000,179,183,176,181.5,960,0
XTP,D,20190124,000000,180,188,180,188,401,0
XTP,D,20190125,000000,188,188,180,184,154,0
XTP,D,20190128,000000,193,215,193,200,4940,0
XTP,D,20190129,000000,190,200,190,196,556,0
XTP,D,20190130,000000,195,196,185,185.5,1352,0
XTP,D,20190131,000000,185.5,195,185.5,194,384,0
XTP,D,20190201,000000,190,194,186,194,413,0
XTP,D,20190204,000000,193,202,189,189.5,610,0
XTP,D,20190205,000000,188.5,194,184.5,194,627,0
XTP,D,20190206,000000,197,197,189,194,184,0
XTP,D,20190207,000000,194,195,190,194.5,360,0
XTP,D,20190208,000000,190,193,187,187,830,0
XTP,D,20190211,000000,187,187,180,186,406,0
XTP,D,20190212,000000,183,192.5,182,189,728,0
XTP,D,20190213,000000,189,190,182.5,187,1118,0
XTP,D,20190214,000000,188,188,170,184.5,970,0
XTP,D,20190215,000000,186,206,186,195.5,1624,0
XTP,D,20190218,000000,200,217,200,216,5461,0
XTP,D,20190219,000000,218,234,218,233,4196,0
XTP,D,20190220,000000,232,232,214,215,2110,0
XTP,D,20190221,000000,214,214,193,205,3274,0
XTP,D,20190222,000000,200,202,199,200,319,0
XTP,D,20190225,000000,202,202,188.5,194.5,1951,0
XTP,D,20190226,000000,192.5,192.5,182,187,1002,0
XTP,D,20190227,000000,185,186,182.5,185,1295,0
XTP,D,20190228,000000,185,185,175,175.5,3274,0
XTP,D,20190301,000000,170,176,166.5,173.5,1577,0
XTP,D,20190304,000000,167,187,167,182,1831,0
XTP,D,20190305,000000,184,184,178,180,830,0
XTP,D,20190306,000000,181.5,186.5,179,184,775,0
XTP,D,20190307,000000,184,184,172,180,819,0
XTP,D,20190308,000000,182,182,175,182,436,0
XTP,D,20190311,000000,184,184,178,178.5,312,0
XTP,D,20190312,000000,181,181,177,180,237,0
XTP,D,20190313,000000,180,180,177,180,93,0
XTP,D,20190314,000000,177,179,167,168.5,1672,0
XTP,D,20190315,000000,168.5,172.5,159.5,172.5,1590,0
XTP,D,20190318,000000,173.5,174,157.5,161,2924,0
XTP,D,20190319,000000,161,165,156,158,1411,0
XTP,D,20190320,000000,164,164,150,161,2255,0
XTP,D,20190321,000000,161,164.5,158,164.5,414,0
XTP,D,20190322,000000,164.5,166.5,160,166.5,398,0
XTP,D,20190325,000000,162.5,163,156.5,156.5,297,0
XTP,D,20190326,000000,156,160,152,160,1093,0
XTP,D,20190327,000000,160,166,157,162,373,0
XTP,D,20190328,000000,162.5,162.5,155,161,386,0
XTP,D,20190329,000000,160,160.5,145,157,3392,0
XTP,D,20190401,000000,160,167,160,166,856,0
XTP,D,20190402,000000,168,175,168,175,975,0
XTP,D,20190403,000000,176,180,175,179.5,938,0
XTP,D,20190404,000000,180,182,174,177,509,0
XTP,D,20190405,000000,177,179,167,177,2166,0
XTP,D,20190408,000000,177,179,173,179,251,0
XTP,D,20190409,000000,179,179,168,168.5,801,0
XTP,D,20190410,000000,168,174,163.5,165,472,0
XTP,D,20190411,000000,165,169.5,162,169.5,524,0
XTP,D,20190412,000000,170,170,165,168,459,0
XTP,D,20190415,000000,168,168,163,167.5,366,0
XTP,D,20190416,000000,168,179.5,166,175,1047,0
XTP,D,20190417,000000,178.5,178.5,170.5,175.5,94,0
XTP,D,20190418,000000,175,177,170,174.5,199,0
XTP,D,20190423,000000,172,173,168.5,170.5,99,0
XTP,D,20190424,000000,168.5,168.5,161,167.5,693,0
XTP,D,20190425,000000,165,167.5,159,162,639,0
XTP,D,20190426,000000,163,167,163,167,32,0
XTP,D,20190429,000000,164,166,162,166,128,0
XTP,D,20190430,000000,164,165,160,165,311,0
XTP,D,20190502,000000,165,169.5,163,169.5,344,0
XTP,D,20190506,000000,164.5,167.5,155,160,1542,0
XTP,D,20190507,000000,158,158,148.5,149,2090,0
XTP,D,20190508,000000,149,155,137,150,2400,0
XTP,D,20190509,000000,149.5,149.5,145,149,230,0
XTP,D,20190510,000000,149,153,146,153,170,0
XTP,D,20190513,000000,152.5,152.5,146.5,147,967,0
XTP,D,20190514,000000,148.5,153,147,149.5,806,0
XTP,D,20190515,000000,150,154,148.5,148.5,564,0
XTP,D,20190516,000000,151,153.5,148,151,463,0
XTP,D,20190517,000000,152,152,148,152,471,0
XTP,D,20190520,000000,152,152,147,148,333,0
XTP,D,20190521,000000,147.5,148,146.5,148,256,0
XTP,D,20190522,000000,148,148,140.5,143.5,1104,0
XTP,D,20190523,000000,139,143.5,132.5,138,1110,0
XTP,D,20190524,000000,141.5,141.5,140,140,174,0
XTP,D,20190527,000000,140,140,127,127.5,2777,0
XTP,D,20190528,000000,130,140,120,135,4290,0
XTP,D,20190529,000000,138.5,140,135,138.5,171,0
XTP,D,20190530,000000,140,144,139,144,344,0
XTP,D,20190531,000000,143,143,138.5,141,165,0
XTP,D,20190603,000000,141.5,141.5,137,140,236,0
XTP,D,20190604,000000,141,142,138.5,138.5,141,0
XTP,D,20190605,000000,139,141.5,139,139.5,348,0
XTP,D,20190606,000000,140.5,154,140.5,152.5,923,0
XTP,D,20190607,000000,154,157,153,156.5,442,0
XTP,D,20190610,000000,157,157,146,146.5,411,0
XTP,D,20190611,000000,151,151,146,150.5,128,0
XTP,D,20190612,000000,150,155.5,147,152.5,252,0
XTP,D,20190613,000000,152.5,153,140.5,153,654,0
XTP,D,20190614,000000,150,150,141,150,369,0
XTP,D,20190617,000000,145,149,145,149,34,0
XTP,D,20190618,000000,150,150,144,144,88,0
XTP,D,20190619,000000,147.5,151,145,151,63,0
XTP,D,20190621,000000,146.5,150.5,146,150.5,238,0
XTP,D,20190624,000000,149,149,144.5,144.5,461,0
XTP,D,20190625,000000,143.5,148.5,143,145,81,0
XTP,D,20190626,000000,145,146,143,146,107,0
XTP,D,20190627,000000,145,150,145,150,196,0
XTP,D,20190628,000000,150.00,152.00,147.00,147.00,149,0
XTP,D,20190701,000000,147,149.5,146,149,192,0
XTP,D,20190702,000000,146,151,146,149,787,0
XTP,D,20190703,000000,150.5,150.5,146,149.5,208,0
XTP,D,20190704,000000,150.5,151,146,148,75,0
XTP,D,20190705,000000,146,152.5,146,152.5,841,0
XTP,D,20190708,000000,148,149,145.5,148,382,0
XTP,D,20190709,000000,148,148,143,144,158,0
XTP,D,20190710,000000,144,144,135.5,140,417,0
XTP,D,20190711,000000,142,144,141,143,104,0
XTP,D,20190712,000000,143,149,142,149,198,0
XTP,D,20190715,000000,145,149,140,140,242,0
XTP,D,20190716,000000,141,141.5,140,141,533,0
XTP,D,20190717,000000,141.5,146,139.5,146,178,0
XTP,D,20190718,000000,146,146,141,141,135,0
XTP,D,20190719,000000,140,148,140,148,164,0
XTP,D,20190722,000000,148,149,145,149,194,0
XTP,D,20190723,000000,148,148,144.5,146,35,0
XTP,D,20190724,000000,146.5,148,144,144,106,0
XTP,D,20190725,000000,144,144,140.5,140.5,369,0
XTP,D,20190726,000000,141,143,135,142.5,370,0
XTP,D,20190729,000000,143,145.5,138,138,498,0
XTP,D,20190730,000000,144,144,135,135.5,546,0
XTP,D,20190731,000000,140,140,135,140,13,0
XTP,D,20190801,000000,135.5,140,134,138,364,0
XTP,D,20190802,000000,135,136,132.5,136,115,0
XTP,D,20190805,000000,132.5,134.5,129,133,637,0
XTP,D,20190806,000000,130,136,130,132,265,0
XTP,D,20190807,000000,132,132,128,130,380,0
XTP,D,20190808,000000,127,130,126,130,174,0
XTP,D,20190809,000000,131.5,131.5,130,130,64,0
XTP,D,20190812,000000,132,132,128,129,311,0
XTP,D,20190813,000000,130,130,128,128.5,318,0
XTP,D,20190814,000000,128.5,129,124,129,364,0
XTP,D,20190816,000000,128,128,120,126,764,0
XTP,D,20190819,000000,126,126,122,126,73,0
XTP,D,20190820,000000,125.5,134.5,125.5,134.5,781,0
XTP,D,20190821,000000,129,140,128,135,1106,0
XTP,D,20190822,000000,137.5,137.5,135,135,11,0
XTP,D,20190823,000000,135,135,135,135,2,0
XTP,D,20190826,000000,130,137.5,130,130,757,0
XTP,D,20190827,000000,130,134,130,134,25,0
XTP,D,20190828,000000,128,128.5,127,127,192,0
XTP,D,20190829,000000,128,128,120.5,124.5,483,0
XTP,D,20190830,000000,124,129,121,129,669,0
XTP,D,20190902,000000,128,128,115.5,119.5,431,0
XTP,D,20190903,000000,125,125,124,124,419,0
XTP,D,20190904,000000,124,127.5,122,124,149,0
XTP,D,20190905,000000,124,128,120,125,800,0
XTP,D,20190906,000000,122,127.5,121,127,343,0
XTP,D,20190909,000000,123,126,121,124.5,491,0
XTP,D,20190910,000000,124.5,125,122,125,288,0
XTP,D,20190911,000000,125,125.5,120.5,124.5,299,0
XTP,D,20190912,000000,121.5,121.5,121,121.5,83,0
XTP,D,20190913,000000,121.5,123,121,123,222,0
XTP,D,20190916,000000,121,121,119.5,121,308,0
XTP,D,20190917,000000,120,120,119,120,291,0
XTP,D,20190918,000000,119.5,120,118,119,444,0
XTP,D,20190919,000000,118.5,123,118,123,216,0
XTP,D,20190920,000000,122.5,122.5,119,120,405,0
XTP,D,20190923,000000,120,122,119,122,480,0
XTP,D,20190924,000000,121,121,120,120,215,0
XTP,D,20190925,000000,120,120,118,118,343,0
XTP,D,20190926,000000,118,119,118,119,78,0
XTP,D,20190927,000000,117,118.5,117,118,213,0
XTP,D,20190930,000000,117.5,118,108,118,1867,0
XTP,D,20191001,000000,107.5,113,104,107.5,1995,0
XTP,D,20191002,000000,107.5,107.5,92,100,2789,0
XTP,D,20191003,000000,100,110,100,110,651,0
XTP,D,20191004,000000,110,115,102.5,115,599,0
XTP,D,20191007,000000,113.5,114,110.5,114,268,0
XTP,D,20191008,000000,114,114,104.5,104.5,407,0
XTP,D,20191009,000000,110,110,100,106,692,0
XTP,D,20191010,000000,106,109,101,101.5,871,0
XTP,D,20191011,000000,101,109.5,101,109.5,730,0
XTP,D,20191014,000000,109.5,113,109.5,110,322,0
XTP,D,20191015,000000,106,111.5,105,111.5,214,0
XTP,D,20191016,000000,111.5,121.5,110.5,121.5,709,0
XTP,D,20191017,000000,123,124.5,109.5,109.5,869,0
XTP,D,20191018,000000,109.5,115.5,106.5,112,417,0
XTP,D,20191021,000000,110,113,109,109,371,0
XTP,D,20191022,000000,110,110,105,109.5,912,0
XTP,D,20191023,000000,110,110,102.5,108.5,989,0
XTP,D,20191024,000000,109.5,113.5,106,106,466,0
XTP,D,20191025,000000,113,113,105,109.5,1080,0
XTP,D,20191028,000000,109.5,110,105,105.5,398,0
XTP,D,20191029,000000,109,111,106,106.5,790,0
XTP,D,20191030,000000,109,109,102,107,690,0
XTP,D,20191031,000000,107,108,105,105,390,0
XTP,D,20191104,000000,107,108.5,102,105,959,0
XTP,D,20191105,000000,106,106,100,102,1113,0
XTP,D,20191106,000000,102.5,103.5,99,101,630,0
XTP,D,20191107,000000,101,101,97,99.4,926,0
XTP,D,20191108,000000,99.4,99.4,96,97,538,0
XTP,D,20191112,000000,97,128.5,95,128.5,2560,0
XTP,D,20191113,000000,136,139,115,115,7600,0
XTP,D,20191114,000000,115,122,115,116.5,1192,0
XTP,D,20191115,000000,121.5,121.5,117,121,371,0
XTP,D,20191118,000000,121,121,113,118,1173,0
XTP,D,20191119,000000,121.5,121.5,114.5,116,1127,0
XTP,D,20191120,000000,115,118,112,117,387,0
XTP,D,20191121,000000,121,121,119,120.5,530,0
XTP,D,20191122,000000,121,133,120,121.5,4139,0
XTP,D,20191125,000000,121,121,115,118,486,0
XTP,D,20191126,000000,118,118.5,116,117.5,234,0
XTP,D,20191127,000000,114,117.5,114,115,177,0
XTP,D,20191128,000000,114.5,116,109.5,112,1438,0
XTP,D,20191129,000000,111,112,108,110,519,0
XTP,D,20191202,000000,110,110,102.5,106,3167,0
XTP,D,20191203,000000,109.5,109.5,104,108,825,0
XTP,D,20191204,000000,108,112,106,108,537,0
XTP,D,20191205,000000,107.5,107.5,102.5,106.5,571,0
XTP,D,20191206,000000,104.5,109,101,108,917,0
XTP,D,20191209,000000,108,109,105,108.5,228,0
XTP,D,20191210,000000,109.5,110.5,105.5,107,406,0
XTP,D,20191211,000000,108.5,109.5,105,107,206,0
XTP,D,20191212,000000,109.5,112,107,107,1022,0
XTP,D,20191213,000000,107,111,107,111,249,0
XTP,D,20191216,000000,111.5,114.5,109,109,985,0
XTP,D,20191217,000000,109,113,109,112,459,0
XTP,D,20191218,000000,112,114.5,111,114,650,0
XTP,D,20191219,000000,114,120,113.5,120,2248,0
XTP,D,20191220,000000,120.5,125.5,120.5,121.5,852,0
XTP,D,20191223,000000,121,125.5,120.5,125,2212,0
XTP,D,20191227,000000,124,127.5,124,126.5,659,0
XTP,D,20191230,000000,125,127.5,124,124,884,0
XTP,D,20200102,000000,120,123.5,119,120,1696,0
XTP,D,20200103,000000,120,120.5,118.5,119.5,1305,0
XTP,D,20200107,000000,119.5,119.5,110,119.5,1161,0
XTP,D,20200108,000000,118,118,113.5,114,555,0
XTP,D,20200109,000000,115.5,117,112,116,471,0
XTP,D,20200110,000000,117,118.5,114,117,1456,0
XTP,D,20200113,000000,117,128,115,124.5,3445,0
XTP,D,20200114,000000,124.5,124.5,116.5,122.5,1277,0
XTP,D,20200115,000000,122.5,122.5,117,120,313,0
XTP,D,20200116,000000,120,124,118,123,1476,0
XTP,D,20200117,000000,123.5,123.5,117,123,705,0
XTP,D,20200120,000000,121.5,121.5,118,120,964,0
XTP,D,20200121,000000,122,130,122,123,8141,0
XTP,D,20200122,000000,128,128,125,127,2287,0
XTP,D,20200123,000000,127,127.5,123.5,124,1675,0
XTP,D,20200124,000000,126.5,126.5,118,118,1719,0
XTP,D,20200127,000000,118,118,112.5,116,1510,0
XTP,D,20200128,000000,114,116,113,115,1068,0
XTP,D,20200129,000000,114.5,115,112.5,112.5,866,0
XTP,D,20200130,000000,112.5,113,103.5,109,2335,0
XTP,D,20200131,000000,108,109,106.5,107.5,584,0
XTP,D,20200203,000000,107.5,108,101,102,3019,0
XTP,D,20200204,000000,101.5,103.5,100,100,4253,0
XTP,D,20200205,000000,102,103.5,100,103,2143,0
XTP,D,20200206,000000,105.5,108,105,106.5,1307,0
XTP,D,20200207,000000,108,108,103,103,1056,0
XTP,D,20200210,000000,103,103,95.8,100.5,1956,0
XTP,D,20200211,000000,100,100,95,95.8,2067,0
XTP,D,20200212,000000,96.8,100.5,94,100,1741,0
XTP,D,20200213,000000,100,106,97.2,104.5,960,0
XTP,D,20200214,000000,105.5,107,103.5,105.5,618,0
XTP,D,20200217,000000,105.5,109,100.5,104,1195,0
XTP,D,20200218,000000,104,107,100.5,103,996,0
XTP,D,20200219,000000,105,108.5,101,107.5,1833,0
XTP,D,20200220,000000,107,114.5,107,110.5,2621,0
XTP,D,20200221,000000,110.5,112.5,110.5,112.5,628,0
XTP,D,20200224,000000,113,113,101,101,3401,0
XTP,D,20200225,000000,102,104.5,95.2,102.5,3040,0
XTP,D,20200226,000000,102.5,102.5,94,100,2171,0
XTP,D,20200227,000000,101.5,101.5,88,88,3856,0
XTP,D,20200228,000000,85,92,77,91.2,6959,0
XTP,D,20200302,000000,91.2,100,84,87.2,4175,0
XTP,D,20200303,000000,88.6,90,81,87,3931,0
XTP,D,20200304,000000,86.4,88,81,87,4298,0
XTP,D,20200305,000000,95,95,90.2,92.8,3587,0
XTP,D,20200306,000000,91,91,85,89,2008,0
XTP,D,20200309,000000,82.8,82.8,75.4,76.2,5181,0
XTP,D,20200310,000000,76,80,70.4,72.8,3040,0
XTP,D,20200311,000000,75.8,75.8,65,70,5770,0
XTP,D,20200312,000000,66,66,53.6,53.6,4062,0
XTP,D,20200313,000000,66,72.6,62,70.4,8659,0
XTP,D,20200316,000000,70.4,75,66,73,2740,0
XTP,D,20200317,000000,72.2,78.6,70,74,3590,0
XTP,D,20200318,000000,75,75,69,69.2,1561,0
XTP,D,20200319,000000,70,74.6,70,72.8,2462,0
XTP,D,20200320,000000,75,77,72,74,2291,0
XTP,D,20200323,000000,71.4,71.8,68.2,71.6,933,0
XTP,D,20200324,000000,71.6,74,69.4,71,1679,0
XTP,D,20200325,000000,76.6,80.6,71.8,73,5942,0
XTP,D,20200326,000000,74.4,75.8,72.6,75,1279,0
XTP,D,20200327,000000,77.6,78,72,73,1730,0
XTP,D,20200330,000000,71.2,75,71,73,837,0
XTP,D,20200331,000000,75,79,70.6,72.4,4023,0
XTP,D,20200401,000000,73,75,72,73,1773,0
XTP,D,20200402,000000,75,75,70,72.2,1273,0
XTP,D,20200403,000000,74.8,74.8,70,73.6,1433,0
XTP,D,20200406,000000,70.6,77.6,70.6,77,1813,0
XTP,D,20200407,000000,76.8,78.2,73,77,921,0
XTP,D,20200408,000000,77,77,70.4,75.6,1589,0
XTP,D,20200409,000000,75.8,76.8,72,75,1346,0
XTP,D,20200414,000000,76,77,73,76.2,1921,0
XTP,D,20200415,000000,75,75.4,72.4,73,1963,0
XTP,D,20200416,000000,75,76.6,72.4,76.4,947,0
XTP,D,20200417,000000,79,87,77,87,5337,0
XTP,D,20200420,000000,89.8,98.4,88,91,5555,0
XTP,D,20200421,000000,92,92,83,84,3753,0
XTP,D,20200422,000000,84,96,84,95,2968,0
XTP,D,20200423,000000,95,97,90,90,2332,0
XTP,D,20200424,000000,90,90.2,85,87,2057,0
XTP,D,20200427,000000,85,89.4,83.4,85,1783,0
XTP,D,20200428,000000,87,87,78.4,82.6,4004,0
XTP,D,20200429,000000,82.6,83.6,78.2,82,2839,0
XTP,D,20200430,000000,82,84,80,83,979,0
XTP,D,20200504,000000,84,84,76.8,79,3672,0
XTP,D,20200505,000000,81,83.4,79,80,1025,0
XTP,D,20200506,000000,79,79.4,75,76,3298,0
XTP,D,20200507,000000,76,78.2,75.8,78,1271,0
XTP,D,20200508,000000,78.4,80.2,76,80,1342,0
XTP,D,20200511,000000,81.2,84,80.4,80.8,1327,0
XTP,D,20200512,000000,79.6,82.6,77.4,80.2,1595,0
XTP,D,20200513,000000,79,82,78.6,81.2,976,0
XTP,D,20200514,000000,79.2,83.8,76.4,77,2878,0
XTP,D,20200515,000000,79.2,82,78.8,79.6,1156,0
XTP,D,20200518,000000,81,81.8,79.2,80.8,359,0
XTP,D,20200519,000000,81.2,83,81,82.4,617,0
XTP,D,20200520,000000,83,83,81,82.4,1207,0
XTP,D,20200521,000000,82.4,83.2,80,81.8,637,0
XTP,D,20200522,000000,82.6,82.6,79.6,80.6,423,0
XTP,D,20200525,000000,82.2,82.2,79.4,80.8,207,0
XTP,D,20200526,000000,81.8,81.8,80,81.4,1220,0
XTP,D,20200527,000000,81.4,82.8,79.8,80.2,1291,0
XTP,D,20200528,000000,80.6,81.8,79.6,79.8,2079,0
XTP,D,20200529,000000,80,82,79.8,80.2,276,0
XTP,D,20200601,000000,81.8,81.8,80,81.8,747,0
XTP,D,20200602,000000,81.8,81.8,80,80,901,0
XTP,D,20200603,000000,81.8,82,80,81.8,1308,0
XTP,D,20200604,000000,82,82,77.6,80,1550,0
XTP,D,20200605,000000,80,81.2,76.4,78,1981,0
XTP,D,20200608,000000,78,88,76.6,87.8,5803,0
XTP,D,20200609,000000,88.6,89.2,82.8,84.4,2369,0
XTP,D,20200610,000000,86.4,86.6,82.2,83.2,714,0
XTP,D,20200612,000000,79,84.8,79,84.2,2579,0
XTP,D,20200615,000000,83,86.4,81.8,81.8,2100,0
XTP,D,20200616,000000,82,85.4,81.6,85.2,1423,0
XTP,D,20200617,000000,86.2,86.8,82,85.4,1499,0
XTP,D,20200618,000000,85.4,93.8,83,93,9203,0
XTP,D,20200619,000000,93.2,124,93.2,124,14574,0
XTP,D,20200622,000000,120,124,112.5,118,14484,0
XTP,D,20200623,000000,118,128,114.5,119,7486,0
XTP,D,20200624,000000,121,122,115.5,118,2252,0
XTP,D,20200625,000000,120,120,111,115,1436,0
XTP,D,20200626,000000,115,118,108.5,113,1909,0
XTP,D,20200629,000000,114,114,106,109,2188,0
XTP,D,20200630,000000,105,108,97.6,100,4398,0
XTP,D,20200701,000000,101,106,94.8,105.5,8497,0
XTP,D,20200702,000000,105.5,111.5,100,104.5,9098,0
XTP,D,20200703,000000,107,113,100,103.5,19234,0
XTP,D,20200706,000000,104.5,117,104,115,8456,0
XTP,D,20200707,000000,118.5,120,109,111,12179,0
XTP,D,20200708,000000,113.5,114.5,110,112,2528,0
XTP,D,20200709,000000,114.5,117,110.5,114,2408,0
XTP,D,20200710,000000,114.5,118,109.5,111,1699,0
